   0.0000000000000000        1.7173811102111358E-006   6.8073859438300133E-007  -1.1320084333419800E-002   5.6268836488015950E-006  -1.7173811102111358E-006   0.0000000000000000        4.1495651006698608E-002  -6.3907032199495006E-007  -2.2594577894778922E-003  -6.8073859438300133E-007  -4.1495651006698608E-002   0.0000000000000000        1.1119518603663892E-006   1.6137269703904167E-003   1.1320084333419800E-002   6.3907032199495006E-007  -1.1119518603663892E-006   0.0000000000000000       -1.2083182809874415E-005  -5.6268836488015950E-006   2.2594577894778922E-003  -1.6137269703904167E-003   1.2083182809874415E-005   0.0000000000000000     
   0.0000000000000000       -4.4059856918465812E-007  -7.7890035754535347E-007  -3.1903470866382122E-002  -6.1781611293554306E-006   4.4059856918465812E-007   0.0000000000000000       -2.9100477695465088E-004  -1.0132437182619469E-006  -6.1174703296273947E-004   7.7890035754535347E-007   2.9100477695465088E-004   0.0000000000000000       -1.4032830222276971E-006   5.5246910778805614E-004   3.1903470866382122E-002   1.0132437182619469E-006   1.4032830222276971E-006   0.0000000000000000        5.5479176808148623E-006   6.1781611293554306E-006   6.1174703296273947E-004  -5.5246910778805614E-004  -5.5479176808148623E-006   0.0000000000000000     
   0.0000000000000000        2.8308450055192225E-006   1.4429633665713482E-007   1.9332241266965866E-002  -3.0435476219281554E-006  -2.8308450055192225E-006   0.0000000000000000        1.7832480370998383E-003  -9.3129210654296912E-007  -1.3593815383501351E-003  -1.4429633665713482E-007  -1.7832480370998383E-003   0.0000000000000000        7.2852162702474743E-007   3.4191249869763851E-004  -1.9332241266965866E-002   9.3129210654296912E-007  -7.2852162702474743E-007   0.0000000000000000       -3.3850083127617836E-006   3.0435476219281554E-006   1.3593815383501351E-003  -3.4191249869763851E-004   3.3850083127617836E-006   0.0000000000000000     
   0.0000000000000000        1.1120253020635573E-006  -8.0568042903905734E-007   1.5214407991152257E-002   1.0662479326128960E-006  -1.1120253020635573E-006   0.0000000000000000       -6.4906422048807144E-003  -7.6588389674725477E-007   7.6672525028698146E-004   8.0568042903905734E-007   6.4906422048807144E-003   0.0000000000000000       -7.4719355325214565E-007   1.1164375719090458E-003  -1.5214407991152257E-002   7.6588389674725477E-007   7.4719355325214565E-007   0.0000000000000000        5.2843097364529967E-007  -1.0662479326128960E-006  -7.6672525028698146E-004  -1.1164375719090458E-003  -5.2843097364529967E-007   0.0000000000000000     
   0.0000000000000000       -2.1129187643964542E-006   9.9547378340503201E-008  -3.7609096616506577E-003   1.6715202946215868E-006   2.1129187643964542E-006   0.0000000000000000        1.0769027285277843E-002  -2.0413199308677576E-006  -1.1987460165983066E-003  -9.9547378340503201E-008  -1.0769027285277843E-002   0.0000000000000000       -7.0451278588734567E-007  -7.5472510070540011E-004   3.7609096616506577E-003   2.0413199308677576E-006   7.0451278588734567E-007   0.0000000000000000       -1.0494550224393606E-006  -1.6715202946215868E-006   1.1987460165983066E-003   7.5472510070540011E-004   1.0494550224393606E-006   0.0000000000000000     
   0.0000000000000000       -3.3803212318161968E-007  -4.8124229579116218E-007  -2.5372482370585203E-002   5.1788119890261441E-006   3.3803212318161968E-007   0.0000000000000000        1.7375729046761990E-002  -1.3097674127493519E-006  -1.3406280777417123E-004   4.8124229579116218E-007  -1.7375729046761990E-002   0.0000000000000000       -1.1290921975160018E-007   1.5561876352876425E-004   2.5372482370585203E-002   1.3097674127493519E-006   1.1290921975160018E-007   0.0000000000000000       -5.3926924010738730E-006  -5.1788119890261441E-006   1.3406280777417123E-004  -1.5561876352876425E-004   5.3926924010738730E-006   0.0000000000000000     
   0.0000000000000000        1.5258412986440817E-006  -1.0692801879486069E-006   5.3598061203956604E-003   7.0586902438662946E-006  -1.5258412986440817E-006   0.0000000000000000       -5.7296904269605875E-003  -9.6620578915462829E-007   5.5809057084843516E-004   1.0692801879486069E-006   5.7296904269605875E-003   0.0000000000000000       -1.2249888641235884E-006   1.6251890920102596E-003  -5.3598061203956604E-003   9.6620578915462829E-007   1.2249888641235884E-006   0.0000000000000000       -8.3412887761369348E-006  -7.0586902438662946E-006  -5.5809057084843516E-004  -1.6251890920102596E-003   8.3412887761369348E-006   0.0000000000000000     
   0.0000000000000000       -2.8171973553980934E-006   1.0203016245213803E-006  -3.3276814967393875E-002  -1.2233649613335729E-006   2.8171973553980934E-006   0.0000000000000000       -1.9260268658399582E-002  -5.1922688726335764E-007   2.6830565184354782E-004  -1.0203016245213803E-006   1.9260268658399582E-002   0.0000000000000000        2.1099731384310871E-007   1.0467044776305556E-003   3.3276814967393875E-002   5.1922688726335764E-007  -2.1099731384310871E-007   0.0000000000000000        2.6316265575587749E-005   1.2233649613335729E-006  -2.6830565184354782E-004  -1.0467044776305556E-003  -2.6316265575587749E-005   0.0000000000000000     
   0.0000000000000000       -3.1320340667662094E-006  -1.5231717043207027E-007  -4.6445636078715324E-002   1.3341195881366730E-005   3.1320340667662094E-006   0.0000000000000000       -3.1663798727095127E-003   1.1455513231339864E-006   2.2431837860494852E-003   1.5231717043207027E-007   3.1663798727095127E-003   0.0000000000000000        2.2249405446927994E-006  -1.0656984522938728E-004   4.6445636078715324E-002  -1.1455513231339864E-006  -2.2249405446927994E-006   0.0000000000000000       -4.1280291043221951E-006  -1.3341195881366730E-005  -2.2431837860494852E-003   1.0656984522938728E-004   4.1280291043221951E-006   0.0000000000000000     
   0.0000000000000000       -9.5282700840471080E-008  -3.2839125196915120E-007  -1.6799819655716419E-002   2.6360321498941630E-006   9.5282700840471080E-008   0.0000000000000000        1.9155172631144524E-003  -8.8812885223887861E-007   1.0349011699872790E-004   3.2839125196915120E-007  -1.9155172631144524E-003   0.0000000000000000        6.0277852753642946E-007   1.9454659195616841E-005   1.6799819655716419E-002   8.8812885223887861E-007  -6.0277852753642946E-007   0.0000000000000000        9.9327189673203975E-006  -2.6360321498941630E-006  -1.0349011699872790E-004  -1.9454659195616841E-005  -9.9327189673203975E-006   0.0000000000000000     
   0.0000000000000000        1.1607382930378662E-006   1.0692624528019223E-006   2.7700940147042274E-002  -3.3047399483621120E-006  -1.1607382930378662E-006   0.0000000000000000       -2.7925057802349329E-003  -1.4994585626482149E-006  -1.1278334422968328E-003  -1.0692624528019223E-006   2.7925057802349329E-003   0.0000000000000000       -5.4629890655633062E-007  -8.6559221381321549E-004  -2.7700940147042274E-002   1.4994585626482149E-006   5.4629890655633062E-007   0.0000000000000000        5.9870362747460604E-005   3.3047399483621120E-006   1.1278334422968328E-003   8.6559221381321549E-004  -5.9870362747460604E-005   0.0000000000000000     
   0.0000000000000000       -4.4272939021539059E-006  -7.3640967457322404E-007  -3.2319502439349890E-002  -1.2391690688673407E-005   4.4272939021539059E-006   0.0000000000000000       -3.3011471386998892E-003   1.3283657835927443E-006  -9.1843068366870284E-004   7.3640967457322404E-007   3.3011471386998892E-003   0.0000000000000000       -1.3094850146444514E-006   2.9329755343496799E-003   3.2319502439349890E-002  -1.3283657835927443E-006   1.3094850146444514E-006   0.0000000000000000        2.8434151317924261E-006   1.2391690688673407E-005   9.1843068366870284E-004  -2.9329755343496799E-003  -2.8434151317924261E-006   0.0000000000000000     
   0.0000000000000000        3.1005713196918805E-006   1.9075446289207321E-007   8.4360968321561813E-003   1.4033485058462247E-005  -3.1005713196918805E-006   0.0000000000000000       -2.8426326462067664E-003  -1.0039053677246557E-007  -7.6169398471392924E-004  -1.9075446289207321E-007   2.8426326462067664E-003   0.0000000000000000        4.0839768189471215E-007   3.2602094579488039E-003  -8.4360968321561813E-003   1.0039053677246557E-007  -4.0839768189471215E-007   0.0000000000000000        3.0121882446110249E-006  -1.4033485058462247E-005   7.6169398471392924E-004  -3.2602094579488039E-003  -3.0121882446110249E-006   0.0000000000000000     
   0.0000000000000000        7.5895695772487670E-007   1.1098536560893990E-006   7.7144969254732132E-003   7.8231096267700195E-008  -7.5895695772487670E-007   0.0000000000000000        8.4485323168337345E-004   1.0495561468815140E-006   7.3822784906951711E-004  -1.1098536560893990E-006  -8.4485323168337345E-004   0.0000000000000000        3.0519295250996947E-006   5.5657888879068196E-004  -7.7144969254732132E-003  -1.0495561468815140E-006  -3.0519295250996947E-006   0.0000000000000000       -9.8718621302396059E-005  -7.8231096267700195E-008  -7.3822784906951711E-004  -5.5657888879068196E-004   9.8718621302396059E-005   0.0000000000000000     
   0.0000000000000000       -2.5685574200906558E-006   8.9467039288138039E-007 -0.10543832369148731        2.0917825167998672E-005   2.5685574200906558E-006   0.0000000000000000       -2.8426158241927624E-003  -5.8898103816318326E-007   1.5158407477429137E-003  -8.9467039288138039E-007   2.8426158241927624E-003   0.0000000000000000       -4.5762553781969473E-006  -1.1792405566666275E-003  0.10543832369148731        5.8898103816318326E-007   4.5762553781969473E-006   0.0000000000000000        5.5181991774588823E-004  -2.0917825167998672E-005  -1.5158407477429137E-003   1.1792405566666275E-003  -5.5181991774588823E-004   0.0000000000000000     
   0.0000000000000000       -1.8719474610406905E-006   5.9548733588599134E-007 -0.12132372241467237        2.1305575501173735E-005   1.8719474610406905E-006   0.0000000000000000        1.6756210243329406E-004   9.9529501085271477E-007   1.0814086126629263E-003  -5.9548733588599134E-007  -1.6756210243329406E-004   0.0000000000000000        2.0927127479808405E-006  -1.0355818085372448E-004  0.12132372241467237       -9.9529501085271477E-007  -2.0927127479808405E-006   0.0000000000000000       -9.0594054199755192E-005  -2.1305575501173735E-005  -1.0814086126629263E-003   1.0355818085372448E-004   9.0594054199755192E-005   0.0000000000000000     
   0.0000000000000000       -3.2810559105200809E-006   5.5985628932830878E-007   2.1806544786159066E-002   1.4777610107557848E-002   3.2810559105200809E-006   0.0000000000000000       -3.6658933095168322E-004  -2.4230836584138160E-004   1.1743116765501327E-003  -5.5985628932830878E-007   3.6658933095168322E-004   0.0000000000000000       -1.2140416083639138E-003   6.8081047811574535E-004  -2.1806544786159066E-002   2.4230836584138160E-004   1.2140416083639138E-003   0.0000000000000000       -1.6376568078994751       -1.4777610107557848E-002  -1.1743116765501327E-003  -6.8081047811574535E-004   1.6376568078994751        0.0000000000000000     
   0.0000000000000000        5.9556214182521217E-008   1.0917653980868636E-006  -2.1574152924586087E-005  -2.9518708586692810E-002  -5.9556214182521217E-008   0.0000000000000000       -3.7303499993868172E-004   5.8493734104558825E-004  -1.3791510582450428E-006  -1.0917653980868636E-006   3.7303499993868172E-004   0.0000000000000000       -4.6574021689593792E-004  -7.5999878390575759E-007   2.1574152924586087E-005  -5.8493734104558825E-004   4.6574021689593792E-004   0.0000000000000000        8.2153710536658764E-006   2.9518708586692810E-002   1.3791510582450428E-006   7.5999878390575759E-007  -8.2153710536658764E-006   0.0000000000000000     
   0.0000000000000000        2.4551524120397517E-006   8.6005911725806072E-008  -1.2714990589302033E-006   2.3118016310036182E-002  -2.4551524120397517E-006   0.0000000000000000        8.8966373004950583E-004   4.4338761654216796E-004   4.1731982491910458E-007  -8.6005911725806072E-008  -8.8966373004950583E-004   0.0000000000000000        3.6552693927660584E-004   1.1229012670810334E-006   1.2714990589302033E-006  -4.4338761654216796E-004  -3.6552693927660584E-004   0.0000000000000000       -1.0876395390368998E-004  -2.3118016310036182E-002  -4.1731982491910458E-007  -1.1229012670810334E-006   1.0876395390368998E-004   0.0000000000000000     
   0.0000000000000000       -1.0748045497166459E-005   1.1820772897408460E-005   2.5582718080841005E-005  -1.4818597715930082E-002   1.0748045497166459E-005   0.0000000000000000        1.0494376474525779E-003   1.1954780675296206E-003   5.0309661719438736E-004  -1.1820772897408460E-005  -1.0494376474525779E-003   0.0000000000000000        1.6982944216579199E-003  -5.0567291850711626E-005  -2.5582718080841005E-005  -1.1954780675296206E-003  -1.6982944216579199E-003   0.0000000000000000       -3.4268451330717653E-002   1.4818597715930082E-002  -5.0309661719438736E-004   5.0567291850711626E-005   3.4268451330717653E-002   0.0000000000000000     
   0.0000000000000000      -0.12020546942221699       0.28603774329531007        1.2073820253135636E-003   1.6751335351727903E-004  0.12020546942221699        0.0000000000000000       0.20379894542566035       -2.7368206065148115E-004  -1.6103939924505539E-004 -0.28603774329531007      -0.20379894542566035        0.0000000000000000        5.3267311886884272E-004   3.9419966924469918E-005  -1.2073820253135636E-003   2.7368206065148115E-004  -5.3267311886884272E-004   0.0000000000000000       -7.6997660100460052E-002  -1.6751335351727903E-004   1.6103939924505539E-004  -3.9419966924469918E-005   7.6997660100460052E-002   0.0000000000000000     
   0.0000000000000000       -8.4533751876733731E-002 -0.37970975041389465       -6.0944193364775856E-005  -1.3369563021115027E-005   8.4533751876733731E-002   0.0000000000000000       0.31684003770897107       -1.3500370641850168E-004  -6.9917102791805519E-004  0.37970975041389465      -0.31684003770897107        0.0000000000000000        5.4895518493140116E-002   1.9686735467985272E-002   6.0944193364775856E-005   1.3500370641850168E-004  -5.4895518493140116E-002   0.0000000000000000       -5.7160264987032861E-005   1.3369563021115027E-005   6.9917102791805519E-004  -1.9686735467985272E-002   5.7160264987032861E-005   0.0000000000000000     
   0.0000000000000000      -0.36425057454516718        1.5266899466514587       -5.4763345360697713E-006   3.1705226319900248E-006  0.36425057454516718        0.0000000000000000      -0.29715806053138749       -4.8970883881338523E-004   8.5077231221930560E-004  -1.5266899466514587       0.29715806053138749        0.0000000000000000       -1.4241163444239646E-004   6.6845270339399576E-003   5.4763345360697713E-006   4.8970883881338523E-004   1.4241163444239646E-004   0.0000000000000000       -2.1520114387385547E-005  -3.1705226319900248E-006  -8.5077231221930560E-004  -6.6845270339399576E-003   2.1520114387385547E-005   0.0000000000000000     
   0.0000000000000000      -0.20190796484530438        4.8390069423476234E-005  -1.9806897034868598E-003  -1.2068329437170178E-002  0.20190796484530438        0.0000000000000000      -0.22417616089933290       -2.5046245718840510E-003  -1.7315596596745308E-003  -4.8390069423476234E-005  0.22417616089933290        0.0000000000000000       -1.7076145013561472E-004   4.0740196709521115E-005   1.9806897034868598E-003   2.5046245718840510E-003   1.7076145013561472E-004   0.0000000000000000       -1.2302587628364563        1.2068329437170178E-002   1.7315596596745308E-003  -4.0740196709521115E-005   1.2302587628364563        0.0000000000000000     
   0.0000000000000000       0.26200336866895668        2.3534732099506073E-004  -1.4472887851297855E-003   9.5223917160183191E-003 -0.26200336866895668        0.0000000000000000      -0.94635566040597041        2.0344310905784369E-003   1.0899240878643468E-003  -2.3534732099506073E-004  0.94635566040597041        0.0000000000000000       -1.6674362996127456E-004  -8.5102867160458118E-005   1.4472887851297855E-003  -2.0344310905784369E-003   1.6674362996127456E-004   0.0000000000000000       0.12089371681213379       -9.5223917160183191E-003  -1.0899240878643468E-003   8.5102867160458118E-005 -0.12089371681213379        0.0000000000000000     
   0.0000000000000000      -0.10487537086009979       -1.9913578626074013E-006  -9.1739097842946649E-004   1.0915040911640972E-003  0.10487537086009979        0.0000000000000000        2.5930828542186646E-006   6.1308394651859999E-004   1.0164980194531381E-003   1.9913578626074013E-006  -2.5930828542186646E-006   0.0000000000000000        4.4763510231859982E-007  -2.8117938200011849E-007   9.1739097842946649E-004  -6.1308394651859999E-004  -4.4763510231859982E-007   0.0000000000000000        2.0014757756143808E-003  -1.0915040911640972E-003  -1.0164980194531381E-003   2.8117938200011849E-007  -2.0014757756143808E-003   0.0000000000000000     
   0.0000000000000000      -0.39238933219075989       0.51849617809057236       -7.9114579421002418E-007   1.4020706657902338E-006  0.39238933219075989        0.0000000000000000        2.0000530075776624E-003   7.2757683915369853E-004  -2.5125844877038617E-004 -0.51849617809057236       -2.0000530075776624E-003   0.0000000000000000       -5.0016788838547654E-002   1.6548391482501756E-002   7.9114579421002418E-007  -7.2757683915369853E-004   5.0016788838547654E-002   0.0000000000000000       -3.4205921110697091E-004  -1.4020706657902338E-006   2.5125844877038617E-004  -1.6548391482501756E-002   3.4205921110697091E-004   0.0000000000000000     
   0.0000000000000000      -0.84705850887985434       -1.0480567216873169       -7.6608012022916228E-007  -3.6002529668621719E-006  0.84705850887985434        0.0000000000000000       0.89761277222532954        3.2471002896272694E-005  -5.6131064911824069E-004   1.0480567216873169      -0.89761277222532954        0.0000000000000000       -5.9285531169734895E-003  -2.5512988693662919E-002   7.6608012022916228E-007  -3.2471002896272694E-005   5.9285531169734895E-003   0.0000000000000000       -6.2090803839964792E-004   3.6002529668621719E-006   5.6131064911824069E-004   2.5512988693662919E-002   6.2090803839964792E-004   0.0000000000000000     
   0.0000000000000000        4.0923627093434334E-003  -3.1146774745138828E-005   2.0665085758082569E-003  -4.1489710565656424E-004  -4.0923627093434334E-003   0.0000000000000000        1.6810776287456974E-005  -6.2611344037577510E-004  -6.8325945176184177E-004   3.1146774745138828E-005  -1.6810776287456974E-005   0.0000000000000000        2.1415326045826077E-007   8.0744939623400569E-007  -2.0665085758082569E-003   6.2611344037577510E-004  -2.1415326045826077E-007   0.0000000000000000        3.5412857308983803E-002   4.1489710565656424E-004   6.8325945176184177E-004  -8.0744939623400569E-007  -3.5412857308983803E-002   0.0000000000000000     
   0.0000000000000000       -3.5390575649216771E-003   1.6227061860263348E-004   1.4986284077167511E-004   1.4980597188696265E-004   3.5390575649216771E-003   0.0000000000000000      -0.67705833911895752       -9.1947412875015289E-004   2.6000256038969383E-003  -1.6227061860263348E-004  0.67705833911895752        0.0000000000000000       -7.5327408558223397E-004   1.2118241647840478E-003  -1.4986284077167511E-004   9.1947412875015289E-004   7.5327408558223397E-004   0.0000000000000000       -4.7901399433612823E-002  -1.4980597188696265E-004  -2.6000256038969383E-003  -1.2118241647840478E-003   4.7901399433612823E-002   0.0000000000000000     
   0.0000000000000000      -0.42886066436767578       -2.0261615281924605E-004   1.9143895769957453E-003  -1.4063112030271441E-004  0.42886066436767578        0.0000000000000000        3.0654337024316192E-005  -9.4052225176710635E-004   3.3157765938085504E-004   2.0261615281924605E-004  -3.0654337024316192E-005   0.0000000000000000        5.3573740524370805E-004  -7.3829130269587040E-004  -1.9143895769957453E-003   9.4052225176710635E-004  -5.3573740524370805E-004   0.0000000000000000       -3.0756741994991899E-002   1.4063112030271441E-004  -3.3157765938085504E-004   7.3829130269587040E-004   3.0756741994991899E-002   0.0000000000000000     
   0.0000000000000000       -9.5346949819941074E-006  -1.6484056686749682E-005   1.5899422578513622E-007  -1.1105294106528163E-006   9.5346949819941074E-006   0.0000000000000000        7.6708849519491196E-005   2.1558423759415746E-003  -6.9228242500685155E-004   1.6484056686749682E-005  -7.6708849519491196E-005   0.0000000000000000       -2.2304174490272999E-004  -3.2574845463386737E-003  -1.5899422578513622E-007  -2.1558423759415746E-003   2.2304174490272999E-004   0.0000000000000000       -6.5164623782038689E-002   1.1105294106528163E-006   6.9228242500685155E-004   3.2574845463386737E-003   6.5164623782038689E-002   0.0000000000000000     
   0.0000000000000000       -7.2219472713186406E-006   1.8053541452900390E-006  -9.1451511252671480E-008  -1.9845974748022854E-006   7.2219472713186406E-006   0.0000000000000000       -1.7598140402697027E-005   4.0573227306595072E-004   3.3818954398157075E-004  -1.8053541452900390E-006   1.7598140402697027E-005   0.0000000000000000       -8.3906413055956364E-004   2.7367337606847286E-003   9.1451511252671480E-008  -4.0573227306595072E-004   8.3906413055956364E-004   0.0000000000000000       -8.5947830229997635E-003   1.9845974748022854E-006  -3.3818954398157075E-004  -2.7367337606847286E-003   8.5947830229997635E-003   0.0000000000000000     
   0.0000000000000000        3.9757269405527040E-006   1.7289086713390134E-006   3.7645804695785046E-008  -2.1754531189799309E-006  -3.9757269405527040E-006   0.0000000000000000       -1.4487876032944769E-003  -1.6762492596171796E-003  -7.7317687100730836E-005  -1.7289086713390134E-006   1.4487876032944769E-003   0.0000000000000000       -1.8762732506729662E-003   2.8384050237946212E-003  -3.7645804695785046E-008   1.6762492596171796E-003   1.8762732506729662E-003   0.0000000000000000       -3.6755639361217618E-002   2.1754531189799309E-006   7.7317687100730836E-005  -2.8384050237946212E-003   3.6755639361217618E-002   0.0000000000000000     
   0.0000000000000000       -1.6096455510705709E-006  -1.3003250387555454E-007  -1.5202385839074850E-007   3.3242758945561945E-006   1.6096455510705709E-006   0.0000000000000000        1.7474428750574589E-004   1.0263327858410776E-003  -2.9372061544563621E-004   1.3003250387555454E-007  -1.7474428750574589E-004   0.0000000000000000        4.6210456639528275E-004  -2.8568358684424311E-003   1.5202385839074850E-007  -1.0263327858410776E-003  -4.6210456639528275E-004   0.0000000000000000        3.0363701516762376E-002  -3.3242758945561945E-006   2.9372061544563621E-004   2.8568358684424311E-003  -3.0363701516762376E-002   0.0000000000000000     
   0.0000000000000000       -2.3048414732329547E-006   2.6496774694351188E-006  -1.9883736968040466E-007   1.2222837540321052E-005   2.3048414732329547E-006   0.0000000000000000       -4.5974482782185078E-004  -7.3522550519555807E-004   1.0085212270496413E-003  -2.6496774694351188E-006   4.5974482782185078E-004   0.0000000000000000        1.2997823068872094E-003  -2.5424648556509055E-003   1.9883736968040466E-007   7.3522550519555807E-004  -1.2997823068872094E-003   0.0000000000000000        6.8714883178472519E-002  -1.2222837540321052E-005  -1.0085212270496413E-003   2.5424648556509055E-003  -6.8714883178472519E-002   0.0000000000000000     
   0.0000000000000000        8.0157406046055257E-007   1.1181438139828970E-006  -1.7591810319572687E-006   7.6464844169095159E-002  -8.0157406046055257E-007   0.0000000000000000       -1.6035211738198996E-003  -2.3471505846828222E-003  -1.4676920775400504E-003  -1.1181438139828970E-006   1.6035211738198996E-003   0.0000000000000000       -1.4481313992291689E-003   2.3301053647628578E-004   1.7591810319572687E-006   2.3471505846828222E-003   1.4481313992291689E-003   0.0000000000000000       -2.0749216024341877E-002  -7.6464844169095159E-002   1.4676920775400504E-003  -2.3301053647628578E-004   2.0749216024341877E-002   0.0000000000000000     
   0.0000000000000000        8.2227961684111506E-007   1.4729611734765058E-006   7.4678364915598650E-002   3.2573172517004423E-002  -8.2227961684111506E-007   0.0000000000000000       -5.8018001727759838E-003  -8.1037517907134315E-004   7.1703066532791127E-004  -1.4729611734765058E-006   5.8018001727759838E-003   0.0000000000000000        1.0983996209006364E-003   6.7647283140104264E-004  -7.4678364915598650E-002   8.1037517907134315E-004  -1.0983996209006364E-003   0.0000000000000000        1.5752255916595459E-002  -3.2573172517004423E-002  -7.1703066532791127E-004  -6.7647283140104264E-004  -1.5752255916595459E-002   0.0000000000000000     
   0.0000000000000000       -8.6434056356665678E-007  -5.3688876278101816E-007  0.10277965292334557        2.8629438020288944E-007   8.6434056356665678E-007   0.0000000000000000       -3.0517597042489797E-003   3.4229015000164509E-007  -7.0767157012596726E-005   5.3688876278101816E-007   3.0517597042489797E-003   0.0000000000000000        2.9702694632760540E-006   1.9264491274952888E-003 -0.10277965292334557       -3.4229015000164509E-007  -2.9702694632760540E-006   0.0000000000000000        3.1285089789889753E-006  -2.8629438020288944E-007   7.0767157012596726E-005  -1.9264491274952888E-003  -3.1285089789889753E-006   0.0000000000000000     
   0.0000000000000000        7.5329398896428756E-007  -7.9684892284603848E-007   1.0120939463376999E-002   6.9308589445427060E-007  -7.5329398896428756E-007   0.0000000000000000       -5.0966639537364244E-004   1.5407583759952104E-006   6.6676366259343922E-004   7.9684892284603848E-007   5.0966639537364244E-004   0.0000000000000000        1.4072012390897726E-006  -2.2760800784453750E-003  -1.0120939463376999E-002  -1.5407583759952104E-006  -1.4072012390897726E-006   0.0000000000000000       -2.6185662136413157E-006  -6.9308589445427060E-007  -6.6676366259343922E-004   2.2760800784453750E-003   2.6185662136413157E-006   0.0000000000000000     
   0.0000000000000000        4.5704837248194963E-007   1.0185340215684846E-007  -1.9240345340222120E-002  -6.0583442973438650E-007  -4.5704837248194963E-007   0.0000000000000000       -9.2719399835914373E-003   2.8451379421312595E-006   7.1102769288700074E-004  -1.0185340215684846E-007   9.2719399835914373E-003   0.0000000000000000       -6.3444404077017680E-006   1.5651097237423528E-003   1.9240345340222120E-002  -2.8451379421312595E-006   6.3444404077017680E-006   0.0000000000000000        2.5160225050058216E-006   6.0583442973438650E-007  -7.1102769288700074E-004  -1.5651097237423528E-003  -2.5160225050058216E-006   0.0000000000000000     
   0.0000000000000000       -6.2478852669300977E-007   2.3237771529238671E-007   1.3617496937513351E-002  -8.8664819486439228E-008   6.2478852669300977E-007   0.0000000000000000       -1.0676304344087839E-002  -2.6585344130580779E-006  -1.4102431305218488E-003  -2.3237771529238671E-007   1.0676304344087839E-002   0.0000000000000000        1.0940016181848478E-005  -1.5930134104564786E-003  -1.3617496937513351E-002   2.6585344130580779E-006  -1.0940016181848478E-005   0.0000000000000000        6.1559476307593286E-006   8.8664819486439228E-008   1.4102431305218488E-003   1.5930134104564786E-003  -6.1559476307593286E-006   0.0000000000000000     
   0.0000000000000000       -5.0890548664028756E-007   6.7970972850162070E-008  -1.2589447200298309E-002  -2.7422538551036268E-006   5.0890548664028756E-007   0.0000000000000000       -1.9615378696471453E-003   8.3484155766200274E-007   3.3178835292346776E-004  -6.7970972850162070E-008   1.9615378696471453E-003   0.0000000000000000        3.0861242521496024E-006   6.4569782989565283E-004   1.2589447200298309E-002  -8.3484155766200274E-007  -3.0861242521496024E-006   0.0000000000000000        4.1596649680286646E-008   2.7422538551036268E-006  -3.3178835292346776E-004  -6.4569782989565283E-004  -4.1596649680286646E-008   0.0000000000000000     
   0.0000000000000000       -5.1528786570997909E-007   2.0605756390068564E-007  0.11999636888504028        5.9518060879781842E-006   5.1528786570997909E-007   0.0000000000000000       -8.9290253818035126E-003  -1.6839117051858921E-006  -4.0862319292500615E-004  -2.0605756390068564E-007   8.9290253818035126E-003   0.0000000000000000        1.1445999462011969E-005   8.9590895458968589E-004 -0.11999636888504028        1.6839117051858921E-006  -1.1445999462011969E-005   0.0000000000000000        2.8700254915747792E-005  -5.9518060879781842E-006   4.0862319292500615E-004  -8.9590895458968589E-004  -2.8700254915747792E-005   0.0000000000000000     
   0.0000000000000000        3.0446017262875102E-007  -1.1054908100049943E-007  -8.9542996138334274E-002  -7.7582080848515034E-007  -3.0446017262875102E-007   0.0000000000000000       -6.7912660306319594E-003  -4.1828593566606287E-007  -1.0940007632598281E-004   1.1054908100049943E-007   6.7912660306319594E-003   0.0000000000000000        3.8021433965695905E-006   5.4847128922119737E-005   8.9542996138334274E-002   4.1828593566606287E-007  -3.8021433965695905E-006   0.0000000000000000       -2.9210641514509916E-006   7.7582080848515034E-007   1.0940007632598281E-004  -5.4847128922119737E-005   2.9210641514509916E-006   0.0000000000000000     
   0.0000000000000000        3.9763472159393132E-007   1.3182739166950341E-007  0.10984144359827042       -3.2357347663491964E-006  -3.9763472159393132E-007   0.0000000000000000        4.0788650512695312E-003   2.0497543573583243E-006   2.6191977085545659E-003  -1.3182739166950341E-007  -4.0788650512695312E-003   0.0000000000000000       -1.1366187209205236E-005   1.0706299799494445E-003 -0.10984144359827042       -2.0497543573583243E-006   1.1366187209205236E-005   0.0000000000000000        5.1801616791635752E-006   3.2357347663491964E-006  -2.6191977085545659E-003  -1.0706299799494445E-003  -5.1801616791635752E-006   0.0000000000000000     
   0.0000000000000000       -7.4216586654074490E-008   1.1692424095599563E-007  -2.5991342496126890E-002  -4.5921478886157274E-006   7.4216586654074490E-008   0.0000000000000000       -7.6253843144513667E-003   9.4358949809247861E-007  -1.1138930567540228E-003  -1.1692424095599563E-007   7.6253843144513667E-003   0.0000000000000000       -4.1216476915906242E-006   2.6759400498121977E-005   2.5991342496126890E-002  -9.4358949809247861E-007   4.1216476915906242E-006   0.0000000000000000       -2.5616012862883508E-005   4.5921478886157274E-006   1.1138930567540228E-003  -2.6759400498121977E-005   2.5616012862883508E-005   0.0000000000000000     
   0.0000000000000000        8.6844124780327547E-008  -2.0668596789619187E-007  -2.7438495308160782E-003  -3.4958939068019390E-006  -8.6844124780327547E-008   0.0000000000000000       -5.7800170034170151E-003   3.2657794690749142E-007   9.6682365983724594E-004   2.0668596789619187E-007   5.7800170034170151E-003   0.0000000000000000        7.3141479788318975E-006   3.9668043609708548E-004   2.7438495308160782E-003  -3.2657794690749142E-007  -7.3141479788318975E-006   0.0000000000000000        2.4737113562878221E-005   3.4958939068019390E-006  -9.6682365983724594E-004  -3.9668043609708548E-004  -2.4737113562878221E-005   0.0000000000000000     
   0.0000000000000000        9.2847039923071861E-007  -3.0589865218644263E-007  -2.3723781108856201E-002  -1.8412538338452578E-006  -9.2847039923071861E-007   0.0000000000000000        1.9066575914621353E-003   2.1055404886283213E-006  -2.1772296167910099E-004   3.0589865218644263E-007  -1.9066575914621353E-003   0.0000000000000000        8.8239125943800900E-006  -1.2353735219221562E-003   2.3723781108856201E-002  -2.1055404886283213E-006  -8.8239125943800900E-006   0.0000000000000000       -7.5014482717961073E-005   1.8412538338452578E-006   2.1772296167910099E-004   1.2353735219221562E-003   7.5014482717961073E-005   0.0000000000000000     
   0.0000000000000000       -5.4560121043323306E-007  -2.5415488380531315E-007   4.3548443820327520E-002  -1.0124538675881922E-005   5.4560121043323306E-007   0.0000000000000000        4.3459607404656708E-003  -3.7912750485702418E-006   2.1589098032563925E-003   2.5415488380531315E-007  -4.3459607404656708E-003   0.0000000000000000       -6.5411647938162787E-006   5.1427128346404061E-004  -4.3548443820327520E-002   3.7912750485702418E-006   6.5411647938162787E-006   0.0000000000000000       -7.3568764491938055E-005   1.0124538675881922E-005  -2.1589098032563925E-003  -5.1427128346404061E-004   7.3568764491938055E-005   0.0000000000000000     
   0.0000000000000000        8.9240802481072024E-007  -1.1045858627767302E-007   8.1194893456995487E-002  -6.6154461819678545E-007  -8.9240802481072024E-007   0.0000000000000000       -9.8838610574603081E-003   1.5695832189521752E-007  -7.2577304672449827E-004   1.1045858627767302E-007   9.8838610574603081E-003   0.0000000000000000       -1.2432103630999336E-006   4.6713354531675577E-003  -8.1194893456995487E-002  -1.5695832189521752E-007   1.2432103630999336E-006   0.0000000000000000       -1.9746992620639503E-005   6.6154461819678545E-007   7.2577304672449827E-004  -4.6713354531675577E-003   1.9746992620639503E-005   0.0000000000000000     
   0.0000000000000000       -1.3919529919803608E-006   1.3374699392443290E-007   1.0276376386173069E-002   1.0218529496341944E-005   1.3919529919803608E-006   0.0000000000000000        1.9735647365450859E-003  -2.3594839149154723E-007  -1.0389474118710496E-003  -1.3374699392443290E-007  -1.9735647365450859E-003   0.0000000000000000       -2.8787792416551383E-006   4.7008397523313761E-003  -1.0276376386173069E-002   2.3594839149154723E-007   2.8787792416551383E-006   0.0000000000000000       -7.6538846769835800E-005  -1.0218529496341944E-005   1.0389474118710496E-003  -4.7008397523313761E-003   7.6538846769835800E-005   0.0000000000000000     
   0.0000000000000000        1.7417589788237819E-006  -8.6882437244639732E-008   7.9883422469720244E-002   1.6822406905703247E-005  -1.7417589788237819E-006   0.0000000000000000        7.9787215217947960E-003   3.7952622733428143E-007  -4.9917389696929604E-004   8.6882437244639732E-008  -7.9787215217947960E-003   0.0000000000000000        1.4254828784032725E-007   3.9052939973771572E-003  -7.9883422469720244E-002  -3.7952622733428143E-007  -1.4254828784032725E-007   0.0000000000000000        1.2731370225083083E-004  -1.6822406905703247E-005   4.9917389696929604E-004  -3.9052939973771572E-003  -1.2731370225083083E-004   0.0000000000000000     
   0.0000000000000000        2.8249405659153126E-007  -1.7588263290235773E-007   8.0167483072727919E-002   5.3861731430515647E-006  -2.8249405659153126E-007   0.0000000000000000       -1.5729404636658728E-002   2.6728121156338602E-006   2.3457687348127365E-007   1.7588263290235773E-007   1.5729404636658728E-002   0.0000000000000000        1.0439021025376860E-007   1.0848067468032241E-003  -8.0167483072727919E-002  -2.6728121156338602E-006  -1.0439021025376860E-007   0.0000000000000000       -1.5242726294673048E-004  -5.3861731430515647E-006  -2.3457687348127365E-007  -1.0848067468032241E-003   1.5242726294673048E-004   0.0000000000000000     
   0.0000000000000000       -1.6783222918093088E-006   1.9356605207576649E-007  -5.7568138465285301E-002  -1.6667478121235035E-005   1.6783222918093088E-006   0.0000000000000000        3.3238729462027550E-002  -4.2284641494916286E-006  -8.2920371642103419E-004  -1.9356605207576649E-007  -3.3238729462027550E-002   0.0000000000000000        5.6731846598268021E-006   3.1268669990822673E-003   5.7568138465285301E-002   4.2284641494916286E-006  -5.6731846598268021E-006   0.0000000000000000       -2.7882802532985806E-004   1.6667478121235035E-005   8.2920371642103419E-004  -3.1268669990822673E-003   2.7882802532985806E-004   0.0000000000000000     
   0.0000000000000000        4.7460362111451104E-006  -7.7533513831440359E-008  -1.0584887815639377E-002   5.2156596211716533E-005  -4.7460362111451104E-006   0.0000000000000000       -3.0969591806751851E-002  -9.9717135526589118E-007   9.2988776304991916E-004   7.7533513831440359E-008   3.0969591806751851E-002   0.0000000000000000        2.8033718990627676E-007  -3.1316217136918567E-003   1.0584887815639377E-002   9.9717135526589118E-007  -2.8033718990627676E-007   0.0000000000000000        1.1318791657686234E-003  -5.2156596211716533E-005  -9.2988776304991916E-004   3.1316217136918567E-003  -1.1318791657686234E-003   0.0000000000000000     
   0.0000000000000000       -5.1455472203087993E-006   7.4845956987701356E-007   8.4697220976522658E-002   1.0443148872582242E-002   5.1455472203087993E-006   0.0000000000000000        5.9019498527050018E-002   1.0081410273414804E-003  -1.5371709014289081E-004  -7.4845956987701356E-007  -5.9019498527050018E-002   0.0000000000000000        3.8349486931110732E-004  -2.1821072041348089E-003  -8.4697220976522658E-002  -1.0081410273414804E-003  -3.8349486931110732E-004   0.0000000000000000        1.3584569692611694       -1.0443148872582242E-002   1.5371709014289081E-004   2.1821072041348089E-003  -1.3584569692611694        0.0000000000000000     
   0.0000000000000000       -1.1462030670372769E-005   2.3535312720923685E-006   3.4864569897763431E-005  -7.8083394852001220E-002   1.1462030670372769E-005   0.0000000000000000       -7.4108943343162537E-002  -1.4585052267648280E-003   3.4860373561969027E-003  -2.3535312720923685E-006   7.4108943343162537E-002   0.0000000000000000       -1.4529841719195247E-003  -9.7910323529504240E-004  -3.4864569897763431E-005   1.4585052267648280E-003   1.4529841719195247E-003   0.0000000000000000       -6.7466974724084139E-002   7.8083394852001220E-002  -3.4860373561969027E-003   9.7910323529504240E-004   6.7466974724084139E-002   0.0000000000000000     
   0.0000000000000000        1.0972730024150223E-005  -4.3533940470297239E-006   7.2515467763878405E-007   1.8271894077770412E-005  -1.0972730024150223E-005   0.0000000000000000       -9.4975437968969345E-002  -1.7634715186432004E-003  -6.5823968034237623E-003   4.3533940470297239E-006   9.4975437968969345E-002   0.0000000000000000       -2.2742280270904303E-003   3.4362035803496838E-003  -7.2515467763878405E-007   1.7634715186432004E-003   2.2742280270904303E-003   0.0000000000000000        3.0018218792974949E-002  -1.8271894077770412E-005   6.5823968034237623E-003  -3.4362035803496838E-003  -3.0018218792974949E-002   0.0000000000000000     
   0.0000000000000000        1.8960318357130745E-005  -6.0739920968444494E-006   4.3421023292466998E-006  -8.1579491961747408E-006  -1.8960318357130745E-005   0.0000000000000000        7.8998595476150513E-002   6.3108134781941772E-004  -6.4664501696825027E-003   6.0739920968444494E-006  -7.8998595476150513E-002   0.0000000000000000       -3.1990732531994581E-003   2.7042558649554849E-003  -4.3421023292466998E-006  -6.3108134781941772E-004   3.1990732531994581E-003   0.0000000000000000        2.2688436321914196E-002   8.1579491961747408E-006   6.4664501696825027E-003  -2.7042558649554849E-003  -2.2688436321914196E-002   0.0000000000000000     
   0.0000000000000000       -2.4135426428983919E-005   1.4557103895640466E-005   4.0123413782566786E-006   5.5751297622919083E-007   2.4135426428983919E-005   0.0000000000000000       0.12735545635223389       -9.6877943724393845E-004  -3.0450392514467239E-003  -1.4557103895640466E-005 -0.12735545635223389        0.0000000000000000        4.8930147022474557E-003   1.0348417563363910E-003  -4.0123413782566786E-006   9.6877943724393845E-004  -4.8930147022474557E-003   0.0000000000000000       -2.4565140716731548E-002  -5.5751297622919083E-007   3.0450392514467239E-003  -1.0348417563363910E-003   2.4565140716731548E-002   0.0000000000000000     
