   0.0000000000000000       -5.7997771073132753E-003  -1.5839805200812407E-007   5.2677933126688004E-008   5.7997771073132753E-003   0.0000000000000000        1.7173811102111358E-006   6.8073859438300133E-007   1.5839805200812407E-007  -1.7173811102111358E-006   0.0000000000000000        4.1495651006698608E-002  -5.2677933126688004E-008  -6.8073859438300133E-007  -4.1495651006698608E-002   0.0000000000000000     
   0.0000000000000000        1.8334453925490379E-003   1.6552212400711142E-007   1.7351339920423925E-008  -1.8334453925490379E-003   0.0000000000000000       -4.4059856918465812E-007  -7.7890035754535347E-007  -1.6552212400711142E-007   4.4059856918465812E-007   0.0000000000000000       -2.9100477695465088E-004  -1.7351339920423925E-008   7.7890035754535347E-007   2.9100477695465088E-004   0.0000000000000000     
   0.0000000000000000        7.5242617167532444E-003  -1.3310454960446805E-009  -4.6460263547487557E-007  -7.5242617167532444E-003   0.0000000000000000        2.8308450055192225E-006   1.4429633665713482E-007   1.3310454960446805E-009  -2.8308450055192225E-006   0.0000000000000000        1.7832480370998383E-003   4.6460263547487557E-007  -1.4429633665713482E-007  -1.7832480370998383E-003   0.0000000000000000     
   0.0000000000000000        4.8627397991367616E-003  -3.4281538319191895E-007  -4.9422396841691807E-008  -4.8627397991367616E-003   0.0000000000000000        1.1120253020635573E-006  -8.0568042903905734E-007   3.4281538319191895E-007  -1.1120253020635573E-006   0.0000000000000000       -6.4906422048807144E-003   4.9422396841691807E-008   8.0568042903905734E-007   6.4906422048807144E-003   0.0000000000000000     
   0.0000000000000000       -5.7584417518228292E-003   6.7268229031469673E-007  -3.2054276744020171E-007   5.7584417518228292E-003   0.0000000000000000       -2.1129187643964542E-006   9.9547378340503201E-008  -6.7268229031469673E-007   2.1129187643964542E-006   0.0000000000000000        1.0769027285277843E-002   3.2054276744020171E-007  -9.9547378340503201E-008  -1.0769027285277843E-002   0.0000000000000000     
   0.0000000000000000        1.3117711059749126E-003   8.1813595897983760E-009   1.8619175534695387E-008  -1.3117711059749126E-003   0.0000000000000000       -3.3803212318161968E-007  -4.8124229579116218E-007  -8.1813595897983760E-009   3.3803212318161968E-007   0.0000000000000000        1.7375729046761990E-002  -1.8619175534695387E-008   4.8124229579116218E-007  -1.7375729046761990E-002   0.0000000000000000     
   0.0000000000000000        1.0166464344365522E-002   1.5958357835188508E-007   2.3077018340700306E-007  -1.0166464344365522E-002   0.0000000000000000        1.5258412986440817E-006  -1.0692801879486069E-006  -1.5958357835188508E-007  -1.5258412986440817E-006   0.0000000000000000       -5.7296904269605875E-003  -2.3077018340700306E-007   1.0692801879486069E-006   5.7296904269605875E-003   0.0000000000000000     
   0.0000000000000000       -1.8097913824021816E-002  -3.1146555556915700E-008   1.3214958016760647E-007   1.8097913824021816E-002   0.0000000000000000       -2.8171973553980934E-006   1.0203016245213803E-006   3.1146555556915700E-008   2.8171973553980934E-006   0.0000000000000000       -1.9260268658399582E-002  -1.3214958016760647E-007  -1.0203016245213803E-006   1.9260268658399582E-002   0.0000000000000000     
   0.0000000000000000       -2.7330126613378525E-003  -6.0103229770902544E-007  -9.0130924945697188E-008   2.7330126613378525E-003   0.0000000000000000       -3.1320340667662094E-006  -1.5231717043207027E-007   6.0103229770902544E-007   3.1320340667662094E-006   0.0000000000000000       -3.1663798727095127E-003   9.0130924945697188E-008   1.5231717043207027E-007   3.1663798727095127E-003   0.0000000000000000     
   0.0000000000000000       -1.8612314015626907E-003  -1.4347278920467943E-008   2.3708616936346516E-007   1.8612314015626907E-003   0.0000000000000000       -9.5282700840471080E-008  -3.2839125196915120E-007   1.4347278920467943E-008   9.5282700840471080E-008   0.0000000000000000        1.9155172631144524E-003  -2.3708616936346516E-007   3.2839125196915120E-007  -1.9155172631144524E-003   0.0000000000000000     
   0.0000000000000000        9.7449421882629395E-003  -4.4845353386335773E-007   1.6035301086958498E-007  -9.7449421882629395E-003   0.0000000000000000        1.1607382930378662E-006   1.0692624528019223E-006   4.4845353386335773E-007  -1.1607382930378662E-006   0.0000000000000000       -2.7925057802349329E-003  -1.6035301086958498E-007  -1.0692624528019223E-006   2.7925057802349329E-003   0.0000000000000000     
   0.0000000000000000        6.1338044703006744E-002  -3.7290561749614426E-008   1.6739545571908820E-007  -6.1338044703006744E-002   0.0000000000000000       -4.4272939021539059E-006  -7.3640967457322404E-007   3.7290561749614426E-008   4.4272939021539059E-006   0.0000000000000000       -3.3011471386998892E-003  -1.6739545571908820E-007   7.3640967457322404E-007   3.3011471386998892E-003   0.0000000000000000     
   0.0000000000000000       -2.0010214298963547E-002  -5.8999552265959210E-007   1.7709135136101395E-007   2.0010214298963547E-002   0.0000000000000000        3.1005713196918805E-006   1.9075446289207321E-007   5.8999552265959210E-007  -3.1005713196918805E-006   0.0000000000000000       -2.8426326462067664E-003  -1.7709135136101395E-007  -1.9075446289207321E-007   2.8426326462067664E-003   0.0000000000000000     
   0.0000000000000000       -8.4873914718627930E-002  -1.8648830746315070E-007  -4.3885847844649106E-008   8.4873914718627930E-002   0.0000000000000000        7.5895695772487670E-007   1.1098536560893990E-006   1.8648830746315070E-007  -7.5895695772487670E-007   0.0000000000000000        8.4485323168337345E-004   4.3885847844649106E-008  -1.1098536560893990E-006  -8.4485323168337345E-004   0.0000000000000000     
   0.0000000000000000      -0.11689084768295288        1.2777760503013269E-006  -1.4378588275576476E-007  0.11689084768295288        0.0000000000000000       -2.5685574200906558E-006   8.9467039288138039E-007  -1.2777760503013269E-006   2.5685574200906558E-006   0.0000000000000000       -2.8426158241927624E-003   1.4378588275576476E-007  -8.9467039288138039E-007   2.8426158241927624E-003   0.0000000000000000     
   0.0000000000000000       0.16000214219093323        7.4817501172219636E-007  -3.9377880511892727E-008 -0.16000214219093323        0.0000000000000000       -1.8719474610406905E-006   5.9548733588599134E-007  -7.4817501172219636E-007   1.8719474610406905E-006   0.0000000000000000        1.6756210243329406E-004   3.9377880511892727E-008  -5.9548733588599134E-007  -1.6756210243329406E-004   0.0000000000000000     
   0.0000000000000000        3.3209493383765221E-002  -3.3866990634123795E-007   3.7370227801147848E-007  -3.3209493383765221E-002   0.0000000000000000       -3.2810559105200809E-006   5.5985628932830878E-007   3.3866990634123795E-007   3.2810559105200809E-006   0.0000000000000000       -3.6658933095168322E-004  -3.7370227801147848E-007  -5.5985628932830878E-007   3.6658933095168322E-004   0.0000000000000000     
   0.0000000000000000       -6.1960712075233459E-002   1.0167800610361155E-006  -2.6753150450531393E-007   6.1960712075233459E-002   0.0000000000000000        5.9556214182521217E-008   1.0917653980868636E-006  -1.0167800610361155E-006  -5.9556214182521217E-008   0.0000000000000000       -3.7303499993868172E-004   2.6753150450531393E-007  -1.0917653980868636E-006   3.7303499993868172E-004   0.0000000000000000     
   0.0000000000000000        2.4433515965938568E-002  -2.7870214580616448E-007   1.8481932784197852E-007  -2.4433515965938568E-002   0.0000000000000000        2.4551524120397517E-006   8.6005911725806072E-008   2.7870214580616448E-007  -2.4551524120397517E-006   0.0000000000000000        8.8966373004950583E-004  -1.8481932784197852E-007  -8.6005911725806072E-008  -8.8966373004950583E-004   0.0000000000000000     
   0.0000000000000000       -1.8354477360844612E-003  -1.0639120091582299E-006  -2.8842259780503809E-007   1.8354477360844612E-003   0.0000000000000000       -1.0748045497166459E-005   1.1820772897408460E-005   1.0639120091582299E-006   1.0748045497166459E-005   0.0000000000000000        1.0494376474525779E-003   2.8842259780503809E-007  -1.1820772897408460E-005  -1.0494376474525779E-003   0.0000000000000000     
   0.0000000000000000        1.1729263459073991E-002   4.7745515985297970E-007  -3.6122024048381718E-003  -1.1729263459073991E-002   0.0000000000000000      -0.12020546942221699       0.28603774329531007       -4.7745515985297970E-007  0.12020546942221699        0.0000000000000000       0.20379894542566035        3.6122024048381718E-003 -0.28603774329531007      -0.20379894542566035        0.0000000000000000     
   0.0000000000000000        1.1432361327024410E-002  -5.6388307712040842E-007  -9.4069893402775051E-003  -1.1432361327024410E-002   0.0000000000000000       -8.4533751876733731E-002 -0.37970975041389465        5.6388307712040842E-007   8.4533751876733731E-002   0.0000000000000000       0.31684003770897107        9.4069893402775051E-003  0.37970975041389465      -0.31684003770897107        0.0000000000000000     
   0.0000000000000000       -1.4185572295787097E-002   2.4901055439841002E-008   1.1065967672038823E-002   1.4185572295787097E-002   0.0000000000000000      -0.36425057454516718        1.5266899466514587       -2.4901055439841002E-008  0.36425057454516718        0.0000000000000000      -0.29715806053138749       -1.1065967672038823E-002  -1.5266899466514587       0.29715806053138749        0.0000000000000000     
   0.0000000000000000       0.19506002013804391      -0.66307348664849997      -0.13909870439488259      -0.19506002013804391        0.0000000000000000      -0.20190796484530438        4.8390069423476234E-005  0.66307348664849997       0.20190796484530438        0.0000000000000000      -0.22417616089933290       0.13909870439488259       -4.8390069423476234E-005  0.22417616089933290        0.0000000000000000     
   0.0000000000000000       0.26609319079807392       0.89381068851798773       -4.9765160979859502E-002 -0.26609319079807392        0.0000000000000000       0.26200336866895668        2.3534732099506073E-004 -0.89381068851798773      -0.26200336866895668        0.0000000000000000      -0.94635566040597041        4.9765160979859502E-002  -2.3534732099506073E-004  0.94635566040597041        0.0000000000000000     
   0.0000000000000000        1.0464202659932198E-006  -2.8966564968868624E-007  -1.4921366237103939E-002  -1.0464202659932198E-006   0.0000000000000000      -0.10487537086009979       -1.9913578626074013E-006   2.8966564968868624E-007  0.10487537086009979        0.0000000000000000        2.5930828542186646E-006   1.4921366237103939E-002   1.9913578626074013E-006  -2.5930828542186646E-006   0.0000000000000000     
   0.0000000000000000       -6.6627316064113984E-002  -2.4740993467275985E-006   2.7802573955682419E-002   6.6627316064113984E-002   0.0000000000000000      -0.39238933219075989       0.51849617809057236        2.4740993467275985E-006  0.39238933219075989        0.0000000000000000        2.0000530075776624E-003  -2.7802573955682419E-002 -0.51849617809057236       -2.0000530075776624E-003   0.0000000000000000     
   0.0000000000000000       -1.1107972833087842E-002   2.2847416403237730E-008  -4.6023502036405262E-003   1.1107972833087842E-002   0.0000000000000000      -0.84705850887985434       -1.0480567216873169       -2.2847416403237730E-008  0.84705850887985434        0.0000000000000000       0.89761277222532954        4.6023502036405262E-003   1.0480567216873169      -0.89761277222532954        0.0000000000000000     
   0.0000000000000000       -3.9270071283681318E-007   2.3265511117642745E-007   1.7397043295204639E-002   3.9270071283681318E-007   0.0000000000000000        4.0923627093434334E-003  -3.1146774745138828E-005  -2.3265511117642745E-007  -4.0923627093434334E-003   0.0000000000000000        1.6810776287456974E-005  -1.7397043295204639E-002   3.1146774745138828E-005  -1.6810776287456974E-005   0.0000000000000000     
   0.0000000000000000        1.2513217370724306E-005   1.1412713749450631E-002   1.3151080767102030E-002  -1.2513217370724306E-005   0.0000000000000000       -3.5390575649216771E-003   1.6227061860263348E-004  -1.1412713749450631E-002   3.5390575649216771E-003   0.0000000000000000      -0.67705833911895752       -1.3151080767102030E-002  -1.6227061860263348E-004  0.67705833911895752        0.0000000000000000     
   0.0000000000000000        3.7227746297503472E-003   4.1373809654032812E-003  -1.3498508565135126E-005  -3.7227746297503472E-003   0.0000000000000000      -0.42886066436767578       -2.0261615281924605E-004  -4.1373809654032812E-003  0.42886066436767578        0.0000000000000000        3.0654337024316192E-005   1.3498508565135126E-005   2.0261615281924605E-004  -3.0654337024316192E-005   0.0000000000000000     
   0.0000000000000000       -1.8187193199992180E-003  -7.0181431510718539E-007  -3.6949268178432249E-007   1.8187193199992180E-003   0.0000000000000000       -9.5346949819941074E-006  -1.6484056686749682E-005   7.0181431510718539E-007   9.5346949819941074E-006   0.0000000000000000        7.6708849519491196E-005   3.6949268178432249E-007   1.6484056686749682E-005  -7.6708849519491196E-005   0.0000000000000000     
   0.0000000000000000       -9.5843439921736717E-003  -1.3705857782042585E-007   5.3442742853349046E-007   9.5843439921736717E-003   0.0000000000000000       -7.2219472713186406E-006   1.8053541452900390E-006   1.3705857782042585E-007   7.2219472713186406E-006   0.0000000000000000       -1.7598140402697027E-005  -5.3442742853349046E-007  -1.8053541452900390E-006   1.7598140402697027E-005   0.0000000000000000     
   0.0000000000000000       -2.8121827170252800E-002  -4.8670244723325595E-007  -3.3153088452309021E-007   2.8121827170252800E-002   0.0000000000000000        3.9757269405527040E-006   1.7289086713390134E-006   4.8670244723325595E-007  -3.9757269405527040E-006   0.0000000000000000       -1.4487876032944769E-003   3.3153088452309021E-007  -1.7289086713390134E-006   1.4487876032944769E-003   0.0000000000000000     
   0.0000000000000000        1.7737396527081728E-002   3.9568112697452307E-007   1.1419521683819767E-007  -1.7737396527081728E-002   0.0000000000000000       -1.6096455510705709E-006  -1.3003250387555454E-007  -3.9568112697452307E-007   1.6096455510705709E-006   0.0000000000000000        1.7474428750574589E-004  -1.1419521683819767E-007   1.3003250387555454E-007  -1.7474428750574589E-004   0.0000000000000000     
   0.0000000000000000        1.7961835721507668E-002   3.6886376619804651E-008  -5.8939261293744494E-007  -1.7961835721507668E-002   0.0000000000000000       -2.3048414732329547E-006   2.6496774694351188E-006  -3.6886376619804651E-008   2.3048414732329547E-006   0.0000000000000000       -4.5974482782185078E-004   5.8939261293744494E-007  -2.6496774694351188E-006   4.5974482782185078E-004   0.0000000000000000     
   0.0000000000000000       -5.0636205822229385E-002  -3.0489445634884760E-008   1.2459076970117167E-007   5.0636205822229385E-002   0.0000000000000000        8.0157406046055257E-007   1.1181438139828970E-006   3.0489445634884760E-008  -8.0157406046055257E-007   0.0000000000000000       -1.6035211738198996E-003  -1.2459076970117167E-007  -1.1181438139828970E-006   1.6035211738198996E-003   0.0000000000000000     
   0.0000000000000000       -4.6524094417691231E-002  -3.2608022593194619E-007  -3.7577092371066101E-007   4.6524094417691231E-002   0.0000000000000000        8.2227961684111506E-007   1.4729611734765058E-006   3.2608022593194619E-007  -8.2227961684111506E-007   0.0000000000000000       -5.8018001727759838E-003   3.7577092371066101E-007  -1.4729611734765058E-006   5.8018001727759838E-003   0.0000000000000000     
   0.0000000000000000       -1.0713567491620779E-002  -1.4596844266634434E-007   2.4640144147269893E-008   1.0713567491620779E-002   0.0000000000000000       -8.6434056356665678E-007  -5.3688876278101816E-007   1.4596844266634434E-007   8.6434056356665678E-007   0.0000000000000000       -3.0517597042489797E-003  -2.4640144147269893E-008   5.3688876278101816E-007   3.0517597042489797E-003   0.0000000000000000     
   0.0000000000000000       -1.0534847155213356E-002   5.3587427828460932E-009  -4.7460912355745677E-007   1.0534847155213356E-002   0.0000000000000000        7.5329398896428756E-007  -7.9684892284603848E-007  -5.3587427828460932E-009  -7.5329398896428756E-007   0.0000000000000000       -5.0966639537364244E-004   4.7460912355745677E-007   7.9684892284603848E-007   5.0966639537364244E-004   0.0000000000000000     
   0.0000000000000000       -1.0185861494392157E-002  -1.8467721929482650E-007   3.7919113538009697E-007   1.0185861494392157E-002   0.0000000000000000        4.5704837248194963E-007   1.0185340215684846E-007   1.8467721929482650E-007  -4.5704837248194963E-007   0.0000000000000000       -9.2719399835914373E-003  -3.7919113538009697E-007  -1.0185340215684846E-007   9.2719399835914373E-003   0.0000000000000000     
   0.0000000000000000        6.1553444713354111E-002  -1.1270230970694683E-007   1.5115119822439738E-008  -6.1553444713354111E-002   0.0000000000000000       -6.2478852669300977E-007   2.3237771529238671E-007   1.1270230970694683E-007   6.2478852669300977E-007   0.0000000000000000       -1.0676304344087839E-002  -1.5115119822439738E-008  -2.3237771529238671E-007   1.0676304344087839E-002   0.0000000000000000     
   0.0000000000000000        1.3054896146059036E-002  -9.5715222414582968E-008   6.6037273427355103E-008  -1.3054896146059036E-002   0.0000000000000000       -5.0890548664028756E-007   6.7970972850162070E-008   9.5715222414582968E-008   5.0890548664028756E-007   0.0000000000000000       -1.9615378696471453E-003  -6.6037273427355103E-008  -6.7970972850162070E-008   1.9615378696471453E-003   0.0000000000000000     
   0.0000000000000000        1.7942618578672409E-002  -1.0837356967385858E-007   9.4417998752760468E-008  -1.7942618578672409E-002   0.0000000000000000       -5.1528786570997909E-007   2.0605756390068564E-007   1.0837356967385858E-007   5.1528786570997909E-007   0.0000000000000000       -8.9290253818035126E-003  -9.4417998752760468E-008  -2.0605756390068564E-007   8.9290253818035126E-003   0.0000000000000000     
   0.0000000000000000       -2.1370265632867813E-002   5.4345946409739554E-008  -5.4119254855322652E-008   2.1370265632867813E-002   0.0000000000000000        3.0446017262875102E-007  -1.1054908100049943E-007  -5.4345946409739554E-008  -3.0446017262875102E-007   0.0000000000000000       -6.7912660306319594E-003   5.4119254855322652E-008   1.1054908100049943E-007   6.7912660306319594E-003   0.0000000000000000     
   0.0000000000000000        4.0901526808738708E-003   9.5474206318613142E-009  -5.4599695431534201E-008  -4.0901526808738708E-003   0.0000000000000000        3.9763472159393132E-007   1.3182739166950341E-007  -9.5474206318613142E-009  -3.9763472159393132E-007   0.0000000000000000        4.0788650512695312E-003   5.4599695431534201E-008  -1.3182739166950341E-007  -4.0788650512695312E-003   0.0000000000000000     
   0.0000000000000000       -1.4880134258419275E-002   1.2795453585567884E-008   2.7904206945095211E-008   1.4880134258419275E-002   0.0000000000000000       -7.4216586654074490E-008   1.1692424095599563E-007  -1.2795453585567884E-008   7.4216586654074490E-008   0.0000000000000000       -7.6253843144513667E-003  -2.7904206945095211E-008  -1.1692424095599563E-007   7.6253843144513667E-003   0.0000000000000000     
   0.0000000000000000       -5.9612680226564407E-002  -9.7943484433926642E-009   8.9251045665150741E-008   5.9612680226564407E-002   0.0000000000000000        8.6844124780327547E-008  -2.0668596789619187E-007   9.7943484433926642E-009  -8.6844124780327547E-008   0.0000000000000000       -5.7800170034170151E-003  -8.9251045665150741E-008   2.0668596789619187E-007   5.7800170034170151E-003   0.0000000000000000     
   0.0000000000000000       -1.4590188860893250E-002   7.8548509918618947E-008   6.2024241742619779E-008   1.4590188860893250E-002   0.0000000000000000        9.2847039923071861E-007  -3.0589865218644263E-007  -7.8548509918618947E-008  -9.2847039923071861E-007   0.0000000000000000        1.9066575914621353E-003  -6.2024241742619779E-008   3.0589865218644263E-007  -1.9066575914621353E-003   0.0000000000000000     
   0.0000000000000000       -2.1614911966025829E-002  -9.4287770480150357E-008   1.7589968592801597E-008   2.1614911966025829E-002   0.0000000000000000       -5.4560121043323306E-007  -2.5415488380531315E-007   9.4287770480150357E-008   5.4560121043323306E-007   0.0000000000000000        4.3459607404656708E-003  -1.7589968592801597E-008   2.5415488380531315E-007  -4.3459607404656708E-003   0.0000000000000000     
   0.0000000000000000        1.4504902996122837E-002   1.2943633009854238E-007   2.0738752937177196E-008  -1.4504902996122837E-002   0.0000000000000000        8.9240802481072024E-007  -1.1045858627767302E-007  -1.2943633009854238E-007  -8.9240802481072024E-007   0.0000000000000000       -9.8838610574603081E-003  -2.0738752937177196E-008   1.1045858627767302E-007   9.8838610574603081E-003   0.0000000000000000     
   0.0000000000000000        3.2900475896894932E-002   2.0125298760831356E-007   4.4179387259646319E-008  -3.2900475896894932E-002   0.0000000000000000       -1.3919529919803608E-006   1.3374699392443290E-007  -2.0125298760831356E-007   1.3919529919803608E-006   0.0000000000000000        1.9735647365450859E-003  -4.4179387259646319E-008  -1.3374699392443290E-007  -1.9735647365450859E-003   0.0000000000000000     
   0.0000000000000000        1.4287717640399933E-002   1.2287637218832970E-007   6.0073716667830013E-008  -1.4287717640399933E-002   0.0000000000000000        1.7417589788237819E-006  -8.6882437244639732E-008  -1.2287637218832970E-007  -1.7417589788237819E-006   0.0000000000000000        7.9787215217947960E-003  -6.0073716667830013E-008   8.6882437244639732E-008  -7.9787215217947960E-003   0.0000000000000000     
   0.0000000000000000        5.2295667119324207E-003  -2.9863258532714099E-008  -5.6297039918717928E-008  -5.2295667119324207E-003   0.0000000000000000        2.8249405659153126E-007  -1.7588263290235773E-007   2.9863258532714099E-008  -2.8249405659153126E-007   0.0000000000000000       -1.5729404636658728E-002   5.6297039918717928E-008   1.7588263290235773E-007   1.5729404636658728E-002   0.0000000000000000     
   0.0000000000000000        2.8471310622990131E-002  -2.2018480194674339E-007  -9.0147750597679988E-008  -2.8471310622990131E-002   0.0000000000000000       -1.6783222918093088E-006   1.9356605207576649E-007   2.2018480194674339E-007   1.6783222918093088E-006   0.0000000000000000        3.3238729462027550E-002   9.0147750597679988E-008  -1.9356605207576649E-007  -3.3238729462027550E-002   0.0000000000000000     
   0.0000000000000000       -8.6208079010248184E-003  -6.2408435042016208E-007  -5.6336602938245051E-008   8.6208079010248184E-003   0.0000000000000000        4.7460362111451104E-006  -7.7533513831440359E-008   6.2408435042016208E-007  -4.7460362111451104E-006   0.0000000000000000       -3.0969591806751851E-002   5.6336602938245051E-008   7.7533513831440359E-008   3.0969591806751851E-002   0.0000000000000000     
   0.0000000000000000       -1.0987967252731323E-002   5.6042108553810976E-007  -1.5732780411781278E-007   1.0987967252731323E-002   0.0000000000000000       -5.1455472203087993E-006   7.4845956987701356E-007  -5.6042108553810976E-007   5.1455472203087993E-006   0.0000000000000000        5.9019498527050018E-002   1.5732780411781278E-007  -7.4845956987701356E-007  -5.9019498527050018E-002   0.0000000000000000     
   0.0000000000000000        9.2636384069919586E-003   1.0799030860653147E-006  -2.5533336156513542E-007  -9.2636384069919586E-003   0.0000000000000000       -1.1462030670372769E-005   2.3535312720923685E-006  -1.0799030860653147E-006   1.1462030670372769E-005   0.0000000000000000       -7.4108943343162537E-002   2.5533336156513542E-007  -2.3535312720923685E-006   7.4108943343162537E-002   0.0000000000000000     
   0.0000000000000000        1.3347324449568987E-002  -4.8969059207593091E-007   2.4348037186427973E-007  -1.3347324449568987E-002   0.0000000000000000        1.0972730024150223E-005  -4.3533940470297239E-006   4.8969059207593091E-007  -1.0972730024150223E-005   0.0000000000000000       -9.4975437968969345E-002  -2.4348037186427973E-007   4.3533940470297239E-006   9.4975437968969345E-002   0.0000000000000000     
   0.0000000000000000       -3.2011593459174037E-002  -8.8243359641637653E-007   4.1922612581402063E-007   3.2011593459174037E-002   0.0000000000000000        1.8960318357130745E-005  -6.0739920968444494E-006   8.8243359641637653E-007  -1.8960318357130745E-005   0.0000000000000000        7.8998595476150513E-002  -4.1922612581402063E-007   6.0739920968444494E-006  -7.8998595476150513E-002   0.0000000000000000     
   0.0000000000000000        3.1525176018476486E-002   1.0109351933351718E-006  -2.7976466299151070E-007  -3.1525176018476486E-002   0.0000000000000000       -2.4135426428983919E-005   1.4557103895640466E-005  -1.0109351933351718E-006   2.4135426428983919E-005   0.0000000000000000       0.12735545635223389        2.7976466299151070E-007  -1.4557103895640466E-005 -0.12735545635223389        0.0000000000000000     
   0.0000000000000000       -2.1376523189246655E-002   1.1828912533928815E-006   9.8811995030700928E-008   2.1376523189246655E-002   0.0000000000000000       -9.8636810434982181E-006  -2.0773472215296351E-005  -1.1828912533928815E-006   9.8636810434982181E-006   0.0000000000000000       -2.2240936756134033E-002  -9.8811995030700928E-008   2.0773472215296351E-005   2.2240936756134033E-002   0.0000000000000000     
   0.0000000000000000        1.9669408909976482E-002  -5.7541410569683649E-007  -4.5060301090416033E-007  -1.9669408909976482E-002   0.0000000000000000        1.4913230188540183E-006   1.6741909803386079E-005   5.7541410569683649E-007  -1.4913230188540183E-006   0.0000000000000000        9.7404971718788147E-002   4.5060301090416033E-007  -1.6741909803386079E-005  -9.7404971718788147E-002   0.0000000000000000     
   0.0000000000000000       -5.2687693387269974E-003   9.7254144293401623E-008  -5.3188659876468591E-007   5.2687693387269974E-003   0.0000000000000000        5.5760910981916822E-006   2.9110606192261912E-006  -9.7254144293401623E-008  -5.5760910981916822E-006   0.0000000000000000       -9.8661597818136215E-002   5.3188659876468591E-007  -2.9110606192261912E-006   9.8661597818136215E-002   0.0000000000000000     
   0.0000000000000000       -3.1191131565719843E-003   2.0783886611752678E-008   5.2642303671746049E-007   3.1191131565719843E-003   0.0000000000000000        1.5324679011996523E-005  -3.2437522349937353E-005  -2.0783886611752678E-008  -1.5324679011996523E-005   0.0000000000000000       -1.3893514871597290E-002  -5.2642303671746049E-007   3.2437522349937353E-005   1.3893514871597290E-002   0.0000000000000000     
   0.0000000000000000        3.3781534875743091E-003  -9.4145633511288906E-008  -1.8820060176949482E-008  -3.3781534875743091E-003   0.0000000000000000       -1.0450624358782079E-005  -1.1053944035666063E-005   9.4145633511288906E-008   1.0450624358782079E-005   0.0000000000000000      -0.14158594608306885        1.8820060176949482E-008   1.1053944035666063E-005  0.14158594608306885        0.0000000000000000     
   0.0000000000000000       -2.1661110222339630E-003  -9.6406878924426564E-008   1.7060841628335766E-007   2.1661110222339630E-003   0.0000000000000000        6.4479621642021812E-006   2.2293009351415094E-005   9.6406878924426564E-008  -6.4479621642021812E-006   0.0000000000000000        1.5653546899557114E-002  -1.7060841628335766E-007  -2.2293009351415094E-005  -1.5653546899557114E-002   0.0000000000000000     
   0.0000000000000000        6.4986656652763486E-003   4.2587601001287112E-008   5.5556824918312486E-008  -6.4986656652763486E-003   0.0000000000000000       -3.2284076496580383E-006  -2.2752588847652078E-005  -4.2587601001287112E-008   3.2284076496580383E-006   0.0000000000000000       0.12696999683976173       -5.5556824918312486E-008   2.2752588847652078E-005 -0.12696999683976173        0.0000000000000000     
   0.0000000000000000        1.1379259696695954E-002  -2.5711254636462400E-007  -4.7859006713224517E-007  -1.1379259696695954E-002   0.0000000000000000        3.3211417758138850E-006   1.2318232847974286E-005   2.5711254636462400E-007  -3.3211417758138850E-006   0.0000000000000000        2.0819837227463722E-002   4.7859006713224517E-007  -1.2318232847974286E-005  -2.0819837227463722E-002   0.0000000000000000     
   0.0000000000000000       -1.3689805520698428E-002   3.9527118644855364E-007  -1.7835606058724807E-007   1.3689805520698428E-002   0.0000000000000000       -1.2804945868083450E-006  -4.3752197598223574E-006  -3.9527118644855364E-007   1.2804945868083450E-006   0.0000000000000000        2.5563951581716537E-002   1.7835606058724807E-007   4.3752197598223574E-006  -2.5563951581716537E-002   0.0000000000000000     
   0.0000000000000000        4.7997361980378628E-003  -4.5236334500486919E-007   4.7009172021716950E-007  -4.7997361980378628E-003   0.0000000000000000        3.8054381548136007E-006  -7.8118470128174522E-006   4.5236334500486919E-007  -3.8054381548136007E-006   0.0000000000000000        1.1520937085151672E-002  -4.7009172021716950E-007   7.8118470128174522E-006  -1.1520937085151672E-002   0.0000000000000000     
   0.0000000000000000       -3.5254940390586853E-002  -4.9671072588353127E-007  -6.4476634520360676E-007   3.5254940390586853E-002   0.0000000000000000       -1.6646238236717181E-006  -6.0412039601942524E-006   4.9671072588353127E-007   1.6646238236717181E-006   0.0000000000000000       -4.1057283058762550E-002   6.4476634520360676E-007   6.0412039601942524E-006   4.1057283058762550E-002   0.0000000000000000     
   0.0000000000000000        3.9512792602181435E-002   5.9521880757529289E-008   4.2625147500530147E-007  -3.9512792602181435E-002   0.0000000000000000       -3.4670997024477401E-006  -5.3187981166047393E-006  -5.9521880757529289E-008   3.4670997024477401E-006   0.0000000000000000       0.12004305422306061       -4.2625147500530147E-007   5.3187981166047393E-006 -0.12004305422306061        0.0000000000000000     
   0.0000000000000000       -2.6394429849460721E-002  -6.5581960484450974E-007  -3.1185777515929658E-008   2.6394429849460721E-002   0.0000000000000000       -4.7964124405552866E-007   1.5968725506354531E-006   6.5581960484450974E-007   4.7964124405552866E-007   0.0000000000000000        3.5164626315236092E-002   3.1185777515929658E-008  -1.5968725506354531E-006  -3.5164626315236092E-002   0.0000000000000000     
   0.0000000000000000       -2.8883976163342595E-002   7.6744015586882597E-008   8.7118252167783794E-008   2.8883976163342595E-002   0.0000000000000000        9.1054514541610843E-006   3.0759463243157370E-006  -7.6744015586882597E-008  -9.1054514541610843E-006   0.0000000000000000       -8.0643068999052048E-002  -8.7118252167783794E-008  -3.0759463243157370E-006   8.0643068999052048E-002   0.0000000000000000     
   0.0000000000000000        3.7967422977089882E-002   8.2328629957828525E-007   1.7286595266341465E-008  -3.7967422977089882E-002   0.0000000000000000        5.3735307119495701E-006   2.4570009600211051E-006  -8.2328629957828525E-007  -5.3735307119495701E-006   0.0000000000000000       -1.2047182768583298E-002  -1.7286595266341465E-008  -2.4570009600211051E-006   1.2047182768583298E-002   0.0000000000000000     
   0.0000000000000000        2.1051174029707909E-002  -4.5582925167764188E-007   1.4920334479029407E-007  -2.1051174029707909E-002   0.0000000000000000        5.5464187198595027E-007   3.2435934826935409E-007   4.5582925167764188E-007  -5.5464187198595027E-007   0.0000000000000000        1.9147498533129692E-002  -1.4920334479029407E-007  -3.2435934826935409E-007  -1.9147498533129692E-002   0.0000000000000000     
   0.0000000000000000        1.5646481886506081E-002   1.1359590530446440E-006   6.9964016802259721E-008  -1.5646481886506081E-002   0.0000000000000000       -5.5524044455523835E-006  -2.1920633344052476E-006  -1.1359590530446440E-006   5.5524044455523835E-006   0.0000000000000000        1.8488415516912937E-002  -6.9964016802259721E-008   2.1920633344052476E-006  -1.8488415516912937E-002   0.0000000000000000     
   0.0000000000000000       -8.4990445524454117E-002   4.0835061554389540E-007  -4.4730575154972030E-007   8.4990445524454117E-002   0.0000000000000000       -4.7796559101698222E-006   2.0679801764345029E-006  -4.0835061554389540E-007   4.7796559101698222E-006   0.0000000000000000       -1.5241330489516258E-002   4.4730575154972030E-007  -2.0679801764345029E-006   1.5241330489516258E-002   0.0000000000000000     
   0.0000000000000000       -7.8166477382183075E-002   9.7411202659714036E-007   2.3113295810617274E-007   7.8166477382183075E-002   0.0000000000000000       -1.8815278508554911E-006   2.9335845397326921E-006  -9.7411202659714036E-007   1.8815278508554911E-006   0.0000000000000000        1.0463371872901917E-003  -2.3113295810617274E-007  -2.9335845397326921E-006  -1.0463371872901917E-003   0.0000000000000000     
   0.0000000000000000        7.0556787773966789E-002  -1.8097455267707119E-007  -8.1350287928216858E-007  -7.0556787773966789E-002   0.0000000000000000       -4.3840933585670427E-006   2.6344532670918852E-006   1.8097455267707119E-007   4.3840933585670427E-006   0.0000000000000000       -4.1357427835464478E-003   8.1350287928216858E-007  -2.6344532670918852E-006   4.1357427835464478E-003   0.0000000000000000     
   0.0000000000000000       -1.7979372292757034E-002  -1.7082004433177644E-007  -5.7787474361248314E-008   1.7979372292757034E-002   0.0000000000000000       -1.1499663514769054E-006  -6.3451921050727833E-007   1.7082004433177644E-007   1.1499663514769054E-006   0.0000000000000000       -4.6887269243597984E-002   5.7787474361248314E-008   6.3451921050727833E-007   4.6887269243597984E-002   0.0000000000000000     
   0.0000000000000000        5.7463571429252625E-003  -3.3808646549005061E-007   8.9198715613747481E-007  -5.7463571429252625E-003   0.0000000000000000       -1.4813243751632399E-006   2.1475839275808539E-006   3.3808646549005061E-007   1.4813243751632399E-006   0.0000000000000000        1.2044236063957214E-004  -8.9198715613747481E-007  -2.1475839275808539E-006  -1.2044236063957214E-004   0.0000000000000000     
   0.0000000000000000        3.7141823209822178E-002  -7.7597178460564464E-008  -5.8552905102260411E-007  -3.7141823209822178E-002   0.0000000000000000       -2.1380026851147704E-006  -7.0370515459217131E-007   7.7597178460564464E-008   2.1380026851147704E-006   0.0000000000000000       -1.9525663927197456E-002   5.8552905102260411E-007   7.0370515459217131E-007   1.9525663927197456E-002   0.0000000000000000     
   0.0000000000000000       -8.4301829338073730E-003   1.1011707101715729E-007  -1.1061592886107974E-006   8.4301829338073730E-003   0.0000000000000000        2.0219112002450856E-006  -7.7565732681250665E-006  -1.1011707101715729E-007  -2.0219112002450856E-006   0.0000000000000000       -2.3575145751237869E-003   1.1061592886107974E-006   7.7565732681250665E-006   2.3575145751237869E-003   0.0000000000000000     
   0.0000000000000000        7.1306596510112286E-003   6.0148067859699950E-008   3.8405323721235618E-007  -7.1306596510112286E-003   0.0000000000000000       -1.4290561125562817E-006   1.2352794556136359E-006  -6.0148067859699950E-008   1.4290561125562817E-006   0.0000000000000000       -8.3922068297397345E-003  -3.8405323721235618E-007  -1.2352794556136359E-006   8.3922068297397345E-003   0.0000000000000000     
   0.0000000000000000       -4.1616333648562431E-002   1.2503642210504040E-007   5.4237716540228575E-007   4.1616333648562431E-002   0.0000000000000000        4.9231886123379809E-007   1.9020922081836034E-006  -1.2503642210504040E-007  -4.9231886123379809E-007   0.0000000000000000       -7.6045300811529160E-003  -5.4237716540228575E-007  -1.9020922081836034E-006   7.6045300811529160E-003   0.0000000000000000     
   0.0000000000000000       -6.6025517880916595E-003   1.3026624401391018E-007  -1.0460971680004150E-006   6.6025517880916595E-003   0.0000000000000000        2.3390935552924930E-006  -1.0492772162251640E-005  -1.3026624401391018E-007  -2.3390935552924930E-006   0.0000000000000000       -1.0395236313343048E-004   1.0460971680004150E-006   1.0492772162251640E-005   1.0395236313343048E-004   0.0000000000000000     
   0.0000000000000000       -6.6644119098782539E-002  -8.3496843217290007E-008   1.7436741472920403E-007   6.6644119098782539E-002   0.0000000000000000       -1.2052556144226401E-006   1.0292059869243531E-005   8.3496843217290007E-008   1.2052556144226401E-006   0.0000000000000000        3.2647052779793739E-002  -1.7436741472920403E-007  -1.0292059869243531E-005  -3.2647052779793739E-002   0.0000000000000000     
   0.0000000000000000        6.8476814776659012E-003   1.1685483514156658E-007   8.0635800259187818E-007  -6.8476814776659012E-003   0.0000000000000000       -2.1504515359538345E-006  -1.0262973773933481E-005  -1.1685483514156658E-007   2.1504515359538345E-006   0.0000000000000000       -6.7308265715837479E-003  -8.0635800259187818E-007   1.0262973773933481E-005   6.7308265715837479E-003   0.0000000000000000     
   0.0000000000000000        5.9791006147861481E-002  -1.1273596101091243E-007  -1.5907426131889224E-007  -5.9791006147861481E-002   0.0000000000000000        3.4370297044006293E-006   9.7713436844060197E-006   1.1273596101091243E-007  -3.4370297044006293E-006   0.0000000000000000       -3.1688046641647816E-002   1.5907426131889224E-007  -9.7713436844060197E-006   3.1688046641647816E-002   0.0000000000000000     
   0.0000000000000000       -3.9012581110000610E-003  -4.2190526983176824E-007  -6.9908128352835774E-007   3.9012581110000610E-003   0.0000000000000000       -4.2570998175506247E-006  -1.0901816040131962E-005   4.2190526983176824E-007   4.2570998175506247E-006   0.0000000000000000       -3.8231680169701576E-002   6.9908128352835774E-007   1.0901816040131962E-005   3.8231680169701576E-002   0.0000000000000000     
   0.0000000000000000        4.8230540007352829E-002   4.5977799345564563E-007  -4.5793058234266937E-010  -4.8230540007352829E-002   0.0000000000000000        2.3465167942049447E-007  -8.3411873674776871E-006  -4.5977799345564563E-007  -2.3465167942049447E-007   0.0000000000000000        2.6359790936112404E-003   4.5793058234266937E-010   8.3411873674776871E-006  -2.6359790936112404E-003   0.0000000000000000     
   0.0000000000000000       -2.2712737787514925E-002  -8.5193960330798291E-008   8.4450221038423479E-008   2.2712737787514925E-002   0.0000000000000000       -4.0723227812122786E-006   6.7985456553287804E-006   8.5193960330798291E-008   4.0723227812122786E-006   0.0000000000000000       -3.1619334593415260E-002  -8.4450221038423479E-008  -6.7985456553287804E-006   3.1619334593415260E-002   0.0000000000000000     
   0.0000000000000000        4.8510743305087090E-002  -4.9905952437256929E-007   5.0020616981782950E-007  -4.8510743305087090E-002   0.0000000000000000        3.6767119127034675E-007  -2.8595500225492287E-006   4.9905952437256929E-007  -3.6767119127034675E-007   0.0000000000000000        3.9756175130605698E-002  -5.0020616981782950E-007   2.8595500225492287E-006  -3.9756175130605698E-002   0.0000000000000000     
