   0.0000000000000000       -2.5294162333011627E-003   1.2341214343905449E-002  -4.8883957788348198E-003   2.5294162333011627E-003   0.0000000000000000        5.3969623520970345E-002  -1.5235057100653648E-002  -1.2341214343905449E-002  -5.3969623520970345E-002   0.0000000000000000       -5.7997771073132753E-003   4.8883957788348198E-003   1.5235057100653648E-002   5.7997771073132753E-003   0.0000000000000000     
   0.0000000000000000       -3.6359599791467190E-002  -3.5672211088240147E-003   4.6517113223671913E-003   3.6359599791467190E-002   0.0000000000000000        7.0478764246217906E-003   7.4860790227830876E-003   3.5672211088240147E-003  -7.0478764246217906E-003   0.0000000000000000        1.8334453925490379E-003  -4.6517113223671913E-003  -7.4860790227830876E-003  -1.8334453925490379E-003   0.0000000000000000     
   0.0000000000000000        1.7534028738737106E-003  -2.7220100164413452E-003   5.0095096230506897E-003  -1.7534028738737106E-003   0.0000000000000000        6.4700816001277417E-003  -2.1077673882246017E-002   2.7220100164413452E-003  -6.4700816001277417E-003   0.0000000000000000        7.5242617167532444E-003  -5.0095096230506897E-003   2.1077673882246017E-002  -7.5242617167532444E-003   0.0000000000000000     
   0.0000000000000000       -3.0163755174726248E-002  -6.1901496956124902E-003   7.2565262671560049E-003   3.0163755174726248E-002   0.0000000000000000        7.6716330368071795E-003  -1.0850128950551152E-002   6.1901496956124902E-003  -7.6716330368071795E-003   0.0000000000000000        4.8627397991367616E-003  -7.2565262671560049E-003   1.0850128950551152E-002  -4.8627397991367616E-003   0.0000000000000000     
   0.0000000000000000       -1.9967742264270782E-003  -1.6703590634278953E-002   3.7458493374288082E-002   1.9967742264270782E-003   0.0000000000000000        1.1843645130284131E-002  -1.2384042143821716E-002   1.6703590634278953E-002  -1.1843645130284131E-002   0.0000000000000000       -5.7584417518228292E-003  -3.7458493374288082E-002   1.2384042143821716E-002   5.7584417518228292E-003   0.0000000000000000     
   0.0000000000000000        1.9171369494870305E-002  -9.6206202870234847E-003  -4.2620599269866943E-003  -1.9171369494870305E-002   0.0000000000000000       -4.6518848466803320E-003   3.3503700047731400E-002   9.6206202870234847E-003   4.6518848466803320E-003   0.0000000000000000        1.3117711059749126E-003   4.2620599269866943E-003  -3.3503700047731400E-002  -1.3117711059749126E-003   0.0000000000000000     
   0.0000000000000000       -4.2186919599771500E-003   1.9241442205384374E-003  -2.2047481848858297E-002   4.2186919599771500E-003   0.0000000000000000       -8.3099502371624112E-003   2.6557035744190216E-003  -1.9241442205384374E-003   8.3099502371624112E-003   0.0000000000000000        1.0166464344365522E-002   2.2047481848858297E-002  -2.6557035744190216E-003  -1.0166464344365522E-002   0.0000000000000000     
   0.0000000000000000       -4.9969114363193512E-002   1.8331735860556364E-002  -6.0011371970176697E-003   4.9969114363193512E-002   0.0000000000000000        6.9891291204839945E-003  -2.7835866436362267E-002  -1.8331735860556364E-002  -6.9891291204839945E-003   0.0000000000000000       -1.8097913824021816E-002   6.0011371970176697E-003   2.7835866436362267E-002   1.8097913824021816E-002   0.0000000000000000     
   0.0000000000000000       -6.2140792608261108E-002  -1.7836591228842735E-002  -4.1330277919769287E-002   6.2140792608261108E-002   0.0000000000000000       -8.8062277063727379E-003  -3.3771267160773277E-002   1.7836591228842735E-002   8.8062277063727379E-003   0.0000000000000000       -2.7330126613378525E-003   4.1330277919769287E-002   3.3771267160773277E-002   2.7330126613378525E-003   0.0000000000000000     
   0.0000000000000000       -6.2594301882199943E-002   1.1588344350457191E-003   1.0153541108593345E-002   6.2594301882199943E-002   0.0000000000000000       0.16972049814648926       -5.9864839422516525E-003  -1.1588344350457191E-003 -0.16972049814648926        0.0000000000000000       -1.8612314015626907E-003  -1.0153541108593345E-002   5.9864839422516525E-003   1.8612314015626907E-003   0.0000000000000000     
   0.0000000000000000        1.3225022121332586E-002  -2.6822729967534542E-002  -5.1005106419324875E-002  -1.3225022121332586E-002   0.0000000000000000       -4.0895141661167145E-002  -2.3603780195116997E-002   2.6822729967534542E-002   4.0895141661167145E-002   0.0000000000000000        9.7449421882629395E-003   5.1005106419324875E-002   2.3603780195116997E-002  -9.7449421882629395E-003   0.0000000000000000     
   0.0000000000000000        3.2379324547946453E-003  -4.2578663560561836E-003   1.9242478534579277E-002  -3.2379324547946453E-003   0.0000000000000000       -4.5091383159160614E-002   6.6794501035474241E-003   4.2578663560561836E-003   4.5091383159160614E-002   0.0000000000000000        6.1338044703006744E-002  -1.9242478534579277E-002  -6.6794501035474241E-003  -6.1338044703006744E-002   0.0000000000000000     
   0.0000000000000000        5.2425642497837543E-003  -1.1147073470056057E-002   6.0012802481651306E-002  -5.2425642497837543E-003   0.0000000000000000       0.25618171691894531       -1.0297035332769156E-002   1.1147073470056057E-002 -0.25618171691894531        0.0000000000000000       -2.0010214298963547E-002  -6.0012802481651306E-002   1.0297035332769156E-002   2.0010214298963547E-002   0.0000000000000000     
   0.0000000000000000        7.1945227682590485E-003  -6.1121741309762001E-003  -5.4146651178598404E-002  -7.1945227682590485E-003   0.0000000000000000        2.4434059858322144E-002   1.0276813758537173E-002   6.1121741309762001E-003  -2.4434059858322144E-002   0.0000000000000000       -8.4873914718627930E-002   5.4146651178598404E-002  -1.0276813758537173E-002   8.4873914718627930E-002   0.0000000000000000     
   0.0000000000000000        2.6229564566165209E-002   2.2058756439946592E-002  -1.6979602864012122E-002  -2.6229564566165209E-002   0.0000000000000000       0.13820690475404263       -1.6499776626005769E-002  -2.2058756439946592E-002 -0.13820690475404263        0.0000000000000000      -0.11689084768295288        1.6979602864012122E-002   1.6499776626005769E-002  0.11689084768295288        0.0000000000000000     
   0.0000000000000000       -1.7305110581219196E-002  -3.9720099652186036E-002  -4.0659877238795161E-002   1.7305110581219196E-002   0.0000000000000000       0.24250316619873047       -7.9982658615335822E-002   3.9720099652186036E-002 -0.24250316619873047        0.0000000000000000       0.16000214219093323        4.0659877238795161E-002   7.9982658615335822E-002 -0.16000214219093323        0.0000000000000000     
   0.0000000000000000       -3.7386130075901747E-002  -4.0960674174129963E-002   6.3190850196406245E-003   3.7386130075901747E-002   0.0000000000000000        4.1235744953155518E-002  -3.1627379357814789E-003   4.0960674174129963E-002  -4.1235744953155518E-002   0.0000000000000000        3.3209493383765221E-002  -6.3190850196406245E-003   3.1627379357814789E-003  -3.3209493383765221E-002   0.0000000000000000     
   0.0000000000000000        3.9656534790992737E-003  -1.9139012321829796E-002   3.9229115936905146E-003  -3.9656534790992737E-003   0.0000000000000000        9.6759878098964691E-002  -1.5522670000791550E-003   1.9139012321829796E-002  -9.6759878098964691E-002   0.0000000000000000       -6.1960712075233459E-002  -3.9229115936905146E-003   1.5522670000791550E-003   6.1960712075233459E-002   0.0000000000000000     
   0.0000000000000000       0.42226009070873260        4.7437351197004318E-002   1.5100382734090090E-003 -0.42226009070873260        0.0000000000000000      -0.38905163854360580       -1.8928507342934608E-003  -4.7437351197004318E-002  0.38905163854360580        0.0000000000000000        2.4433515965938568E-002  -1.5100382734090090E-003   1.8928507342934608E-003  -2.4433515965938568E-002   0.0000000000000000     
   0.0000000000000000       0.12811932526528835        2.7988013345748186E-002  -2.7384709566831589E-002 -0.12811932526528835        0.0000000000000000       0.82565236464142799       -1.8885714467614889E-002  -2.7988013345748186E-002 -0.82565236464142799        0.0000000000000000       -1.8354477360844612E-003   2.7384709566831589E-002   1.8885714467614889E-002   1.8354477360844612E-003   0.0000000000000000     
   0.0000000000000000      -0.16342909075319767       -1.9261888344772160E-002   7.6660330487356987E-003  0.16342909075319767        0.0000000000000000       0.84001859650015831        1.5088940981513588E-002   1.9261888344772160E-002 -0.84001859650015831        0.0000000000000000        1.1729263459073991E-002  -7.6660330487356987E-003  -1.5088940981513588E-002  -1.1729263459073991E-002   0.0000000000000000     
   0.0000000000000000      -0.14485211817191157       0.10762897765107482        1.4242512232158333E-002  0.14485211817191157        0.0000000000000000        7.0679988712072372E-003   1.5417018498737889E-002 -0.10762897765107482       -7.0679988712072372E-003   0.0000000000000000        1.1432361327024410E-002  -1.4242512232158333E-002  -1.5417018498737889E-002  -1.1432361327024410E-002   0.0000000000000000     
   0.0000000000000000      -0.19648161999793956        8.0123754469241248E-002   7.1122201043181121E-003  0.19648161999793956        0.0000000000000000       0.18303964287042618        1.7523016616564746E-002  -8.0123754469241248E-002 -0.18303964287042618        0.0000000000000000       -1.4185572295787097E-002  -7.1122201043181121E-003  -1.7523016616564746E-002   1.4185572295787097E-002   0.0000000000000000     
   0.0000000000000000       0.75651000533252954      -0.23056486540781407       -8.2558426584000699E-007 -0.75651000533252954        0.0000000000000000      -0.89928387276768262        1.8213189605376101E-006  0.23056486540781407       0.89928387276768262        0.0000000000000000       0.19506002013804391        8.2558426584000699E-007  -1.8213189605376101E-006 -0.19506002013804391        0.0000000000000000     
   0.0000000000000000      -0.21815624833106995      -0.12085685522833955        2.7914843485632446E-006  0.21815624833106995        0.0000000000000000      -0.31506173625348310        2.7939049687120132E-006  0.12085685522833955       0.31506173625348310        0.0000000000000000       0.26609319079807392       -2.7914843485632446E-006  -2.7939049687120132E-006 -0.26609319079807392        0.0000000000000000     
   0.0000000000000000        5.4316813126206398E-002   1.9576909719035029E-002   5.2949644668842666E-008  -5.4316813126206398E-002   0.0000000000000000        3.7141200155019760E-003  -4.9072923502535559E-009  -1.9576909719035029E-002  -3.7141200155019760E-003   0.0000000000000000        1.0464202659932198E-006  -5.2949644668842666E-008   4.9072923502535559E-009  -1.0464202659932198E-006   0.0000000000000000     
   0.0000000000000000       0.22561109811067581      -0.15989273041486740        7.9345994608956971E-003 -0.22561109811067581        0.0000000000000000       0.79468829929828644        5.5707494457237772E-003  0.15989273041486740      -0.79468829929828644        0.0000000000000000       -6.6627316064113984E-002  -7.9345994608956971E-003  -5.5707494457237772E-003   6.6627316064113984E-002   0.0000000000000000     
   0.0000000000000000       -4.0624430403113365E-002  -4.9114973284304142E-002   4.2844694644372794E-003   4.0624430403113365E-002   0.0000000000000000       -5.0788217224180698E-002  -8.8086750147340354E-003   4.9114973284304142E-002   5.0788217224180698E-002   0.0000000000000000       -1.1107972833087842E-002  -4.2844694644372794E-003   8.8086750147340354E-003   1.1107972833087842E-002   0.0000000000000000     
   0.0000000000000000       -2.4976680986583233E-002   2.8102099895477295E-004   4.9221853259950876E-009   2.4976680986583233E-002   0.0000000000000000       -1.4022931456565857E-002  -4.3164436647202820E-007  -2.8102099895477295E-004   1.4022931456565857E-002   0.0000000000000000       -3.9270071283681318E-007  -4.9221853259950876E-009   4.3164436647202820E-007   3.9270071283681318E-007   0.0000000000000000     
   0.0000000000000000       -5.6654440239071846E-002   6.0458742082118988E-002   3.7886848076595925E-006   5.6654440239071846E-002   0.0000000000000000      -0.32495151460170746       -1.4250048479880206E-005  -6.0458742082118988E-002  0.32495151460170746        0.0000000000000000        1.2513217370724306E-005  -3.7886848076595925E-006   1.4250048479880206E-005  -1.2513217370724306E-005   0.0000000000000000     
   0.0000000000000000        3.5489013418555260E-002  -1.3266533613204956E-002   2.0263027381588472E-003  -3.5489013418555260E-002   0.0000000000000000        6.0493616387248039E-002  -4.9818362335827260E-003   1.3266533613204956E-002  -6.0493616387248039E-002   0.0000000000000000        3.7227746297503472E-003  -2.0263027381588472E-003   4.9818362335827260E-003  -3.7227746297503472E-003   0.0000000000000000     
   0.0000000000000000      -0.11739090830087662        3.8132583722472191E-002   2.7092155069112778E-003  0.11739090830087662        0.0000000000000000      -0.12011861056089401        7.3440442793071270E-003  -3.8132583722472191E-002  0.12011861056089401        0.0000000000000000       -1.8187193199992180E-003  -2.7092155069112778E-003  -7.3440442793071270E-003   1.8187193199992180E-003   0.0000000000000000     
   0.0000000000000000      -0.11356582865118980        7.3538254946470261E-003   1.1307074222713709E-002  0.11356582865118980        0.0000000000000000        1.7977537587285042E-002  -3.2286860514432192E-003  -7.3538254946470261E-003  -1.7977537587285042E-002   0.0000000000000000       -9.5843439921736717E-003  -1.1307074222713709E-002   3.2286860514432192E-003   9.5843439921736717E-003   0.0000000000000000     
   0.0000000000000000        5.1779938861727715E-002   1.3313814997673035E-004   3.4049428068101406E-003  -5.1779938861727715E-002   0.0000000000000000       -2.6993963867425919E-002  -3.0713822925463319E-003  -1.3313814997673035E-004   2.6993963867425919E-002   0.0000000000000000       -2.8121827170252800E-002  -3.4049428068101406E-003   3.0713822925463319E-003   2.8121827170252800E-002   0.0000000000000000     
   0.0000000000000000        7.8476419672369957E-002  -4.4288409873843193E-002   7.0216350723057985E-003  -7.8476419672369957E-002   0.0000000000000000        6.0458220541477203E-003   1.0547022975515574E-002   4.4288409873843193E-002  -6.0458220541477203E-003   0.0000000000000000        1.7737396527081728E-002  -7.0216350723057985E-003  -1.0547022975515574E-002  -1.7737396527081728E-002   0.0000000000000000     
   0.0000000000000000       -4.5709328725934029E-002   1.2292745173908770E-002  -2.0296610891819000E-003   4.5709328725934029E-002   0.0000000000000000       -1.8405499868094921E-002   1.3044505845755339E-002  -1.2292745173908770E-002   1.8405499868094921E-002   0.0000000000000000        1.7961835721507668E-002   2.0296610891819000E-003  -1.3044505845755339E-002  -1.7961835721507668E-002   0.0000000000000000     
   0.0000000000000000       -1.0179133025303599E-002   5.3083013526702416E-003  -4.1559116070857272E-003   1.0179133025303599E-002   0.0000000000000000        3.4743715077638626E-003   1.5286370180547237E-002  -5.3083013526702416E-003  -3.4743715077638626E-003   0.0000000000000000       -5.0636205822229385E-002   4.1559116070857272E-003  -1.5286370180547237E-002   5.0636205822229385E-002   0.0000000000000000     
   0.0000000000000000       -2.6635871108737774E-006  -4.6066525101196021E-006  -3.9428246054740157E-005   2.6635871108737774E-006   0.0000000000000000        5.4301992058753967E-003   2.7645135298371315E-002   4.6066525101196021E-006  -5.4301992058753967E-003   0.0000000000000000       -4.6524094417691231E-002   3.9428246054740157E-005  -2.7645135298371315E-002   4.6524094417691231E-002   0.0000000000000000     
   0.0000000000000000       -2.5421369173272979E-005  -5.7737979659577832E-006  -3.7791134673170745E-005   2.5421369173272979E-005   0.0000000000000000       -8.1374489236623049E-003  -1.0808845981955528E-003   5.7737979659577832E-006   8.1374489236623049E-003   0.0000000000000000       -1.0713567491620779E-002   3.7791134673170745E-005   1.0808845981955528E-003   1.0713567491620779E-002   0.0000000000000000     
   0.0000000000000000       -1.0234701039735228E-004  -6.9784227889613248E-006   7.9133678809739649E-006   1.0234701039735228E-004   0.0000000000000000       -6.8699766416102648E-003  -2.9753483831882477E-003   6.9784227889613248E-006   6.8699766416102648E-003   0.0000000000000000       -1.0534847155213356E-002  -7.9133678809739649E-006   2.9753483831882477E-003   1.0534847155213356E-002   0.0000000000000000     
   0.0000000000000000       0.20895552635192871       -7.1909406915438012E-003   1.5893008394414210E-003 -0.20895552635192871        0.0000000000000000       -8.1105304661832633E-003  -1.5344408984674374E-003   7.1909406915438012E-003   8.1105304661832633E-003   0.0000000000000000       -1.0185861494392157E-002  -1.5893008394414210E-003   1.5344408984674374E-003   1.0185861494392157E-002   0.0000000000000000     
   0.0000000000000000        3.9411679608747363E-006  -9.1844797134399414E-004  -6.5708812326192856E-003  -3.9411679608747363E-006   0.0000000000000000        1.4017545709066326E-005  -1.0565255070105195E-004   9.1844797134399414E-004  -1.4017545709066326E-005   0.0000000000000000        6.1553444713354111E-002   6.5708812326192856E-003   1.0565255070105195E-004  -6.1553444713354111E-002   0.0000000000000000     
   0.0000000000000000        2.6465842893230729E-005  -5.4816597839817405E-003   3.5706339403986931E-003  -2.6465842893230729E-005   0.0000000000000000       -6.2523927226720843E-006   4.1159908505505882E-005   5.4816597839817405E-003   6.2523927226720843E-006   0.0000000000000000        1.3054896146059036E-002  -3.5706339403986931E-003  -4.1159908505505882E-005  -1.3054896146059036E-002   0.0000000000000000     
   0.0000000000000000       -1.7413582099834457E-005   1.9748865626752377E-002   7.7449083328247070E-003   1.7413582099834457E-005   0.0000000000000000       -9.1898573373327963E-006   3.5445784305920824E-005  -1.9748865626752377E-002   9.1898573373327963E-006   0.0000000000000000        1.7942618578672409E-002  -7.7449083328247070E-003  -3.5445784305920824E-005  -1.7942618578672409E-002   0.0000000000000000     
   0.0000000000000000       -7.2005059337243438E-005   1.1939940042793751E-002  -8.2856453955173492E-003   7.2005059337243438E-005   0.0000000000000000       -6.0547972680069506E-007   1.4949891919968650E-005  -1.1939940042793751E-002   6.0547972680069506E-007   0.0000000000000000       -2.1370265632867813E-002   8.2856453955173492E-003  -1.4949891919968650E-005   2.1370265632867813E-002   0.0000000000000000     
   0.0000000000000000      -0.12539398670196533        8.1781402623164468E-003  -4.1874852468026802E-002  0.12539398670196533        0.0000000000000000       -1.1522146891365992E-002  -4.3414532759925351E-002  -8.1781402623164468E-003   1.1522146891365992E-002   0.0000000000000000        4.0901526808738708E-003   4.1874852468026802E-002   4.3414532759925351E-002  -4.0901526808738708E-003   0.0000000000000000     
   0.0000000000000000        1.4978878898546100E-003  -1.2109627277823165E-005   2.0180172214168124E-005  -1.4978878898546100E-003   0.0000000000000000       -4.6899562003090978E-003  -3.4146018326282501E-002   1.2109627277823165E-005   4.6899562003090978E-003   0.0000000000000000       -1.4880134258419275E-002  -2.0180172214168124E-005   3.4146018326282501E-002   1.4880134258419275E-002   0.0000000000000000     
   0.0000000000000000       -7.5235108852211852E-005  -7.7282093116082251E-006  -3.3049304875021335E-005   7.5235108852211852E-005   0.0000000000000000        2.4538184516131878E-004  -3.4582731546834111E-002   7.7282093116082251E-006  -2.4538184516131878E-004   0.0000000000000000       -5.9612680226564407E-002   3.3049304875021335E-005   3.4582731546834111E-002   5.9612680226564407E-002   0.0000000000000000     
   0.0000000000000000       -3.8328465961967595E-005   4.9996933739748783E-006   1.6525533283129334E-005   3.8328465961967595E-005   0.0000000000000000        2.2453021665569395E-003  -2.4156011641025543E-003  -4.9996933739748783E-006  -2.2453021665569395E-003   0.0000000000000000       -1.4590188860893250E-002  -1.6525533283129334E-005   2.4156011641025543E-003   1.4590188860893250E-002   0.0000000000000000     
   0.0000000000000000       -6.2128119679982774E-006   1.4396500773727894E-006  -2.0943972231179941E-005   6.2128119679982774E-006   0.0000000000000000       -4.8169338551815599E-003  -6.8163215182721615E-003  -1.4396500773727894E-006   4.8169338551815599E-003   0.0000000000000000       -2.1614911966025829E-002   2.0943972231179941E-005   6.8163215182721615E-003   2.1614911966025829E-002   0.0000000000000000     
   0.0000000000000000       -4.9701161515258718E-006  -3.5697794373845682E-006  -5.2905943448422477E-007   4.9701161515258718E-006   0.0000000000000000       -2.1932148374617100E-002   3.6284798145061359E-002   3.5697794373845682E-006   2.1932148374617100E-002   0.0000000000000000        1.4504902996122837E-002   5.2905943448422477E-007  -3.6284798145061359E-002  -1.4504902996122837E-002   0.0000000000000000     
   0.0000000000000000        2.9647496442521515E-002   5.2070178322765059E-003  -3.1957129613147117E-004  -2.9647496442521515E-002   0.0000000000000000        4.5286055654287338E-002   5.3089866414666176E-002  -5.2070178322765059E-003  -4.5286055654287338E-002   0.0000000000000000        3.2900475896894932E-002   3.1957129613147117E-004  -5.3089866414666176E-002  -3.2900475896894932E-002   0.0000000000000000     
   0.0000000000000000        6.6457156790420413E-003  -8.0306858289986849E-003  -3.2247579656541348E-004  -6.6457156790420413E-003   0.0000000000000000        5.0011649727821350E-004  -3.9619904011487961E-002   8.0306858289986849E-003  -5.0011649727821350E-004   0.0000000000000000        1.4287717640399933E-002   3.2247579656541348E-004   3.9619904011487961E-002  -1.4287717640399933E-002   0.0000000000000000     
   0.0000000000000000       -1.0560158640146255E-002   7.7438544249162078E-003   1.3304920867085457E-003   1.0560158640146255E-002   0.0000000000000000        1.4439680147916079E-002  -3.0377269722521305E-003  -7.7438544249162078E-003  -1.4439680147916079E-002   0.0000000000000000        5.2295667119324207E-003  -1.3304920867085457E-003   3.0377269722521305E-003  -5.2295667119324207E-003   0.0000000000000000     
   0.0000000000000000       -9.1677798191085458E-003   1.4099314808845520E-002   4.9976579612120986E-004   9.1677798191085458E-003   0.0000000000000000        2.7164285071194172E-002  -7.7330560889095068E-003  -1.4099314808845520E-002  -2.7164285071194172E-002   0.0000000000000000        2.8471310622990131E-002  -4.9976579612120986E-004   7.7330560889095068E-003  -2.8471310622990131E-002   0.0000000000000000     
   0.0000000000000000       -2.2307033403194509E-002   1.6576036810874939E-002  -1.5811303164809942E-003   2.2307033403194509E-002   0.0000000000000000      -0.37190699577331543        1.1844034306704998E-002  -1.6576036810874939E-002  0.37190699577331543        0.0000000000000000       -8.6208079010248184E-003   1.5811303164809942E-003  -1.1844034306704998E-002   8.6208079010248184E-003   0.0000000000000000     
   0.0000000000000000        1.7525760456919670E-002  -2.5390547700226307E-002   1.3237005332484841E-003  -1.7525760456919670E-002   0.0000000000000000      -0.33465528488159180        1.0865134652704000E-002   2.5390547700226307E-002  0.33465528488159180        0.0000000000000000       -1.0987967252731323E-002  -1.3237005332484841E-003  -1.0865134652704000E-002   1.0987967252731323E-002   0.0000000000000000     
   0.0000000000000000       -1.1943350546061993E-002   3.2395816873759031E-002  -9.7351773001719266E-004   1.1943350546061993E-002   0.0000000000000000        1.0290041565895081E-002  -3.3479301491752267E-003  -3.2395816873759031E-002  -1.0290041565895081E-002   0.0000000000000000        9.2636384069919586E-003   9.7351773001719266E-004   3.3479301491752267E-003  -9.2636384069919586E-003   0.0000000000000000     
   0.0000000000000000        1.6859839670360088E-002   1.4846772188320756E-002  -2.5095464661717415E-004  -1.6859839670360088E-002   0.0000000000000000       0.10802653431892395       -5.5187344551086426E-003  -1.4846772188320756E-002 -0.10802653431892395        0.0000000000000000        1.3347324449568987E-002   2.5095464661717415E-004   5.5187344551086426E-003  -1.3347324449568987E-002   0.0000000000000000     
   0.0000000000000000        5.0881410017609596E-002   3.3855602028779685E-002   8.4202704601921141E-004  -5.0881410017609596E-002   0.0000000000000000       0.12192413583397865       -1.1582151520997286E-002  -3.3855602028779685E-002 -0.12192413583397865        0.0000000000000000       -3.2011593459174037E-002  -8.4202704601921141E-004   1.1582151520997286E-002   3.2011593459174037E-002   0.0000000000000000     
   0.0000000000000000        9.6699930727481842E-003   1.1929379776120186E-002   1.6863527380337473E-003  -9.6699930727481842E-003   0.0000000000000000        7.1672350168228149E-003   1.2568414211273193E-002  -1.1929379776120186E-002  -7.1672350168228149E-003   0.0000000000000000        3.1525176018476486E-002  -1.6863527380337473E-003  -1.2568414211273193E-002  -3.1525176018476486E-002   0.0000000000000000     
   0.0000000000000000        1.3772680889815092E-002  -1.0213879868388176E-003  -4.2984915198758245E-003  -1.3772680889815092E-002   0.0000000000000000        3.5868153907358646E-002  -1.9162488169968128E-002   1.0213879868388176E-003  -3.5868153907358646E-002   0.0000000000000000       -2.1376523189246655E-002   4.2984915198758245E-003   1.9162488169968128E-002   2.1376523189246655E-002   0.0000000000000000     
   0.0000000000000000       -8.6355082690715790E-002  -3.1086745439097285E-003  -3.8126951549202204E-003   8.6355082690715790E-002   0.0000000000000000       -1.9394290633499622E-002  -1.0354459402151406E-002   3.1086745439097285E-003   1.9394290633499622E-002   0.0000000000000000        1.9669408909976482E-002   3.8126951549202204E-003   1.0354459402151406E-002  -1.9669408909976482E-002   0.0000000000000000     
   0.0000000000000000        6.3475907314568758E-002   1.3351988047361374E-002  -1.5583473723381758E-003  -6.3475907314568758E-002   0.0000000000000000        3.7966071162372828E-002   1.8227813765406609E-002  -1.3351988047361374E-002  -3.7966071162372828E-002   0.0000000000000000       -5.2687693387269974E-003   1.5583473723381758E-003  -1.8227813765406609E-002   5.2687693387269974E-003   0.0000000000000000     
   0.0000000000000000       -4.8541575670242310E-002   2.1867576986551285E-002  -3.8764195051044226E-003   4.8541575670242310E-002   0.0000000000000000       -2.8085838537663221E-002   1.8953510560095310E-002  -2.1867576986551285E-002   2.8085838537663221E-002   0.0000000000000000       -3.1191131565719843E-003   3.8764195051044226E-003  -1.8953510560095310E-002   3.1191131565719843E-003   0.0000000000000000     
   0.0000000000000000        8.2100693136453629E-002   3.6016254685819149E-002   2.1058949641883373E-004  -8.2100693136453629E-002   0.0000000000000000       -1.1249225586652756E-002  -1.0367175564169884E-003  -3.6016254685819149E-002   1.1249225586652756E-002   0.0000000000000000        3.3781534875743091E-003  -2.1058949641883373E-004   1.0367175564169884E-003  -3.3781534875743091E-003   0.0000000000000000     
   0.0000000000000000       -1.5481954440474510E-002   4.1738770902156830E-002  -3.5716514103114605E-003   1.5481954440474510E-002   0.0000000000000000       -7.1757743135094643E-002  -2.1408258937299252E-002  -4.1738770902156830E-002   7.1757743135094643E-002   0.0000000000000000       -2.1661110222339630E-003   3.5716514103114605E-003   2.1408258937299252E-002   2.1661110222339630E-003   0.0000000000000000     
   0.0000000000000000       -2.0602775271981955E-002  -3.4717400558292866E-002  -3.5419524647295475E-003   2.0602775271981955E-002   0.0000000000000000       -6.9208666682243347E-002   2.8585458174347878E-002   3.4717400558292866E-002   6.9208666682243347E-002   0.0000000000000000        6.4986656652763486E-003   3.5419524647295475E-003  -2.8585458174347878E-002  -6.4986656652763486E-003   0.0000000000000000     
   0.0000000000000000        2.7984038926661015E-002  -2.0717754494398832E-002   1.7876352183520794E-002  -2.7984038926661015E-002   0.0000000000000000        2.2477654740214348E-002  -8.8916216045618057E-003   2.0717754494398832E-002  -2.2477654740214348E-002   0.0000000000000000        1.1379259696695954E-002  -1.7876352183520794E-002   8.8916216045618057E-003  -1.1379259696695954E-002   0.0000000000000000     
   0.0000000000000000       -1.0426138760522008E-002  -4.3258035555481911E-002   9.5964990323409438E-003   1.0426138760522008E-002   0.0000000000000000        3.1665081158280373E-002  -3.2580598257482052E-002   4.3258035555481911E-002  -3.1665081158280373E-002   0.0000000000000000       -1.3689805520698428E-002  -9.5964990323409438E-003   3.2580598257482052E-002   1.3689805520698428E-002   0.0000000000000000     
   0.0000000000000000        2.6125642936676741E-002   1.2218478601425886E-002  -7.8186138998717070E-003  -2.6125642936676741E-002   0.0000000000000000        6.9120946573093534E-003   1.5965701546519995E-002  -1.2218478601425886E-002  -6.9120946573093534E-003   0.0000000000000000        4.7997361980378628E-003   7.8186138998717070E-003  -1.5965701546519995E-002  -4.7997361980378628E-003   0.0000000000000000     
   0.0000000000000000        2.9927271651104093E-002  -3.7218649405986071E-002  -9.5680467784404755E-003  -2.9927271651104093E-002   0.0000000000000000       -2.1382806822657585E-002   8.3348900079727173E-004   3.7218649405986071E-002   2.1382806822657585E-002   0.0000000000000000       -3.5254940390586853E-002   9.5680467784404755E-003  -8.3348900079727173E-004   3.5254940390586853E-002   0.0000000000000000     
   0.0000000000000000       -3.4587713307701051E-002   3.3912404673174024E-002  -5.9928381815552711E-003   3.4587713307701051E-002   0.0000000000000000        4.3686003424227238E-002  -4.2709903791546822E-002  -3.3912404673174024E-002  -4.3686003424227238E-002   0.0000000000000000        3.9512792602181435E-002   5.9928381815552711E-003   4.2709903791546822E-002  -3.9512792602181435E-002   0.0000000000000000     
   0.0000000000000000        1.5095894108526409E-002   2.5347369373776019E-002   1.5305493958294392E-002  -1.5095894108526409E-002   0.0000000000000000        1.4350291923619807E-002   8.7435815948992968E-003  -2.5347369373776019E-002  -1.4350291923619807E-002   0.0000000000000000       -2.6394429849460721E-002  -1.5305493958294392E-002  -8.7435815948992968E-003   2.6394429849460721E-002   0.0000000000000000     
   0.0000000000000000       -2.0664955023676157E-002  -1.6517315059900284E-002   4.0965272113680840E-002   2.0664955023676157E-002   0.0000000000000000       -3.1347463838756084E-002   3.7510773167014122E-002   1.6517315059900284E-002   3.1347463838756084E-002   0.0000000000000000       -2.8883976163342595E-002  -4.0965272113680840E-002  -3.7510773167014122E-002   2.8883976163342595E-002   0.0000000000000000     
   0.0000000000000000        1.1557175777852535E-002   2.0741426618769765E-002   3.5933838225901127E-002  -1.1557175777852535E-002   0.0000000000000000       -6.5878276713192463E-002   2.4388100020587444E-002  -2.0741426618769765E-002   6.5878276713192463E-002   0.0000000000000000        3.7967422977089882E-002  -3.5933838225901127E-002  -2.4388100020587444E-002  -3.7967422977089882E-002   0.0000000000000000     
   0.0000000000000000        4.7186668962240219E-003   3.4858486615121365E-003   8.5785901173949242E-003  -4.7186668962240219E-003   0.0000000000000000        8.4613883867859840E-002   2.0122630521655083E-003  -3.4858486615121365E-003  -8.4613883867859840E-002   0.0000000000000000        2.1051174029707909E-002  -8.5785901173949242E-003  -2.0122630521655083E-003  -2.1051174029707909E-002   0.0000000000000000     
   0.0000000000000000       -2.6118404231965542E-002  -1.2420891784131527E-002  -1.0716635733842850E-002   2.6118404231965542E-002   0.0000000000000000        2.6501694694161415E-002   9.9810035899281502E-003   1.2420891784131527E-002  -2.6501694694161415E-002   0.0000000000000000        1.5646481886506081E-002   1.0716635733842850E-002  -9.9810035899281502E-003  -1.5646481886506081E-002   0.0000000000000000     
   0.0000000000000000        2.5340432533994317E-002  -1.5960682678269222E-002  -2.8535449877381325E-002  -2.5340432533994317E-002   0.0000000000000000        3.6581140011548996E-002   1.8881838768720627E-003   1.5960682678269222E-002  -3.6581140011548996E-002   0.0000000000000000       -8.4990445524454117E-002   2.8535449877381325E-002  -1.8881838768720627E-003   8.4990445524454117E-002   0.0000000000000000     
   0.0000000000000000       -1.9641391932964325E-002  -3.2141328789293766E-002  -4.9652028828859329E-003   1.9641391932964325E-002   0.0000000000000000       0.13570838421583176       -1.1438402580097318E-002   3.2141328789293766E-002 -0.13570838421583176        0.0000000000000000       -7.8166477382183075E-002   4.9652028828859329E-003   1.1438402580097318E-002   7.8166477382183075E-002   0.0000000000000000     
   0.0000000000000000        3.9976796135306358E-002   3.3054597675800323E-002   6.3786469399929047E-004  -3.9976796135306358E-002   0.0000000000000000        7.1669034659862518E-003  -1.0179056553170085E-003  -3.3054597675800323E-002  -7.1669034659862518E-003   0.0000000000000000        7.0556787773966789E-002  -6.3786469399929047E-004   1.0179056553170085E-003  -7.0556787773966789E-002   0.0000000000000000     
   0.0000000000000000        5.6618824601173401E-003  -1.5226768562570214E-002   1.5251165721565485E-002  -5.6618824601173401E-003   0.0000000000000000       -2.7898117899894714E-002   1.0388729388068896E-003   1.5226768562570214E-002   2.7898117899894714E-002   0.0000000000000000       -1.7979372292757034E-002  -1.5251165721565485E-002  -1.0388729388068896E-003   1.7979372292757034E-002   0.0000000000000000     
   0.0000000000000000       -1.4691661112010479E-002   2.9442176222801208E-002  -1.4019656693562865E-002   1.4691661112010479E-002   0.0000000000000000        8.2466471940279007E-003   2.1688407287001610E-004  -2.9442176222801208E-002  -8.2466471940279007E-003   0.0000000000000000        5.7463571429252625E-003   1.4019656693562865E-002  -2.1688407287001610E-004  -5.7463571429252625E-003   0.0000000000000000     
   0.0000000000000000       -4.1473705321550369E-002  -1.8249689601361752E-002   1.3798380037769675E-002   4.1473705321550369E-002   0.0000000000000000        1.4043014496564865E-002  -7.3337218491360545E-003   1.8249689601361752E-002  -1.4043014496564865E-002   0.0000000000000000        3.7141823209822178E-002  -1.3798380037769675E-002   7.3337218491360545E-003  -3.7141823209822178E-002   0.0000000000000000     
   0.0000000000000000        2.7636684062599670E-002   1.6888211946934462E-002   2.7286037337034941E-002  -2.7636684062599670E-002   0.0000000000000000        4.5645280973985791E-002  -6.6204363247379661E-003  -1.6888211946934462E-002  -4.5645280973985791E-002   0.0000000000000000       -8.4301829338073730E-003  -2.7286037337034941E-002   6.6204363247379661E-003   8.4301829338073730E-003   0.0000000000000000     
   0.0000000000000000        1.0614479891955853E-002  -2.7478812262415886E-004  -8.9731207117438316E-004  -1.0614479891955853E-002   0.0000000000000000        3.2499490771442652E-002   7.4363725725561380E-003   2.7478812262415886E-004  -3.2499490771442652E-002   0.0000000000000000        7.1306596510112286E-003   8.9731207117438316E-004  -7.4363725725561380E-003  -7.1306596510112286E-003   0.0000000000000000     
   0.0000000000000000       -8.1497139763087034E-003   2.2849784232676029E-002  -3.4736817702651024E-002   8.1497139763087034E-003   0.0000000000000000       -2.1322895307093859E-002   6.0548578621819615E-003  -2.2849784232676029E-002   2.1322895307093859E-002   0.0000000000000000       -4.1616333648562431E-002   3.4736817702651024E-002  -6.0548578621819615E-003   4.1616333648562431E-002   0.0000000000000000     
   0.0000000000000000        3.0171656049787998E-002   4.7170370817184448E-003  -7.4302617460489273E-002  -3.0171656049787998E-002   0.0000000000000000       -1.6337928827852011E-002   9.0590619947761297E-003  -4.7170370817184448E-003   1.6337928827852011E-002   0.0000000000000000       -6.6025517880916595E-003   7.4302617460489273E-002  -9.0590619947761297E-003   6.6025517880916595E-003   0.0000000000000000     
   0.0000000000000000        3.5876645706593990E-002   4.8956319689750671E-002   6.7783508449792862E-002  -3.5876645706593990E-002   0.0000000000000000       -1.4432675088755786E-002  -5.4494214709848166E-003  -4.8956319689750671E-002   1.4432675088755786E-002   0.0000000000000000       -6.6644119098782539E-002  -6.7783508449792862E-002   5.4494214709848166E-003   6.6644119098782539E-002   0.0000000000000000     
   0.0000000000000000        4.3732324615120888E-002  -8.6886044591665268E-003  -6.7574966698884964E-002  -4.3732324615120888E-002   0.0000000000000000        1.8128711730241776E-002   2.0147456089034677E-003   8.6886044591665268E-003  -1.8128711730241776E-002   0.0000000000000000        6.8476814776659012E-003   6.7574966698884964E-002  -2.0147456089034677E-003  -6.8476814776659012E-003   0.0000000000000000     
   0.0000000000000000        4.9161700531840324E-002  -4.8090919852256775E-002   6.1021141707897186E-002  -4.9161700531840324E-002   0.0000000000000000       -4.4299946166574955E-003   1.7342009814456105E-003   4.8090919852256775E-002   4.4299946166574955E-003   0.0000000000000000        5.9791006147861481E-002  -6.1021141707897186E-002  -1.7342009814456105E-003  -5.9791006147861481E-002   0.0000000000000000     
   0.0000000000000000       -5.2080964669585228E-002   4.4708460569381714E-002  -6.2519889324903488E-003   5.2080964669585228E-002   0.0000000000000000        1.0606744326651096E-002   3.5941709065809846E-003  -4.4708460569381714E-002  -1.0606744326651096E-002   0.0000000000000000       -3.9012581110000610E-003   6.2519889324903488E-003  -3.5941709065809846E-003   3.9012581110000610E-003   0.0000000000000000     
   0.0000000000000000       -1.8723194021731615E-002   4.1464397683739662E-002   3.9037756621837616E-002   1.8723194021731615E-002   0.0000000000000000       -3.0413806671276689E-003   1.7951702466234565E-003  -4.1464397683739662E-002   3.0413806671276689E-003   0.0000000000000000        4.8230540007352829E-002  -3.9037756621837616E-002  -1.7951702466234565E-003  -4.8230540007352829E-002   0.0000000000000000     
   0.0000000000000000       -5.8095175772905350E-003   9.7339530475437641E-003  -2.1514706313610077E-003   5.8095175772905350E-003   0.0000000000000000       -7.2994548827409744E-003   9.6913487650454044E-003  -9.7339530475437641E-003   7.2994548827409744E-003   0.0000000000000000       -2.2712737787514925E-002   2.1514706313610077E-003  -9.6913487650454044E-003   2.2712737787514925E-002   0.0000000000000000     
   0.0000000000000000       -5.0950817763805389E-002  -3.0906704254448414E-002  -2.4193352088332176E-002   5.0950817763805389E-002   0.0000000000000000       -2.4691792903468013E-002  -1.2752713169902563E-002   3.0906704254448414E-002   2.4691792903468013E-002   0.0000000000000000        4.8510743305087090E-002   2.4193352088332176E-002   1.2752713169902563E-002  -4.8510743305087090E-002   0.0000000000000000     
