   0.0000000000000000       -2.5294162333011627E-003   1.2341214343905449E-002  -4.8883957788348198E-003  -9.0473827185633127E-007  -7.0526402851101011E-007   2.5294162333011627E-003   0.0000000000000000        5.3969623520970345E-002  -1.5235057100653648E-002  -1.2462032827897929E-007  -3.1071067496668547E-008  -1.2341214343905449E-002  -5.3969623520970345E-002   0.0000000000000000       -5.7997771073132753E-003  -1.5839805200812407E-007   5.2677933126688004E-008   4.8883957788348198E-003   1.5235057100653648E-002   5.7997771073132753E-003   0.0000000000000000        1.7173811102111358E-006   6.8073859438300133E-007   9.0473827185633127E-007   1.2462032827897929E-007   1.5839805200812407E-007  -1.7173811102111358E-006   0.0000000000000000        4.1495651006698608E-002   7.0526402851101011E-007   3.1071067496668547E-008  -5.2677933126688004E-008  -6.8073859438300133E-007  -4.1495651006698608E-002   0.0000000000000000     
   0.0000000000000000       -3.6359599791467190E-002  -3.5672211088240147E-003   4.6517113223671913E-003  -6.9097495725145563E-008   8.8879824033938348E-007   3.6359599791467190E-002   0.0000000000000000        7.0478764246217906E-003   7.4860790227830876E-003   1.1359111340425443E-007   9.7616521088639274E-008   3.5672211088240147E-003  -7.0478764246217906E-003   0.0000000000000000        1.8334453925490379E-003   1.6552212400711142E-007   1.7351339920423925E-008  -4.6517113223671913E-003  -7.4860790227830876E-003  -1.8334453925490379E-003   0.0000000000000000       -4.4059856918465812E-007  -7.7890035754535347E-007   6.9097495725145563E-008  -1.1359111340425443E-007  -1.6552212400711142E-007   4.4059856918465812E-007   0.0000000000000000       -2.9100477695465088E-004  -8.8879824033938348E-007  -9.7616521088639274E-008  -1.7351339920423925E-008   7.7890035754535347E-007   2.9100477695465088E-004   0.0000000000000000     
   0.0000000000000000        1.7534028738737106E-003  -2.7220100164413452E-003   5.0095096230506897E-003  -1.3095695976517163E-006   1.1599695426411927E-008  -1.7534028738737106E-003   0.0000000000000000        6.4700816001277417E-003  -2.1077673882246017E-002   1.9885760593751911E-008  -1.5643126971554011E-007   2.7220100164413452E-003  -6.4700816001277417E-003   0.0000000000000000        7.5242617167532444E-003  -1.3310454960446805E-009  -4.6460263547487557E-007  -5.0095096230506897E-003   2.1077673882246017E-002  -7.5242617167532444E-003   0.0000000000000000        2.8308450055192225E-006   1.4429633665713482E-007   1.3095695976517163E-006  -1.9885760593751911E-008   1.3310454960446805E-009  -2.8308450055192225E-006   0.0000000000000000        1.7832480370998383E-003  -1.1599695426411927E-008   1.5643126971554011E-007   4.6460263547487557E-007  -1.4429633665713482E-007  -1.7832480370998383E-003   0.0000000000000000     
   0.0000000000000000       -3.0163755174726248E-002  -6.1901496956124902E-003   7.2565262671560049E-003   3.9685312458459521E-007   3.8027860682632308E-007   3.0163755174726248E-002   0.0000000000000000        7.6716330368071795E-003  -1.0850128950551152E-002   3.9357246350846253E-008  -1.7606134861125611E-007   6.1901496956124902E-003  -7.6716330368071795E-003   0.0000000000000000        4.8627397991367616E-003  -3.4281538319191895E-007  -4.9422396841691807E-008  -7.2565262671560049E-003   1.0850128950551152E-002  -4.8627397991367616E-003   0.0000000000000000        1.1120253020635573E-006  -8.0568042903905734E-007  -3.9685312458459521E-007  -3.9357246350846253E-008   3.4281538319191895E-007  -1.1120253020635573E-006   0.0000000000000000       -6.4906422048807144E-003  -3.8027860682632308E-007   1.7606134861125611E-007   4.9422396841691807E-008   8.0568042903905734E-007   6.4906422048807144E-003   0.0000000000000000     
   0.0000000000000000       -1.9967742264270782E-003  -1.6703590634278953E-002   3.7458493374288082E-002  -2.0101879272260703E-008   3.2656487292115344E-007   1.9967742264270782E-003   0.0000000000000000        1.1843645130284131E-002  -1.2384042143821716E-002   5.8644900491344742E-008   1.3074873095320072E-007   1.6703590634278953E-002  -1.1843645130284131E-002   0.0000000000000000       -5.7584417518228292E-003   6.7268229031469673E-007  -3.2054276744020171E-007  -3.7458493374288082E-002   1.2384042143821716E-002   5.7584417518228292E-003   0.0000000000000000       -2.1129187643964542E-006   9.9547378340503201E-008   2.0101879272260703E-008  -5.8644900491344742E-008  -6.7268229031469673E-007   2.1129187643964542E-006   0.0000000000000000        1.0769027285277843E-002  -3.2656487292115344E-007  -1.3074873095320072E-007   3.2054276744020171E-007  -9.9547378340503201E-008  -1.0769027285277843E-002   0.0000000000000000     
   0.0000000000000000        1.9171369494870305E-002  -9.6206202870234847E-003  -4.2620599269866943E-003  -3.7445659017976141E-008   8.0331801655120216E-008  -1.9171369494870305E-002   0.0000000000000000       -4.6518848466803320E-003   3.3503700047731400E-002  -2.0921788745908998E-008  -6.7526343627832830E-008   9.6206202870234847E-003   4.6518848466803320E-003   0.0000000000000000        1.3117711059749126E-003   8.1813595897983760E-009   1.8619175534695387E-008   4.2620599269866943E-003  -3.3503700047731400E-002  -1.3117711059749126E-003   0.0000000000000000       -3.3803212318161968E-007  -4.8124229579116218E-007   3.7445659017976141E-008   2.0921788745908998E-008  -8.1813595897983760E-009   3.3803212318161968E-007   0.0000000000000000        1.7375729046761990E-002  -8.0331801655120216E-008   6.7526343627832830E-008  -1.8619175534695387E-008   4.8124229579116218E-007  -1.7375729046761990E-002   0.0000000000000000     
   0.0000000000000000       -4.2186919599771500E-003   1.9241442205384374E-003  -2.2047481848858297E-002   6.1536081830126932E-007   3.4506342672102619E-007   4.2186919599771500E-003   0.0000000000000000       -8.3099502371624112E-003   2.6557035744190216E-003  -1.4652084701083368E-007   5.4546717365155928E-007  -1.9241442205384374E-003   8.3099502371624112E-003   0.0000000000000000        1.0166464344365522E-002   1.5958357835188508E-007   2.3077018340700306E-007   2.2047481848858297E-002  -2.6557035744190216E-003  -1.0166464344365522E-002   0.0000000000000000        1.5258412986440817E-006  -1.0692801879486069E-006  -6.1536081830126932E-007   1.4652084701083368E-007  -1.5958357835188508E-007  -1.5258412986440817E-006   0.0000000000000000       -5.7296904269605875E-003  -3.4506342672102619E-007  -5.4546717365155928E-007  -2.3077018340700306E-007   1.0692801879486069E-006   5.7296904269605875E-003   0.0000000000000000     
   0.0000000000000000       -4.9969114363193512E-002   1.8331735860556364E-002  -6.0011371970176697E-003   2.0605890540537075E-006  -9.0019909748662030E-007   4.9969114363193512E-002   0.0000000000000000        6.9891291204839945E-003  -2.7835866436362267E-002   2.2722031189914560E-007  -6.1829166497773258E-007  -1.8331735860556364E-002  -6.9891291204839945E-003   0.0000000000000000       -1.8097913824021816E-002  -3.1146555556915700E-008   1.3214958016760647E-007   6.0011371970176697E-003   2.7835866436362267E-002   1.8097913824021816E-002   0.0000000000000000       -2.8171973553980934E-006   1.0203016245213803E-006  -2.0605890540537075E-006  -2.2722031189914560E-007   3.1146555556915700E-008   2.8171973553980934E-006   0.0000000000000000       -1.9260268658399582E-002   9.0019909748662030E-007   6.1829166497773258E-007  -1.3214958016760647E-007  -1.0203016245213803E-006   1.9260268658399582E-002   0.0000000000000000     
   0.0000000000000000       -6.2140792608261108E-002  -1.7836591228842735E-002  -4.1330277919769287E-002  -2.1727259991166648E-008   8.3375198300927877E-007   6.2140792608261108E-002   0.0000000000000000       -8.8062277063727379E-003  -3.3771267160773277E-002  -6.1921014093968552E-008   6.1006903706584126E-007   1.7836591228842735E-002   8.8062277063727379E-003   0.0000000000000000       -2.7330126613378525E-003  -6.0103229770902544E-007  -9.0130924945697188E-008   4.1330277919769287E-002   3.3771267160773277E-002   2.7330126613378525E-003   0.0000000000000000       -3.1320340667662094E-006  -1.5231717043207027E-007   2.1727259991166648E-008   6.1921014093968552E-008   6.0103229770902544E-007   3.1320340667662094E-006   0.0000000000000000       -3.1663798727095127E-003  -8.3375198300927877E-007  -6.1006903706584126E-007   9.0130924945697188E-008   1.5231717043207027E-007   3.1663798727095127E-003   0.0000000000000000     
   0.0000000000000000       -6.2594301882199943E-002   1.1588344350457191E-003   1.0153541108593345E-002  -2.4109908736136276E-008  -1.2916234481963329E-007   6.2594301882199943E-002   0.0000000000000000       0.16972049814648926       -5.9864839422516525E-003  -1.2249518022144912E-007  -3.8371581467799842E-008  -1.1588344350457191E-003 -0.16972049814648926        0.0000000000000000       -1.8612314015626907E-003  -1.4347278920467943E-008   2.3708616936346516E-007  -1.0153541108593345E-002   5.9864839422516525E-003   1.8612314015626907E-003   0.0000000000000000       -9.5282700840471080E-008  -3.2839125196915120E-007   2.4109908736136276E-008   1.2249518022144912E-007   1.4347278920467943E-008   9.5282700840471080E-008   0.0000000000000000        1.9155172631144524E-003   1.2916234481963329E-007   3.8371581467799842E-008  -2.3708616936346516E-007   3.2839125196915120E-007  -1.9155172631144524E-003   0.0000000000000000     
   0.0000000000000000        1.3225022121332586E-002  -2.6822729967534542E-002  -5.1005106419324875E-002  -1.2672937828028807E-006   1.7509682948002592E-007  -1.3225022121332586E-002   0.0000000000000000       -4.0895141661167145E-002  -2.3603780195116997E-002   5.4960401030257344E-007  -1.5359000826720148E-007   2.6822729967534542E-002   4.0895141661167145E-002   0.0000000000000000        9.7449421882629395E-003  -4.4845353386335773E-007   1.6035301086958498E-007   5.1005106419324875E-002   2.3603780195116997E-002  -9.7449421882629395E-003   0.0000000000000000        1.1607382930378662E-006   1.0692624528019223E-006   1.2672937828028807E-006  -5.4960401030257344E-007   4.4845353386335773E-007  -1.1607382930378662E-006   0.0000000000000000       -2.7925057802349329E-003  -1.7509682948002592E-007   1.5359000826720148E-007  -1.6035301086958498E-007  -1.0692624528019223E-006   2.7925057802349329E-003   0.0000000000000000     
   0.0000000000000000        3.2379324547946453E-003  -4.2578663560561836E-003   1.9242478534579277E-002  -1.0331447697353724E-006  -4.1224211599910632E-007  -3.2379324547946453E-003   0.0000000000000000       -4.5091383159160614E-002   6.6794501035474241E-003  -6.7273276727064513E-008  -2.4527253117412329E-007   4.2578663560561836E-003   4.5091383159160614E-002   0.0000000000000000        6.1338044703006744E-002  -3.7290561749614426E-008   1.6739545571908820E-007  -1.9242478534579277E-002  -6.6794501035474241E-003  -6.1338044703006744E-002   0.0000000000000000       -4.4272939021539059E-006  -7.3640967457322404E-007   1.0331447697353724E-006   6.7273276727064513E-008   3.7290561749614426E-008   4.4272939021539059E-006   0.0000000000000000       -3.3011471386998892E-003   4.1224211599910632E-007   2.4527253117412329E-007  -1.6739545571908820E-007   7.3640967457322404E-007   3.3011471386998892E-003   0.0000000000000000     
   0.0000000000000000        5.2425642497837543E-003  -1.1147073470056057E-002   6.0012802481651306E-002   3.0458829769486329E-007  -8.0319955486629624E-007  -5.2425642497837543E-003   0.0000000000000000       0.25618171691894531       -1.0297035332769156E-002   4.4185526348883286E-009  -6.3042716647032648E-007   1.1147073470056057E-002 -0.25618171691894531        0.0000000000000000       -2.0010214298963547E-002  -5.8999552265959210E-007   1.7709135136101395E-007  -6.0012802481651306E-002   1.0297035332769156E-002   2.0010214298963547E-002   0.0000000000000000        3.1005713196918805E-006   1.9075446289207321E-007  -3.0458829769486329E-007  -4.4185526348883286E-009   5.8999552265959210E-007  -3.1005713196918805E-006   0.0000000000000000       -2.8426326462067664E-003   8.0319955486629624E-007   6.3042716647032648E-007  -1.7709135136101395E-007  -1.9075446289207321E-007   2.8426326462067664E-003   0.0000000000000000     
   0.0000000000000000        7.1945227682590485E-003  -6.1121741309762001E-003  -5.4146651178598404E-002  -1.2503847983680316E-006   1.0075632417283487E-007  -7.1945227682590485E-003   0.0000000000000000        2.4434059858322144E-002   1.0276813758537173E-002  -1.9026992958970368E-007  -9.3699782155454159E-008   6.1121741309762001E-003  -2.4434059858322144E-002   0.0000000000000000       -8.4873914718627930E-002  -1.8648830746315070E-007  -4.3885847844649106E-008   5.4146651178598404E-002  -1.0276813758537173E-002   8.4873914718627930E-002   0.0000000000000000        7.5895695772487670E-007   1.1098536560893990E-006   1.2503847983680316E-006   1.9026992958970368E-007   1.8648830746315070E-007  -7.5895695772487670E-007   0.0000000000000000        8.4485323168337345E-004  -1.0075632417283487E-007   9.3699782155454159E-008   4.3885847844649106E-008  -1.1098536560893990E-006  -8.4485323168337345E-004   0.0000000000000000     
   0.0000000000000000        2.6229564566165209E-002   2.2058756439946592E-002  -1.6979602864012122E-002  -3.0873184186930303E-007   8.8624801719561219E-008  -2.6229564566165209E-002   0.0000000000000000       0.13820690475404263       -1.6499776626005769E-002  -2.4799555831123143E-007   3.6872734199278057E-008  -2.2058756439946592E-002 -0.13820690475404263        0.0000000000000000      -0.11689084768295288        1.2777760503013269E-006  -1.4378588275576476E-007   1.6979602864012122E-002   1.6499776626005769E-002  0.11689084768295288        0.0000000000000000       -2.5685574200906558E-006   8.9467039288138039E-007   3.0873184186930303E-007   2.4799555831123143E-007  -1.2777760503013269E-006   2.5685574200906558E-006   0.0000000000000000       -2.8426158241927624E-003  -8.8624801719561219E-008  -3.6872734199278057E-008   1.4378588275576476E-007  -8.9467039288138039E-007   2.8426158241927624E-003   0.0000000000000000     
   0.0000000000000000       -1.7305110581219196E-002  -3.9720099652186036E-002  -4.0659877238795161E-002   5.5866507864266168E-008   1.0149619811272714E-007   1.7305110581219196E-002   0.0000000000000000       0.24250316619873047       -7.9982658615335822E-002   2.4946257326519117E-007   4.3927684600930661E-007   3.9720099652186036E-002 -0.24250316619873047        0.0000000000000000       0.16000214219093323        7.4817501172219636E-007  -3.9377880511892727E-008   4.0659877238795161E-002   7.9982658615335822E-002 -0.16000214219093323        0.0000000000000000       -1.8719474610406905E-006   5.9548733588599134E-007  -5.5866507864266168E-008  -2.4946257326519117E-007  -7.4817501172219636E-007   1.8719474610406905E-006   0.0000000000000000        1.6756210243329406E-004  -1.0149619811272714E-007  -4.3927684600930661E-007   3.9377880511892727E-008  -5.9548733588599134E-007  -1.6756210243329406E-004   0.0000000000000000     
   0.0000000000000000       -3.7386130075901747E-002  -4.0960674174129963E-002   6.3190850196406245E-003  -6.1861783251515590E-008   2.7850205697177444E-008   3.7386130075901747E-002   0.0000000000000000        4.1235744953155518E-002  -3.1627379357814789E-003   8.3177837950643152E-008  -2.9662260203622282E-008   4.0960674174129963E-002  -4.1235744953155518E-002   0.0000000000000000        3.3209493383765221E-002  -3.3866990634123795E-007   3.7370227801147848E-007  -6.3190850196406245E-003   3.1627379357814789E-003  -3.3209493383765221E-002   0.0000000000000000       -3.2810559105200809E-006   5.5985628932830878E-007   6.1861783251515590E-008  -8.3177837950643152E-008   3.3866990634123795E-007   3.2810559105200809E-006   0.0000000000000000       -3.6658933095168322E-004  -2.7850205697177444E-008   2.9662260203622282E-008  -3.7370227801147848E-007  -5.5985628932830878E-007   3.6658933095168322E-004   0.0000000000000000     
   0.0000000000000000        3.9656534790992737E-003  -1.9139012321829796E-002   3.9229115936905146E-003  -9.6253415904357098E-008  -4.5611159293912351E-009  -3.9656534790992737E-003   0.0000000000000000        9.6759878098964691E-002  -1.5522670000791550E-003   3.5114680940750986E-008  -3.0177943699527532E-008   1.9139012321829796E-002  -9.6759878098964691E-002   0.0000000000000000       -6.1960712075233459E-002   1.0167800610361155E-006  -2.6753150450531393E-007  -3.9229115936905146E-003   1.5522670000791550E-003   6.1960712075233459E-002   0.0000000000000000        5.9556214182521217E-008   1.0917653980868636E-006   9.6253415904357098E-008  -3.5114680940750986E-008  -1.0167800610361155E-006  -5.9556214182521217E-008   0.0000000000000000       -3.7303499993868172E-004   4.5611159293912351E-009   3.0177943699527532E-008   2.6753150450531393E-007  -1.0917653980868636E-006   3.7303499993868172E-004   0.0000000000000000     
   0.0000000000000000       0.42226009070873260        4.7437351197004318E-002   1.5100382734090090E-003  -3.5602533898781985E-007  -2.2096583052189089E-007 -0.42226009070873260        0.0000000000000000      -0.38905163854360580       -1.8928507342934608E-003   2.3226959910971345E-008  -2.1389746507338714E-007  -4.7437351197004318E-002  0.38905163854360580        0.0000000000000000        2.4433515965938568E-002  -2.7870214580616448E-007   1.8481932784197852E-007  -1.5100382734090090E-003   1.8928507342934608E-003  -2.4433515965938568E-002   0.0000000000000000        2.4551524120397517E-006   8.6005911725806072E-008   3.5602533898781985E-007  -2.3226959910971345E-008   2.7870214580616448E-007  -2.4551524120397517E-006   0.0000000000000000        8.8966373004950583E-004   2.2096583052189089E-007   2.1389746507338714E-007  -1.8481932784197852E-007  -8.6005911725806072E-008  -8.8966373004950583E-004   0.0000000000000000     
   0.0000000000000000       0.12811932526528835        2.7988013345748186E-002  -2.7384709566831589E-002  -2.5181799401252647E-007  -7.7139020504546352E-008 -0.12811932526528835        0.0000000000000000       0.82565236464142799       -1.8885714467614889E-002  -4.3279669625917450E-008   1.8386208466836251E-007  -2.7988013345748186E-002 -0.82565236464142799        0.0000000000000000       -1.8354477360844612E-003  -1.0639120091582299E-006  -2.8842259780503809E-007   2.7384709566831589E-002   1.8885714467614889E-002   1.8354477360844612E-003   0.0000000000000000       -1.0748045497166459E-005   1.1820772897408460E-005   2.5181799401252647E-007   4.3279669625917450E-008   1.0639120091582299E-006   1.0748045497166459E-005   0.0000000000000000        1.0494376474525779E-003   7.7139020504546352E-008  -1.8386208466836251E-007   2.8842259780503809E-007  -1.1820772897408460E-005  -1.0494376474525779E-003   0.0000000000000000     
   0.0000000000000000      -0.16342909075319767       -1.9261888344772160E-002   7.6660330487356987E-003  -4.7181197260215413E-007  -1.6010395133889688E-002  0.16342909075319767        0.0000000000000000       0.84001859650015831        1.5088940981513588E-002   2.5495432964817155E-007  -3.6871309139314690E-003   1.9261888344772160E-002 -0.84001859650015831        0.0000000000000000        1.1729263459073991E-002   4.7745515985297970E-007  -3.6122024048381718E-003  -7.6660330487356987E-003  -1.5088940981513588E-002  -1.1729263459073991E-002   0.0000000000000000      -0.12020546942221699       0.28603774329531007        4.7181197260215413E-007  -2.5495432964817155E-007  -4.7745515985297970E-007  0.12020546942221699        0.0000000000000000       0.20379894542566035        1.6010395133889688E-002   3.6871309139314690E-003   3.6122024048381718E-003 -0.28603774329531007      -0.20379894542566035        0.0000000000000000     
   0.0000000000000000      -0.14485211817191157       0.10762897765107482        1.4242512232158333E-002  -6.1786983360434533E-004   1.1083391711963486E-004  0.14485211817191157        0.0000000000000000        7.0679988712072372E-003   1.5417018498737889E-002   9.3594326244783588E-007   2.9163978046256034E-002 -0.10762897765107482       -7.0679988712072372E-003   0.0000000000000000        1.1432361327024410E-002  -5.6388307712040842E-007  -9.4069893402775051E-003  -1.4242512232158333E-002  -1.5417018498737889E-002  -1.1432361327024410E-002   0.0000000000000000       -8.4533751876733731E-002 -0.37970975041389465        6.1786983360434533E-004  -9.3594326244783588E-007   5.6388307712040842E-007   8.4533751876733731E-002   0.0000000000000000       0.31684003770897107       -1.1083391711963486E-004  -2.9163978046256034E-002   9.4069893402775051E-003  0.37970975041389465      -0.31684003770897107        0.0000000000000000     
   0.0000000000000000      -0.19648161999793956        8.0123754469241248E-002   7.1122201043181121E-003   1.2467184474189708E-003  -1.8165426411087537E-004  0.19648161999793956        0.0000000000000000       0.18303964287042618        1.7523016616564746E-002  -4.0564475511928322E-007  -2.7844549354213655E-002  -8.0123754469241248E-002 -0.18303964287042618        0.0000000000000000       -1.4185572295787097E-002   2.4901055439841002E-008   1.1065967672038823E-002  -7.1122201043181121E-003  -1.7523016616564746E-002   1.4185572295787097E-002   0.0000000000000000      -0.36425057454516718        1.5266899466514587       -1.2467184474189708E-003   4.0564475511928322E-007  -2.4901055439841002E-008  0.36425057454516718        0.0000000000000000      -0.29715806053138749        1.8165426411087537E-004   2.7844549354213655E-002  -1.1065967672038823E-002  -1.5266899466514587       0.29715806053138749        0.0000000000000000     
   0.0000000000000000       0.75651000533252954      -0.23056486540781407       -8.2558426584000699E-007   1.2446985085261986E-002  0.11542158992961049      -0.75651000533252954        0.0000000000000000      -0.89928387276768262        1.8213189605376101E-006   3.1322592440119479E-003  0.13829630706459284       0.23056486540781407       0.89928387276768262        0.0000000000000000       0.19506002013804391      -0.66307348664849997      -0.13909870439488259        8.2558426584000699E-007  -1.8213189605376101E-006 -0.19506002013804391        0.0000000000000000      -0.20190796484530438        4.8390069423476234E-005  -1.2446985085261986E-002  -3.1322592440119479E-003  0.66307348664849997       0.20190796484530438        0.0000000000000000      -0.22417616089933290      -0.11542158992961049      -0.13829630706459284       0.13909870439488259       -4.8390069423476234E-005  0.22417616089933290        0.0000000000000000     
   0.0000000000000000      -0.21815624833106995      -0.12085685522833955        2.7914843485632446E-006  -1.5563680445666250E-002 -0.23440682142972946       0.21815624833106995        0.0000000000000000      -0.31506173625348310        2.7939049687120132E-006  -5.6626684108778136E-003 -0.11505528818815947       0.12085685522833955       0.31506173625348310        0.0000000000000000       0.26609319079807392       0.89381068851798773       -4.9765160979859502E-002  -2.7914843485632446E-006  -2.7939049687120132E-006 -0.26609319079807392        0.0000000000000000       0.26200336866895668        2.3534732099506073E-004   1.5563680445666250E-002   5.6626684108778136E-003 -0.89381068851798773      -0.26200336866895668        0.0000000000000000      -0.94635566040597041       0.23440682142972946       0.11505528818815947        4.9765160979859502E-002  -2.3534732099506073E-004  0.94635566040597041        0.0000000000000000     
   0.0000000000000000        5.4316813126206398E-002   1.9576909719035029E-002   5.2949644668842666E-008   3.0417368179769255E-008   1.0082458611577749E-002  -5.4316813126206398E-002   0.0000000000000000        3.7141200155019760E-003  -4.9072923502535559E-009  -7.4066065280931070E-008   7.5803024228662252E-003  -1.9576909719035029E-002  -3.7141200155019760E-003   0.0000000000000000        1.0464202659932198E-006  -2.8966564968868624E-007  -1.4921366237103939E-002  -5.2949644668842666E-008   4.9072923502535559E-009  -1.0464202659932198E-006   0.0000000000000000      -0.10487537086009979       -1.9913578626074013E-006  -3.0417368179769255E-008   7.4066065280931070E-008   2.8966564968868624E-007  0.10487537086009979        0.0000000000000000        2.5930828542186646E-006  -1.0082458611577749E-002  -7.5803024228662252E-003   1.4921366237103939E-002   1.9913578626074013E-006  -2.5930828542186646E-006   0.0000000000000000     
   0.0000000000000000       0.22561109811067581      -0.15989273041486740        7.9345994608956971E-003  -5.4302563512464985E-007   6.5277491677306898E-003 -0.22561109811067581        0.0000000000000000       0.79468829929828644        5.5707494457237772E-003  -1.8702485249377787E-007   2.2273542662105683E-003  0.15989273041486740      -0.79468829929828644        0.0000000000000000       -6.6627316064113984E-002  -2.4740993467275985E-006   2.7802573955682419E-002  -7.9345994608956971E-003  -5.5707494457237772E-003   6.6627316064113984E-002   0.0000000000000000      -0.39238933219075989       0.51849617809057236        5.4302563512464985E-007   1.8702485249377787E-007   2.4740993467275985E-006  0.39238933219075989        0.0000000000000000        2.0000530075776624E-003  -6.5277491677306898E-003  -2.2273542662105683E-003  -2.7802573955682419E-002 -0.51849617809057236       -2.0000530075776624E-003   0.0000000000000000     
   0.0000000000000000       -4.0624430403113365E-002  -4.9114973284304142E-002   4.2844694644372794E-003  -3.0402406991925091E-007  -1.9214030974126217E-003   4.0624430403113365E-002   0.0000000000000000       -5.0788217224180698E-002  -8.8086750147340354E-003   2.5768667910597287E-007  -1.3173140734352273E-002   4.9114973284304142E-002   5.0788217224180698E-002   0.0000000000000000       -1.1107972833087842E-002   2.2847416403237730E-008  -4.6023502036405262E-003  -4.2844694644372794E-003   8.8086750147340354E-003   1.1107972833087842E-002   0.0000000000000000      -0.84705850887985434       -1.0480567216873169        3.0402406991925091E-007  -2.5768667910597287E-007  -2.2847416403237730E-008  0.84705850887985434        0.0000000000000000       0.89761277222532954        1.9214030974126217E-003   1.3173140734352273E-002   4.6023502036405262E-003   1.0480567216873169      -0.89761277222532954        0.0000000000000000     
   0.0000000000000000       -2.4976680986583233E-002   2.8102099895477295E-004   4.9221853259950876E-009  -1.6805643099360168E-008   8.2187226507812738E-004   2.4976680986583233E-002   0.0000000000000000       -1.4022931456565857E-002  -4.3164436647202820E-007   7.8601146924484055E-007   6.1155115254223347E-003  -2.8102099895477295E-004   1.4022931456565857E-002   0.0000000000000000       -3.9270071283681318E-007   2.3265511117642745E-007   1.7397043295204639E-002  -4.9221853259950876E-009   4.3164436647202820E-007   3.9270071283681318E-007   0.0000000000000000        4.0923627093434334E-003  -3.1146774745138828E-005   1.6805643099360168E-008  -7.8601146924484055E-007  -2.3265511117642745E-007  -4.0923627093434334E-003   0.0000000000000000        1.6810776287456974E-005  -8.2187226507812738E-004  -6.1155115254223347E-003  -1.7397043295204639E-002   3.1146774745138828E-005  -1.6810776287456974E-005   0.0000000000000000     
   0.0000000000000000       -5.6654440239071846E-002   6.0458742082118988E-002   3.7886848076595925E-006   3.5046454668190563E-003   5.0724668139991991E-003   5.6654440239071846E-002   0.0000000000000000      -0.32495151460170746       -1.4250048479880206E-005  -1.2417031469794892E-002  -5.0294553127514519E-003  -6.0458742082118988E-002  0.32495151460170746        0.0000000000000000        1.2513217370724306E-005   1.1412713749450631E-002   1.3151080767102030E-002  -3.7886848076595925E-006   1.4250048479880206E-005  -1.2513217370724306E-005   0.0000000000000000       -3.5390575649216771E-003   1.6227061860263348E-004  -3.5046454668190563E-003   1.2417031469794892E-002  -1.1412713749450631E-002   3.5390575649216771E-003   0.0000000000000000      -0.67705833911895752       -5.0724668139991991E-003   5.0294553127514519E-003  -1.3151080767102030E-002  -1.6227061860263348E-004  0.67705833911895752        0.0000000000000000     
   0.0000000000000000        3.5489013418555260E-002  -1.3266533613204956E-002   2.0263027381588472E-003   3.4556321388663491E-003  -5.2174164011375979E-006  -3.5489013418555260E-002   0.0000000000000000        6.0493616387248039E-002  -4.9818362335827260E-003  -1.7629870671953540E-003   2.7425030566519126E-006   1.3266533613204956E-002  -6.0493616387248039E-002   0.0000000000000000        3.7227746297503472E-003   4.1373809654032812E-003  -1.3498508565135126E-005  -2.0263027381588472E-003   4.9818362335827260E-003  -3.7227746297503472E-003   0.0000000000000000      -0.42886066436767578       -2.0261615281924605E-004  -3.4556321388663491E-003   1.7629870671953540E-003  -4.1373809654032812E-003  0.42886066436767578        0.0000000000000000        3.0654337024316192E-005   5.2174164011375979E-006  -2.7425030566519126E-006   1.3498508565135126E-005   2.0261615281924605E-004  -3.0654337024316192E-005   0.0000000000000000     
   0.0000000000000000      -0.11739090830087662        3.8132583722472191E-002   2.7092155069112778E-003  -4.3162435758858919E-007  -3.0966896247264231E-007  0.11739090830087662        0.0000000000000000      -0.12011861056089401        7.3440442793071270E-003   1.5110163076315075E-007   7.2122020355891436E-008  -3.8132583722472191E-002  0.12011861056089401        0.0000000000000000       -1.8187193199992180E-003  -7.0181431510718539E-007  -3.6949268178432249E-007  -2.7092155069112778E-003  -7.3440442793071270E-003   1.8187193199992180E-003   0.0000000000000000       -9.5346949819941074E-006  -1.6484056686749682E-005   4.3162435758858919E-007  -1.5110163076315075E-007   7.0181431510718539E-007   9.5346949819941074E-006   0.0000000000000000        7.6708849519491196E-005   3.0966896247264231E-007  -7.2122020355891436E-008   3.6949268178432249E-007   1.6484056686749682E-005  -7.6708849519491196E-005   0.0000000000000000     
   0.0000000000000000      -0.11356582865118980        7.3538254946470261E-003   1.1307074222713709E-002   2.3566826712340117E-007  -7.6918922786717303E-008  0.11356582865118980        0.0000000000000000        1.7977537587285042E-002  -3.2286860514432192E-003   4.0591658034827560E-008  -1.3957401279185433E-007  -7.3538254946470261E-003  -1.7977537587285042E-002   0.0000000000000000       -9.5843439921736717E-003  -1.3705857782042585E-007   5.3442742853349046E-007  -1.1307074222713709E-002   3.2286860514432192E-003   9.5843439921736717E-003   0.0000000000000000       -7.2219472713186406E-006   1.8053541452900390E-006  -2.3566826712340117E-007  -4.0591658034827560E-008   1.3705857782042585E-007   7.2219472713186406E-006   0.0000000000000000       -1.7598140402697027E-005   7.6918922786717303E-008   1.3957401279185433E-007  -5.3442742853349046E-007  -1.8053541452900390E-006   1.7598140402697027E-005   0.0000000000000000     
   0.0000000000000000        5.1779938861727715E-002   1.3313814997673035E-004   3.4049428068101406E-003  -4.0225131670013070E-008   1.2888821743217704E-007  -5.1779938861727715E-002   0.0000000000000000       -2.6993963867425919E-002  -3.0713822925463319E-003   5.8726072893477976E-008  -6.0663950307571213E-008  -1.3313814997673035E-004   2.6993963867425919E-002   0.0000000000000000       -2.8121827170252800E-002  -4.8670244723325595E-007  -3.3153088452309021E-007  -3.4049428068101406E-003   3.0713822925463319E-003   2.8121827170252800E-002   0.0000000000000000        3.9757269405527040E-006   1.7289086713390134E-006   4.0225131670013070E-008  -5.8726072893477976E-008   4.8670244723325595E-007  -3.9757269405527040E-006   0.0000000000000000       -1.4487876032944769E-003  -1.2888821743217704E-007   6.0663950307571213E-008   3.3153088452309021E-007  -1.7289086713390134E-006   1.4487876032944769E-003   0.0000000000000000     
   0.0000000000000000        7.8476419672369957E-002  -4.4288409873843193E-002   7.0216350723057985E-003   3.3739888749551028E-007  -7.9298132504845853E-009  -7.8476419672369957E-002   0.0000000000000000        6.0458220541477203E-003   1.0547022975515574E-002   3.4298864193260670E-008   6.2214994045461935E-008   4.4288409873843193E-002  -6.0458220541477203E-003   0.0000000000000000        1.7737396527081728E-002   3.9568112697452307E-007   1.1419521683819767E-007  -7.0216350723057985E-003  -1.0547022975515574E-002  -1.7737396527081728E-002   0.0000000000000000       -1.6096455510705709E-006  -1.3003250387555454E-007  -3.3739888749551028E-007  -3.4298864193260670E-008  -3.9568112697452307E-007   1.6096455510705709E-006   0.0000000000000000        1.7474428750574589E-004   7.9298132504845853E-009  -6.2214994045461935E-008  -1.1419521683819767E-007   1.3003250387555454E-007  -1.7474428750574589E-004   0.0000000000000000     
   0.0000000000000000       -4.5709328725934029E-002   1.2292745173908770E-002  -2.0296610891819000E-003   7.2142938734032214E-008  -8.9242462308902759E-008   4.5709328725934029E-002   0.0000000000000000       -1.8405499868094921E-002   1.3044505845755339E-002  -2.8812792152166367E-009  -7.8657279800609103E-008  -1.2292745173908770E-002   1.8405499868094921E-002   0.0000000000000000        1.7961835721507668E-002   3.6886376619804651E-008  -5.8939261293744494E-007   2.0296610891819000E-003  -1.3044505845755339E-002  -1.7961835721507668E-002   0.0000000000000000       -2.3048414732329547E-006   2.6496774694351188E-006  -7.2142938734032214E-008   2.8812792152166367E-009  -3.6886376619804651E-008   2.3048414732329547E-006   0.0000000000000000       -4.5974482782185078E-004   8.9242462308902759E-008   7.8657279800609103E-008   5.8939261293744494E-007  -2.6496774694351188E-006   4.5974482782185078E-004   0.0000000000000000     
   0.0000000000000000       -1.0179133025303599E-002   5.3083013526702416E-003  -4.1559116070857272E-003  -4.1173030149366241E-004  -3.4584110380819766E-004   1.0179133025303599E-002   0.0000000000000000        3.4743715077638626E-003   1.5286370180547237E-002  -2.2800486476626247E-007  -1.6882904674275778E-007  -5.3083013526702416E-003  -3.4743715077638626E-003   0.0000000000000000       -5.0636205822229385E-002  -3.0489445634884760E-008   1.2459076970117167E-007   4.1559116070857272E-003  -1.5286370180547237E-002   5.0636205822229385E-002   0.0000000000000000        8.0157406046055257E-007   1.1181438139828970E-006   4.1173030149366241E-004   2.2800486476626247E-007   3.0489445634884760E-008  -8.0157406046055257E-007   0.0000000000000000       -1.6035211738198996E-003   3.4584110380819766E-004   1.6882904674275778E-007  -1.2459076970117167E-007  -1.1181438139828970E-006   1.6035211738198996E-003   0.0000000000000000     
   0.0000000000000000       -2.6635871108737774E-006  -4.6066525101196021E-006  -3.9428246054740157E-005   2.5043221103260294E-004   1.0385162604507059E-003   2.6635871108737774E-006   0.0000000000000000        5.4301992058753967E-003   2.7645135298371315E-002   2.8548674890771508E-007   2.9490576025636983E-007   4.6066525101196021E-006  -5.4301992058753967E-003   0.0000000000000000       -4.6524094417691231E-002  -3.2608022593194619E-007  -3.7577092371066101E-007   3.9428246054740157E-005  -2.7645135298371315E-002   4.6524094417691231E-002   0.0000000000000000        8.2227961684111506E-007   1.4729611734765058E-006  -2.5043221103260294E-004  -2.8548674890771508E-007   3.2608022593194619E-007  -8.2227961684111506E-007   0.0000000000000000       -5.8018001727759838E-003  -1.0385162604507059E-003  -2.9490576025636983E-007   3.7577092371066101E-007  -1.4729611734765058E-006   5.8018001727759838E-003   0.0000000000000000     
   0.0000000000000000       -2.5421369173272979E-005  -5.7737979659577832E-006  -3.7791134673170745E-005  -4.7115750203374773E-004  -1.3165196287445724E-004   2.5421369173272979E-005   0.0000000000000000       -8.1374489236623049E-003  -1.0808845981955528E-003  -1.1717929737642407E-008  -1.0564264130152878E-007   5.7737979659577832E-006   8.1374489236623049E-003   0.0000000000000000       -1.0713567491620779E-002  -1.4596844266634434E-007   2.4640144147269893E-008   3.7791134673170745E-005   1.0808845981955528E-003   1.0713567491620779E-002   0.0000000000000000       -8.6434056356665678E-007  -5.3688876278101816E-007   4.7115750203374773E-004   1.1717929737642407E-008   1.4596844266634434E-007   8.6434056356665678E-007   0.0000000000000000       -3.0517597042489797E-003   1.3165196287445724E-004   1.0564264130152878E-007  -2.4640144147269893E-008   5.3688876278101816E-007   3.0517597042489797E-003   0.0000000000000000     
   0.0000000000000000       -1.0234701039735228E-004  -6.9784227889613248E-006   7.9133678809739649E-006  -6.3267379118769895E-005  -1.0599683737382293E-003   1.0234701039735228E-004   0.0000000000000000       -6.8699766416102648E-003  -2.9753483831882477E-003   1.3183898772695102E-007   1.6136806380018243E-007   6.9784227889613248E-006   6.8699766416102648E-003   0.0000000000000000       -1.0534847155213356E-002   5.3587427828460932E-009  -4.7460912355745677E-007  -7.9133678809739649E-006   2.9753483831882477E-003   1.0534847155213356E-002   0.0000000000000000        7.5329398896428756E-007  -7.9684892284603848E-007   6.3267379118769895E-005  -1.3183898772695102E-007  -5.3587427828460932E-009  -7.5329398896428756E-007   0.0000000000000000       -5.0966639537364244E-004   1.0599683737382293E-003  -1.6136806380018243E-007   4.7460912355745677E-007   7.9684892284603848E-007   5.0966639537364244E-004   0.0000000000000000     
   0.0000000000000000       0.20895552635192871       -7.1909406915438012E-003   1.5893008394414210E-003  -5.5769049140508287E-005   5.2813873094237351E-004 -0.20895552635192871        0.0000000000000000       -8.1105304661832633E-003  -1.5344408984674374E-003  -4.5804880937794223E-004   4.2518424146464895E-004   7.1909406915438012E-003   8.1105304661832633E-003   0.0000000000000000       -1.0185861494392157E-002  -1.8467721929482650E-007   3.7919113538009697E-007  -1.5893008394414210E-003   1.5344408984674374E-003   1.0185861494392157E-002   0.0000000000000000        4.5704837248194963E-007   1.0185340215684846E-007   5.5769049140508287E-005   4.5804880937794223E-004   1.8467721929482650E-007  -4.5704837248194963E-007   0.0000000000000000       -9.2719399835914373E-003  -5.2813873094237351E-004  -4.2518424146464895E-004  -3.7919113538009697E-007  -1.0185340215684846E-007   9.2719399835914373E-003   0.0000000000000000     
   0.0000000000000000        3.9411679608747363E-006  -9.1844797134399414E-004  -6.5708812326192856E-003  -2.0937932276865467E-007   5.2958500873501180E-007  -3.9411679608747363E-006   0.0000000000000000        1.4017545709066326E-005  -1.0565255070105195E-004  -4.2432593545527197E-004  -9.6352538093924522E-005   9.1844797134399414E-004  -1.4017545709066326E-005   0.0000000000000000        6.1553444713354111E-002  -1.1270230970694683E-007   1.5115119822439738E-008   6.5708812326192856E-003   1.0565255070105195E-004  -6.1553444713354111E-002   0.0000000000000000       -6.2478852669300977E-007   2.3237771529238671E-007   2.0937932276865467E-007   4.2432593545527197E-004   1.1270230970694683E-007   6.2478852669300977E-007   0.0000000000000000       -1.0676304344087839E-002  -5.2958500873501180E-007   9.6352538093924522E-005  -1.5115119822439738E-008  -2.3237771529238671E-007   1.0676304344087839E-002   0.0000000000000000     
