#        BMIN =   406
#        BMAX =   411
#     INIBAND =   408
#      NBANDS =   540
#         NSW =  2000
#       POTIM =   1.0
#        TEMP = 300.0
#    NAMDTINI =   517
#    NAMDTIME =  1000
#       NTRAJ =  5000
#        NELM =  1000
#       LHOLE =     T
#        LSHP =     T
#      LCPTXT =     T
#      RUNDIR = ../../run/
   1.0000000000000000       0.49117268070245379        0.0000000000000000        0.0000000000000000        1.0000000000000000        0.0000000000000000        0.0000000000000000        0.0000000000000000     
   2.0000000000000000       0.50798057051948220        0.0000000000000000        0.0000000000000000        1.0000000000000000        0.0000000000000000        0.0000000000000000        0.0000000000000000     
   3.0000000000000000       0.52355746580277052        0.0000000000000000        0.0000000000000000        1.0000000000000000        0.0000000000000000        0.0000000000000000        0.0000000000000000     
   4.0000000000000000       0.53767150406760011        0.0000000000000000        0.0000000000000000        1.0000000000000000        0.0000000000000000        0.0000000000000000        0.0000000000000000     
   5.0000000000000000       0.55069872224057892        0.0000000000000000        0.0000000000000000        1.0000000000000000        0.0000000000000000        0.0000000000000000        0.0000000000000000     
   6.0000000000000000       0.56243958479833256        0.0000000000000000        0.0000000000000000        1.0000000000000000        0.0000000000000000        0.0000000000000000        0.0000000000000000     
   7.0000000000000000       0.57114130126806373        0.0000000000000000        0.0000000000000000        1.0000000000000000        0.0000000000000000        0.0000000000000000        0.0000000000000000     
   8.0000000000000000       0.57783555660673747        0.0000000000000000        0.0000000000000000        1.0000000000000000        0.0000000000000000        0.0000000000000000        0.0000000000000000     
   9.0000000000000000       0.58251848285523722        0.0000000000000000        0.0000000000000000        1.0000000000000000        0.0000000000000000        0.0000000000000000        0.0000000000000000     
   10.000000000000000       0.58461572446341881        0.0000000000000000        0.0000000000000000       0.99980000000000002        2.0000000000000001E-004   0.0000000000000000        0.0000000000000000     
   11.000000000000000       0.58432611161351167        0.0000000000000000        0.0000000000000000       0.99980000000000002        2.0000000000000001E-004   0.0000000000000000        0.0000000000000000     
   12.000000000000000       0.58169063594906378        0.0000000000000000        0.0000000000000000       0.99960000000000004        4.0000000000000002E-004   0.0000000000000000        0.0000000000000000     
   13.000000000000000       0.57697341506058897        0.0000000000000000        0.0000000000000000       0.99960000000000004        4.0000000000000002E-004   0.0000000000000000        0.0000000000000000     
   14.000000000000000       0.56743500896953547        0.0000000000000000        0.0000000000000000       0.99960000000000004        4.0000000000000002E-004   0.0000000000000000        0.0000000000000000     
   15.000000000000000       0.55685491992781877        0.0000000000000000        0.0000000000000000       0.99960000000000004        4.0000000000000002E-004   0.0000000000000000        0.0000000000000000     
   16.000000000000000       0.54351144004875662        0.0000000000000000        0.0000000000000000       0.99960000000000004        4.0000000000000002E-004   0.0000000000000000        0.0000000000000000     
   17.000000000000000       0.52813707771602814        0.0000000000000000        0.0000000000000000       0.99960000000000004        4.0000000000000002E-004   0.0000000000000000        0.0000000000000000     
   18.000000000000000       0.51061648942392224        0.0000000000000000        0.0000000000000000       0.99960000000000004        4.0000000000000002E-004   0.0000000000000000        0.0000000000000000     
   19.000000000000000       0.49082990445798075        0.0000000000000000        0.0000000000000000       0.99960000000000004        4.0000000000000002E-004   0.0000000000000000        0.0000000000000000     
   20.000000000000000       0.46965911867264387        0.0000000000000000        0.0000000000000000       0.99960000000000004        4.0000000000000002E-004   0.0000000000000000        0.0000000000000000     
   21.000000000000000       0.44822877914134507        0.0000000000000000        0.0000000000000000       0.99860000000000004        1.4000000000000000E-003   0.0000000000000000        0.0000000000000000     
   22.000000000000000       0.42533404804554953        0.0000000000000000        0.0000000000000000       0.99860000000000004        1.4000000000000000E-003   0.0000000000000000        0.0000000000000000     
   23.000000000000000       0.40239791375456541        0.0000000000000000        0.0000000000000000       0.99819999999999998        1.8000000000000000E-003   0.0000000000000000        0.0000000000000000     
   24.000000000000000       0.37807354363797369        0.0000000000000000        0.0000000000000000       0.99800000000000000        2.0000000000000000E-003   0.0000000000000000        0.0000000000000000     
   25.000000000000000       0.35442153674508903        0.0000000000000000        0.0000000000000000       0.99739999999999995        2.5999999999999999E-003   0.0000000000000000        0.0000000000000000     
   26.000000000000000       0.33123920051505745        0.0000000000000000        2.0000000000000001E-004  0.99719999999999998        2.5999999999999999E-003   0.0000000000000000        0.0000000000000000     
   27.000000000000000       0.31132243424186223        0.0000000000000000        1.0000000000000000E-003  0.99639999999999995        2.5999999999999999E-003   0.0000000000000000        0.0000000000000000     
   28.000000000000000       0.29451273144612056        0.0000000000000000        0.0000000000000000       0.99739999999999995        2.5999999999999999E-003   0.0000000000000000        0.0000000000000000     
   29.000000000000000       0.28435609724854966        0.0000000000000000        2.0000000000000000E-003  0.99539999999999995        2.5999999999999999E-003   0.0000000000000000        0.0000000000000000     
   30.000000000000000       0.28165686685721353        0.0000000000000000        0.0000000000000000       0.99739999999999995        2.5999999999999999E-003   0.0000000000000000        0.0000000000000000     
   31.000000000000000       0.28429479557500853        0.0000000000000000        0.0000000000000000       0.99739999999999995        2.5999999999999999E-003   0.0000000000000000        0.0000000000000000     
   32.000000000000000       0.28991983067956217        0.0000000000000000        0.0000000000000000       0.99739999999999995        2.5999999999999999E-003   0.0000000000000000        0.0000000000000000     
   33.000000000000000       0.29575681581495289        0.0000000000000000        0.0000000000000000       0.99739999999999995        2.5999999999999999E-003   0.0000000000000000        0.0000000000000000     
   34.000000000000000       0.30209974318529664        0.0000000000000000        0.0000000000000000       0.99739999999999995        2.5999999999999999E-003   0.0000000000000000        0.0000000000000000     
   35.000000000000000       0.30832164048483240        0.0000000000000000        0.0000000000000000       0.99739999999999995        2.5999999999999999E-003   0.0000000000000000        0.0000000000000000     
   36.000000000000000       0.31617544972831657        0.0000000000000000        0.0000000000000000       0.99739999999999995        2.5999999999999999E-003   0.0000000000000000        0.0000000000000000     
   37.000000000000000       0.32326826505848055        0.0000000000000000        0.0000000000000000       0.99680000000000002        3.2000000000000002E-003   0.0000000000000000        0.0000000000000000     
   38.000000000000000       0.33007288559665771        0.0000000000000000        0.0000000000000000       0.99660000000000004        3.3999999999999998E-003   0.0000000000000000        0.0000000000000000     
   39.000000000000000       0.33632408721197266        0.0000000000000000        0.0000000000000000       0.99660000000000004        3.3999999999999998E-003   0.0000000000000000        0.0000000000000000     
   40.000000000000000       0.34224017058208422        0.0000000000000000        0.0000000000000000       0.99660000000000004        3.3999999999999998E-003   0.0000000000000000        0.0000000000000000     
   41.000000000000000       0.34767022826460864        0.0000000000000000        0.0000000000000000       0.99660000000000004        3.3999999999999998E-003   0.0000000000000000        0.0000000000000000     
   42.000000000000000       0.34830045591645781        0.0000000000000000        0.0000000000000000       0.99639999999999995        3.5999999999999999E-003   0.0000000000000000        0.0000000000000000     
   43.000000000000000       0.35549231603395920        0.0000000000000000        0.0000000000000000       0.99639999999999995        3.5999999999999999E-003   0.0000000000000000        0.0000000000000000     
   44.000000000000000       0.36014956472146292        0.0000000000000000        0.0000000000000000       0.99639999999999995        3.5999999999999999E-003   0.0000000000000000        0.0000000000000000     
   45.000000000000000       0.36020251844005186        0.0000000000000000        0.0000000000000000       0.99639999999999995        3.5999999999999999E-003   0.0000000000000000        0.0000000000000000     
   46.000000000000000       0.35950776542994101        0.0000000000000000        0.0000000000000000       0.99639999999999995        3.5999999999999999E-003   0.0000000000000000        0.0000000000000000     
   47.000000000000000       0.35838577737866201        0.0000000000000000        0.0000000000000000       0.99639999999999995        3.5999999999999999E-003   0.0000000000000000        0.0000000000000000     
   48.000000000000000       0.35566620211088817        0.0000000000000000        0.0000000000000000       0.99639999999999995        3.5999999999999999E-003   0.0000000000000000        0.0000000000000000     
   49.000000000000000       0.35105541856612943        0.0000000000000000        0.0000000000000000       0.99639999999999995        3.5999999999999999E-003   0.0000000000000000        0.0000000000000000     
   50.000000000000000       0.34521893886060973        0.0000000000000000        0.0000000000000000       0.99639999999999995        3.5999999999999999E-003   0.0000000000000000        0.0000000000000000     
   51.000000000000000       0.33773829653004084        0.0000000000000000        0.0000000000000000       0.99639999999999995        3.5999999999999999E-003   0.0000000000000000        0.0000000000000000     
   52.000000000000000       0.32909252087406116        0.0000000000000000        0.0000000000000000       0.99639999999999995        3.5999999999999999E-003   0.0000000000000000        0.0000000000000000     
   53.000000000000000       0.31975821177590746        0.0000000000000000        0.0000000000000000       0.99639999999999995        3.5999999999999999E-003   0.0000000000000000        0.0000000000000000     
   54.000000000000000       0.31084005237718770        0.0000000000000000        0.0000000000000000       0.99519999999999997        4.7999999999999996E-003   0.0000000000000000        0.0000000000000000     
   55.000000000000000       0.30017962787519281        0.0000000000000000        0.0000000000000000       0.99519999999999997        4.7999999999999996E-003   0.0000000000000000        0.0000000000000000     
   56.000000000000000       0.28969189630003916        0.0000000000000000        0.0000000000000000       0.99519999999999997        4.7999999999999996E-003   0.0000000000000000        0.0000000000000000     
   57.000000000000000       0.27976075835808306        0.0000000000000000        0.0000000000000000       0.99519999999999997        4.7999999999999996E-003   0.0000000000000000        0.0000000000000000     
   58.000000000000000       0.27147852226935693        0.0000000000000000        0.0000000000000000       0.99419999999999997        5.7999999999999996E-003   0.0000000000000000        0.0000000000000000     
   59.000000000000000       0.26369227411836421        0.0000000000000000        0.0000000000000000       0.99419999999999997        5.7999999999999996E-003   0.0000000000000000        0.0000000000000000     
   60.000000000000000       0.25714059240552400        0.0000000000000000        0.0000000000000000       0.99399999999999999        6.0000000000000001E-003   0.0000000000000000        0.0000000000000000     
   61.000000000000000       0.25192977441771941        0.0000000000000000        0.0000000000000000       0.99399999999999999        6.0000000000000001E-003   0.0000000000000000        0.0000000000000000     
   62.000000000000000       0.24870364878874199        0.0000000000000000        0.0000000000000000       0.99399999999999999        6.0000000000000001E-003   0.0000000000000000        0.0000000000000000     
   63.000000000000000       0.24713016916824826        0.0000000000000000        0.0000000000000000       0.99399999999999999        6.0000000000000001E-003   0.0000000000000000        0.0000000000000000     
   64.000000000000000       0.24764640670854288        0.0000000000000000        0.0000000000000000       0.99399999999999999        6.0000000000000001E-003   0.0000000000000000        0.0000000000000000     
   65.000000000000000       0.25007908879705892        0.0000000000000000        4.0000000000000002E-004  0.99360000000000004        6.0000000000000001E-003   0.0000000000000000        0.0000000000000000     
   66.000000000000000       0.25430249558828427        0.0000000000000000        4.0000000000000002E-004  0.99360000000000004        6.0000000000000001E-003   0.0000000000000000        0.0000000000000000     
   67.000000000000000       0.25988598943036745        0.0000000000000000        4.0000000000000002E-004  0.99360000000000004        6.0000000000000001E-003   0.0000000000000000        0.0000000000000000     
   68.000000000000000       0.26687879482972032        0.0000000000000000        4.0000000000000002E-004  0.99360000000000004        6.0000000000000001E-003   0.0000000000000000        0.0000000000000000     
   69.000000000000000       0.27536543415490161        0.0000000000000000        4.0000000000000002E-004  0.99319999999999997        6.4000000000000003E-003   0.0000000000000000        0.0000000000000000     
   70.000000000000000       0.28482305886927262        0.0000000000000000        4.0000000000000002E-004  0.99319999999999997        6.4000000000000003E-003   0.0000000000000000        0.0000000000000000     
   71.000000000000000       0.29541443450219085        0.0000000000000000        2.0000000000000001E-004  0.99339999999999995        6.4000000000000003E-003   0.0000000000000000        0.0000000000000000     
   72.000000000000000       0.30747978067977466        0.0000000000000000        2.0000000000000001E-004  0.99319999999999997        6.6000000000000000E-003   0.0000000000000000        0.0000000000000000     
   73.000000000000000       0.32090432355900439        0.0000000000000000        2.0000000000000001E-004  0.99299999999999999        6.7999999999999996E-003   0.0000000000000000        0.0000000000000000     
   74.000000000000000       0.33623279557818120        0.0000000000000000        2.0000000000000001E-004  0.99299999999999999        6.7999999999999996E-003   0.0000000000000000        0.0000000000000000     
   75.000000000000000       0.35308316042376575        0.0000000000000000        2.0000000000000001E-004  0.99299999999999999        6.7999999999999996E-003   0.0000000000000000        0.0000000000000000     
   76.000000000000000       0.37253119914056743        0.0000000000000000        2.0000000000000001E-004  0.99299999999999999        6.7999999999999996E-003   0.0000000000000000        0.0000000000000000     
   77.000000000000000       0.39359619394807627        0.0000000000000000        2.0000000000000001E-004  0.99260000000000004        7.1999999999999998E-003   0.0000000000000000        0.0000000000000000     
   78.000000000000000       0.41710199619131733        0.0000000000000000        2.0000000000000001E-004  0.99219999999999997        7.6000000000000000E-003   0.0000000000000000        0.0000000000000000     
   79.000000000000000       0.44105857320316516        0.0000000000000000        2.0000000000000001E-004  0.99219999999999997        7.6000000000000000E-003   0.0000000000000000        0.0000000000000000     
   80.000000000000000       0.46595004111464311        0.0000000000000000        2.0000000000000001E-004  0.99199999999999999        7.7999999999999996E-003   0.0000000000000000        0.0000000000000000     
   81.000000000000000       0.49097560279728691        0.0000000000000000        2.0000000000000001E-004  0.99199999999999999        7.7999999999999996E-003   0.0000000000000000        0.0000000000000000     
   82.000000000000000       0.51484296320772982        0.0000000000000000        2.0000000000000001E-004  0.99199999999999999        7.7999999999999996E-003   0.0000000000000000        0.0000000000000000     
   83.000000000000000       0.53677643591029489        0.0000000000000000        2.0000000000000001E-004  0.99199999999999999        7.7999999999999996E-003   0.0000000000000000        0.0000000000000000     
   84.000000000000000       0.55643204596072193        0.0000000000000000        2.0000000000000001E-004  0.99199999999999999        7.7999999999999996E-003   0.0000000000000000        0.0000000000000000     
   85.000000000000000       0.57343358104508146        0.0000000000000000        2.0000000000000001E-004  0.99199999999999999        7.7999999999999996E-003   0.0000000000000000        0.0000000000000000     
   86.000000000000000       0.58763344286890784        0.0000000000000000        2.0000000000000001E-004  0.99180000000000001        8.0000000000000002E-003   0.0000000000000000        0.0000000000000000     
   87.000000000000000       0.59844150490475267        0.0000000000000000        2.0000000000000001E-004  0.99180000000000001        8.0000000000000002E-003   0.0000000000000000        0.0000000000000000     
   88.000000000000000       0.60674902035208822        0.0000000000000000        2.0000000000000001E-004  0.99160000000000004        8.2000000000000007E-003   0.0000000000000000        0.0000000000000000     
   89.000000000000000       0.61164935604888460        0.0000000000000000        2.0000000000000001E-004  0.99160000000000004        8.2000000000000007E-003   0.0000000000000000        0.0000000000000000     
   90.000000000000000       0.61333472351315732        0.0000000000000000        2.0000000000000001E-004  0.99160000000000004        8.2000000000000007E-003   0.0000000000000000        0.0000000000000000     
   91.000000000000000       0.61305932864769075        0.0000000000000000        2.0000000000000001E-004  0.99139999999999995        8.3999999999999995E-003   0.0000000000000000        0.0000000000000000     
   92.000000000000000       0.61089448294069737        0.0000000000000000        2.0000000000000001E-004  0.99019999999999997        9.5999999999999992E-003   0.0000000000000000        0.0000000000000000     
   93.000000000000000       0.60547479536234428        0.0000000000000000        2.0000000000000001E-004  0.99019999999999997        9.5999999999999992E-003   0.0000000000000000        0.0000000000000000     
   94.000000000000000       0.59870063391039852        0.0000000000000000        2.0000000000000001E-004  0.99019999999999997        9.5999999999999992E-003   0.0000000000000000        0.0000000000000000     
   95.000000000000000       0.59025991455613269        0.0000000000000000        2.0000000000000001E-004  0.98999999999999999        9.7999999999999997E-003   0.0000000000000000        0.0000000000000000     
   96.000000000000000       0.58130420787632453        0.0000000000000000        2.0000000000000001E-004  0.98999999999999999        9.7999999999999997E-003   0.0000000000000000        0.0000000000000000     
   97.000000000000000       0.57133533510951029        0.0000000000000000        2.0000000000000001E-004  0.98999999999999999        9.7999999999999997E-003   0.0000000000000000        0.0000000000000000     
   98.000000000000000       0.56059584726938372        0.0000000000000000        2.0000000000000001E-004  0.98999999999999999        9.7999999999999997E-003   0.0000000000000000        0.0000000000000000     
   99.000000000000000       0.55068213145206635        0.0000000000000000        2.0000000000000001E-004  0.98999999999999999        9.7999999999999997E-003   0.0000000000000000        0.0000000000000000     
   100.00000000000000       0.53994356872859139        0.0000000000000000        2.0000000000000001E-004  0.98980000000000001        1.0000000000000000E-002   0.0000000000000000        0.0000000000000000     
   101.00000000000000       0.52878966579055875        0.0000000000000000        2.0000000000000001E-004  0.98980000000000001        1.0000000000000000E-002   0.0000000000000000        0.0000000000000000     
   102.00000000000000       0.51789668097889752        0.0000000000000000        2.0000000000000001E-004  0.98980000000000001        6.7999999999999996E-003   2.0000000000000001E-004   3.0000000000000001E-003
   103.00000000000000       0.50618147344585118        0.0000000000000000        2.0000000000000001E-004  0.98980000000000001        6.7999999999999996E-003   2.0000000000000001E-004   3.0000000000000001E-003
   104.00000000000000       0.49400643811313083        0.0000000000000000        0.0000000000000000       0.98999999999999999        6.7999999999999996E-003   2.0000000000000001E-004   3.0000000000000001E-003
   105.00000000000000       0.48140568472285045        0.0000000000000000        0.0000000000000000       0.98999999999999999        6.7999999999999996E-003   2.0000000000000001E-004   3.0000000000000001E-003
   106.00000000000000       0.46908020909151282        0.0000000000000000        4.0000000000000002E-004  0.98919999999999997        6.7999999999999996E-003   2.0000000000000001E-004   3.3999999999999998E-003
   107.00000000000000       0.45678135353241978        0.0000000000000000        4.0000000000000002E-004  0.98919999999999997        6.7999999999999996E-003   2.0000000000000001E-004   3.3999999999999998E-003
   108.00000000000000       0.44500636750970696        0.0000000000000000        4.0000000000000002E-004  0.98899999999999999        6.7999999999999996E-003   2.0000000000000001E-004   3.5999999999999999E-003
   109.00000000000000       0.43363436833659447        0.0000000000000000        1.4000000000000000E-003  0.98799999999999999        6.6000000000000000E-003   4.0000000000000002E-004   3.5999999999999999E-003
   110.00000000000000       0.42351478889433647        0.0000000000000000        1.4000000000000000E-003  0.98799999999999999        6.6000000000000000E-003   4.0000000000000002E-004   3.5999999999999999E-003
   111.00000000000000       0.41574455582363734        0.0000000000000000        0.0000000000000000       0.98919999999999997        6.7999999999999996E-003   4.0000000000000002E-004   3.5999999999999999E-003
   112.00000000000000       0.41087138375876958        0.0000000000000000        8.9999999999999993E-003  0.98019999999999996        6.7999999999999996E-003   4.0000000000000002E-004   3.5999999999999999E-003
   113.00000000000000       0.41071390888710951        0.0000000000000000        2.0400000000000001E-002  0.96860000000000002        7.0000000000000001E-003   4.0000000000000002E-004   3.5999999999999999E-003
   114.00000000000000       0.41622902133815048        0.0000000000000000        2.0400000000000001E-002  0.96860000000000002        7.0000000000000001E-003   4.0000000000000002E-004   3.5999999999999999E-003
   115.00000000000000       0.42547225638628811        0.0000000000000000        2.0400000000000001E-002  0.96840000000000004        7.1999999999999998E-003   2.0000000000000001E-004   3.8000000000000000E-003
   116.00000000000000       0.43764240032292806        0.0000000000000000        1.4000000000000000E-002  0.97480000000000000        7.1999999999999998E-003   2.0000000000000001E-004   3.8000000000000000E-003
   117.00000000000000       0.45035621787622632        0.0000000000000000        1.4000000000000000E-002  0.97480000000000000        7.1999999999999998E-003   2.0000000000000001E-004   3.8000000000000000E-003
   118.00000000000000       0.46333828916081921        0.0000000000000000        1.3200000000000000E-002  0.97560000000000002        7.1999999999999998E-003   2.0000000000000001E-004   3.8000000000000000E-003
   119.00000000000000       0.47650502489469598        0.0000000000000000        1.3200000000000000E-002  0.97540000000000004        7.4000000000000003E-003   0.0000000000000000        4.0000000000000001E-003
   120.00000000000000       0.48877716699179963        0.0000000000000000        1.3200000000000000E-002  0.97540000000000004        7.4000000000000003E-003   0.0000000000000000        4.0000000000000001E-003
   121.00000000000000       0.50014070600682548        0.0000000000000000        1.3200000000000000E-002  0.97540000000000004        7.4000000000000003E-003   0.0000000000000000        4.0000000000000001E-003
   122.00000000000000       0.51013860510837739        0.0000000000000000        1.3200000000000000E-002  0.97540000000000004        7.4000000000000003E-003   0.0000000000000000        4.0000000000000001E-003
   123.00000000000000       0.51856495229349675        0.0000000000000000        1.3200000000000000E-002  0.97540000000000004        7.4000000000000003E-003   0.0000000000000000        4.0000000000000001E-003
   124.00000000000000       0.52551088821084269        0.0000000000000000        1.2800000000000001E-002  0.97580000000000000        7.4000000000000003E-003   0.0000000000000000        4.0000000000000001E-003
   125.00000000000000       0.53113486455265679        0.0000000000000000        1.2800000000000001E-002  0.97580000000000000        7.4000000000000003E-003   0.0000000000000000        4.0000000000000001E-003
   126.00000000000000       0.53451201963777639        0.0000000000000000        1.2800000000000001E-002  0.97580000000000000        7.4000000000000003E-003   0.0000000000000000        4.0000000000000001E-003
   127.00000000000000       0.53578628665062467        0.0000000000000000        1.2600000000000000E-002  0.97599999999999998        7.4000000000000003E-003   0.0000000000000000        4.0000000000000001E-003
   128.00000000000000       0.53632573639010439        0.0000000000000000        1.2600000000000000E-002  0.97599999999999998        7.4000000000000003E-003   0.0000000000000000        4.0000000000000001E-003
   129.00000000000000       0.53439153461737232        0.0000000000000000        1.2600000000000000E-002  0.97599999999999998        7.4000000000000003E-003   0.0000000000000000        4.0000000000000001E-003
   130.00000000000000       0.53106962697089988        0.0000000000000000        1.2600000000000000E-002  0.97599999999999998        7.4000000000000003E-003   0.0000000000000000        4.0000000000000001E-003
   131.00000000000000       0.52535801868898602        0.0000000000000000        1.1800000000000000E-002  0.97680000000000000        7.4000000000000003E-003   0.0000000000000000        4.0000000000000001E-003
   132.00000000000000       0.51744839757922823        0.0000000000000000        1.1200000000000000E-002  0.97740000000000005        7.4000000000000003E-003   0.0000000000000000        4.0000000000000001E-003
   133.00000000000000       0.50785262552925736        0.0000000000000000        1.1200000000000000E-002  0.97740000000000005        7.4000000000000003E-003   0.0000000000000000        4.0000000000000001E-003
   134.00000000000000       0.49650258358149002        0.0000000000000000        9.5999999999999992E-003  0.97899999999999998        7.4000000000000003E-003   0.0000000000000000        4.0000000000000001E-003
   135.00000000000000       0.48369692100748807        0.0000000000000000        8.6000000000000000E-003  0.97999999999999998        7.4000000000000003E-003   0.0000000000000000        4.0000000000000001E-003
   136.00000000000000       0.46918063763993284        0.0000000000000000        8.9999999999999993E-003  0.97960000000000003        7.4000000000000003E-003   0.0000000000000000        4.0000000000000001E-003
   137.00000000000000       0.45434178430072691        0.0000000000000000        6.1999999999999998E-003  0.98240000000000005        7.4000000000000003E-003   0.0000000000000000        4.0000000000000001E-003
   138.00000000000000       0.43894373445372437        0.0000000000000000        5.7999999999999996E-003  0.98280000000000001        7.4000000000000003E-003   0.0000000000000000        4.0000000000000001E-003
   139.00000000000000       0.42781694469042747        0.0000000000000000        6.0000000000000001E-003  0.98260000000000003        7.4000000000000003E-003   0.0000000000000000        4.0000000000000001E-003
   140.00000000000000       0.42213602654274596        0.0000000000000000        1.2800000000000001E-002  0.97580000000000000        7.4000000000000003E-003   0.0000000000000000        4.0000000000000001E-003
   141.00000000000000       0.42840547641555254        0.0000000000000000        1.7800000000000000E-002  0.97080000000000000        3.2000000000000002E-003   3.3999999999999998E-003   4.7999999999999996E-003
   142.00000000000000       0.44310185170262706        0.0000000000000000        1.7999999999999999E-002  0.97060000000000002        3.2000000000000002E-003   2.0000000000000000E-003   6.1999999999999998E-003
   143.00000000000000       0.44752683335700710        0.0000000000000000        1.8400000000000000E-002  0.97019999999999995        3.2000000000000002E-003   2.0000000000000000E-003   6.1999999999999998E-003
   144.00000000000000       0.46673662660713117        0.0000000000000000        1.8599999999999998E-002  0.96999999999999997        3.3999999999999998E-003   3.8000000000000000E-003   4.1999999999999997E-003
   145.00000000000000       0.53439695966782985        0.0000000000000000        2.0000000000000000E-002  0.93879999999999997        4.0000000000000002E-004   8.0000000000000002E-003   3.2800000000000003E-002
   146.00000000000000        1.3171740573114472        0.0000000000000000        2.0000000000000000E-002  0.89980000000000004        3.9399999999999998E-002   8.0000000000000002E-003   3.2800000000000003E-002
   147.00000000000000        1.3499377651858198        0.0000000000000000        1.9800000000000002E-002  0.62639999999999996       0.31300000000000000        6.6000000000000000E-003   3.4200000000000001E-002
   148.00000000000000       0.89315284896383140        0.0000000000000000        1.9800000000000002E-002  0.62639999999999996       0.25140000000000001        1.6199999999999999E-002   8.6199999999999999E-002
   149.00000000000000       0.98500947822866469        0.0000000000000000        1.9400000000000001E-002  0.62219999999999998       0.25319999999999998        1.6199999999999999E-002   8.8999999999999996E-002
   150.00000000000000       0.55739749366626357        0.0000000000000000        1.9199999999999998E-002  0.61260000000000003       0.26279999999999998        1.6600000000000000E-002   8.8800000000000004E-002
   151.00000000000000        1.0002580967573358        0.0000000000000000        1.8800000000000001E-002  0.60519999999999996       0.27060000000000001        1.6600000000000000E-002   8.8800000000000004E-002
   152.00000000000000        1.0673181749038823        2.0000000000000001E-004   1.4000000000000000E-002  0.55879999999999996       0.32140000000000002        2.5999999999999999E-002   7.9600000000000004E-002
   153.00000000000000        1.5236645196456535        2.0000000000000001E-004   1.3400000000000000E-002  0.52859999999999996       0.32219999999999999        2.5200000000000000E-002  0.11040000000000000     
   154.00000000000000        1.5652663546300012        2.0000000000000001E-004   1.2600000000000000E-002  0.41039999999999999       0.32519999999999999        2.2400000000000000E-002  0.22919999999999999     
   155.00000000000000        1.5951484232488475        2.0000000000000001E-004   1.2400000000000000E-002  0.37219999999999998       0.16460000000000000        5.8599999999999999E-002  0.39200000000000002     
   156.00000000000000        1.6097132125416524        2.0000000000000001E-004   1.2200000000000001E-002  0.32960000000000000       0.20740000000000000        6.1199999999999997E-002  0.38940000000000002     
   157.00000000000000        1.6446293246722963        2.0000000000000001E-004   1.2000000000000000E-002  0.32819999999999999       0.20899999999999999        6.1199999999999997E-002  0.38940000000000002     
   158.00000000000000        1.7157720795152718        2.0000000000000001E-004   1.2000000000000000E-002  0.11000000000000000       0.42720000000000002        6.1400000000000003E-002  0.38919999999999999     
   159.00000000000000        1.6917461059011025        2.0000000000000001E-004   1.2000000000000000E-002   0.0000000000000000       0.53720000000000001        5.8000000000000003E-002  0.39260000000000000     
   160.00000000000000        1.7375202288042559        2.0000000000000001E-004   1.2000000000000000E-002   0.0000000000000000       0.53720000000000001        5.6399999999999999E-002  0.39419999999999999     
   161.00000000000000        1.7302444364343121        2.0000000000000001E-004   1.2000000000000000E-002   0.0000000000000000       0.53720000000000001        5.6399999999999999E-002  0.39419999999999999     
   162.00000000000000        1.7291042678901369        2.0000000000000001E-004   1.0000000000000000E-002   0.0000000000000000       0.53920000000000001        5.6399999999999999E-002  0.39419999999999999     
   163.00000000000000        1.7215556062206883        2.0000000000000001E-004   9.7999999999999997E-003   0.0000000000000000       0.53939999999999999        5.6399999999999999E-002  0.39419999999999999     
   164.00000000000000        1.7364991381994266        2.0000000000000001E-004   9.7999999999999997E-003   0.0000000000000000       0.53939999999999999        5.6800000000000003E-002  0.39379999999999998     
   165.00000000000000        1.7357845850467992        2.0000000000000001E-004   9.4000000000000004E-003   4.0000000000000002E-004  0.53939999999999999        5.6399999999999999E-002  0.39419999999999999     
   166.00000000000000        1.6839376456392103        2.0000000000000001E-004   9.4000000000000004E-003   4.0000000000000002E-004  0.53939999999999999        5.6000000000000001E-002  0.39460000000000001     
   167.00000000000000        1.6753878418966939        2.0000000000000001E-004   8.2000000000000007E-003   1.0000000000000000E-003  0.54000000000000004        5.6599999999999998E-002  0.39400000000000002     
   168.00000000000000        1.6496865380912200        2.0000000000000001E-004   8.2000000000000007E-003   1.0000000000000000E-003  0.54000000000000004        5.5399999999999998E-002  0.39520000000000000     
   169.00000000000000        1.6405237536672928        2.0000000000000001E-004   8.0000000000000002E-003   2.0000000000000001E-004  0.52739999999999998        6.5000000000000002E-002  0.39920000000000000     
   170.00000000000000        2.0087530512824809        2.0000000000000001E-004   7.7999999999999996E-003   2.0000000000000001E-004  0.36840000000000001       0.21800000000000000       0.40539999999999998     
   171.00000000000000        1.6709631510635747        2.0000000000000001E-004   7.7999999999999996E-003   2.0000000000000001E-004  0.36840000000000001       0.21759999999999999       0.40579999999999999     
   172.00000000000000        1.6519906375401550        8.0000000000000004E-004   7.1999999999999998E-003   2.0000000000000001E-004  0.36840000000000001       0.21980000000000000       0.40360000000000001     
   173.00000000000000        1.6277460281479985        8.0000000000000004E-004   6.6000000000000000E-003   2.0000000000000001E-004  0.36899999999999999       0.21980000000000000       0.40360000000000001     
   174.00000000000000        1.6179014434855687        8.0000000000000004E-004   6.6000000000000000E-003   2.0000000000000001E-004  0.36899999999999999       0.21980000000000000       0.40360000000000001     
   175.00000000000000        1.6029212436786042        8.0000000000000004E-004   6.6000000000000000E-003   2.0000000000000001E-004  0.36899999999999999       0.22040000000000001       0.40300000000000002     
   176.00000000000000        1.5913809775255596        8.0000000000000004E-004   5.4000000000000003E-003   1.0000000000000000E-003  0.36940000000000001       0.22040000000000001       0.40300000000000002     
   177.00000000000000        1.5681339835564065        8.0000000000000004E-004   5.4000000000000003E-003   1.0000000000000000E-003  0.36940000000000001       0.22040000000000001       0.40300000000000002     
   178.00000000000000        1.5605182891854383        8.0000000000000004E-004   5.4000000000000003E-003   1.0000000000000000E-003  0.36940000000000001       0.22059999999999999       0.40279999999999999     
   179.00000000000000        1.5558854211685573        8.0000000000000004E-004   5.4000000000000003E-003   8.0000000000000004E-004  0.36959999999999998       0.22059999999999999       0.40279999999999999     
   180.00000000000000        1.5541308498554420        8.0000000000000004E-004   5.1999999999999998E-003   1.0000000000000000E-003  0.36959999999999998       0.22059999999999999       0.40279999999999999     
   181.00000000000000        1.5547981241500932        8.0000000000000004E-004   4.7999999999999996E-003   1.4000000000000000E-003  0.36959999999999998       0.22140000000000001       0.40200000000000002     
   182.00000000000000        1.5584331691181144        8.0000000000000004E-004   4.7999999999999996E-003   1.1999999999999999E-003  0.36980000000000002       0.24199999999999999       0.38140000000000002     
   183.00000000000000        1.5642338457452456        8.0000000000000004E-004   4.7999999999999996E-003   1.1999999999999999E-003  0.36980000000000002       0.19139999999999999       0.43200000000000000     
   184.00000000000000        1.5718836613836125        8.0000000000000004E-004   4.7999999999999996E-003   1.1999999999999999E-003  0.36980000000000002       0.20419999999999999       0.41920000000000002     
   185.00000000000000        1.5814195383253864        8.0000000000000004E-004   4.7999999999999996E-003   1.1999999999999999E-003  0.36980000000000002       0.19780000000000000       0.42559999999999998     
   186.00000000000000        1.5921116062158074        8.0000000000000004E-004   4.7999999999999996E-003   1.1999999999999999E-003  0.36980000000000002       0.19600000000000001       0.42740000000000000     
   187.00000000000000        1.6032409462463251        8.0000000000000004E-004   4.5999999999999999E-003   1.4000000000000000E-003  0.36980000000000002       0.19560000000000000       0.42780000000000001     
   188.00000000000000        1.6146683788435547        8.0000000000000004E-004   4.5999999999999999E-003   1.4000000000000000E-003  0.36980000000000002       0.19700000000000001       0.42640000000000000     
   189.00000000000000        1.6269783147984689        8.0000000000000004E-004   4.5999999999999999E-003   1.4000000000000000E-003  0.36980000000000002       0.19700000000000001       0.42640000000000000     
