#        BMIN =   406
#        BMAX =   411
#     INIBAND =   409
#      NBANDS =   540
#         NSW =  2000
#       POTIM =   1.0
#        TEMP = 300.0
#    NAMDTINI =   206
#    NAMDTIME =  1000
#       NTRAJ =  5000
#        NELM =  1000
#       LHOLE =     T
#        LSHP =     T
#      LCPTXT =     T
#      RUNDIR = ../../run/
   1.0000000000000000        1.3245016666372251        0.0000000000000000        0.0000000000000000        0.0000000000000000        1.0000000000000000        0.0000000000000000        0.0000000000000000     
   2.0000000000000000        1.3129613534435804        0.0000000000000000        0.0000000000000000        0.0000000000000000        1.0000000000000000        0.0000000000000000        0.0000000000000000     
   3.0000000000000000        1.3025150530769456        0.0000000000000000        0.0000000000000000        0.0000000000000000        1.0000000000000000        0.0000000000000000        0.0000000000000000     
   4.0000000000000000        1.2937424125056833        0.0000000000000000        0.0000000000000000        0.0000000000000000        1.0000000000000000        0.0000000000000000        0.0000000000000000     
   5.0000000000000000        1.2862088011572292        0.0000000000000000        0.0000000000000000        0.0000000000000000        1.0000000000000000        0.0000000000000000        0.0000000000000000     
   6.0000000000000000        1.2799495008729727        0.0000000000000000        0.0000000000000000        0.0000000000000000        1.0000000000000000        0.0000000000000000        0.0000000000000000     
   7.0000000000000000        1.2748236040888083        0.0000000000000000        0.0000000000000000        0.0000000000000000        1.0000000000000000        0.0000000000000000        0.0000000000000000     
   8.0000000000000000        1.2731184803057074        0.0000000000000000        0.0000000000000000        0.0000000000000000        1.0000000000000000        0.0000000000000000        0.0000000000000000     
   9.0000000000000000        1.2722008861800091        0.0000000000000000        0.0000000000000000        0.0000000000000000        1.0000000000000000        0.0000000000000000        0.0000000000000000     
   10.000000000000000        1.2726562542811974        0.0000000000000000        0.0000000000000000        0.0000000000000000        1.0000000000000000        0.0000000000000000        0.0000000000000000     
   11.000000000000000        1.2742280773425763        0.0000000000000000        0.0000000000000000        0.0000000000000000        1.0000000000000000        0.0000000000000000        0.0000000000000000     
   12.000000000000000        1.2775483027017311        0.0000000000000000        0.0000000000000000        0.0000000000000000        1.0000000000000000        0.0000000000000000        0.0000000000000000     
   13.000000000000000        1.2820309584937033        0.0000000000000000        0.0000000000000000        0.0000000000000000        1.0000000000000000        0.0000000000000000        0.0000000000000000     
   14.000000000000000        1.2880298281610039        0.0000000000000000        0.0000000000000000        0.0000000000000000        1.0000000000000000        0.0000000000000000        0.0000000000000000     
   15.000000000000000        1.2954579306640577        0.0000000000000000        0.0000000000000000        0.0000000000000000        1.0000000000000000        0.0000000000000000        0.0000000000000000     
   16.000000000000000        1.3044800495753728        0.0000000000000000        0.0000000000000000        0.0000000000000000        1.0000000000000000        0.0000000000000000        0.0000000000000000     
   17.000000000000000        1.3149051983760653        0.0000000000000000        0.0000000000000000        0.0000000000000000        1.0000000000000000        0.0000000000000000        0.0000000000000000     
   18.000000000000000        1.3266690955403380        0.0000000000000000        0.0000000000000000        0.0000000000000000        1.0000000000000000        0.0000000000000000        0.0000000000000000     
   19.000000000000000        1.3401018579782691        0.0000000000000000        0.0000000000000000        0.0000000000000000        1.0000000000000000        0.0000000000000000        0.0000000000000000     
   20.000000000000000        1.3545342842890662        0.0000000000000000        0.0000000000000000        0.0000000000000000        1.0000000000000000        0.0000000000000000        0.0000000000000000     
   21.000000000000000        1.3700477144633640        0.0000000000000000        0.0000000000000000        0.0000000000000000        1.0000000000000000        0.0000000000000000        0.0000000000000000     
   22.000000000000000        1.3860678932671087        0.0000000000000000        0.0000000000000000        0.0000000000000000        1.0000000000000000        0.0000000000000000        0.0000000000000000     
   23.000000000000000        1.4025826520733848        0.0000000000000000        0.0000000000000000        0.0000000000000000        1.0000000000000000        0.0000000000000000        0.0000000000000000     
   24.000000000000000        1.4192156466519250        0.0000000000000000        0.0000000000000000        0.0000000000000000        1.0000000000000000        0.0000000000000000        0.0000000000000000     
   25.000000000000000        1.4355592965371566        0.0000000000000000        0.0000000000000000        0.0000000000000000        1.0000000000000000        0.0000000000000000        0.0000000000000000     
   26.000000000000000        1.4510572954083436        0.0000000000000000        0.0000000000000000        0.0000000000000000        1.0000000000000000        0.0000000000000000        0.0000000000000000     
   27.000000000000000        1.4658619675872364        0.0000000000000000        0.0000000000000000        0.0000000000000000        1.0000000000000000        0.0000000000000000        0.0000000000000000     
   28.000000000000000        1.4791914545518021        0.0000000000000000        0.0000000000000000        0.0000000000000000        1.0000000000000000        0.0000000000000000        0.0000000000000000     
   29.000000000000000        1.4908233268485236        0.0000000000000000        0.0000000000000000        0.0000000000000000        1.0000000000000000        0.0000000000000000        0.0000000000000000     
   30.000000000000000        1.5009865415982393        0.0000000000000000        0.0000000000000000        0.0000000000000000        1.0000000000000000        0.0000000000000000        0.0000000000000000     
   31.000000000000000        1.5084269480691077        0.0000000000000000        0.0000000000000000        0.0000000000000000        1.0000000000000000        0.0000000000000000        0.0000000000000000     
   32.000000000000000        1.5138705202659186        0.0000000000000000        0.0000000000000000        0.0000000000000000        1.0000000000000000        0.0000000000000000        0.0000000000000000     
   33.000000000000000        1.5178141415456943        0.0000000000000000        0.0000000000000000        0.0000000000000000        1.0000000000000000        0.0000000000000000        0.0000000000000000     
   34.000000000000000        1.5148345121061395        0.0000000000000000        0.0000000000000000        0.0000000000000000        1.0000000000000000        0.0000000000000000        0.0000000000000000     
   35.000000000000000        1.5172926941745097        0.0000000000000000        0.0000000000000000        0.0000000000000000        1.0000000000000000        0.0000000000000000        0.0000000000000000     
   36.000000000000000        1.5149837411378007        0.0000000000000000        0.0000000000000000        0.0000000000000000        1.0000000000000000        0.0000000000000000        0.0000000000000000     
   37.000000000000000        1.5098907852108323        0.0000000000000000        0.0000000000000000        0.0000000000000000        1.0000000000000000        0.0000000000000000        0.0000000000000000     
   38.000000000000000        1.5036734220211252        0.0000000000000000        0.0000000000000000        0.0000000000000000        1.0000000000000000        0.0000000000000000        0.0000000000000000     
   39.000000000000000        1.4965001894461851        0.0000000000000000        0.0000000000000000        0.0000000000000000        1.0000000000000000        0.0000000000000000        0.0000000000000000     
   40.000000000000000        1.4876902378043777        0.0000000000000000        0.0000000000000000        0.0000000000000000        1.0000000000000000        0.0000000000000000        0.0000000000000000     
   41.000000000000000        1.4743564957121325        0.0000000000000000        0.0000000000000000        0.0000000000000000        1.0000000000000000        0.0000000000000000        0.0000000000000000     
   42.000000000000000        1.4654399800649383        0.0000000000000000        0.0000000000000000        0.0000000000000000        1.0000000000000000        0.0000000000000000        0.0000000000000000     
   43.000000000000000        1.4591289494856587        0.0000000000000000        0.0000000000000000        0.0000000000000000        1.0000000000000000        0.0000000000000000        0.0000000000000000     
   44.000000000000000        1.4485869635921544        0.0000000000000000        0.0000000000000000        0.0000000000000000        1.0000000000000000        0.0000000000000000        0.0000000000000000     
   45.000000000000000        1.4426776938623513        0.0000000000000000        0.0000000000000000        0.0000000000000000        1.0000000000000000        0.0000000000000000        0.0000000000000000     
   46.000000000000000        1.4378312734085288        0.0000000000000000        0.0000000000000000        0.0000000000000000        1.0000000000000000        0.0000000000000000        0.0000000000000000     
   47.000000000000000        1.4335433413596479        0.0000000000000000        0.0000000000000000        0.0000000000000000        1.0000000000000000        0.0000000000000000        0.0000000000000000     
   48.000000000000000        1.4307801015671173        0.0000000000000000        0.0000000000000000        0.0000000000000000        1.0000000000000000        0.0000000000000000        0.0000000000000000     
   49.000000000000000        1.4299505272825561        0.0000000000000000        0.0000000000000000        0.0000000000000000        1.0000000000000000        0.0000000000000000        0.0000000000000000     
   50.000000000000000        1.4309971345066503        0.0000000000000000        0.0000000000000000        0.0000000000000000        1.0000000000000000        0.0000000000000000        0.0000000000000000     
   51.000000000000000        1.4338174275242643        0.0000000000000000        0.0000000000000000        0.0000000000000000        1.0000000000000000        0.0000000000000000        0.0000000000000000     
   52.000000000000000        1.4388522864595839        0.0000000000000000        0.0000000000000000        0.0000000000000000        1.0000000000000000        0.0000000000000000        0.0000000000000000     
   53.000000000000000        1.4447698728745908        0.0000000000000000        0.0000000000000000        0.0000000000000000        1.0000000000000000        0.0000000000000000        0.0000000000000000     
   54.000000000000000        1.4539500244522348        0.0000000000000000        0.0000000000000000        0.0000000000000000        1.0000000000000000        0.0000000000000000        0.0000000000000000     
   55.000000000000000        1.4599549670474614        0.0000000000000000        0.0000000000000000        0.0000000000000000        1.0000000000000000        0.0000000000000000        0.0000000000000000     
   56.000000000000000        1.4509565073854560        0.0000000000000000        0.0000000000000000        0.0000000000000000        1.0000000000000000        0.0000000000000000        0.0000000000000000     
   57.000000000000000        1.4914332234378262        0.0000000000000000        0.0000000000000000        0.0000000000000000       0.15100000000000000       0.84899999999999998        0.0000000000000000     
   58.000000000000000        1.4822346880331256        0.0000000000000000        0.0000000000000000        0.0000000000000000       0.15859999999999999       0.52520000000000000       0.31619999999999998     
   59.000000000000000        1.4835998714674243        0.0000000000000000        0.0000000000000000        0.0000000000000000       0.15780000000000000       0.52600000000000002       0.31619999999999998     
   60.000000000000000        1.4871473711792811        0.0000000000000000        0.0000000000000000        0.0000000000000000       0.15379999999999999       0.53000000000000003       0.31619999999999998     
   61.000000000000000        1.5027973843593716        0.0000000000000000        0.0000000000000000        0.0000000000000000       0.12200000000000000       0.56179999999999997       0.31619999999999998     
   62.000000000000000        1.5138479054116245        0.0000000000000000        0.0000000000000000        0.0000000000000000       0.36699999999999999       0.33700000000000002       0.29599999999999999     
   63.000000000000000        1.6106011262394366        0.0000000000000000        0.0000000000000000        0.0000000000000000       0.10480000000000000       0.14019999999999999       0.75500000000000000     
   64.000000000000000        1.5940303084254579        0.0000000000000000        0.0000000000000000        3.5999999999999999E-003   4.3200000000000002E-002   0.0000000000000000       0.95320000000000005     
   65.000000000000000        1.5711939811777647        0.0000000000000000        0.0000000000000000        3.5999999999999999E-003   4.3200000000000002E-002   8.0000000000000004E-004  0.95240000000000002     
   66.000000000000000        1.5936904897639428        0.0000000000000000        0.0000000000000000        3.5999999999999999E-003   4.3200000000000002E-002   8.0000000000000004E-004  0.95240000000000002     
   67.000000000000000        1.6571823602653648        0.0000000000000000        0.0000000000000000        3.5999999999999999E-003   4.3200000000000002E-002   8.0000000000000004E-004  0.95240000000000002     
   68.000000000000000        1.6314658890534666        0.0000000000000000        0.0000000000000000        3.5999999999999999E-003   4.3200000000000002E-002   8.0000000000000004E-004  0.95240000000000002     
   69.000000000000000        1.6479731337940777        0.0000000000000000        0.0000000000000000        3.5999999999999999E-003   4.3200000000000002E-002   2.3999999999999998E-003  0.95079999999999998     
   70.000000000000000        1.6632812928955722        0.0000000000000000        0.0000000000000000        3.5999999999999999E-003   4.3200000000000002E-002   3.3999999999999998E-003  0.94979999999999998     
   71.000000000000000        1.6754095961251265        0.0000000000000000        0.0000000000000000        3.5999999999999999E-003   4.3200000000000002E-002   4.1999999999999997E-003  0.94899999999999995     
   72.000000000000000        1.6847311480673937        0.0000000000000000        0.0000000000000000        3.5999999999999999E-003   4.3200000000000002E-002   4.1999999999999997E-003  0.94899999999999995     
   73.000000000000000        1.6918858995804154        0.0000000000000000        0.0000000000000000        3.5999999999999999E-003   4.3200000000000002E-002   1.0200000000000001E-002  0.94299999999999995     
   74.000000000000000        1.6940769739201729        0.0000000000000000        0.0000000000000000        3.5999999999999999E-003   4.3200000000000002E-002   2.1999999999999999E-002  0.93120000000000003     
   75.000000000000000        1.6938767438735258        0.0000000000000000        0.0000000000000000        3.5999999999999999E-003   4.3200000000000002E-002   9.5999999999999992E-003  0.94359999999999999     
   76.000000000000000        1.6907524920347612        0.0000000000000000        0.0000000000000000        3.5999999999999999E-003   4.3200000000000002E-002   4.3200000000000002E-002  0.91000000000000003     
   77.000000000000000        1.6852991055374154        0.0000000000000000        0.0000000000000000        3.5999999999999999E-003   4.3200000000000002E-002   3.5200000000000002E-002  0.91800000000000004     
   78.000000000000000        1.6774620151659247        0.0000000000000000        0.0000000000000000        3.5999999999999999E-003   4.3200000000000002E-002   5.0000000000000003E-002  0.90320000000000000     
   79.000000000000000        1.6684969470549995        0.0000000000000000        0.0000000000000000        3.5999999999999999E-003   4.3200000000000002E-002   1.1400000000000000E-002  0.94179999999999997     
   80.000000000000000        1.6581109697262102        0.0000000000000000        0.0000000000000000        3.5999999999999999E-003   4.3200000000000002E-002   1.1200000000000000E-002  0.94199999999999995     
   81.000000000000000        1.6472024874413662        0.0000000000000000        0.0000000000000000        3.5999999999999999E-003   4.3200000000000002E-002   1.2600000000000000E-002  0.94059999999999999     
   82.000000000000000        1.6364714777203881        0.0000000000000000        0.0000000000000000        3.5999999999999999E-003   4.3200000000000002E-002   2.2800000000000001E-002  0.93040000000000000     
   83.000000000000000        1.6264755817817753        0.0000000000000000        0.0000000000000000        3.5999999999999999E-003   4.3200000000000002E-002   2.8799999999999999E-002  0.92440000000000000     
   84.000000000000000        1.6179562909286933        0.0000000000000000        2.0000000000000001E-004   3.3999999999999998E-003   4.3200000000000002E-002   3.3799999999999997E-002  0.91940000000000000     
   85.000000000000000        1.6107350439292658        0.0000000000000000        2.0000000000000001E-004   3.3999999999999998E-003   4.3200000000000002E-002   3.5200000000000002E-002  0.91800000000000004     
   86.000000000000000        1.6060910747027157        0.0000000000000000        2.0000000000000001E-004   3.3999999999999998E-003   4.3200000000000002E-002   3.5200000000000002E-002  0.91800000000000004     
   87.000000000000000        1.6040515705453342        0.0000000000000000        2.0000000000000001E-004   3.3999999999999998E-003   4.3200000000000002E-002   3.5000000000000003E-002  0.91820000000000002     
   88.000000000000000        1.6046229633059470        0.0000000000000000        2.0000000000000001E-004   3.3999999999999998E-003   4.3200000000000002E-002   3.2199999999999999E-002  0.92100000000000004     
   89.000000000000000        1.6077657708551882        0.0000000000000000        2.0000000000000001E-004   3.3999999999999998E-003   4.3200000000000002E-002   3.4000000000000002E-002  0.91920000000000002     
   90.000000000000000        1.6133679977721769        0.0000000000000000        2.0000000000000001E-004   3.3999999999999998E-003   4.3200000000000002E-002   3.4000000000000002E-002  0.91920000000000002     
   91.000000000000000        1.6210899551088447        0.0000000000000000        2.0000000000000001E-004   3.3999999999999998E-003   4.3200000000000002E-002   3.3399999999999999E-002  0.91979999999999995     
   92.000000000000000        1.6307354881219180        0.0000000000000000        2.0000000000000001E-004   3.2000000000000002E-003   4.3400000000000001E-002   3.2000000000000001E-002  0.92120000000000002     
   93.000000000000000        1.6415751391441227        0.0000000000000000        2.0000000000000001E-004   3.0000000000000001E-003   4.3600000000000000E-002   3.1199999999999999E-002  0.92200000000000004     
   94.000000000000000        1.6514997705078807        0.0000000000000000        2.0000000000000001E-004   3.0000000000000001E-003   4.3600000000000000E-002   3.2199999999999999E-002  0.92100000000000004     
   95.000000000000000        1.6643192648662710        0.0000000000000000        0.0000000000000000        3.2000000000000002E-003   4.3600000000000000E-002   3.4599999999999999E-002  0.91859999999999997     
   96.000000000000000        1.6754656825952756        0.0000000000000000        0.0000000000000000        2.8000000000000000E-003   4.3999999999999997E-002   3.3200000000000000E-002  0.92000000000000004     
   97.000000000000000        1.6854455101077985        0.0000000000000000        0.0000000000000000        2.8000000000000000E-003   4.3999999999999997E-002   3.2800000000000003E-002  0.92040000000000000     
   98.000000000000000        1.6933525943986187        0.0000000000000000        0.0000000000000000        2.8000000000000000E-003   4.3999999999999997E-002   3.5200000000000002E-002  0.91800000000000004     
   99.000000000000000        1.7018595409362585        0.0000000000000000        0.0000000000000000        2.8000000000000000E-003   4.3999999999999997E-002   3.3799999999999997E-002  0.91940000000000000     
   100.00000000000000        1.7033385296993646        0.0000000000000000        0.0000000000000000        2.8000000000000000E-003   4.3999999999999997E-002   3.3399999999999999E-002  0.91979999999999995     
   101.00000000000000        1.7049927015259567        0.0000000000000000        0.0000000000000000        2.8000000000000000E-003   4.3999999999999997E-002   3.1000000000000000E-002  0.92220000000000002     
   102.00000000000000        1.7036428880516667        0.0000000000000000        0.0000000000000000        2.8000000000000000E-003   4.3999999999999997E-002   3.2599999999999997E-002  0.92059999999999997     
   103.00000000000000        1.6996221649156980        0.0000000000000000        0.0000000000000000        2.8000000000000000E-003   4.3999999999999997E-002   3.2199999999999999E-002  0.92100000000000004     
   104.00000000000000        1.6932204581150980        0.0000000000000000        0.0000000000000000        2.8000000000000000E-003   4.3999999999999997E-002   3.2399999999999998E-002  0.92079999999999995     
   105.00000000000000        1.6840661583888428        0.0000000000000000        0.0000000000000000        2.8000000000000000E-003   4.3999999999999997E-002   3.1399999999999997E-002  0.92179999999999995     
   106.00000000000000        1.6726299745346076        0.0000000000000000        0.0000000000000000        2.8000000000000000E-003   4.3999999999999997E-002   3.1399999999999997E-002  0.92179999999999995     
   107.00000000000000        1.6595662551088242        0.0000000000000000        0.0000000000000000        2.8000000000000000E-003   4.3999999999999997E-002   3.3000000000000002E-002  0.92020000000000002     
   108.00000000000000        1.6445877090567960        0.0000000000000000        0.0000000000000000        2.8000000000000000E-003   4.3999999999999997E-002   3.8800000000000001E-002  0.91439999999999999     
   109.00000000000000        1.6295132398094636        0.0000000000000000        0.0000000000000000        1.8000000000000000E-003   4.4999999999999998E-002   3.8800000000000001E-002  0.91439999999999999     
   110.00000000000000        1.6131252286469688        0.0000000000000000        0.0000000000000000        1.8000000000000000E-003   4.4999999999999998E-002   3.4400000000000000E-002  0.91879999999999995     
   111.00000000000000        1.5969378495656950        0.0000000000000000        0.0000000000000000        1.8000000000000000E-003   4.4999999999999998E-002   2.5999999999999999E-002  0.92720000000000002     
   112.00000000000000        1.5816074924287240        0.0000000000000000        0.0000000000000000        1.8000000000000000E-003   4.4999999999999998E-002   1.6000000000000000E-002  0.93720000000000003     
   113.00000000000000        1.5677203635202988        0.0000000000000000        0.0000000000000000        1.8000000000000000E-003   4.4999999999999998E-002   3.5200000000000002E-002  0.91800000000000004     
   114.00000000000000        1.5562917789214763        0.0000000000000000        0.0000000000000000        1.8000000000000000E-003   4.4999999999999998E-002   9.1800000000000007E-002  0.86140000000000005     
   115.00000000000000        1.5483751432998714        0.0000000000000000        0.0000000000000000        1.8000000000000000E-003   4.4999999999999998E-002   0.0000000000000000       0.95320000000000005     
   116.00000000000000        1.5445402865572084        0.0000000000000000        0.0000000000000000        1.8000000000000000E-003   4.4999999999999998E-002   4.7399999999999998E-002  0.90580000000000005     
   117.00000000000000        1.5450303217826624        0.0000000000000000        0.0000000000000000        1.8000000000000000E-003   4.4999999999999998E-002   5.5199999999999999E-002  0.89800000000000002     
   118.00000000000000        1.5503272918517574        0.0000000000000000        0.0000000000000000        1.8000000000000000E-003   4.4999999999999998E-002   5.5399999999999998E-002  0.89780000000000004     
   119.00000000000000        1.5603130880698002        0.0000000000000000        0.0000000000000000        1.8000000000000000E-003   4.4999999999999998E-002   6.4000000000000001E-002  0.88919999999999999     
   120.00000000000000        1.5753628736570291        0.0000000000000000        0.0000000000000000        1.8000000000000000E-003   4.4999999999999998E-002   6.0199999999999997E-002  0.89300000000000002     
   121.00000000000000        1.5951071265431240        0.0000000000000000        0.0000000000000000        1.8000000000000000E-003   4.4999999999999998E-002   6.3799999999999996E-002  0.88939999999999997     
   122.00000000000000        1.6194630467147810        0.0000000000000000        0.0000000000000000        1.8000000000000000E-003   4.4999999999999998E-002   6.4799999999999996E-002  0.88839999999999997     
   123.00000000000000        1.6478989827858535        0.0000000000000000        0.0000000000000000        1.8000000000000000E-003   4.4999999999999998E-002   6.3399999999999998E-002  0.88980000000000004     
   124.00000000000000        1.6797240114810070        0.0000000000000000        0.0000000000000000        1.8000000000000000E-003   4.4999999999999998E-002   6.3399999999999998E-002  0.88980000000000004     
   125.00000000000000        1.7149651324663051        0.0000000000000000        0.0000000000000000        1.8000000000000000E-003   4.4999999999999998E-002   6.3399999999999998E-002  0.88980000000000004     
   126.00000000000000        1.7511025425229030        0.0000000000000000        0.0000000000000000        1.6000000000000001E-003   4.5199999999999997E-002   6.3399999999999998E-002  0.88980000000000004     
   127.00000000000000        1.7885560905995059        0.0000000000000000        0.0000000000000000        1.6000000000000001E-003   4.5199999999999997E-002   6.3399999999999998E-002  0.88980000000000004     
   128.00000000000000        1.8261738391290587        0.0000000000000000        0.0000000000000000        1.6000000000000001E-003   4.5199999999999997E-002   6.3200000000000006E-002  0.89000000000000001     
   129.00000000000000        1.8620630661743056        0.0000000000000000        0.0000000000000000        1.6000000000000001E-003   4.5199999999999997E-002   6.1400000000000003E-002  0.89180000000000004     
   130.00000000000000        1.8963317440054348        0.0000000000000000        0.0000000000000000        1.6000000000000001E-003   4.5199999999999997E-002   6.1400000000000003E-002  0.89180000000000004     
   131.00000000000000        1.9276700932361923        0.0000000000000000        0.0000000000000000        1.6000000000000001E-003   4.5199999999999997E-002   6.1400000000000003E-002  0.89180000000000004     
   132.00000000000000        1.9553920997517604        0.0000000000000000        0.0000000000000000        1.6000000000000001E-003   4.5199999999999997E-002   6.1400000000000003E-002  0.89180000000000004     
   133.00000000000000        1.9787625981484083        0.0000000000000000        0.0000000000000000        1.6000000000000001E-003   4.5199999999999997E-002   6.2199999999999998E-002  0.89100000000000001     
   134.00000000000000        1.9976356295402546        0.0000000000000000        0.0000000000000000        1.6000000000000001E-003   4.5199999999999997E-002   6.2199999999999998E-002  0.89100000000000001     
   135.00000000000000        2.0117884896046871        0.0000000000000000        0.0000000000000000        1.6000000000000001E-003   4.5199999999999997E-002   5.9400000000000001E-002  0.89380000000000004     
   136.00000000000000        2.0162758354054553        0.0000000000000000        0.0000000000000000        1.6000000000000001E-003   4.5199999999999997E-002   5.6800000000000003E-002  0.89639999999999997     
   137.00000000000000        2.0167679239131537        0.0000000000000000        0.0000000000000000        1.6000000000000001E-003   4.5199999999999997E-002   5.7599999999999998E-002  0.89559999999999995     
   138.00000000000000        2.0132950142855317        0.0000000000000000        0.0000000000000000        1.6000000000000001E-003   4.5199999999999997E-002   5.7000000000000002E-002  0.89620000000000000     
   139.00000000000000        1.9999263970212842        0.0000000000000000        0.0000000000000000        1.6000000000000001E-003   4.5199999999999997E-002   5.6399999999999999E-002  0.89680000000000004     
   140.00000000000000        1.9841826337361606        0.0000000000000000        0.0000000000000000        1.6000000000000001E-003   4.5199999999999997E-002   5.3800000000000001E-002  0.89939999999999998     
   141.00000000000000        1.9639938920465971        0.0000000000000000        0.0000000000000000        1.6000000000000001E-003   4.5199999999999997E-002   5.3999999999999999E-002  0.89920000000000000     
   142.00000000000000        1.9360553567037313        0.0000000000000000        0.0000000000000000        1.6000000000000001E-003   4.5199999999999997E-002   6.0999999999999999E-002  0.89219999999999999     
   143.00000000000000        1.9076854185177952        0.0000000000000000        0.0000000000000000        1.6000000000000001E-003   4.5199999999999997E-002   7.1199999999999999E-002  0.88200000000000001     
   144.00000000000000        1.8744208709525079        0.0000000000000000        0.0000000000000000        1.6000000000000001E-003   4.5199999999999997E-002   4.7600000000000003E-002  0.90559999999999996     
   145.00000000000000        1.8385822032101768        0.0000000000000000        0.0000000000000000        1.6000000000000001E-003   4.5199999999999997E-002   6.3000000000000000E-002  0.89019999999999999     
   146.00000000000000        1.8006096693036631        0.0000000000000000        0.0000000000000000        1.6000000000000001E-003   4.5199999999999997E-002   8.5999999999999993E-002  0.86719999999999997     
   147.00000000000000        1.7617115851225418        0.0000000000000000        0.0000000000000000        1.6000000000000001E-003   4.5199999999999997E-002   9.9400000000000002E-002  0.85380000000000000     
   148.00000000000000        1.7228702319540579        0.0000000000000000        0.0000000000000000        1.6000000000000001E-003   4.5199999999999997E-002  0.13600000000000001       0.81720000000000004     
   149.00000000000000        1.6846683475559154        0.0000000000000000        0.0000000000000000        1.6000000000000001E-003   4.5199999999999997E-002  0.19680000000000000       0.75639999999999996     
   150.00000000000000        1.6485830094082992        0.0000000000000000        0.0000000000000000        1.6000000000000001E-003   4.5199999999999997E-002  0.21179999999999999       0.74139999999999995     
   151.00000000000000        1.6148252044320579        0.0000000000000000        0.0000000000000000        1.6000000000000001E-003   4.5199999999999997E-002  0.26000000000000001       0.69320000000000004     
   152.00000000000000        1.5845078245549651        0.0000000000000000        0.0000000000000000        1.6000000000000001E-003   4.5199999999999997E-002  0.29980000000000001       0.65339999999999998     
   153.00000000000000        1.5582396577575663        0.0000000000000000        0.0000000000000000        1.6000000000000001E-003   4.5199999999999997E-002  0.32800000000000001       0.62519999999999998     
   154.00000000000000        1.5364239456504567        0.0000000000000000        0.0000000000000000        1.6000000000000001E-003   4.5199999999999997E-002  0.34660000000000002       0.60660000000000003     
   155.00000000000000        1.5196987951471166        0.0000000000000000        0.0000000000000000        1.6000000000000001E-003   4.5199999999999997E-002  0.35020000000000001       0.60299999999999998     
   156.00000000000000        1.5083140551316654        0.0000000000000000        0.0000000000000000        1.6000000000000001E-003   4.5199999999999997E-002  0.34920000000000001       0.60399999999999998     
   157.00000000000000        1.5021560799844567        0.0000000000000000        0.0000000000000000        1.6000000000000001E-003   4.5199999999999997E-002  0.36820000000000003       0.58499999999999996     
   158.00000000000000        1.5022003222394444        0.0000000000000000        0.0000000000000000        1.6000000000000001E-003   4.5199999999999997E-002  0.36020000000000002       0.59299999999999997     
   159.00000000000000        1.5064165885955119        0.0000000000000000        0.0000000000000000        1.6000000000000001E-003   4.5199999999999997E-002  0.36120000000000002       0.59199999999999997     
   160.00000000000000        1.5154343825847536        0.0000000000000000        0.0000000000000000        1.6000000000000001E-003   4.5199999999999997E-002  0.35620000000000002       0.59699999999999998     
   161.00000000000000        1.5288906473601915        0.0000000000000000        0.0000000000000000        1.6000000000000001E-003   4.5199999999999997E-002  0.35580000000000001       0.59740000000000004     
   162.00000000000000        1.5456254049261033        0.0000000000000000        0.0000000000000000        1.6000000000000001E-003   4.5199999999999997E-002  0.36159999999999998       0.59160000000000001     
   163.00000000000000        1.5656311940540388        0.0000000000000000        0.0000000000000000        1.6000000000000001E-003   4.5199999999999997E-002  0.38000000000000000       0.57320000000000004     
   164.00000000000000        1.5868494495116927        0.0000000000000000        0.0000000000000000        1.6000000000000001E-003   4.5199999999999997E-002  0.36340000000000000       0.58979999999999999     
   165.00000000000000        1.6098156229116631        0.0000000000000000        0.0000000000000000        1.6000000000000001E-003   4.5199999999999997E-002  0.37880000000000003       0.57440000000000002     
   166.00000000000000        1.6330812461282285        0.0000000000000000        0.0000000000000000        1.6000000000000001E-003   4.5199999999999997E-002  0.38879999999999998       0.56440000000000001     
   167.00000000000000        1.6561447317988849        0.0000000000000000        0.0000000000000000        1.6000000000000001E-003   4.5199999999999997E-002  0.41139999999999999       0.54179999999999995     
   168.00000000000000        1.6781043297488989        0.0000000000000000        0.0000000000000000        1.6000000000000001E-003   4.5199999999999997E-002  0.43059999999999998       0.52259999999999995     
   169.00000000000000        1.6985950030496451        0.0000000000000000        0.0000000000000000        1.6000000000000001E-003   4.5199999999999997E-002  0.43240000000000001       0.52080000000000004     
   170.00000000000000        1.7166879893989746        0.0000000000000000        0.0000000000000000        1.6000000000000001E-003   4.5199999999999997E-002  0.43819999999999998       0.51500000000000001     
   171.00000000000000        1.7324875795225787        0.0000000000000000        2.0000000000000001E-004   1.4000000000000000E-003   4.5199999999999997E-002  0.39739999999999998       0.55579999999999996     
   172.00000000000000        1.7450718585807592        0.0000000000000000        2.0000000000000001E-004   1.4000000000000000E-003   4.5199999999999997E-002  0.39319999999999999       0.56000000000000005     
   173.00000000000000        1.7542802865809022        0.0000000000000000        2.0000000000000001E-004   1.4000000000000000E-003   4.5199999999999997E-002  0.39279999999999998       0.56040000000000001     
   174.00000000000000        1.7598369970354255        0.0000000000000000        2.0000000000000001E-004   1.4000000000000000E-003   4.5199999999999997E-002  0.34780000000000000       0.60540000000000005     
   175.00000000000000        1.7616463931523232        0.0000000000000000        2.0000000000000001E-004   1.4000000000000000E-003   4.5199999999999997E-002  0.33400000000000002       0.61919999999999997     
   176.00000000000000        1.7599302002044994        0.0000000000000000        2.0000000000000001E-004   1.4000000000000000E-003   4.5199999999999997E-002  0.31200000000000000       0.64119999999999999     
   177.00000000000000        1.7544162487112920        0.0000000000000000        0.0000000000000000        1.6000000000000001E-003   4.5199999999999997E-002  0.32440000000000002       0.62880000000000003     
   178.00000000000000        1.7462570395521055        0.0000000000000000        0.0000000000000000        1.6000000000000001E-003   4.5199999999999997E-002  0.31900000000000001       0.63419999999999999     
   179.00000000000000        1.7343021008362880        0.0000000000000000        0.0000000000000000        1.6000000000000001E-003   4.5199999999999997E-002  0.30880000000000002       0.64439999999999997     
   180.00000000000000        1.7206182087137454        0.0000000000000000        0.0000000000000000        1.6000000000000001E-003   4.5199999999999997E-002  0.30559999999999998       0.64759999999999995     
   181.00000000000000        1.7050819023096744        0.0000000000000000        0.0000000000000000        1.6000000000000001E-003   4.5199999999999997E-002  0.29759999999999998       0.65559999999999996     
   182.00000000000000        1.6883626211844365        0.0000000000000000        0.0000000000000000        1.6000000000000001E-003   4.5199999999999997E-002  0.29799999999999999       0.65520000000000000     
   183.00000000000000        1.6712744245117523        0.0000000000000000        0.0000000000000000        1.6000000000000001E-003   4.5199999999999997E-002  0.29940000000000000       0.65380000000000005     
   184.00000000000000        1.6544248254798970        0.0000000000000000        0.0000000000000000        1.6000000000000001E-003   4.5199999999999997E-002  0.29940000000000000       0.65380000000000005     
   185.00000000000000        1.6383752419502167        0.0000000000000000        0.0000000000000000        1.6000000000000001E-003   4.5199999999999997E-002  0.29959999999999998       0.65359999999999996     
   186.00000000000000        1.6239876375382223        0.0000000000000000        0.0000000000000000        1.6000000000000001E-003   4.5199999999999997E-002  0.29799999999999999       0.65520000000000000     
   187.00000000000000        1.6118212717859266        0.0000000000000000        0.0000000000000000        1.6000000000000001E-003   4.5199999999999997E-002  0.29499999999999998       0.65820000000000001     
   188.00000000000000        1.6016909186372414        0.0000000000000000        0.0000000000000000        1.6000000000000001E-003   4.5199999999999997E-002  0.29799999999999999       0.65520000000000000     
   189.00000000000000        1.5940862317675875        0.0000000000000000        0.0000000000000000        1.6000000000000001E-003   4.5199999999999997E-002  0.29699999999999999       0.65620000000000001     
