#        BMIN =   406
#        BMAX =   411
#     INIBAND =   409
#      NBANDS =   540
#         NSW =  2000
#       POTIM =   1.0
#        TEMP = 300.0
#    NAMDTINI =   329
#    NAMDTIME =  1000
#       NTRAJ =  5000
#        NELM =  1000
#       LHOLE =     T
#        LSHP =     T
#      LCPTXT =     T
#      RUNDIR = ../../run/
   1.0000000000000000        1.4331861968170947        0.0000000000000000        0.0000000000000000        0.0000000000000000        1.0000000000000000        0.0000000000000000        0.0000000000000000     
   2.0000000000000000        1.4505108123680337        0.0000000000000000        0.0000000000000000        0.0000000000000000        1.0000000000000000        0.0000000000000000        0.0000000000000000     
   3.0000000000000000        1.4669028258044525        0.0000000000000000        0.0000000000000000        0.0000000000000000        1.0000000000000000        0.0000000000000000        0.0000000000000000     
   4.0000000000000000        1.4817334149027155        0.0000000000000000        0.0000000000000000        0.0000000000000000        1.0000000000000000        0.0000000000000000        0.0000000000000000     
   5.0000000000000000        1.4942822977156758        0.0000000000000000        0.0000000000000000        0.0000000000000000        1.0000000000000000        0.0000000000000000        0.0000000000000000     
   6.0000000000000000        1.5033138985682275        0.0000000000000000        0.0000000000000000        0.0000000000000000        1.0000000000000000        0.0000000000000000        0.0000000000000000     
   7.0000000000000000        1.5079223820145065        0.0000000000000000        0.0000000000000000        0.0000000000000000        1.0000000000000000        0.0000000000000000        0.0000000000000000     
   8.0000000000000000        1.5072369953413718        0.0000000000000000        0.0000000000000000        0.0000000000000000        1.0000000000000000        0.0000000000000000        0.0000000000000000     
   9.0000000000000000        1.5002300504319099        0.0000000000000000        0.0000000000000000        0.0000000000000000        1.0000000000000000        0.0000000000000000        0.0000000000000000     
   10.000000000000000        1.4860085618227035        0.0000000000000000        0.0000000000000000        0.0000000000000000        1.0000000000000000        0.0000000000000000        0.0000000000000000     
   11.000000000000000        1.4632257898751657        0.0000000000000000        0.0000000000000000        0.0000000000000000        1.0000000000000000        0.0000000000000000        0.0000000000000000     
   12.000000000000000        1.4333559320820821        0.0000000000000000        0.0000000000000000        0.0000000000000000        1.0000000000000000        0.0000000000000000        0.0000000000000000     
   13.000000000000000        1.4011236852357198        0.0000000000000000        0.0000000000000000        0.0000000000000000        1.0000000000000000        0.0000000000000000        0.0000000000000000     
   14.000000000000000        1.3618745137649055        0.0000000000000000        0.0000000000000000        0.0000000000000000        1.0000000000000000        0.0000000000000000        0.0000000000000000     
   15.000000000000000        1.3162313281480307        0.0000000000000000        0.0000000000000000        0.0000000000000000        1.0000000000000000        0.0000000000000000        0.0000000000000000     
   16.000000000000000        1.2760705047817726        0.0000000000000000        0.0000000000000000        0.0000000000000000        1.0000000000000000        0.0000000000000000        0.0000000000000000     
   17.000000000000000        1.2317113967764377        0.0000000000000000        0.0000000000000000        0.0000000000000000        1.0000000000000000        0.0000000000000000        0.0000000000000000     
   18.000000000000000        1.1891481835521771        0.0000000000000000        0.0000000000000000        0.0000000000000000        1.0000000000000000        0.0000000000000000        0.0000000000000000     
   19.000000000000000        1.1553267035457735        0.0000000000000000        0.0000000000000000        0.0000000000000000        1.0000000000000000        0.0000000000000000        0.0000000000000000     
   20.000000000000000        1.1204411123383404        0.0000000000000000        0.0000000000000000        0.0000000000000000        1.0000000000000000        0.0000000000000000        0.0000000000000000     
   21.000000000000000        1.0942702797927086        0.0000000000000000        0.0000000000000000        0.0000000000000000        1.0000000000000000        0.0000000000000000        0.0000000000000000     
   22.000000000000000        1.0732098754028385        0.0000000000000000        0.0000000000000000        0.0000000000000000        1.0000000000000000        0.0000000000000000        0.0000000000000000     
   23.000000000000000        1.0593153978581986        0.0000000000000000        0.0000000000000000        0.0000000000000000        1.0000000000000000        0.0000000000000000        0.0000000000000000     
   24.000000000000000        1.0515861718059443        0.0000000000000000        0.0000000000000000        0.0000000000000000        1.0000000000000000        0.0000000000000000        0.0000000000000000     
   25.000000000000000        1.0504948955392541        0.0000000000000000        0.0000000000000000        0.0000000000000000        1.0000000000000000        0.0000000000000000        0.0000000000000000     
   26.000000000000000        1.0554394365821906        0.0000000000000000        0.0000000000000000        0.0000000000000000        1.0000000000000000        0.0000000000000000        0.0000000000000000     
   27.000000000000000        1.0664713490434892        0.0000000000000000        0.0000000000000000        0.0000000000000000        1.0000000000000000        0.0000000000000000        0.0000000000000000     
   28.000000000000000        1.0826539778232183        0.0000000000000000        0.0000000000000000        0.0000000000000000        1.0000000000000000        0.0000000000000000        0.0000000000000000     
   29.000000000000000        1.1040110540892873        0.0000000000000000        0.0000000000000000        0.0000000000000000        1.0000000000000000        0.0000000000000000        0.0000000000000000     
   30.000000000000000        1.1301941405283642        0.0000000000000000        0.0000000000000000        0.0000000000000000        1.0000000000000000        0.0000000000000000        0.0000000000000000     
   31.000000000000000        1.1601794014892404        0.0000000000000000        0.0000000000000000        0.0000000000000000        1.0000000000000000        0.0000000000000000        0.0000000000000000     
   32.000000000000000        1.1934476053183642        0.0000000000000000        0.0000000000000000        0.0000000000000000        1.0000000000000000        0.0000000000000000        0.0000000000000000     
   33.000000000000000        1.2288508886206300        0.0000000000000000        0.0000000000000000        0.0000000000000000        1.0000000000000000        0.0000000000000000        0.0000000000000000     
   34.000000000000000        1.2649844772413714        0.0000000000000000        0.0000000000000000        0.0000000000000000        1.0000000000000000        0.0000000000000000        0.0000000000000000     
   35.000000000000000        1.3004528729952218        0.0000000000000000        0.0000000000000000        0.0000000000000000        1.0000000000000000        0.0000000000000000        0.0000000000000000     
   36.000000000000000        1.3345458864932696        0.0000000000000000        0.0000000000000000        0.0000000000000000        1.0000000000000000        0.0000000000000000        0.0000000000000000     
   37.000000000000000        1.3657279922693260        0.0000000000000000        0.0000000000000000        0.0000000000000000        1.0000000000000000        0.0000000000000000        0.0000000000000000     
   38.000000000000000        1.3920696761133629        0.0000000000000000        0.0000000000000000        0.0000000000000000        1.0000000000000000        0.0000000000000000        0.0000000000000000     
   39.000000000000000        1.4136221130580333        0.0000000000000000        0.0000000000000000        0.0000000000000000        1.0000000000000000        0.0000000000000000        0.0000000000000000     
   40.000000000000000        1.4295651947459653        0.0000000000000000        0.0000000000000000        0.0000000000000000        1.0000000000000000        0.0000000000000000        0.0000000000000000     
   41.000000000000000        1.4398228940536280        0.0000000000000000        0.0000000000000000        0.0000000000000000        1.0000000000000000        0.0000000000000000        0.0000000000000000     
   42.000000000000000        1.4445532389269773        0.0000000000000000        0.0000000000000000        0.0000000000000000        1.0000000000000000        0.0000000000000000        0.0000000000000000     
   43.000000000000000        1.4451434557187892        0.0000000000000000        0.0000000000000000        0.0000000000000000        1.0000000000000000        0.0000000000000000        0.0000000000000000     
   44.000000000000000        1.4419361876003600        0.0000000000000000        0.0000000000000000        0.0000000000000000        1.0000000000000000        0.0000000000000000        0.0000000000000000     
   45.000000000000000        1.4357986814610326        0.0000000000000000        0.0000000000000000        0.0000000000000000        1.0000000000000000        0.0000000000000000        0.0000000000000000     
   46.000000000000000        1.4275280253427214        0.0000000000000000        0.0000000000000000        0.0000000000000000        1.0000000000000000        0.0000000000000000        0.0000000000000000     
   47.000000000000000        1.4178571581513135        0.0000000000000000        0.0000000000000000        0.0000000000000000        1.0000000000000000        0.0000000000000000        0.0000000000000000     
   48.000000000000000        1.4070303986718795        0.0000000000000000        0.0000000000000000        0.0000000000000000        1.0000000000000000        0.0000000000000000        0.0000000000000000     
   49.000000000000000        1.3961047816994774        0.0000000000000000        0.0000000000000000        0.0000000000000000        1.0000000000000000        0.0000000000000000        0.0000000000000000     
   50.000000000000000        1.3850623496268892        0.0000000000000000        0.0000000000000000        0.0000000000000000        1.0000000000000000        0.0000000000000000        0.0000000000000000     
   51.000000000000000        1.3744601254319395        0.0000000000000000        0.0000000000000000        0.0000000000000000        1.0000000000000000        0.0000000000000000        0.0000000000000000     
   52.000000000000000        1.3646073851057217        0.0000000000000000        0.0000000000000000        0.0000000000000000        1.0000000000000000        0.0000000000000000        0.0000000000000000     
   53.000000000000000        1.3558722582295013        0.0000000000000000        0.0000000000000000        0.0000000000000000        1.0000000000000000        0.0000000000000000        0.0000000000000000     
   54.000000000000000        1.3482797466326299        0.0000000000000000        0.0000000000000000        0.0000000000000000        1.0000000000000000        0.0000000000000000        0.0000000000000000     
   55.000000000000000        1.3418233084612439        0.0000000000000000        0.0000000000000000        0.0000000000000000        1.0000000000000000        0.0000000000000000        0.0000000000000000     
   56.000000000000000        1.3376764532016954        0.0000000000000000        0.0000000000000000        0.0000000000000000        1.0000000000000000        0.0000000000000000        0.0000000000000000     
   57.000000000000000        1.3349553504014446        0.0000000000000000        0.0000000000000000        0.0000000000000000        1.0000000000000000        0.0000000000000000        0.0000000000000000     
   58.000000000000000        1.3340188418562740        0.0000000000000000        0.0000000000000000        0.0000000000000000        1.0000000000000000        0.0000000000000000        0.0000000000000000     
   59.000000000000000        1.3349193159821773        0.0000000000000000        0.0000000000000000        0.0000000000000000        1.0000000000000000        0.0000000000000000        0.0000000000000000     
   60.000000000000000        1.3374936471943151        0.0000000000000000        0.0000000000000000        0.0000000000000000        1.0000000000000000        0.0000000000000000        0.0000000000000000     
   61.000000000000000        1.3418552369362842        0.0000000000000000        0.0000000000000000        0.0000000000000000        1.0000000000000000        0.0000000000000000        0.0000000000000000     
   62.000000000000000        1.3476405007741172        0.0000000000000000        0.0000000000000000        0.0000000000000000        1.0000000000000000        0.0000000000000000        0.0000000000000000     
   63.000000000000000        1.3546861818092093        0.0000000000000000        0.0000000000000000        0.0000000000000000        1.0000000000000000        0.0000000000000000        0.0000000000000000     
   64.000000000000000        1.3628853872916993        0.0000000000000000        0.0000000000000000        0.0000000000000000        1.0000000000000000        0.0000000000000000        0.0000000000000000     
   65.000000000000000        1.3717375437639354        0.0000000000000000        0.0000000000000000        0.0000000000000000        1.0000000000000000        0.0000000000000000        0.0000000000000000     
   66.000000000000000        1.3805518570433812        0.0000000000000000        0.0000000000000000        0.0000000000000000        1.0000000000000000        0.0000000000000000        0.0000000000000000     
   67.000000000000000        1.3902499091523912        0.0000000000000000        0.0000000000000000        0.0000000000000000        1.0000000000000000        0.0000000000000000        0.0000000000000000     
   68.000000000000000        1.3995409074538427        0.0000000000000000        0.0000000000000000        0.0000000000000000        1.0000000000000000        0.0000000000000000        0.0000000000000000     
   69.000000000000000        1.4084248690148509        0.0000000000000000        0.0000000000000000        0.0000000000000000        1.0000000000000000        0.0000000000000000        0.0000000000000000     
   70.000000000000000        1.4166016390890559        0.0000000000000000        0.0000000000000000        0.0000000000000000        1.0000000000000000        0.0000000000000000        0.0000000000000000     
   71.000000000000000        1.4234802815216758        0.0000000000000000        0.0000000000000000        0.0000000000000000        1.0000000000000000        0.0000000000000000        0.0000000000000000     
   72.000000000000000        1.4299261392387428        0.0000000000000000        0.0000000000000000        0.0000000000000000        1.0000000000000000        0.0000000000000000        0.0000000000000000     
   73.000000000000000        1.4343510806828470        0.0000000000000000        0.0000000000000000        0.0000000000000000        1.0000000000000000        0.0000000000000000        0.0000000000000000     
   74.000000000000000        1.4387332398429546        0.0000000000000000        0.0000000000000000        0.0000000000000000        1.0000000000000000        0.0000000000000000        0.0000000000000000     
   75.000000000000000        1.4412477865225151        0.0000000000000000        0.0000000000000000        0.0000000000000000        1.0000000000000000        0.0000000000000000        0.0000000000000000     
   76.000000000000000        1.4423995909099487        0.0000000000000000        0.0000000000000000        0.0000000000000000        1.0000000000000000        0.0000000000000000        0.0000000000000000     
   77.000000000000000        1.4442954035641591        0.0000000000000000        0.0000000000000000        0.0000000000000000        1.0000000000000000        0.0000000000000000        0.0000000000000000     
   78.000000000000000        1.4430531702754044        0.0000000000000000        0.0000000000000000        0.0000000000000000        1.0000000000000000        0.0000000000000000        0.0000000000000000     
   79.000000000000000        1.4451537554357068        0.0000000000000000        0.0000000000000000        0.0000000000000000        1.0000000000000000        0.0000000000000000        0.0000000000000000     
   80.000000000000000        1.4472568342235190        0.0000000000000000        0.0000000000000000        0.0000000000000000        1.0000000000000000        0.0000000000000000        0.0000000000000000     
   81.000000000000000        1.4504053574652707        0.0000000000000000        0.0000000000000000        0.0000000000000000        1.0000000000000000        0.0000000000000000        0.0000000000000000     
   82.000000000000000        1.4555470139706341        0.0000000000000000        0.0000000000000000        0.0000000000000000        1.0000000000000000        0.0000000000000000        0.0000000000000000     
   83.000000000000000        1.4609912751288312        0.0000000000000000        0.0000000000000000        0.0000000000000000        1.0000000000000000        0.0000000000000000        0.0000000000000000     
   84.000000000000000        1.4678805106314021        0.0000000000000000        0.0000000000000000        0.0000000000000000        1.0000000000000000        0.0000000000000000        0.0000000000000000     
   85.000000000000000        1.4761231903076200        0.0000000000000000        0.0000000000000000        0.0000000000000000        1.0000000000000000        0.0000000000000000        0.0000000000000000     
   86.000000000000000        1.4855578202667914        0.0000000000000000        0.0000000000000000        0.0000000000000000        1.0000000000000000        0.0000000000000000        0.0000000000000000     
   87.000000000000000        1.4965698285696241        0.0000000000000000        0.0000000000000000        0.0000000000000000        1.0000000000000000        0.0000000000000000        0.0000000000000000     
   88.000000000000000        1.5115432590012421        0.0000000000000000        0.0000000000000000        0.0000000000000000       0.79159999999999997        2.5000000000000001E-002  0.18340000000000001     
   89.000000000000000        1.5077289933701787        0.0000000000000000        0.0000000000000000        0.0000000000000000       0.81279999999999997        4.0000000000000001E-003  0.18320000000000000     
   90.000000000000000        1.4998085276547488        0.0000000000000000        0.0000000000000000        0.0000000000000000       0.81359999999999999        3.2000000000000002E-003  0.18320000000000000     
   91.000000000000000        1.4938511727528696        0.0000000000000000        0.0000000000000000        0.0000000000000000       0.81279999999999997        4.0000000000000001E-003  0.18320000000000000     
   92.000000000000000        1.4901798556054207        0.0000000000000000        0.0000000000000000        0.0000000000000000       0.81679999999999997        0.0000000000000000       0.18320000000000000     
   93.000000000000000        1.4895275716952234        0.0000000000000000        0.0000000000000000        0.0000000000000000       0.81620000000000004        5.9999999999999995E-004  0.18320000000000000     
   94.000000000000000        1.4914606064139149        0.0000000000000000        0.0000000000000000        0.0000000000000000       0.81579999999999997        1.0000000000000000E-003  0.18320000000000000     
   95.000000000000000        1.4971663572890135        0.0000000000000000        0.0000000000000000        0.0000000000000000       0.81579999999999997        1.0000000000000000E-003  0.18320000000000000     
   96.000000000000000        1.5061908047213048        0.0000000000000000        0.0000000000000000        0.0000000000000000       0.81520000000000004        1.6000000000000001E-003  0.18320000000000000     
   97.000000000000000        1.5185230567347121        0.0000000000000000        0.0000000000000000        0.0000000000000000       0.81520000000000004        1.6000000000000001E-003  0.18320000000000000     
   98.000000000000000        1.5347092150657966        0.0000000000000000        0.0000000000000000        0.0000000000000000       0.81399999999999995        2.8000000000000000E-003  0.18320000000000000     
   99.000000000000000        1.5542165361162414        0.0000000000000000        0.0000000000000000        0.0000000000000000       0.74780000000000002        9.8599999999999993E-002  0.15359999999999999     
   100.00000000000000        1.5711594754981149        0.0000000000000000        0.0000000000000000        0.0000000000000000       0.74780000000000002        9.9400000000000002E-002  0.15279999999999999     
   101.00000000000000        1.5728719607622883        0.0000000000000000        0.0000000000000000        0.0000000000000000       0.74780000000000002        9.9199999999999997E-002  0.15300000000000000     
   102.00000000000000        1.5735393335019501        0.0000000000000000        0.0000000000000000        0.0000000000000000       0.74780000000000002        9.8199999999999996E-002  0.15400000000000000     
   103.00000000000000        1.5731536886999615        0.0000000000000000        0.0000000000000000        0.0000000000000000       0.74780000000000002        9.8199999999999996E-002  0.15400000000000000     
   104.00000000000000        1.5719005387627358        0.0000000000000000        0.0000000000000000        0.0000000000000000       0.74780000000000002        9.8000000000000004E-002  0.15420000000000000     
   105.00000000000000        1.5694383243561951        0.0000000000000000        0.0000000000000000        0.0000000000000000       0.74780000000000002        9.8199999999999996E-002  0.15400000000000000     
   106.00000000000000        1.5663139439551981        0.0000000000000000        0.0000000000000000        0.0000000000000000       0.74780000000000002        9.8599999999999993E-002  0.15359999999999999     
   107.00000000000000        1.5618438824335104        0.0000000000000000        0.0000000000000000        0.0000000000000000       0.74780000000000002        9.8199999999999996E-002  0.15400000000000000     
   108.00000000000000        1.5565466044757346        0.0000000000000000        0.0000000000000000        0.0000000000000000       0.74780000000000002        9.9599999999999994E-002  0.15260000000000001     
   109.00000000000000        1.5501083240603752        0.0000000000000000        0.0000000000000000        0.0000000000000000       0.74780000000000002       0.10020000000000000       0.15200000000000000     
   110.00000000000000        1.5434554717118740        0.0000000000000000        0.0000000000000000        0.0000000000000000       0.74780000000000002        9.9199999999999997E-002  0.15300000000000000     
   111.00000000000000        1.5354495672107138        0.0000000000000000        0.0000000000000000        0.0000000000000000       0.74780000000000002        9.8599999999999993E-002  0.15359999999999999     
   112.00000000000000        1.5272336724912572        0.0000000000000000        0.0000000000000000        0.0000000000000000       0.74780000000000002        9.9199999999999997E-002  0.15300000000000000     
   113.00000000000000        1.5186188350428906        0.0000000000000000        0.0000000000000000        0.0000000000000000       0.74780000000000002        9.9199999999999997E-002  0.15300000000000000     
   114.00000000000000        1.5097595208063137        0.0000000000000000        0.0000000000000000        0.0000000000000000       0.74780000000000002       0.10040000000000000       0.15179999999999999     
   115.00000000000000        1.5005933653659778        0.0000000000000000        0.0000000000000000        0.0000000000000000       0.74780000000000002       0.10120000000000000       0.15100000000000000     
   116.00000000000000        1.4913386960778703        0.0000000000000000        0.0000000000000000        0.0000000000000000       0.74780000000000002       0.10240000000000000       0.14979999999999999     
   117.00000000000000        1.4833478030167564        0.0000000000000000        0.0000000000000000        0.0000000000000000       0.74780000000000002       0.10220000000000000       0.14999999999999999     
   118.00000000000000        1.4754348066789575        0.0000000000000000        0.0000000000000000        0.0000000000000000       0.74780000000000002        9.9400000000000002E-002  0.15279999999999999     
   119.00000000000000        1.4679730153604815        0.0000000000000000        0.0000000000000000        0.0000000000000000       0.74780000000000002       0.10040000000000000       0.15179999999999999     
   120.00000000000000        1.4619053085285398        0.0000000000000000        0.0000000000000000        0.0000000000000000       0.74780000000000002       0.10180000000000000       0.15040000000000001     
   121.00000000000000        1.4567481328951026        0.0000000000000000        0.0000000000000000        0.0000000000000000       0.74780000000000002       0.10620000000000000       0.14599999999999999     
   122.00000000000000        1.4525961219638663        0.0000000000000000        0.0000000000000000        0.0000000000000000       0.74780000000000002       0.10180000000000000       0.15040000000000001     
   123.00000000000000        1.4501359804375769        0.0000000000000000        0.0000000000000000        0.0000000000000000       0.74780000000000002       0.10940000000000000       0.14280000000000001     
   124.00000000000000        1.4485782905102325        0.0000000000000000        0.0000000000000000        0.0000000000000000       0.74780000000000002       0.11820000000000000       0.13400000000000001     
   125.00000000000000        1.4482542371711489        0.0000000000000000        0.0000000000000000        0.0000000000000000       0.74780000000000002       0.11360000000000001       0.13860000000000000     
   126.00000000000000        1.4491228121571820        0.0000000000000000        0.0000000000000000        0.0000000000000000       0.74780000000000002       0.11300000000000000       0.13919999999999999     
   127.00000000000000        1.4509532750278953        0.0000000000000000        0.0000000000000000        0.0000000000000000       0.74780000000000002       0.11280000000000000       0.13940000000000000     
   128.00000000000000        1.4536706604762657        0.0000000000000000        0.0000000000000000        0.0000000000000000       0.74780000000000002       0.11720000000000000       0.13500000000000001     
   129.00000000000000        1.4572296330898846        0.0000000000000000        0.0000000000000000        0.0000000000000000       0.74780000000000002       0.10820000000000000       0.14399999999999999     
   130.00000000000000        1.4613031345876222        0.0000000000000000        0.0000000000000000        0.0000000000000000       0.74780000000000002       0.10120000000000000       0.15100000000000000     
   131.00000000000000        1.4659400009622177        0.0000000000000000        0.0000000000000000        0.0000000000000000       0.74780000000000002        9.6600000000000005E-002  0.15559999999999999     
   132.00000000000000        1.4710057289337284        0.0000000000000000        0.0000000000000000        0.0000000000000000       0.74780000000000002        8.9999999999999997E-002  0.16220000000000001     
   133.00000000000000        1.4761514296764384        0.0000000000000000        0.0000000000000000        0.0000000000000000       0.74780000000000002        9.2799999999999994E-002  0.15939999999999999     
   134.00000000000000        1.4814951416044007        0.0000000000000000        0.0000000000000000        0.0000000000000000       0.74780000000000002        9.2399999999999996E-002  0.15980000000000000     
   135.00000000000000        1.4866627805105681        0.0000000000000000        0.0000000000000000        0.0000000000000000       0.74780000000000002        9.2799999999999994E-002  0.15939999999999999     
   136.00000000000000        1.4920758944662313        0.0000000000000000        0.0000000000000000        0.0000000000000000       0.74780000000000002        9.2600000000000002E-002  0.15959999999999999     
   137.00000000000000        1.4972141855880079        0.0000000000000000        0.0000000000000000        0.0000000000000000       0.74780000000000002        9.0800000000000006E-002  0.16139999999999999     
   138.00000000000000        1.5029370736382688        0.0000000000000000        0.0000000000000000        0.0000000000000000       0.74780000000000002        9.1200000000000003E-002  0.16100000000000000     
   139.00000000000000        1.5082666462890284        0.0000000000000000        0.0000000000000000        0.0000000000000000       0.74780000000000002        9.0600000000000000E-002  0.16159999999999999     
   140.00000000000000        1.5137114656181549        0.0000000000000000        0.0000000000000000        0.0000000000000000       0.74780000000000002        9.1399999999999995E-002  0.16080000000000000     
   141.00000000000000        1.5198463700873410        0.0000000000000000        0.0000000000000000        0.0000000000000000       0.74780000000000002        9.0800000000000006E-002  0.16139999999999999     
   142.00000000000000        1.5262642592938525        0.0000000000000000        0.0000000000000000        0.0000000000000000       0.74780000000000002        9.0600000000000000E-002  0.16159999999999999     
   143.00000000000000        1.5333831595309271        0.0000000000000000        0.0000000000000000        0.0000000000000000       0.74780000000000002        9.0600000000000000E-002  0.16159999999999999     
   144.00000000000000        1.5410064817307119        0.0000000000000000        0.0000000000000000        0.0000000000000000       0.74780000000000002        8.8599999999999998E-002  0.16360000000000000     
   145.00000000000000        1.5492178239303236        0.0000000000000000        0.0000000000000000        0.0000000000000000       0.74780000000000002        8.8400000000000006E-002  0.16380000000000000     
   146.00000000000000        1.5574438026395683        0.0000000000000000        0.0000000000000000        0.0000000000000000       0.74780000000000002        8.9399999999999993E-002  0.16280000000000000     
   147.00000000000000        1.5659613041913496        0.0000000000000000        0.0000000000000000        0.0000000000000000       0.74780000000000002        8.9800000000000005E-002  0.16239999999999999     
   148.00000000000000        1.5737918560443418        0.0000000000000000        0.0000000000000000        0.0000000000000000       0.74780000000000002        9.0600000000000000E-002  0.16159999999999999     
   149.00000000000000        1.5811383776195100        0.0000000000000000        0.0000000000000000        0.0000000000000000       0.74780000000000002        9.0999999999999998E-002  0.16120000000000001     
   150.00000000000000        1.5879685295501407        0.0000000000000000        0.0000000000000000        0.0000000000000000       0.74780000000000002        9.1200000000000003E-002  0.16100000000000000     
   151.00000000000000        1.5926636648570898        0.0000000000000000        0.0000000000000000        0.0000000000000000       0.74780000000000002        9.1200000000000003E-002  0.16100000000000000     
   152.00000000000000        1.5952222951483748        0.0000000000000000        0.0000000000000000        0.0000000000000000       0.74780000000000002        9.2200000000000004E-002  0.16000000000000000     
   153.00000000000000        1.5953792339452244        0.0000000000000000        0.0000000000000000        0.0000000000000000       0.74780000000000002        8.9999999999999997E-002  0.16220000000000001     
   154.00000000000000        1.5923418145700743        0.0000000000000000        0.0000000000000000        0.0000000000000000       0.74780000000000002        9.0999999999999998E-002  0.16120000000000001     
   155.00000000000000        1.5865520093921928        0.0000000000000000        0.0000000000000000        0.0000000000000000       0.74780000000000002        9.1600000000000001E-002  0.16059999999999999     
   156.00000000000000        1.5773834947939627        0.0000000000000000        0.0000000000000000        0.0000000000000000       0.74780000000000002        9.2799999999999994E-002  0.15939999999999999     
   157.00000000000000        1.5650992207889138        0.0000000000000000        0.0000000000000000        0.0000000000000000       0.74780000000000002        9.2799999999999994E-002  0.15939999999999999     
   158.00000000000000        1.5495837179935992        0.0000000000000000        0.0000000000000000        0.0000000000000000       0.74780000000000002        9.2399999999999996E-002  0.15980000000000000     
   159.00000000000000        1.5322082411963502        0.0000000000000000        0.0000000000000000        0.0000000000000000       0.74780000000000002        9.0800000000000006E-002  0.16139999999999999     
   160.00000000000000        1.5124383818793723        0.0000000000000000        0.0000000000000000        0.0000000000000000       0.74780000000000002        9.0600000000000000E-002  0.16159999999999999     
   161.00000000000000        1.4914504862833273        0.0000000000000000        0.0000000000000000        0.0000000000000000       0.74780000000000002        9.7199999999999995E-002  0.15500000000000000     
   162.00000000000000        1.4698231190488784        0.0000000000000000        0.0000000000000000        0.0000000000000000       0.74780000000000002       0.10500000000000000       0.14720000000000000     
   163.00000000000000        1.4488887946926177        0.0000000000000000        0.0000000000000000        0.0000000000000000       0.74780000000000002        7.6200000000000004E-002  0.17599999999999999     
   164.00000000000000        1.4282888048923623        0.0000000000000000        0.0000000000000000        0.0000000000000000       0.74780000000000002        6.9599999999999995E-002  0.18260000000000001     
   165.00000000000000        1.4091734438977452        0.0000000000000000        0.0000000000000000        0.0000000000000000       0.74780000000000002        6.9400000000000003E-002  0.18279999999999999     
   166.00000000000000        1.3922584472952861        0.0000000000000000        0.0000000000000000        0.0000000000000000       0.74780000000000002        6.9199999999999998E-002  0.18300000000000000     
   167.00000000000000        1.3773221517604597        0.0000000000000000        0.0000000000000000        0.0000000000000000       0.74780000000000002        7.0400000000000004E-002  0.18179999999999999     
   168.00000000000000        1.3650049913989206        0.0000000000000000        0.0000000000000000        0.0000000000000000       0.74780000000000002        7.0400000000000004E-002  0.18179999999999999     
   169.00000000000000        1.3554317805932918        0.0000000000000000        0.0000000000000000        0.0000000000000000       0.74780000000000002        7.0599999999999996E-002  0.18160000000000001     
   170.00000000000000        1.3483328000490991        0.0000000000000000        0.0000000000000000        0.0000000000000000       0.74780000000000002        7.0199999999999999E-002  0.18200000000000000     
   171.00000000000000        1.3439727922341915        0.0000000000000000        0.0000000000000000        0.0000000000000000       0.74780000000000002        7.0199999999999999E-002  0.18200000000000000     
   172.00000000000000        1.3429341615428332        0.0000000000000000        0.0000000000000000        0.0000000000000000       0.74780000000000002        7.0199999999999999E-002  0.18200000000000000     
   173.00000000000000        1.3432971486532648        0.0000000000000000        0.0000000000000000        0.0000000000000000       0.74780000000000002        7.0199999999999999E-002  0.18200000000000000     
   174.00000000000000        1.3463451627235417        0.0000000000000000        0.0000000000000000        0.0000000000000000       0.74780000000000002        6.9800000000000001E-002  0.18240000000000001     
   175.00000000000000        1.3509506144609968        0.0000000000000000        0.0000000000000000        0.0000000000000000       0.74780000000000002        6.9599999999999995E-002  0.18260000000000001     
   176.00000000000000        1.3573020478611793        0.0000000000000000        0.0000000000000000        0.0000000000000000       0.74780000000000002        6.9199999999999998E-002  0.18300000000000000     
   177.00000000000000        1.3648425383366458        0.0000000000000000        0.0000000000000000        0.0000000000000000       0.74780000000000002        6.8400000000000002E-002  0.18379999999999999     
   178.00000000000000        1.3742257051989031        0.0000000000000000        0.0000000000000000        0.0000000000000000       0.74780000000000002        6.7400000000000002E-002  0.18479999999999999     
   179.00000000000000        1.3835745544390246        0.0000000000000000        0.0000000000000000        0.0000000000000000       0.74780000000000002        6.7799999999999999E-002  0.18440000000000001     
   180.00000000000000        1.3929896358676781        0.0000000000000000        0.0000000000000000        0.0000000000000000       0.74780000000000002        6.7799999999999999E-002  0.18440000000000001     
   181.00000000000000        1.4032028941933143        0.0000000000000000        0.0000000000000000        0.0000000000000000       0.74780000000000002        6.6600000000000006E-002  0.18559999999999999     
   182.00000000000000        1.4143184371697484        0.0000000000000000        0.0000000000000000        0.0000000000000000       0.74780000000000002        6.6600000000000006E-002  0.18559999999999999     
   183.00000000000000        1.4236460458580384        0.0000000000000000        0.0000000000000000        0.0000000000000000       0.74780000000000002        6.7000000000000004E-002  0.18520000000000000     
   184.00000000000000        1.4329457814031574        0.0000000000000000        0.0000000000000000        0.0000000000000000       0.74780000000000002        6.7199999999999996E-002  0.18500000000000000     
   185.00000000000000        1.4414689239834266        0.0000000000000000        0.0000000000000000        0.0000000000000000       0.74780000000000002        6.7599999999999993E-002  0.18459999999999999     
   186.00000000000000        1.4491265405254250        0.0000000000000000        0.0000000000000000        0.0000000000000000       0.74780000000000002        6.5000000000000002E-002  0.18720000000000001     
   187.00000000000000        1.4559344629274622        0.0000000000000000        0.0000000000000000        0.0000000000000000       0.74780000000000002        6.6199999999999995E-002  0.18600000000000000     
   188.00000000000000        1.4616858986219321        0.0000000000000000        0.0000000000000000        0.0000000000000000       0.74780000000000002        6.7799999999999999E-002  0.18440000000000001     
   189.00000000000000        1.4662635330728444        0.0000000000000000        0.0000000000000000        0.0000000000000000       0.74780000000000002        6.7799999999999999E-002  0.18440000000000001     
