#        BMIN =   406
#        BMAX =   411
#     INIBAND =   410
#      NBANDS =   540
#         NSW =  2000
#       POTIM =   1.0
#        TEMP = 300.0
#    NAMDTINI =   546
#    NAMDTIME =  1000
#       NTRAJ =  5000
#        NELM =  1000
#       LHOLE =     T
#        LSHP =     T
#      LCPTXT =     T
#      RUNDIR = ../../run/
   1.0000000000000000        1.8047495596230323        0.0000000000000000        0.0000000000000000        0.0000000000000000        0.0000000000000000        1.0000000000000000        0.0000000000000000     
   2.0000000000000000        1.7796072939018450        0.0000000000000000        0.0000000000000000        0.0000000000000000        0.0000000000000000        1.0000000000000000        0.0000000000000000     
   3.0000000000000000        1.7492474503326567        0.0000000000000000        0.0000000000000000        0.0000000000000000        0.0000000000000000       0.99980000000000002        2.0000000000000001E-004
   4.0000000000000000        1.7182916089946376        0.0000000000000000        0.0000000000000000        0.0000000000000000        0.0000000000000000       0.99680000000000002        3.2000000000000002E-003
   5.0000000000000000        1.6854953050439978        0.0000000000000000        0.0000000000000000        0.0000000000000000        0.0000000000000000       0.99760000000000004        2.3999999999999998E-003
   6.0000000000000000        1.6522351074907717        0.0000000000000000        0.0000000000000000        0.0000000000000000        0.0000000000000000       0.99680000000000002        3.2000000000000002E-003
   7.0000000000000000        1.6195104695426130        0.0000000000000000        0.0000000000000000        0.0000000000000000        0.0000000000000000       0.99660000000000004        3.3999999999999998E-003
   8.0000000000000000        1.5872285142835310        0.0000000000000000        0.0000000000000000        0.0000000000000000        0.0000000000000000        1.0000000000000000        0.0000000000000000     
   9.0000000000000000        1.5577215881368285        0.0000000000000000        0.0000000000000000        0.0000000000000000        0.0000000000000000       0.99980000000000002        2.0000000000000001E-004
   10.000000000000000        1.5313343199897573        0.0000000000000000        0.0000000000000000        0.0000000000000000        0.0000000000000000       0.99700000000000000        3.0000000000000001E-003
   11.000000000000000        1.5092031976001696        0.0000000000000000        0.0000000000000000        0.0000000000000000        0.0000000000000000       0.99839999999999995        1.6000000000000001E-003
   12.000000000000000        1.4920964082726680        0.0000000000000000        0.0000000000000000        0.0000000000000000        0.0000000000000000       0.99839999999999995        1.6000000000000001E-003
   13.000000000000000        1.4849685075675541        0.0000000000000000        0.0000000000000000        0.0000000000000000        0.0000000000000000        1.0000000000000000        0.0000000000000000     
   14.000000000000000        1.4750139158049476        0.0000000000000000        0.0000000000000000        0.0000000000000000        0.0000000000000000       0.99819999999999998        1.8000000000000000E-003
   15.000000000000000        1.4742398471592988        0.0000000000000000        0.0000000000000000        0.0000000000000000        0.0000000000000000       0.99819999999999998        1.8000000000000000E-003
   16.000000000000000        1.4824031913569127        0.0000000000000000        0.0000000000000000        0.0000000000000000        0.0000000000000000       0.99819999999999998        1.8000000000000000E-003
   17.000000000000000        1.4964963227353945        0.0000000000000000        0.0000000000000000        0.0000000000000000        0.0000000000000000       0.99800000000000000        2.0000000000000000E-003
   18.000000000000000        1.5159926761772917        0.0000000000000000        0.0000000000000000        0.0000000000000000        0.0000000000000000       0.99819999999999998        1.8000000000000000E-003
   19.000000000000000        1.5406622485884121        0.0000000000000000        0.0000000000000000        0.0000000000000000        0.0000000000000000       0.99939999999999996        5.9999999999999995E-004
   20.000000000000000        1.5707518407031429        0.0000000000000000        0.0000000000000000        0.0000000000000000        0.0000000000000000       0.99900000000000000        1.0000000000000000E-003
   21.000000000000000        1.6045578044537860        0.0000000000000000        0.0000000000000000        0.0000000000000000        0.0000000000000000       0.99900000000000000        1.0000000000000000E-003
   22.000000000000000        1.6418891711094208        0.0000000000000000        0.0000000000000000        0.0000000000000000        0.0000000000000000       0.99839999999999995        1.6000000000000001E-003
   23.000000000000000        1.6809817394021083        0.0000000000000000        0.0000000000000000        0.0000000000000000        0.0000000000000000       0.99700000000000000        3.0000000000000001E-003
   24.000000000000000        1.7211381074274177        0.0000000000000000        0.0000000000000000        0.0000000000000000        0.0000000000000000       0.99700000000000000        3.0000000000000001E-003
   25.000000000000000        1.7614101253906951        0.0000000000000000        0.0000000000000000        0.0000000000000000        0.0000000000000000       0.99539999999999995        4.5999999999999999E-003
   26.000000000000000        1.8003978655760688        0.0000000000000000        0.0000000000000000        0.0000000000000000        0.0000000000000000       0.99519999999999997        4.7999999999999996E-003
   27.000000000000000        1.8375436777467475        0.0000000000000000        0.0000000000000000        0.0000000000000000        0.0000000000000000       0.99519999999999997        4.7999999999999996E-003
   28.000000000000000        1.8717323585682029        0.0000000000000000        0.0000000000000000        0.0000000000000000        0.0000000000000000       0.99660000000000004        3.3999999999999998E-003
   29.000000000000000        1.9022256964838784        0.0000000000000000        0.0000000000000000        0.0000000000000000        0.0000000000000000       0.99519999999999997        4.7999999999999996E-003
   30.000000000000000        1.9290422860405714        0.0000000000000000        0.0000000000000000        0.0000000000000000        0.0000000000000000       0.99919999999999998        8.0000000000000004E-004
   31.000000000000000        1.9507091774241998        0.0000000000000000        0.0000000000000000        0.0000000000000000        0.0000000000000000       0.99919999999999998        8.0000000000000004E-004
   32.000000000000000        1.9676021781188024        0.0000000000000000        0.0000000000000000        0.0000000000000000        0.0000000000000000       0.99800000000000000        2.0000000000000000E-003
   33.000000000000000        1.9786505323781531        0.0000000000000000        0.0000000000000000        0.0000000000000000        0.0000000000000000       0.98499999999999999        1.4999999999999999E-002
   34.000000000000000        1.9841409441691442        0.0000000000000000        0.0000000000000000        0.0000000000000000        0.0000000000000000        1.0000000000000000        0.0000000000000000     
   35.000000000000000        1.9835982888096748        0.0000000000000000        0.0000000000000000        0.0000000000000000        0.0000000000000000       0.99880000000000002        1.1999999999999999E-003
   36.000000000000000        1.9776440977499692        0.0000000000000000        0.0000000000000000        0.0000000000000000        0.0000000000000000        1.0000000000000000        0.0000000000000000     
   37.000000000000000        1.9666294821329842        0.0000000000000000        0.0000000000000000        0.0000000000000000        0.0000000000000000       0.99680000000000002        3.2000000000000002E-003
   38.000000000000000        1.9504154198689752        0.0000000000000000        0.0000000000000000        0.0000000000000000        0.0000000000000000       0.99819999999999998        1.8000000000000000E-003
   39.000000000000000        1.9302576005277312        0.0000000000000000        0.0000000000000000        0.0000000000000000        0.0000000000000000       0.99700000000000000        3.0000000000000001E-003
   40.000000000000000        1.9065119883124875        0.0000000000000000        0.0000000000000000        0.0000000000000000        0.0000000000000000       0.99700000000000000        3.0000000000000001E-003
   41.000000000000000        1.8802741622017232        0.0000000000000000        0.0000000000000000        0.0000000000000000        0.0000000000000000       0.99700000000000000        3.0000000000000001E-003
   42.000000000000000        1.8521132526355684        0.0000000000000000        0.0000000000000000        0.0000000000000000        0.0000000000000000       0.99700000000000000        3.0000000000000001E-003
   43.000000000000000        1.8232359544305878        0.0000000000000000        0.0000000000000000        0.0000000000000000        0.0000000000000000       0.99700000000000000        3.0000000000000001E-003
   44.000000000000000        1.7945757223063192        0.0000000000000000        0.0000000000000000        0.0000000000000000        0.0000000000000000       0.99700000000000000        3.0000000000000001E-003
   45.000000000000000        1.7666218268238787        0.0000000000000000        0.0000000000000000        0.0000000000000000        0.0000000000000000       0.99700000000000000        3.0000000000000001E-003
   46.000000000000000        1.7405486863049249        0.0000000000000000        0.0000000000000000        0.0000000000000000        0.0000000000000000       0.99700000000000000        3.0000000000000001E-003
   47.000000000000000        1.7164963966182887        0.0000000000000000        0.0000000000000000        0.0000000000000000        0.0000000000000000       0.99580000000000002        4.1999999999999997E-003
   48.000000000000000        1.6960513365226026        0.0000000000000000        0.0000000000000000        0.0000000000000000        0.0000000000000000       0.99660000000000004        3.3999999999999998E-003
   49.000000000000000        1.6784801821146365        0.0000000000000000        0.0000000000000000        0.0000000000000000        0.0000000000000000       0.99660000000000004        3.3999999999999998E-003
   50.000000000000000        1.6644202941153285        0.0000000000000000        0.0000000000000000        0.0000000000000000        0.0000000000000000       0.99660000000000004        3.3999999999999998E-003
   51.000000000000000        1.6536553269357213        0.0000000000000000        0.0000000000000000        0.0000000000000000        0.0000000000000000       0.99660000000000004        3.3999999999999998E-003
   52.000000000000000        1.6462769278820808        0.0000000000000000        0.0000000000000000        0.0000000000000000        0.0000000000000000       0.99500000000000000        5.0000000000000001E-003
   53.000000000000000        1.6419384090604383        0.0000000000000000        0.0000000000000000        0.0000000000000000        0.0000000000000000       0.99500000000000000        5.0000000000000001E-003
   54.000000000000000        1.6402199746405466        0.0000000000000000        0.0000000000000000        0.0000000000000000        0.0000000000000000       0.99500000000000000        5.0000000000000001E-003
   55.000000000000000        1.6407578798467244        0.0000000000000000        0.0000000000000000        0.0000000000000000        0.0000000000000000       0.99500000000000000        5.0000000000000001E-003
   56.000000000000000        1.6426960299684985        0.0000000000000000        0.0000000000000000        0.0000000000000000        0.0000000000000000       0.99500000000000000        5.0000000000000001E-003
   57.000000000000000        1.6458595785298660        0.0000000000000000        0.0000000000000000        0.0000000000000000        0.0000000000000000       0.99319999999999997        6.7999999999999996E-003
   58.000000000000000        1.6496991213743954        0.0000000000000000        0.0000000000000000        0.0000000000000000        0.0000000000000000       0.99480000000000002        5.1999999999999998E-003
   59.000000000000000        1.6536200131317145        0.0000000000000000        0.0000000000000000        0.0000000000000000        0.0000000000000000       0.99600000000000000        4.0000000000000001E-003
   60.000000000000000        1.6572199588863437        0.0000000000000000        0.0000000000000000        0.0000000000000000        0.0000000000000000       0.99819999999999998        1.8000000000000000E-003
   61.000000000000000        1.6600108979320141        0.0000000000000000        0.0000000000000000        0.0000000000000000        0.0000000000000000       0.99860000000000004        1.4000000000000000E-003
   62.000000000000000        1.6620122143905385        0.0000000000000000        0.0000000000000000        0.0000000000000000        0.0000000000000000       0.99719999999999998        2.8000000000000000E-003
   63.000000000000000        1.6627516273293155        0.0000000000000000        0.0000000000000000        0.0000000000000000        0.0000000000000000       0.99260000000000004        7.4000000000000003E-003
   64.000000000000000        1.6622361090089532        0.0000000000000000        0.0000000000000000        0.0000000000000000        0.0000000000000000       0.99500000000000000        5.0000000000000001E-003
   65.000000000000000        1.6597970282118926        0.0000000000000000        0.0000000000000000        0.0000000000000000        0.0000000000000000       0.99739999999999995        2.5999999999999999E-003
   66.000000000000000        1.6561126208224757        0.0000000000000000        0.0000000000000000        0.0000000000000000        0.0000000000000000       0.99739999999999995        2.5999999999999999E-003
   67.000000000000000        1.6501967189695594        0.0000000000000000        0.0000000000000000        0.0000000000000000        0.0000000000000000       0.99600000000000000        4.0000000000000001E-003
   68.000000000000000        1.6428576615254786        0.0000000000000000        0.0000000000000000        0.0000000000000000        0.0000000000000000       0.99439999999999995        5.5999999999999999E-003
   69.000000000000000        1.6348478572521064        0.0000000000000000        0.0000000000000000        0.0000000000000000        0.0000000000000000       0.99719999999999998        2.8000000000000000E-003
   70.000000000000000        1.6243639487065860        0.0000000000000000        0.0000000000000000        0.0000000000000000        0.0000000000000000       0.99780000000000002        2.2000000000000001E-003
   71.000000000000000        1.6134549582792344        0.0000000000000000        0.0000000000000000        0.0000000000000000        0.0000000000000000       0.99480000000000002        5.1999999999999998E-003
   72.000000000000000        1.6013294699685199        0.0000000000000000        0.0000000000000000        0.0000000000000000        0.0000000000000000       0.99399999999999999        6.0000000000000001E-003
   73.000000000000000        1.5900424164201894        0.0000000000000000        0.0000000000000000        0.0000000000000000        6.1999999999999998E-003  0.80879999999999996       0.18500000000000000     
   74.000000000000000        1.5838143090618895        0.0000000000000000        0.0000000000000000        0.0000000000000000        6.1999999999999998E-003  0.80879999999999996       0.18500000000000000     
   75.000000000000000        1.5739623324727956        0.0000000000000000        0.0000000000000000        0.0000000000000000        6.0000000000000001E-003  0.80900000000000005       0.18500000000000000     
   76.000000000000000        1.5650614660567839        0.0000000000000000        0.0000000000000000        0.0000000000000000        6.0000000000000001E-003  0.80900000000000005       0.18500000000000000     
   77.000000000000000        1.5575030227458753        0.0000000000000000        0.0000000000000000        0.0000000000000000        6.4000000000000003E-003  0.80859999999999999       0.18500000000000000     
   78.000000000000000        1.5517148317283049        0.0000000000000000        0.0000000000000000        0.0000000000000000        6.7999999999999996E-003  0.80820000000000003       0.18500000000000000     
   79.000000000000000        1.5484654158311375        0.0000000000000000        0.0000000000000000        0.0000000000000000        6.7999999999999996E-003  0.80820000000000003       0.18500000000000000     
   80.000000000000000        1.5479694756528788        0.0000000000000000        0.0000000000000000        0.0000000000000000        1.0800000000000001E-002  0.80420000000000003       0.18500000000000000     
   81.000000000000000        1.5507384847665389        0.0000000000000000        0.0000000000000000        0.0000000000000000        1.7999999999999999E-002  0.78259999999999996       0.19939999999999999     
   82.000000000000000        1.5537749184263328        0.0000000000000000        0.0000000000000000        0.0000000000000000        2.0000000000000001E-004  0.80540000000000000       0.19439999999999999     
   83.000000000000000        1.5648731994842038        0.0000000000000000        0.0000000000000000        0.0000000000000000        2.0000000000000001E-004  0.80559999999999998       0.19420000000000001     
   84.000000000000000        1.5813146232602160        0.0000000000000000        0.0000000000000000        0.0000000000000000        2.0000000000000001E-004  0.80379999999999996       0.19600000000000001     
   85.000000000000000        1.6007837662979165        0.0000000000000000        0.0000000000000000        0.0000000000000000        2.0000000000000001E-004  0.75880000000000003       0.24099999999999999     
   86.000000000000000        1.6225410350466682        0.0000000000000000        0.0000000000000000        0.0000000000000000        2.0000000000000001E-004  0.78639999999999999       0.21340000000000001     
   87.000000000000000        1.6457971009204959        0.0000000000000000        0.0000000000000000        0.0000000000000000        2.0000000000000001E-004  0.82279999999999998       0.17699999999999999     
   88.000000000000000        1.6700786469027111        0.0000000000000000        0.0000000000000000        0.0000000000000000        2.0000000000000001E-004  0.84340000000000004       0.15640000000000001     
   89.000000000000000        1.6944996248822184        0.0000000000000000        0.0000000000000000        0.0000000000000000        2.0000000000000001E-004  0.82279999999999998       0.17699999999999999     
   90.000000000000000        1.7172732672627233        0.0000000000000000        0.0000000000000000        0.0000000000000000        2.0000000000000001E-004  0.85540000000000005       0.14440000000000000     
   91.000000000000000        1.7383212559215140        0.0000000000000000        0.0000000000000000        0.0000000000000000        2.0000000000000001E-004  0.84999999999999998       0.14979999999999999     
   92.000000000000000        1.7561771101721979        0.0000000000000000        0.0000000000000000        0.0000000000000000        2.0000000000000001E-004  0.86539999999999995       0.13439999999999999     
   93.000000000000000        1.7708351708824830        0.0000000000000000        0.0000000000000000        0.0000000000000000        2.0000000000000001E-004  0.86539999999999995       0.13439999999999999     
   94.000000000000000        1.7802291954945897        0.0000000000000000        0.0000000000000000        0.0000000000000000        2.0000000000000001E-004  0.87739999999999996       0.12239999999999999     
   95.000000000000000        1.7868949868253079        0.0000000000000000        0.0000000000000000        0.0000000000000000        2.0000000000000001E-004  0.89259999999999995       0.10720000000000000     
   96.000000000000000        1.7871248820684769        0.0000000000000000        0.0000000000000000        0.0000000000000000        2.0000000000000001E-004  0.89259999999999995       0.10720000000000000     
   97.000000000000000        1.7832442404773829        0.0000000000000000        0.0000000000000000        0.0000000000000000        2.0000000000000001E-004  0.88200000000000001       0.11780000000000000     
   98.000000000000000        1.7745961229758898        0.0000000000000000        0.0000000000000000        0.0000000000000000        2.0000000000000001E-004  0.89059999999999995       0.10920000000000001     
   99.000000000000000        1.7596563178335756        0.0000000000000000        0.0000000000000000        0.0000000000000000        2.0000000000000001E-004  0.88219999999999998       0.11760000000000000     
   100.00000000000000        1.7409928180738472        0.0000000000000000        0.0000000000000000        0.0000000000000000        2.0000000000000001E-004  0.87819999999999998       0.12160000000000000     
   101.00000000000000        1.7173707674564487        0.0000000000000000        0.0000000000000000        0.0000000000000000        2.0000000000000001E-004  0.87400000000000000       0.12580000000000000     
   102.00000000000000        1.6910069507316114        0.0000000000000000        0.0000000000000000        0.0000000000000000        2.0000000000000001E-004  0.86939999999999995       0.13039999999999999     
   103.00000000000000        1.6613331328638516        0.0000000000000000        0.0000000000000000        0.0000000000000000        2.0000000000000001E-004  0.87000000000000000       0.12980000000000000     
   104.00000000000000        1.6288806550463730        0.0000000000000000        0.0000000000000000        0.0000000000000000        2.0000000000000001E-004  0.87319999999999998       0.12659999999999999     
   105.00000000000000        1.5955960189568936        0.0000000000000000        0.0000000000000000        0.0000000000000000        2.0000000000000001E-004  0.88000000000000000       0.11980000000000000     
   106.00000000000000        1.5604309581086766        0.0000000000000000        0.0000000000000000        0.0000000000000000        2.0000000000000001E-004  0.87500000000000000       0.12479999999999999     
   107.00000000000000        1.5261490435909697        0.0000000000000000        0.0000000000000000        0.0000000000000000        2.0000000000000001E-004  0.88019999999999998       0.11960000000000000     
   108.00000000000000        1.4933021275643268        0.0000000000000000        0.0000000000000000        0.0000000000000000        2.0000000000000001E-004  0.87660000000000005       0.12320000000000000     
   109.00000000000000        1.4632791638056499        0.0000000000000000        0.0000000000000000        0.0000000000000000        2.0000000000000001E-004  0.87980000000000003       0.12000000000000000     
   110.00000000000000        1.4352443585423109        0.0000000000000000        0.0000000000000000        0.0000000000000000        2.0000000000000001E-004  0.87980000000000003       0.12000000000000000     
   111.00000000000000        1.4133496193028598        0.0000000000000000        0.0000000000000000        0.0000000000000000        2.0000000000000001E-004  0.88019999999999998       0.11960000000000000     
   112.00000000000000        1.3968167404665823        0.0000000000000000        0.0000000000000000        0.0000000000000000        8.3400000000000002E-002  0.54120000000000001       0.37540000000000001     
   113.00000000000000        1.3873495613205926        0.0000000000000000        0.0000000000000000        0.0000000000000000        7.4200000000000002E-002  0.73580000000000001       0.19000000000000000     
   114.00000000000000        1.3827167855011417        0.0000000000000000        0.0000000000000000        0.0000000000000000        7.3400000000000007E-002  0.73580000000000001       0.19080000000000000     
   115.00000000000000        1.3846664903396686        0.0000000000000000        0.0000000000000000        0.0000000000000000        5.7200000000000001E-002  0.70620000000000005       0.23660000000000000     
   116.00000000000000        1.3891959164940153        0.0000000000000000        0.0000000000000000        0.0000000000000000       0.46120000000000000        0.0000000000000000       0.53879999999999995     
   117.00000000000000        1.4040103304752538        0.0000000000000000        0.0000000000000000        2.8000000000000000E-003  0.45839999999999997        0.0000000000000000       0.53879999999999995     
   118.00000000000000        1.4184593324405388        0.0000000000000000        0.0000000000000000        1.7999999999999999E-002  0.44319999999999998        2.7000000000000000E-002  0.51180000000000003     
   119.00000000000000        1.4349281325076728        0.0000000000000000        0.0000000000000000        1.7999999999999999E-002   0.0000000000000000       0.31000000000000000       0.67200000000000004     
   120.00000000000000        1.4539360632754388        0.0000000000000000        0.0000000000000000        1.7999999999999999E-002   7.1999999999999998E-003  0.30980000000000002       0.66500000000000004     
   121.00000000000000        1.7776754129598014        0.0000000000000000        0.0000000000000000        1.7600000000000001E-002   7.1999999999999998E-003  0.36099999999999999       0.61419999999999997     
   122.00000000000000        1.5526725383015725        0.0000000000000000        0.0000000000000000        1.7600000000000001E-002   7.1999999999999998E-003  0.35920000000000002       0.61599999999999999     
   123.00000000000000        1.5879355491928733        0.0000000000000000        0.0000000000000000        1.6600000000000000E-002   8.2000000000000007E-003  0.97519999999999996        0.0000000000000000     
   124.00000000000000        1.6507281386242276        0.0000000000000000        0.0000000000000000        1.5599999999999999E-002   1.9199999999999998E-002  0.96419999999999995        1.0000000000000000E-003
   125.00000000000000        1.6867807573115328        0.0000000000000000        0.0000000000000000        1.2800000000000001E-002   3.4000000000000002E-002  0.94899999999999995        4.1999999999999997E-003
   126.00000000000000        1.7170120500515273        0.0000000000000000        0.0000000000000000        2.3999999999999998E-003   4.6800000000000001E-002  0.95040000000000002        4.0000000000000002E-004
   127.00000000000000        1.7344876927063473        0.0000000000000000        0.0000000000000000        2.3999999999999998E-003   4.6800000000000001E-002  0.94779999999999998        3.0000000000000001E-003
   128.00000000000000        1.7866967631673212        0.0000000000000000        0.0000000000000000        2.3999999999999998E-003   4.6800000000000001E-002  0.94779999999999998        3.0000000000000001E-003
   129.00000000000000        1.8178652696247328        0.0000000000000000        0.0000000000000000        2.3999999999999998E-003   4.6800000000000001E-002  0.94679999999999997        4.0000000000000001E-003
   130.00000000000000        1.8376203078738191        0.0000000000000000        0.0000000000000000        2.3999999999999998E-003   4.6800000000000001E-002  0.94799999999999995        2.8000000000000000E-003
   131.00000000000000        1.8589516292960071        0.0000000000000000        0.0000000000000000        2.2000000000000001E-003   4.7000000000000000E-002  0.94860000000000000        2.2000000000000001E-003
   132.00000000000000        1.8714300707572471        0.0000000000000000        0.0000000000000000        2.2000000000000001E-003   4.7000000000000000E-002  0.94860000000000000        2.2000000000000001E-003
   133.00000000000000        1.8797447397835156        0.0000000000000000        0.0000000000000000        2.2000000000000001E-003   4.7000000000000000E-002  0.94860000000000000        2.2000000000000001E-003
   134.00000000000000        1.8814994178700366        0.0000000000000000        0.0000000000000000        2.2000000000000001E-003   4.7000000000000000E-002  0.94860000000000000        2.2000000000000001E-003
   135.00000000000000        1.8811999877465204        0.0000000000000000        0.0000000000000000        2.2000000000000001E-003   4.7000000000000000E-002  0.94840000000000002        2.3999999999999998E-003
   136.00000000000000        1.8771778173167337        0.0000000000000000        0.0000000000000000        1.8000000000000000E-003   4.7399999999999998E-002  0.94840000000000002        2.3999999999999998E-003
   137.00000000000000        1.8627489162492157        0.0000000000000000        0.0000000000000000        1.8000000000000000E-003   4.7399999999999998E-002  0.94840000000000002        2.3999999999999998E-003
   138.00000000000000        1.8442121967706722        0.0000000000000000        0.0000000000000000        1.8000000000000000E-003   4.7399999999999998E-002  0.94779999999999998        3.0000000000000001E-003
   139.00000000000000        1.8345639024111622        0.0000000000000000        0.0000000000000000        1.8000000000000000E-003   4.7399999999999998E-002  0.94860000000000000        2.2000000000000001E-003
   140.00000000000000        1.8184050512316121        0.0000000000000000        0.0000000000000000        1.8000000000000000E-003   0.0000000000000000       0.99119999999999997        7.0000000000000001E-003
   141.00000000000000        1.8784541193226978        0.0000000000000000        0.0000000000000000        1.4000000000000000E-003  0.15420000000000000       0.70779999999999998       0.13660000000000000     
   142.00000000000000        1.7315820375841100        0.0000000000000000        0.0000000000000000        1.4000000000000000E-003  0.15420000000000000       0.70860000000000001       0.13580000000000000     
   143.00000000000000        1.7087564004621176        0.0000000000000000        0.0000000000000000        1.4000000000000000E-003  0.15420000000000000       0.70360000000000000       0.14080000000000001     
   144.00000000000000        1.6856654845623187        0.0000000000000000        0.0000000000000000        1.4000000000000000E-003  0.15420000000000000       0.70340000000000003       0.14099999999999999     
   145.00000000000000        1.6659465236089503        0.0000000000000000        0.0000000000000000        1.4000000000000000E-003  0.15420000000000000       0.70320000000000005       0.14119999999999999     
   146.00000000000000        1.6476639659979697        0.0000000000000000        0.0000000000000000        8.0000000000000004E-004  0.15479999999999999       0.70240000000000002       0.14199999999999999     
   147.00000000000000        1.6317314080020902        0.0000000000000000        0.0000000000000000        5.9999999999999995E-004  0.15500000000000000       0.70240000000000002       0.14199999999999999     
   148.00000000000000        1.6153677497899606        0.0000000000000000        0.0000000000000000        5.9999999999999995E-004  0.15500000000000000       0.70240000000000002       0.14199999999999999     
   149.00000000000000        1.6056484254940604        0.0000000000000000        0.0000000000000000        5.9999999999999995E-004  0.15500000000000000       0.70179999999999998       0.14260000000000000     
   150.00000000000000        1.5991873315528040        0.0000000000000000        0.0000000000000000        5.9999999999999995E-004  0.15500000000000000       0.70179999999999998       0.14260000000000000     
   151.00000000000000        1.5963771873217090        0.0000000000000000        0.0000000000000000        5.9999999999999995E-004  0.15500000000000000       0.70179999999999998       0.14260000000000000     
   152.00000000000000        1.5963162676179774        0.0000000000000000        0.0000000000000000        5.9999999999999995E-004  0.15500000000000000       0.69979999999999998       0.14460000000000001     
   153.00000000000000        1.5995653923723925        0.0000000000000000        0.0000000000000000        5.9999999999999995E-004  0.15500000000000000       0.66839999999999999       0.17599999999999999     
   154.00000000000000        1.6052457954529853        0.0000000000000000        0.0000000000000000        5.9999999999999995E-004  0.15500000000000000       0.84440000000000004        0.0000000000000000     
   155.00000000000000        1.6127185912404731        0.0000000000000000        0.0000000000000000        5.9999999999999995E-004  0.15500000000000000       0.83840000000000003        6.0000000000000001E-003
   156.00000000000000        1.6218672426173175        0.0000000000000000        0.0000000000000000        5.9999999999999995E-004  0.15500000000000000       0.83899999999999997        5.4000000000000003E-003
   157.00000000000000        1.6322876795436205        0.0000000000000000        0.0000000000000000        5.9999999999999995E-004  0.15500000000000000       0.83899999999999997        5.4000000000000003E-003
   158.00000000000000        1.6432533231258841        0.0000000000000000        0.0000000000000000        5.9999999999999995E-004  0.15500000000000000       0.83899999999999997        5.4000000000000003E-003
   159.00000000000000        1.6546235885962435        0.0000000000000000        0.0000000000000000        5.9999999999999995E-004  0.15500000000000000       0.83840000000000003        6.0000000000000001E-003
   160.00000000000000        1.6674829867289704        0.0000000000000000        0.0000000000000000        5.9999999999999995E-004  0.15500000000000000       0.83840000000000003        6.0000000000000001E-003
   161.00000000000000        1.6770756518468000        0.0000000000000000        0.0000000000000000        5.9999999999999995E-004  0.15500000000000000       0.83840000000000003        6.0000000000000001E-003
   162.00000000000000        1.6871658667549922        0.0000000000000000        0.0000000000000000        5.9999999999999995E-004  0.15500000000000000       0.83840000000000003        6.0000000000000001E-003
   163.00000000000000        1.6961975014106334        0.0000000000000000        0.0000000000000000        5.9999999999999995E-004  0.15500000000000000       0.83840000000000003        6.0000000000000001E-003
   164.00000000000000        1.7057447297763886        0.0000000000000000        0.0000000000000000        5.9999999999999995E-004  0.15500000000000000       0.83840000000000003        6.0000000000000001E-003
   165.00000000000000        1.7092759891289080        0.0000000000000000        0.0000000000000000        5.9999999999999995E-004  0.15500000000000000       0.83840000000000003        6.0000000000000001E-003
   166.00000000000000        1.7144128284619342        0.0000000000000000        0.0000000000000000        5.9999999999999995E-004  0.15500000000000000       0.83840000000000003        6.0000000000000001E-003
   167.00000000000000        1.7187523748853812        0.0000000000000000        0.0000000000000000        4.0000000000000002E-004  0.15520000000000000       0.83819999999999995        6.1999999999999998E-003
   168.00000000000000        1.7181269884690309        0.0000000000000000        0.0000000000000000        4.0000000000000002E-004  0.15520000000000000       0.83819999999999995        6.1999999999999998E-003
   169.00000000000000        1.7171661669991873        0.0000000000000000        0.0000000000000000        4.0000000000000002E-004  0.15520000000000000       0.83819999999999995        6.1999999999999998E-003
   170.00000000000000        1.7143844405110755        0.0000000000000000        0.0000000000000000        4.0000000000000002E-004  0.15520000000000000       0.83819999999999995        6.1999999999999998E-003
   171.00000000000000        1.7063017006248493        0.0000000000000000        0.0000000000000000        4.0000000000000002E-004  0.15520000000000000       0.83819999999999995        6.1999999999999998E-003
   172.00000000000000        1.7046540957793921        0.0000000000000000        0.0000000000000000        4.0000000000000002E-004  0.15520000000000000       0.83819999999999995        6.1999999999999998E-003
   173.00000000000000        1.6979478296767927        0.0000000000000000        0.0000000000000000        4.0000000000000002E-004  0.15520000000000000       0.83819999999999995        6.1999999999999998E-003
   174.00000000000000        1.6913864883452534        0.0000000000000000        0.0000000000000000        4.0000000000000002E-004  0.15520000000000000       0.83819999999999995        6.1999999999999998E-003
   175.00000000000000        1.6818636482886300        0.0000000000000000        0.0000000000000000        4.0000000000000002E-004  0.15520000000000000       0.83819999999999995        6.1999999999999998E-003
   176.00000000000000        1.6737029603251956        0.0000000000000000        0.0000000000000000        4.0000000000000002E-004  0.15520000000000000       0.83819999999999995        6.1999999999999998E-003
   177.00000000000000        1.6658005267701885        0.0000000000000000        0.0000000000000000        4.0000000000000002E-004  0.15520000000000000       0.83540000000000003        8.9999999999999993E-003
   178.00000000000000        1.6589864576922253        0.0000000000000000        0.0000000000000000        4.0000000000000002E-004  0.15520000000000000       0.82920000000000005        1.5200000000000000E-002
   179.00000000000000        1.6541780634993200        0.0000000000000000        0.0000000000000000        4.0000000000000002E-004  0.15520000000000000       0.83099999999999996        1.3400000000000000E-002
   180.00000000000000        1.6499245502750064        0.0000000000000000        0.0000000000000000        4.0000000000000002E-004  0.15520000000000000       0.82679999999999998        1.7600000000000001E-002
   181.00000000000000        1.6480397101308455        0.0000000000000000        0.0000000000000000        4.0000000000000002E-004  0.15520000000000000       0.82979999999999998        1.4600000000000000E-002
   182.00000000000000        1.6485677441894564        0.0000000000000000        0.0000000000000000        4.0000000000000002E-004  0.15520000000000000       0.82840000000000003        1.6000000000000000E-002
   183.00000000000000        1.6516702559488512        0.0000000000000000        0.0000000000000000        4.0000000000000002E-004  0.15520000000000000       0.82760000000000000        1.6799999999999999E-002
   184.00000000000000        1.6568989997386694        0.0000000000000000        0.0000000000000000        4.0000000000000002E-004  0.15520000000000000       0.82760000000000000        1.6799999999999999E-002
   185.00000000000000        1.6638474403689285        0.0000000000000000        0.0000000000000000        4.0000000000000002E-004  0.15520000000000000       0.81540000000000001        2.9000000000000001E-002
   186.00000000000000        1.6734723323059504        0.0000000000000000        0.0000000000000000        4.0000000000000002E-004  0.15520000000000000       0.81220000000000003        3.2199999999999999E-002
   187.00000000000000        1.6839936027356375        0.0000000000000000        0.0000000000000000        4.0000000000000002E-004  0.15520000000000000       0.81320000000000003        3.1199999999999999E-002
   188.00000000000000        1.6946570770092590        0.0000000000000000        0.0000000000000000        4.0000000000000002E-004  0.15520000000000000       0.81620000000000004        2.8199999999999999E-002
   189.00000000000000        1.7062101030234424        0.0000000000000000        0.0000000000000000        4.0000000000000002E-004  0.15520000000000000       0.81440000000000001        2.9999999999999999E-002
