#        BMIN =   406
#        BMAX =   411
#     INIBAND =   411
#      NBANDS =   540
#         NSW =  2000
#       POTIM =   1.0
#        TEMP = 300.0
#    NAMDTINI =   715
#    NAMDTIME =  1000
#       NTRAJ =  5000
#        NELM =  1000
#       LHOLE =     T
#        LSHP =     T
#      LCPTXT =     T
#      RUNDIR = ../../run/
   1.0000000000000000        1.7483125055237470        0.0000000000000000        0.0000000000000000        0.0000000000000000        0.0000000000000000        0.0000000000000000        1.0000000000000000     
   2.0000000000000000        1.7385791653639582        0.0000000000000000        0.0000000000000000        0.0000000000000000        0.0000000000000000        0.0000000000000000        1.0000000000000000     
   3.0000000000000000        1.7375222594962465        0.0000000000000000        0.0000000000000000        0.0000000000000000        0.0000000000000000        0.0000000000000000        1.0000000000000000     
   4.0000000000000000        1.7303714490370314        0.0000000000000000        0.0000000000000000        0.0000000000000000        0.0000000000000000        0.0000000000000000        1.0000000000000000     
   5.0000000000000000        1.7238674442263000        0.0000000000000000        0.0000000000000000        0.0000000000000000        0.0000000000000000        0.0000000000000000        1.0000000000000000     
   6.0000000000000000        1.7130587390405370        0.0000000000000000        0.0000000000000000        0.0000000000000000        0.0000000000000000        0.0000000000000000        1.0000000000000000     
   7.0000000000000000        1.7046497571731498        0.0000000000000000        0.0000000000000000        0.0000000000000000        0.0000000000000000        0.0000000000000000        1.0000000000000000     
   8.0000000000000000        1.6966995201962465        0.0000000000000000        0.0000000000000000        0.0000000000000000        0.0000000000000000        4.0000000000000002E-004  0.99960000000000004     
   9.0000000000000000        1.6902219892785892        0.0000000000000000        0.0000000000000000        0.0000000000000000        0.0000000000000000        5.1999999999999998E-003  0.99480000000000002     
   10.000000000000000        1.6863992957861957        0.0000000000000000        0.0000000000000000        0.0000000000000000        0.0000000000000000        0.0000000000000000        1.0000000000000000     
   11.000000000000000        1.6834989173017147        0.0000000000000000        0.0000000000000000        0.0000000000000000        0.0000000000000000        2.5999999999999999E-003  0.99739999999999995     
   12.000000000000000        1.6836658674609963        0.0000000000000000        0.0000000000000000        0.0000000000000000        0.0000000000000000        0.0000000000000000        1.0000000000000000     
   13.000000000000000        1.6869442223094482        0.0000000000000000        0.0000000000000000        0.0000000000000000        0.0000000000000000        1.0000000000000000E-003  0.99900000000000000     
   14.000000000000000        1.6935681301646910        0.0000000000000000        0.0000000000000000        0.0000000000000000        0.0000000000000000        1.6000000000000001E-003  0.99839999999999995     
   15.000000000000000        1.7029993859245038        0.0000000000000000        0.0000000000000000        0.0000000000000000        0.0000000000000000        1.4000000000000000E-003  0.99860000000000004     
   16.000000000000000        1.7146789589434701        0.0000000000000000        0.0000000000000000        0.0000000000000000        0.0000000000000000        6.7999999999999996E-003  0.99319999999999997     
   17.000000000000000        1.7297232714810042        0.0000000000000000        0.0000000000000000        0.0000000000000000        0.0000000000000000        1.0400000000000000E-002  0.98960000000000004     
   18.000000000000000        1.7460348757817750        0.0000000000000000        0.0000000000000000        0.0000000000000000        0.0000000000000000        8.2000000000000007E-003  0.99180000000000001     
   19.000000000000000        1.7626629078352680        0.0000000000000000        0.0000000000000000        0.0000000000000000        0.0000000000000000        1.6000000000000001E-003  0.99839999999999995     
   20.000000000000000        1.7802146880590382        0.0000000000000000        0.0000000000000000        0.0000000000000000        0.0000000000000000        2.0000000000000000E-003  0.99800000000000000     
   21.000000000000000        1.7980643299285224        0.0000000000000000        0.0000000000000000        0.0000000000000000        0.0000000000000000        2.0000000000000000E-003  0.99800000000000000     
   22.000000000000000        1.8137386823338484        0.0000000000000000        0.0000000000000000        0.0000000000000000        0.0000000000000000        2.3999999999999998E-003  0.99760000000000004     
   23.000000000000000        1.8269040369650054        0.0000000000000000        0.0000000000000000        0.0000000000000000        0.0000000000000000        2.3999999999999998E-003  0.99760000000000004     
   24.000000000000000        1.8379242802546971        0.0000000000000000        0.0000000000000000        0.0000000000000000        0.0000000000000000        2.8000000000000000E-003  0.99719999999999998     
   25.000000000000000        1.8443215994863569        0.0000000000000000        0.0000000000000000        0.0000000000000000        0.0000000000000000        2.8000000000000000E-003  0.99719999999999998     
   26.000000000000000        1.8439819873589713        0.0000000000000000        0.0000000000000000        0.0000000000000000        0.0000000000000000        2.8000000000000000E-003  0.99719999999999998     
   27.000000000000000        1.9742692474248054        0.0000000000000000        0.0000000000000000        0.0000000000000000        0.0000000000000000        2.8000000000000000E-003  0.99719999999999998     
   28.000000000000000        2.3000755167886284        0.0000000000000000        0.0000000000000000        0.0000000000000000        8.0000000000000004E-004   2.0000000000000001E-004  0.99900000000000000     
   29.000000000000000        2.0002521599628138        0.0000000000000000        0.0000000000000000        8.0000000000000004E-004   0.0000000000000000        2.0000000000000001E-004  0.99900000000000000     
   30.000000000000000        1.8363011397129556        0.0000000000000000        0.0000000000000000        8.0000000000000004E-004   0.0000000000000000        2.0000000000000001E-004  0.99900000000000000     
   31.000000000000000        2.0370798982323350        0.0000000000000000        0.0000000000000000        8.0000000000000004E-004   0.0000000000000000        2.0000000000000001E-004  0.99900000000000000     
   32.000000000000000        1.7622395875260319        0.0000000000000000        0.0000000000000000        5.9999999999999995E-004   2.0000000000000001E-004   2.0000000000000001E-004  0.99900000000000000     
   33.000000000000000        1.7361547920152500        0.0000000000000000        0.0000000000000000        5.9999999999999995E-004   2.0000000000000001E-004   2.0000000000000001E-004  0.99900000000000000     
   34.000000000000000        1.7046664826105873        0.0000000000000000        0.0000000000000000        5.9999999999999995E-004   2.0000000000000001E-004   2.0000000000000001E-004  0.99900000000000000     
   35.000000000000000        1.6701617984362818        0.0000000000000000        0.0000000000000000        5.9999999999999995E-004   2.0000000000000001E-004   2.0000000000000001E-004  0.99900000000000000     
   36.000000000000000        1.6335652987152103        0.0000000000000000        0.0000000000000000        5.9999999999999995E-004   2.0000000000000001E-004   2.0000000000000001E-004  0.99900000000000000     
   37.000000000000000        1.5954333521339443        0.0000000000000000        0.0000000000000000        5.9999999999999995E-004   2.0000000000000001E-004   2.0000000000000001E-004  0.99900000000000000     
   38.000000000000000        1.5577338948168524        0.0000000000000000        0.0000000000000000        5.9999999999999995E-004   2.0000000000000001E-004   2.0000000000000001E-004  0.99900000000000000     
   39.000000000000000        1.5205072341349533        0.0000000000000000        0.0000000000000000        5.9999999999999995E-004   2.0000000000000001E-004   2.0000000000000001E-004  0.99900000000000000     
   40.000000000000000        1.4845133596706559        0.0000000000000000        0.0000000000000000        5.9999999999999995E-004   2.0000000000000001E-004   2.0000000000000001E-004  0.99900000000000000     
   41.000000000000000        1.4521343099414752        0.0000000000000000        0.0000000000000000        5.9999999999999995E-004   2.0000000000000001E-004   8.0000000000000004E-004  0.99839999999999995     
   42.000000000000000        1.4229237225231524        0.0000000000000000        0.0000000000000000        5.9999999999999995E-004   2.0000000000000001E-004   8.0000000000000004E-004  0.99839999999999995     
   43.000000000000000        1.3981769136578337        0.0000000000000000        0.0000000000000000        5.9999999999999995E-004   2.0000000000000001E-004   5.1400000000000001E-002  0.94779999999999998     
   44.000000000000000        1.3796927112930846        0.0000000000000000        0.0000000000000000        5.9999999999999995E-004   4.0000000000000002E-004   0.0000000000000000       0.99900000000000000     
   45.000000000000000        1.3674139865225565        0.0000000000000000        0.0000000000000000        5.9999999999999995E-004   3.4400000000000000E-002   2.0000000000000001E-004  0.96479999999999999     
   46.000000000000000        1.3652261501979968        0.0000000000000000        0.0000000000000000        5.9999999999999995E-004   3.4400000000000000E-002   2.0000000000000001E-004  0.96479999999999999     
   47.000000000000000        1.3809783583184285        0.0000000000000000        0.0000000000000000        5.9999999999999995E-004   3.4400000000000000E-002   2.0000000000000001E-004  0.96479999999999999     
   48.000000000000000        1.3972531828354662        0.0000000000000000        0.0000000000000000        5.9999999999999995E-004   3.4400000000000000E-002   2.0000000000000001E-004  0.96479999999999999     
   49.000000000000000        1.4133308916622294        0.0000000000000000        0.0000000000000000        5.9999999999999995E-004   3.4400000000000000E-002   2.0000000000000001E-004  0.96479999999999999     
   50.000000000000000        1.4276737227213707        0.0000000000000000        0.0000000000000000        5.9999999999999995E-004   3.5400000000000001E-002  0.14000000000000001       0.82399999999999995     
   51.000000000000000        1.4459329513882762        0.0000000000000000        0.0000000000000000        5.9999999999999995E-004  0.17540000000000000        1.1999999999999999E-003  0.82279999999999998     
   52.000000000000000        1.4778115337391442        0.0000000000000000        0.0000000000000000        5.9999999999999995E-004  0.17540000000000000        1.6000000000000001E-003  0.82240000000000002     
   53.000000000000000        1.5115908885463183        0.0000000000000000        0.0000000000000000        5.9999999999999995E-004  0.17540000000000000        1.6000000000000001E-003  0.82240000000000002     
   54.000000000000000        1.5478191459359663        0.0000000000000000        0.0000000000000000        5.9999999999999995E-004  0.17540000000000000        1.6000000000000001E-003  0.82240000000000002     
   55.000000000000000        1.5842808832734976        0.0000000000000000        0.0000000000000000        5.9999999999999995E-004  0.17540000000000000        1.6000000000000001E-003  0.82240000000000002     
   56.000000000000000        1.6209939717042334        0.0000000000000000        0.0000000000000000        5.9999999999999995E-004  0.17540000000000000        1.6000000000000001E-003  0.82240000000000002     
   57.000000000000000        1.6561216799574532        0.0000000000000000        0.0000000000000000        5.9999999999999995E-004  0.17540000000000000        1.6000000000000001E-003  0.82240000000000002     
   58.000000000000000        1.6901278694076649        0.0000000000000000        0.0000000000000000        5.9999999999999995E-004  0.17540000000000000        1.6000000000000001E-003  0.82240000000000002     
   59.000000000000000        1.7213247120689616        0.0000000000000000        0.0000000000000000        5.9999999999999995E-004  0.17540000000000000        1.6000000000000001E-003  0.82240000000000002     
   60.000000000000000        1.7483733737859946        0.0000000000000000        0.0000000000000000        5.9999999999999995E-004  0.17540000000000000        1.8000000000000000E-003  0.82220000000000004     
   61.000000000000000        1.7720978635208702        0.0000000000000000        0.0000000000000000        5.9999999999999995E-004  0.17540000000000000        1.8000000000000000E-003  0.82220000000000004     
   62.000000000000000        1.7909288924081259        0.0000000000000000        0.0000000000000000        5.9999999999999995E-004  0.17540000000000000        1.8000000000000000E-003  0.82220000000000004     
   63.000000000000000        1.8051478245686439        0.0000000000000000        0.0000000000000000        5.9999999999999995E-004  0.17540000000000000        1.8000000000000000E-003  0.82220000000000004     
   64.000000000000000        1.8144082120411487        0.0000000000000000        0.0000000000000000        5.9999999999999995E-004  0.17540000000000000        1.8000000000000000E-003  0.82220000000000004     
   65.000000000000000        1.8095599281260639        0.0000000000000000        0.0000000000000000        5.9999999999999995E-004  0.17540000000000000        2.8000000000000000E-003  0.82120000000000004     
   66.000000000000000        1.8182900510251674        0.0000000000000000        0.0000000000000000        5.9999999999999995E-004  0.17540000000000000        2.8000000000000000E-003  0.82120000000000004     
   67.000000000000000        1.8039852864263972        0.0000000000000000        0.0000000000000000        5.9999999999999995E-004  0.17540000000000000        2.8000000000000000E-003  0.82120000000000004     
   68.000000000000000        1.8029435246446466        0.0000000000000000        0.0000000000000000        5.9999999999999995E-004  0.17540000000000000        2.5999999999999999E-003  0.82140000000000002     
   69.000000000000000        1.7889700369335557        0.0000000000000000        0.0000000000000000        5.9999999999999995E-004  0.17540000000000000        3.0000000000000001E-003  0.82099999999999995     
   70.000000000000000        1.7706492946244419        0.0000000000000000        0.0000000000000000        5.9999999999999995E-004  0.17540000000000000        3.0000000000000001E-003  0.82099999999999995     
   71.000000000000000        1.7504032362567119        0.0000000000000000        0.0000000000000000        5.9999999999999995E-004  0.17540000000000000        3.5999999999999999E-003  0.82040000000000002     
   72.000000000000000        1.7281459007938422        0.0000000000000000        0.0000000000000000        5.9999999999999995E-004  0.17540000000000000        3.5999999999999999E-003  0.82040000000000002     
   73.000000000000000        1.7042612349575625        0.0000000000000000        0.0000000000000000        5.9999999999999995E-004  0.17540000000000000        3.3999999999999998E-003  0.82060000000000000     
   74.000000000000000        1.6799830984929853        0.0000000000000000        0.0000000000000000        5.9999999999999995E-004  0.17540000000000000        3.2000000000000002E-003  0.82079999999999997     
   75.000000000000000        1.6554475439613898        0.0000000000000000        0.0000000000000000        5.9999999999999995E-004  0.17540000000000000        4.4000000000000003E-003  0.81960000000000000     
   76.000000000000000        1.6331840451826800        0.0000000000000000        0.0000000000000000        5.9999999999999995E-004  0.17540000000000000        3.8000000000000000E-003  0.82020000000000004     
   77.000000000000000        1.6125273627334711        0.0000000000000000        0.0000000000000000        5.9999999999999995E-004  0.17540000000000000        8.8000000000000005E-003  0.81520000000000004     
   78.000000000000000        1.5942905808165613        0.0000000000000000        0.0000000000000000        5.9999999999999995E-004  0.17540000000000000        5.7999999999999996E-003  0.81820000000000004     
   79.000000000000000        1.5793211970042256        0.0000000000000000        0.0000000000000000        5.9999999999999995E-004  0.17540000000000000        5.7999999999999996E-003  0.81820000000000004     
   80.000000000000000        1.5676626938915776        0.0000000000000000        0.0000000000000000        5.9999999999999995E-004  0.17540000000000000        5.7999999999999996E-003  0.81820000000000004     
   81.000000000000000        1.5593957501864510        0.0000000000000000        0.0000000000000000        5.9999999999999995E-004  0.17540000000000000        5.7999999999999996E-003  0.81820000000000004     
   82.000000000000000        1.5546336671814158        0.0000000000000000        0.0000000000000000        5.9999999999999995E-004  0.17540000000000000        5.7999999999999996E-003  0.81820000000000004     
   83.000000000000000        1.5533720638274797        0.0000000000000000        0.0000000000000000        5.9999999999999995E-004  0.17540000000000000        9.5999999999999992E-003  0.81440000000000001     
   84.000000000000000        1.5555861052501005        0.0000000000000000        0.0000000000000000        5.9999999999999995E-004  0.17540000000000000        1.6600000000000000E-002  0.80740000000000001     
   85.000000000000000        1.5604856764056740        0.0000000000000000        0.0000000000000000        5.9999999999999995E-004  0.17540000000000000        9.1999999999999998E-003  0.81479999999999997     
   86.000000000000000        1.5677885048232170        0.0000000000000000        0.0000000000000000        5.9999999999999995E-004  0.17540000000000000        1.0400000000000000E-002  0.81359999999999999     
   87.000000000000000        1.5772054686995207        0.0000000000000000        0.0000000000000000        5.9999999999999995E-004  0.17540000000000000        1.0400000000000000E-002  0.81359999999999999     
   88.000000000000000        1.5881580064854559        0.0000000000000000        0.0000000000000000        5.9999999999999995E-004  0.17540000000000000        1.2999999999999999E-002  0.81100000000000005     
   89.000000000000000        1.6002013070320924        0.0000000000000000        0.0000000000000000        5.9999999999999995E-004  0.17540000000000000        8.8000000000000005E-003  0.81520000000000004     
   90.000000000000000        1.6130379015170893        0.0000000000000000        0.0000000000000000        5.9999999999999995E-004  0.17540000000000000        9.5999999999999992E-003  0.81440000000000001     
   91.000000000000000        1.6263760429277450        0.0000000000000000        0.0000000000000000        5.9999999999999995E-004  0.17540000000000000        9.7999999999999997E-003  0.81420000000000003     
   92.000000000000000        1.6393903398387395        0.0000000000000000        0.0000000000000000        5.9999999999999995E-004  0.17540000000000000        1.0600000000000000E-002  0.81340000000000001     
   93.000000000000000        1.6523995047845532        0.0000000000000000        0.0000000000000000        5.9999999999999995E-004  0.17540000000000000        8.6000000000000000E-003  0.81540000000000001     
   94.000000000000000        1.6645757258945157        0.0000000000000000        0.0000000000000000        5.9999999999999995E-004  0.17540000000000000        5.7999999999999996E-003  0.81820000000000004     
   95.000000000000000        1.6757012315299722        0.0000000000000000        0.0000000000000000        5.9999999999999995E-004  0.17540000000000000        7.0000000000000001E-003  0.81699999999999995     
   96.000000000000000        1.6858730772413499        0.0000000000000000        0.0000000000000000        5.9999999999999995E-004  0.17540000000000000        1.0000000000000000E-002  0.81399999999999995     
   97.000000000000000        1.6946593398815843        0.0000000000000000        0.0000000000000000        5.9999999999999995E-004  0.17540000000000000        8.3999999999999995E-003  0.81559999999999999     
   98.000000000000000        1.7019402469963953        0.0000000000000000        0.0000000000000000        5.9999999999999995E-004  0.17540000000000000        8.3999999999999995E-003  0.81559999999999999     
   99.000000000000000        1.7079658453541269        0.0000000000000000        0.0000000000000000        4.0000000000000002E-004  0.17560000000000001        4.7999999999999996E-003  0.81920000000000004     
   100.00000000000000        1.7118128014104781        0.0000000000000000        0.0000000000000000        4.0000000000000002E-004  0.17560000000000001        4.4000000000000003E-003  0.81960000000000000     
   101.00000000000000        1.7141528488960267        0.0000000000000000        0.0000000000000000        4.0000000000000002E-004  0.17560000000000001        2.5999999999999999E-003  0.82140000000000002     
   102.00000000000000        1.7149895942263318        0.0000000000000000        0.0000000000000000        4.0000000000000002E-004  0.17560000000000001        2.2000000000000001E-003  0.82179999999999997     
   103.00000000000000        1.7142117076809713        0.0000000000000000        0.0000000000000000        4.0000000000000002E-004  0.17560000000000001        2.8000000000000000E-003  0.82120000000000004     
   104.00000000000000        1.7123033110251140        0.0000000000000000        0.0000000000000000        4.0000000000000002E-004  0.17560000000000001        1.4000000000000000E-003  0.82260000000000000     
   105.00000000000000        1.7091204939860816        0.0000000000000000        0.0000000000000000        4.0000000000000002E-004  0.17560000000000001        4.4000000000000003E-003  0.81960000000000000     
   106.00000000000000        1.7061291308926481        0.0000000000000000        0.0000000000000000        4.0000000000000002E-004  0.17560000000000001        3.8000000000000000E-003  0.82020000000000004     
   107.00000000000000        1.7019505917229341        0.0000000000000000        0.0000000000000000        4.0000000000000002E-004  0.17560000000000001        7.6000000000000000E-003  0.81640000000000001     
   108.00000000000000        1.6972201100289661        0.0000000000000000        0.0000000000000000        4.0000000000000002E-004  0.17560000000000001        7.6000000000000000E-003  0.81640000000000001     
   109.00000000000000        1.6941281343006476        0.0000000000000000        0.0000000000000000        4.0000000000000002E-004  0.17560000000000001        2.0000000000000000E-003  0.82199999999999995     
   110.00000000000000        1.6909199404030870        0.0000000000000000        0.0000000000000000        4.0000000000000002E-004  0.17560000000000001        0.0000000000000000       0.82399999999999995     
   111.00000000000000        1.6894721557443171        0.0000000000000000        0.0000000000000000        4.0000000000000002E-004  0.17560000000000001        0.0000000000000000       0.82399999999999995     
   112.00000000000000        1.6897180270323999        0.0000000000000000        0.0000000000000000        4.0000000000000002E-004  0.17560000000000001        3.3999999999999998E-003  0.82060000000000000     
   113.00000000000000        1.6917212777961341        0.0000000000000000        0.0000000000000000        4.0000000000000002E-004  0.17560000000000001        3.2000000000000002E-003  0.82079999999999997     
   114.00000000000000        1.6944306946663896        0.0000000000000000        0.0000000000000000        4.0000000000000002E-004  0.17560000000000001        7.7999999999999996E-003  0.81620000000000004     
   115.00000000000000        1.7008118484791457        0.0000000000000000        0.0000000000000000        4.0000000000000002E-004  0.17560000000000001        1.6000000000000001E-003  0.82240000000000002     
   116.00000000000000        1.7080992002639215        0.0000000000000000        0.0000000000000000        4.0000000000000002E-004  0.17560000000000001        1.6000000000000001E-003  0.82240000000000002     
   117.00000000000000        1.7168543714171678        0.0000000000000000        0.0000000000000000        4.0000000000000002E-004  0.17560000000000001        1.1999999999999999E-003  0.82279999999999998     
   118.00000000000000        1.7269139079467186        0.0000000000000000        0.0000000000000000        4.0000000000000002E-004  0.17560000000000001        2.3999999999999998E-003  0.82160000000000000     
   119.00000000000000        1.7375502753572856        0.0000000000000000        0.0000000000000000        4.0000000000000002E-004  0.17560000000000001        6.0000000000000001E-003  0.81799999999999995     
   120.00000000000000        1.7483226999012464        0.0000000000000000        0.0000000000000000        4.0000000000000002E-004  0.17560000000000001        6.7999999999999996E-003  0.81720000000000004     
   121.00000000000000        1.7586985723966828        0.0000000000000000        0.0000000000000000        4.0000000000000002E-004  0.17560000000000001        1.1200000000000000E-002  0.81279999999999997     
   122.00000000000000        1.7684344807614976        0.0000000000000000        0.0000000000000000        4.0000000000000002E-004  0.17560000000000001        3.5999999999999999E-003  0.82040000000000002     
   123.00000000000000        1.7784871737008494        0.0000000000000000        0.0000000000000000        4.0000000000000002E-004  0.17560000000000001        3.5999999999999999E-003  0.82040000000000002     
   124.00000000000000        1.7837993470702354        0.0000000000000000        0.0000000000000000        2.0000000000000001E-004  0.17580000000000001        1.4000000000000000E-003  0.82260000000000000     
   125.00000000000000        1.7835826333401761        0.0000000000000000        0.0000000000000000        2.0000000000000001E-004  0.17580000000000001        5.9999999999999995E-004  0.82340000000000002     
   126.00000000000000        1.7899082599030058        0.0000000000000000        0.0000000000000000        2.0000000000000001E-004  0.17580000000000001        8.0000000000000004E-004  0.82320000000000004     
   127.00000000000000        1.7893335167132074        0.0000000000000000        0.0000000000000000        2.0000000000000001E-004  0.17580000000000001        3.2000000000000002E-003  0.82079999999999997     
   128.00000000000000        1.7855632691068861        0.0000000000000000        0.0000000000000000        2.0000000000000001E-004  0.17580000000000001        4.5999999999999999E-003  0.81940000000000002     
   129.00000000000000        1.7786835373587557        0.0000000000000000        0.0000000000000000        2.0000000000000001E-004  0.17580000000000001        4.5999999999999999E-003  0.81940000000000002     
   130.00000000000000        1.7691178554401668        0.0000000000000000        0.0000000000000000        2.0000000000000001E-004  0.17580000000000001        8.0000000000000002E-003  0.81599999999999995     
   131.00000000000000        1.7568073655939724        0.0000000000000000        0.0000000000000000        2.0000000000000001E-004  0.17580000000000001        1.1599999999999999E-002  0.81240000000000001     
   132.00000000000000        1.7420423022641782        0.0000000000000000        0.0000000000000000        2.0000000000000001E-004  0.17580000000000001        1.6000000000000000E-002  0.80800000000000005     
   133.00000000000000        1.7250390372998901        0.0000000000000000        0.0000000000000000        2.0000000000000001E-004  0.17580000000000001        1.4400000000000000E-002  0.80959999999999999     
   134.00000000000000        1.7057142570861608        0.0000000000000000        0.0000000000000000        2.0000000000000001E-004  0.17580000000000001        1.2800000000000001E-002  0.81120000000000003     
   135.00000000000000        1.6849884938704136        0.0000000000000000        0.0000000000000000        2.0000000000000001E-004  0.17580000000000001        1.5400000000000000E-002  0.80859999999999999     
   136.00000000000000        1.6631367485639619        0.0000000000000000        0.0000000000000000        2.0000000000000001E-004  0.17580000000000001        1.6000000000000000E-002  0.80800000000000005     
   137.00000000000000        1.6400502218836686        0.0000000000000000        0.0000000000000000        2.0000000000000001E-004  0.17580000000000001        1.7000000000000001E-002  0.80700000000000005     
   138.00000000000000        1.6218629695637925        0.0000000000000000        0.0000000000000000        2.0000000000000001E-004   5.6399999999999999E-002   2.2400000000000000E-002  0.92100000000000004     
   139.00000000000000        1.5947382751255377        0.0000000000000000        0.0000000000000000        2.0000000000000001E-004   5.6599999999999998E-002   2.2200000000000001E-002  0.92100000000000004     
   140.00000000000000        1.6051832514131426        0.0000000000000000        0.0000000000000000        2.0000000000000001E-004   5.6000000000000001E-002   2.2800000000000001E-002  0.92100000000000004     
   141.00000000000000        1.6142552305301856        0.0000000000000000        0.0000000000000000        2.0000000000000001E-004   5.5800000000000002E-002   2.3000000000000000E-002  0.92100000000000004     
   142.00000000000000        1.6216588566214469        0.0000000000000000        0.0000000000000000        2.0000000000000001E-004   5.5599999999999997E-002   2.3199999999999998E-002  0.92100000000000004     
   143.00000000000000        1.6269688650586773        0.0000000000000000        0.0000000000000000        2.0000000000000001E-004   5.5199999999999999E-002   2.3599999999999999E-002  0.92100000000000004     
   144.00000000000000        1.6300829727238795        0.0000000000000000        0.0000000000000000        2.0000000000000001E-004   5.4800000000000001E-002   2.4000000000000000E-002  0.92100000000000004     
   145.00000000000000        1.6306785565486037        0.0000000000000000        0.0000000000000000        2.0000000000000001E-004   5.4800000000000001E-002   2.4000000000000000E-002  0.92100000000000004     
   146.00000000000000        1.6287528806561957        0.0000000000000000        0.0000000000000000        2.0000000000000001E-004   5.4800000000000001E-002   2.4000000000000000E-002  0.92100000000000004     
   147.00000000000000        1.6243321163349189        0.0000000000000000        0.0000000000000000        2.0000000000000001E-004   5.3800000000000001E-002   2.5000000000000001E-002  0.92100000000000004     
   148.00000000000000        1.6173211973025210        0.0000000000000000        0.0000000000000000        2.0000000000000001E-004   5.4199999999999998E-002   2.4600000000000000E-002  0.92100000000000004     
   149.00000000000000        1.6082526202164273        0.0000000000000000        0.0000000000000000        2.0000000000000001E-004   5.0799999999999998E-002   2.8000000000000001E-002  0.92100000000000004     
   150.00000000000000        1.5968861853076062        0.0000000000000000        0.0000000000000000        2.0000000000000001E-004   5.6200000000000000E-002   2.2599999999999999E-002  0.92100000000000004     
   151.00000000000000        1.5838606067767562        0.0000000000000000        0.0000000000000000        2.0000000000000001E-004   5.3600000000000002E-002   2.5200000000000000E-002  0.92100000000000004     
   152.00000000000000        1.5693640591563933        0.0000000000000000        0.0000000000000000        2.0000000000000001E-004   5.1600000000000000E-002   2.6400000000000000E-002  0.92179999999999995     
   153.00000000000000        1.5571474120109507        0.0000000000000000        0.0000000000000000        2.0000000000000001E-004   5.7400000000000000E-002   3.3200000000000000E-002  0.90920000000000001     
   154.00000000000000        1.5880945440438228        0.0000000000000000        0.0000000000000000        2.0000000000000001E-004   5.7400000000000000E-002   4.0200000000000000E-002  0.90220000000000000     
   155.00000000000000        1.6207484614019441        0.0000000000000000        0.0000000000000000        2.0000000000000001E-004   5.7400000000000000E-002   4.2200000000000001E-002  0.90020000000000000     
   156.00000000000000        1.6543868908361370        0.0000000000000000        0.0000000000000000        2.0000000000000001E-004   5.7400000000000000E-002   3.6799999999999999E-002  0.90559999999999996     
   157.00000000000000        1.6876654358084460        0.0000000000000000        0.0000000000000000        2.0000000000000001E-004   5.7400000000000000E-002   2.7400000000000001E-002  0.91500000000000004     
   158.00000000000000        1.7192001408017845        0.0000000000000000        0.0000000000000000        2.0000000000000001E-004   5.7400000000000000E-002   2.2800000000000001E-002  0.91959999999999997     
   159.00000000000000        1.7486723224395546        0.0000000000000000        0.0000000000000000        2.0000000000000001E-004   5.7400000000000000E-002   2.7199999999999998E-002  0.91520000000000001     
   160.00000000000000        1.7749494258903697        0.0000000000000000        0.0000000000000000        2.0000000000000001E-004   5.7400000000000000E-002   2.1000000000000001E-002  0.92140000000000000     
   161.00000000000000        1.7982541901809763        0.0000000000000000        0.0000000000000000        2.0000000000000001E-004   5.7400000000000000E-002   1.9800000000000002E-002  0.92259999999999998     
   162.00000000000000        1.8140255222942283        0.0000000000000000        0.0000000000000000        2.0000000000000001E-004   5.7400000000000000E-002   2.2599999999999999E-002  0.91979999999999995     
   163.00000000000000        1.8269443635902454        0.0000000000000000        0.0000000000000000        2.0000000000000001E-004   5.7400000000000000E-002   2.2200000000000001E-002  0.92020000000000002     
   164.00000000000000        1.8345102022689730        0.0000000000000000        0.0000000000000000        2.0000000000000001E-004   5.7400000000000000E-002   2.1999999999999999E-002  0.92040000000000000     
   165.00000000000000        1.8353775196001632        0.0000000000000000        0.0000000000000000        2.0000000000000001E-004   5.7400000000000000E-002   2.0799999999999999E-002  0.92159999999999997     
   166.00000000000000        1.8322757493535369        0.0000000000000000        0.0000000000000000        2.0000000000000001E-004   5.7400000000000000E-002   2.0799999999999999E-002  0.92159999999999997     
   167.00000000000000        1.8228411446094153        0.0000000000000000        0.0000000000000000        2.0000000000000001E-004   5.7400000000000000E-002   2.0799999999999999E-002  0.92159999999999997     
   168.00000000000000        1.8078269723738540        0.0000000000000000        0.0000000000000000        2.0000000000000001E-004   5.7400000000000000E-002   2.1200000000000000E-002  0.92120000000000002     
   169.00000000000000        1.7883080173087944        0.0000000000000000        0.0000000000000000        2.0000000000000001E-004   5.7400000000000000E-002   2.1000000000000001E-002  0.92140000000000000     
   170.00000000000000        1.7646103142408318        0.0000000000000000        0.0000000000000000        2.0000000000000001E-004   5.7400000000000000E-002   2.0799999999999999E-002  0.92159999999999997     
   171.00000000000000        1.7368670278379899        0.0000000000000000        0.0000000000000000        2.0000000000000001E-004   5.7400000000000000E-002   2.1000000000000001E-002  0.92140000000000000     
   172.00000000000000        1.7066107487912316        0.0000000000000000        0.0000000000000000        2.0000000000000001E-004   5.7400000000000000E-002   2.0799999999999999E-002  0.92159999999999997     
   173.00000000000000        1.6745759671940426        0.0000000000000000        0.0000000000000000        2.0000000000000001E-004   5.7400000000000000E-002   2.0600000000000000E-002  0.92179999999999995     
   174.00000000000000        1.6408666000485659        0.0000000000000000        0.0000000000000000        2.0000000000000001E-004   5.7400000000000000E-002   2.0400000000000001E-002  0.92200000000000004     
   175.00000000000000        1.6087525720036790        0.0000000000000000        0.0000000000000000        2.0000000000000001E-004   5.7400000000000000E-002   2.1000000000000001E-002  0.92140000000000000     
   176.00000000000000        1.5773553359310908        0.0000000000000000        0.0000000000000000        2.0000000000000001E-004   5.7400000000000000E-002   2.0400000000000001E-002  0.92200000000000004     
   177.00000000000000        1.5422000953245065        0.0000000000000000        0.0000000000000000        2.0000000000000001E-004   5.7400000000000000E-002   2.0600000000000000E-002  0.92179999999999995     
   178.00000000000000        1.5186886515497302        0.0000000000000000        0.0000000000000000        2.0000000000000001E-004   9.0200000000000002E-002  0.28920000000000001       0.62039999999999995     
   179.00000000000000        1.4894053026851526        0.0000000000000000        0.0000000000000000        2.0000000000000001E-004   9.0600000000000000E-002  0.28899999999999998       0.62019999999999997     
   180.00000000000000        1.4815167680467967        0.0000000000000000        0.0000000000000000        2.0000000000000001E-004   9.0600000000000000E-002  0.28880000000000000       0.62039999999999995     
   181.00000000000000        1.4809012817994631        0.0000000000000000        0.0000000000000000        2.0000000000000001E-004   9.1399999999999995E-002  0.28799999999999998       0.62039999999999995     
   182.00000000000000        1.4834385304195461        0.0000000000000000        0.0000000000000000        2.0000000000000001E-004   8.8599999999999998E-002  0.29080000000000000       0.62039999999999995     
   183.00000000000000        1.4829688321224022        0.0000000000000000        0.0000000000000000        2.0000000000000001E-004  0.22320000000000001       0.17419999999999999       0.60240000000000005     
   184.00000000000000        1.5085418011146186        0.0000000000000000        0.0000000000000000        2.0000000000000001E-004   0.0000000000000000       0.45260000000000000       0.54720000000000002     
   185.00000000000000        1.4875263472347866        0.0000000000000000        0.0000000000000000        2.0000000000000001E-004   4.0000000000000002E-004  0.34300000000000003       0.65639999999999998     
   186.00000000000000        1.6160730890075992        0.0000000000000000        0.0000000000000000        2.0000000000000001E-004   4.0000000000000002E-004  0.16200000000000001       0.83740000000000003     
   187.00000000000000        1.5156150891435176        0.0000000000000000        0.0000000000000000        2.0000000000000001E-004   5.9999999999999995E-004  0.16180000000000000       0.83740000000000003     
   188.00000000000000        1.5181832569474583        0.0000000000000000        0.0000000000000000        2.0000000000000001E-004   4.0000000000000002E-004  0.16200000000000001       0.83740000000000003     
   189.00000000000000        1.5060437493560768        0.0000000000000000        0.0000000000000000        2.0000000000000001E-004  0.19159999999999999        9.3600000000000003E-002  0.71460000000000001     
