#        BMIN =   406
#        BMAX =   411
#     INIBAND =   409
#      NBANDS =   540
#         NSW =  2000
#       POTIM =   1.0
#        TEMP = 300.0
#    NAMDTINI =   553
#    NAMDTIME =  1000
#       NTRAJ =  5000
#        NELM =  1000
#       LHOLE =     T
#        LSHP =     T
#      LCPTXT =     T
#      RUNDIR = ../../run/
   1.0000000000000000        1.3858590804643409        0.0000000000000000        0.0000000000000000        0.0000000000000000        1.0000000000000000        0.0000000000000000        0.0000000000000000     
   2.0000000000000000        1.3872982907940186        0.0000000000000000        0.0000000000000000        0.0000000000000000        1.0000000000000000        0.0000000000000000        0.0000000000000000     
   3.0000000000000000        1.3901457701821096        0.0000000000000000        0.0000000000000000        0.0000000000000000        1.0000000000000000        0.0000000000000000        0.0000000000000000     
   4.0000000000000000        1.3944857628006964        0.0000000000000000        0.0000000000000000        0.0000000000000000        1.0000000000000000        0.0000000000000000        0.0000000000000000     
   5.0000000000000000        1.4002253733334444        0.0000000000000000        0.0000000000000000        0.0000000000000000        1.0000000000000000        0.0000000000000000        0.0000000000000000     
   6.0000000000000000        1.4024833637820313        0.0000000000000000        0.0000000000000000        0.0000000000000000        1.0000000000000000        0.0000000000000000        0.0000000000000000     
   7.0000000000000000        1.4143023494377349        0.0000000000000000        0.0000000000000000        0.0000000000000000        1.0000000000000000        0.0000000000000000        0.0000000000000000     
   8.0000000000000000        1.4248424098616397        0.0000000000000000        0.0000000000000000        0.0000000000000000        1.0000000000000000        0.0000000000000000        0.0000000000000000     
   9.0000000000000000        1.4325259574785623        0.0000000000000000        0.0000000000000000        0.0000000000000000        1.0000000000000000        0.0000000000000000        0.0000000000000000     
   10.000000000000000        1.4410628121086821        0.0000000000000000        0.0000000000000000        0.0000000000000000        1.0000000000000000        0.0000000000000000        0.0000000000000000     
   11.000000000000000        1.4504084678493783        0.0000000000000000        0.0000000000000000        0.0000000000000000        1.0000000000000000        0.0000000000000000        0.0000000000000000     
   12.000000000000000        1.4592550791137375        0.0000000000000000        0.0000000000000000        0.0000000000000000        1.0000000000000000        0.0000000000000000        0.0000000000000000     
   13.000000000000000        1.4670664159702493        0.0000000000000000        0.0000000000000000        0.0000000000000000        1.0000000000000000        0.0000000000000000        0.0000000000000000     
   14.000000000000000        1.4742086076277345        0.0000000000000000        0.0000000000000000        0.0000000000000000        1.0000000000000000        0.0000000000000000        0.0000000000000000     
   15.000000000000000        1.4798575955302828        0.0000000000000000        0.0000000000000000        0.0000000000000000        1.0000000000000000        0.0000000000000000        0.0000000000000000     
   16.000000000000000        1.4842030495075733        0.0000000000000000        0.0000000000000000        0.0000000000000000        1.0000000000000000        0.0000000000000000        0.0000000000000000     
   17.000000000000000        1.4869862755047039        0.0000000000000000        0.0000000000000000        0.0000000000000000        1.0000000000000000        0.0000000000000000        0.0000000000000000     
   18.000000000000000        1.4878179754341274        0.0000000000000000        0.0000000000000000        0.0000000000000000        1.0000000000000000        0.0000000000000000        0.0000000000000000     
   19.000000000000000        1.4867771665743543        0.0000000000000000        0.0000000000000000        0.0000000000000000        1.0000000000000000        0.0000000000000000        0.0000000000000000     
   20.000000000000000        1.4838622681249389        0.0000000000000000        0.0000000000000000        0.0000000000000000        1.0000000000000000        0.0000000000000000        0.0000000000000000     
   21.000000000000000        1.4791181976156400        0.0000000000000000        0.0000000000000000        0.0000000000000000        1.0000000000000000        0.0000000000000000        0.0000000000000000     
   22.000000000000000        1.4720009383204329        0.0000000000000000        0.0000000000000000        0.0000000000000000        1.0000000000000000        0.0000000000000000        0.0000000000000000     
   23.000000000000000        1.4637600129280595        0.0000000000000000        0.0000000000000000        0.0000000000000000        1.0000000000000000        0.0000000000000000        0.0000000000000000     
   24.000000000000000        1.4533222330821962        0.0000000000000000        0.0000000000000000        0.0000000000000000        1.0000000000000000        0.0000000000000000        0.0000000000000000     
   25.000000000000000        1.4410870331097660        0.0000000000000000        0.0000000000000000        0.0000000000000000        1.0000000000000000        0.0000000000000000        0.0000000000000000     
   26.000000000000000        1.4275600817466019        0.0000000000000000        0.0000000000000000        0.0000000000000000        1.0000000000000000        0.0000000000000000        0.0000000000000000     
   27.000000000000000        1.4123531147384005        0.0000000000000000        0.0000000000000000        0.0000000000000000        1.0000000000000000        0.0000000000000000        0.0000000000000000     
   28.000000000000000        1.3959617651670890        0.0000000000000000        0.0000000000000000        0.0000000000000000        1.0000000000000000        0.0000000000000000        0.0000000000000000     
   29.000000000000000        1.3781921065387470        0.0000000000000000        0.0000000000000000        0.0000000000000000        1.0000000000000000        0.0000000000000000        0.0000000000000000     
   30.000000000000000        1.3598215518316192        0.0000000000000000        0.0000000000000000        0.0000000000000000        1.0000000000000000        0.0000000000000000        0.0000000000000000     
   31.000000000000000        1.3413754267190718        0.0000000000000000        0.0000000000000000        0.0000000000000000        1.0000000000000000        0.0000000000000000        0.0000000000000000     
   32.000000000000000        1.3219127206733030        0.0000000000000000        0.0000000000000000        0.0000000000000000        1.0000000000000000        0.0000000000000000        0.0000000000000000     
   33.000000000000000        1.3021463009372711        0.0000000000000000        0.0000000000000000        0.0000000000000000        1.0000000000000000        0.0000000000000000        0.0000000000000000     
   34.000000000000000        1.2826803142727909        0.0000000000000000        0.0000000000000000        0.0000000000000000        1.0000000000000000        0.0000000000000000        0.0000000000000000     
   35.000000000000000        1.2635586061856010        0.0000000000000000        0.0000000000000000        0.0000000000000000        1.0000000000000000        0.0000000000000000        0.0000000000000000     
   36.000000000000000        1.2452290416585683        0.0000000000000000        0.0000000000000000        0.0000000000000000        1.0000000000000000        0.0000000000000000        0.0000000000000000     
   37.000000000000000        1.2280173804863441        0.0000000000000000        0.0000000000000000        0.0000000000000000        1.0000000000000000        0.0000000000000000        0.0000000000000000     
   38.000000000000000        1.2129332597480662        0.0000000000000000        0.0000000000000000        0.0000000000000000        1.0000000000000000        0.0000000000000000        0.0000000000000000     
   39.000000000000000        1.1995539051875939        0.0000000000000000        0.0000000000000000        0.0000000000000000        1.0000000000000000        0.0000000000000000        0.0000000000000000     
   40.000000000000000        1.1881011910890162        0.0000000000000000        0.0000000000000000        0.0000000000000000        1.0000000000000000        0.0000000000000000        0.0000000000000000     
   41.000000000000000        1.1808791301575920        0.0000000000000000        0.0000000000000000        0.0000000000000000        1.0000000000000000        0.0000000000000000        0.0000000000000000     
   42.000000000000000        1.1764046197712030        0.0000000000000000        0.0000000000000000        0.0000000000000000        1.0000000000000000        0.0000000000000000        0.0000000000000000     
   43.000000000000000        1.1749250172266568        0.0000000000000000        0.0000000000000000        0.0000000000000000        1.0000000000000000        0.0000000000000000        0.0000000000000000     
   44.000000000000000        1.1772407826344327        0.0000000000000000        0.0000000000000000        0.0000000000000000        1.0000000000000000        0.0000000000000000        0.0000000000000000     
   45.000000000000000        1.1837479028306483        0.0000000000000000        0.0000000000000000        0.0000000000000000        1.0000000000000000        0.0000000000000000        0.0000000000000000     
   46.000000000000000        1.1937819908536729        0.0000000000000000        0.0000000000000000        0.0000000000000000        1.0000000000000000        0.0000000000000000        0.0000000000000000     
   47.000000000000000        1.2073672889441656        0.0000000000000000        0.0000000000000000        0.0000000000000000        1.0000000000000000        0.0000000000000000        0.0000000000000000     
   48.000000000000000        1.2243978176293615        0.0000000000000000        0.0000000000000000        0.0000000000000000        1.0000000000000000        0.0000000000000000        0.0000000000000000     
   49.000000000000000        1.2447911328427193        0.0000000000000000        0.0000000000000000        0.0000000000000000        1.0000000000000000        0.0000000000000000        0.0000000000000000     
   50.000000000000000        1.2679952032895967        0.0000000000000000        0.0000000000000000        0.0000000000000000        1.0000000000000000        0.0000000000000000        0.0000000000000000     
   51.000000000000000        1.2934399867005000        0.0000000000000000        0.0000000000000000        0.0000000000000000        1.0000000000000000        0.0000000000000000        0.0000000000000000     
   52.000000000000000        1.3211540248066753        0.0000000000000000        0.0000000000000000        0.0000000000000000        1.0000000000000000        0.0000000000000000        0.0000000000000000     
   53.000000000000000        1.3497670671621540        0.0000000000000000        0.0000000000000000        0.0000000000000000        1.0000000000000000        0.0000000000000000        0.0000000000000000     
   54.000000000000000        1.3788459209472146        0.0000000000000000        0.0000000000000000        0.0000000000000000        1.0000000000000000        0.0000000000000000        0.0000000000000000     
   55.000000000000000        1.4082252304664313        0.0000000000000000        0.0000000000000000        0.0000000000000000        1.0000000000000000        0.0000000000000000        0.0000000000000000     
   56.000000000000000        1.4364425480321890        0.0000000000000000        0.0000000000000000        0.0000000000000000        1.0000000000000000        0.0000000000000000        0.0000000000000000     
   57.000000000000000        1.4630780456974202        0.0000000000000000        0.0000000000000000        0.0000000000000000        1.0000000000000000        0.0000000000000000        0.0000000000000000     
   58.000000000000000        1.4878866265617203        0.0000000000000000        0.0000000000000000        0.0000000000000000        1.0000000000000000        0.0000000000000000        0.0000000000000000     
   59.000000000000000        1.5099213105011016        0.0000000000000000        0.0000000000000000        0.0000000000000000        1.0000000000000000        0.0000000000000000        0.0000000000000000     
   60.000000000000000        1.5292426472431333        0.0000000000000000        0.0000000000000000        0.0000000000000000        1.0000000000000000        0.0000000000000000        0.0000000000000000     
   61.000000000000000        1.5459359076520442        0.0000000000000000        0.0000000000000000        0.0000000000000000        1.0000000000000000        0.0000000000000000        0.0000000000000000     
   62.000000000000000        1.5596394155449649        0.0000000000000000        0.0000000000000000        0.0000000000000000        1.0000000000000000        0.0000000000000000        0.0000000000000000     
   63.000000000000000        1.5703120833460971        0.0000000000000000        0.0000000000000000        0.0000000000000000        1.0000000000000000        0.0000000000000000        0.0000000000000000     
   64.000000000000000        1.5788010625822517        0.0000000000000000        0.0000000000000000        0.0000000000000000        1.0000000000000000        0.0000000000000000        0.0000000000000000     
   65.000000000000000        1.5841435980169738        0.0000000000000000        0.0000000000000000        0.0000000000000000        1.0000000000000000        0.0000000000000000        0.0000000000000000     
   66.000000000000000        1.5893109518247832        0.0000000000000000        0.0000000000000000        0.0000000000000000       0.76759999999999995        1.4000000000000000E-002  0.21840000000000001     
   67.000000000000000        1.5791211111933490        0.0000000000000000        0.0000000000000000        0.0000000000000000       0.76739999999999997        1.4200000000000001E-002  0.21840000000000001     
   68.000000000000000        1.5696743213461071        0.0000000000000000        0.0000000000000000        0.0000000000000000       0.76900000000000002        1.2600000000000000E-002  0.21840000000000001     
   69.000000000000000        1.5610724159323244        0.0000000000000000        0.0000000000000000        0.0000000000000000       0.76980000000000004        1.1800000000000000E-002  0.21840000000000001     
   70.000000000000000        1.5537992018837015        0.0000000000000000        0.0000000000000000        0.0000000000000000       0.75539999999999996        2.6200000000000001E-002  0.21840000000000001     
   71.000000000000000        1.5481099627453854        0.0000000000000000        0.0000000000000000        0.0000000000000000       0.75419999999999998        2.7400000000000001E-002  0.21840000000000001     
   72.000000000000000        1.5448125563514332        0.0000000000000000        0.0000000000000000        0.0000000000000000       0.75400000000000000        2.7600000000000000E-002  0.21840000000000001     
   73.000000000000000        1.5443024923670219        0.0000000000000000        0.0000000000000000        0.0000000000000000       0.73019999999999996        5.1400000000000001E-002  0.21840000000000001     
   74.000000000000000        1.5464377263550775        0.0000000000000000        0.0000000000000000        0.0000000000000000       0.72899999999999998        6.9400000000000003E-002  0.20160000000000000     
   75.000000000000000        1.5524593431182847        0.0000000000000000        0.0000000000000000        0.0000000000000000       0.75819999999999999        4.3999999999999997E-002  0.19780000000000000     
   76.000000000000000        1.5514029437301755        0.0000000000000000        0.0000000000000000        0.0000000000000000       0.75800000000000001        4.4200000000000003E-002  0.19780000000000000     
   77.000000000000000        1.5497638544357668        0.0000000000000000        0.0000000000000000        0.0000000000000000       0.75800000000000001        4.4600000000000001E-002  0.19739999999999999     
   78.000000000000000        1.5489729095511746        0.0000000000000000        0.0000000000000000        0.0000000000000000       0.75800000000000001        5.7000000000000002E-002  0.18500000000000000     
   79.000000000000000        1.5489438202374561        0.0000000000000000        0.0000000000000000        0.0000000000000000       0.75800000000000001        5.1200000000000002E-002  0.19080000000000000     
   80.000000000000000        1.5495552995684578        0.0000000000000000        0.0000000000000000        0.0000000000000000       0.75800000000000001        4.2799999999999998E-002  0.19919999999999999     
   81.000000000000000        1.5505543983928005        0.0000000000000000        0.0000000000000000        0.0000000000000000       0.75800000000000001        3.7400000000000003E-002  0.20460000000000000     
   82.000000000000000        1.5515843568951977        0.0000000000000000        0.0000000000000000        0.0000000000000000       0.75800000000000001        4.2599999999999999E-002  0.19939999999999999     
   83.000000000000000        1.5527297699148979        0.0000000000000000        0.0000000000000000        0.0000000000000000       0.75800000000000001        3.7199999999999997E-002  0.20480000000000001     
   84.000000000000000        1.5536744011191608        0.0000000000000000        0.0000000000000000        0.0000000000000000       0.75800000000000001        3.8199999999999998E-002  0.20380000000000001     
   85.000000000000000        1.5541504010313276        0.0000000000000000        0.0000000000000000        0.0000000000000000       0.75800000000000001        2.9600000000000001E-002  0.21240000000000001     
   86.000000000000000        1.5539444113143310        0.0000000000000000        0.0000000000000000        0.0000000000000000       0.75800000000000001        2.9600000000000001E-002  0.21240000000000001     
   87.000000000000000        1.5524220356070795        0.0000000000000000        0.0000000000000000        0.0000000000000000       0.75800000000000001        2.7199999999999998E-002  0.21479999999999999     
   88.000000000000000        1.5502335901476161        0.0000000000000000        0.0000000000000000        0.0000000000000000       0.75800000000000001        2.4400000000000002E-002  0.21759999999999999     
   89.000000000000000        1.5467913194179146        0.0000000000000000        0.0000000000000000        0.0000000000000000       0.75800000000000001        2.4400000000000002E-002  0.21759999999999999     
   90.000000000000000        1.5417246517794103        0.0000000000000000        0.0000000000000000        0.0000000000000000       0.75800000000000001        2.6200000000000001E-002  0.21579999999999999     
   91.000000000000000        1.5351882981791851        0.0000000000000000        0.0000000000000000        0.0000000000000000       0.75800000000000001        2.4600000000000000E-002  0.21740000000000001     
   92.000000000000000        1.5278903696141406        0.0000000000000000        0.0000000000000000        0.0000000000000000       0.75800000000000001        2.5399999999999999E-002  0.21659999999999999     
   93.000000000000000        1.5190101912415115        0.0000000000000000        0.0000000000000000        0.0000000000000000       0.75800000000000001        2.7000000000000000E-002  0.21500000000000000     
   94.000000000000000        1.5091920679348025        0.0000000000000000        0.0000000000000000        0.0000000000000000       0.75800000000000001        2.8000000000000001E-002  0.21400000000000000     
   95.000000000000000        1.4980266631707340        0.0000000000000000        0.0000000000000000        0.0000000000000000       0.75800000000000001        2.9200000000000000E-002  0.21279999999999999     
   96.000000000000000        1.4859898401051737        0.0000000000000000        0.0000000000000000        0.0000000000000000       0.75800000000000001        2.9200000000000000E-002  0.21279999999999999     
   97.000000000000000        1.4735056245744564        0.0000000000000000        0.0000000000000000        0.0000000000000000       0.75800000000000001        2.8600000000000000E-002  0.21340000000000001     
   98.000000000000000        1.4607227498392210        0.0000000000000000        0.0000000000000000        0.0000000000000000       0.75800000000000001        2.6200000000000001E-002  0.21579999999999999     
   99.000000000000000        1.4477857483374423        0.0000000000000000        0.0000000000000000        0.0000000000000000       0.75800000000000001        2.7799999999999998E-002  0.21420000000000000     
   100.00000000000000        1.4352464027958747        0.0000000000000000        0.0000000000000000        0.0000000000000000       0.75800000000000001        2.7000000000000000E-002  0.21500000000000000     
   101.00000000000000        1.4233362780911198        0.0000000000000000        0.0000000000000000        0.0000000000000000       0.75800000000000001        2.7199999999999998E-002  0.21479999999999999     
   102.00000000000000        1.4121201298997224        0.0000000000000000        0.0000000000000000        0.0000000000000000       0.75800000000000001        2.7000000000000000E-002  0.21500000000000000     
   103.00000000000000        1.4029810609643918        0.0000000000000000        0.0000000000000000        0.0000000000000000       0.75800000000000001        2.7000000000000000E-002  0.21500000000000000     
   104.00000000000000        1.3946932188503744        0.0000000000000000        0.0000000000000000        0.0000000000000000       0.75800000000000001        2.7000000000000000E-002  0.21500000000000000     
   105.00000000000000        1.3968332885568837        0.0000000000000000        0.0000000000000000        0.0000000000000000       0.20979999999999999       0.33139999999999997       0.45879999999999999     
   106.00000000000000        1.3869549418999036        0.0000000000000000        0.0000000000000000        0.0000000000000000       0.20640000000000000       0.19220000000000001       0.60140000000000005     
   107.00000000000000        1.3856359100365365        0.0000000000000000        0.0000000000000000        0.0000000000000000       0.20180000000000001       0.19220000000000001       0.60599999999999998     
   108.00000000000000        1.3870319467492163        0.0000000000000000        0.0000000000000000        0.0000000000000000       0.21020000000000000        0.0000000000000000       0.78979999999999995     
   109.00000000000000        1.3985247126633842        0.0000000000000000        0.0000000000000000        0.0000000000000000        0.0000000000000000       0.15759999999999999       0.84240000000000004     
   110.00000000000000        1.4074878268436901        0.0000000000000000        0.0000000000000000        0.0000000000000000        0.0000000000000000       0.16259999999999999       0.83740000000000003     
   111.00000000000000        1.4329134960727998        0.0000000000000000        0.0000000000000000        0.0000000000000000        0.0000000000000000       0.12900000000000000       0.87100000000000000     
   112.00000000000000        1.4475893780415232        0.0000000000000000        0.0000000000000000        0.0000000000000000        3.1199999999999999E-002  0.46739999999999998       0.50139999999999996     
   113.00000000000000        1.4547420093398151        0.0000000000000000        0.0000000000000000        0.0000000000000000        1.2800000000000001E-002  0.46760000000000002       0.51959999999999995     
   114.00000000000000        1.8252514719075781        0.0000000000000000        0.0000000000000000        0.0000000000000000        1.2000000000000000E-002   0.0000000000000000       0.98799999999999999     
   115.00000000000000        1.5689076558756638        0.0000000000000000        0.0000000000000000        0.0000000000000000        1.2000000000000000E-002   3.2000000000000002E-003  0.98480000000000001     
   116.00000000000000        1.6085679589757038        0.0000000000000000        0.0000000000000000        0.0000000000000000        8.8000000000000005E-003   3.2000000000000002E-003  0.98799999999999999     
   117.00000000000000        1.8076269226040809        0.0000000000000000        0.0000000000000000        0.0000000000000000        8.8000000000000005E-003   3.2000000000000002E-003  0.98799999999999999     
   118.00000000000000        1.7200381786810721        0.0000000000000000        0.0000000000000000        0.0000000000000000        8.3999999999999995E-003   3.5999999999999999E-003  0.98799999999999999     
   119.00000000000000        1.7180468234415656        0.0000000000000000        0.0000000000000000        0.0000000000000000        3.3200000000000000E-002  0.11820000000000000       0.84860000000000002     
   120.00000000000000        1.7456715742732736        0.0000000000000000        0.0000000000000000        0.0000000000000000        3.3200000000000000E-002  0.12620000000000001       0.84060000000000001     
   121.00000000000000        1.7991997520248364        0.0000000000000000        0.0000000000000000        0.0000000000000000        3.3200000000000000E-002  0.12620000000000001       0.84060000000000001     
   122.00000000000000        1.8312593134398747        0.0000000000000000        0.0000000000000000        0.0000000000000000        3.3200000000000000E-002  0.12839999999999999       0.83840000000000003     
   123.00000000000000        1.8540675130839848        0.0000000000000000        0.0000000000000000        0.0000000000000000        3.3200000000000000E-002  0.11680000000000000       0.84999999999999998     
   124.00000000000000        1.8753021002029273        0.0000000000000000        0.0000000000000000        0.0000000000000000        3.3200000000000000E-002  0.11380000000000000       0.85299999999999998     
   125.00000000000000        1.8889313928700822        0.0000000000000000        0.0000000000000000        0.0000000000000000        3.3200000000000000E-002  0.11380000000000000       0.85299999999999998     
   126.00000000000000        1.8980397552871446        0.0000000000000000        0.0000000000000000        0.0000000000000000        3.3200000000000000E-002  0.11340000000000000       0.85340000000000005     
   127.00000000000000        1.9004395458793255        0.0000000000000000        0.0000000000000000        0.0000000000000000        3.3200000000000000E-002  0.11340000000000000       0.85340000000000005     
   128.00000000000000        1.8997804059178407        0.0000000000000000        0.0000000000000000        0.0000000000000000        3.3200000000000000E-002  0.11420000000000000       0.85260000000000002     
   129.00000000000000        1.8957035995665594        0.0000000000000000        0.0000000000000000        0.0000000000000000        3.3200000000000000E-002  0.11340000000000000       0.85340000000000005     
   130.00000000000000        1.8825735818534799        0.0000000000000000        0.0000000000000000        0.0000000000000000        3.3200000000000000E-002  0.11340000000000000       0.85340000000000005     
   131.00000000000000        1.8636435978239640        0.0000000000000000        0.0000000000000000        0.0000000000000000        3.3200000000000000E-002  0.11700000000000001       0.84980000000000000     
   132.00000000000000        1.8551373960913426        0.0000000000000000        0.0000000000000000        0.0000000000000000        3.3200000000000000E-002  0.11200000000000000       0.85480000000000000     
   133.00000000000000        1.8343259197737052        0.0000000000000000        0.0000000000000000        0.0000000000000000        0.0000000000000000        3.3200000000000000E-002  0.96679999999999999     
   134.00000000000000        2.3429570245746616        0.0000000000000000        0.0000000000000000        0.0000000000000000        0.0000000000000000        0.0000000000000000        1.0000000000000000     
   135.00000000000000        1.7836378601786524        0.0000000000000000        0.0000000000000000        0.0000000000000000        0.0000000000000000        0.0000000000000000        1.0000000000000000     
   136.00000000000000        1.7569260063878078        0.0000000000000000        0.0000000000000000        0.0000000000000000        0.0000000000000000        4.0000000000000002E-004  0.99960000000000004     
   137.00000000000000        1.7342245042177451        0.0000000000000000        0.0000000000000000        0.0000000000000000        0.0000000000000000        4.0000000000000002E-004  0.99960000000000004     
   138.00000000000000        1.7062205155336088        0.0000000000000000        0.0000000000000000        0.0000000000000000        0.0000000000000000        4.0000000000000002E-004  0.99960000000000004     
   139.00000000000000        1.6840114711409211        0.0000000000000000        0.0000000000000000        0.0000000000000000        0.0000000000000000        8.0000000000000004E-004  0.99919999999999998     
   140.00000000000000        1.6644503878551851        0.0000000000000000        0.0000000000000000        0.0000000000000000        0.0000000000000000        8.0000000000000004E-004  0.99919999999999998     
   141.00000000000000        1.6517748784561803        0.0000000000000000        0.0000000000000000        0.0000000000000000        0.0000000000000000        8.0000000000000004E-004  0.99919999999999998     
   142.00000000000000        1.6391727672421048        0.0000000000000000        0.0000000000000000        0.0000000000000000        0.0000000000000000        1.0000000000000000E-003  0.99900000000000000     
   143.00000000000000        1.6301647581345682        0.0000000000000000        0.0000000000000000        0.0000000000000000        0.0000000000000000        1.0000000000000000E-003  0.99900000000000000     
   144.00000000000000        1.6252036822346432        0.0000000000000000        0.0000000000000000        0.0000000000000000        0.0000000000000000        1.0000000000000000E-003  0.99900000000000000     
   145.00000000000000        1.6232359687464379        0.0000000000000000        0.0000000000000000        0.0000000000000000        0.0000000000000000        2.0000000000000000E-003  0.99800000000000000     
   146.00000000000000        1.6248446105720571        0.0000000000000000        0.0000000000000000        0.0000000000000000        0.0000000000000000        2.2599999999999999E-002  0.97740000000000005     
   147.00000000000000        1.6296725603620104        0.0000000000000000        0.0000000000000000        0.0000000000000000        0.0000000000000000        0.0000000000000000        1.0000000000000000     
   148.00000000000000        1.6374355883303635        0.0000000000000000        0.0000000000000000        0.0000000000000000        0.0000000000000000        0.0000000000000000        1.0000000000000000     
   149.00000000000000        1.6477099538282876        0.0000000000000000        0.0000000000000000        0.0000000000000000        0.0000000000000000        8.3999999999999995E-003  0.99160000000000004     
   150.00000000000000        1.6593698132675476        0.0000000000000000        0.0000000000000000        0.0000000000000000        0.0000000000000000        1.3800000000000000E-002  0.98619999999999997     
   151.00000000000000        1.6716281789018570        0.0000000000000000        0.0000000000000000        0.0000000000000000        0.0000000000000000        1.4999999999999999E-002  0.98499999999999999     
   152.00000000000000        1.6842518660250128        0.0000000000000000        0.0000000000000000        0.0000000000000000        0.0000000000000000        1.3599999999999999E-002  0.98640000000000005     
   153.00000000000000        1.6986830503762378        0.0000000000000000        0.0000000000000000        0.0000000000000000        0.0000000000000000        1.4200000000000001E-002  0.98580000000000001     
   154.00000000000000        1.7089842572569229        0.0000000000000000        0.0000000000000000        0.0000000000000000        0.0000000000000000        1.4400000000000000E-002  0.98560000000000003     
   155.00000000000000        1.7199960331092650        0.0000000000000000        0.0000000000000000        0.0000000000000000        0.0000000000000000        1.4400000000000000E-002  0.98560000000000003     
   156.00000000000000        1.7298196147286689        0.0000000000000000        0.0000000000000000        0.0000000000000000        0.0000000000000000        1.4400000000000000E-002  0.98560000000000003     
   157.00000000000000        1.7407471641064927        0.0000000000000000        0.0000000000000000        0.0000000000000000        0.0000000000000000        1.4800000000000001E-002  0.98519999999999996     
   158.00000000000000        1.7436277761786163        0.0000000000000000        0.0000000000000000        0.0000000000000000        0.0000000000000000        1.5599999999999999E-002  0.98440000000000005     
   159.00000000000000        1.7493467447387421        0.0000000000000000        0.0000000000000000        0.0000000000000000        0.0000000000000000        1.5599999999999999E-002  0.98440000000000005     
   160.00000000000000        1.7540498764020009        0.0000000000000000        0.0000000000000000        0.0000000000000000        0.0000000000000000        1.4600000000000000E-002  0.98540000000000005     
   161.00000000000000        1.7527034507970980        0.0000000000000000        0.0000000000000000        0.0000000000000000        0.0000000000000000        1.4600000000000000E-002  0.98540000000000005     
   162.00000000000000        1.7513184444295993        0.0000000000000000        0.0000000000000000        0.0000000000000000        0.0000000000000000        1.4800000000000001E-002  0.98519999999999996     
   163.00000000000000        1.7481666809763992        0.0000000000000000        0.0000000000000000        0.0000000000000000        0.0000000000000000        1.4600000000000000E-002  0.98540000000000005     
   164.00000000000000        1.7384387021736525        0.0000000000000000        0.0000000000000000        0.0000000000000000        0.0000000000000000        1.4400000000000000E-002  0.98560000000000003     
   165.00000000000000        1.7373569892430325        0.0000000000000000        0.0000000000000000        0.0000000000000000        0.0000000000000000        1.7600000000000001E-002  0.98240000000000005     
   166.00000000000000        1.7302170125523355        0.0000000000000000        0.0000000000000000        0.0000000000000000        0.0000000000000000        1.7200000000000000E-002  0.98280000000000001     
   167.00000000000000        1.7237213316771463        0.0000000000000000        0.0000000000000000        0.0000000000000000        0.0000000000000000        1.7200000000000000E-002  0.98280000000000001     
   168.00000000000000        1.7129260852171666        0.0000000000000000        0.0000000000000000        0.0000000000000000        0.0000000000000000        1.6600000000000000E-002  0.98340000000000005     
   169.00000000000000        1.7045262072021155        0.0000000000000000        0.0000000000000000        0.0000000000000000        0.0000000000000000        1.6600000000000000E-002  0.98340000000000005     
   170.00000000000000        1.6965082906925677        0.0000000000000000        0.0000000000000000        0.0000000000000000        0.0000000000000000        2.8199999999999999E-002  0.97180000000000000     
   171.00000000000000        1.6899844981881933        0.0000000000000000        0.0000000000000000        0.0000000000000000        0.0000000000000000        4.2799999999999998E-002  0.95720000000000005     
   172.00000000000000        1.6862445684654568        0.0000000000000000        0.0000000000000000        0.0000000000000000        0.0000000000000000        2.6800000000000001E-002  0.97319999999999995     
   173.00000000000000        1.6833288814161240        0.0000000000000000        0.0000000000000000        0.0000000000000000        0.0000000000000000        3.4799999999999998E-002  0.96519999999999995     
   174.00000000000000        1.6835472954247686        0.0000000000000000        0.0000000000000000        0.0000000000000000        0.0000000000000000        2.4400000000000002E-002  0.97560000000000002     
   175.00000000000000        1.6868096674559880        0.0000000000000000        0.0000000000000000        0.0000000000000000        0.0000000000000000        3.0599999999999999E-002  0.96940000000000004     
   176.00000000000000        1.6934291349289274        0.0000000000000000        0.0000000000000000        0.0000000000000000        0.0000000000000000        3.3399999999999999E-002  0.96660000000000001     
   177.00000000000000        1.7028608645684549        0.0000000000000000        0.0000000000000000        0.0000000000000000        0.0000000000000000        3.3200000000000000E-002  0.96679999999999999     
   178.00000000000000        1.7144654676110556        0.0000000000000000        0.0000000000000000        0.0000000000000000        0.0000000000000000        5.4199999999999998E-002  0.94579999999999997     
   179.00000000000000        1.7294729835441194        0.0000000000000000        0.0000000000000000        0.0000000000000000        0.0000000000000000        6.2600000000000003E-002  0.93740000000000001     
   180.00000000000000        1.7457708410201656        0.0000000000000000        0.0000000000000000        0.0000000000000000        0.0000000000000000        5.8999999999999997E-002  0.94099999999999995     
   181.00000000000000        1.7624040849872216        0.0000000000000000        0.0000000000000000        0.0000000000000000        0.0000000000000000        4.7199999999999999E-002  0.95279999999999998     
   182.00000000000000        1.7799259859021899        0.0000000000000000        0.0000000000000000        0.0000000000000000        0.0000000000000000        4.8599999999999997E-002  0.95140000000000002     
   183.00000000000000        1.7977507932957630        0.0000000000000000        0.0000000000000000        0.0000000000000000        0.0000000000000000        4.8599999999999997E-002  0.95140000000000002     
   184.00000000000000        1.8133993606880938        0.0000000000000000        0.0000000000000000        0.0000000000000000        0.0000000000000000        4.9200000000000001E-002  0.95079999999999998     
   185.00000000000000        1.8265463425649702        0.0000000000000000        0.0000000000000000        0.0000000000000000        0.0000000000000000        4.8599999999999997E-002  0.95140000000000002     
   186.00000000000000        1.8375442924161707        0.0000000000000000        0.0000000000000000        0.0000000000000000        0.0000000000000000        4.9200000000000001E-002  0.95079999999999998     
   187.00000000000000        1.8439236302357556        0.0000000000000000        0.0000000000000000        0.0000000000000000        0.0000000000000000        4.9200000000000001E-002  0.95079999999999998     
   188.00000000000000        1.8435692848845480        0.0000000000000000        0.0000000000000000        0.0000000000000000        0.0000000000000000        4.9200000000000001E-002  0.95079999999999998     
   189.00000000000000        1.9704604315182128        0.0000000000000000        0.0000000000000000        2.0000000000000000E-003   0.0000000000000000        4.8599999999999997E-002  0.94940000000000002     
