#        BMIN =   406
#        BMAX =   411
#     INIBAND =   411
#      NBANDS =   540
#         NSW =  2000
#       POTIM =   1.0
#        TEMP = 300.0
#    NAMDTINI =   987
#    NAMDTIME =  1000
#       NTRAJ =  5000
#        NELM =  1000
#       LHOLE =     T
#        LSHP =     T
#      LCPTXT =     T
#      RUNDIR = ../../run/
   1.0000000000000000        1.7381251255836652        0.0000000000000000        0.0000000000000000        0.0000000000000000        0.0000000000000000        0.0000000000000000        1.0000000000000000     
   2.0000000000000000        1.6983146525059978        0.0000000000000000        0.0000000000000000        0.0000000000000000        0.0000000000000000        0.0000000000000000        1.0000000000000000     
   3.0000000000000000        1.6589097400525525        0.0000000000000000        0.0000000000000000        0.0000000000000000        0.0000000000000000        1.4000000000000000E-003  0.99860000000000004     
   4.0000000000000000        1.6182498275169825        0.0000000000000000        0.0000000000000000        0.0000000000000000        0.0000000000000000        1.4000000000000000E-003  0.99860000000000004     
   5.0000000000000000        1.5797538876885329        0.0000000000000000        0.0000000000000000        0.0000000000000000        0.0000000000000000        5.9999999999999995E-004  0.99939999999999996     
   6.0000000000000000        1.5433014598443471        0.0000000000000000        0.0000000000000000        0.0000000000000000        0.0000000000000000        5.9999999999999995E-004  0.99939999999999996     
   7.0000000000000000        1.5103220285938008        0.0000000000000000        0.0000000000000000        0.0000000000000000        0.0000000000000000        0.0000000000000000        1.0000000000000000     
   8.0000000000000000        1.4810918004834805        0.0000000000000000        0.0000000000000000        0.0000000000000000        0.0000000000000000        0.0000000000000000        1.0000000000000000     
   9.0000000000000000        1.4578377101509066        0.0000000000000000        0.0000000000000000        0.0000000000000000        0.0000000000000000        0.0000000000000000        1.0000000000000000     
   10.000000000000000        1.4334972929100234        0.0000000000000000        0.0000000000000000        0.0000000000000000        0.0000000000000000        4.0000000000000002E-004  0.99960000000000004     
   11.000000000000000        1.4267303742904620        0.0000000000000000        0.0000000000000000        0.0000000000000000        0.0000000000000000        4.0000000000000002E-004  0.99960000000000004     
   12.000000000000000        1.4512144076509192        0.0000000000000000        0.0000000000000000        0.0000000000000000        5.9999999999999995E-004  0.17360000000000000       0.82579999999999998     
   13.000000000000000        1.3977022802625276        0.0000000000000000        0.0000000000000000        0.0000000000000000       0.12839999999999999       0.23740000000000000       0.63419999999999999     
   14.000000000000000        1.4178879827956179        0.0000000000000000        0.0000000000000000        0.0000000000000000        6.4000000000000001E-002   0.0000000000000000       0.93600000000000005     
   15.000000000000000        1.5201674788973312        0.0000000000000000        0.0000000000000000        0.0000000000000000        0.0000000000000000        2.0799999999999999E-002  0.97919999999999996     
   16.000000000000000        1.4309828886699172        0.0000000000000000        0.0000000000000000        0.0000000000000000        0.0000000000000000        3.6999999999999998E-002  0.96299999999999997     
   17.000000000000000        1.4593444564816154        0.0000000000000000        0.0000000000000000        0.0000000000000000        0.0000000000000000        6.3200000000000006E-002  0.93679999999999997     
   18.000000000000000        1.4790654641058361        0.0000000000000000        0.0000000000000000        0.0000000000000000        0.0000000000000000        6.0400000000000002E-002  0.93959999999999999     
   19.000000000000000        1.5028322557532861        0.0000000000000000        0.0000000000000000        0.0000000000000000        0.0000000000000000        6.3200000000000006E-002  0.93679999999999997     
   20.000000000000000        1.5273063790829871        0.0000000000000000        0.0000000000000000        0.0000000000000000        0.0000000000000000        5.8999999999999997E-002  0.94099999999999995     
   21.000000000000000        1.5528754183346543        0.0000000000000000        0.0000000000000000        0.0000000000000000        0.0000000000000000        5.8799999999999998E-002  0.94120000000000004     
   22.000000000000000        1.5784067185125548        0.0000000000000000        0.0000000000000000        0.0000000000000000        0.0000000000000000        7.8200000000000006E-002  0.92179999999999995     
   23.000000000000000        1.6034141456042807        0.0000000000000000        0.0000000000000000        0.0000000000000000        0.0000000000000000        7.1800000000000003E-002  0.92820000000000003     
   24.000000000000000        1.6270851584017123        0.0000000000000000        0.0000000000000000        0.0000000000000000        0.0000000000000000        5.9799999999999999E-002  0.94020000000000004     
   25.000000000000000        1.6525054070088874        0.0000000000000000        0.0000000000000000        0.0000000000000000        0.0000000000000000        5.6800000000000003E-002  0.94320000000000004     
   26.000000000000000        1.6718219728565002        0.0000000000000000        0.0000000000000000        0.0000000000000000        0.0000000000000000        4.9799999999999997E-002  0.95020000000000004     
   27.000000000000000        1.6873771293995701        0.0000000000000000        0.0000000000000000        0.0000000000000000        0.0000000000000000        4.8800000000000003E-002  0.95120000000000005     
   28.000000000000000        1.7023039252407945        0.0000000000000000        0.0000000000000000        0.0000000000000000        0.0000000000000000        5.3199999999999997E-002  0.94679999999999997     
   29.000000000000000        1.7144028697104665        0.0000000000000000        0.0000000000000000        0.0000000000000000        0.0000000000000000        5.3199999999999997E-002  0.94679999999999997     
   30.000000000000000        1.7235684111423462        0.0000000000000000        0.0000000000000000        0.0000000000000000        0.0000000000000000        5.9600000000000000E-002  0.94040000000000001     
   31.000000000000000        1.7301940473575723        0.0000000000000000        0.0000000000000000        0.0000000000000000        0.0000000000000000        5.8599999999999999E-002  0.94140000000000001     
   32.000000000000000        1.7335674805637074        0.0000000000000000        0.0000000000000000        0.0000000000000000        0.0000000000000000        5.7400000000000000E-002  0.94259999999999999     
   33.000000000000000        1.7351088814802489        0.0000000000000000        0.0000000000000000        0.0000000000000000        0.0000000000000000        5.9600000000000000E-002  0.94040000000000001     
   34.000000000000000        1.7344550270312462        0.0000000000000000        0.0000000000000000        0.0000000000000000        0.0000000000000000        5.9799999999999999E-002  0.94020000000000004     
   35.000000000000000        1.7320981172276440        0.0000000000000000        0.0000000000000000        0.0000000000000000        0.0000000000000000        5.8200000000000002E-002  0.94179999999999997     
   36.000000000000000        1.7284108935249327        0.0000000000000000        0.0000000000000000        0.0000000000000000        0.0000000000000000        5.8999999999999997E-002  0.94099999999999995     
   37.000000000000000        1.7243123938892999        0.0000000000000000        0.0000000000000000        0.0000000000000000        0.0000000000000000        6.5600000000000006E-002  0.93440000000000001     
   38.000000000000000        1.7196430664763971        0.0000000000000000        0.0000000000000000        0.0000000000000000        0.0000000000000000        6.5400000000000000E-002  0.93459999999999999     
   39.000000000000000        1.7154617451028993        0.0000000000000000        0.0000000000000000        0.0000000000000000        0.0000000000000000        6.7599999999999993E-002  0.93240000000000001     
   40.000000000000000        1.7124306844591992        0.0000000000000000        0.0000000000000000        0.0000000000000000        0.0000000000000000        6.7400000000000002E-002  0.93259999999999998     
   41.000000000000000        1.7105810984553280        0.0000000000000000        0.0000000000000000        0.0000000000000000        0.0000000000000000        6.0999999999999999E-002  0.93899999999999995     
   42.000000000000000        1.7125317900963382        0.0000000000000000        0.0000000000000000        0.0000000000000000        0.0000000000000000        6.1199999999999997E-002  0.93879999999999997     
   43.000000000000000        1.7114982126428167        0.0000000000000000        0.0000000000000000        0.0000000000000000        0.0000000000000000        5.8999999999999997E-002  0.94099999999999995     
   44.000000000000000        1.7147130812746183        0.0000000000000000        0.0000000000000000        0.0000000000000000        0.0000000000000000        6.1400000000000003E-002  0.93859999999999999     
   45.000000000000000        1.7196279124542282        0.0000000000000000        0.0000000000000000        0.0000000000000000        0.0000000000000000        5.7799999999999997E-002  0.94220000000000004     
   46.000000000000000        1.7267658679049189        0.0000000000000000        0.0000000000000000        0.0000000000000000        0.0000000000000000        5.5599999999999997E-002  0.94440000000000002     
   47.000000000000000        1.7352946342857622        0.0000000000000000        0.0000000000000000        0.0000000000000000        0.0000000000000000        5.4399999999999997E-002  0.94560000000000000     
   48.000000000000000        1.7446833503103412        0.0000000000000000        0.0000000000000000        0.0000000000000000        0.0000000000000000        6.1199999999999997E-002  0.93879999999999997     
   49.000000000000000        1.7547478592715875        0.0000000000000000        0.0000000000000000        0.0000000000000000        0.0000000000000000        5.4399999999999997E-002  0.94560000000000000     
   50.000000000000000        1.7640408340245191        0.0000000000000000        0.0000000000000000        0.0000000000000000        0.0000000000000000        5.3600000000000002E-002  0.94640000000000002     
   51.000000000000000        1.7735317627117166        0.0000000000000000        0.0000000000000000        0.0000000000000000        0.0000000000000000        5.5000000000000000E-002  0.94499999999999995     
   52.000000000000000        1.7818056757016296        0.0000000000000000        0.0000000000000000        0.0000000000000000        0.0000000000000000        5.5399999999999998E-002  0.94460000000000000     
   53.000000000000000        1.7891065740216998        0.0000000000000000        0.0000000000000000        0.0000000000000000        0.0000000000000000        4.5800000000000000E-002  0.95420000000000005     
   54.000000000000000        1.7928573061957556        0.0000000000000000        0.0000000000000000        0.0000000000000000        0.0000000000000000        4.8800000000000003E-002  0.95120000000000005     
   55.000000000000000        1.7945916591039597        0.0000000000000000        0.0000000000000000        0.0000000000000000        0.0000000000000000        3.7600000000000001E-002  0.96240000000000003     
   56.000000000000000        1.8020568750810966        0.0000000000000000        0.0000000000000000        0.0000000000000000        0.0000000000000000        3.8199999999999998E-002  0.96179999999999999     
   57.000000000000000        1.7976521445733382        0.0000000000000000        0.0000000000000000        0.0000000000000000        0.0000000000000000        4.1200000000000001E-002  0.95879999999999999     
   58.000000000000000        1.7869074537188732        0.0000000000000000        0.0000000000000000        0.0000000000000000        0.0000000000000000        4.5600000000000002E-002  0.95440000000000003     
   59.000000000000000        1.7787093577870199        0.0000000000000000        0.0000000000000000        0.0000000000000000        0.0000000000000000        4.3600000000000000E-002  0.95640000000000003     
   60.000000000000000        1.7683107357738399        0.0000000000000000        0.0000000000000000        0.0000000000000000        0.0000000000000000        4.7600000000000003E-002  0.95240000000000002     
   61.000000000000000        1.7552603850961206        0.0000000000000000        0.0000000000000000        0.0000000000000000        0.0000000000000000        4.9000000000000002E-002  0.95099999999999996     
   62.000000000000000        1.7413126658335760        0.0000000000000000        0.0000000000000000        0.0000000000000000        0.0000000000000000        4.9799999999999997E-002  0.95020000000000004     
   63.000000000000000        1.7254329765185070        0.0000000000000000        0.0000000000000000        0.0000000000000000        0.0000000000000000        5.6599999999999998E-002  0.94340000000000002     
   64.000000000000000        1.7090503543354199        0.0000000000000000        0.0000000000000000        0.0000000000000000        0.0000000000000000        6.4799999999999996E-002  0.93520000000000003     
   65.000000000000000        1.6928653058031748        0.0000000000000000        0.0000000000000000        0.0000000000000000        0.0000000000000000        6.5600000000000006E-002  0.93440000000000001     
   66.000000000000000        1.6771802976578507        0.0000000000000000        0.0000000000000000        0.0000000000000000        0.0000000000000000        5.9799999999999999E-002  0.94020000000000004     
   67.000000000000000        1.6608411198263273        0.0000000000000000        0.0000000000000000        0.0000000000000000        0.0000000000000000        5.9200000000000003E-002  0.94079999999999997     
   68.000000000000000        1.6488569664667241        0.0000000000000000        0.0000000000000000        0.0000000000000000        0.0000000000000000        6.2600000000000003E-002  0.93740000000000001     
   69.000000000000000        1.6375703883290558        0.0000000000000000        0.0000000000000000        0.0000000000000000        0.0000000000000000        6.4399999999999999E-002  0.93559999999999999     
   70.000000000000000        1.6292800421688478        0.0000000000000000        0.0000000000000000        0.0000000000000000        0.0000000000000000        6.3200000000000006E-002  0.93679999999999997     
   71.000000000000000        1.6235464823849390        0.0000000000000000        0.0000000000000000        0.0000000000000000        0.0000000000000000        6.3600000000000004E-002  0.93640000000000001     
   72.000000000000000        1.6214198868025376        0.0000000000000000        0.0000000000000000        0.0000000000000000        0.0000000000000000        6.2799999999999995E-002  0.93720000000000003     
   73.000000000000000        1.6238133962592838        0.0000000000000000        0.0000000000000000        0.0000000000000000        0.0000000000000000        6.1800000000000001E-002  0.93820000000000003     
   74.000000000000000        1.6299478023771514        0.0000000000000000        0.0000000000000000        0.0000000000000000        0.0000000000000000        6.0600000000000001E-002  0.93940000000000001     
   75.000000000000000        1.6406851829756302        0.0000000000000000        0.0000000000000000        0.0000000000000000        0.0000000000000000        6.0800000000000000E-002  0.93920000000000003     
   76.000000000000000        1.6556369112924134        0.0000000000000000        0.0000000000000000        0.0000000000000000        0.0000000000000000        6.0800000000000000E-002  0.93920000000000003     
   77.000000000000000        1.6748505318933382        0.0000000000000000        0.0000000000000000        0.0000000000000000        0.0000000000000000        6.0600000000000001E-002  0.93940000000000001     
   78.000000000000000        1.6979616587830708        0.0000000000000000        0.0000000000000000        0.0000000000000000        0.0000000000000000        6.0600000000000001E-002  0.93940000000000001     
   79.000000000000000        1.7245194133503845        0.0000000000000000        0.0000000000000000        0.0000000000000000        0.0000000000000000        6.0400000000000002E-002  0.93959999999999999     
   80.000000000000000        1.7541188745609377        0.0000000000000000        0.0000000000000000        0.0000000000000000        0.0000000000000000        6.0600000000000001E-002  0.93940000000000001     
   81.000000000000000        1.7857831750317874        0.0000000000000000        0.0000000000000000        0.0000000000000000        0.0000000000000000        6.0600000000000001E-002  0.93940000000000001     
   82.000000000000000        1.8192096903965747        0.0000000000000000        0.0000000000000000        0.0000000000000000        0.0000000000000000        6.0600000000000001E-002  0.93940000000000001     
   83.000000000000000        1.8529981429285187        0.0000000000000000        0.0000000000000000        0.0000000000000000        0.0000000000000000        6.0600000000000001E-002  0.93940000000000001     
   84.000000000000000        1.8864663784433573        0.0000000000000000        0.0000000000000000        0.0000000000000000        0.0000000000000000        6.0600000000000001E-002  0.93940000000000001     
   85.000000000000000        1.9185559154381908        0.0000000000000000        0.0000000000000000        0.0000000000000000        0.0000000000000000        6.0600000000000001E-002  0.93940000000000001     
   86.000000000000000        1.9484928128774743        0.0000000000000000        0.0000000000000000        0.0000000000000000        0.0000000000000000        6.0600000000000001E-002  0.93940000000000001     
   87.000000000000000        1.9752167078346408        0.0000000000000000        0.0000000000000000        0.0000000000000000        0.0000000000000000        6.1600000000000002E-002  0.93840000000000001     
   88.000000000000000        1.9979796053516621        0.0000000000000000        0.0000000000000000        0.0000000000000000        0.0000000000000000        6.1199999999999997E-002  0.93879999999999997     
   89.000000000000000        2.0159350519370203        0.0000000000000000        0.0000000000000000        0.0000000000000000        0.0000000000000000        6.4199999999999993E-002  0.93579999999999997     
   90.000000000000000        2.0152955898605507        0.0000000000000000        0.0000000000000000        0.0000000000000000        0.0000000000000000        6.6199999999999995E-002  0.93379999999999996     
   91.000000000000000        2.0352481640900280        0.0000000000000000        0.0000000000000000        0.0000000000000000        0.0000000000000000        6.3399999999999998E-002  0.93659999999999999     
   92.000000000000000        2.0361591304809576        0.0000000000000000        0.0000000000000000        0.0000000000000000        0.0000000000000000        6.3399999999999998E-002  0.93659999999999999     
   93.000000000000000        2.0320364231205592        0.0000000000000000        0.0000000000000000        0.0000000000000000        0.0000000000000000        7.5200000000000003E-002  0.92479999999999996     
   94.000000000000000        2.0220546271110438        0.0000000000000000        0.0000000000000000        0.0000000000000000        0.0000000000000000        7.5600000000000001E-002  0.92440000000000000     
   95.000000000000000        2.0038154034178994        0.0000000000000000        0.0000000000000000        0.0000000000000000        0.0000000000000000        7.4800000000000005E-002  0.92520000000000002     
   96.000000000000000        1.9803042132504480        0.0000000000000000        0.0000000000000000        0.0000000000000000        0.0000000000000000        7.4200000000000002E-002  0.92579999999999996     
   97.000000000000000        1.9527170158038867        0.0000000000000000        0.0000000000000000        0.0000000000000000        0.0000000000000000        7.4200000000000002E-002  0.92579999999999996     
   98.000000000000000        1.9207413974447123        0.0000000000000000        0.0000000000000000        0.0000000000000000        0.0000000000000000        7.4800000000000005E-002  0.92520000000000002     
   99.000000000000000        1.8826347884906744        0.0000000000000000        0.0000000000000000        0.0000000000000000        0.0000000000000000        7.4399999999999994E-002  0.92559999999999998     
   100.00000000000000        1.8428072227897523        0.0000000000000000        0.0000000000000000        0.0000000000000000        0.0000000000000000        7.4200000000000002E-002  0.92579999999999996     
   101.00000000000000        1.7985265498285379        0.0000000000000000        0.0000000000000000        0.0000000000000000        0.0000000000000000        7.4200000000000002E-002  0.92579999999999996     
   102.00000000000000        1.7546213872616181        0.0000000000000000        0.0000000000000000        0.0000000000000000        0.0000000000000000        7.4200000000000002E-002  0.92579999999999996     
   103.00000000000000        1.7091407386615887        0.0000000000000000        0.0000000000000000        0.0000000000000000        0.0000000000000000        7.4200000000000002E-002  0.92579999999999996     
   104.00000000000000        1.6639289980395835        0.0000000000000000        0.0000000000000000        0.0000000000000000        0.0000000000000000        7.4200000000000002E-002  0.92579999999999996     
   105.00000000000000        1.6203409839610650        0.0000000000000000        0.0000000000000000        0.0000000000000000        0.0000000000000000        7.4200000000000002E-002  0.92579999999999996     
   106.00000000000000        1.5753568103396776        0.0000000000000000        0.0000000000000000        0.0000000000000000        2.4199999999999999E-002  0.29440000000000000       0.68140000000000001     
   107.00000000000000        1.5582915734078790        0.0000000000000000        0.0000000000000000        0.0000000000000000        2.4199999999999999E-002  0.29440000000000000       0.68140000000000001     
   108.00000000000000        1.5643162617341202        0.0000000000000000        0.0000000000000000        0.0000000000000000        2.4199999999999999E-002  0.29440000000000000       0.68140000000000001     
   109.00000000000000        1.5851499879735098        0.0000000000000000        0.0000000000000000        0.0000000000000000        2.4199999999999999E-002  0.29440000000000000       0.68140000000000001     
   110.00000000000000        1.5769026498742684        0.0000000000000000        0.0000000000000000        0.0000000000000000        2.4799999999999999E-002  0.29380000000000001       0.68140000000000001     
   111.00000000000000        1.5840722138958701        0.0000000000000000        0.0000000000000000        0.0000000000000000        2.4400000000000002E-002  0.29420000000000002       0.68140000000000001     
   112.00000000000000        1.5894834302528873        0.0000000000000000        0.0000000000000000        0.0000000000000000        2.4799999999999999E-002  0.29380000000000001       0.68140000000000001     
   113.00000000000000        1.5920320342176830        0.0000000000000000        0.0000000000000000        0.0000000000000000        2.4600000000000000E-002  0.29399999999999998       0.68140000000000001     
   114.00000000000000        1.5947775904004307        0.0000000000000000        0.0000000000000000        0.0000000000000000        2.4799999999999999E-002  0.29380000000000001       0.68140000000000001     
   115.00000000000000        1.5966635274540733        0.0000000000000000        0.0000000000000000        0.0000000000000000        2.4799999999999999E-002  0.29380000000000001       0.68140000000000001     
   116.00000000000000        1.5967777892828967        0.0000000000000000        0.0000000000000000        0.0000000000000000        2.5200000000000000E-002  0.29339999999999999       0.68140000000000001     
   117.00000000000000        1.5953656682476915        0.0000000000000000        0.0000000000000000        0.0000000000000000        2.5200000000000000E-002  0.29339999999999999       0.68140000000000001     
   118.00000000000000        1.5924363950166693        0.0000000000000000        0.0000000000000000        0.0000000000000000        2.2800000000000001E-002  0.29580000000000001       0.68140000000000001     
   119.00000000000000        1.5882263149149096        0.0000000000000000        0.0000000000000000        0.0000000000000000        3.3399999999999999E-002  0.28520000000000001       0.68140000000000001     
   120.00000000000000        1.5824095455427925        0.0000000000000000        0.0000000000000000        0.0000000000000000        5.7599999999999998E-002  0.26100000000000001       0.68140000000000001     
   121.00000000000000        1.5664636562015830        0.0000000000000000        0.0000000000000000        0.0000000000000000       0.26979999999999998       0.73019999999999996        0.0000000000000000     
   122.00000000000000        1.5841761568674337        0.0000000000000000        0.0000000000000000        0.0000000000000000       0.26979999999999998       0.68879999999999997        4.1399999999999999E-002
   123.00000000000000        1.5992690720118017        0.0000000000000000        0.0000000000000000        0.0000000000000000       0.26979999999999998       0.66159999999999997        6.8599999999999994E-002
   124.00000000000000        1.6134943421550469        0.0000000000000000        0.0000000000000000        0.0000000000000000       0.26979999999999998       0.62260000000000004       0.10760000000000000     
   125.00000000000000        1.6260767661119087        0.0000000000000000        0.0000000000000000        0.0000000000000000       0.26979999999999998       0.62439999999999996       0.10580000000000001     
   126.00000000000000        1.6370351818285371        0.0000000000000000        0.0000000000000000        0.0000000000000000       0.26979999999999998       0.61760000000000004       0.11260000000000001     
   127.00000000000000        1.6458226233731799        0.0000000000000000        0.0000000000000000        0.0000000000000000       0.26979999999999998       0.60560000000000003       0.12460000000000000     
   128.00000000000000        1.6521266320327963        0.0000000000000000        0.0000000000000000        0.0000000000000000       0.26979999999999998       0.61019999999999996       0.12000000000000000     
   129.00000000000000        1.6561656982107602        0.0000000000000000        0.0000000000000000        0.0000000000000000       0.26979999999999998       0.61080000000000001       0.11940000000000001     
   130.00000000000000        1.6582069829045687        0.0000000000000000        0.0000000000000000        0.0000000000000000       0.26979999999999998       0.60940000000000005       0.12080000000000000     
   131.00000000000000        1.6564495752611235        0.0000000000000000        0.0000000000000000        0.0000000000000000       0.26979999999999998       0.61219999999999997       0.11799999999999999     
   132.00000000000000        1.6528010805970155        0.0000000000000000        0.0000000000000000        0.0000000000000000       0.26979999999999998       0.61199999999999999       0.11820000000000000     
   133.00000000000000        1.6463221118697011        0.0000000000000000        0.0000000000000000        0.0000000000000000       0.26979999999999998       0.61199999999999999       0.11820000000000000     
   134.00000000000000        1.6379078675835506        0.0000000000000000        0.0000000000000000        0.0000000000000000       0.26979999999999998       0.61140000000000005       0.11880000000000000     
   135.00000000000000        1.6277718757885413        0.0000000000000000        0.0000000000000000        0.0000000000000000       0.26979999999999998       0.60819999999999996       0.12200000000000000     
   136.00000000000000        1.6151345922453113        0.0000000000000000        0.0000000000000000        0.0000000000000000       0.26979999999999998       0.60560000000000003       0.12460000000000000     
   137.00000000000000        1.6010329078439673        0.0000000000000000        0.0000000000000000        0.0000000000000000       0.26979999999999998       0.60819999999999996       0.12200000000000000     
   138.00000000000000        1.5873318538039012        0.0000000000000000        0.0000000000000000        0.0000000000000000       0.26979999999999998       0.60760000000000003       0.12260000000000000     
   139.00000000000000        1.5726012093400246        0.0000000000000000        0.0000000000000000        0.0000000000000000       0.26979999999999998       0.60360000000000003       0.12659999999999999     
   140.00000000000000        1.5577011777153362        0.0000000000000000        0.0000000000000000        0.0000000000000000       0.26979999999999998       0.60360000000000003       0.12659999999999999     
   141.00000000000000        1.5439119949841369        0.0000000000000000        0.0000000000000000        0.0000000000000000       0.26979999999999998       0.60740000000000005       0.12280000000000001     
   142.00000000000000        1.5306629927319790        0.0000000000000000        0.0000000000000000        0.0000000000000000       0.26979999999999998       0.60440000000000005       0.12580000000000000     
   143.00000000000000        1.5187823017406872        0.0000000000000000        0.0000000000000000        0.0000000000000000       0.26979999999999998       0.58999999999999997       0.14019999999999999     
   144.00000000000000        1.5083543737600000        0.0000000000000000        0.0000000000000000        0.0000000000000000       0.26979999999999998       0.60599999999999998       0.12420000000000000     
   145.00000000000000        1.4997804203698495        0.0000000000000000        0.0000000000000000        0.0000000000000000       0.26979999999999998       0.59519999999999995       0.13500000000000001     
   146.00000000000000        1.4931256134573450        0.0000000000000000        0.0000000000000000        0.0000000000000000       0.26979999999999998       0.61060000000000003       0.11960000000000000     
   147.00000000000000        1.4882924230877181        0.0000000000000000        0.0000000000000000        0.0000000000000000       0.26979999999999998       0.63660000000000005        9.3600000000000003E-002
   148.00000000000000        1.4853672074988156        0.0000000000000000        0.0000000000000000        0.0000000000000000       0.26979999999999998       0.64319999999999999        8.6999999999999994E-002
   149.00000000000000        1.4842089748345122        0.0000000000000000        0.0000000000000000        0.0000000000000000       0.26979999999999998       0.63700000000000001        9.3200000000000005E-002
   150.00000000000000        1.4844740469999849        0.0000000000000000        0.0000000000000000        0.0000000000000000       0.26979999999999998       0.64480000000000004        8.5400000000000004E-002
   151.00000000000000        1.4860094203822589        0.0000000000000000        0.0000000000000000        0.0000000000000000       0.26979999999999998       0.66120000000000001        6.9000000000000006E-002
   152.00000000000000        1.4887089717429824        0.0000000000000000        0.0000000000000000        0.0000000000000000       0.26979999999999998       0.65339999999999998        7.6799999999999993E-002
   153.00000000000000        1.4916134213880814        0.0000000000000000        0.0000000000000000        0.0000000000000000       0.26979999999999998       0.65380000000000005        7.6399999999999996E-002
   154.00000000000000        1.4951991459547151        0.0000000000000000        0.0000000000000000        0.0000000000000000       0.26979999999999998       0.63739999999999997        9.2799999999999994E-002
   155.00000000000000        1.4996769078403041        0.0000000000000000        0.0000000000000000        0.0000000000000000       0.26979999999999998       0.63739999999999997        9.2799999999999994E-002
   156.00000000000000        1.5037728646883202        0.0000000000000000        0.0000000000000000        0.0000000000000000       0.26979999999999998       0.63739999999999997        9.2799999999999994E-002
   157.00000000000000        1.5064634734590041        0.0000000000000000        0.0000000000000000        0.0000000000000000       0.26979999999999998       0.62739999999999996       0.10280000000000000     
   158.00000000000000        1.5086809067984210        0.0000000000000000        0.0000000000000000        0.0000000000000000       0.26979999999999998       0.63060000000000005        9.9599999999999994E-002
   159.00000000000000        1.5106007384050013        0.0000000000000000        0.0000000000000000        0.0000000000000000       0.26979999999999998       0.64139999999999997        8.8800000000000004E-002
   160.00000000000000        1.5123823911825998        0.0000000000000000        0.0000000000000000        0.0000000000000000       0.26979999999999998       0.64339999999999997        8.6800000000000002E-002
   161.00000000000000        1.5134084730105073        0.0000000000000000        0.0000000000000000        0.0000000000000000       0.26979999999999998       0.64939999999999998        8.0799999999999997E-002
   162.00000000000000        1.5141595278495206        0.0000000000000000        0.0000000000000000        0.0000000000000000       0.26979999999999998       0.64600000000000002        8.4199999999999997E-002
   163.00000000000000        1.5143223564587736        0.0000000000000000        0.0000000000000000        0.0000000000000000       0.26979999999999998       0.64659999999999995        8.3599999999999994E-002
   164.00000000000000        1.5141983522628943        0.0000000000000000        0.0000000000000000        0.0000000000000000       0.26979999999999998       0.65300000000000002        7.7200000000000005E-002
   165.00000000000000        1.5138011606790940        0.0000000000000000        0.0000000000000000        0.0000000000000000       0.26979999999999998       0.64820000000000000        8.2000000000000003E-002
   166.00000000000000        1.5135127537908206        0.0000000000000000        0.0000000000000000        0.0000000000000000       0.26979999999999998       0.64920000000000000        8.1000000000000003E-002
   167.00000000000000        1.5151062831011033        0.0000000000000000        0.0000000000000000        0.0000000000000000       0.18260000000000001       0.67959999999999998       0.13780000000000001     
   168.00000000000000        1.5181951090381411        0.0000000000000000        0.0000000000000000        0.0000000000000000       0.18279999999999999       0.67940000000000000       0.13780000000000001     
   169.00000000000000        1.5154960924918257        0.0000000000000000        0.0000000000000000        0.0000000000000000       0.18360000000000001       0.67859999999999998       0.13780000000000001     
   170.00000000000000        1.5135725773831676        0.0000000000000000        0.0000000000000000        0.0000000000000000       0.18400000000000000       0.67820000000000003       0.13780000000000001     
   171.00000000000000        1.5202745939833884        0.0000000000000000        0.0000000000000000        0.0000000000000000       0.17940000000000000       0.68279999999999996       0.13780000000000001     
   172.00000000000000        1.4798746835119476        0.0000000000000000        0.0000000000000000        0.0000000000000000       0.31000000000000000       0.55220000000000002       0.13780000000000001     
   173.00000000000000        1.6098650353785262        0.0000000000000000        0.0000000000000000        1.4999999999999999E-002  0.29499999999999998       0.55220000000000002       0.13780000000000001     
   174.00000000000000        1.5200086853426833        0.0000000000000000        2.0000000000000001E-004   1.4600000000000000E-002  0.29499999999999998       0.55220000000000002       0.13800000000000001     
   175.00000000000000        1.5333419397209553        0.0000000000000000        2.0000000000000001E-004   1.4400000000000000E-002  0.37040000000000001       0.30540000000000000       0.30959999999999999     
   176.00000000000000        1.5439841088498993        0.0000000000000000        2.0000000000000001E-004   1.2200000000000001E-002  0.37259999999999999       0.29220000000000002       0.32279999999999998     
   177.00000000000000        1.5521719557674234        0.0000000000000000        2.0000000000000001E-004   1.2000000000000000E-002  0.37280000000000002       0.30040000000000000       0.31459999999999999     
   178.00000000000000        1.5615294406562081        0.0000000000000000        2.0000000000000001E-004   1.1800000000000000E-002  0.37300000000000000       0.31440000000000001       0.30059999999999998     
   179.00000000000000        1.5720098832502374        0.0000000000000000        2.0000000000000001E-004   1.1400000000000000E-002  0.37340000000000001       0.30819999999999997       0.30680000000000002     
   180.00000000000000        1.5882916300193652        0.0000000000000000        2.0000000000000001E-004   7.7999999999999996E-003  0.37700000000000000       0.29020000000000001       0.32479999999999998     
   181.00000000000000        1.6014478442504676        0.0000000000000000        2.0000000000000001E-004   7.7999999999999996E-003  0.37700000000000000       0.27379999999999999       0.34120000000000000     
   182.00000000000000        1.6170947554066568        0.0000000000000000        2.0000000000000001E-004   5.0000000000000001E-003  0.37980000000000003       0.25979999999999998       0.35520000000000002     
   183.00000000000000        1.6327958012245722        0.0000000000000000        2.0000000000000001E-004   4.4000000000000003E-003  0.38040000000000002       0.26019999999999999       0.35480000000000000     
   184.00000000000000        1.6474666045268467        0.0000000000000000        0.0000000000000000        4.5999999999999999E-003  0.38040000000000002       0.25519999999999998       0.35980000000000001     
   185.00000000000000        1.6614756125965955        0.0000000000000000        0.0000000000000000        4.5999999999999999E-003  0.38040000000000002       0.29559999999999997       0.31940000000000002     
   186.00000000000000        1.6755230390462366        0.0000000000000000        0.0000000000000000        4.4000000000000003E-003  0.38059999999999999       0.30540000000000000       0.30959999999999999     
   187.00000000000000        1.6882541733194802        0.0000000000000000        0.0000000000000000        4.4000000000000003E-003  0.38059999999999999       0.31840000000000002       0.29659999999999997     
   188.00000000000000        1.7000663088172767        0.0000000000000000        0.0000000000000000        4.4000000000000003E-003  0.38059999999999999       0.28839999999999999       0.32660000000000000     
   189.00000000000000        1.7102503599672008        0.0000000000000000        0.0000000000000000        3.8000000000000000E-003  0.38119999999999998       0.29759999999999998       0.31740000000000002     
