#        BMIN =   406
#        BMAX =   411
#     INIBAND =   410
#      NBANDS =   540
#         NSW =  2000
#       POTIM =   1.0
#        TEMP = 300.0
#    NAMDTINI =   621
#    NAMDTIME =  1000
#       NTRAJ =  5000
#        NELM =  1000
#       LHOLE =     T
#        LSHP =     T
#      LCPTXT =     T
#      RUNDIR = ../../run/
   1.0000000000000000        1.5603572949712825        0.0000000000000000        0.0000000000000000        0.0000000000000000        0.0000000000000000        1.0000000000000000        0.0000000000000000     
   2.0000000000000000        1.5518956076303116        0.0000000000000000        0.0000000000000000        0.0000000000000000        1.1999999999999999E-003  0.99880000000000002        0.0000000000000000     
   3.0000000000000000        1.5457966895446544        0.0000000000000000        0.0000000000000000        0.0000000000000000        1.4000000000000000E-003  0.99860000000000004        0.0000000000000000     
   4.0000000000000000        1.5430354259024277        0.0000000000000000        0.0000000000000000        0.0000000000000000        1.4000000000000000E-003  0.99860000000000004        0.0000000000000000     
   5.0000000000000000        1.5437958952813848        0.0000000000000000        0.0000000000000000        0.0000000000000000        8.9999999999999993E-003  0.99099999999999999        0.0000000000000000     
   6.0000000000000000        1.5485198098536008        0.0000000000000000        0.0000000000000000        0.0000000000000000        1.4000000000000000E-002  0.98519999999999996        8.0000000000000004E-004
   7.0000000000000000        1.5529443934879086        0.0000000000000000        0.0000000000000000        0.0000000000000000        0.0000000000000000        1.0000000000000000        0.0000000000000000     
   8.0000000000000000        1.5637120035606993        0.0000000000000000        0.0000000000000000        0.0000000000000000        0.0000000000000000        1.0000000000000000        0.0000000000000000     
   9.0000000000000000        1.5801449146727076        0.0000000000000000        0.0000000000000000        0.0000000000000000        0.0000000000000000        1.0000000000000000        0.0000000000000000     
   10.000000000000000        1.5993602794525006        0.0000000000000000        0.0000000000000000        0.0000000000000000        0.0000000000000000       0.99519999999999997        4.7999999999999996E-003
   11.000000000000000        1.6212301562543605        0.0000000000000000        0.0000000000000000        0.0000000000000000        0.0000000000000000        1.0000000000000000        0.0000000000000000     
   12.000000000000000        1.6446779241778804        0.0000000000000000        0.0000000000000000        0.0000000000000000        0.0000000000000000        1.0000000000000000        0.0000000000000000     
   13.000000000000000        1.6690605231729541        0.0000000000000000        0.0000000000000000        0.0000000000000000        0.0000000000000000       0.99839999999999995        1.6000000000000001E-003
   14.000000000000000        1.6932681801590781        0.0000000000000000        0.0000000000000000        0.0000000000000000        0.0000000000000000        1.0000000000000000        0.0000000000000000     
   15.000000000000000        1.7162513393364187        0.0000000000000000        0.0000000000000000        0.0000000000000000        0.0000000000000000       0.99539999999999995        4.5999999999999999E-003
   16.000000000000000        1.7371880371823942        0.0000000000000000        0.0000000000000000        0.0000000000000000        0.0000000000000000       0.99580000000000002        4.1999999999999997E-003
   17.000000000000000        1.7551547200174247        0.0000000000000000        0.0000000000000000        0.0000000000000000        0.0000000000000000       0.98999999999999999        1.0000000000000000E-002
   18.000000000000000        1.7697484163544943        0.0000000000000000        0.0000000000000000        0.0000000000000000        0.0000000000000000       0.98999999999999999        1.0000000000000000E-002
   19.000000000000000        1.7792433993765036        0.0000000000000000        0.0000000000000000        0.0000000000000000        0.0000000000000000       0.98480000000000001        1.5200000000000000E-002
   20.000000000000000        1.7860976110105304        0.0000000000000000        0.0000000000000000        0.0000000000000000        0.0000000000000000       0.97619999999999996        2.3800000000000002E-002
   21.000000000000000        1.7862826352376981        0.0000000000000000        0.0000000000000000        0.0000000000000000        0.0000000000000000       0.97619999999999996        2.3800000000000002E-002
   22.000000000000000        1.7822007316725217        0.0000000000000000        0.0000000000000000        0.0000000000000000        0.0000000000000000       0.97940000000000005        2.0600000000000000E-002
   23.000000000000000        1.7736385866988611        0.0000000000000000        0.0000000000000000        0.0000000000000000        0.0000000000000000       0.97660000000000002        2.3400000000000001E-002
   24.000000000000000        1.7585201599805595        0.0000000000000000        0.0000000000000000        0.0000000000000000        0.0000000000000000       0.97919999999999996        2.0799999999999999E-002
   25.000000000000000        1.7397333132782118        0.0000000000000000        0.0000000000000000        0.0000000000000000        0.0000000000000000       0.98140000000000005        1.8599999999999998E-002
   26.000000000000000        1.7160085308471384        0.0000000000000000        0.0000000000000000        0.0000000000000000        0.0000000000000000       0.98180000000000001        1.8200000000000001E-002
   27.000000000000000        1.6895376884279263        0.0000000000000000        0.0000000000000000        0.0000000000000000        0.0000000000000000       0.98240000000000005        1.7600000000000001E-002
   28.000000000000000        1.6598469871276493        0.0000000000000000        0.0000000000000000        0.0000000000000000        0.0000000000000000       0.98199999999999998        1.7999999999999999E-002
   29.000000000000000        1.6274424833627745        0.0000000000000000        0.0000000000000000        0.0000000000000000        0.0000000000000000       0.98019999999999996        1.9800000000000002E-002
   30.000000000000000        1.5943001477408816        0.0000000000000000        0.0000000000000000        0.0000000000000000        0.0000000000000000       0.97599999999999998        2.4000000000000000E-002
   31.000000000000000        1.5590401523675119        0.0000000000000000        0.0000000000000000        0.0000000000000000        0.0000000000000000       0.97780000000000000        2.2200000000000001E-002
   32.000000000000000        1.5248976626223025        0.0000000000000000        0.0000000000000000        0.0000000000000000        0.0000000000000000       0.97360000000000002        2.6400000000000000E-002
   33.000000000000000        1.4920086334137865        0.0000000000000000        0.0000000000000000        0.0000000000000000        0.0000000000000000       0.97460000000000002        2.5399999999999999E-002
   34.000000000000000        1.4620856122802637        0.0000000000000000        0.0000000000000000        0.0000000000000000        0.0000000000000000       0.97260000000000002        2.7400000000000001E-002
   35.000000000000000        1.4340902401947622        0.0000000000000000        0.0000000000000000        0.0000000000000000        0.0000000000000000       0.97260000000000002        2.7400000000000001E-002
   36.000000000000000        1.4122577572855350        0.0000000000000000        0.0000000000000000        0.0000000000000000        0.0000000000000000       0.97199999999999998        2.8000000000000001E-002
   37.000000000000000        1.3929359591960400        0.0000000000000000        0.0000000000000000        0.0000000000000000       0.13840000000000000       0.79440000000000000        6.7199999999999996E-002
   38.000000000000000        1.3862637030374187        0.0000000000000000        0.0000000000000000        0.0000000000000000       0.13320000000000001       0.86599999999999999        8.0000000000000004E-004
   39.000000000000000        1.3811456606366228        0.0000000000000000        0.0000000000000000        0.0000000000000000       0.13239999999999999       0.86599999999999999        1.6000000000000001E-003
   40.000000000000000        1.3865809472688180        0.0000000000000000        0.0000000000000000        0.0000000000000000       0.11960000000000000       0.23820000000000000       0.64219999999999999     
   41.000000000000000        1.3866773287568803        0.0000000000000000        0.0000000000000000        0.0000000000000000       0.55620000000000003        0.0000000000000000       0.44379999999999997     
   42.000000000000000        1.4030064058029650        0.0000000000000000        0.0000000000000000        4.0000000000000001E-003  0.55220000000000002        0.0000000000000000       0.44379999999999997     
   43.000000000000000        1.4154721281919262        0.0000000000000000        0.0000000000000000        2.2200000000000001E-002  0.53400000000000003        3.2000000000000002E-003  0.44059999999999999     
   44.000000000000000        1.4229886700130074        0.0000000000000000        0.0000000000000000        2.1800000000000000E-002  0.21840000000000001        7.2599999999999998E-002  0.68720000000000003     
   45.000000000000000        1.4520872140778447        0.0000000000000000        0.0000000000000000        2.1800000000000000E-002  0.22420000000000001        7.2599999999999998E-002  0.68140000000000001     
   46.000000000000000        1.5920539919881103        0.0000000000000000        0.0000000000000000        2.1200000000000000E-002  0.22420000000000001        9.7000000000000003E-002  0.65759999999999996     
   47.000000000000000        1.5163111143858348        0.0000000000000000        0.0000000000000000        2.1200000000000000E-002  0.22420000000000001        9.5799999999999996E-002  0.65880000000000005     
   48.000000000000000        1.5501275780022270        0.0000000000000000        0.0000000000000000        1.5800000000000002E-002  0.22600000000000001       0.50900000000000001       0.24920000000000000     
   49.000000000000000        1.6882080040117575        0.0000000000000000        0.0000000000000000        1.4000000000000000E-002  0.22600000000000001       0.50900000000000001       0.25100000000000000     
   50.000000000000000        1.6928264178858428        0.0000000000000000        0.0000000000000000        1.2000000000000000E-002  0.22539999999999999       0.50939999999999996       0.25319999999999998     
   51.000000000000000        1.7157437430812481        0.0000000000000000        0.0000000000000000        1.8000000000000000E-003  0.19939999999999999       0.75839999999999996        4.0399999999999998E-002
   52.000000000000000        1.7212159594142327        0.0000000000000000        0.0000000000000000        1.8000000000000000E-003  0.19939999999999999       0.75960000000000005        3.9199999999999999E-002
   53.000000000000000        1.7746553135452099        0.0000000000000000        0.0000000000000000        1.8000000000000000E-003  0.19939999999999999       0.75960000000000005        3.9199999999999999E-002
   54.000000000000000        1.7983083031501557        0.0000000000000000        0.0000000000000000        1.8000000000000000E-003  0.19939999999999999       0.75980000000000003        3.9000000000000000E-002
   55.000000000000000        1.7949964014478650        0.0000000000000000        0.0000000000000000        1.8000000000000000E-003  0.19939999999999999       0.75739999999999996        4.1399999999999999E-002
   56.000000000000000        1.8238923418690864        0.0000000000000000        0.0000000000000000        1.8000000000000000E-003  0.19939999999999999       0.75660000000000005        4.2200000000000001E-002
   57.000000000000000        1.8303028533185093        0.0000000000000000        0.0000000000000000        1.8000000000000000E-003  0.19939999999999999       0.75660000000000005        4.2200000000000001E-002
   58.000000000000000        1.8352282639699291        0.0000000000000000        0.0000000000000000        1.8000000000000000E-003  0.19939999999999999       0.75660000000000005        4.2200000000000001E-002
   59.000000000000000        1.8341705994350574        0.0000000000000000        0.0000000000000000        1.6000000000000001E-003  0.19960000000000000       0.75660000000000005        4.2200000000000001E-002
   60.000000000000000        1.8387843451273540        0.0000000000000000        0.0000000000000000        1.6000000000000001E-003  0.19960000000000000       0.75680000000000003        4.2000000000000003E-002
   61.000000000000000        1.8354893247550963        0.0000000000000000        0.0000000000000000        1.4000000000000000E-003  0.19980000000000001       0.75619999999999998        4.2599999999999999E-002
   62.000000000000000        1.8096557843137251        0.0000000000000000        0.0000000000000000        1.4000000000000000E-003  0.19980000000000001       0.75619999999999998        4.2599999999999999E-002
   63.000000000000000        1.7940899562663013        0.0000000000000000        0.0000000000000000        1.4000000000000000E-003  0.19980000000000001       0.75619999999999998        4.2599999999999999E-002
   64.000000000000000        1.7798816733617004        0.0000000000000000        0.0000000000000000        1.4000000000000000E-003  0.19980000000000001       0.75539999999999996        4.3400000000000001E-002
   65.000000000000000        1.8196801960019595        0.0000000000000000        0.0000000000000000        1.4000000000000000E-003   0.0000000000000000       0.92640000000000000        7.2200000000000000E-002
   66.000000000000000        1.8648457559828970        0.0000000000000000        0.0000000000000000        1.4000000000000000E-003   3.2000000000000001E-002  0.85880000000000001       0.10780000000000001     
   67.000000000000000        1.7621192591878845        0.0000000000000000        0.0000000000000000        1.4000000000000000E-003   3.2000000000000001E-002  0.85880000000000001       0.10780000000000001     
   68.000000000000000        1.7367581556927971        0.0000000000000000        0.0000000000000000        1.4000000000000000E-003   3.2000000000000001E-002  0.85880000000000001       0.10780000000000001     
   69.000000000000000        1.7146773658746224        0.0000000000000000        0.0000000000000000        1.4000000000000000E-003   3.2000000000000001E-002  0.85880000000000001       0.10780000000000001     
   70.000000000000000        1.6890196458523845        0.0000000000000000        0.0000000000000000        1.4000000000000000E-003   3.2000000000000001E-002  0.85880000000000001       0.10780000000000001     
   71.000000000000000        1.6683468151131762        0.0000000000000000        0.0000000000000000        1.4000000000000000E-003   3.2000000000000001E-002  0.85880000000000001       0.10780000000000001     
   72.000000000000000        1.6506427214528365        0.0000000000000000        0.0000000000000000        5.9999999999999995E-004   3.2800000000000003E-002  0.85880000000000001       0.10780000000000001     
   73.000000000000000        1.6376640906713411        0.0000000000000000        0.0000000000000000        5.9999999999999995E-004   3.2800000000000003E-002  0.85880000000000001       0.10780000000000001     
   74.000000000000000        1.6265408766357401        0.0000000000000000        0.0000000000000000        5.9999999999999995E-004   3.2800000000000003E-002  0.85880000000000001       0.10780000000000001     
   75.000000000000000        1.6189674516329746        0.0000000000000000        0.0000000000000000        5.9999999999999995E-004   3.2800000000000003E-002  0.85880000000000001       0.10780000000000001     
   76.000000000000000        1.6153716275199208        0.0000000000000000        0.0000000000000000        5.9999999999999995E-004   3.2800000000000003E-002  0.85880000000000001       0.10780000000000001     
   77.000000000000000        1.6147213365150448        0.0000000000000000        0.0000000000000000        5.9999999999999995E-004   3.2800000000000003E-002  0.85919999999999996       0.10740000000000000     
   78.000000000000000        1.6175837579214463        0.0000000000000000        0.0000000000000000        5.9999999999999995E-004   3.2800000000000003E-002  0.86019999999999996       0.10639999999999999     
   79.000000000000000        1.6233904756293491        0.0000000000000000        0.0000000000000000        5.9999999999999995E-004   3.2800000000000003E-002  0.77920000000000000       0.18740000000000001     
   80.000000000000000        1.6308408070109919        0.0000000000000000        0.0000000000000000        5.9999999999999995E-004   3.2800000000000003E-002  0.79500000000000004       0.17160000000000000     
   81.000000000000000        1.6402247039272151        0.0000000000000000        0.0000000000000000        5.9999999999999995E-004   3.2800000000000003E-002  0.77939999999999998       0.18720000000000001     
   82.000000000000000        1.6509687405686611        0.0000000000000000        0.0000000000000000        5.9999999999999995E-004   3.2800000000000003E-002  0.77180000000000004       0.19480000000000000     
   83.000000000000000        1.6623142235967514        0.0000000000000000        0.0000000000000000        5.9999999999999995E-004   3.2800000000000003E-002  0.77000000000000002       0.19660000000000000     
   84.000000000000000        1.6740532545391764        0.0000000000000000        0.0000000000000000        5.9999999999999995E-004   3.2800000000000003E-002  0.77120000000000000       0.19539999999999999     
   85.000000000000000        1.6876091055581481        0.0000000000000000        0.0000000000000000        5.9999999999999995E-004   3.2800000000000003E-002  0.76939999999999997       0.19719999999999999     
   86.000000000000000        1.6975195819846975        0.0000000000000000        0.0000000000000000        4.0000000000000002E-004   3.3000000000000002E-002  0.76880000000000004       0.19780000000000000     
   87.000000000000000        1.7079072030089726        0.0000000000000000        0.0000000000000000        4.0000000000000002E-004   3.3000000000000002E-002  0.76800000000000002       0.19860000000000000     
   88.000000000000000        1.7171943582195026        0.0000000000000000        0.0000000000000000        4.0000000000000002E-004   3.3000000000000002E-002  0.76800000000000002       0.19860000000000000     
   89.000000000000000        1.7275509338066213        0.0000000000000000        0.0000000000000000        4.0000000000000002E-004   3.3000000000000002E-002  0.76659999999999995       0.20000000000000001     
   90.000000000000000        1.7303515009492427        0.0000000000000000        0.0000000000000000        4.0000000000000002E-004   3.3000000000000002E-002  0.76580000000000004       0.20080000000000001     
   91.000000000000000        1.7357885160840261        0.0000000000000000        0.0000000000000000        4.0000000000000002E-004   3.3000000000000002E-002  0.76580000000000004       0.20080000000000001     
   92.000000000000000        1.7402465936915625        0.0000000000000000        0.0000000000000000        4.0000000000000002E-004   3.3000000000000002E-002  0.76780000000000004       0.19880000000000000     
   93.000000000000000        1.7390323612211434        0.0000000000000000        0.0000000000000000        4.0000000000000002E-004   3.3000000000000002E-002  0.76800000000000002       0.19860000000000000     
   94.000000000000000        1.7377975964761101        0.0000000000000000        0.0000000000000000        4.0000000000000002E-004   3.3000000000000002E-002  0.76659999999999995       0.20000000000000001     
   95.000000000000000        1.7348142279535330        0.0000000000000000        0.0000000000000000        4.0000000000000002E-004   3.3000000000000002E-002  0.76759999999999995       0.19900000000000001     
   96.000000000000000        1.7255724431740935        0.0000000000000000        0.0000000000000000        4.0000000000000002E-004   3.3000000000000002E-002  0.76819999999999999       0.19839999999999999     
   97.000000000000000        1.7246514762930847        0.0000000000000000        0.0000000000000000        4.0000000000000002E-004   3.3000000000000002E-002  0.76380000000000003       0.20280000000000001     
   98.000000000000000        1.7178213616256828        0.0000000000000000        0.0000000000000000        4.0000000000000002E-004   3.3000000000000002E-002  0.76619999999999999       0.20039999999999999     
   99.000000000000000        1.7115969157119055        0.0000000000000000        0.0000000000000000        4.0000000000000002E-004   3.3000000000000002E-002  0.76600000000000001       0.20060000000000000     
   100.00000000000000        1.7013580292357215        0.0000000000000000        0.0000000000000000        4.0000000000000002E-004   3.3000000000000002E-002  0.76700000000000002       0.19960000000000000     
   101.00000000000000        1.6933201955461346        0.0000000000000000        0.0000000000000000        4.0000000000000002E-004   3.3000000000000002E-002  0.76839999999999997       0.19819999999999999     
   102.00000000000000        1.6858909076512958        0.0000000000000000        0.0000000000000000        4.0000000000000002E-004   3.3000000000000002E-002  0.74299999999999999       0.22359999999999999     
   103.00000000000000        1.6798509799775827        0.0000000000000000        0.0000000000000000        4.0000000000000002E-004   3.3000000000000002E-002  0.71579999999999999       0.25080000000000002     
   104.00000000000000        1.6759381941470242        0.0000000000000000        0.0000000000000000        4.0000000000000002E-004   3.3000000000000002E-002  0.74219999999999997       0.22439999999999999     
   105.00000000000000        1.6731323291925828        0.0000000000000000        0.0000000000000000        4.0000000000000002E-004   3.3000000000000002E-002  0.72399999999999998       0.24260000000000001     
   106.00000000000000        1.6729800173891429        0.0000000000000000        0.0000000000000000        4.0000000000000002E-004   3.3000000000000002E-002  0.74580000000000002       0.22080000000000000     
   107.00000000000000        1.6759070882880667        0.0000000000000000        0.0000000000000000        4.0000000000000002E-004   3.3000000000000002E-002  0.73380000000000001       0.23280000000000001     
   108.00000000000000        1.6819026729180089        0.0000000000000000        0.0000000000000000        4.0000000000000002E-004   3.3000000000000002E-002  0.72799999999999998       0.23860000000000001     
   109.00000000000000        1.6904427825606387        0.0000000000000000        0.0000000000000000        4.0000000000000002E-004   3.3000000000000002E-002  0.72799999999999998       0.23860000000000001     
   110.00000000000000        1.7012313866486712        0.0000000000000000        0.0000000000000000        4.0000000000000002E-004   3.3000000000000002E-002  0.68459999999999999       0.28199999999999997     
   111.00000000000000        1.7150540463291786        0.0000000000000000        0.0000000000000000        4.0000000000000002E-004   3.3000000000000002E-002  0.66900000000000004       0.29759999999999998     
   112.00000000000000        1.7298941453322765        0.0000000000000000        0.0000000000000000        4.0000000000000002E-004   3.3000000000000002E-002  0.67440000000000000       0.29220000000000002     
   113.00000000000000        1.7448783424866228        0.0000000000000000        0.0000000000000000        4.0000000000000002E-004   3.3000000000000002E-002  0.69299999999999995       0.27360000000000001     
   114.00000000000000        1.7608964932898949        0.0000000000000000        0.0000000000000000        4.0000000000000002E-004   3.3000000000000002E-002  0.69020000000000004       0.27639999999999998     
   115.00000000000000        1.7771852751835038        0.0000000000000000        0.0000000000000000        4.0000000000000002E-004   3.3000000000000002E-002  0.69079999999999997       0.27579999999999999     
   116.00000000000000        1.7914213435272499        0.0000000000000000        0.0000000000000000        4.0000000000000002E-004   3.3000000000000002E-002  0.68999999999999995       0.27660000000000001     
   117.00000000000000        1.8032758423472162        0.0000000000000000        0.0000000000000000        4.0000000000000002E-004   3.3000000000000002E-002  0.69079999999999997       0.27579999999999999     
   118.00000000000000        1.8131301397161343        0.0000000000000000        0.0000000000000000        4.0000000000000002E-004   3.3000000000000002E-002  0.68840000000000001       0.27820000000000000     
   119.00000000000000        1.8186255758404384        0.0000000000000000        0.0000000000000000        4.0000000000000002E-004   3.3000000000000002E-002  0.68840000000000001       0.27820000000000000     
   120.00000000000000        1.8303047803568968        0.0000000000000000        0.0000000000000000        4.0000000000000002E-004   1.7600000000000001E-002  0.70279999999999998       0.27920000000000000     
   121.00000000000000        1.9207571371741916        0.0000000000000000        0.0000000000000000        6.1999999999999998E-003   3.1600000000000003E-002  0.63219999999999998       0.33000000000000002     
   122.00000000000000        1.9800954335699790        0.0000000000000000        0.0000000000000000        5.4000000000000003E-003  0.19380000000000000       0.46999999999999997       0.33079999999999998     
   123.00000000000000        1.9015173204839915        0.0000000000000000        0.0000000000000000       0.13020000000000001       0.20499999999999999       0.27720000000000000       0.38760000000000000     
   124.00000000000000        1.7741490680922576        0.0000000000000000        0.0000000000000000       0.12600000000000000        0.0000000000000000       0.49659999999999999       0.37740000000000001     
   125.00000000000000        1.8773868872886827        0.0000000000000000        0.0000000000000000       0.62260000000000004        0.0000000000000000        0.0000000000000000       0.37740000000000001     
   126.00000000000000        1.4235997667645783        0.0000000000000000        0.0000000000000000       0.54959999999999998        7.2999999999999995E-002   1.1999999999999999E-003  0.37619999999999998     
   127.00000000000000        1.0710500337498048        0.0000000000000000        0.0000000000000000       0.54959999999999998        7.2999999999999995E-002   1.1999999999999999E-003  0.37619999999999998     
   128.00000000000000        1.0450825215319848        0.0000000000000000        0.0000000000000000       0.54920000000000002        7.3400000000000007E-002   2.8000000000000000E-003  0.37459999999999999     
   129.00000000000000        1.0197468299594754        0.0000000000000000        0.0000000000000000       0.54220000000000002        8.0399999999999999E-002   2.8000000000000000E-003  0.37459999999999999     
   130.00000000000000       0.98698881735732502        0.0000000000000000        0.0000000000000000       0.54220000000000002        8.0399999999999999E-002   3.3999999999999998E-003  0.37400000000000000     
   131.00000000000000       0.95148349790945397        0.0000000000000000        0.0000000000000000       0.54220000000000002        8.0399999999999999E-002   3.5999999999999999E-003  0.37380000000000002     
   132.00000000000000       0.91373530059326136        0.0000000000000000        0.0000000000000000       0.54220000000000002        8.0399999999999999E-002   3.5999999999999999E-003  0.37380000000000002     
   133.00000000000000       0.87617230105203681        0.0000000000000000        0.0000000000000000       0.54220000000000002        8.0399999999999999E-002   3.5999999999999999E-003  0.37380000000000002     
   134.00000000000000       0.83933700074439033        0.0000000000000000        0.0000000000000000       0.54220000000000002        8.0399999999999999E-002   3.5999999999999999E-003  0.37380000000000002     
   135.00000000000000       0.80521754770017395        0.0000000000000000        0.0000000000000000       0.54179999999999995        8.0799999999999997E-002   3.5999999999999999E-003  0.37380000000000002     
   136.00000000000000       0.77603552404951093        0.0000000000000000        0.0000000000000000       0.54079999999999995        8.1799999999999998E-002   8.9999999999999993E-003  0.36840000000000001     
   137.00000000000000       0.75193980349322453        0.0000000000000000        0.0000000000000000       0.54079999999999995        8.1799999999999998E-002   5.8799999999999998E-002  0.31859999999999999     
   138.00000000000000       0.73540561227349199        0.0000000000000000        2.0000000000000001E-004  0.54059999999999997        8.1799999999999998E-002   4.6800000000000001E-002  0.33060000000000000     
   139.00000000000000       0.72906983773022738        0.0000000000000000        8.2000000000000007E-003  0.53239999999999998        7.2999999999999995E-002   5.8999999999999997E-002  0.32740000000000002     
   140.00000000000000       0.72983961113473739        0.0000000000000000        6.7999999999999996E-003  0.53380000000000005        7.2999999999999995E-002   5.8999999999999997E-002  0.32740000000000002     
   141.00000000000000       0.73993507471360154        0.0000000000000000        7.7999999999999996E-003  0.53259999999999996        7.2800000000000004E-002   5.9200000000000003E-002  0.32760000000000000     
   142.00000000000000       0.75165638110059430        0.0000000000000000        7.4000000000000003E-003  0.53300000000000003        7.2800000000000004E-002   5.9200000000000003E-002  0.32760000000000000     
   143.00000000000000       0.76786583739929770        0.0000000000000000        7.4000000000000003E-003  0.52959999999999996        7.2800000000000004E-002   5.9200000000000003E-002  0.33100000000000002     
   144.00000000000000       0.78151517204068344        0.0000000000000000        8.0000000000000002E-003  0.52800000000000002        7.3599999999999999E-002   4.8399999999999999E-002  0.34200000000000003     
   145.00000000000000       0.79512822482749790        0.0000000000000000        7.7999999999999996E-003  0.52780000000000005        1.0000000000000000E-003  0.12100000000000000       0.34239999999999998     
   146.00000000000000       0.81259237314877653        0.0000000000000000        7.7999999999999996E-003  0.52780000000000005        1.0000000000000000E-003  0.12039999999999999       0.34300000000000003     
   147.00000000000000       0.83198203795104020        0.0000000000000000        7.6000000000000000E-003  0.52780000000000005        1.1999999999999999E-003  0.12039999999999999       0.34300000000000003     
   148.00000000000000       0.85155164114819337        0.0000000000000000        7.6000000000000000E-003  0.52780000000000005        1.1999999999999999E-003  0.12180000000000001       0.34160000000000001     
   149.00000000000000       0.87058423512074012        0.0000000000000000        7.6000000000000000E-003  0.52780000000000005        1.1999999999999999E-003  0.12220000000000000       0.34120000000000000     
   150.00000000000000       0.88959542026365246        0.0000000000000000        7.4000000000000003E-003  0.52780000000000005        1.4000000000000000E-003  0.12220000000000000       0.34120000000000000     
   151.00000000000000       0.90713012962612016        0.0000000000000000        7.4000000000000003E-003  0.52759999999999996        1.6000000000000001E-003  0.12220000000000000       0.34120000000000000     
   152.00000000000000       0.92290118276289901        0.0000000000000000        7.4000000000000003E-003  0.52759999999999996        1.6000000000000001E-003  0.12220000000000000       0.34120000000000000     
   153.00000000000000       0.93697659962196189        2.0000000000000001E-004   7.0000000000000001E-003  0.52780000000000005        1.6000000000000001E-003  0.12200000000000000       0.34139999999999998     
   154.00000000000000       0.94941957132112398        2.0000000000000001E-004   7.0000000000000001E-003  0.52739999999999998        2.0000000000000000E-003  0.12139999999999999       0.34200000000000003     
   155.00000000000000       0.95949132191382780        4.0000000000000002E-004   7.0000000000000001E-003  0.52720000000000000        2.0000000000000000E-003  0.12039999999999999       0.34300000000000003     
   156.00000000000000       0.96909042609628160        1.6000000000000001E-003   7.0000000000000001E-003  0.52480000000000004        3.2000000000000002E-003  0.12120000000000000       0.34220000000000000     
   157.00000000000000       0.97504195920856973        1.8000000000000000E-003   7.0000000000000001E-003  0.52459999999999996        3.2000000000000002E-003  0.12039999999999999       0.34300000000000003     
   158.00000000000000       0.97928205301642768        1.8000000000000000E-003   7.0000000000000001E-003  0.52459999999999996        3.2000000000000002E-003  0.12080000000000000       0.34260000000000002     
   159.00000000000000       0.98532643731540714        1.8000000000000000E-003   7.0000000000000001E-003  0.52380000000000004        4.0000000000000001E-003  0.11960000000000000       0.34379999999999999     
   160.00000000000000       0.98332788670708227        1.8000000000000000E-003   7.0000000000000001E-003  0.52380000000000004        4.0000000000000001E-003  0.11980000000000000       0.34360000000000002     
   161.00000000000000       0.98461286585779051        2.0000000000000000E-003   7.0000000000000001E-003  0.52320000000000000        4.4000000000000003E-003  0.11980000000000000       0.34360000000000002     
   162.00000000000000       0.97874712181123980        2.0000000000000000E-003   7.0000000000000001E-003  0.52320000000000000        4.4000000000000003E-003  0.12020000000000000       0.34320000000000001     
   163.00000000000000       0.97370800693248805        1.8000000000000000E-003   7.1999999999999998E-003  0.52280000000000004        4.7999999999999996E-003  0.11940000000000001       0.34399999999999997     
   164.00000000000000       0.96631531076874633        1.8000000000000000E-003   7.1999999999999998E-003  0.52280000000000004        4.7999999999999996E-003  0.11840000000000001       0.34499999999999997     
   165.00000000000000       0.95752543907964660        1.8000000000000000E-003   7.1999999999999998E-003  0.52259999999999995        5.0000000000000001E-003  0.11840000000000001       0.34499999999999997     
   166.00000000000000       0.94709331474088121        1.8000000000000000E-003   7.1999999999999998E-003  0.52239999999999998        5.1999999999999998E-003  0.11840000000000001       0.34499999999999997     
   167.00000000000000       0.93581307165902661        1.8000000000000000E-003   7.1999999999999998E-003  0.52200000000000002        5.5999999999999999E-003  0.12000000000000000       0.34339999999999998     
   168.00000000000000       0.92553100461796234        1.8000000000000000E-003   7.1999999999999998E-003  0.52020000000000000        7.4000000000000003E-003  0.11940000000000001       0.34399999999999997     
   169.00000000000000       0.91248592869485989        1.8000000000000000E-003   7.1999999999999998E-003  0.52020000000000000        7.4000000000000003E-003  0.11940000000000001       0.34399999999999997     
   170.00000000000000       0.89967877054944734        1.8000000000000000E-003   7.1999999999999998E-003  0.52020000000000000        7.4000000000000003E-003  0.12039999999999999       0.34300000000000003     
   171.00000000000000       0.88778922717296593        1.6000000000000001E-003   7.4000000000000003E-003  0.52000000000000002        7.6000000000000000E-003  0.12180000000000001       0.34160000000000001     
   172.00000000000000       0.87645028678328707        1.6000000000000001E-003   7.4000000000000003E-003  0.52000000000000002        7.6000000000000000E-003  0.12060000000000000       0.34279999999999999     
   173.00000000000000       0.86837411710264278        1.4000000000000000E-003   7.4000000000000003E-003  0.51900000000000002        8.8000000000000005E-003  0.12060000000000000       0.34279999999999999     
   174.00000000000000       0.86026575360897928        1.4000000000000000E-003   7.4000000000000003E-003  0.51900000000000002        8.8000000000000005E-003  0.12060000000000000       0.34279999999999999     
   175.00000000000000       0.85439199544587385        1.4000000000000000E-003   7.4000000000000003E-003  0.51880000000000004        8.9999999999999993E-003  0.12060000000000000       0.34279999999999999     
   176.00000000000000       0.85076676148214991        1.4000000000000000E-003   7.4000000000000003E-003  0.51880000000000004        8.9999999999999993E-003  0.12060000000000000       0.34279999999999999     
   177.00000000000000       0.84993198311720020        1.4000000000000000E-003   7.4000000000000003E-003  0.51859999999999995        9.1999999999999998E-003  0.12020000000000000       0.34320000000000001     
   178.00000000000000       0.85198302827497296        1.4000000000000000E-003   7.1999999999999998E-003  0.51859999999999995        9.4000000000000004E-003  0.11920000000000000       0.34420000000000001     
   179.00000000000000       0.85618129183258262        1.4000000000000000E-003   7.4000000000000003E-003  0.51839999999999997        9.4000000000000004E-003  0.12020000000000000       0.34320000000000001     
   180.00000000000000       0.86415104626581940        1.4000000000000000E-003   7.4000000000000003E-003  0.51759999999999995        1.0200000000000001E-002  0.12020000000000000       0.34320000000000001     
   181.00000000000000       0.87450234891722500        1.4000000000000000E-003   7.4000000000000003E-003  0.51680000000000004        1.0999999999999999E-002  0.12020000000000000       0.34320000000000001     
   182.00000000000000       0.88594752186275127        1.4000000000000000E-003   7.1999999999999998E-003  0.51700000000000002        1.0999999999999999E-002  0.11980000000000000       0.34360000000000002     
   183.00000000000000       0.89911096644175736        1.4000000000000000E-003   7.1999999999999998E-003  0.51700000000000002        1.0999999999999999E-002  0.12160000000000000       0.34179999999999999     
   184.00000000000000       0.91405120740633672        1.4000000000000000E-003   6.6000000000000000E-003  0.51739999999999997        1.1200000000000000E-002  0.12160000000000000       0.34179999999999999     
   185.00000000000000       0.93212205086436839        1.4000000000000000E-003   6.6000000000000000E-003  0.51500000000000001        1.3599999999999999E-002  0.12160000000000000       0.34179999999999999     
   186.00000000000000       0.94786950401127201        1.4000000000000000E-003   6.6000000000000000E-003  0.51500000000000001        1.3599999999999999E-002  0.12139999999999999       0.34200000000000003     
   187.00000000000000       0.96505272592252578        1.4000000000000000E-003   6.1999999999999998E-003  0.51419999999999999        1.4800000000000001E-002  0.12220000000000000       0.34120000000000000     
   188.00000000000000       0.98150310435045052        1.4000000000000000E-003   6.1999999999999998E-003  0.51300000000000001        1.6000000000000000E-002  0.12460000000000000       0.33879999999999999     
   189.00000000000000       0.99624794724911392        1.4000000000000000E-003   6.0000000000000001E-003  0.51319999999999999        1.6000000000000000E-002  0.12420000000000000       0.33920000000000000     
