#        BMIN =   406
#        BMAX =   411
#     INIBAND =   408
#      NBANDS =   540
#         NSW =  2000
#       POTIM =   1.0
#        TEMP = 300.0
#    NAMDTINI =   667
#    NAMDTIME =  1000
#       NTRAJ =  5000
#        NELM =  1000
#       LHOLE =     T
#        LSHP =     T
#      LCPTXT =     T
#      RUNDIR = ../../run/
   1.0000000000000000       0.73686940330299100        0.0000000000000000        0.0000000000000000        1.0000000000000000        0.0000000000000000        0.0000000000000000        0.0000000000000000     
   2.0000000000000000       0.93455956990504641        0.0000000000000000        0.0000000000000000       0.75880000000000003       0.23840000000000000        0.0000000000000000        2.8000000000000000E-003
   3.0000000000000000        1.4664421317003922        0.0000000000000000        0.0000000000000000       0.74780000000000002       0.23799999999999999        4.0000000000000002E-004   1.3800000000000000E-002
   4.0000000000000000        1.5003262861096263        0.0000000000000000        0.0000000000000000       0.66639999999999999       0.23599999999999999        2.3999999999999998E-003   9.5200000000000007E-002
   5.0000000000000000        1.5376035154246190        0.0000000000000000        0.0000000000000000       0.59960000000000002       0.33040000000000003        1.6199999999999999E-002   5.3800000000000001E-002
   6.0000000000000000        1.5220863371367030        0.0000000000000000        0.0000000000000000       0.59480000000000000       0.33520000000000000        1.6600000000000000E-002   5.3400000000000003E-002
   7.0000000000000000        1.5423580870287610        0.0000000000000000        0.0000000000000000       0.59360000000000002       0.33639999999999998        1.6600000000000000E-002   5.3400000000000003E-002
   8.0000000000000000        1.6427379944373968        0.0000000000000000        0.0000000000000000       0.21299999999999999       0.71699999999999997        1.6600000000000000E-002   5.3400000000000003E-002
   9.0000000000000000        1.5881066367813836        0.0000000000000000        0.0000000000000000        0.0000000000000000       0.93000000000000005        1.4800000000000001E-002   5.5199999999999999E-002
   10.000000000000000        1.6532298771490559        0.0000000000000000        0.0000000000000000        0.0000000000000000       0.93000000000000005        1.4600000000000000E-002   5.5399999999999998E-002
   11.000000000000000        1.6304350590585288        0.0000000000000000        0.0000000000000000        0.0000000000000000       0.93000000000000005        1.4600000000000000E-002   5.5399999999999998E-002
   12.000000000000000        1.6190183929058923        0.0000000000000000        0.0000000000000000        0.0000000000000000       0.93000000000000005        1.4600000000000000E-002   5.5399999999999998E-002
   13.000000000000000        1.6041471875571873        0.0000000000000000        0.0000000000000000        0.0000000000000000       0.93000000000000005        1.4600000000000000E-002   5.5399999999999998E-002
   14.000000000000000        1.6323341789694072        0.0000000000000000        0.0000000000000000        0.0000000000000000       0.93000000000000005        1.4800000000000001E-002   5.5199999999999999E-002
   15.000000000000000        1.6326018441507852        0.0000000000000000        0.0000000000000000        0.0000000000000000       0.93000000000000005        1.4800000000000001E-002   5.5199999999999999E-002
   16.000000000000000        1.5520558027873961        0.0000000000000000        0.0000000000000000        0.0000000000000000       0.93000000000000005        1.4800000000000001E-002   5.5199999999999999E-002
   17.000000000000000        1.5507698814023023        0.0000000000000000        0.0000000000000000        0.0000000000000000       0.93000000000000005        1.5200000000000000E-002   5.4800000000000001E-002
   18.000000000000000        1.5143998968706596        0.0000000000000000        0.0000000000000000        0.0000000000000000       0.93000000000000005        1.4400000000000000E-002   5.5599999999999997E-002
   19.000000000000000        1.5846843261073411        0.0000000000000000        0.0000000000000000        0.0000000000000000       0.71419999999999995       0.23180000000000001        5.3999999999999999E-002
   20.000000000000000        1.8330935761680518        0.0000000000000000        0.0000000000000000        0.0000000000000000       0.32619999999999999       0.61819999999999997        5.5599999999999997E-002
   21.000000000000000        1.6877590084931307        0.0000000000000000        0.0000000000000000        0.0000000000000000       0.32619999999999999       0.61839999999999995        5.5399999999999998E-002
   22.000000000000000        1.6684490941469359        0.0000000000000000        0.0000000000000000        0.0000000000000000       0.32619999999999999       0.61639999999999995        5.7400000000000000E-002
   23.000000000000000        1.6439348270393437        0.0000000000000000        0.0000000000000000        0.0000000000000000       0.32619999999999999       0.61619999999999997        5.7599999999999998E-002
   24.000000000000000        1.6327752823858250        0.0000000000000000        0.0000000000000000        0.0000000000000000       0.32619999999999999       0.61619999999999997        5.7599999999999998E-002
   25.000000000000000        1.6174061720113504        0.0000000000000000        0.0000000000000000        0.0000000000000000       0.32619999999999999       0.61499999999999999        5.8799999999999998E-002
   26.000000000000000        1.6043373946502473        0.0000000000000000        0.0000000000000000        0.0000000000000000       0.32619999999999999       0.61499999999999999        5.8799999999999998E-002
   27.000000000000000        1.5838445385671480        0.0000000000000000        0.0000000000000000        0.0000000000000000       0.32619999999999999       0.61499999999999999        5.8799999999999998E-002
   28.000000000000000        1.5762519606909526        0.0000000000000000        0.0000000000000000        0.0000000000000000       0.32619999999999999       0.61439999999999995        5.9400000000000001E-002
   29.000000000000000        1.5715225934188777        0.0000000000000000        0.0000000000000000        0.0000000000000000       0.32619999999999999       0.61439999999999995        5.9400000000000001E-002
   30.000000000000000        1.5699901622092538        0.0000000000000000        0.0000000000000000        0.0000000000000000       0.32619999999999999       0.61460000000000004        5.9200000000000003E-002
   31.000000000000000        1.5709237791585409        0.0000000000000000        0.0000000000000000        0.0000000000000000       0.32619999999999999       0.61280000000000001        6.0999999999999999E-002
   32.000000000000000        1.5747914320946277        0.0000000000000000        0.0000000000000000        0.0000000000000000       0.32619999999999999       0.59360000000000002        8.0199999999999994E-002
   33.000000000000000        1.5808542098911251        0.0000000000000000        0.0000000000000000        0.0000000000000000       0.32619999999999999       0.67379999999999995        0.0000000000000000     
   34.000000000000000        1.5884232686102782        0.0000000000000000        0.0000000000000000        0.0000000000000000       0.32619999999999999       0.67379999999999995        0.0000000000000000     
   35.000000000000000        1.5975614793095825        0.0000000000000000        0.0000000000000000        0.0000000000000000       0.32619999999999999       0.67179999999999995        2.0000000000000000E-003
   36.000000000000000        1.6078636413612852        0.0000000000000000        0.0000000000000000        0.0000000000000000       0.32619999999999999       0.67100000000000004        2.8000000000000000E-003
   37.000000000000000        1.6186043235061283        0.0000000000000000        0.0000000000000000        0.0000000000000000       0.32619999999999999       0.67079999999999995        3.0000000000000001E-003
   38.000000000000000        1.6297172408403244        0.0000000000000000        0.0000000000000000        0.0000000000000000       0.32619999999999999       0.67079999999999995        3.0000000000000001E-003
   39.000000000000000        1.6418673890323405        0.0000000000000000        0.0000000000000000        0.0000000000000000       0.32619999999999999       0.67079999999999995        3.0000000000000001E-003
   40.000000000000000        1.6515944544808789        0.0000000000000000        0.0000000000000000        0.0000000000000000       0.32619999999999999       0.67079999999999995        3.0000000000000001E-003
   41.000000000000000        1.6614688084376510        0.0000000000000000        0.0000000000000000        0.0000000000000000       0.32619999999999999       0.67079999999999995        3.0000000000000001E-003
   42.000000000000000        1.6703028829526096        0.0000000000000000        0.0000000000000000        0.0000000000000000       0.32619999999999999       0.67079999999999995        3.0000000000000001E-003
   43.000000000000000        1.6788646547861721        0.0000000000000000        0.0000000000000000        0.0000000000000000       0.32619999999999999       0.67040000000000000        3.3999999999999998E-003
   44.000000000000000        1.6835240908358207        0.0000000000000000        0.0000000000000000        0.0000000000000000       0.32619999999999999       0.67040000000000000        3.3999999999999998E-003
   45.000000000000000        1.6883026854829033        0.0000000000000000        0.0000000000000000        0.0000000000000000       0.32619999999999999       0.67040000000000000        3.3999999999999998E-003
   46.000000000000000        1.6919151382375979        0.0000000000000000        0.0000000000000000        0.0000000000000000       0.32619999999999999       0.67040000000000000        3.3999999999999998E-003
   47.000000000000000        1.6921135228368673        0.0000000000000000        0.0000000000000000        0.0000000000000000       0.32619999999999999       0.67040000000000000        3.3999999999999998E-003
   48.000000000000000        1.6915298946314667        0.0000000000000000        0.0000000000000000        0.0000000000000000       0.32619999999999999       0.67040000000000000        3.3999999999999998E-003
   49.000000000000000        1.6889637287097756        0.0000000000000000        0.0000000000000000        0.0000000000000000       0.32619999999999999       0.67040000000000000        3.3999999999999998E-003
   50.000000000000000        1.6824212922517425        0.0000000000000000        0.0000000000000000        0.0000000000000000       0.32619999999999999       0.67040000000000000        3.3999999999999998E-003
   51.000000000000000        1.6797185335507419        0.0000000000000000        0.0000000000000000        0.0000000000000000       0.32619999999999999       0.66959999999999997        4.1999999999999997E-003
   52.000000000000000        1.6730346107752316        0.0000000000000000        0.0000000000000000        0.0000000000000000       0.32619999999999999       0.66959999999999997        4.1999999999999997E-003
   53.000000000000000        1.6658685727990770        0.0000000000000000        0.0000000000000000        0.0000000000000000       0.32619999999999999       0.66940000000000000        4.4000000000000003E-003
   54.000000000000000        1.6571900550645973        0.0000000000000000        0.0000000000000000        0.0000000000000000       0.32619999999999999       0.66940000000000000        4.4000000000000003E-003
   55.000000000000000        1.6486881933982405        0.0000000000000000        0.0000000000000000        0.0000000000000000       0.32619999999999999       0.66940000000000000        4.4000000000000003E-003
   56.000000000000000        1.6401747696871400        0.0000000000000000        0.0000000000000000        0.0000000000000000       0.32619999999999999       0.66800000000000004        5.7999999999999996E-003
   57.000000000000000        1.6322759277863037        0.0000000000000000        0.0000000000000000        0.0000000000000000       0.32619999999999999       0.66420000000000001        9.5999999999999992E-003
   58.000000000000000        1.6258409948224479        0.0000000000000000        0.0000000000000000        0.0000000000000000       0.32619999999999999       0.66520000000000001        8.6000000000000000E-003
   59.000000000000000        1.6195036188788088        0.0000000000000000        0.0000000000000000        0.0000000000000000       0.32619999999999999       0.66420000000000001        9.5999999999999992E-003
   60.000000000000000        1.6149503635560167        0.0000000000000000        0.0000000000000000        0.0000000000000000       0.32619999999999999       0.66459999999999997        9.1999999999999998E-003
   61.000000000000000        1.6121015296746715        0.0000000000000000        0.0000000000000000        0.0000000000000000       0.32619999999999999       0.66339999999999999        1.0400000000000000E-002
   62.000000000000000        1.6111388105401561        0.0000000000000000        0.0000000000000000        0.0000000000000000       0.32619999999999999       0.66259999999999997        1.1200000000000000E-002
   63.000000000000000        1.6117357416694262        0.0000000000000000        0.0000000000000000        0.0000000000000000       0.32619999999999999       0.66259999999999997        1.1200000000000000E-002
   64.000000000000000        1.6135269479326309        0.0000000000000000        0.0000000000000000        0.0000000000000000       0.32619999999999999       0.65780000000000005        1.6000000000000000E-002
   65.000000000000000        1.6174645208549836        0.0000000000000000        0.0000000000000000        0.0000000000000000       0.32619999999999999       0.65559999999999996        1.8200000000000001E-002
   66.000000000000000        1.6220659690199148        0.0000000000000000        0.0000000000000000        0.0000000000000000       0.32619999999999999       0.65620000000000001        1.7600000000000001E-002
   67.000000000000000        1.6267491732225539        0.0000000000000000        0.0000000000000000        0.0000000000000000       0.32619999999999999       0.65700000000000003        1.6799999999999999E-002
   68.000000000000000        1.6322373901074607        0.0000000000000000        0.0000000000000000        0.0000000000000000       0.32619999999999999       0.65600000000000003        1.7800000000000000E-002
   69.000000000000000        1.6380212618572791        0.0000000000000000        0.0000000000000000        0.0000000000000000       0.32619999999999999       0.65600000000000003        1.7800000000000000E-002
   70.000000000000000        1.6426228726463115        0.0000000000000000        0.0000000000000000        0.0000000000000000       0.32619999999999999       0.65580000000000005        1.7999999999999999E-002
   71.000000000000000        1.6458986861200953        0.0000000000000000        0.0000000000000000        0.0000000000000000       0.32619999999999999       0.65580000000000005        1.7999999999999999E-002
   72.000000000000000        1.6478955986121722        0.0000000000000000        0.0000000000000000        0.0000000000000000       0.32619999999999999       0.65580000000000005        1.7999999999999999E-002
   73.000000000000000        1.6477091343601380        0.0000000000000000        0.0000000000000000        0.0000000000000000       0.32619999999999999       0.65580000000000005        1.7999999999999999E-002
   74.000000000000000        1.7046210785236708        0.0000000000000000        0.0000000000000000        0.0000000000000000       0.32619999999999999       0.65580000000000005        1.7999999999999999E-002
   75.000000000000000        1.8887305152361382        0.0000000000000000        0.0000000000000000        0.0000000000000000       0.18779999999999999       0.79120000000000001        2.1000000000000001E-002
   76.000000000000000        1.8356034589440642        0.0000000000000000        0.0000000000000000        0.0000000000000000        9.1200000000000003E-002  0.88600000000000001        2.2800000000000001E-002
   77.000000000000000        1.8618659982216856        0.0000000000000000        0.0000000000000000        8.8000000000000005E-003   7.4000000000000003E-003  0.96099999999999997        2.2800000000000001E-002
   78.000000000000000        1.8062852151493785        0.0000000000000000        0.0000000000000000        4.5999999999999999E-003  0.12659999999999999       0.82660000000000000        4.2200000000000001E-002
   79.000000000000000        1.8009279453111822        0.0000000000000000        0.0000000000000000       0.11580000000000000        5.3600000000000002E-002  0.78720000000000001        4.3400000000000001E-002
   80.000000000000000        1.6687644114823887        0.0000000000000000        0.0000000000000000       0.11580000000000000        5.3600000000000002E-002  0.78320000000000001        4.7399999999999998E-002
   81.000000000000000        1.5697971123573700        0.0000000000000000        0.0000000000000000       0.11580000000000000        5.3600000000000002E-002  0.78320000000000001        4.7399999999999998E-002
   82.000000000000000        1.5410538466799961        0.0000000000000000        0.0000000000000000       0.11580000000000000        5.3600000000000002E-002  0.78000000000000003        5.0599999999999999E-002
   83.000000000000000        1.5093231024261549        0.0000000000000000        0.0000000000000000       0.11580000000000000        5.3600000000000002E-002  0.78000000000000003        5.0599999999999999E-002
   84.000000000000000        1.4755665620709053        0.0000000000000000        0.0000000000000000       0.11580000000000000        5.3600000000000002E-002  0.77959999999999996        5.0999999999999997E-002
   85.000000000000000        1.4405188599931280        0.0000000000000000        0.0000000000000000       0.11540000000000000        5.3999999999999999E-002  0.77880000000000005        5.1799999999999999E-002
   86.000000000000000        1.4057707672762370        0.0000000000000000        0.0000000000000000       0.11459999999999999        5.4800000000000001E-002  0.77900000000000003        5.1600000000000000E-002
   87.000000000000000        1.3709131476106167        0.0000000000000000        0.0000000000000000       0.11459999999999999        5.4800000000000001E-002  0.77900000000000003        5.1600000000000000E-002
   88.000000000000000        1.3378354801990355        0.0000000000000000        0.0000000000000000       0.11400000000000000        5.5399999999999998E-002  0.77939999999999998        5.1200000000000002E-002
   89.000000000000000        1.3079021051585811        0.0000000000000000        0.0000000000000000       0.11360000000000001        5.5800000000000002E-002  0.78120000000000001        4.9399999999999999E-002
   90.000000000000000        1.2810132991842280        0.0000000000000000        0.0000000000000000       0.11360000000000001        5.5800000000000002E-002  0.76080000000000003        6.9800000000000001E-002
   91.000000000000000        1.2590158763428956        0.0000000000000000        0.0000000000000000       0.11360000000000001        5.5800000000000002E-002  0.62580000000000002       0.20480000000000001     
   92.000000000000000        1.2429210630958250        0.0000000000000000        0.0000000000000000       0.11340000000000000        5.6000000000000001E-002  0.69420000000000004       0.13639999999999999     
   93.000000000000000        1.2322098636735159        0.0000000000000000        0.0000000000000000       0.11340000000000000       0.10120000000000000       0.77359999999999995        1.1800000000000000E-002
   94.000000000000000        1.2316452579417989        0.0000000000000000        4.0000000000000002E-004  0.11300000000000000       0.10140000000000000       0.77339999999999998        1.1800000000000000E-002
   95.000000000000000        1.2351294888565154        0.0000000000000000        4.0000000000000002E-004  0.11300000000000000       0.10280000000000000       0.77200000000000002        1.1800000000000000E-002
   96.000000000000000        1.2446619162554222        0.0000000000000000        4.0000000000000002E-004  0.11300000000000000       0.10299999999999999       0.77180000000000004        1.1800000000000000E-002
   97.000000000000000        1.2609771762672555        0.0000000000000000        4.0000000000000002E-004  0.11300000000000000       0.10240000000000000       0.77239999999999998        1.1800000000000000E-002
   98.000000000000000        1.2834207788972003        0.0000000000000000        4.0000000000000002E-004  0.11260000000000001       0.10199999999999999       0.74180000000000001        4.3200000000000002E-002
   99.000000000000000        1.3033526343252895        0.0000000000000000        4.0000000000000002E-004  0.11260000000000001       0.84419999999999995        0.0000000000000000        4.2799999999999998E-002
   100.00000000000000        1.3235892585576370        0.0000000000000000        4.0000000000000002E-004  0.11260000000000001       0.84419999999999995        0.0000000000000000        4.2799999999999998E-002
   101.00000000000000        1.3378381940009290        0.0000000000000000        4.0000000000000002E-004  0.11260000000000001       0.84419999999999995        0.0000000000000000        4.2799999999999998E-002
   102.00000000000000        1.3513306128940239        0.0000000000000000        4.0000000000000002E-004  0.11260000000000001       0.84419999999999995        0.0000000000000000        4.2799999999999998E-002
   103.00000000000000        1.3642250915652632        0.0000000000000000        4.0000000000000002E-004  0.11260000000000001       0.84419999999999995        0.0000000000000000        4.2799999999999998E-002
   104.00000000000000        1.3770266331005965        0.0000000000000000        4.0000000000000002E-004  0.11240000000000000       0.84440000000000004        0.0000000000000000        4.2799999999999998E-002
   105.00000000000000        1.3888705548536440        0.0000000000000000        4.0000000000000002E-004  0.11219999999999999       0.84460000000000002        0.0000000000000000        4.2799999999999998E-002
   106.00000000000000        1.3984693466380214        0.0000000000000000        4.0000000000000002E-004  0.11219999999999999       0.84460000000000002        0.0000000000000000        4.2799999999999998E-002
   107.00000000000000        1.4071935686211858        0.0000000000000000        4.0000000000000002E-004  0.11219999999999999       0.84460000000000002        0.0000000000000000        4.2799999999999998E-002
   108.00000000000000        1.4163483788201972        0.0000000000000000        4.0000000000000002E-004  0.11140000000000000       0.84540000000000004        0.0000000000000000        4.2799999999999998E-002
   109.00000000000000        1.4226031798526657        0.0000000000000000        4.0000000000000002E-004  0.11140000000000000       0.84540000000000004        0.0000000000000000        4.2799999999999998E-002
   110.00000000000000        1.4284345256330411        4.0000000000000002E-004   4.0000000000000002E-004  0.11100000000000000       0.84540000000000004        0.0000000000000000        4.2799999999999998E-002
   111.00000000000000        1.4327711497049056        5.9999999999999995E-004   4.0000000000000002E-004  0.11080000000000000       0.84540000000000004        0.0000000000000000        4.2799999999999998E-002
   112.00000000000000        1.4379849772467186        5.9999999999999995E-004   4.0000000000000002E-004  0.10979999999999999       0.84640000000000004        0.0000000000000000        4.2799999999999998E-002
   113.00000000000000        1.4558747612755851        5.9999999999999995E-004   4.0000000000000002E-004  0.10979999999999999       0.84640000000000004        0.0000000000000000        4.2799999999999998E-002
   114.00000000000000        1.4420742284169976        5.9999999999999995E-004   4.0000000000000002E-004  0.10979999999999999       0.84640000000000004        0.0000000000000000        4.2799999999999998E-002
   115.00000000000000        1.4568550865841146        5.9999999999999995E-004   4.0000000000000002E-004  0.10979999999999999       0.84640000000000004        0.0000000000000000        4.2799999999999998E-002
   116.00000000000000        1.4418348845107041        4.0000000000000002E-004   4.0000000000000002E-004  0.11000000000000000       0.84640000000000004        0.0000000000000000        4.2799999999999998E-002
   117.00000000000000        1.4404999448965621        4.0000000000000002E-004   4.0000000000000002E-004  0.10960000000000000       0.84680000000000000        2.0000000000000001E-004   4.2599999999999999E-002
   118.00000000000000        1.4398723959432140        4.0000000000000002E-004   4.0000000000000002E-004  0.10860000000000000       0.84780000000000000        4.0000000000000002E-004   4.2400000000000000E-002
   119.00000000000000        1.4355104557583052        4.0000000000000002E-004   4.0000000000000002E-004  0.10860000000000000       0.84780000000000000        4.0000000000000002E-004   4.2400000000000000E-002
   120.00000000000000        1.4298852940918716        4.0000000000000002E-004   2.0000000000000001E-004  0.10860000000000000       0.84799999999999998        4.0000000000000002E-004   4.2400000000000000E-002
   121.00000000000000        1.4233670953368536        4.0000000000000002E-004   2.0000000000000001E-004  0.10860000000000000       0.84799999999999998        4.0000000000000002E-004   4.2400000000000000E-002
   122.00000000000000        1.4156254731896434        4.0000000000000002E-004   2.0000000000000001E-004  0.10860000000000000       0.84799999999999998        8.0000000000000004E-004   4.2000000000000003E-002
   123.00000000000000        1.4072335749370581        4.0000000000000002E-004   2.0000000000000001E-004  0.10860000000000000       0.84799999999999998        2.0000000000000000E-003   4.0800000000000003E-002
   124.00000000000000        1.3983581593645074        2.0000000000000001E-004   2.0000000000000001E-004  0.10760000000000000       0.84919999999999995        2.0000000000000000E-003   4.0800000000000003E-002
   125.00000000000000        1.3872878129939168        2.0000000000000001E-004   2.0000000000000001E-004  0.10760000000000000       0.84919999999999995        2.0000000000000000E-003   4.0800000000000003E-002
   126.00000000000000        1.3760895915459972        2.0000000000000001E-004   2.0000000000000001E-004  0.10680000000000001       0.84999999999999998        4.5999999999999999E-003   3.8199999999999998E-002
   127.00000000000000        1.3631160229382704        2.0000000000000001E-004   2.0000000000000001E-004  0.10680000000000001       0.84999999999999998        4.5999999999999999E-003   3.8199999999999998E-002
   128.00000000000000        1.3488168962704343        2.0000000000000001E-004   2.0000000000000001E-004  0.10680000000000001       0.84999999999999998        4.5999999999999999E-003   3.8199999999999998E-002
   129.00000000000000        1.3337762731404303        2.0000000000000001E-004   2.0000000000000001E-004  0.10680000000000001       0.84999999999999998        4.5999999999999999E-003   3.8199999999999998E-002
   130.00000000000000        1.3183948758556125        2.0000000000000001E-004   2.0000000000000001E-004  0.10680000000000001       0.84999999999999998        5.0000000000000001E-003   3.7800000000000000E-002
   131.00000000000000        1.3023786608519055        2.0000000000000001E-004   2.0000000000000001E-004  0.10680000000000001       0.84999999999999998        4.7999999999999996E-003   3.7999999999999999E-002
   132.00000000000000        1.2868222738097330        2.0000000000000001E-004   2.0000000000000001E-004  0.10620000000000000       0.85060000000000002        4.7999999999999996E-003   3.7999999999999999E-002
   133.00000000000000        1.2707334909646677        2.0000000000000001E-004   0.0000000000000000       0.10600000000000000       0.85099999999999998        8.3999999999999995E-003   3.4400000000000000E-002
   134.00000000000000        1.2545228884495949        2.0000000000000001E-004   0.0000000000000000       0.10600000000000000       0.85099999999999998        8.3999999999999995E-003   3.4400000000000000E-002
   135.00000000000000        1.2386749760011939        2.0000000000000001E-004   0.0000000000000000       0.10600000000000000       0.85099999999999998        8.3999999999999995E-003   3.4400000000000000E-002
   136.00000000000000        1.2231167629336548        2.0000000000000001E-004   0.0000000000000000       0.10600000000000000       0.85099999999999998        8.3999999999999995E-003   3.4400000000000000E-002
   137.00000000000000        1.2085525425990422        2.0000000000000001E-004   0.0000000000000000       0.10600000000000000       0.85099999999999998        8.9999999999999993E-003   3.3799999999999997E-002
   138.00000000000000        1.1952438769106200        2.0000000000000001E-004   0.0000000000000000       0.10580000000000001       0.85119999999999996        8.6000000000000000E-003   3.4200000000000001E-002
   139.00000000000000        1.1839123942118390        2.0000000000000001E-004   0.0000000000000000       0.10480000000000000       0.85219999999999996        8.6000000000000000E-003   3.4200000000000001E-002
   140.00000000000000        1.1739291965294218        2.0000000000000001E-004   0.0000000000000000       0.10360000000000000       0.85340000000000005        8.6000000000000000E-003   3.4200000000000001E-002
   141.00000000000000        1.1653099318774087        2.0000000000000001E-004   0.0000000000000000       0.10240000000000000       0.85460000000000003        9.1999999999999998E-003   3.3599999999999998E-002
   142.00000000000000        1.1567702461234586        2.0000000000000001E-004   0.0000000000000000       0.10240000000000000       0.85460000000000003        1.0600000000000000E-002   3.2199999999999999E-002
   143.00000000000000        1.1499434792763481        2.0000000000000001E-004   0.0000000000000000       0.10240000000000000       0.85460000000000003        1.0400000000000000E-002   3.2399999999999998E-002
   144.00000000000000        1.1447606533141350        2.0000000000000001E-004   0.0000000000000000       0.10240000000000000       0.85460000000000003        1.0000000000000000E-002   3.2800000000000003E-002
   145.00000000000000        1.1410290824628582        2.0000000000000001E-004   0.0000000000000000       0.10220000000000000       0.85480000000000000        1.0000000000000000E-002   3.2800000000000003E-002
   146.00000000000000        1.1386990922053071        2.0000000000000001E-004   0.0000000000000000       0.10220000000000000       0.85480000000000000        1.0000000000000000E-002   3.2800000000000003E-002
   147.00000000000000        1.1378436162993548        2.0000000000000001E-004   0.0000000000000000       0.10220000000000000       0.85480000000000000        1.0400000000000000E-002   3.2399999999999998E-002
   148.00000000000000        1.1384744710983559        2.0000000000000001E-004   0.0000000000000000       0.10220000000000000       0.85480000000000000        1.0800000000000001E-002   3.2000000000000001E-002
   149.00000000000000        1.1426847410069394        2.0000000000000001E-004   0.0000000000000000        9.9400000000000002E-002  0.85760000000000003        1.2999999999999999E-002   2.9800000000000000E-002
   150.00000000000000        1.1460264952249173        2.0000000000000001E-004   0.0000000000000000        9.9400000000000002E-002  0.85760000000000003        1.3200000000000000E-002   2.9600000000000001E-002
   151.00000000000000        1.1505615478847542        2.0000000000000001E-004   0.0000000000000000        9.9400000000000002E-002  0.85760000000000003        1.3200000000000000E-002   2.9600000000000001E-002
   152.00000000000000        1.1564697837161770        2.0000000000000001E-004   0.0000000000000000        9.9400000000000002E-002  0.85760000000000003        1.4800000000000001E-002   2.8000000000000001E-002
   153.00000000000000        1.1636074468790396        2.0000000000000001E-004   0.0000000000000000        9.9400000000000002E-002  0.85760000000000003        1.3800000000000000E-002   2.9000000000000001E-002
   154.00000000000000        1.1716474611123147        2.0000000000000001E-004   0.0000000000000000        9.9400000000000002E-002  0.85760000000000003        1.4200000000000001E-002   2.8600000000000000E-002
   155.00000000000000        1.1827972655529355        2.0000000000000001E-004   0.0000000000000000        9.7000000000000003E-002  0.85999999999999999        1.3400000000000000E-002   2.9399999999999999E-002
   156.00000000000000        1.1935429921780565        2.0000000000000001E-004   0.0000000000000000        9.6000000000000002E-002  0.86099999999999999        1.3400000000000000E-002   2.9399999999999999E-002
   157.00000000000000        1.2066751333567569        2.0000000000000001E-004   0.0000000000000000        9.2200000000000004E-002  0.86480000000000001        1.6400000000000001E-002   2.6400000000000000E-002
   158.00000000000000        1.2205354377654312        2.0000000000000001E-004   0.0000000000000000        8.8200000000000001E-002  0.86880000000000002        1.9400000000000001E-002   2.3400000000000001E-002
   159.00000000000000        1.2317406190436810        2.0000000000000001E-004   0.0000000000000000        8.8200000000000001E-002  0.86880000000000002        1.9400000000000001E-002   2.3400000000000001E-002
   160.00000000000000        1.2427577288107787        2.0000000000000001E-004   0.0000000000000000        8.8200000000000001E-002  0.86880000000000002        1.7800000000000000E-002   2.5000000000000001E-002
   161.00000000000000        1.2548867672606234        2.0000000000000001E-004   0.0000000000000000        8.6999999999999994E-002  0.87000000000000000        1.7800000000000000E-002   2.5000000000000001E-002
   162.00000000000000        1.2656057571561719        2.0000000000000001E-004   0.0000000000000000        8.6599999999999996E-002  0.87039999999999995        1.7399999999999999E-002   2.5399999999999999E-002
   163.00000000000000        1.2770060933777208        2.0000000000000001E-004   0.0000000000000000        8.6599999999999996E-002  0.87039999999999995        2.0600000000000000E-002   2.2200000000000001E-002
   164.00000000000000        1.2877477711645215        2.0000000000000001E-004   0.0000000000000000        8.6199999999999999E-002  0.87080000000000002        2.0600000000000000E-002   2.2200000000000001E-002
   165.00000000000000        1.2983198770712534        2.0000000000000001E-004   0.0000000000000000        8.5199999999999998E-002  0.87180000000000002        2.1600000000000001E-002   2.1200000000000000E-002
   166.00000000000000        1.3077368182217308        2.0000000000000001E-004   0.0000000000000000        8.5199999999999998E-002  0.87180000000000002        2.1200000000000000E-002   2.1600000000000001E-002
   167.00000000000000        1.3163747825976895        2.0000000000000001E-004   0.0000000000000000        8.5199999999999998E-002  0.87180000000000002        2.0199999999999999E-002   2.2599999999999999E-002
   168.00000000000000        1.3242626575816498        2.0000000000000001E-004   0.0000000000000000        8.5199999999999998E-002  0.87180000000000002        1.9800000000000002E-002   2.3000000000000000E-002
   169.00000000000000        1.3313721579444462        2.0000000000000001E-004   0.0000000000000000        8.5199999999999998E-002  0.87180000000000002        1.8800000000000001E-002   2.4000000000000000E-002
   170.00000000000000        1.3381516373262494        2.0000000000000001E-004   0.0000000000000000        8.4800000000000000E-002  0.87219999999999998        2.1000000000000001E-002   2.1800000000000000E-002
   171.00000000000000        1.3411761871464096        2.0000000000000001E-004   0.0000000000000000        8.4199999999999997E-002  0.87280000000000002        2.1000000000000001E-002   2.1800000000000000E-002
   172.00000000000000        1.3495398659583637        2.0000000000000001E-004   0.0000000000000000        8.4199999999999997E-002  0.87280000000000002        2.1399999999999999E-002   2.1399999999999999E-002
   173.00000000000000        1.3629027873357433        2.0000000000000001E-004   0.0000000000000000        8.1799999999999998E-002  0.87519999999999998        2.3199999999999998E-002   1.9599999999999999E-002
   174.00000000000000        1.3615602441313495        2.0000000000000001E-004   0.0000000000000000        8.1799999999999998E-002  0.87519999999999998        2.2800000000000001E-002   2.0000000000000000E-002
   175.00000000000000        1.3657026968251298        2.0000000000000001E-004   0.0000000000000000        8.1799999999999998E-002  0.87519999999999998        2.2200000000000001E-002   2.0600000000000000E-002
   176.00000000000000        1.3705668238263400        2.0000000000000001E-004   0.0000000000000000        8.1799999999999998E-002  0.87519999999999998        2.2200000000000001E-002   2.0600000000000000E-002
   177.00000000000000        1.3786378817372400        2.0000000000000001E-004   0.0000000000000000        7.9799999999999996E-002  0.87719999999999998        2.2400000000000000E-002   2.0400000000000001E-002
   178.00000000000000        1.3846765687148164        2.0000000000000001E-004   0.0000000000000000        7.9799999999999996E-002  0.87719999999999998        2.1600000000000001E-002   2.1200000000000000E-002
   179.00000000000000        1.3914986887722802        2.0000000000000001E-004   0.0000000000000000        7.9799999999999996E-002  0.87719999999999998        2.1200000000000000E-002   2.1600000000000001E-002
   180.00000000000000        1.4022503480340001        2.0000000000000001E-004   0.0000000000000000        7.7200000000000005E-002  0.87980000000000003        2.0400000000000001E-002   2.2400000000000000E-002
   181.00000000000000        1.4106085766878325        2.0000000000000001E-004   0.0000000000000000        7.7200000000000005E-002  0.87980000000000003        2.0799999999999999E-002   2.1999999999999999E-002
   182.00000000000000        1.4202570892431710        2.0000000000000001E-004   0.0000000000000000        7.7200000000000005E-002  0.87980000000000003        2.1399999999999999E-002   2.1399999999999999E-002
   183.00000000000000        1.4306269037311783        2.0000000000000001E-004   0.0000000000000000        7.7200000000000005E-002  0.87980000000000003        2.0199999999999999E-002   2.2599999999999999E-002
   184.00000000000000        1.4416681865938215        2.0000000000000001E-004   0.0000000000000000        7.7200000000000005E-002  0.87980000000000003        2.0199999999999999E-002   2.2599999999999999E-002
   185.00000000000000        1.4533508293024158        2.0000000000000001E-004   0.0000000000000000        7.7200000000000005E-002  0.87980000000000003        1.9800000000000002E-002   2.3000000000000000E-002
   186.00000000000000        1.4670865567303217        2.0000000000000001E-004   0.0000000000000000        7.6799999999999993E-002  0.84140000000000004        4.3799999999999999E-002   3.7800000000000000E-002
   187.00000000000000        1.4647374762577152        2.0000000000000001E-004   0.0000000000000000        7.6799999999999993E-002  0.84219999999999995        4.2999999999999997E-002   3.7800000000000000E-002
   188.00000000000000        1.4394587149028450        2.0000000000000001E-004   8.0000000000000004E-004   7.5999999999999998E-002  0.83899999999999997        4.6199999999999998E-002   3.7800000000000000E-002
   189.00000000000000        1.4155774560455976        2.0000000000000001E-004   4.0000000000000002E-004   7.6399999999999996E-002  0.83540000000000003        4.9799999999999997E-002   3.7800000000000000E-002
