#        BMIN =   406
#        BMAX =   411
#     INIBAND =   411
#      NBANDS =   540
#         NSW =  2000
#       POTIM =   1.0
#        TEMP = 300.0
#    NAMDTINI =   626
#    NAMDTIME =  1000
#       NTRAJ =  5000
#        NELM =  1000
#       LHOLE =     T
#        LSHP =     T
#      LCPTXT =     T
#      RUNDIR = ../../run/
   1.0000000000000000        1.5598900582313995        0.0000000000000000        0.0000000000000000        0.0000000000000000        0.0000000000000000        0.0000000000000000        1.0000000000000000     
   2.0000000000000000        1.5572172406585179        0.0000000000000000        0.0000000000000000        0.0000000000000000        2.0000000000000001E-004   0.0000000000000000       0.99980000000000002     
   3.0000000000000000        1.5697049606140909        0.0000000000000000        0.0000000000000000        0.0000000000000000        2.0000000000000001E-004   0.0000000000000000       0.99980000000000002     
   4.0000000000000000        1.5861457801001573        0.0000000000000000        0.0000000000000000        0.0000000000000000        2.0000000000000001E-004   0.0000000000000000       0.99980000000000002     
   5.0000000000000000        1.6053906677289516        0.0000000000000000        0.0000000000000000        0.0000000000000000        2.0000000000000001E-004   1.6000000000000001E-003  0.99819999999999998     
   6.0000000000000000        1.6274431944169574        0.0000000000000000        0.0000000000000000        0.0000000000000000        2.0000000000000001E-004   0.0000000000000000       0.99980000000000002     
   7.0000000000000000        1.6511166503944041        0.0000000000000000        0.0000000000000000        0.0000000000000000        2.0000000000000001E-004   2.0000000000000001E-004  0.99960000000000004     
   8.0000000000000000        1.6757777047348159        0.0000000000000000        0.0000000000000000        0.0000000000000000        2.0000000000000001E-004   3.0000000000000001E-003  0.99680000000000002     
   9.0000000000000000        1.7003996381708437        0.0000000000000000        0.0000000000000000        0.0000000000000000        2.0000000000000001E-004   0.0000000000000000       0.99980000000000002     
   10.000000000000000        1.7237575807200927        0.0000000000000000        0.0000000000000000        0.0000000000000000        2.0000000000000001E-004   4.5999999999999999E-003  0.99519999999999997     
   11.000000000000000        1.7451928309881035        0.0000000000000000        0.0000000000000000        0.0000000000000000        2.0000000000000001E-004   3.5999999999999999E-003  0.99619999999999997     
   12.000000000000000        1.7635941607211443        0.0000000000000000        0.0000000000000000        0.0000000000000000        2.0000000000000001E-004   7.7999999999999996E-003  0.99199999999999999     
   13.000000000000000        1.7787230646750962        0.0000000000000000        0.0000000000000000        0.0000000000000000        2.0000000000000001E-004   7.7999999999999996E-003  0.99199999999999999     
   14.000000000000000        1.7886667671856993        0.0000000000000000        0.0000000000000000        0.0000000000000000        2.0000000000000001E-004   1.2800000000000001E-002  0.98699999999999999     
   15.000000000000000        1.7959130120028712        0.0000000000000000        0.0000000000000000        0.0000000000000000        2.0000000000000001E-004   1.8200000000000001E-002  0.98160000000000003     
   16.000000000000000        1.7966236825764650        0.0000000000000000        0.0000000000000000        0.0000000000000000        2.0000000000000001E-004   1.8200000000000001E-002  0.98160000000000003     
   17.000000000000000        1.7931460647317572        0.0000000000000000        0.0000000000000000        0.0000000000000000        2.0000000000000001E-004   1.2999999999999999E-002  0.98680000000000001     
   18.000000000000000        1.7850042816649474        0.0000000000000000        0.0000000000000000        0.0000000000000000        2.0000000000000001E-004   1.6000000000000000E-002  0.98380000000000001     
   19.000000000000000        1.7704079415776710        0.0000000000000000        0.0000000000000000        0.0000000000000000        2.0000000000000001E-004   1.3200000000000000E-002  0.98660000000000003     
   20.000000000000000        1.7520904718872483        0.0000000000000000        0.0000000000000000        0.0000000000000000        2.0000000000000001E-004   1.1200000000000000E-002  0.98860000000000003     
   21.000000000000000        1.7287528126050467        0.0000000000000000        0.0000000000000000        0.0000000000000000        2.0000000000000001E-004   1.0000000000000000E-002  0.98980000000000001     
   22.000000000000000        1.7026101010090584        0.0000000000000000        0.0000000000000000        0.0000000000000000        2.0000000000000001E-004   8.6000000000000000E-003  0.99119999999999997     
   23.000000000000000        1.6731425029546012        0.0000000000000000        0.0000000000000000        0.0000000000000000        2.0000000000000001E-004   8.6000000000000000E-003  0.99119999999999997     
   24.000000000000000        1.6408440694827857        0.0000000000000000        0.0000000000000000        0.0000000000000000        2.0000000000000001E-004   9.5999999999999992E-003  0.99019999999999997     
   25.000000000000000        1.6076630261070384        0.0000000000000000        0.0000000000000000        0.0000000000000000        2.0000000000000001E-004   1.2000000000000000E-002  0.98780000000000001     
   26.000000000000000        1.5724155000096045        0.0000000000000000        0.0000000000000000        0.0000000000000000        2.0000000000000001E-004   9.5999999999999992E-003  0.99019999999999997     
   27.000000000000000        1.5380301829022567        0.0000000000000000        0.0000000000000000        0.0000000000000000        2.0000000000000001E-004   1.2200000000000001E-002  0.98760000000000003     
   28.000000000000000        1.5049140970914983        0.0000000000000000        0.0000000000000000        0.0000000000000000        2.0000000000000001E-004   1.1200000000000000E-002  0.98860000000000003     
   29.000000000000000        1.4745941177397972        0.0000000000000000        0.0000000000000000        0.0000000000000000        2.0000000000000001E-004   1.2000000000000000E-002  0.98780000000000001     
   30.000000000000000        1.4461404047165836        0.0000000000000000        0.0000000000000000        0.0000000000000000        2.0000000000000001E-004   1.2200000000000001E-002  0.98760000000000003     
   31.000000000000000        1.4237408096306390        0.0000000000000000        0.0000000000000000        0.0000000000000000        2.0000000000000001E-004   1.2600000000000000E-002  0.98719999999999997     
   32.000000000000000        1.4034876712725004        0.0000000000000000        0.0000000000000000        0.0000000000000000        4.3799999999999999E-002   1.5400000000000000E-002  0.94079999999999997     
   33.000000000000000        1.3894862105955943        0.0000000000000000        0.0000000000000000        0.0000000000000000        4.8000000000000001E-002   0.0000000000000000       0.95199999999999996     
   34.000000000000000        1.3885740785330645        0.0000000000000000        0.0000000000000000        0.0000000000000000        5.0999999999999997E-002   0.0000000000000000       0.94899999999999995     
   35.000000000000000        1.3838985513269071        0.0000000000000000        0.0000000000000000        0.0000000000000000        6.0600000000000001E-002  0.84599999999999997        9.3399999999999997E-002
   36.000000000000000        1.3827924759793360        0.0000000000000000        0.0000000000000000        0.0000000000000000        2.9600000000000001E-002  0.97040000000000004        0.0000000000000000     
   37.000000000000000        1.4013338780225431        0.0000000000000000        0.0000000000000000        0.0000000000000000        2.9600000000000001E-002  0.97040000000000004        0.0000000000000000     
   38.000000000000000        1.4261648334219379        0.0000000000000000        0.0000000000000000        0.0000000000000000        2.9600000000000001E-002  0.97040000000000004        0.0000000000000000     
   39.000000000000000        1.4434408253162414        0.0000000000000000        0.0000000000000000        0.0000000000000000        6.6799999999999998E-002  0.85999999999999999        7.3200000000000001E-002
   40.000000000000000        1.4208104356535809        0.0000000000000000        0.0000000000000000        0.0000000000000000        5.6800000000000003E-002  0.85999999999999999        8.3199999999999996E-002
   41.000000000000000        1.7260449220331799        0.0000000000000000        0.0000000000000000        0.0000000000000000        5.6399999999999999E-002  0.92579999999999996        1.7800000000000000E-002
   42.000000000000000        1.5556780956402192        0.0000000000000000        0.0000000000000000        0.0000000000000000        5.6399999999999999E-002  0.92659999999999998        1.7000000000000001E-002
   43.000000000000000        1.5946334093127739        0.0000000000000000        0.0000000000000000        0.0000000000000000        5.5399999999999998E-002  0.69920000000000004       0.24540000000000001     
   44.000000000000000        1.6922218414159529        0.0000000000000000        0.0000000000000000        0.0000000000000000        5.6200000000000000E-002  0.69840000000000002       0.24540000000000001     
   45.000000000000000        1.6974600255281751        0.0000000000000000        0.0000000000000000        0.0000000000000000        5.6800000000000003E-002  0.69779999999999998       0.24540000000000001     
   46.000000000000000        1.7177804582984129        0.0000000000000000        0.0000000000000000        0.0000000000000000        5.8200000000000002E-002  0.21500000000000000       0.72680000000000000     
   47.000000000000000        1.7422906207796187        0.0000000000000000        0.0000000000000000        0.0000000000000000        5.8200000000000002E-002  0.20240000000000000       0.73939999999999995     
   48.000000000000000        1.7958508000774982        0.0000000000000000        0.0000000000000000        0.0000000000000000        5.8200000000000002E-002  0.20240000000000000       0.73939999999999995     
   49.000000000000000        1.8267224317475079        0.0000000000000000        0.0000000000000000        0.0000000000000000        5.8200000000000002E-002  0.19939999999999999       0.74239999999999995     
   50.000000000000000        1.8453551777850337        0.0000000000000000        0.0000000000000000        0.0000000000000000        5.8200000000000002E-002  0.21020000000000000       0.73160000000000003     
   51.000000000000000        1.8676613144574099        0.0000000000000000        0.0000000000000000        0.0000000000000000        5.8200000000000002E-002  0.21320000000000000       0.72860000000000003     
   52.000000000000000        1.8802137510223085        0.0000000000000000        0.0000000000000000        0.0000000000000000        5.8200000000000002E-002  0.21299999999999999       0.72880000000000000     
   53.000000000000000        1.8886883925771383        0.0000000000000000        0.0000000000000000        0.0000000000000000        5.8200000000000002E-002  0.21320000000000000       0.72860000000000003     
   54.000000000000000        1.8905671437495806        0.0000000000000000        0.0000000000000000        0.0000000000000000        5.8200000000000002E-002  0.21320000000000000       0.72860000000000003     
   55.000000000000000        1.8907381350680532        0.0000000000000000        0.0000000000000000        0.0000000000000000        5.8200000000000002E-002  0.21060000000000001       0.73119999999999996     
   56.000000000000000        1.8867408477737930        0.0000000000000000        0.0000000000000000        0.0000000000000000        5.8200000000000002E-002  0.21160000000000001       0.73019999999999996     
   57.000000000000000        1.8717261703699948        0.0000000000000000        0.0000000000000000        0.0000000000000000        5.8200000000000002E-002  0.21220000000000000       0.72960000000000003     
   58.000000000000000        1.8534082375550827        0.0000000000000000        0.0000000000000000        0.0000000000000000        5.8200000000000002E-002  0.20899999999999999       0.73280000000000001     
   59.000000000000000        1.8439976571060561        0.0000000000000000        0.0000000000000000        0.0000000000000000        5.8200000000000002E-002  0.21400000000000000       0.72780000000000000     
   60.000000000000000        1.8100370906036005        0.0000000000000000        0.0000000000000000        0.0000000000000000        5.8200000000000002E-002  0.30759999999999998       0.63419999999999999     
   61.000000000000000        2.1444929793981986        0.0000000000000000        0.0000000000000000        0.0000000000000000       0.19280000000000000       0.17299999999999999       0.63419999999999999     
   62.000000000000000        1.7296925525429343        0.0000000000000000        0.0000000000000000        0.0000000000000000       0.19280000000000000       0.17219999999999999       0.63500000000000001     
   63.000000000000000        1.7071728596732094        0.0000000000000000        0.0000000000000000        0.0000000000000000       0.19280000000000000       0.17380000000000001       0.63339999999999996     
   64.000000000000000        1.6832316417279825        0.0000000000000000        0.0000000000000000        0.0000000000000000       0.19280000000000000       0.17399999999999999       0.63319999999999999     
   65.000000000000000        1.6649992507994806        0.0000000000000000        0.0000000000000000        0.0000000000000000       0.19280000000000000       0.17399999999999999       0.63319999999999999     
   66.000000000000000        1.6466202315508878        0.0000000000000000        0.0000000000000000        0.0000000000000000       0.19280000000000000       0.17480000000000001       0.63239999999999996     
   67.000000000000000        1.6306852869946100        0.0000000000000000        0.0000000000000000        0.0000000000000000       0.19280000000000000       0.17480000000000001       0.63239999999999996     
   68.000000000000000        1.6131660760572941        0.0000000000000000        0.0000000000000000        0.0000000000000000       0.19280000000000000       0.17480000000000001       0.63239999999999996     
   69.000000000000000        1.6032893325771544        0.0000000000000000        0.0000000000000000        0.0000000000000000       0.19280000000000000       0.17499999999999999       0.63219999999999998     
   70.000000000000000        1.5965710934467088        0.0000000000000000        0.0000000000000000        0.0000000000000000       0.19280000000000000       0.17499999999999999       0.63219999999999998     
   71.000000000000000        1.5933937438714914        0.0000000000000000        0.0000000000000000        0.0000000000000000       0.19280000000000000       0.17499999999999999       0.63219999999999998     
   72.000000000000000        1.5928935793415828        0.0000000000000000        0.0000000000000000        0.0000000000000000       0.19280000000000000       0.17519999999999999       0.63200000000000001     
   73.000000000000000        1.5955551714267131        0.0000000000000000        0.0000000000000000        0.0000000000000000       0.19280000000000000       0.19700000000000001       0.61019999999999996     
   74.000000000000000        1.6010106624364242        0.0000000000000000        0.0000000000000000        0.0000000000000000       0.19280000000000000       0.14760000000000001       0.65959999999999996     
   75.000000000000000        1.6087487461941095        0.0000000000000000        0.0000000000000000        0.0000000000000000       0.19280000000000000       0.15140000000000001       0.65580000000000005     
   76.000000000000000        1.6186390672818145        0.0000000000000000        0.0000000000000000        0.0000000000000000       0.19280000000000000       0.14979999999999999       0.65739999999999998     
   77.000000000000000        1.6297944761510297        0.0000000000000000        0.0000000000000000        0.0000000000000000       0.19280000000000000       0.14940000000000001       0.65780000000000005     
   78.000000000000000        1.6414408008973407        0.0000000000000000        0.0000000000000000        0.0000000000000000       0.19280000000000000       0.14899999999999999       0.65820000000000001     
   79.000000000000000        1.6534305438714758        0.0000000000000000        0.0000000000000000        0.0000000000000000       0.19280000000000000       0.14940000000000001       0.65780000000000005     
   80.000000000000000        1.6667582257884079        0.0000000000000000        0.0000000000000000        0.0000000000000000       0.19280000000000000       0.14920000000000000       0.65800000000000003     
   81.000000000000000        1.6769386263774870        0.0000000000000000        0.0000000000000000        0.0000000000000000       0.19280000000000000       0.14920000000000000       0.65800000000000003     
   82.000000000000000        1.6874691766298560        0.0000000000000000        0.0000000000000000        0.0000000000000000       0.19280000000000000       0.14920000000000000       0.65800000000000003     
   83.000000000000000        1.6968703058317307        0.0000000000000000        0.0000000000000000        0.0000000000000000       0.19280000000000000       0.14920000000000000       0.65800000000000003     
   84.000000000000000        1.7065282819407521        0.0000000000000000        0.0000000000000000        0.0000000000000000       0.19280000000000000       0.14920000000000000       0.65800000000000003     
   85.000000000000000        1.7105681295594493        0.0000000000000000        0.0000000000000000        0.0000000000000000       0.19280000000000000       0.14920000000000000       0.65800000000000003     
   86.000000000000000        1.7158027121933375        0.0000000000000000        0.0000000000000000        0.0000000000000000       0.19280000000000000       0.14920000000000000       0.65800000000000003     
   87.000000000000000        1.7198982925018080        0.0000000000000000        0.0000000000000000        0.0000000000000000       0.19280000000000000       0.14920000000000000       0.65800000000000003     
   88.000000000000000        1.7194766040139526        0.0000000000000000        0.0000000000000000        0.0000000000000000       0.19280000000000000       0.14920000000000000       0.65800000000000003     
   89.000000000000000        1.7185497973754391        0.0000000000000000        0.0000000000000000        0.0000000000000000       0.19280000000000000       0.14920000000000000       0.65800000000000003     
   90.000000000000000        1.7157039213508316        0.0000000000000000        0.0000000000000000        0.0000000000000000       0.19280000000000000       0.14899999999999999       0.65820000000000001     
   91.000000000000000        1.7077988061995650        0.0000000000000000        0.0000000000000000        0.0000000000000000       0.19280000000000000       0.14899999999999999       0.65820000000000001     
   92.000000000000000        1.7056728003047301        0.0000000000000000        0.0000000000000000        0.0000000000000000       0.19280000000000000       0.14920000000000000       0.65800000000000003     
   93.000000000000000        1.6986982794200662        0.0000000000000000        0.0000000000000000        0.0000000000000000       0.19280000000000000       0.14899999999999999       0.65820000000000001     
   94.000000000000000        1.6916825544028828        0.0000000000000000        0.0000000000000000        0.0000000000000000       0.19280000000000000       0.14899999999999999       0.65820000000000001     
   95.000000000000000        1.6820086513756729        0.0000000000000000        0.0000000000000000        0.0000000000000000       0.19280000000000000       0.14899999999999999       0.65820000000000001     
   96.000000000000000        1.6734124823630760        0.0000000000000000        0.0000000000000000        0.0000000000000000       0.19280000000000000       0.14860000000000001       0.65859999999999996     
   97.000000000000000        1.6649634585023787        0.0000000000000000        0.0000000000000000        0.0000000000000000       0.19280000000000000       0.15179999999999999       0.65539999999999998     
   98.000000000000000        1.6574782289866543        0.0000000000000000        0.0000000000000000        0.0000000000000000       0.19280000000000000       0.15640000000000001       0.65080000000000005     
   99.000000000000000        1.6519906701535945        0.0000000000000000        0.0000000000000000        0.0000000000000000       0.19280000000000000       0.15340000000000001       0.65380000000000005     
   100.00000000000000        1.6469189085132161        0.0000000000000000        0.0000000000000000        0.0000000000000000       0.19280000000000000       0.15800000000000000       0.64920000000000000     
   101.00000000000000        1.6442209267797323        0.0000000000000000        0.0000000000000000        0.0000000000000000       0.19280000000000000       0.15220000000000000       0.65500000000000003     
   102.00000000000000        1.6437891435231546        0.0000000000000000        0.0000000000000000        0.0000000000000000       0.19280000000000000       0.15479999999999999       0.65239999999999998     
   103.00000000000000        1.6458768127683805        0.0000000000000000        0.0000000000000000        0.0000000000000000       0.19280000000000000       0.15700000000000000       0.65020000000000000     
   104.00000000000000        1.6500844347356014        0.0000000000000000        0.0000000000000000        0.0000000000000000       0.19280000000000000       0.15659999999999999       0.65059999999999996     
   105.00000000000000        1.6559038030679665        0.0000000000000000        0.0000000000000000        0.0000000000000000       0.19280000000000000       0.16719999999999999       0.64000000000000001     
   106.00000000000000        1.6644284584223428        0.0000000000000000        0.0000000000000000        0.0000000000000000       0.19280000000000000       0.17160000000000000       0.63560000000000005     
   107.00000000000000        1.6739067017026568        0.0000000000000000        0.0000000000000000        0.0000000000000000       0.19280000000000000       0.17119999999999999       0.63600000000000001     
   108.00000000000000        1.6835900784766391        0.0000000000000000        0.0000000000000000        0.0000000000000000       0.19280000000000000       0.16719999999999999       0.64000000000000001     
   109.00000000000000        1.6941168115364709        0.0000000000000000        0.0000000000000000        0.0000000000000000       0.19280000000000000       0.16839999999999999       0.63880000000000003     
   110.00000000000000        1.7049523207836428        0.0000000000000000        0.0000000000000000        0.0000000000000000       0.19280000000000000       0.16839999999999999       0.63880000000000003     
   111.00000000000000        1.7141974374934861        0.0000000000000000        0.0000000000000000        0.0000000000000000       0.19280000000000000       0.16839999999999999       0.63880000000000003     
   112.00000000000000        1.7216274416247135        0.0000000000000000        0.0000000000000000        0.0000000000000000       0.19280000000000000       0.16819999999999999       0.63900000000000001     
   113.00000000000000        1.7274110578656856        0.0000000000000000        0.0000000000000000        0.0000000000000000       0.19280000000000000       0.16860000000000000       0.63859999999999995     
   114.00000000000000        1.7300023587814273        0.0000000000000000        0.0000000000000000        0.0000000000000000       0.19280000000000000       0.16860000000000000       0.63859999999999995     
   115.00000000000000        1.7897227227573196        0.0000000000000000        0.0000000000000000        0.0000000000000000       0.12759999999999999       0.22960000000000000       0.64280000000000004     
   116.00000000000000        1.9388301476044547        0.0000000000000000        0.0000000000000000        2.0000000000000000E-003  0.14319999999999999       0.21340000000000001       0.64139999999999997     
   117.00000000000000        2.1419963750914688        0.0000000000000000        0.0000000000000000        1.6000000000000001E-003  0.26419999999999999        6.2399999999999997E-002  0.67179999999999995     
   118.00000000000000        1.9454149298192998        0.0000000000000000        0.0000000000000000        2.0000000000000001E-004  0.25860000000000000        6.9400000000000003E-002  0.67179999999999995     
   119.00000000000000        1.8247256472227782        0.0000000000000000        0.0000000000000000        2.0000000000000001E-004  0.29180000000000000        2.4600000000000000E-002  0.68340000000000001     
   120.00000000000000        1.9828349721029590        0.0000000000000000        0.0000000000000000        1.4000000000000000E-003  0.21859999999999999        0.0000000000000000       0.78000000000000003     
   121.00000000000000        1.6740543261922924        0.0000000000000000        0.0000000000000000        1.4000000000000000E-003  0.21859999999999999        0.0000000000000000       0.78000000000000003     
   122.00000000000000        1.6212007799478143        0.0000000000000000        0.0000000000000000        1.4000000000000000E-003  0.21859999999999999        0.0000000000000000       0.78000000000000003     
   123.00000000000000        1.5974758712828148        0.0000000000000000        0.0000000000000000        1.1999999999999999E-003  0.21879999999999999        0.0000000000000000       0.78000000000000003     
   124.00000000000000        1.5716636732038660        0.0000000000000000        0.0000000000000000        1.1999999999999999E-003  0.21879999999999999        0.0000000000000000       0.78000000000000003     
   125.00000000000000        1.5447427607947817        0.0000000000000000        0.0000000000000000        1.1999999999999999E-003  0.21879999999999999        0.0000000000000000       0.78000000000000003     
   126.00000000000000        1.5170221998769033        0.0000000000000000        0.0000000000000000        1.1999999999999999E-003  0.21879999999999999        0.0000000000000000       0.78000000000000003     
   127.00000000000000        1.4897259161304426        0.0000000000000000        0.0000000000000000        1.1999999999999999E-003  0.21879999999999999        0.0000000000000000       0.78000000000000003     
   128.00000000000000        1.4632960791754954        0.0000000000000000        0.0000000000000000        1.0000000000000000E-003  0.21900000000000000        0.0000000000000000       0.78000000000000003     
   129.00000000000000        1.4380613052170299        0.0000000000000000        0.0000000000000000        1.0000000000000000E-003  0.21900000000000000        4.0000000000000002E-004  0.77959999999999996     
   130.00000000000000        1.4157430891127938        0.0000000000000000        0.0000000000000000        1.0000000000000000E-003  0.21900000000000000        2.0000000000000000E-003  0.77800000000000002     
   131.00000000000000        1.3961199467995451        0.0000000000000000        0.0000000000000000        1.0000000000000000E-003  0.21900000000000000        1.4000000000000000E-003  0.77859999999999996     
   132.00000000000000        1.3801594788455993        0.0000000000000000        0.0000000000000000        1.0000000000000000E-003  0.21900000000000000        1.4000000000000000E-002  0.76600000000000001     
   133.00000000000000        1.3690484032095984        0.0000000000000000        0.0000000000000000        1.0000000000000000E-003  0.21920000000000001        0.0000000000000000       0.77980000000000005     
   134.00000000000000        1.3646910211215340        0.0000000000000000        0.0000000000000000        1.0000000000000000E-003  0.15120000000000000        9.0600000000000000E-002  0.75719999999999998     
   135.00000000000000        1.3642961760167982        0.0000000000000000        0.0000000000000000        1.0000000000000000E-003  0.15120000000000000        9.0600000000000000E-002  0.75719999999999998     
   136.00000000000000        1.3771263419310804        0.0000000000000000        0.0000000000000000        1.0000000000000000E-003  0.15060000000000001        9.1200000000000003E-002  0.75719999999999998     
   137.00000000000000        1.3918045802483490        0.0000000000000000        0.0000000000000000        1.0000000000000000E-003  0.15060000000000001        9.1200000000000003E-002  0.75719999999999998     
   138.00000000000000        1.4080153588262734        0.0000000000000000        0.0000000000000000        1.0000000000000000E-003  0.15060000000000001        9.1200000000000003E-002  0.75719999999999998     
   139.00000000000000        1.4217504185602809        0.0000000000000000        0.0000000000000000        1.0000000000000000E-003  0.15040000000000001       0.40239999999999998       0.44619999999999999     
   140.00000000000000        1.4458267334918888        0.0000000000000000        0.0000000000000000        1.0000000000000000E-003   4.0000000000000002E-004  0.55559999999999998       0.44300000000000000     
   141.00000000000000        1.4755643908663996        0.0000000000000000        0.0000000000000000        1.0000000000000000E-003   4.0000000000000002E-004  0.56200000000000006       0.43659999999999999     
   142.00000000000000        1.5128198744859498        0.0000000000000000        0.0000000000000000        1.0000000000000000E-003   4.0000000000000002E-004  0.56100000000000005       0.43759999999999999     
   143.00000000000000        1.5533019720932155        0.0000000000000000        0.0000000000000000        1.0000000000000000E-003   4.0000000000000002E-004  0.55659999999999998       0.44200000000000000     
   144.00000000000000        1.5941919649233873        0.0000000000000000        0.0000000000000000        1.0000000000000000E-003   4.0000000000000002E-004  0.55620000000000003       0.44240000000000002     
   145.00000000000000        1.6355053558092967        0.0000000000000000        0.0000000000000000        1.0000000000000000E-003   4.0000000000000002E-004  0.55620000000000003       0.44240000000000002     
   146.00000000000000        1.6751473183276895        0.0000000000000000        0.0000000000000000        1.0000000000000000E-003   4.0000000000000002E-004  0.55620000000000003       0.44240000000000002     
   147.00000000000000        1.7139188842464312        0.0000000000000000        0.0000000000000000        1.0000000000000000E-003   4.0000000000000002E-004  0.55679999999999996       0.44180000000000003     
   148.00000000000000        1.7495287025167303        0.0000000000000000        0.0000000000000000        1.0000000000000000E-003   4.0000000000000002E-004  0.55720000000000003       0.44140000000000001     
   149.00000000000000        1.7802511853487610        0.0000000000000000        0.0000000000000000        1.0000000000000000E-003   4.0000000000000002E-004  0.56040000000000001       0.43819999999999998     
   150.00000000000000        1.8074235889406838        0.0000000000000000        0.0000000000000000        1.0000000000000000E-003   4.0000000000000002E-004  0.56340000000000001       0.43519999999999998     
   151.00000000000000        1.8289936175691368        0.0000000000000000        0.0000000000000000        1.0000000000000000E-003   4.0000000000000002E-004  0.55479999999999996       0.44379999999999997     
   152.00000000000000        1.8451580247843742        0.0000000000000000        0.0000000000000000        1.0000000000000000E-003   4.0000000000000002E-004  0.56040000000000001       0.43819999999999998     
   153.00000000000000        1.8556561166345289        0.0000000000000000        0.0000000000000000        1.0000000000000000E-003   4.0000000000000002E-004  0.55600000000000005       0.44259999999999999     
   154.00000000000000        1.8456140304364137        0.0000000000000000        0.0000000000000000        1.0000000000000000E-003   4.0000000000000002E-004  0.57199999999999995       0.42659999999999998     
   155.00000000000000        1.8596320276790999        0.0000000000000000        0.0000000000000000        1.0000000000000000E-003   4.0000000000000002E-004  0.56840000000000002       0.43020000000000003     
   156.00000000000000        1.8391811650138670        0.0000000000000000        0.0000000000000000        1.0000000000000000E-003   4.0000000000000002E-004  0.56840000000000002       0.43020000000000003     
   157.00000000000000        1.8418313114940532        0.0000000000000000        0.0000000000000000        1.0000000000000000E-003   4.0000000000000002E-004  0.55559999999999998       0.44300000000000000     
   158.00000000000000        1.8254161518116758        0.0000000000000000        0.0000000000000000        1.0000000000000000E-003   4.0000000000000002E-004  0.57240000000000002       0.42620000000000002     
   159.00000000000000        1.8038175688449498        0.0000000000000000        0.0000000000000000        1.0000000000000000E-003   4.0000000000000002E-004  0.58479999999999999       0.41380000000000000     
   160.00000000000000        1.7805018026327095        0.0000000000000000        0.0000000000000000        1.0000000000000000E-003   4.0000000000000002E-004  0.59319999999999995       0.40539999999999998     
   161.00000000000000        1.7552122905755940        0.0000000000000000        0.0000000000000000        1.0000000000000000E-003   4.0000000000000002E-004  0.59040000000000004       0.40820000000000001     
   162.00000000000000        1.7283968048258540        0.0000000000000000        0.0000000000000000        1.0000000000000000E-003   4.0000000000000002E-004  0.55559999999999998       0.44300000000000000     
   163.00000000000000        1.7006897570343464        0.0000000000000000        0.0000000000000000        1.0000000000000000E-003   4.0000000000000002E-004  0.58140000000000003       0.41720000000000002     
   164.00000000000000        1.6726670514582529        0.0000000000000000        0.0000000000000000        1.0000000000000000E-003   4.0000000000000002E-004  0.62439999999999996       0.37419999999999998     
   165.00000000000000        1.6486476823233240        0.0000000000000000        0.0000000000000000        1.0000000000000000E-003   4.0000000000000002E-004  0.58379999999999999       0.41480000000000000     
   166.00000000000000        1.6268007871164554        0.0000000000000000        0.0000000000000000        1.0000000000000000E-003   4.0000000000000002E-004  0.53159999999999996       0.46700000000000003     
   167.00000000000000        1.6069521141260612        0.0000000000000000        0.0000000000000000        1.0000000000000000E-003   4.0000000000000002E-004  0.60380000000000000       0.39479999999999998     
   168.00000000000000        1.5918863130546075        0.0000000000000000        0.0000000000000000        1.0000000000000000E-003   4.0000000000000002E-004  0.60399999999999998       0.39460000000000001     
   169.00000000000000        1.5811215021181368        0.0000000000000000        0.0000000000000000        1.0000000000000000E-003   4.0000000000000002E-004  0.60399999999999998       0.39460000000000001     
   170.00000000000000        1.5746208331746496        0.0000000000000000        0.0000000000000000        1.0000000000000000E-003   4.0000000000000002E-004  0.60440000000000005       0.39419999999999999     
   171.00000000000000        1.5724233012996147        0.0000000000000000        0.0000000000000000        1.0000000000000000E-003   4.0000000000000002E-004  0.60780000000000001       0.39079999999999998     
   172.00000000000000        1.5751670930915629        0.0000000000000000        0.0000000000000000        1.0000000000000000E-003   4.0000000000000002E-004  0.55220000000000002       0.44640000000000002     
   173.00000000000000        1.5822483907711868        0.0000000000000000        0.0000000000000000        1.0000000000000000E-003   4.0000000000000002E-004  0.50139999999999996       0.49719999999999998     
   174.00000000000000        1.5916128221879320        0.0000000000000000        0.0000000000000000        1.0000000000000000E-003   4.0000000000000002E-004  0.55379999999999996       0.44479999999999997     
   175.00000000000000        1.6044830622003450        0.0000000000000000        0.0000000000000000        1.0000000000000000E-003   4.0000000000000002E-004  0.54759999999999998       0.45100000000000001     
   176.00000000000000        1.6198238731213845        0.0000000000000000        0.0000000000000000        1.0000000000000000E-003   4.0000000000000002E-004  0.54679999999999995       0.45179999999999998     
   177.00000000000000        1.6372850139143891        0.0000000000000000        0.0000000000000000        1.0000000000000000E-003   4.0000000000000002E-004  0.52480000000000004       0.47380000000000000     
   178.00000000000000        1.6552493629780836        0.0000000000000000        0.0000000000000000        1.0000000000000000E-003   4.0000000000000002E-004  0.55140000000000000       0.44719999999999999     
   179.00000000000000        1.6744151664563165        0.0000000000000000        0.0000000000000000        1.0000000000000000E-003   4.0000000000000002E-004  0.54600000000000004       0.45260000000000000     
   180.00000000000000        1.6938943104705650        0.0000000000000000        0.0000000000000000        1.0000000000000000E-003   4.0000000000000002E-004  0.54500000000000004       0.45360000000000000     
   181.00000000000000        1.7128089161078077        0.0000000000000000        0.0000000000000000        1.0000000000000000E-003   4.0000000000000002E-004  0.53820000000000001       0.46039999999999998     
   182.00000000000000        1.7311073204242651        0.0000000000000000        0.0000000000000000        1.0000000000000000E-003   4.0000000000000002E-004  0.54920000000000002       0.44940000000000002     
   183.00000000000000        1.7479535510796422        0.0000000000000000        0.0000000000000000        1.0000000000000000E-003   4.0000000000000002E-004  0.56820000000000004       0.43040000000000000     
   184.00000000000000        1.7636547334895374        0.0000000000000000        0.0000000000000000        1.0000000000000000E-003   4.0000000000000002E-004  0.55640000000000001       0.44219999999999998     
   185.00000000000000        1.7780116537472126        0.0000000000000000        0.0000000000000000        1.0000000000000000E-003   4.0000000000000002E-004  0.53459999999999996       0.46400000000000002     
   186.00000000000000        1.7899129950323636        0.0000000000000000        0.0000000000000000        1.0000000000000000E-003   4.0000000000000002E-004  0.53779999999999994       0.46079999999999999     
   187.00000000000000        1.7996904901502659        0.0000000000000000        0.0000000000000000        1.0000000000000000E-003   4.0000000000000002E-004  0.53800000000000003       0.46060000000000001     
   188.00000000000000        1.8070823579028015        0.0000000000000000        0.0000000000000000        1.0000000000000000E-003   4.0000000000000002E-004  0.55340000000000000       0.44519999999999998     
   189.00000000000000        1.8119201599508652        0.0000000000000000        0.0000000000000000        1.0000000000000000E-003   4.0000000000000002E-004  0.55740000000000001       0.44119999999999998     
