#        BMIN =   406
#        BMAX =   411
#     INIBAND =   409
#      NBANDS =   540
#         NSW =  2000
#       POTIM =   1.0
#        TEMP = 300.0
#    NAMDTINI =   867
#    NAMDTIME =  1000
#       NTRAJ =  5000
#        NELM =  1000
#       LHOLE =     T
#        LSHP =     T
#      LCPTXT =     T
#      RUNDIR = ../../run/
   1.0000000000000000        1.5528675147643309        0.0000000000000000        0.0000000000000000        0.0000000000000000        1.0000000000000000        0.0000000000000000        0.0000000000000000     
   2.0000000000000000        1.5334321769944679        0.0000000000000000        0.0000000000000000        0.0000000000000000        1.0000000000000000        0.0000000000000000        0.0000000000000000     
   3.0000000000000000        1.5121959632526962        0.0000000000000000        0.0000000000000000        0.0000000000000000        1.0000000000000000        0.0000000000000000        0.0000000000000000     
   4.0000000000000000        1.4905001065883270        0.0000000000000000        0.0000000000000000        0.0000000000000000        1.0000000000000000        0.0000000000000000        0.0000000000000000     
   5.0000000000000000        1.4705924253298419        0.0000000000000000        0.0000000000000000        0.0000000000000000        1.0000000000000000        0.0000000000000000        0.0000000000000000     
   6.0000000000000000        1.4511323333265249        0.0000000000000000        0.0000000000000000        0.0000000000000000        1.0000000000000000        0.0000000000000000        0.0000000000000000     
   7.0000000000000000        1.4326698408259495        0.0000000000000000        0.0000000000000000        0.0000000000000000        1.0000000000000000        0.0000000000000000        0.0000000000000000     
   8.0000000000000000        1.4158956761680535        0.0000000000000000        0.0000000000000000        0.0000000000000000        1.0000000000000000        0.0000000000000000        0.0000000000000000     
   9.0000000000000000        1.3991289020308497        0.0000000000000000        0.0000000000000000        0.0000000000000000        1.0000000000000000        0.0000000000000000        0.0000000000000000     
   10.000000000000000        1.3893080822667039        0.0000000000000000        0.0000000000000000        0.0000000000000000        1.0000000000000000        0.0000000000000000        0.0000000000000000     
   11.000000000000000        1.3790290779229633        0.0000000000000000        0.0000000000000000        0.0000000000000000        1.0000000000000000        0.0000000000000000        0.0000000000000000     
   12.000000000000000        1.3712142603056268        0.0000000000000000        0.0000000000000000        0.0000000000000000        1.0000000000000000        0.0000000000000000        0.0000000000000000     
   13.000000000000000        1.3674667835963530        0.0000000000000000        0.0000000000000000        0.0000000000000000        1.0000000000000000        0.0000000000000000        0.0000000000000000     
   14.000000000000000        1.3643623267363740        0.0000000000000000        0.0000000000000000        0.0000000000000000        1.0000000000000000        0.0000000000000000        0.0000000000000000     
   15.000000000000000        1.3649534012858480        0.0000000000000000        0.0000000000000000        0.0000000000000000        1.0000000000000000        0.0000000000000000        0.0000000000000000     
   16.000000000000000        1.3685445408960066        0.0000000000000000        0.0000000000000000        0.0000000000000000        1.0000000000000000        0.0000000000000000        0.0000000000000000     
   17.000000000000000        1.3739545363066854        0.0000000000000000        0.0000000000000000        0.0000000000000000        1.0000000000000000        0.0000000000000000        0.0000000000000000     
   18.000000000000000        1.3814465393516580        0.0000000000000000        0.0000000000000000        0.0000000000000000        1.0000000000000000        0.0000000000000000        0.0000000000000000     
   19.000000000000000        1.3909039832344141        0.0000000000000000        0.0000000000000000        0.0000000000000000        1.0000000000000000        0.0000000000000000        0.0000000000000000     
   20.000000000000000        1.4014114759210983        0.0000000000000000        0.0000000000000000        0.0000000000000000        1.0000000000000000        0.0000000000000000        0.0000000000000000     
   21.000000000000000        1.4130923789840435        0.0000000000000000        0.0000000000000000        0.0000000000000000        1.0000000000000000        0.0000000000000000        0.0000000000000000     
   22.000000000000000        1.4257887183547520        0.0000000000000000        0.0000000000000000        0.0000000000000000        1.0000000000000000        0.0000000000000000        0.0000000000000000     
   23.000000000000000        1.4369407386747424        0.0000000000000000        0.0000000000000000        0.0000000000000000        1.0000000000000000        0.0000000000000000        0.0000000000000000     
   24.000000000000000        1.4484795497708414        0.0000000000000000        0.0000000000000000        0.0000000000000000        1.0000000000000000        0.0000000000000000        0.0000000000000000     
   25.000000000000000        1.4671359592872348        0.0000000000000000        0.0000000000000000        0.0000000000000000        1.0000000000000000        0.0000000000000000        0.0000000000000000     
   26.000000000000000        1.4972294225796869        0.0000000000000000        0.0000000000000000        0.0000000000000000       0.45679999999999998       0.22259999999999999       0.32060000000000000     
   27.000000000000000        1.4867635352080120        0.0000000000000000        0.0000000000000000        0.0000000000000000       0.45839999999999997       0.22100000000000000       0.32060000000000000     
   28.000000000000000        1.4792210813204660        0.0000000000000000        0.0000000000000000        0.0000000000000000       0.45860000000000001       0.22080000000000000       0.32060000000000000     
   29.000000000000000        1.4691707261241782        0.0000000000000000        0.0000000000000000        0.0000000000000000       0.46120000000000000       0.21820000000000001       0.32060000000000000     
   30.000000000000000        1.4602772089230733        0.0000000000000000        0.0000000000000000        0.0000000000000000       0.45800000000000002       0.22140000000000001       0.32060000000000000     
   31.000000000000000        1.4943355157890981        0.0000000000000000        0.0000000000000000        0.0000000000000000       0.27300000000000002        0.0000000000000000       0.72699999999999998     
   32.000000000000000        1.4923796516722980        0.0000000000000000        0.0000000000000000        0.0000000000000000       0.23260000000000000        5.5599999999999997E-002  0.71179999999999999     
   33.000000000000000        1.4892104725930229        0.0000000000000000        0.0000000000000000        0.0000000000000000        4.8599999999999997E-002  0.26860000000000001       0.68279999999999996     
   34.000000000000000        1.6066888548132154        0.0000000000000000        0.0000000000000000        0.0000000000000000        3.1000000000000000E-002  0.95140000000000002        1.7600000000000001E-002
   35.000000000000000        1.4483960044522299        0.0000000000000000        0.0000000000000000        0.0000000000000000        3.1399999999999997E-002  0.95099999999999996        1.7600000000000001E-002
   36.000000000000000        1.4640813185058152        0.0000000000000000        0.0000000000000000        0.0000000000000000        3.0599999999999999E-002  0.95179999999999998        1.7600000000000001E-002
   37.000000000000000        1.4944851598757993        0.0000000000000000        0.0000000000000000        0.0000000000000000        2.2200000000000001E-002  0.97780000000000000        0.0000000000000000     
   38.000000000000000        1.5281642723258311        0.0000000000000000        0.0000000000000000        0.0000000000000000        2.1800000000000000E-002  0.97799999999999998        2.0000000000000001E-004
   39.000000000000000        1.4431601791971937        0.0000000000000000        0.0000000000000000        0.0000000000000000        2.1800000000000000E-002  0.97799999999999998        2.0000000000000001E-004
   40.000000000000000        1.5612546013398791        0.0000000000000000        0.0000000000000000        0.0000000000000000        2.1800000000000000E-002  0.97799999999999998        2.0000000000000001E-004
   41.000000000000000        1.5858035270682873        0.0000000000000000        0.0000000000000000        0.0000000000000000        2.1800000000000000E-002  0.97799999999999998        2.0000000000000001E-004
   42.000000000000000        1.6246795903928968        0.0000000000000000        0.0000000000000000        0.0000000000000000        2.1800000000000000E-002  0.97799999999999998        2.0000000000000001E-004
   43.000000000000000        1.8023395449436876        0.0000000000000000        0.0000000000000000        0.0000000000000000        2.1800000000000000E-002  0.97799999999999998        2.0000000000000001E-004
   44.000000000000000        1.6512600593021558        0.0000000000000000        0.0000000000000000        0.0000000000000000        2.2200000000000001E-002  0.97580000000000000        2.0000000000000000E-003
   45.000000000000000        1.6849696782252346        0.0000000000000000        0.0000000000000000        0.0000000000000000        0.0000000000000000       0.99760000000000004        2.3999999999999998E-003
   46.000000000000000        1.6956061551477755        0.0000000000000000        0.0000000000000000        0.0000000000000000        0.0000000000000000       0.99780000000000002        2.2000000000000001E-003
   47.000000000000000        1.7091946497812658        0.0000000000000000        0.0000000000000000        0.0000000000000000        0.0000000000000000       0.99780000000000002        2.2000000000000001E-003
   48.000000000000000        1.7236224996787257        0.0000000000000000        0.0000000000000000        0.0000000000000000        0.0000000000000000       0.99780000000000002        2.2000000000000001E-003
   49.000000000000000        1.7343714581925245        0.0000000000000000        0.0000000000000000        0.0000000000000000        0.0000000000000000       0.99780000000000002        2.2000000000000001E-003
   50.000000000000000        1.7424534001935867        0.0000000000000000        0.0000000000000000        0.0000000000000000        0.0000000000000000       0.99780000000000002        2.2000000000000001E-003
   51.000000000000000        1.7479367005467936        0.0000000000000000        0.0000000000000000        0.0000000000000000        0.0000000000000000       0.99780000000000002        2.2000000000000001E-003
   52.000000000000000        1.7520838090887381        0.0000000000000000        0.0000000000000000        0.0000000000000000        0.0000000000000000       0.99780000000000002        2.2000000000000001E-003
   53.000000000000000        1.7538160467738078        0.0000000000000000        0.0000000000000000        0.0000000000000000        0.0000000000000000       0.99760000000000004        2.3999999999999998E-003
   54.000000000000000        1.7529913572607583        0.0000000000000000        0.0000000000000000        0.0000000000000000        0.0000000000000000       0.99700000000000000        3.0000000000000001E-003
   55.000000000000000        1.7517067515795171        0.0000000000000000        0.0000000000000000        0.0000000000000000        0.0000000000000000       0.99639999999999995        3.5999999999999999E-003
   56.000000000000000        1.7504308125088193        0.0000000000000000        0.0000000000000000        0.0000000000000000        0.0000000000000000       0.99639999999999995        3.5999999999999999E-003
   57.000000000000000        1.7486774006980603        0.0000000000000000        0.0000000000000000        0.0000000000000000        0.0000000000000000       0.99660000000000004        3.3999999999999998E-003
   58.000000000000000        1.7479184414627633        0.0000000000000000        0.0000000000000000        0.0000000000000000        0.0000000000000000       0.98919999999999997        1.0800000000000001E-002
   59.000000000000000        1.7476864711471150        0.0000000000000000        0.0000000000000000        0.0000000000000000        0.0000000000000000       0.98919999999999997        1.0800000000000001E-002
   60.000000000000000        1.7485894634001442        0.0000000000000000        0.0000000000000000        0.0000000000000000        0.0000000000000000       0.98719999999999997        1.2800000000000001E-002
   61.000000000000000        1.7512442898835918        0.0000000000000000        0.0000000000000000        0.0000000000000000        0.0000000000000000       0.99160000000000004        8.3999999999999995E-003
   62.000000000000000        1.7553001298148123        0.0000000000000000        0.0000000000000000        0.0000000000000000        0.0000000000000000       0.99500000000000000        5.0000000000000001E-003
   63.000000000000000        1.7610575916689877        0.0000000000000000        0.0000000000000000        0.0000000000000000        0.0000000000000000       0.98540000000000005        1.4600000000000000E-002
   64.000000000000000        1.7681144586434583        0.0000000000000000        0.0000000000000000        0.0000000000000000        0.0000000000000000       0.97519999999999996        2.4799999999999999E-002
   65.000000000000000        1.7766249568931693        0.0000000000000000        0.0000000000000000        0.0000000000000000        0.0000000000000000       0.97880000000000000        2.1200000000000000E-002
   66.000000000000000        1.7862376682441157        0.0000000000000000        0.0000000000000000        0.0000000000000000        0.0000000000000000       0.98080000000000001        1.9199999999999998E-002
   67.000000000000000        1.7964422205658865        0.0000000000000000        0.0000000000000000        0.0000000000000000        0.0000000000000000       0.98080000000000001        1.9199999999999998E-002
   68.000000000000000        1.8070492124772144        0.0000000000000000        0.0000000000000000        0.0000000000000000        0.0000000000000000       0.97999999999999998        2.0000000000000000E-002
   69.000000000000000        1.8161471299652210        0.0000000000000000        0.0000000000000000        0.0000000000000000        0.0000000000000000       0.97999999999999998        2.0000000000000000E-002
   70.000000000000000        1.8257125703378383        0.0000000000000000        0.0000000000000000        0.0000000000000000        0.0000000000000000       0.97980000000000000        2.0199999999999999E-002
   71.000000000000000        1.8324045033972607        0.0000000000000000        0.0000000000000000        0.0000000000000000        0.0000000000000000       0.97960000000000003        2.0400000000000001E-002
   72.000000000000000        1.8373685927727981        0.0000000000000000        0.0000000000000000        0.0000000000000000        0.0000000000000000       0.97860000000000003        2.1399999999999999E-002
   73.000000000000000        1.8407949992536068        0.0000000000000000        0.0000000000000000        0.0000000000000000        0.0000000000000000       0.97860000000000003        2.1399999999999999E-002
   74.000000000000000        1.8387340957249170        0.0000000000000000        0.0000000000000000        0.0000000000000000        0.0000000000000000       0.97860000000000003        2.1399999999999999E-002
   75.000000000000000        1.8354964714160806        0.0000000000000000        0.0000000000000000        0.0000000000000000        0.0000000000000000       0.97860000000000003        2.1399999999999999E-002
   76.000000000000000        1.8279800756148989        0.0000000000000000        0.0000000000000000        0.0000000000000000        0.0000000000000000       0.97860000000000003        2.1399999999999999E-002
   77.000000000000000        1.8163228540033769        0.0000000000000000        0.0000000000000000        0.0000000000000000        0.0000000000000000       0.97860000000000003        2.1399999999999999E-002
   78.000000000000000        1.8019389505326917        0.0000000000000000        0.0000000000000000        0.0000000000000000        0.0000000000000000       0.97840000000000005        2.1600000000000001E-002
   79.000000000000000        1.7846822849096866        0.0000000000000000        0.0000000000000000        0.0000000000000000        0.0000000000000000       0.97860000000000003        2.1399999999999999E-002
   80.000000000000000        1.7639714595221412        0.0000000000000000        0.0000000000000000        0.0000000000000000        0.0000000000000000       0.97840000000000005        2.1600000000000001E-002
   81.000000000000000        1.7406822944159213        0.0000000000000000        0.0000000000000000        0.0000000000000000        0.0000000000000000       0.97840000000000005        2.1600000000000001E-002
   82.000000000000000        1.7157253804576627        0.0000000000000000        0.0000000000000000        0.0000000000000000        0.0000000000000000       0.97840000000000005        2.1600000000000001E-002
   83.000000000000000        1.6893385905389264        0.0000000000000000        0.0000000000000000        0.0000000000000000        0.0000000000000000       0.97880000000000000        2.1200000000000000E-002
   84.000000000000000        1.6627135076866590        0.0000000000000000        0.0000000000000000        0.0000000000000000        0.0000000000000000       0.97840000000000005        2.1600000000000001E-002
   85.000000000000000        1.6350165170240070        0.0000000000000000        0.0000000000000000        0.0000000000000000        0.0000000000000000       0.97799999999999998        2.1999999999999999E-002
   86.000000000000000        1.6065465942066683        0.0000000000000000        0.0000000000000000        0.0000000000000000        0.0000000000000000       0.97819999999999996        2.1800000000000000E-002
   87.000000000000000        1.5822275859397581        0.0000000000000000        0.0000000000000000        0.0000000000000000        0.0000000000000000       0.86319999999999997       0.13680000000000000     
   88.000000000000000        1.5676819134174833        0.0000000000000000        0.0000000000000000        0.0000000000000000        8.0000000000000004E-004  0.86240000000000006       0.13680000000000000     
   89.000000000000000        1.5500135523174121        0.0000000000000000        0.0000000000000000        0.0000000000000000        1.0000000000000000E-003  0.86219999999999997       0.13680000000000000     
   90.000000000000000        1.5348587128360558        0.0000000000000000        0.0000000000000000        0.0000000000000000        1.1999999999999999E-003  0.86199999999999999       0.13680000000000000     
   91.000000000000000        1.5224009907733280        0.0000000000000000        0.0000000000000000        0.0000000000000000        1.1999999999999999E-003  0.86199999999999999       0.13680000000000000     
   92.000000000000000        1.5130861364191470        0.0000000000000000        0.0000000000000000        0.0000000000000000        1.4000000000000000E-003  0.86180000000000001       0.13680000000000000     
   93.000000000000000        1.5080997319066070        0.0000000000000000        0.0000000000000000        0.0000000000000000        1.4000000000000000E-003  0.86180000000000001       0.13680000000000000     
   94.000000000000000        1.5010872771943944        0.0000000000000000        0.0000000000000000        0.0000000000000000        4.5999999999999999E-003  0.85860000000000003       0.13680000000000000     
   95.000000000000000        1.5064865413529240        0.0000000000000000        0.0000000000000000        0.0000000000000000        5.2400000000000002E-002  0.81079999999999997       0.13680000000000000     
   96.000000000000000        1.5145061318990627        0.0000000000000000        0.0000000000000000        0.0000000000000000        7.5399999999999995E-002  0.78779999999999994       0.13680000000000000     
   97.000000000000000        1.5258021731741314        0.0000000000000000        0.0000000000000000        0.0000000000000000        5.1400000000000001E-002  0.81179999999999997       0.13680000000000000     
   98.000000000000000        1.5398916406891718        0.0000000000000000        0.0000000000000000        0.0000000000000000        4.6399999999999997E-002  0.81679999999999997       0.13680000000000000     
   99.000000000000000        1.5633983788255787        0.0000000000000000        0.0000000000000000        0.0000000000000000        4.7199999999999999E-002  0.81599999999999995       0.13680000000000000     
   100.00000000000000        1.5856159948138706        0.0000000000000000        0.0000000000000000        0.0000000000000000        4.7199999999999999E-002  0.81599999999999995       0.13680000000000000     
   101.00000000000000        1.6097580547041159        0.0000000000000000        0.0000000000000000        0.0000000000000000        7.5800000000000006E-002  0.92420000000000002        0.0000000000000000     
   102.00000000000000        1.6366275564910635        0.0000000000000000        0.0000000000000000        0.0000000000000000        7.5600000000000001E-002  0.92420000000000002        2.0000000000000001E-004
   103.00000000000000        1.6682830804307429        0.0000000000000000        0.0000000000000000        0.0000000000000000        7.5600000000000001E-002  0.92420000000000002        2.0000000000000001E-004
   104.00000000000000        1.7006998216632081        0.0000000000000000        0.0000000000000000        0.0000000000000000        7.5600000000000001E-002  0.92420000000000002        2.0000000000000001E-004
   105.00000000000000        1.7326567642709940        0.0000000000000000        0.0000000000000000        0.0000000000000000        7.5600000000000001E-002  0.92420000000000002        2.0000000000000001E-004
   106.00000000000000        1.7632701676479727        0.0000000000000000        0.0000000000000000        0.0000000000000000        7.5600000000000001E-002  0.92400000000000004        4.0000000000000002E-004
   107.00000000000000        1.7911803918920952        0.0000000000000000        0.0000000000000000        0.0000000000000000        7.5600000000000001E-002  0.92400000000000004        4.0000000000000002E-004
   108.00000000000000        1.8159496030791393        0.0000000000000000        0.0000000000000000        0.0000000000000000        7.5600000000000001E-002  0.92379999999999995        5.9999999999999995E-004
   109.00000000000000        1.8373274129663868        0.0000000000000000        0.0000000000000000        0.0000000000000000        7.5600000000000001E-002  0.92340000000000000        1.0000000000000000E-003
   110.00000000000000        1.8542483845777695        0.0000000000000000        0.0000000000000000        0.0000000000000000        7.5600000000000001E-002  0.92259999999999998        1.8000000000000000E-003
   111.00000000000000        1.8657456736906484        0.0000000000000000        0.0000000000000000        0.0000000000000000        7.5600000000000001E-002  0.92079999999999995        3.5999999999999999E-003
   112.00000000000000        1.8719062793906147        0.0000000000000000        0.0000000000000000        0.0000000000000000        7.5600000000000001E-002  0.92079999999999995        3.5999999999999999E-003
   113.00000000000000        1.8731558384767351        0.0000000000000000        0.0000000000000000        0.0000000000000000        7.5600000000000001E-002  0.92079999999999995        3.5999999999999999E-003
   114.00000000000000        1.8667395203341191        0.0000000000000000        0.0000000000000000        0.0000000000000000        7.5600000000000001E-002  0.92059999999999997        3.8000000000000000E-003
   115.00000000000000        1.8565591053583042        0.0000000000000000        0.0000000000000000        0.0000000000000000        7.5600000000000001E-002  0.91859999999999997        5.7999999999999996E-003
   116.00000000000000        1.8409648003636334        0.0000000000000000        0.0000000000000000        0.0000000000000000        7.5600000000000001E-002  0.91900000000000004        5.4000000000000003E-003
   117.00000000000000        1.8200139835627340        0.0000000000000000        0.0000000000000000        0.0000000000000000        7.5600000000000001E-002  0.91879999999999995        5.5999999999999999E-003
   118.00000000000000        1.7946940546112204        0.0000000000000000        0.0000000000000000        0.0000000000000000        7.5600000000000001E-002  0.91859999999999997        5.7999999999999996E-003
   119.00000000000000        1.7644703144272025        0.0000000000000000        0.0000000000000000        0.0000000000000000        7.5600000000000001E-002  0.91859999999999997        5.7999999999999996E-003
   120.00000000000000        1.7322051768302702        0.0000000000000000        0.0000000000000000        0.0000000000000000        7.5600000000000001E-002  0.91859999999999997        5.7999999999999996E-003
   121.00000000000000        1.6970518931814347        0.0000000000000000        0.0000000000000000        0.0000000000000000        7.5600000000000001E-002  0.91800000000000004        6.4000000000000003E-003
   122.00000000000000        1.6604101262134665        0.0000000000000000        0.0000000000000000        0.0000000000000000        7.5600000000000001E-002  0.91839999999999999        6.0000000000000001E-003
   123.00000000000000        1.6241699672129024        0.0000000000000000        0.0000000000000000        0.0000000000000000        7.5600000000000001E-002  0.91679999999999995        7.6000000000000000E-003
   124.00000000000000        1.5869732702891570        0.0000000000000000        0.0000000000000000        0.0000000000000000        7.5600000000000001E-002  0.91700000000000004        7.4000000000000003E-003
   125.00000000000000        1.5517866708376764        0.0000000000000000        0.0000000000000000        0.0000000000000000        7.5600000000000001E-002  0.91720000000000002        7.1999999999999998E-003
   126.00000000000000        1.5185857053601668        0.0000000000000000        0.0000000000000000        0.0000000000000000        7.5600000000000001E-002  0.91739999999999999        7.0000000000000001E-003
   127.00000000000000        1.4886786172046389        0.0000000000000000        0.0000000000000000        0.0000000000000000        7.5600000000000001E-002  0.91759999999999997        6.7999999999999996E-003
   128.00000000000000        1.4623638519545250        0.0000000000000000        0.0000000000000000        0.0000000000000000        7.5600000000000001E-002  0.91759999999999997        6.7999999999999996E-003
   129.00000000000000        1.4414381391460624        0.0000000000000000        0.0000000000000000        0.0000000000000000        7.5600000000000001E-002  0.91759999999999997        6.7999999999999996E-003
   130.00000000000000        1.4201674234506974        0.0000000000000000        0.0000000000000000        0.0000000000000000        7.5600000000000001E-002  0.91659999999999997        7.7999999999999996E-003
   131.00000000000000        1.4141081006187082        0.0000000000000000        0.0000000000000000        0.0000000000000000        7.5600000000000001E-002  0.91659999999999997        7.7999999999999996E-003
   132.00000000000000        1.4375879962746709        0.0000000000000000        0.0000000000000000        0.0000000000000000        7.1599999999999997E-002  0.75019999999999998       0.17820000000000000     
   133.00000000000000        1.3930761560829705        0.0000000000000000        0.0000000000000000        0.0000000000000000        5.5999999999999999E-003  0.66900000000000004       0.32540000000000002     
   134.00000000000000        1.4123656728063700        0.0000000000000000        0.0000000000000000        0.0000000000000000        3.2800000000000003E-002  0.96719999999999995        0.0000000000000000     
   135.00000000000000        1.2625517051659902        0.0000000000000000        0.0000000000000000        0.0000000000000000        4.9599999999999998E-002  0.87700000000000000        7.3400000000000007E-002
   136.00000000000000        1.4240493640264780        0.0000000000000000        0.0000000000000000        0.0000000000000000        4.9599999999999998E-002  0.84399999999999997       0.10639999999999999     
   137.00000000000000        1.4512536285096325        0.0000000000000000        0.0000000000000000        0.0000000000000000        4.9599999999999998E-002  0.79859999999999998       0.15179999999999999     
   138.00000000000000        1.4702531229253641        0.0000000000000000        0.0000000000000000        0.0000000000000000        4.9599999999999998E-002  0.80279999999999996       0.14760000000000001     
   139.00000000000000        1.4929834792205594        0.0000000000000000        0.0000000000000000        0.0000000000000000        4.9599999999999998E-002  0.79820000000000002       0.15220000000000000     
   140.00000000000000        1.5162099527631288        0.0000000000000000        0.0000000000000000        0.0000000000000000        4.9599999999999998E-002  0.80159999999999998       0.14879999999999999     
   141.00000000000000        1.5403980493245710        0.0000000000000000        0.0000000000000000        0.0000000000000000        4.9599999999999998E-002  0.80179999999999996       0.14860000000000001     
   142.00000000000000        1.5648675014860203        0.0000000000000000        0.0000000000000000        0.0000000000000000        4.9599999999999998E-002  0.76739999999999997       0.18300000000000000     
   143.00000000000000        1.5882404812692026        0.0000000000000000        0.0000000000000000        0.0000000000000000        4.9599999999999998E-002  0.77420000000000000       0.17620000000000000     
   144.00000000000000        1.6101712168071085        0.0000000000000000        0.0000000000000000        0.0000000000000000        4.9599999999999998E-002  0.78720000000000001       0.16320000000000001     
   145.00000000000000        1.6336743574804473        0.0000000000000000        0.0000000000000000        0.0000000000000000        4.9599999999999998E-002  0.79159999999999997       0.15880000000000000     
   146.00000000000000        1.6514392418831947        0.0000000000000000        0.0000000000000000        0.0000000000000000        4.9599999999999998E-002  0.79879999999999995       0.15160000000000001     
   147.00000000000000        1.6658082101921785        0.0000000000000000        0.0000000000000000        0.0000000000000000        4.9599999999999998E-002  0.80059999999999998       0.14979999999999999     
   148.00000000000000        1.6797167216741145        0.0000000000000000        0.0000000000000000        0.0000000000000000        4.9599999999999998E-002  0.78700000000000003       0.16339999999999999     
   149.00000000000000        1.6907512584645625        0.0000000000000000        0.0000000000000000        0.0000000000000000        4.9599999999999998E-002  0.78659999999999997       0.16380000000000000     
   150.00000000000000        1.6994334139104348        0.0000000000000000        0.0000000000000000        0.0000000000000000        4.9599999999999998E-002  0.76300000000000001       0.18740000000000001     
   151.00000000000000        1.7053116873254592        0.0000000000000000        0.0000000000000000        0.0000000000000000        4.9599999999999998E-002  0.76659999999999995       0.18379999999999999     
   152.00000000000000        1.7082123356381165        0.0000000000000000        0.0000000000000000        0.0000000000000000        4.9599999999999998E-002  0.76739999999999997       0.18300000000000000     
   153.00000000000000        1.7095666628249093        0.0000000000000000        0.0000000000000000        0.0000000000000000        4.9599999999999998E-002  0.75919999999999999       0.19120000000000001     
   154.00000000000000        1.7087998936417721        0.0000000000000000        0.0000000000000000        0.0000000000000000        4.9599999999999998E-002  0.75839999999999996       0.19200000000000000     
   155.00000000000000        1.7064175870920999        0.0000000000000000        0.0000000000000000        0.0000000000000000        4.9599999999999998E-002  0.75939999999999996       0.19100000000000000     
   156.00000000000000        1.7029241054259494        0.0000000000000000        0.0000000000000000        0.0000000000000000        4.9599999999999998E-002  0.75800000000000001       0.19239999999999999     
   157.00000000000000        1.6994238998163165        0.0000000000000000        0.0000000000000000        0.0000000000000000        4.9599999999999998E-002  0.74099999999999999       0.20940000000000000     
   158.00000000000000        1.6950732355629319        0.0000000000000000        0.0000000000000000        0.0000000000000000        4.9599999999999998E-002  0.74180000000000001       0.20860000000000001     
   159.00000000000000        1.6913753978130583        0.0000000000000000        0.0000000000000000        0.0000000000000000        4.9599999999999998E-002  0.73540000000000005       0.21500000000000000     
   160.00000000000000        1.6886351208969430        0.0000000000000000        0.0000000000000000        0.0000000000000000        4.9599999999999998E-002  0.73580000000000001       0.21460000000000001     
   161.00000000000000        1.6868349426882379        0.0000000000000000        0.0000000000000000        0.0000000000000000        4.9599999999999998E-002  0.74399999999999999       0.20640000000000000     
   162.00000000000000        1.6888104444191132        0.0000000000000000        0.0000000000000000        0.0000000000000000        4.9599999999999998E-002  0.74299999999999999       0.20740000000000000     
   163.00000000000000        1.6880790087269808        0.0000000000000000        0.0000000000000000        0.0000000000000000        4.9599999999999998E-002  0.74619999999999997       0.20419999999999999     
   164.00000000000000        1.6915803417512665        0.0000000000000000        0.0000000000000000        0.0000000000000000        4.9599999999999998E-002  0.73360000000000003       0.21679999999999999     
   165.00000000000000        1.6963726216597541        0.0000000000000000        0.0000000000000000        0.0000000000000000        4.9599999999999998E-002  0.73760000000000003       0.21279999999999999     
   166.00000000000000        1.7032789012604206        0.0000000000000000        0.0000000000000000        0.0000000000000000        4.9599999999999998E-002  0.74080000000000001       0.20960000000000001     
   167.00000000000000        1.7115175694811136        0.0000000000000000        0.0000000000000000        0.0000000000000000        4.9599999999999998E-002  0.74399999999999999       0.20640000000000000     
   168.00000000000000        1.7210400384900397        0.0000000000000000        0.0000000000000000        0.0000000000000000        4.9599999999999998E-002  0.71779999999999999       0.23260000000000000     
   169.00000000000000        1.7305048217979730        0.0000000000000000        0.0000000000000000        0.0000000000000000        4.9599999999999998E-002  0.73199999999999998       0.21840000000000001     
   170.00000000000000        1.7394831249586375        0.0000000000000000        0.0000000000000000        0.0000000000000000        4.9599999999999998E-002  0.73580000000000001       0.21460000000000001     
   171.00000000000000        1.7487018150001663        0.0000000000000000        0.0000000000000000        0.0000000000000000        4.9599999999999998E-002  0.73160000000000003       0.21879999999999999     
   172.00000000000000        1.7567387544975837        0.0000000000000000        0.0000000000000000        0.0000000000000000        4.9599999999999998E-002  0.72860000000000003       0.22180000000000000     
   173.00000000000000        1.7633597968818149        0.0000000000000000        0.0000000000000000        0.0000000000000000        4.9599999999999998E-002  0.76100000000000001       0.18940000000000001     
   174.00000000000000        1.7672283827999142        0.0000000000000000        0.0000000000000000        0.0000000000000000        4.9599999999999998E-002  0.74460000000000004       0.20580000000000001     
   175.00000000000000        1.7684893749673365        0.0000000000000000        0.0000000000000000        0.0000000000000000        4.9599999999999998E-002  0.79540000000000000       0.15500000000000000     
   176.00000000000000        1.7751700603256799        0.0000000000000000        0.0000000000000000        0.0000000000000000        4.9599999999999998E-002  0.79220000000000002       0.15820000000000001     
   177.00000000000000        1.7709842475019018        0.0000000000000000        0.0000000000000000        0.0000000000000000        4.9599999999999998E-002  0.78120000000000001       0.16919999999999999     
   178.00000000000000        1.7607969227281881        0.0000000000000000        0.0000000000000000        0.0000000000000000        4.9599999999999998E-002  0.76619999999999999       0.18420000000000000     
   179.00000000000000        1.7523592789138733        0.0000000000000000        0.0000000000000000        0.0000000000000000        4.9599999999999998E-002  0.78000000000000003       0.17040000000000000     
   180.00000000000000        1.7417815648154913        0.0000000000000000        0.0000000000000000        0.0000000000000000        4.9599999999999998E-002  0.76039999999999996       0.19000000000000000     
   181.00000000000000        1.7284281104741694        0.0000000000000000        0.0000000000000000        0.0000000000000000        4.9599999999999998E-002  0.75300000000000000       0.19739999999999999     
   182.00000000000000        1.7140151328881219        0.0000000000000000        0.0000000000000000        0.0000000000000000        4.9599999999999998E-002  0.75060000000000004       0.19980000000000001     
   183.00000000000000        1.6979304567272848        0.0000000000000000        0.0000000000000000        0.0000000000000000        4.9599999999999998E-002  0.72380000000000000       0.22660000000000000     
   184.00000000000000        1.6813053070387523        0.0000000000000000        0.0000000000000000        0.0000000000000000        4.9599999999999998E-002  0.69960000000000000       0.25080000000000002     
   185.00000000000000        1.6646900846706090        0.0000000000000000        0.0000000000000000        0.0000000000000000        4.9599999999999998E-002  0.69720000000000004       0.25319999999999998     
   186.00000000000000        1.6483851219386769        0.0000000000000000        0.0000000000000000        0.0000000000000000        4.9599999999999998E-002  0.71120000000000005       0.23920000000000000     
   187.00000000000000        1.6317833015350498        0.0000000000000000        0.0000000000000000        0.0000000000000000        4.9599999999999998E-002  0.71220000000000006       0.23820000000000000     
   188.00000000000000        1.6194243056443178        0.0000000000000000        0.0000000000000000        0.0000000000000000        4.9599999999999998E-002  0.69779999999999998       0.25259999999999999     
   189.00000000000000        1.6079062163998463        0.0000000000000000        0.0000000000000000        0.0000000000000000        4.9599999999999998E-002  0.68559999999999999       0.26479999999999998     
