#        BMIN =   406
#        BMAX =   411
#     INIBAND =   409
#      NBANDS =   540
#         NSW =  2000
#       POTIM =   1.0
#        TEMP = 300.0
#    NAMDTINI =   398
#    NAMDTIME =  1000
#       NTRAJ =  5000
#        NELM =  1000
#       LHOLE =     T
#        LSHP =     T
#      LCPTXT =     T
#      RUNDIR = ../../run/
   1.0000000000000000        1.4166016390890559        0.0000000000000000        0.0000000000000000        0.0000000000000000        1.0000000000000000        0.0000000000000000        0.0000000000000000     
   2.0000000000000000        1.4234802815216758        0.0000000000000000        0.0000000000000000        0.0000000000000000        1.0000000000000000        0.0000000000000000        0.0000000000000000     
   3.0000000000000000        1.4299261392387428        0.0000000000000000        0.0000000000000000        0.0000000000000000        1.0000000000000000        0.0000000000000000        0.0000000000000000     
   4.0000000000000000        1.4343510806828470        0.0000000000000000        0.0000000000000000        0.0000000000000000        1.0000000000000000        0.0000000000000000        0.0000000000000000     
   5.0000000000000000        1.4387332398429546        0.0000000000000000        0.0000000000000000        0.0000000000000000        1.0000000000000000        0.0000000000000000        0.0000000000000000     
   6.0000000000000000        1.4412477865225151        0.0000000000000000        0.0000000000000000        0.0000000000000000        1.0000000000000000        0.0000000000000000        0.0000000000000000     
   7.0000000000000000        1.4423995909099487        0.0000000000000000        0.0000000000000000        0.0000000000000000        1.0000000000000000        0.0000000000000000        0.0000000000000000     
   8.0000000000000000        1.4442954035641591        0.0000000000000000        0.0000000000000000        0.0000000000000000        1.0000000000000000        0.0000000000000000        0.0000000000000000     
   9.0000000000000000        1.4430531702754044        0.0000000000000000        0.0000000000000000        0.0000000000000000        1.0000000000000000        0.0000000000000000        0.0000000000000000     
   10.000000000000000        1.4451537554357068        0.0000000000000000        0.0000000000000000        0.0000000000000000        1.0000000000000000        0.0000000000000000        0.0000000000000000     
   11.000000000000000        1.4472568342235190        0.0000000000000000        0.0000000000000000        0.0000000000000000        1.0000000000000000        0.0000000000000000        0.0000000000000000     
   12.000000000000000        1.4504053574652707        0.0000000000000000        0.0000000000000000        0.0000000000000000        1.0000000000000000        0.0000000000000000        0.0000000000000000     
   13.000000000000000        1.4555470139706341        0.0000000000000000        0.0000000000000000        0.0000000000000000        1.0000000000000000        0.0000000000000000        0.0000000000000000     
   14.000000000000000        1.4609912751288312        0.0000000000000000        0.0000000000000000        0.0000000000000000        1.0000000000000000        0.0000000000000000        0.0000000000000000     
   15.000000000000000        1.4678805106314021        0.0000000000000000        0.0000000000000000        0.0000000000000000        1.0000000000000000        0.0000000000000000        0.0000000000000000     
   16.000000000000000        1.4761231903076200        0.0000000000000000        0.0000000000000000        0.0000000000000000        1.0000000000000000        0.0000000000000000        0.0000000000000000     
   17.000000000000000        1.4855578202667914        0.0000000000000000        0.0000000000000000        0.0000000000000000        1.0000000000000000        0.0000000000000000        0.0000000000000000     
   18.000000000000000        1.4965698285696241        0.0000000000000000        0.0000000000000000        0.0000000000000000        1.0000000000000000        0.0000000000000000        0.0000000000000000     
   19.000000000000000        1.5114619079913969        0.0000000000000000        0.0000000000000000        0.0000000000000000       0.79800000000000004        2.0000000000000000E-002  0.18200000000000000     
   20.000000000000000        1.5077063680204024        0.0000000000000000        0.0000000000000000        0.0000000000000000       0.81459999999999999        3.3999999999999998E-003  0.18200000000000000     
   21.000000000000000        1.4997570573203227        0.0000000000000000        0.0000000000000000        0.0000000000000000       0.81540000000000001        2.5999999999999999E-003  0.18200000000000000     
   22.000000000000000        1.4937724421973209        0.0000000000000000        0.0000000000000000        0.0000000000000000       0.81479999999999997        3.2000000000000002E-003  0.18200000000000000     
   23.000000000000000        1.4900878515278850        0.0000000000000000        0.0000000000000000        0.0000000000000000       0.81799999999999995        0.0000000000000000       0.18200000000000000     
   24.000000000000000        1.4894191441465057        0.0000000000000000        0.0000000000000000        0.0000000000000000       0.81759999999999999        4.0000000000000002E-004  0.18200000000000000     
   25.000000000000000        1.4913485237458739        0.0000000000000000        0.0000000000000000        0.0000000000000000       0.81679999999999997        1.1999999999999999E-003  0.18200000000000000     
   26.000000000000000        1.4970525707441562        0.0000000000000000        0.0000000000000000        0.0000000000000000       0.81699999999999995        1.0000000000000000E-003  0.18200000000000000     
   27.000000000000000        1.5060856834252359        0.0000000000000000        0.0000000000000000        0.0000000000000000       0.81640000000000001        1.6000000000000001E-003  0.18200000000000000     
   28.000000000000000        1.5184348671287144        0.0000000000000000        0.0000000000000000        0.0000000000000000       0.81640000000000001        1.6000000000000001E-003  0.18200000000000000     
   29.000000000000000        1.5346572829399694        0.0000000000000000        0.0000000000000000        0.0000000000000000       0.81420000000000003        3.8000000000000000E-003  0.18200000000000000     
   30.000000000000000        1.5541063630776037        0.0000000000000000        0.0000000000000000        0.0000000000000000       0.75439999999999996        9.5200000000000007E-002  0.15040000000000001     
   31.000000000000000        1.5710585921123543        0.0000000000000000        0.0000000000000000        0.0000000000000000       0.75439999999999996        9.5200000000000007E-002  0.15040000000000001     
   32.000000000000000        1.5725122318424170        0.0000000000000000        0.0000000000000000        0.0000000000000000       0.75439999999999996        9.4200000000000006E-002  0.15140000000000001     
   33.000000000000000        1.5728719906481523        0.0000000000000000        0.0000000000000000        0.0000000000000000       0.75439999999999996        9.4000000000000000E-002  0.15160000000000001     
   34.000000000000000        1.5721702462008178        0.0000000000000000        0.0000000000000000        0.0000000000000000       0.75439999999999996        9.3799999999999994E-002  0.15179999999999999     
   35.000000000000000        1.5705848173617094        0.0000000000000000        0.0000000000000000        0.0000000000000000       0.75439999999999996        9.3200000000000005E-002  0.15240000000000001     
   36.000000000000000        1.5677798372142453        0.0000000000000000        0.0000000000000000        0.0000000000000000       0.75439999999999996        9.3399999999999997E-002  0.15220000000000000     
   37.000000000000000        1.5643134997307722        0.0000000000000000        0.0000000000000000        0.0000000000000000       0.75439999999999996        9.4200000000000006E-002  0.15140000000000001     
   38.000000000000000        1.5595101422004514        0.0000000000000000        0.0000000000000000        0.0000000000000000       0.75439999999999996        9.4200000000000006E-002  0.15140000000000001     
   39.000000000000000        1.5539169232729759        0.0000000000000000        0.0000000000000000        0.0000000000000000       0.75439999999999996        9.4399999999999998E-002  0.15120000000000000     
   40.000000000000000        1.5471892305486910        0.0000000000000000        0.0000000000000000        0.0000000000000000       0.75439999999999996        9.4799999999999995E-002  0.15079999999999999     
   41.000000000000000        1.5402888868053397        0.0000000000000000        0.0000000000000000        0.0000000000000000       0.75439999999999996        9.4399999999999998E-002  0.15120000000000000     
   42.000000000000000        1.5320619153302453        0.0000000000000000        0.0000000000000000        0.0000000000000000       0.75439999999999996        9.3799999999999994E-002  0.15179999999999999     
   43.000000000000000        1.5236723924005906        0.0000000000000000        0.0000000000000000        0.0000000000000000       0.75439999999999996        9.4600000000000004E-002  0.15100000000000000     
   44.000000000000000        1.5149346143844338        0.0000000000000000        0.0000000000000000        0.0000000000000000       0.75439999999999996        9.4200000000000006E-002  0.15140000000000001     
   45.000000000000000        1.5060040617507156        0.0000000000000000        0.0000000000000000        0.0000000000000000       0.75439999999999996        9.4799999999999995E-002  0.15079999999999999     
   46.000000000000000        1.4968028181658848        0.0000000000000000        0.0000000000000000        0.0000000000000000       0.75439999999999996        9.5200000000000007E-002  0.15040000000000001     
   47.000000000000000        1.4875602251091709        0.0000000000000000        0.0000000000000000        0.0000000000000000       0.75439999999999996        9.6199999999999994E-002  0.14940000000000001     
   48.000000000000000        1.4796499155587199        0.0000000000000000        0.0000000000000000        0.0000000000000000       0.75439999999999996        9.6000000000000002E-002  0.14960000000000001     
   49.000000000000000        1.4718410083896087        0.0000000000000000        0.0000000000000000        0.0000000000000000       0.75439999999999996        9.4799999999999995E-002  0.15079999999999999     
   50.000000000000000        1.4645158208805333        0.0000000000000000        0.0000000000000000        0.0000000000000000       0.75439999999999996        9.6799999999999997E-002  0.14879999999999999     
   51.000000000000000        1.4586739503314639        0.0000000000000000        0.0000000000000000        0.0000000000000000       0.75439999999999996        9.7600000000000006E-002  0.14799999999999999     
   52.000000000000000        1.4537528065456384        0.0000000000000000        0.0000000000000000        0.0000000000000000       0.75439999999999996       0.10100000000000001       0.14460000000000001     
   53.000000000000000        1.4498683530870788        0.0000000000000000        0.0000000000000000        0.0000000000000000       0.75439999999999996        9.7799999999999998E-002  0.14779999999999999     
   54.000000000000000        1.4476992090749556        0.0000000000000000        0.0000000000000000        0.0000000000000000       0.75439999999999996       0.10500000000000000       0.14060000000000000     
   55.000000000000000        1.4464580195484378        0.0000000000000000        0.0000000000000000        0.0000000000000000       0.75439999999999996       0.11240000000000000       0.13320000000000001     
   56.000000000000000        1.4464422515433952        0.0000000000000000        0.0000000000000000        0.0000000000000000       0.75439999999999996       0.10780000000000001       0.13780000000000001     
   57.000000000000000        1.4476175743531390        0.0000000000000000        0.0000000000000000        0.0000000000000000       0.75439999999999996       0.10700000000000000       0.13860000000000000     
   58.000000000000000        1.4497412119677946        0.0000000000000000        0.0000000000000000        0.0000000000000000       0.75439999999999996       0.10680000000000001       0.13880000000000001     
   59.000000000000000        1.4527258807381991        0.0000000000000000        0.0000000000000000        0.0000000000000000       0.75439999999999996       0.11160000000000000       0.13400000000000001     
   60.000000000000000        1.4565318865293200        0.0000000000000000        0.0000000000000000        0.0000000000000000       0.75439999999999996       0.10160000000000000       0.14399999999999999     
   61.000000000000000        1.4607973116770030        0.0000000000000000        0.0000000000000000        0.0000000000000000       0.75439999999999996        9.6199999999999994E-002  0.14940000000000001     
   62.000000000000000        1.4656004820238901        0.0000000000000000        0.0000000000000000        0.0000000000000000       0.75439999999999996        9.0600000000000000E-002  0.15500000000000000     
   63.000000000000000        1.4707777798605894        0.0000000000000000        0.0000000000000000        0.0000000000000000       0.75439999999999996        8.4199999999999997E-002  0.16139999999999999     
   64.000000000000000        1.4759963541954497        0.0000000000000000        0.0000000000000000        0.0000000000000000       0.75439999999999996        8.5800000000000001E-002  0.15980000000000000     
   65.000000000000000        1.4813551443351842        0.0000000000000000        0.0000000000000000        0.0000000000000000       0.75439999999999996        8.5400000000000004E-002  0.16020000000000001     
   66.000000000000000        1.4864856124842476        0.0000000000000000        0.0000000000000000        0.0000000000000000       0.75439999999999996        8.5599999999999996E-002  0.16000000000000000     
   67.000000000000000        1.4918169187984414        0.0000000000000000        0.0000000000000000        0.0000000000000000       0.75439999999999996        8.5000000000000006E-002  0.16059999999999999     
   68.000000000000000        1.4968234857068115        0.0000000000000000        0.0000000000000000        0.0000000000000000       0.75439999999999996        8.3799999999999999E-002  0.16180000000000000     
   69.000000000000000        1.5023871239631363        0.0000000000000000        0.0000000000000000        0.0000000000000000       0.75439999999999996        8.4400000000000003E-002  0.16120000000000001     
   70.000000000000000        1.5075172995203658        0.0000000000000000        0.0000000000000000        0.0000000000000000       0.75439999999999996        8.4199999999999997E-002  0.16139999999999999     
   71.000000000000000        1.5127348386646431        0.0000000000000000        0.0000000000000000        0.0000000000000000       0.75439999999999996        8.5999999999999993E-002  0.15959999999999999     
   72.000000000000000        1.5186388217133637        0.0000000000000000        0.0000000000000000        0.0000000000000000       0.75439999999999996        8.5800000000000001E-002  0.15980000000000000     
   73.000000000000000        1.5248301049939270        0.0000000000000000        0.0000000000000000        0.0000000000000000       0.75439999999999996        8.5599999999999996E-002  0.16000000000000000     
   74.000000000000000        1.5317265455980502        0.0000000000000000        0.0000000000000000        0.0000000000000000       0.75439999999999996        8.5800000000000001E-002  0.15980000000000000     
   75.000000000000000        1.5391406146691951        0.0000000000000000        0.0000000000000000        0.0000000000000000       0.75439999999999996        8.4000000000000005E-002  0.16159999999999999     
   76.000000000000000        1.5471643711735166        0.0000000000000000        0.0000000000000000        0.0000000000000000       0.75439999999999996        8.3799999999999999E-002  0.16180000000000000     
   77.000000000000000        1.5552243369993437        0.0000000000000000        0.0000000000000000        0.0000000000000000       0.75439999999999996        8.4800000000000000E-002  0.16080000000000000     
   78.000000000000000        1.5636102094584168        0.0000000000000000        0.0000000000000000        0.0000000000000000       0.75439999999999996        8.4800000000000000E-002  0.16080000000000000     
   79.000000000000000        1.5713244214732052        0.0000000000000000        0.0000000000000000        0.0000000000000000       0.75439999999999996        8.6400000000000005E-002  0.15920000000000001     
   80.000000000000000        1.5785902812971759        0.0000000000000000        0.0000000000000000        0.0000000000000000       0.75439999999999996        8.6999999999999994E-002  0.15859999999999999     
   81.000000000000000        1.5853687923234905        0.0000000000000000        0.0000000000000000        0.0000000000000000       0.75439999999999996        8.7400000000000005E-002  0.15820000000000001     
   82.000000000000000        1.5900427490934139        0.0000000000000000        0.0000000000000000        0.0000000000000000       0.75439999999999996        8.7400000000000005E-002  0.15820000000000001     
   83.000000000000000        1.5926070317252925        0.0000000000000000        0.0000000000000000        0.0000000000000000       0.75439999999999996        8.7999999999999995E-002  0.15759999999999999     
   84.000000000000000        1.5927703470990358        0.0000000000000000        0.0000000000000000        0.0000000000000000       0.75439999999999996        8.7200000000000000E-002  0.15840000000000001     
   85.000000000000000        1.5897731938472912        0.0000000000000000        0.0000000000000000        0.0000000000000000       0.75439999999999996        8.8400000000000006E-002  0.15720000000000001     
   86.000000000000000        1.5840255527501528        0.0000000000000000        0.0000000000000000        0.0000000000000000       0.75439999999999996        8.8999999999999996E-002  0.15659999999999999     
   87.000000000000000        1.5749093911063139        0.0000000000000000        0.0000000000000000        0.0000000000000000       0.75439999999999996        9.0600000000000000E-002  0.15500000000000000     
   88.000000000000000        1.5626846127244769        0.0000000000000000        0.0000000000000000        0.0000000000000000       0.75439999999999996        9.0800000000000006E-002  0.15479999999999999     
   89.000000000000000        1.5472134977829906        0.0000000000000000        0.0000000000000000        0.0000000000000000       0.75439999999999996        9.0800000000000006E-002  0.15479999999999999     
   90.000000000000000        1.5298898719987957        0.0000000000000000        0.0000000000000000        0.0000000000000000       0.75439999999999996        8.9599999999999999E-002  0.15600000000000000     
   91.000000000000000        1.5101627653343224        0.0000000000000000        0.0000000000000000        0.0000000000000000       0.75439999999999996        8.8999999999999996E-002  0.15659999999999999     
   92.000000000000000        1.4892038914881853        0.0000000000000000        0.0000000000000000        0.0000000000000000       0.75439999999999996        9.7600000000000006E-002  0.14799999999999999     
   93.000000000000000        1.4676035419425557        0.0000000000000000        0.0000000000000000        0.0000000000000000       0.75439999999999996       0.10360000000000000       0.14199999999999999     
   94.000000000000000        1.4466713599592518        0.0000000000000000        0.0000000000000000        0.0000000000000000       0.75439999999999996        7.8600000000000003E-002  0.16700000000000001     
   95.000000000000000        1.4260618511915049        0.0000000000000000        0.0000000000000000        0.0000000000000000       0.75439999999999996        7.0999999999999994E-002  0.17460000000000001     
   96.000000000000000        1.4069234982525369        0.0000000000000000        0.0000000000000000        0.0000000000000000       0.75439999999999996        7.0800000000000002E-002  0.17480000000000001     
   97.000000000000000        1.3899795802628809        0.0000000000000000        0.0000000000000000        0.0000000000000000       0.75439999999999996        7.0800000000000002E-002  0.17480000000000001     
   98.000000000000000        1.3750005421654889        0.0000000000000000        0.0000000000000000        0.0000000000000000       0.75439999999999996        7.2400000000000006E-002  0.17319999999999999     
   99.000000000000000        1.3626369032001540        0.0000000000000000        0.0000000000000000        0.0000000000000000       0.75439999999999996        7.2400000000000006E-002  0.17319999999999999     
   100.00000000000000        1.3530239988091648        0.0000000000000000        0.0000000000000000        0.0000000000000000       0.75439999999999996        7.2800000000000004E-002  0.17280000000000001     
   101.00000000000000        1.3458502848209601        0.0000000000000000        0.0000000000000000        0.0000000000000000       0.75439999999999996        7.2200000000000000E-002  0.17340000000000000     
   102.00000000000000        1.3414407053163562        0.0000000000000000        0.0000000000000000        0.0000000000000000       0.75439999999999996        7.2200000000000000E-002  0.17340000000000000     
   103.00000000000000        1.3403877337631185        0.0000000000000000        0.0000000000000000        0.0000000000000000       0.75439999999999996        7.2400000000000006E-002  0.17319999999999999     
   104.00000000000000        1.3407170650731937        0.0000000000000000        0.0000000000000000        0.0000000000000000       0.75439999999999996        7.2400000000000006E-002  0.17319999999999999     
   105.00000000000000        1.3437556061786484        0.0000000000000000        0.0000000000000000        0.0000000000000000       0.75439999999999996        7.1999999999999995E-002  0.17360000000000000     
   106.00000000000000        1.3483639941978296        0.0000000000000000        0.0000000000000000        0.0000000000000000       0.75439999999999996        7.1599999999999997E-002  0.17399999999999999     
   107.00000000000000        1.3547390178225014        0.0000000000000000        0.0000000000000000        0.0000000000000000       0.75439999999999996        7.0999999999999994E-002  0.17460000000000001     
   108.00000000000000        1.3623188588087420        0.0000000000000000        0.0000000000000000        0.0000000000000000       0.75439999999999996        7.0199999999999999E-002  0.17540000000000000     
   109.00000000000000        1.3717754386702792        0.0000000000000000        0.0000000000000000        0.0000000000000000       0.75439999999999996        6.9400000000000003E-002  0.17620000000000000     
   110.00000000000000        1.3812067996104112        0.0000000000000000        0.0000000000000000        0.0000000000000000       0.75439999999999996        6.9599999999999995E-002  0.17599999999999999     
   111.00000000000000        1.3906998015788927        0.0000000000000000        0.0000000000000000        0.0000000000000000       0.75439999999999996        7.0800000000000002E-002  0.17480000000000001     
   112.00000000000000        1.4010384870888140        0.0000000000000000        0.0000000000000000        0.0000000000000000       0.75439999999999996        6.9199999999999998E-002  0.17640000000000000     
   113.00000000000000        1.4123175140938737        0.0000000000000000        0.0000000000000000        0.0000000000000000       0.75439999999999996        6.9199999999999998E-002  0.17640000000000000     
   114.00000000000000        1.4217828460467183        0.0000000000000000        0.0000000000000000        0.0000000000000000       0.75439999999999996        6.9599999999999995E-002  0.17599999999999999     
   115.00000000000000        1.4312474165990745        0.0000000000000000        0.0000000000000000        0.0000000000000000       0.75439999999999996        6.9599999999999995E-002  0.17599999999999999     
   116.00000000000000        1.4399276690233247        0.0000000000000000        0.0000000000000000        0.0000000000000000       0.75439999999999996        7.0999999999999994E-002  0.17460000000000001     
   117.00000000000000        1.4477514862949219        0.0000000000000000        0.0000000000000000        0.0000000000000000       0.75439999999999996        6.8599999999999994E-002  0.17699999999999999     
   118.00000000000000        1.4547396873920886        0.0000000000000000        0.0000000000000000        0.0000000000000000       0.75439999999999996        6.9000000000000006E-002  0.17660000000000001     
   119.00000000000000        1.4606583118628675        0.0000000000000000        0.0000000000000000        0.0000000000000000       0.75439999999999996        7.0599999999999996E-002  0.17499999999999999     
   120.00000000000000        1.4653972441542031        0.0000000000000000        0.0000000000000000        0.0000000000000000       0.75439999999999996        7.0599999999999996E-002  0.17499999999999999     
   121.00000000000000        1.4687970295741082        0.0000000000000000        0.0000000000000000        0.0000000000000000       0.75439999999999996        6.3799999999999996E-002  0.18179999999999999     
   122.00000000000000        1.4710446429421391        0.0000000000000000        0.0000000000000000        0.0000000000000000       0.75439999999999996        5.7799999999999997E-002  0.18779999999999999     
   123.00000000000000        1.4724234325721546        0.0000000000000000        0.0000000000000000        0.0000000000000000       0.75439999999999996        5.7000000000000002E-002  0.18859999999999999     
   124.00000000000000        1.4725762119841750        0.0000000000000000        0.0000000000000000        0.0000000000000000       0.75439999999999996        6.5400000000000000E-002  0.18020000000000000     
   125.00000000000000        1.4722943226849843        0.0000000000000000        0.0000000000000000        0.0000000000000000       0.75439999999999996        5.9799999999999999E-002  0.18579999999999999     
   126.00000000000000        1.4706310788795618        0.0000000000000000        0.0000000000000000        0.0000000000000000       0.75439999999999996        6.9199999999999998E-002  0.17640000000000000     
   127.00000000000000        1.4685631066978821        0.0000000000000000        0.0000000000000000        0.0000000000000000       0.75439999999999996        7.9600000000000004E-002  0.16600000000000001     
   128.00000000000000        1.4665025358745720        0.0000000000000000        0.0000000000000000        0.0000000000000000       0.75439999999999996        9.2200000000000004E-002  0.15340000000000001     
   129.00000000000000        1.4643504584564533        0.0000000000000000        0.0000000000000000        0.0000000000000000       0.75439999999999996        8.4599999999999995E-002  0.16100000000000000     
   130.00000000000000        1.4626266922383158        0.0000000000000000        0.0000000000000000        0.0000000000000000       0.75439999999999996        7.0999999999999994E-002  0.17460000000000001     
   131.00000000000000        1.4613809404803546        0.0000000000000000        0.0000000000000000        0.0000000000000000       0.75439999999999996        6.4000000000000001E-002  0.18160000000000001     
   132.00000000000000        1.4599815363654756        0.0000000000000000        0.0000000000000000        0.0000000000000000       0.75439999999999996        6.6199999999999995E-002  0.17940000000000000     
   133.00000000000000        1.4606344756201843        0.0000000000000000        0.0000000000000000        0.0000000000000000       0.75439999999999996        5.8999999999999997E-002  0.18659999999999999     
   134.00000000000000        1.4617582882711098        0.0000000000000000        0.0000000000000000        0.0000000000000000       0.75439999999999996        6.9199999999999998E-002  0.17640000000000000     
   135.00000000000000        1.4637583911130605        0.0000000000000000        0.0000000000000000        0.0000000000000000       0.75439999999999996        6.9800000000000001E-002  0.17580000000000001     
   136.00000000000000        1.4667533551361638        0.0000000000000000        0.0000000000000000        0.0000000000000000       0.75439999999999996        7.6200000000000004E-002  0.16940000000000000     
   137.00000000000000        1.4709208296805292        0.0000000000000000        0.0000000000000000        0.0000000000000000       0.75439999999999996        6.9800000000000001E-002  0.17580000000000001     
   138.00000000000000        1.4755510372827327        0.0000000000000000        0.0000000000000000        0.0000000000000000       0.75439999999999996        6.4000000000000001E-002  0.18160000000000001     
   139.00000000000000        1.4809183650828726        0.0000000000000000        0.0000000000000000        0.0000000000000000       0.75439999999999996        6.5000000000000002E-002  0.18060000000000001     
   140.00000000000000        1.4866048432267640        0.0000000000000000        0.0000000000000000        0.0000000000000000       0.75439999999999996        6.5000000000000002E-002  0.18060000000000001     
   141.00000000000000        1.4926026298209976        0.0000000000000000        0.0000000000000000        0.0000000000000000       0.75439999999999996        6.3799999999999996E-002  0.18179999999999999     
   142.00000000000000        1.4982233484040808        0.0000000000000000        0.0000000000000000        0.0000000000000000       0.75439999999999996        6.4600000000000005E-002  0.18099999999999999     
   143.00000000000000        1.5023712590072726        0.0000000000000000        0.0000000000000000        0.0000000000000000       0.75439999999999996        7.1199999999999999E-002  0.17440000000000000     
   144.00000000000000        1.5055385688516267        0.0000000000000000        0.0000000000000000        0.0000000000000000       0.75439999999999996        7.1199999999999999E-002  0.17440000000000000     
   145.00000000000000        1.5074521777425600        0.0000000000000000        0.0000000000000000        0.0000000000000000       0.75439999999999996        7.1400000000000005E-002  0.17419999999999999     
   146.00000000000000        1.5083911772066518        0.0000000000000000        0.0000000000000000        0.0000000000000000       0.75439999999999996        6.6400000000000001E-002  0.17920000000000000     
   147.00000000000000        1.5070411252313876        0.0000000000000000        0.0000000000000000        0.0000000000000000       0.75439999999999996        6.5600000000000006E-002  0.17999999999999999     
   148.00000000000000        1.5033620121225197        0.0000000000000000        0.0000000000000000        0.0000000000000000       0.75439999999999996        6.6000000000000003E-002  0.17960000000000001     
   149.00000000000000        1.4971451046564752        0.0000000000000000        0.0000000000000000        0.0000000000000000       0.75439999999999996        6.6199999999999995E-002  0.17940000000000000     
   150.00000000000000        1.4898478078407849        0.0000000000000000        0.0000000000000000        0.0000000000000000       0.75439999999999996        6.6199999999999995E-002  0.17940000000000000     
   151.00000000000000        1.4816880543930806        0.0000000000000000        0.0000000000000000        0.0000000000000000       0.75439999999999996        6.8800000000000000E-002  0.17680000000000001     
   152.00000000000000        1.4722148273878854        0.0000000000000000        0.0000000000000000        0.0000000000000000       0.75439999999999996        7.7399999999999997E-002  0.16819999999999999     
   153.00000000000000        1.4622353401580730        0.0000000000000000        0.0000000000000000        0.0000000000000000       0.75439999999999996        7.6200000000000004E-002  0.16940000000000000     
   154.00000000000000        1.4527759801766331        0.0000000000000000        0.0000000000000000        0.0000000000000000       0.75439999999999996        7.7399999999999997E-002  0.16819999999999999     
   155.00000000000000        1.4445402008533568        0.0000000000000000        0.0000000000000000        0.0000000000000000       0.75439999999999996        7.8399999999999997E-002  0.16719999999999999     
   156.00000000000000        1.4367394729200174        0.0000000000000000        0.0000000000000000        0.0000000000000000       0.75439999999999996        7.0400000000000004E-002  0.17519999999999999     
   157.00000000000000        1.4305925103831263        0.0000000000000000        0.0000000000000000        0.0000000000000000       0.75439999999999996        7.1800000000000003E-002  0.17380000000000001     
   158.00000000000000        1.4262565116900512        0.0000000000000000        0.0000000000000000        0.0000000000000000       0.75439999999999996        7.4800000000000005E-002  0.17080000000000001     
   159.00000000000000        1.4241398251428228        0.0000000000000000        0.0000000000000000        0.0000000000000000       0.75439999999999996        7.3200000000000001E-002  0.17240000000000000     
   160.00000000000000        1.4243046509200517        0.0000000000000000        0.0000000000000000        0.0000000000000000       0.75439999999999996        7.2200000000000000E-002  0.17340000000000000     
   161.00000000000000        1.4243223466587032        0.0000000000000000        0.0000000000000000        0.0000000000000000       0.75439999999999996        6.8000000000000005E-002  0.17760000000000001     
   162.00000000000000        1.4307802434707890        0.0000000000000000        0.0000000000000000        0.0000000000000000       0.75439999999999996        7.1800000000000003E-002  0.17380000000000001     
   163.00000000000000        1.4385586717073029        0.0000000000000000        0.0000000000000000        0.0000000000000000       0.75439999999999996        7.1800000000000003E-002  0.17380000000000001     
   164.00000000000000        1.4463701757032847        0.0000000000000000        0.0000000000000000        0.0000000000000000       0.75439999999999996        7.1800000000000003E-002  0.17380000000000001     
   165.00000000000000        1.4562712592229949        0.0000000000000000        0.0000000000000000        0.0000000000000000       0.75439999999999996        7.1999999999999995E-002  0.17360000000000000     
   166.00000000000000        1.4681237393161746        0.0000000000000000        0.0000000000000000        0.0000000000000000       0.75439999999999996        6.9800000000000001E-002  0.17580000000000001     
   167.00000000000000        1.4808564008570126        0.0000000000000000        0.0000000000000000        0.0000000000000000       0.75439999999999996        6.8199999999999997E-002  0.17740000000000000     
   168.00000000000000        1.4940983840293207        0.0000000000000000        0.0000000000000000        0.0000000000000000       0.75439999999999996        6.9400000000000003E-002  0.17620000000000000     
   169.00000000000000        1.5077322885513231        0.0000000000000000        0.0000000000000000        0.0000000000000000       0.75439999999999996        7.1199999999999999E-002  0.17440000000000000     
   170.00000000000000        1.5210944453887527        0.0000000000000000        0.0000000000000000        0.0000000000000000       0.75439999999999996        7.2800000000000004E-002  0.17280000000000001     
   171.00000000000000        1.5338915117992706        0.0000000000000000        0.0000000000000000        0.0000000000000000       0.75439999999999996        7.4600000000000000E-002  0.17100000000000001     
   172.00000000000000        1.5457802924138362        0.0000000000000000        0.0000000000000000        0.0000000000000000       0.75439999999999996        7.4200000000000002E-002  0.17140000000000000     
   173.00000000000000        1.5561909212832721        0.0000000000000000        0.0000000000000000        0.0000000000000000       0.75439999999999996        7.6600000000000001E-002  0.16900000000000001     
   174.00000000000000        1.5648821884950375        0.0000000000000000        0.0000000000000000        0.0000000000000000       0.75439999999999996        7.6799999999999993E-002  0.16880000000000001     
   175.00000000000000        1.5716956103825874        0.0000000000000000        0.0000000000000000        0.0000000000000000       0.75439999999999996        7.7399999999999997E-002  0.16819999999999999     
   176.00000000000000        1.5764192119865483        0.0000000000000000        0.0000000000000000        0.0000000000000000       0.75439999999999996        7.3599999999999999E-002  0.17199999999999999     
   177.00000000000000        1.5784011495719303        0.0000000000000000        0.0000000000000000        0.0000000000000000       0.75439999999999996        7.5999999999999998E-002  0.16960000000000000     
   178.00000000000000        1.5786675991990906        0.0000000000000000        0.0000000000000000        0.0000000000000000       0.75439999999999996        6.9800000000000001E-002  0.17580000000000001     
   179.00000000000000        1.5759791172154214        0.0000000000000000        0.0000000000000000        0.0000000000000000       0.75439999999999996        6.9400000000000003E-002  0.17620000000000000     
   180.00000000000000        1.5707608016768757        0.0000000000000000        0.0000000000000000        0.0000000000000000       0.75439999999999996        7.0999999999999994E-002  0.17460000000000001     
   181.00000000000000        1.5631214710019377        0.0000000000000000        0.0000000000000000        0.0000000000000000       0.75439999999999996        9.3399999999999997E-002  0.15220000000000000     
   182.00000000000000        1.5529852329353500        0.0000000000000000        0.0000000000000000        0.0000000000000000       0.75439999999999996        7.4999999999999997E-002  0.17060000000000000     
   183.00000000000000        1.5405405789938871        0.0000000000000000        0.0000000000000000        0.0000000000000000       0.75439999999999996        7.7600000000000002E-002  0.16800000000000001     
   184.00000000000000        1.5257966787547099        0.0000000000000000        0.0000000000000000        0.0000000000000000       0.75439999999999996        7.2999999999999995E-002  0.17260000000000000     
   185.00000000000000        1.5093420618539337        0.0000000000000000        0.0000000000000000        0.0000000000000000       0.75439999999999996        8.0600000000000005E-002  0.16500000000000001     
   186.00000000000000        1.4915936983701013        0.0000000000000000        0.0000000000000000        0.0000000000000000       0.75439999999999996        7.6200000000000004E-002  0.16940000000000000     
   187.00000000000000        1.4720789421273417        0.0000000000000000        0.0000000000000000        0.0000000000000000       0.75439999999999996        7.9200000000000007E-002  0.16639999999999999     
   188.00000000000000        1.4514634378185671        0.0000000000000000        0.0000000000000000        0.0000000000000000       0.75439999999999996        7.9000000000000001E-002  0.16660000000000000     
   189.00000000000000        1.4304560291701813        0.0000000000000000        0.0000000000000000        0.0000000000000000       0.75439999999999996        7.9000000000000001E-002  0.16660000000000000     
