#        BMIN =   406
#        BMAX =   411
#     INIBAND =   409
#      NBANDS =   540
#         NSW =  2000
#       POTIM =   1.0
#        TEMP = 300.0
#    NAMDTINI =   234
#    NAMDTIME =  1000
#       NTRAJ =  5000
#        NELM =  1000
#       LHOLE =     T
#        LSHP =     T
#      LCPTXT =     T
#      RUNDIR = ../../run/
   1.0000000000000000        1.4908233268485236        0.0000000000000000        0.0000000000000000        0.0000000000000000        1.0000000000000000        0.0000000000000000        0.0000000000000000     
   2.0000000000000000        1.5009865415982393        0.0000000000000000        0.0000000000000000        0.0000000000000000        1.0000000000000000        0.0000000000000000        0.0000000000000000     
   3.0000000000000000        1.5084269480691077        0.0000000000000000        0.0000000000000000        0.0000000000000000        1.0000000000000000        0.0000000000000000        0.0000000000000000     
   4.0000000000000000        1.5138705202659186        0.0000000000000000        0.0000000000000000        0.0000000000000000        1.0000000000000000        0.0000000000000000        0.0000000000000000     
   5.0000000000000000        1.5178141415456943        0.0000000000000000        0.0000000000000000        0.0000000000000000        1.0000000000000000        0.0000000000000000        0.0000000000000000     
   6.0000000000000000        1.5148345121061395        0.0000000000000000        0.0000000000000000        0.0000000000000000        1.0000000000000000        0.0000000000000000        0.0000000000000000     
   7.0000000000000000        1.5172926941745097        0.0000000000000000        0.0000000000000000        0.0000000000000000        1.0000000000000000        0.0000000000000000        0.0000000000000000     
   8.0000000000000000        1.5149837411378007        0.0000000000000000        0.0000000000000000        0.0000000000000000        1.0000000000000000        0.0000000000000000        0.0000000000000000     
   9.0000000000000000        1.5098907852108323        0.0000000000000000        0.0000000000000000        0.0000000000000000        1.0000000000000000        0.0000000000000000        0.0000000000000000     
   10.000000000000000        1.5036734220211252        0.0000000000000000        0.0000000000000000        0.0000000000000000        1.0000000000000000        0.0000000000000000        0.0000000000000000     
   11.000000000000000        1.4965001894461851        0.0000000000000000        0.0000000000000000        0.0000000000000000        1.0000000000000000        0.0000000000000000        0.0000000000000000     
   12.000000000000000        1.4876902378043777        0.0000000000000000        0.0000000000000000        0.0000000000000000        1.0000000000000000        0.0000000000000000        0.0000000000000000     
   13.000000000000000        1.4743564957121325        0.0000000000000000        0.0000000000000000        0.0000000000000000        1.0000000000000000        0.0000000000000000        0.0000000000000000     
   14.000000000000000        1.4654399800649383        0.0000000000000000        0.0000000000000000        0.0000000000000000        1.0000000000000000        0.0000000000000000        0.0000000000000000     
   15.000000000000000        1.4591289494856587        0.0000000000000000        0.0000000000000000        0.0000000000000000        1.0000000000000000        0.0000000000000000        0.0000000000000000     
   16.000000000000000        1.4485869635921544        0.0000000000000000        0.0000000000000000        0.0000000000000000        1.0000000000000000        0.0000000000000000        0.0000000000000000     
   17.000000000000000        1.4426776938623513        0.0000000000000000        0.0000000000000000        0.0000000000000000        1.0000000000000000        0.0000000000000000        0.0000000000000000     
   18.000000000000000        1.4378312734085288        0.0000000000000000        0.0000000000000000        0.0000000000000000        1.0000000000000000        0.0000000000000000        0.0000000000000000     
   19.000000000000000        1.4335433413596479        0.0000000000000000        0.0000000000000000        0.0000000000000000        1.0000000000000000        0.0000000000000000        0.0000000000000000     
   20.000000000000000        1.4307801015671173        0.0000000000000000        0.0000000000000000        0.0000000000000000        1.0000000000000000        0.0000000000000000        0.0000000000000000     
   21.000000000000000        1.4299505272825561        0.0000000000000000        0.0000000000000000        0.0000000000000000        1.0000000000000000        0.0000000000000000        0.0000000000000000     
   22.000000000000000        1.4309971345066503        0.0000000000000000        0.0000000000000000        0.0000000000000000        1.0000000000000000        0.0000000000000000        0.0000000000000000     
   23.000000000000000        1.4338174275242643        0.0000000000000000        0.0000000000000000        0.0000000000000000        1.0000000000000000        0.0000000000000000        0.0000000000000000     
   24.000000000000000        1.4388522864595839        0.0000000000000000        0.0000000000000000        0.0000000000000000        1.0000000000000000        0.0000000000000000        0.0000000000000000     
   25.000000000000000        1.4447698728745908        0.0000000000000000        0.0000000000000000        0.0000000000000000        1.0000000000000000        0.0000000000000000        0.0000000000000000     
   26.000000000000000        1.4539500244522348        0.0000000000000000        0.0000000000000000        0.0000000000000000        1.0000000000000000        0.0000000000000000        0.0000000000000000     
   27.000000000000000        1.4599549670474614        0.0000000000000000        0.0000000000000000        0.0000000000000000        1.0000000000000000        0.0000000000000000        0.0000000000000000     
   28.000000000000000        1.4509565073854560        0.0000000000000000        0.0000000000000000        0.0000000000000000        1.0000000000000000        0.0000000000000000        0.0000000000000000     
   29.000000000000000        1.4912801957616824        0.0000000000000000        0.0000000000000000        0.0000000000000000       0.15400000000000000       0.84599999999999997        0.0000000000000000     
   30.000000000000000        1.4822140261777563        0.0000000000000000        0.0000000000000000        0.0000000000000000       0.16120000000000001       0.52420000000000000       0.31459999999999999     
   31.000000000000000        1.4835096954871319        0.0000000000000000        0.0000000000000000        0.0000000000000000       0.16120000000000001       0.52420000000000000       0.31459999999999999     
   32.000000000000000        1.4870030953105877        0.0000000000000000        0.0000000000000000        0.0000000000000000       0.15759999999999999       0.52780000000000005       0.31459999999999999     
   33.000000000000000        1.5027503446186290        0.0000000000000000        0.0000000000000000        0.0000000000000000       0.12139999999999999       0.56399999999999995       0.31459999999999999     
   34.000000000000000        1.5138366289144376        0.0000000000000000        0.0000000000000000        0.0000000000000000       0.36559999999999998       0.34020000000000000       0.29420000000000002     
   35.000000000000000        1.6135976188199623        0.0000000000000000        0.0000000000000000        0.0000000000000000        9.1999999999999998E-002  0.14219999999999999       0.76580000000000004     
   36.000000000000000        1.5941982280924096        0.0000000000000000        0.0000000000000000        2.3999999999999998E-003   4.2000000000000003E-002   0.0000000000000000       0.95560000000000000     
   37.000000000000000        1.5714499231149430        0.0000000000000000        0.0000000000000000        2.3999999999999998E-003   4.2000000000000003E-002   5.9999999999999995E-004  0.95499999999999996     
   38.000000000000000        1.5940230890743239        0.0000000000000000        0.0000000000000000        2.3999999999999998E-003   4.2000000000000003E-002   5.9999999999999995E-004  0.95499999999999996     
   39.000000000000000        1.6578410083669324        0.0000000000000000        0.0000000000000000        2.3999999999999998E-003   4.2000000000000003E-002   4.0000000000000002E-004  0.95520000000000005     
   40.000000000000000        1.6329860182449514        0.0000000000000000        0.0000000000000000        2.3999999999999998E-003   4.2000000000000003E-002   4.0000000000000002E-004  0.95520000000000005     
   41.000000000000000        1.6495618049236938        0.0000000000000000        0.0000000000000000        2.3999999999999998E-003   4.2000000000000003E-002   1.6000000000000001E-003  0.95399999999999996     
   42.000000000000000        1.6649275653332141        0.0000000000000000        0.0000000000000000        2.3999999999999998E-003   4.2000000000000003E-002   4.4000000000000003E-003  0.95120000000000005     
   43.000000000000000        1.6771282797786096        0.0000000000000000        0.0000000000000000        2.3999999999999998E-003   4.2000000000000003E-002   5.4000000000000003E-003  0.95020000000000004     
   44.000000000000000        1.6865199700796456        0.0000000000000000        0.0000000000000000        2.3999999999999998E-003   4.2000000000000003E-002   5.5999999999999999E-003  0.94999999999999996     
   45.000000000000000        1.6937400073965763        0.0000000000000000        0.0000000000000000        2.3999999999999998E-003   4.2000000000000003E-002   1.2800000000000001E-002  0.94279999999999997     
   46.000000000000000        1.6959972993778769        0.0000000000000000        0.0000000000000000        2.3999999999999998E-003   4.2000000000000003E-002   2.3599999999999999E-002  0.93200000000000005     
   47.000000000000000        1.6958501852587371        0.0000000000000000        0.0000000000000000        2.3999999999999998E-003   4.2000000000000003E-002   1.1800000000000000E-002  0.94379999999999997     
   48.000000000000000        1.6927551720639966        0.0000000000000000        0.0000000000000000        2.3999999999999998E-003   4.2000000000000003E-002   5.1600000000000000E-002  0.90400000000000003     
   49.000000000000000        1.6873495722965168        0.0000000000000000        0.0000000000000000        2.3999999999999998E-003   4.2000000000000003E-002   4.2599999999999999E-002  0.91300000000000003     
   50.000000000000000        1.6795396068527926        0.0000000000000000        0.0000000000000000        2.3999999999999998E-003   4.2000000000000003E-002   5.9200000000000003E-002  0.89639999999999997     
   51.000000000000000        1.6706259271279644        0.0000000000000000        0.0000000000000000        2.3999999999999998E-003   4.2000000000000003E-002   1.1400000000000000E-002  0.94420000000000004     
   52.000000000000000        1.6602578247095579        0.0000000000000000        0.0000000000000000        2.3999999999999998E-003   4.2000000000000003E-002   1.0800000000000001E-002  0.94479999999999997     
   53.000000000000000        1.6493655940208372        0.0000000000000000        0.0000000000000000        2.3999999999999998E-003   4.2000000000000003E-002   1.0999999999999999E-002  0.94460000000000000     
   54.000000000000000        1.6386632391492044        0.0000000000000000        0.0000000000000000        2.3999999999999998E-003   4.2000000000000003E-002   1.7399999999999999E-002  0.93820000000000003     
   55.000000000000000        1.6286747606698890        0.0000000000000000        0.0000000000000000        2.3999999999999998E-003   4.2000000000000003E-002   2.3199999999999998E-002  0.93240000000000001     
   56.000000000000000        1.6203202141724662        0.0000000000000000        0.0000000000000000        2.2000000000000001E-003   4.2200000000000001E-002   2.7600000000000000E-002  0.92800000000000005     
   57.000000000000000        1.6131066014160009        0.0000000000000000        0.0000000000000000        2.2000000000000001E-003   4.2200000000000001E-002   2.8600000000000000E-002  0.92700000000000005     
   58.000000000000000        1.6084635731307073        0.0000000000000000        0.0000000000000000        2.2000000000000001E-003   4.2200000000000001E-002   2.9200000000000000E-002  0.92640000000000000     
   59.000000000000000        1.6064332643932453        0.0000000000000000        0.0000000000000000        2.2000000000000001E-003   4.2200000000000001E-002   2.9000000000000001E-002  0.92659999999999998     
   60.000000000000000        1.6070062172682622        0.0000000000000000        0.0000000000000000        2.2000000000000001E-003   4.2200000000000001E-002   2.7000000000000000E-002  0.92859999999999998     
   61.000000000000000        1.6101406648284877        0.0000000000000000        0.0000000000000000        2.2000000000000001E-003   4.2200000000000001E-002   3.0400000000000000E-002  0.92520000000000002     
   62.000000000000000        1.6157566565557031        0.0000000000000000        0.0000000000000000        2.2000000000000001E-003   4.2200000000000001E-002   3.0400000000000000E-002  0.92520000000000002     
   63.000000000000000        1.6234992529693293        0.0000000000000000        0.0000000000000000        2.2000000000000001E-003   4.2200000000000001E-002   2.9399999999999999E-002  0.92620000000000002     
   64.000000000000000        1.6331580869590203        0.0000000000000000        0.0000000000000000        2.0000000000000000E-003   4.2400000000000000E-002   2.8199999999999999E-002  0.92740000000000000     
   65.000000000000000        1.6438160775584654        0.0000000000000000        0.0000000000000000        2.0000000000000000E-003   4.2400000000000000E-002   2.7799999999999998E-002  0.92779999999999996     
   66.000000000000000        1.6537446439449179        0.0000000000000000        0.0000000000000000        2.0000000000000000E-003   4.2400000000000000E-002   2.9200000000000000E-002  0.92640000000000000     
   67.000000000000000        1.6665780539255657        0.0000000000000000        0.0000000000000000        2.0000000000000000E-003   4.2400000000000000E-002   3.1000000000000000E-002  0.92459999999999998     
   68.000000000000000        1.6775169004100203        0.0000000000000000        0.0000000000000000        1.8000000000000000E-003   4.2599999999999999E-002   3.0599999999999999E-002  0.92500000000000004     
   69.000000000000000        1.6875068868716887        0.0000000000000000        0.0000000000000000        1.8000000000000000E-003   4.2599999999999999E-002   2.9999999999999999E-002  0.92559999999999998     
   70.000000000000000        1.6954247069977999        0.0000000000000000        0.0000000000000000        1.8000000000000000E-003   4.2599999999999999E-002   3.2000000000000001E-002  0.92359999999999998     
   71.000000000000000        1.7039574426982089        0.0000000000000000        0.0000000000000000        1.8000000000000000E-003   4.2599999999999999E-002   2.9600000000000001E-002  0.92600000000000005     
   72.000000000000000        1.7054399192225280        0.0000000000000000        0.0000000000000000        1.8000000000000000E-003   4.2599999999999999E-002   2.8199999999999999E-002  0.92740000000000000     
   73.000000000000000        1.7070840470061655        0.0000000000000000        0.0000000000000000        1.8000000000000000E-003   4.2599999999999999E-002   2.5999999999999999E-002  0.92959999999999998     
   74.000000000000000        1.7057160720364171        0.0000000000000000        0.0000000000000000        1.8000000000000000E-003   4.2599999999999999E-002   2.7799999999999998E-002  0.92779999999999996     
   75.000000000000000        1.7016735464969417        0.0000000000000000        0.0000000000000000        1.8000000000000000E-003   4.2599999999999999E-002   2.7400000000000001E-002  0.92820000000000003     
   76.000000000000000        1.6952460103542579        0.0000000000000000        0.0000000000000000        1.8000000000000000E-003   4.2599999999999999E-002   2.7400000000000001E-002  0.92820000000000003     
   77.000000000000000        1.6860620347543860        0.0000000000000000        0.0000000000000000        1.8000000000000000E-003   4.2599999999999999E-002   2.5800000000000000E-002  0.92979999999999996     
   78.000000000000000        1.6745835745227353        0.0000000000000000        0.0000000000000000        1.8000000000000000E-003   4.2599999999999999E-002   2.5600000000000001E-002  0.93000000000000005     
   79.000000000000000        1.6614812931725931        0.0000000000000000        0.0000000000000000        1.8000000000000000E-003   4.2599999999999999E-002   2.5999999999999999E-002  0.92959999999999998     
   80.000000000000000        1.6464692242802621        0.0000000000000000        0.0000000000000000        1.8000000000000000E-003   4.2599999999999999E-002   2.9000000000000001E-002  0.92659999999999998     
   81.000000000000000        1.6304153371752703        0.0000000000000000        0.0000000000000000        1.8000000000000000E-003   4.2599999999999999E-002   2.9000000000000001E-002  0.92659999999999998     
   82.000000000000000        1.6139788682885845        0.0000000000000000        0.0000000000000000        1.8000000000000000E-003   4.2599999999999999E-002   2.4199999999999999E-002  0.93140000000000001     
   83.000000000000000        1.5977242328365242        0.0000000000000000        0.0000000000000000        1.8000000000000000E-003   4.2599999999999999E-002   1.8599999999999998E-002  0.93700000000000006     
   84.000000000000000        1.5823318559099251        0.0000000000000000        0.0000000000000000        1.8000000000000000E-003   4.2599999999999999E-002   1.1599999999999999E-002  0.94399999999999995     
   85.000000000000000        1.5687400068235435        0.0000000000000000        0.0000000000000000        1.4000000000000000E-003   4.2999999999999997E-002   3.2599999999999997E-002  0.92300000000000004     
   86.000000000000000        1.5572669231032903        0.0000000000000000        0.0000000000000000        1.4000000000000000E-003   4.2999999999999997E-002   9.0200000000000002E-002  0.86539999999999995     
   87.000000000000000        1.5493128236007085        0.0000000000000000        0.0000000000000000        1.4000000000000000E-003   4.2999999999999997E-002   0.0000000000000000       0.95560000000000000     
   88.000000000000000        1.5454563548642435        0.0000000000000000        0.0000000000000000        1.4000000000000000E-003   4.2999999999999997E-002   4.4400000000000002E-002  0.91120000000000001     
   89.000000000000000        1.5459259848364675        0.0000000000000000        0.0000000000000000        1.4000000000000000E-003   4.2999999999999997E-002   5.4399999999999997E-002  0.90120000000000000     
   90.000000000000000        1.5512151270939658        0.0000000000000000        0.0000000000000000        1.4000000000000000E-003   4.2999999999999997E-002   5.4600000000000003E-002  0.90100000000000002     
   91.000000000000000        1.5612119913206550        0.0000000000000000        0.0000000000000000        1.4000000000000000E-003   4.2999999999999997E-002   6.0999999999999999E-002  0.89459999999999995     
   92.000000000000000        1.5762650321383020        0.0000000000000000        0.0000000000000000        1.4000000000000000E-003   4.2999999999999997E-002   5.9200000000000003E-002  0.89639999999999997     
   93.000000000000000        1.5960305258656013        0.0000000000000000        0.0000000000000000        1.4000000000000000E-003   4.2999999999999997E-002   6.2799999999999995E-002  0.89280000000000004     
   94.000000000000000        1.6204092136949559        0.0000000000000000        0.0000000000000000        1.4000000000000000E-003   4.2999999999999997E-002   6.5000000000000002E-002  0.89059999999999995     
   95.000000000000000        1.6488757223676098        0.0000000000000000        0.0000000000000000        1.4000000000000000E-003   4.2999999999999997E-002   6.4600000000000005E-002  0.89100000000000001     
   96.000000000000000        1.6807474362574504        0.0000000000000000        0.0000000000000000        1.4000000000000000E-003   4.2999999999999997E-002   6.4600000000000005E-002  0.89100000000000001     
   97.000000000000000        1.7160465965982774        0.0000000000000000        0.0000000000000000        1.4000000000000000E-003   4.2999999999999997E-002   6.4399999999999999E-002  0.89119999999999999     
   98.000000000000000        1.7520268702122279        0.0000000000000000        0.0000000000000000        1.4000000000000000E-003   4.2999999999999997E-002   6.4600000000000005E-002  0.89100000000000001     
   99.000000000000000        1.7895422670452992        0.0000000000000000        0.0000000000000000        1.4000000000000000E-003   4.2999999999999997E-002   6.4600000000000005E-002  0.89100000000000001     
   100.00000000000000        1.8272275514973244        0.0000000000000000        0.0000000000000000        1.4000000000000000E-003   4.2999999999999997E-002   6.4399999999999999E-002  0.89119999999999999     
   101.00000000000000        1.8631782392702301        0.0000000000000000        0.0000000000000000        1.4000000000000000E-003   4.2999999999999997E-002   6.3399999999999998E-002  0.89219999999999999     
   102.00000000000000        1.8975215379333779        0.0000000000000000        0.0000000000000000        1.4000000000000000E-003   4.2999999999999997E-002   6.3600000000000004E-002  0.89200000000000002     
   103.00000000000000        1.9289418815509340        0.0000000000000000        0.0000000000000000        1.4000000000000000E-003   4.2999999999999997E-002   6.3600000000000004E-002  0.89200000000000002     
   104.00000000000000        1.9567514352930189        0.0000000000000000        0.0000000000000000        1.4000000000000000E-003   4.2999999999999997E-002   6.3600000000000004E-002  0.89200000000000002     
   105.00000000000000        1.9802126034316330        0.0000000000000000        0.0000000000000000        1.4000000000000000E-003   4.2999999999999997E-002   6.4600000000000005E-002  0.89100000000000001     
   106.00000000000000        1.9991850412093557        0.0000000000000000        0.0000000000000000        1.4000000000000000E-003   4.2999999999999997E-002   6.4799999999999996E-002  0.89080000000000004     
   107.00000000000000        2.0134337061849767        0.0000000000000000        0.0000000000000000        1.4000000000000000E-003   4.2999999999999997E-002   6.2799999999999995E-002  0.89280000000000004     
   108.00000000000000        2.0180081517517747        0.0000000000000000        0.0000000000000000        1.4000000000000000E-003   4.2999999999999997E-002   6.0199999999999997E-002  0.89539999999999997     
   109.00000000000000        2.0185865389910576        0.0000000000000000        0.0000000000000000        1.4000000000000000E-003   4.2999999999999997E-002   6.1600000000000002E-002  0.89400000000000002     
   110.00000000000000        2.0152085769493278        0.0000000000000000        0.0000000000000000        1.4000000000000000E-003   4.2999999999999997E-002   6.1400000000000003E-002  0.89419999999999999     
   111.00000000000000        2.0019034350526494        0.0000000000000000        0.0000000000000000        1.4000000000000000E-003   4.2999999999999997E-002   6.0600000000000001E-002  0.89500000000000002     
   112.00000000000000        1.9862190321855675        0.0000000000000000        0.0000000000000000        1.4000000000000000E-003   4.2999999999999997E-002   5.8599999999999999E-002  0.89700000000000002     
   113.00000000000000        1.9660754312900930        0.0000000000000000        0.0000000000000000        1.4000000000000000E-003   4.2999999999999997E-002   5.9400000000000001E-002  0.89620000000000000     
   114.00000000000000        1.9381531749379801        0.0000000000000000        0.0000000000000000        1.4000000000000000E-003   4.2999999999999997E-002   6.5799999999999997E-002  0.88980000000000004     
   115.00000000000000        1.9098425407193558        0.0000000000000000        0.0000000000000000        1.4000000000000000E-003   4.2999999999999997E-002   7.0400000000000004E-002  0.88519999999999999     
   116.00000000000000        1.8765236190592980        0.0000000000000000        0.0000000000000000        1.4000000000000000E-003   4.2999999999999997E-002   5.0599999999999999E-002  0.90500000000000003     
   117.00000000000000        1.8406751101826802        0.0000000000000000        0.0000000000000000        1.4000000000000000E-003   4.2999999999999997E-002   6.1400000000000003E-002  0.89419999999999999     
   118.00000000000000        1.8026422927904322        0.0000000000000000        0.0000000000000000        1.4000000000000000E-003   4.2999999999999997E-002   8.3400000000000002E-002  0.87219999999999998     
   119.00000000000000        1.7636540227163160        0.0000000000000000        0.0000000000000000        1.4000000000000000E-003   4.2999999999999997E-002   9.8000000000000004E-002  0.85760000000000003     
   120.00000000000000        1.7247179335819904        0.0000000000000000        0.0000000000000000        1.4000000000000000E-003   4.2999999999999997E-002  0.13400000000000001       0.82160000000000000     
   121.00000000000000        1.6863783941085120        0.0000000000000000        0.0000000000000000        1.4000000000000000E-003   4.2999999999999997E-002  0.20039999999999999       0.75519999999999998     
   122.00000000000000        1.6501762402666054        0.0000000000000000        0.0000000000000000        1.4000000000000000E-003   4.2999999999999997E-002  0.21500000000000000       0.74060000000000004     
   123.00000000000000        1.6163083080921561        0.0000000000000000        0.0000000000000000        1.4000000000000000E-003   4.2999999999999997E-002  0.26040000000000002       0.69520000000000004     
   124.00000000000000        1.5858515389204235        0.0000000000000000        0.0000000000000000        1.4000000000000000E-003   4.2999999999999997E-002  0.30240000000000000       0.65320000000000000     
   125.00000000000000        1.5594393366961325        0.0000000000000000        0.0000000000000000        1.4000000000000000E-003   4.2999999999999997E-002  0.33320000000000000       0.62239999999999995     
   126.00000000000000        1.5374693176046512        0.0000000000000000        0.0000000000000000        1.4000000000000000E-003   4.2999999999999997E-002  0.35620000000000002       0.59940000000000004     
   127.00000000000000        1.5205961610430636        0.0000000000000000        0.0000000000000000        1.4000000000000000E-003   4.2999999999999997E-002  0.36359999999999998       0.59199999999999997     
   128.00000000000000        1.5091014257403157        0.0000000000000000        0.0000000000000000        1.4000000000000000E-003   4.2999999999999997E-002  0.36180000000000001       0.59379999999999999     
   129.00000000000000        1.5028707482912829        0.0000000000000000        0.0000000000000000        1.4000000000000000E-003   4.2999999999999997E-002  0.37659999999999999       0.57899999999999996     
   130.00000000000000        1.5028370396777346        0.0000000000000000        0.0000000000000000        1.4000000000000000E-003   4.2999999999999997E-002  0.36780000000000002       0.58779999999999999     
   131.00000000000000        1.5069903056785359        0.0000000000000000        0.0000000000000000        1.4000000000000000E-003   4.2999999999999997E-002  0.36799999999999999       0.58760000000000001     
   132.00000000000000        1.5159646086481844        0.0000000000000000        0.0000000000000000        1.4000000000000000E-003   4.2999999999999997E-002  0.36220000000000002       0.59340000000000004     
   133.00000000000000        1.5293962242937500        0.0000000000000000        0.0000000000000000        1.4000000000000000E-003   4.2999999999999997E-002  0.36159999999999998       0.59399999999999997     
   134.00000000000000        1.5461307679830065        0.0000000000000000        0.0000000000000000        1.4000000000000000E-003   4.2999999999999997E-002  0.36659999999999998       0.58899999999999997     
   135.00000000000000        1.5661610394693912        0.0000000000000000        0.0000000000000000        1.4000000000000000E-003   4.2999999999999997E-002  0.38379999999999997       0.57179999999999997     
   136.00000000000000        1.5874064415786266        0.0000000000000000        0.0000000000000000        1.4000000000000000E-003   4.2999999999999997E-002  0.36780000000000002       0.58779999999999999     
   137.00000000000000        1.6104236779492878        0.0000000000000000        0.0000000000000000        1.4000000000000000E-003   4.2999999999999997E-002  0.38300000000000001       0.57260000000000000     
   138.00000000000000        1.6337465555753159        0.0000000000000000        0.0000000000000000        1.4000000000000000E-003   4.2999999999999997E-002  0.39340000000000003       0.56220000000000003     
   139.00000000000000        1.6568865927091545        0.0000000000000000        2.0000000000000001E-004   1.1999999999999999E-003   4.2999999999999997E-002  0.41399999999999998       0.54159999999999997     
   140.00000000000000        1.6789080160736667        0.0000000000000000        2.0000000000000001E-004   1.1999999999999999E-003   4.2999999999999997E-002  0.43519999999999998       0.52039999999999997     
   141.00000000000000        1.6994774024699686        0.0000000000000000        2.0000000000000001E-004   1.1999999999999999E-003   4.2999999999999997E-002  0.43580000000000002       0.51980000000000004     
   142.00000000000000        1.7176316734783779        0.0000000000000000        2.0000000000000001E-004   1.1999999999999999E-003   4.2999999999999997E-002  0.44240000000000002       0.51319999999999999     
   143.00000000000000        1.7335234042320917        0.0000000000000000        2.0000000000000001E-004   1.1999999999999999E-003   4.2999999999999997E-002  0.39760000000000001       0.55800000000000005     
   144.00000000000000        1.7461722192349760        0.0000000000000000        2.0000000000000001E-004   1.1999999999999999E-003   4.2999999999999997E-002  0.39200000000000002       0.56359999999999999     
   145.00000000000000        1.7554319071729685        0.0000000000000000        2.0000000000000001E-004   1.1999999999999999E-003   4.2999999999999997E-002  0.39119999999999999       0.56440000000000001     
   146.00000000000000        1.7609998352768415        0.0000000000000000        0.0000000000000000        1.4000000000000000E-003   4.2999999999999997E-002  0.35339999999999999       0.60219999999999996     
   147.00000000000000        1.7628365515548152        0.0000000000000000        0.0000000000000000        1.4000000000000000E-003   4.2999999999999997E-002  0.33979999999999999       0.61580000000000001     
   148.00000000000000        1.7611197826464613        0.0000000000000000        0.0000000000000000        1.4000000000000000E-003   4.2999999999999997E-002  0.32060000000000000       0.63500000000000001     
   149.00000000000000        1.7555960263251684        0.0000000000000000        0.0000000000000000        1.4000000000000000E-003   4.2999999999999997E-002  0.33220000000000000       0.62339999999999995     
   150.00000000000000        1.7474386672910966        0.0000000000000000        0.0000000000000000        1.4000000000000000E-003   4.2999999999999997E-002  0.32540000000000002       0.63019999999999998     
   151.00000000000000        1.7354785497962004        0.0000000000000000        0.0000000000000000        1.4000000000000000E-003   4.2999999999999997E-002  0.31280000000000002       0.64280000000000004     
   152.00000000000000        1.7217654586673419        0.0000000000000000        0.0000000000000000        1.4000000000000000E-003   4.2999999999999997E-002  0.30959999999999999       0.64600000000000002     
   153.00000000000000        1.7061816089092183        0.0000000000000000        0.0000000000000000        1.4000000000000000E-003   4.2999999999999997E-002  0.30280000000000001       0.65280000000000005     
   154.00000000000000        1.6894152384281089        0.0000000000000000        0.0000000000000000        1.4000000000000000E-003   4.2999999999999997E-002  0.30340000000000000       0.65220000000000000     
   155.00000000000000        1.6722752891749264        0.0000000000000000        0.0000000000000000        1.4000000000000000E-003   4.2999999999999997E-002  0.30499999999999999       0.65059999999999996     
   156.00000000000000        1.6553739683107769        0.0000000000000000        0.0000000000000000        1.4000000000000000E-003   4.2999999999999997E-002  0.30480000000000002       0.65080000000000005     
   157.00000000000000        1.6392647765606887        0.0000000000000000        0.0000000000000000        1.4000000000000000E-003   4.2999999999999997E-002  0.30559999999999998       0.65000000000000002     
   158.00000000000000        1.6248173295867931        0.0000000000000000        0.0000000000000000        1.4000000000000000E-003   4.2999999999999997E-002  0.30480000000000002       0.65080000000000005     
   159.00000000000000        1.6126067075227937        0.0000000000000000        0.0000000000000000        1.4000000000000000E-003   4.2999999999999997E-002  0.30120000000000002       0.65439999999999998     
   160.00000000000000        1.6024258421946835        0.0000000000000000        0.0000000000000000        1.4000000000000000E-003   4.2999999999999997E-002  0.30480000000000002       0.65080000000000005     
   161.00000000000000        1.5947811807623196        0.0000000000000000        0.0000000000000000        1.4000000000000000E-003   4.2999999999999997E-002  0.30399999999999999       0.65159999999999996     
   162.00000000000000        1.5901021554616648        0.0000000000000000        0.0000000000000000        1.4000000000000000E-003   4.2999999999999997E-002  0.30220000000000002       0.65339999999999998     
   163.00000000000000        1.5878192298435638        0.0000000000000000        0.0000000000000000        1.4000000000000000E-003   4.2999999999999997E-002  0.30299999999999999       0.65259999999999996     
   164.00000000000000        1.5878261678258565        0.0000000000000000        0.0000000000000000        1.4000000000000000E-003   4.2999999999999997E-002  0.30320000000000003       0.65239999999999998     
   165.00000000000000        1.5907208330391687        0.0000000000000000        0.0000000000000000        1.4000000000000000E-003   4.2999999999999997E-002  0.29180000000000000       0.66379999999999995     
   166.00000000000000        1.5932439714948907        0.0000000000000000        0.0000000000000000        1.4000000000000000E-003   4.2999999999999997E-002  0.27320000000000000       0.68240000000000001     
   167.00000000000000        1.5980227802582001        0.0000000000000000        0.0000000000000000        1.4000000000000000E-003   4.2999999999999997E-002  0.27060000000000001       0.68500000000000005     
   168.00000000000000        1.6026351374655237        0.0000000000000000        0.0000000000000000        1.4000000000000000E-003   4.2999999999999997E-002  0.27600000000000002       0.67959999999999998     
   169.00000000000000        1.6077035941635371        0.0000000000000000        0.0000000000000000        1.4000000000000000E-003   4.2999999999999997E-002  0.26360000000000000       0.69199999999999995     
   170.00000000000000        1.6119260618421771        0.0000000000000000        0.0000000000000000        1.4000000000000000E-003   4.2999999999999997E-002  0.30199999999999999       0.65359999999999996     
   171.00000000000000        1.6153156121990542        0.0000000000000000        0.0000000000000000        1.4000000000000000E-003   4.2999999999999997E-002  0.33179999999999998       0.62380000000000002     
   172.00000000000000        1.6161440165068199        0.0000000000000000        0.0000000000000000        1.4000000000000000E-003   4.2999999999999997E-002  0.31819999999999998       0.63739999999999997     
   173.00000000000000        1.6179707640422150        0.0000000000000000        0.0000000000000000        1.4000000000000000E-003   4.2999999999999997E-002  0.32300000000000001       0.63260000000000005     
   174.00000000000000        1.6152473300792138        0.0000000000000000        0.0000000000000000        1.4000000000000000E-003   4.2999999999999997E-002  0.31940000000000002       0.63619999999999999     
   175.00000000000000        1.6110257226586764        0.0000000000000000        0.0000000000000000        1.4000000000000000E-003   4.2999999999999997E-002  0.32940000000000003       0.62619999999999998     
   176.00000000000000        1.6033758851199265        0.0000000000000000        0.0000000000000000        1.4000000000000000E-003   4.2999999999999997E-002  0.33579999999999999       0.61980000000000002     
   177.00000000000000        1.5952810918810811        0.0000000000000000        0.0000000000000000        1.4000000000000000E-003   4.2999999999999997E-002  0.33179999999999998       0.62380000000000002     
   178.00000000000000        1.5854850300373253        0.0000000000000000        0.0000000000000000        1.4000000000000000E-003   4.2999999999999997E-002  0.31540000000000001       0.64019999999999999     
   179.00000000000000        1.5740260900120180        0.0000000000000000        0.0000000000000000        1.4000000000000000E-003   4.2999999999999997E-002  0.33420000000000000       0.62139999999999995     
   180.00000000000000        1.5616316277838684        0.0000000000000000        0.0000000000000000        1.4000000000000000E-003   4.2999999999999997E-002  0.31400000000000000       0.64159999999999995     
   181.00000000000000        1.5483002893397360        0.0000000000000000        0.0000000000000000        1.4000000000000000E-003   4.2999999999999997E-002  0.33439999999999998       0.62119999999999997     
   182.00000000000000        1.5346828621011035        0.0000000000000000        0.0000000000000000        1.4000000000000000E-003   4.2999999999999997E-002  0.34820000000000001       0.60740000000000005     
   183.00000000000000        1.5197303788260541        0.0000000000000000        0.0000000000000000        1.4000000000000000E-003   2.2400000000000000E-002  0.59840000000000004       0.37780000000000002     
   184.00000000000000        1.5138121527533777        0.0000000000000000        0.0000000000000000        1.4000000000000000E-003   1.7200000000000000E-002  0.60340000000000005       0.37800000000000000     
   185.00000000000000        1.5107283882955329        0.0000000000000000        0.0000000000000000        1.4000000000000000E-003   1.6799999999999999E-002  0.60380000000000000       0.37800000000000000     
   186.00000000000000        1.5090322459177097        0.0000000000000000        0.0000000000000000        1.4000000000000000E-003   1.8200000000000001E-002  0.60240000000000005       0.37800000000000000     
   187.00000000000000        1.5088729752563874        0.0000000000000000        0.0000000000000000        1.4000000000000000E-003   1.6199999999999999E-002  0.60440000000000005       0.37800000000000000     
   188.00000000000000        1.5107284054001950        0.0000000000000000        0.0000000000000000        1.4000000000000000E-003   1.8200000000000001E-002  0.60240000000000005       0.37800000000000000     
   189.00000000000000        1.5140020678834203        0.0000000000000000        0.0000000000000000        1.4000000000000000E-003   1.9800000000000002E-002  0.60080000000000000       0.37800000000000000     
