#        BMIN =   406
#        BMAX =   411
#     INIBAND =   409
#      NBANDS =   540
#         NSW =  2000
#       POTIM =   1.0
#        TEMP = 300.0
#    NAMDTINI =   243
#    NAMDTIME =  1000
#       NTRAJ =  5000
#        NELM =  1000
#       LHOLE =     T
#        LSHP =     T
#      LCPTXT =     T
#      RUNDIR = ../../run/
   1.0000000000000000        1.5036734220211252        0.0000000000000000        0.0000000000000000        0.0000000000000000        1.0000000000000000        0.0000000000000000        0.0000000000000000     
   2.0000000000000000        1.4965001894461851        0.0000000000000000        0.0000000000000000        0.0000000000000000        1.0000000000000000        0.0000000000000000        0.0000000000000000     
   3.0000000000000000        1.4876902378043777        0.0000000000000000        0.0000000000000000        0.0000000000000000        1.0000000000000000        0.0000000000000000        0.0000000000000000     
   4.0000000000000000        1.4743564957121325        0.0000000000000000        0.0000000000000000        0.0000000000000000        1.0000000000000000        0.0000000000000000        0.0000000000000000     
   5.0000000000000000        1.4654399800649383        0.0000000000000000        0.0000000000000000        0.0000000000000000        1.0000000000000000        0.0000000000000000        0.0000000000000000     
   6.0000000000000000        1.4591289494856587        0.0000000000000000        0.0000000000000000        0.0000000000000000        1.0000000000000000        0.0000000000000000        0.0000000000000000     
   7.0000000000000000        1.4485869635921544        0.0000000000000000        0.0000000000000000        0.0000000000000000        1.0000000000000000        0.0000000000000000        0.0000000000000000     
   8.0000000000000000        1.4426776938623513        0.0000000000000000        0.0000000000000000        0.0000000000000000        1.0000000000000000        0.0000000000000000        0.0000000000000000     
   9.0000000000000000        1.4378312734085288        0.0000000000000000        0.0000000000000000        0.0000000000000000        1.0000000000000000        0.0000000000000000        0.0000000000000000     
   10.000000000000000        1.4335433413596479        0.0000000000000000        0.0000000000000000        0.0000000000000000        1.0000000000000000        0.0000000000000000        0.0000000000000000     
   11.000000000000000        1.4307801015671173        0.0000000000000000        0.0000000000000000        0.0000000000000000        1.0000000000000000        0.0000000000000000        0.0000000000000000     
   12.000000000000000        1.4299505272825561        0.0000000000000000        0.0000000000000000        0.0000000000000000        1.0000000000000000        0.0000000000000000        0.0000000000000000     
   13.000000000000000        1.4309971345066503        0.0000000000000000        0.0000000000000000        0.0000000000000000        1.0000000000000000        0.0000000000000000        0.0000000000000000     
   14.000000000000000        1.4338174275242643        0.0000000000000000        0.0000000000000000        0.0000000000000000        1.0000000000000000        0.0000000000000000        0.0000000000000000     
   15.000000000000000        1.4388522864595839        0.0000000000000000        0.0000000000000000        0.0000000000000000        1.0000000000000000        0.0000000000000000        0.0000000000000000     
   16.000000000000000        1.4447698728745908        0.0000000000000000        0.0000000000000000        0.0000000000000000        1.0000000000000000        0.0000000000000000        0.0000000000000000     
   17.000000000000000        1.4539500244522348        0.0000000000000000        0.0000000000000000        0.0000000000000000        1.0000000000000000        0.0000000000000000        0.0000000000000000     
   18.000000000000000        1.4599549670474614        0.0000000000000000        0.0000000000000000        0.0000000000000000        1.0000000000000000        0.0000000000000000        0.0000000000000000     
   19.000000000000000        1.4509565073854560        0.0000000000000000        0.0000000000000000        0.0000000000000000        1.0000000000000000        0.0000000000000000        0.0000000000000000     
   20.000000000000000        1.4917222960289118        0.0000000000000000        0.0000000000000000        0.0000000000000000       0.14540000000000000       0.85419999999999996        4.0000000000000002E-004
   21.000000000000000        1.4822865930364479        0.0000000000000000        0.0000000000000000        0.0000000000000000       0.15359999999999999       0.52220000000000000       0.32419999999999999     
   22.000000000000000        1.4839440026870516        0.0000000000000000        0.0000000000000000        0.0000000000000000       0.15320000000000000       0.52239999999999998       0.32440000000000002     
   23.000000000000000        1.4877596576720953        0.0000000000000000        0.0000000000000000        0.0000000000000000       0.14779999999999999       0.52780000000000005       0.32440000000000002     
   24.000000000000000        1.5031672996921386        0.0000000000000000        0.0000000000000000        0.0000000000000000       0.11180000000000000       0.56379999999999997       0.32440000000000002     
   25.000000000000000        1.5139061441994333        0.0000000000000000        0.0000000000000000        0.0000000000000000       0.35740000000000000       0.34839999999999999       0.29420000000000002     
   26.000000000000000        1.6134053915931235        0.0000000000000000        0.0000000000000000        0.0000000000000000        9.2600000000000002E-002  0.14740000000000000       0.76000000000000001     
   27.000000000000000        1.5936609024017607        0.0000000000000000        0.0000000000000000        3.0000000000000001E-003   5.1799999999999999E-002   0.0000000000000000       0.94520000000000004     
   28.000000000000000        1.5708070251486872        0.0000000000000000        0.0000000000000000        3.0000000000000001E-003   5.1799999999999999E-002   1.0000000000000000E-003  0.94420000000000004     
   29.000000000000000        1.5930387135660620        0.0000000000000000        0.0000000000000000        3.0000000000000001E-003   5.1799999999999999E-002   1.0000000000000000E-003  0.94420000000000004     
   30.000000000000000        1.6554140301298681        0.0000000000000000        0.0000000000000000        3.0000000000000001E-003   5.1799999999999999E-002   1.0000000000000000E-003  0.94420000000000004     
   31.000000000000000        1.6308162170375538        0.0000000000000000        0.0000000000000000        3.0000000000000001E-003   5.1799999999999999E-002   1.0000000000000000E-003  0.94420000000000004     
   32.000000000000000        1.6470120062517926        0.0000000000000000        0.0000000000000000        3.0000000000000001E-003   5.1799999999999999E-002   3.0000000000000001E-003  0.94220000000000004     
   33.000000000000000        1.6619746420727235        0.0000000000000000        0.0000000000000000        3.0000000000000001E-003   5.1799999999999999E-002   4.5999999999999999E-003  0.94059999999999999     
   34.000000000000000        1.6739299667016672        0.0000000000000000        0.0000000000000000        2.8000000000000000E-003   5.1999999999999998E-002   5.4000000000000003E-003  0.93979999999999997     
   35.000000000000000        1.6828952269864281        0.0000000000000000        0.0000000000000000        2.8000000000000000E-003   5.1999999999999998E-002   5.7999999999999996E-003  0.93940000000000001     
   36.000000000000000        1.6896948766915665        0.0000000000000000        0.0000000000000000        2.8000000000000000E-003   5.1999999999999998E-002   1.1400000000000000E-002  0.93379999999999996     
   37.000000000000000        1.6917332165052379        0.0000000000000000        0.0000000000000000        2.5999999999999999E-003   5.2200000000000003E-002   2.3800000000000002E-002  0.92140000000000000     
   38.000000000000000        1.6912439402018344        0.0000000000000000        0.0000000000000000        2.5999999999999999E-003   5.2200000000000003E-002   1.0200000000000001E-002  0.93500000000000005     
   39.000000000000000        1.6878255196455405        0.0000000000000000        0.0000000000000000        2.5999999999999999E-003   5.2200000000000003E-002   5.2999999999999999E-002  0.89219999999999999     
   40.000000000000000        1.6821617372165623        0.0000000000000000        0.0000000000000000        2.5999999999999999E-003   5.2200000000000003E-002   4.2599999999999999E-002  0.90259999999999996     
   41.000000000000000        1.6741433167850777        0.0000000000000000        0.0000000000000000        2.5999999999999999E-003   5.2200000000000003E-002   6.0199999999999997E-002  0.88500000000000001     
   42.000000000000000        1.6650693161537227        0.0000000000000000        0.0000000000000000        2.5999999999999999E-003   5.2200000000000003E-002   1.3400000000000000E-002  0.93179999999999996     
   43.000000000000000        1.6546011782555432        0.0000000000000000        0.0000000000000000        2.5999999999999999E-003   5.2200000000000003E-002   1.2999999999999999E-002  0.93220000000000003     
   44.000000000000000        1.6436523152347997        0.0000000000000000        0.0000000000000000        2.5999999999999999E-003   5.2200000000000003E-002   1.4000000000000000E-002  0.93120000000000003     
   45.000000000000000        1.6329241340358733        0.0000000000000000        0.0000000000000000        2.5999999999999999E-003   5.2200000000000003E-002   2.3199999999999998E-002  0.92200000000000004     
   46.000000000000000        1.6229604567881173        0.0000000000000000        0.0000000000000000        2.5999999999999999E-003   5.2200000000000003E-002   2.9000000000000001E-002  0.91620000000000001     
   47.000000000000000        1.6144887509359132        0.0000000000000000        2.0000000000000001E-004   2.3999999999999998E-003   5.2200000000000003E-002   3.5200000000000002E-002  0.91000000000000003     
   48.000000000000000        1.6073571339789243        0.0000000000000000        2.0000000000000001E-004   2.3999999999999998E-003   5.2200000000000003E-002   3.6600000000000001E-002  0.90859999999999996     
   49.000000000000000        1.6028127363119471        0.0000000000000000        2.0000000000000001E-004   2.3999999999999998E-003   5.2200000000000003E-002   3.6799999999999999E-002  0.90839999999999999     
   50.000000000000000        1.6008882946739196        0.0000000000000000        0.0000000000000000        2.5999999999999999E-003   5.2200000000000003E-002   3.6799999999999999E-002  0.90839999999999999     
   51.000000000000000        1.6015881031564365        0.0000000000000000        0.0000000000000000        2.5999999999999999E-003   5.2200000000000003E-002   3.3399999999999999E-002  0.91180000000000005     
   52.000000000000000        1.6048372954823042        0.0000000000000000        0.0000000000000000        2.5999999999999999E-003   5.2200000000000003E-002   3.6600000000000001E-002  0.90859999999999996     
   53.000000000000000        1.6105578638199247        0.0000000000000000        0.0000000000000000        2.5999999999999999E-003   5.2200000000000003E-002   3.6600000000000001E-002  0.90859999999999996     
   54.000000000000000        1.6183912907127671        0.0000000000000000        0.0000000000000000        2.5999999999999999E-003   5.2200000000000003E-002   3.6200000000000003E-002  0.90900000000000003     
   55.000000000000000        1.6279625375151985        0.0000000000000000        0.0000000000000000        2.5999999999999999E-003   5.2200000000000003E-002   3.4400000000000000E-002  0.91080000000000005     
   56.000000000000000        1.6388913106047025        0.0000000000000000        0.0000000000000000        2.3999999999999998E-003   5.2400000000000002E-002   3.3599999999999998E-002  0.91159999999999997     
   57.000000000000000        1.6488916687084889        0.0000000000000000        0.0000000000000000        2.3999999999999998E-003   5.2400000000000002E-002   3.4599999999999999E-002  0.91059999999999997     
   58.000000000000000        1.6617613191755007        0.0000000000000000        0.0000000000000000        2.3999999999999998E-003   5.2400000000000002E-002   3.6799999999999999E-002  0.90839999999999999     
   59.000000000000000        1.6725167551235856        0.0000000000000000        0.0000000000000000        2.3999999999999998E-003   5.2400000000000002E-002   3.6400000000000002E-002  0.90880000000000005     
   60.000000000000000        1.6829246417333494        0.0000000000000000        0.0000000000000000        2.0000000000000000E-003   5.2800000000000000E-002   3.5999999999999997E-002  0.90920000000000001     
   61.000000000000000        1.6908469776437358        0.0000000000000000        0.0000000000000000        2.0000000000000000E-003   5.2800000000000000E-002   3.7999999999999999E-002  0.90720000000000001     
   62.000000000000000        1.6993668369674431        0.0000000000000000        0.0000000000000000        2.0000000000000000E-003   5.2800000000000000E-002   3.3799999999999997E-002  0.91139999999999999     
   63.000000000000000        1.7008715649851323        0.0000000000000000        0.0000000000000000        2.0000000000000000E-003   5.2800000000000000E-002   3.3399999999999999E-002  0.91180000000000005     
   64.000000000000000        1.7025185284014843        0.0000000000000000        0.0000000000000000        2.0000000000000000E-003   5.2800000000000000E-002   3.1000000000000000E-002  0.91420000000000001     
   65.000000000000000        1.7011742980732760        0.0000000000000000        0.0000000000000000        2.0000000000000000E-003   5.2800000000000000E-002   3.2599999999999997E-002  0.91259999999999997     
   66.000000000000000        1.6971685603761599        0.0000000000000000        0.0000000000000000        2.0000000000000000E-003   5.2800000000000000E-002   3.2199999999999999E-002  0.91300000000000003     
   67.000000000000000        1.6907954967863765        0.0000000000000000        0.0000000000000000        2.0000000000000000E-003   5.2800000000000000E-002   3.2199999999999999E-002  0.91300000000000003     
   68.000000000000000        1.6822792960526871        0.0000000000000000        0.0000000000000000        1.4000000000000000E-003   5.3400000000000003E-002   3.0800000000000001E-002  0.91439999999999999     
   69.000000000000000        1.6708953519485277        0.0000000000000000        0.0000000000000000        1.4000000000000000E-003   5.3400000000000003E-002   3.0800000000000001E-002  0.91439999999999999     
   70.000000000000000        1.6579087994531247        0.0000000000000000        0.0000000000000000        1.4000000000000000E-003   5.3400000000000003E-002   3.1199999999999999E-002  0.91400000000000003     
   71.000000000000000        1.6430212393998580        0.0000000000000000        0.0000000000000000        1.4000000000000000E-003   5.3400000000000003E-002   3.5999999999999997E-002  0.90920000000000001     
   72.000000000000000        1.6273137829375868        0.0000000000000000        0.0000000000000000        1.1999999999999999E-003   5.3600000000000002E-002   3.5799999999999998E-002  0.90939999999999999     
   73.000000000000000        1.6110506686105057        0.0000000000000000        0.0000000000000000        1.1999999999999999E-003   5.3600000000000002E-002   3.0400000000000000E-002  0.91479999999999995     
   74.000000000000000        1.5949789781387751        0.0000000000000000        0.0000000000000000        1.1999999999999999E-003   5.3600000000000002E-002   2.4000000000000000E-002  0.92120000000000002     
   75.000000000000000        1.5797711068367584        0.0000000000000000        0.0000000000000000        1.1999999999999999E-003   5.3600000000000002E-002   1.6400000000000001E-002  0.92879999999999996     
   76.000000000000000        1.5661854081249575        0.0000000000000000        0.0000000000000000        1.0000000000000000E-003   5.3800000000000001E-002   3.7999999999999999E-002  0.90720000000000001     
   77.000000000000000        1.5548832536012718        0.0000000000000000        0.0000000000000000        1.0000000000000000E-003   5.3800000000000001E-002   9.4600000000000004E-002  0.85060000000000002     
   78.000000000000000        1.5470848620138102        0.0000000000000000        0.0000000000000000        1.0000000000000000E-003   5.3800000000000001E-002   0.0000000000000000       0.94520000000000004     
   79.000000000000000        1.5433378851861048        0.0000000000000000        0.0000000000000000        1.0000000000000000E-003   5.3800000000000001E-002   4.9799999999999997E-002  0.89539999999999997     
   80.000000000000000        1.5439010761276291        0.0000000000000000        0.0000000000000000        1.0000000000000000E-003   5.3800000000000001E-002   5.7599999999999998E-002  0.88759999999999994     
   81.000000000000000        1.5492477674557987        0.0000000000000000        0.0000000000000000        1.0000000000000000E-003   5.3800000000000001E-002   5.7799999999999997E-002  0.88739999999999997     
   82.000000000000000        1.5592669920477191        0.0000000000000000        0.0000000000000000        1.0000000000000000E-003   5.3800000000000001E-002   6.5000000000000002E-002  0.88019999999999998     
   83.000000000000000        1.5743133527457016        0.0000000000000000        0.0000000000000000        1.0000000000000000E-003   5.3800000000000001E-002   6.2399999999999997E-002  0.88280000000000003     
   84.000000000000000        1.5940379061524972        0.0000000000000000        0.0000000000000000        1.0000000000000000E-003   5.3800000000000001E-002   6.5600000000000006E-002  0.87960000000000005     
   85.000000000000000        1.6183485399378077        0.0000000000000000        0.0000000000000000        1.0000000000000000E-003   5.3800000000000001E-002   6.6000000000000003E-002  0.87919999999999998     
   86.000000000000000        1.6467089404901643        0.0000000000000000        0.0000000000000000        1.0000000000000000E-003   5.3800000000000001E-002   6.5000000000000002E-002  0.88019999999999998     
   87.000000000000000        1.6784351617727675        0.0000000000000000        0.0000000000000000        1.0000000000000000E-003   5.3800000000000001E-002   6.5000000000000002E-002  0.88019999999999998     
   88.000000000000000        1.7135471148985399        0.0000000000000000        0.0000000000000000        1.0000000000000000E-003   5.3800000000000001E-002   6.5000000000000002E-002  0.88019999999999998     
   89.000000000000000        1.7493265354164185        0.0000000000000000        0.0000000000000000        1.0000000000000000E-003   5.3800000000000001E-002   6.5000000000000002E-002  0.88019999999999998     
   90.000000000000000        1.7866048628150950        0.0000000000000000        0.0000000000000000        1.0000000000000000E-003   5.3800000000000001E-002   6.5000000000000002E-002  0.88019999999999998     
   91.000000000000000        1.8240278470496558        0.0000000000000000        0.0000000000000000        1.0000000000000000E-003   5.3800000000000001E-002   6.4600000000000005E-002  0.88060000000000005     
   92.000000000000000        1.8596860141826344        0.0000000000000000        0.0000000000000000        1.0000000000000000E-003   5.3800000000000001E-002   6.4199999999999993E-002  0.88100000000000001     
   93.000000000000000        1.8937138439483001        0.0000000000000000        0.0000000000000000        1.0000000000000000E-003   5.3800000000000001E-002   6.4199999999999993E-002  0.88100000000000001     
   94.000000000000000        1.9247882101876115        0.0000000000000000        0.0000000000000000        1.0000000000000000E-003   5.3800000000000001E-002   6.4199999999999993E-002  0.88100000000000001     
   95.000000000000000        1.9522196161286804        0.0000000000000000        0.0000000000000000        1.0000000000000000E-003   5.3800000000000001E-002   6.4199999999999993E-002  0.88100000000000001     
   96.000000000000000        1.9752602239717438        0.0000000000000000        0.0000000000000000        1.0000000000000000E-003   5.3800000000000001E-002   6.5799999999999997E-002  0.87939999999999996     
   97.000000000000000        1.9937728801735939        0.0000000000000000        0.0000000000000000        1.0000000000000000E-003   5.3800000000000001E-002   6.6000000000000003E-002  0.87919999999999998     
   98.000000000000000        2.0075304549833457        0.0000000000000000        0.0000000000000000        1.0000000000000000E-003   5.3800000000000001E-002   6.4199999999999993E-002  0.88100000000000001     
   99.000000000000000        2.0116884424292332        0.0000000000000000        0.0000000000000000        1.0000000000000000E-003   5.3800000000000001E-002   6.2000000000000000E-002  0.88319999999999999     
   100.00000000000000        2.0118300203736834        0.0000000000000000        0.0000000000000000        1.0000000000000000E-003   5.3800000000000001E-002   6.2600000000000003E-002  0.88260000000000005     
   101.00000000000000        2.0079819213582626        0.0000000000000000        0.0000000000000000        1.0000000000000000E-003   5.3800000000000001E-002   6.2000000000000000E-002  0.88319999999999999     
   102.00000000000000        1.9943685146684345        0.0000000000000000        0.0000000000000000        1.0000000000000000E-003   5.3800000000000001E-002   6.1199999999999997E-002  0.88400000000000001     
   103.00000000000000        1.9783560436205281        0.0000000000000000        0.0000000000000000        1.0000000000000000E-003   5.3800000000000001E-002   5.9200000000000003E-002  0.88600000000000001     
   104.00000000000000        1.9579525988427082        0.0000000000000000        0.0000000000000000        1.0000000000000000E-003   5.3800000000000001E-002   5.9999999999999998E-002  0.88519999999999999     
   105.00000000000000        1.9299541680697994        0.0000000000000000        0.0000000000000000        1.0000000000000000E-003   5.3800000000000001E-002   6.6000000000000003E-002  0.87919999999999998     
   106.00000000000000        1.9015347527024808        0.0000000000000000        0.0000000000000000        1.0000000000000000E-003   5.3800000000000001E-002   7.3400000000000007E-002  0.87180000000000002     
   107.00000000000000        1.8683107516155291        0.0000000000000000        0.0000000000000000        1.0000000000000000E-003   5.3800000000000001E-002   5.0200000000000002E-002  0.89500000000000002     
   108.00000000000000        1.8326206894359316        0.0000000000000000        0.0000000000000000        1.0000000000000000E-003   5.3800000000000001E-002   5.9600000000000000E-002  0.88560000000000005     
   109.00000000000000        1.7948428160406260        0.0000000000000000        0.0000000000000000        1.0000000000000000E-003   5.3800000000000001E-002   8.1000000000000003E-002  0.86419999999999997     
   110.00000000000000        1.7562024407247974        0.0000000000000000        0.0000000000000000        1.0000000000000000E-003   5.3800000000000001E-002   9.2600000000000002E-002  0.85260000000000002     
   111.00000000000000        1.7176871402749379        0.0000000000000000        0.0000000000000000        1.0000000000000000E-003   5.3800000000000001E-002  0.12520000000000001       0.81999999999999995     
   112.00000000000000        1.6799684406407640        0.0000000000000000        0.0000000000000000        8.0000000000000004E-004   5.3999999999999999E-002  0.18779999999999999       0.75739999999999996     
   113.00000000000000        1.6442879860960793        0.0000000000000000        0.0000000000000000        8.0000000000000004E-004   5.3999999999999999E-002  0.20060000000000000       0.74460000000000004     
   114.00000000000000        1.6109742775750131        0.0000000000000000        0.0000000000000000        8.0000000000000004E-004   5.3999999999999999E-002  0.24460000000000001       0.70060000000000000     
   115.00000000000000        1.5810820609000384        0.0000000000000000        0.0000000000000000        8.0000000000000004E-004   5.3999999999999999E-002  0.28780000000000000       0.65739999999999998     
   116.00000000000000        1.5552454744289959        0.0000000000000000        0.0000000000000000        8.0000000000000004E-004   5.3999999999999999E-002  0.32000000000000001       0.62519999999999998     
   117.00000000000000        1.5338590892060604        0.0000000000000000        0.0000000000000000        8.0000000000000004E-004   5.3999999999999999E-002  0.34239999999999998       0.60280000000000000     
   118.00000000000000        1.5175461923145530        0.0000000000000000        0.0000000000000000        8.0000000000000004E-004   5.3999999999999999E-002  0.35039999999999999       0.59480000000000000     
   119.00000000000000        1.5065731704774281        0.0000000000000000        0.0000000000000000        8.0000000000000004E-004   5.3999999999999999E-002  0.34999999999999998       0.59519999999999995     
   120.00000000000000        1.5008128686443221        0.0000000000000000        0.0000000000000000        8.0000000000000004E-004   5.3999999999999999E-002  0.36640000000000000       0.57879999999999998     
   121.00000000000000        1.5012025742360799        0.0000000000000000        0.0000000000000000        8.0000000000000004E-004   5.3999999999999999E-002  0.35560000000000003       0.58960000000000001     
   122.00000000000000        1.5057052836383280        0.0000000000000000        0.0000000000000000        8.0000000000000004E-004   5.3999999999999999E-002  0.35560000000000003       0.58960000000000001     
   123.00000000000000        1.5149529361480414        0.0000000000000000        0.0000000000000000        8.0000000000000004E-004   5.3999999999999999E-002  0.34839999999999999       0.59680000000000000     
   124.00000000000000        1.5285423138075931        0.0000000000000000        0.0000000000000000        8.0000000000000004E-004   5.3999999999999999E-002  0.34799999999999998       0.59719999999999995     
   125.00000000000000        1.5453431655929109        0.0000000000000000        0.0000000000000000        8.0000000000000004E-004   5.3999999999999999E-002  0.35320000000000001       0.59199999999999997     
   126.00000000000000        1.5653384018894316        0.0000000000000000        0.0000000000000000        8.0000000000000004E-004   5.3999999999999999E-002  0.37059999999999998       0.57460000000000000     
   127.00000000000000        1.5864676774855968        0.0000000000000000        0.0000000000000000        8.0000000000000004E-004   5.3999999999999999E-002  0.35560000000000003       0.58960000000000001     
   128.00000000000000        1.6092909420741341        0.0000000000000000        0.0000000000000000        8.0000000000000004E-004   5.3999999999999999E-002  0.37080000000000002       0.57440000000000002     
   129.00000000000000        1.6323746081893653        0.0000000000000000        0.0000000000000000        8.0000000000000004E-004   5.3999999999999999E-002  0.38040000000000002       0.56479999999999997     
   130.00000000000000        1.6554448160538511        0.0000000000000000        2.0000000000000001E-004   4.0000000000000002E-004   5.4199999999999998E-002  0.40039999999999998       0.54479999999999995     
   131.00000000000000        1.6771581972414262        0.0000000000000000        2.0000000000000001E-004   4.0000000000000002E-004   5.4199999999999998E-002  0.42140000000000000       0.52380000000000004     
   132.00000000000000        1.6974020768442710        0.0000000000000000        2.0000000000000001E-004   4.0000000000000002E-004   5.4199999999999998E-002  0.42259999999999998       0.52259999999999995     
   133.00000000000000        1.7152428791658516        0.0000000000000000        2.0000000000000001E-004   4.0000000000000002E-004   5.4199999999999998E-002  0.42899999999999999       0.51619999999999999     
   134.00000000000000        1.7308010653392616        0.0000000000000000        2.0000000000000001E-004   4.0000000000000002E-004   5.4199999999999998E-002  0.39040000000000002       0.55479999999999996     
   135.00000000000000        1.7431693972060072        0.0000000000000000        2.0000000000000001E-004   4.0000000000000002E-004   5.4199999999999998E-002  0.38760000000000000       0.55759999999999998     
   136.00000000000000        1.7522027863402352        0.0000000000000000        2.0000000000000001E-004   4.0000000000000002E-004   5.4199999999999998E-002  0.38640000000000002       0.55879999999999996     
   137.00000000000000        1.7575607681666572        0.0000000000000000        2.0000000000000001E-004   4.0000000000000002E-004   5.4199999999999998E-002  0.35160000000000002       0.59360000000000002     
   138.00000000000000        1.7592693420754151        0.0000000000000000        2.0000000000000001E-004   4.0000000000000002E-004   5.4199999999999998E-002  0.33700000000000002       0.60819999999999996     
   139.00000000000000        1.7574817787672998        0.0000000000000000        2.0000000000000001E-004   4.0000000000000002E-004   5.4199999999999998E-002  0.31600000000000000       0.62919999999999998     
   140.00000000000000        1.7519498298961831        0.0000000000000000        2.0000000000000001E-004   4.0000000000000002E-004   5.4199999999999998E-002  0.32440000000000002       0.62080000000000002     
   141.00000000000000        1.7438143763098268        0.0000000000000000        2.0000000000000001E-004   4.0000000000000002E-004   5.4199999999999998E-002  0.31659999999999999       0.62860000000000005     
   142.00000000000000        1.7318982921505295        0.0000000000000000        2.0000000000000001E-004   4.0000000000000002E-004   5.4199999999999998E-002  0.30940000000000001       0.63580000000000003     
   143.00000000000000        1.7183065684379617        0.0000000000000000        2.0000000000000001E-004   4.0000000000000002E-004   5.4199999999999998E-002  0.30540000000000000       0.63980000000000004     
   144.00000000000000        1.7028841057146473        0.0000000000000000        2.0000000000000001E-004   4.0000000000000002E-004   5.4199999999999998E-002  0.29799999999999999       0.64720000000000000     
   145.00000000000000        1.6863075997846739        0.0000000000000000        2.0000000000000001E-004   4.0000000000000002E-004   5.4199999999999998E-002  0.29859999999999998       0.64659999999999995     
   146.00000000000000        1.6693875517830006        0.0000000000000000        2.0000000000000001E-004   4.0000000000000002E-004   5.4199999999999998E-002  0.29940000000000000       0.64580000000000004     
   147.00000000000000        1.6527176870863034        0.0000000000000000        2.0000000000000001E-004   4.0000000000000002E-004   5.4199999999999998E-002  0.29920000000000002       0.64600000000000002     
   148.00000000000000        1.6368514294044070        0.0000000000000000        2.0000000000000001E-004   4.0000000000000002E-004   5.4199999999999998E-002  0.29959999999999998       0.64559999999999995     
   149.00000000000000        1.6226457566869259        0.0000000000000000        2.0000000000000001E-004   4.0000000000000002E-004   5.4199999999999998E-002  0.29820000000000002       0.64700000000000002     
   150.00000000000000        1.6106665545300702        0.0000000000000000        2.0000000000000001E-004   4.0000000000000002E-004   5.4199999999999998E-002  0.29399999999999998       0.65120000000000000     
   151.00000000000000        1.6006938970108147        0.0000000000000000        2.0000000000000001E-004   4.0000000000000002E-004   5.4199999999999998E-002  0.29799999999999999       0.64720000000000000     
   152.00000000000000        1.5932363741586295        0.0000000000000000        2.0000000000000001E-004   4.0000000000000002E-004   5.4199999999999998E-002  0.29699999999999999       0.64820000000000000     
   153.00000000000000        1.5887175695132172        0.0000000000000000        2.0000000000000001E-004   4.0000000000000002E-004   5.4199999999999998E-002  0.29559999999999997       0.64959999999999996     
   154.00000000000000        1.5865720000656400        0.0000000000000000        2.0000000000000001E-004   4.0000000000000002E-004   5.4199999999999998E-002  0.29599999999999999       0.64920000000000000     
   155.00000000000000        1.5866797369364023        0.0000000000000000        2.0000000000000001E-004   4.0000000000000002E-004   5.4199999999999998E-002  0.29680000000000001       0.64839999999999998     
   156.00000000000000        1.5896382890622709        0.0000000000000000        2.0000000000000001E-004   4.0000000000000002E-004   5.4199999999999998E-002  0.28599999999999998       0.65920000000000001     
   157.00000000000000        1.5922123176271739        0.0000000000000000        2.0000000000000001E-004   4.0000000000000002E-004   5.4199999999999998E-002  0.26860000000000001       0.67659999999999998     
   158.00000000000000        1.5970288714460144        0.0000000000000000        2.0000000000000001E-004   4.0000000000000002E-004   5.4199999999999998E-002  0.26479999999999998       0.68040000000000000     
   159.00000000000000        1.6016435667032431        0.0000000000000000        2.0000000000000001E-004   4.0000000000000002E-004   5.4199999999999998E-002  0.27120000000000000       0.67400000000000004     
   160.00000000000000        1.6067089214849659        0.0000000000000000        2.0000000000000001E-004   4.0000000000000002E-004   5.4199999999999998E-002  0.26000000000000001       0.68520000000000003     
   161.00000000000000        1.6109348361343874        0.0000000000000000        2.0000000000000001E-004   4.0000000000000002E-004   5.4199999999999998E-002  0.29620000000000002       0.64900000000000002     
   162.00000000000000        1.6143451469381001        0.0000000000000000        2.0000000000000001E-004   4.0000000000000002E-004   5.4199999999999998E-002  0.31979999999999997       0.62539999999999996     
   163.00000000000000        1.6151804403296732        0.0000000000000000        2.0000000000000001E-004   4.0000000000000002E-004   5.4199999999999998E-002  0.30959999999999999       0.63560000000000005     
   164.00000000000000        1.6169874499470418        0.0000000000000000        2.0000000000000001E-004   4.0000000000000002E-004   5.4199999999999998E-002  0.31440000000000001       0.63080000000000003     
   165.00000000000000        1.6143225547131546        0.0000000000000000        2.0000000000000001E-004   4.0000000000000002E-004   5.4199999999999998E-002  0.31180000000000002       0.63339999999999996     
   166.00000000000000        1.6101908420759932        0.0000000000000000        2.0000000000000001E-004   4.0000000000000002E-004   5.4199999999999998E-002  0.31979999999999997       0.62539999999999996     
   167.00000000000000        1.6026693283787634        0.0000000000000000        2.0000000000000001E-004   4.0000000000000002E-004   5.4199999999999998E-002  0.32579999999999998       0.61939999999999995     
   168.00000000000000        1.5947412528742793        0.0000000000000000        2.0000000000000001E-004   4.0000000000000002E-004   5.4199999999999998E-002  0.31940000000000002       0.62580000000000002     
   169.00000000000000        1.5850968247297801        0.0000000000000000        2.0000000000000001E-004   4.0000000000000002E-004   5.4199999999999998E-002  0.30640000000000001       0.63880000000000003     
   170.00000000000000        1.5738559436695780        0.0000000000000000        2.0000000000000001E-004   4.0000000000000002E-004   5.4199999999999998E-002  0.32360000000000000       0.62160000000000004     
   171.00000000000000        1.5616679590425822        0.0000000000000000        2.0000000000000001E-004   4.0000000000000002E-004   5.4199999999999998E-002  0.30780000000000002       0.63739999999999997     
   172.00000000000000        1.5485971076034226        0.0000000000000000        2.0000000000000001E-004   4.0000000000000002E-004   5.4199999999999998E-002  0.32779999999999998       0.61739999999999995     
   173.00000000000000        1.5352800998341984        0.0000000000000000        2.0000000000000001E-004   4.0000000000000002E-004   5.4199999999999998E-002  0.33879999999999999       0.60640000000000005     
   174.00000000000000        1.5207623399350807        0.0000000000000000        2.0000000000000001E-004   4.0000000000000002E-004   2.1800000000000000E-002  0.59760000000000002       0.38000000000000000     
   175.00000000000000        1.5148354651758513        0.0000000000000000        2.0000000000000001E-004   4.0000000000000002E-004   1.6400000000000001E-002  0.60299999999999998       0.38000000000000000     
   176.00000000000000        1.5117915398557620        0.0000000000000000        2.0000000000000001E-004   4.0000000000000002E-004   1.5599999999999999E-002  0.60380000000000000       0.38000000000000000     
   177.00000000000000        1.5101143404917132        0.0000000000000000        0.0000000000000000        5.9999999999999995E-004   1.9199999999999998E-002  0.60019999999999996       0.38000000000000000     
   178.00000000000000        1.5100024284611533        0.0000000000000000        0.0000000000000000        5.9999999999999995E-004   1.3200000000000000E-002  0.60619999999999996       0.38000000000000000     
   179.00000000000000        1.5118660879475310        0.0000000000000000        0.0000000000000000        5.9999999999999995E-004   1.4200000000000001E-002  0.60519999999999996       0.38000000000000000     
   180.00000000000000        1.5151165560682145        0.0000000000000000        0.0000000000000000        5.9999999999999995E-004   1.7000000000000001E-002  0.60240000000000005       0.38000000000000000     
   181.00000000000000        1.5209312052638466        0.0000000000000000        0.0000000000000000        5.9999999999999995E-004   1.6799999999999999E-002  0.60260000000000002       0.38000000000000000     
   182.00000000000000        1.5286582206811348        0.0000000000000000        0.0000000000000000        5.9999999999999995E-004   1.7600000000000001E-002  0.60180000000000000       0.38000000000000000     
   183.00000000000000        1.5383500835991040        0.0000000000000000        0.0000000000000000        5.9999999999999995E-004   1.7600000000000001E-002  0.60180000000000000       0.38000000000000000     
   184.00000000000000        1.5503563294728946        0.0000000000000000        0.0000000000000000        5.9999999999999995E-004   2.0799999999999999E-002  0.59860000000000002       0.38000000000000000     
   185.00000000000000        1.5657941600035166        0.0000000000000000        0.0000000000000000        5.9999999999999995E-004   4.3400000000000001E-002  0.42520000000000002       0.53080000000000005     
   186.00000000000000        1.5825015653488681        0.0000000000000000        0.0000000000000000        5.9999999999999995E-004   4.3400000000000001E-002  0.43340000000000001       0.52259999999999995     
   187.00000000000000        1.6128631604268115        0.0000000000000000        0.0000000000000000        5.9999999999999995E-004   4.3400000000000001E-002  0.42620000000000002       0.52980000000000005     
   188.00000000000000        1.6455156787479159        0.0000000000000000        0.0000000000000000        5.9999999999999995E-004   4.3400000000000001E-002  0.41899999999999998       0.53700000000000003     
   189.00000000000000        1.6791421848409858        0.0000000000000000        0.0000000000000000        5.9999999999999995E-004   4.3400000000000001E-002  0.41680000000000000       0.53920000000000001     
