#        BMIN =   406
#        BMAX =   411
#     INIBAND =   410
#      NBANDS =   540
#         NSW =  2000
#       POTIM =   1.0
#        TEMP = 300.0
#    NAMDTINI =   765
#    NAMDTIME =  1000
#       NTRAJ =  5000
#        NELM =  1000
#       LHOLE =     T
#        LSHP =     T
#      LCPTXT =     T
#      RUNDIR = ../../run/
   1.0000000000000000        1.4461560401159990        0.0000000000000000        0.0000000000000000        0.0000000000000000        0.0000000000000000        1.0000000000000000        0.0000000000000000     
   2.0000000000000000        1.4725751346919713        0.0000000000000000        0.0000000000000000        0.0000000000000000        0.0000000000000000        1.0000000000000000        0.0000000000000000     
   3.0000000000000000        1.5093871966245713        0.0000000000000000        0.0000000000000000        0.0000000000000000        0.0000000000000000        1.0000000000000000        0.0000000000000000     
   4.0000000000000000        1.5494272518844632        0.0000000000000000        0.0000000000000000        0.0000000000000000        0.0000000000000000        1.0000000000000000        0.0000000000000000     
   5.0000000000000000        1.5899621085615312        0.0000000000000000        0.0000000000000000        0.0000000000000000        0.0000000000000000        1.0000000000000000        0.0000000000000000     
   6.0000000000000000        1.6309734397936331        0.0000000000000000        0.0000000000000000        0.0000000000000000        0.0000000000000000        1.0000000000000000        0.0000000000000000     
   7.0000000000000000        1.6703627106135492        0.0000000000000000        0.0000000000000000        0.0000000000000000        0.0000000000000000        1.0000000000000000        0.0000000000000000     
   8.0000000000000000        1.7089450387035865        0.0000000000000000        0.0000000000000000        0.0000000000000000        0.0000000000000000        1.0000000000000000        0.0000000000000000     
   9.0000000000000000        1.7444135172210911        0.0000000000000000        0.0000000000000000        0.0000000000000000        0.0000000000000000        1.0000000000000000        0.0000000000000000     
   10.000000000000000        1.7750876651703393        0.0000000000000000        0.0000000000000000        0.0000000000000000        0.0000000000000000        1.0000000000000000        0.0000000000000000     
   11.000000000000000        1.8022651488791537        0.0000000000000000        0.0000000000000000        0.0000000000000000        0.0000000000000000       0.99980000000000002        2.0000000000000001E-004
   12.000000000000000        1.8236964292756024        0.0000000000000000        0.0000000000000000        0.0000000000000000        0.0000000000000000        1.0000000000000000        0.0000000000000000     
   13.000000000000000        1.8399950799337912        0.0000000000000000        0.0000000000000000        0.0000000000000000        0.0000000000000000        1.0000000000000000        0.0000000000000000     
   14.000000000000000        1.8505118343573530        0.0000000000000000        0.0000000000000000        0.0000000000000000        0.0000000000000000        1.0000000000000000        0.0000000000000000     
   15.000000000000000        1.8407902348367373        0.0000000000000000        0.0000000000000000        0.0000000000000000        0.0000000000000000        1.0000000000000000        0.0000000000000000     
   16.000000000000000        1.8549632005511947        0.0000000000000000        0.0000000000000000        0.0000000000000000        0.0000000000000000        1.0000000000000000        0.0000000000000000     
   17.000000000000000        1.8346537273742958        0.0000000000000000        0.0000000000000000        0.0000000000000000        0.0000000000000000        1.0000000000000000        0.0000000000000000     
   18.000000000000000        1.8373807644892430        0.0000000000000000        0.0000000000000000        0.0000000000000000        0.0000000000000000        1.0000000000000000        0.0000000000000000     
   19.000000000000000        1.8214264110858822        0.0000000000000000        0.0000000000000000        0.0000000000000000        0.0000000000000000        1.0000000000000000        0.0000000000000000     
   20.000000000000000        1.8002267598716193        0.0000000000000000        0.0000000000000000        0.0000000000000000        0.0000000000000000       0.99939999999999996        5.9999999999999995E-004
   21.000000000000000        1.7772551730764039        0.0000000000000000        0.0000000000000000        0.0000000000000000        0.0000000000000000       0.99860000000000004        1.4000000000000000E-003
   22.000000000000000        1.7521575324019047        0.0000000000000000        0.0000000000000000        0.0000000000000000        0.0000000000000000       0.99880000000000002        1.1999999999999999E-003
   23.000000000000000        1.7251733250560255        0.0000000000000000        0.0000000000000000        0.0000000000000000        0.0000000000000000        1.0000000000000000        0.0000000000000000     
   24.000000000000000        1.6979603232100922        0.0000000000000000        0.0000000000000000        0.0000000000000000        0.0000000000000000       0.99980000000000002        2.0000000000000001E-004
   25.000000000000000        1.6705731860292803        0.0000000000000000        0.0000000000000000        0.0000000000000000        0.0000000000000000       0.99700000000000000        3.0000000000000001E-003
   26.000000000000000        1.6463075752668317        0.0000000000000000        0.0000000000000000        0.0000000000000000        0.0000000000000000        1.0000000000000000        0.0000000000000000     
   27.000000000000000        1.6242004935803984        0.0000000000000000        0.0000000000000000        0.0000000000000000        0.0000000000000000       0.99439999999999995        5.5999999999999999E-003
   28.000000000000000        1.6050436709518534        0.0000000000000000        0.0000000000000000        0.0000000000000000        0.0000000000000000        1.0000000000000000        0.0000000000000000     
   29.000000000000000        1.5900556348042802        0.0000000000000000        0.0000000000000000        0.0000000000000000        0.0000000000000000        1.0000000000000000        0.0000000000000000     
   30.000000000000000        1.5793291866296530        0.0000000000000000        0.0000000000000000        0.0000000000000000        0.0000000000000000        1.0000000000000000        0.0000000000000000     
   31.000000000000000        1.5728278788674754        0.0000000000000000        0.0000000000000000        0.0000000000000000        0.0000000000000000        1.0000000000000000        0.0000000000000000     
   32.000000000000000        1.5706103398237925        0.0000000000000000        0.0000000000000000        0.0000000000000000        0.0000000000000000        1.0000000000000000        0.0000000000000000     
   33.000000000000000        1.5728125020949597        0.0000000000000000        0.0000000000000000        0.0000000000000000        0.0000000000000000       0.99739999999999995        2.5999999999999999E-003
   34.000000000000000        1.5793621815492456        0.0000000000000000        0.0000000000000000        0.0000000000000000        0.0000000000000000       0.98960000000000004        1.0400000000000000E-002
   35.000000000000000        1.5889119288332423        0.0000000000000000        0.0000000000000000        0.0000000000000000        0.0000000000000000        1.0000000000000000        0.0000000000000000     
   36.000000000000000        1.6015137863675382        0.0000000000000000        0.0000000000000000        0.0000000000000000        0.0000000000000000       0.99860000000000004        1.4000000000000000E-003
   37.000000000000000        1.6166020747869165        0.0000000000000000        0.0000000000000000        0.0000000000000000        0.0000000000000000       0.99839999999999995        1.6000000000000001E-003
   38.000000000000000        1.6336234551599920        0.0000000000000000        0.0000000000000000        0.0000000000000000        0.0000000000000000       0.99239999999999995        7.6000000000000000E-003
   39.000000000000000        1.6515569529950780        0.0000000000000000        0.0000000000000000        0.0000000000000000        0.0000000000000000       0.99800000000000000        2.0000000000000000E-003
   40.000000000000000        1.6704192588282212        0.0000000000000000        0.0000000000000000        0.0000000000000000        0.0000000000000000       0.99580000000000002        4.1999999999999997E-003
   41.000000000000000        1.6896302640842240        0.0000000000000000        0.0000000000000000        0.0000000000000000        0.0000000000000000       0.99560000000000004        4.4000000000000003E-003
   42.000000000000000        1.7082277433878168        0.0000000000000000        0.0000000000000000        0.0000000000000000        0.0000000000000000       0.99419999999999997        5.7999999999999996E-003
   43.000000000000000        1.7264260226438053        0.0000000000000000        0.0000000000000000        0.0000000000000000        0.0000000000000000       0.99639999999999995        3.5999999999999999E-003
   44.000000000000000        1.7433159247221435        0.0000000000000000        0.0000000000000000        0.0000000000000000        0.0000000000000000       0.99919999999999998        8.0000000000000004E-004
   45.000000000000000        1.7587105978449700        0.0000000000000000        0.0000000000000000        0.0000000000000000        0.0000000000000000       0.99739999999999995        2.5999999999999999E-003
   46.000000000000000        1.7726537262281923        0.0000000000000000        0.0000000000000000        0.0000000000000000        0.0000000000000000       0.99439999999999995        5.5999999999999999E-003
   47.000000000000000        1.7845084931867492        0.0000000000000000        0.0000000000000000        0.0000000000000000        0.0000000000000000       0.99480000000000002        5.1999999999999998E-003
   48.000000000000000        1.7942416920300963        0.0000000000000000        0.0000000000000000        0.0000000000000000        0.0000000000000000       0.99480000000000002        5.1999999999999998E-003
   49.000000000000000        1.8018532037084847        0.0000000000000000        0.0000000000000000        0.0000000000000000        0.0000000000000000       0.99600000000000000        4.0000000000000001E-003
   50.000000000000000        1.8067851790235006        0.0000000000000000        0.0000000000000000        0.0000000000000000        0.0000000000000000       0.99639999999999995        3.5999999999999999E-003
   51.000000000000000        1.8095542854192184        0.0000000000000000        0.0000000000000000        0.0000000000000000        0.0000000000000000       0.99980000000000002        2.0000000000000001E-004
   52.000000000000000        1.8103044397583024        0.0000000000000000        0.0000000000000000        0.0000000000000000        0.0000000000000000       0.99980000000000002        2.0000000000000001E-004
   53.000000000000000        1.8089045837180899        0.0000000000000000        0.0000000000000000        0.0000000000000000        0.0000000000000000       0.99980000000000002        2.0000000000000001E-004
   54.000000000000000        1.8058752688979054        0.0000000000000000        0.0000000000000000        0.0000000000000000        0.0000000000000000       0.99939999999999996        5.9999999999999995E-004
   55.000000000000000        1.8011800329226981        0.0000000000000000        0.0000000000000000        0.0000000000000000        0.0000000000000000        1.0000000000000000        0.0000000000000000     
   56.000000000000000        1.7965430212712403        0.0000000000000000        0.0000000000000000        0.0000000000000000        0.0000000000000000        1.0000000000000000        0.0000000000000000     
   57.000000000000000        1.7902819153561065        0.0000000000000000        0.0000000000000000        0.0000000000000000        0.0000000000000000       0.99839999999999995        1.6000000000000001E-003
   58.000000000000000        1.7830811906100179        0.0000000000000000        0.0000000000000000        0.0000000000000000        0.0000000000000000       0.99839999999999995        1.6000000000000001E-003
   59.000000000000000        1.7776610137671738        0.0000000000000000        0.0000000000000000        0.0000000000000000        0.0000000000000000        1.0000000000000000        0.0000000000000000     
   60.000000000000000        1.7719894684049060        0.0000000000000000        0.0000000000000000        0.0000000000000000        0.0000000000000000       0.99480000000000002        5.1999999999999998E-003
   61.000000000000000        1.7682758224447555        0.0000000000000000        0.0000000000000000        0.0000000000000000        0.0000000000000000       0.99480000000000002        5.1999999999999998E-003
   62.000000000000000        1.7665345403417385        0.0000000000000000        0.0000000000000000        0.0000000000000000        0.0000000000000000        1.0000000000000000        0.0000000000000000     
   63.000000000000000        1.7667458577458157        0.0000000000000000        0.0000000000000000        0.0000000000000000        0.0000000000000000        1.0000000000000000        0.0000000000000000     
   64.000000000000000        1.7679342601786756        0.0000000000000000        0.0000000000000000        0.0000000000000000        0.0000000000000000       0.99880000000000002        1.1999999999999999E-003
   65.000000000000000        1.7730308770783880        0.0000000000000000        0.0000000000000000        0.0000000000000000        0.0000000000000000        1.0000000000000000        0.0000000000000000     
   66.000000000000000        1.7794110719471838        0.0000000000000000        0.0000000000000000        0.0000000000000000        0.0000000000000000       0.99980000000000002        2.0000000000000001E-004
   67.000000000000000        1.7875801571994008        0.0000000000000000        0.0000000000000000        0.0000000000000000        0.0000000000000000       0.99900000000000000        1.0000000000000000E-003
   68.000000000000000        1.7973194693886942        0.0000000000000000        0.0000000000000000        0.0000000000000000        0.0000000000000000       0.99939999999999996        5.9999999999999995E-004
   69.000000000000000        1.8078556462152282        0.0000000000000000        0.0000000000000000        0.0000000000000000        0.0000000000000000       0.99960000000000004        4.0000000000000002E-004
   70.000000000000000        1.8185979713404783        0.0000000000000000        0.0000000000000000        0.0000000000000000        0.0000000000000000       0.99939999999999996        5.9999999999999995E-004
   71.000000000000000        1.8290035524174486        0.0000000000000000        0.0000000000000000        0.0000000000000000        0.0000000000000000       0.99780000000000002        2.2000000000000001E-003
   72.000000000000000        1.8385056821892518        0.0000000000000000        0.0000000000000000        0.0000000000000000        0.0000000000000000        1.0000000000000000        0.0000000000000000     
   73.000000000000000        1.8493434636738137        0.0000000000000000        0.0000000000000000        0.0000000000000000        0.0000000000000000        1.0000000000000000        0.0000000000000000     
   74.000000000000000        1.8527279522495208        0.0000000000000000        0.0000000000000000        0.0000000000000000        0.0000000000000000       0.99919999999999998        8.0000000000000004E-004
   75.000000000000000        1.8489968403550276        0.0000000000000000        0.0000000000000000        0.0000000000000000        0.0000000000000000       0.99480000000000002        5.1999999999999998E-003
   76.000000000000000        1.8559213392110248        0.0000000000000000        0.0000000000000000        0.0000000000000000        0.0000000000000000       0.99680000000000002        3.2000000000000002E-003
   77.000000000000000        1.8531707165431532        0.0000000000000000        0.0000000000000000        0.0000000000000000        0.0000000000000000        1.0000000000000000        0.0000000000000000     
   78.000000000000000        1.8463447490499598        0.0000000000000000        0.0000000000000000        0.0000000000000000        0.0000000000000000       0.99960000000000004        4.0000000000000002E-004
   79.000000000000000        1.8354685501539791        0.0000000000000000        0.0000000000000000        0.0000000000000000        0.0000000000000000       0.99960000000000004        4.0000000000000002E-004
   80.000000000000000        1.8213560716165929        0.0000000000000000        0.0000000000000000        0.0000000000000000        0.0000000000000000       0.99819999999999998        1.8000000000000000E-003
   81.000000000000000        1.8037877368603719        0.0000000000000000        0.0000000000000000        0.0000000000000000        0.0000000000000000       0.99360000000000004        6.4000000000000003E-003
   82.000000000000000        1.7831587031388219        0.0000000000000000        0.0000000000000000        0.0000000000000000        0.0000000000000000       0.98880000000000001        1.1200000000000000E-002
   83.000000000000000        1.7594949364997929        0.0000000000000000        0.0000000000000000        0.0000000000000000        0.0000000000000000       0.99019999999999997        9.7999999999999997E-003
   84.000000000000000        1.7327980342304174        0.0000000000000000        0.0000000000000000        0.0000000000000000        0.0000000000000000       0.99219999999999997        7.7999999999999996E-003
   85.000000000000000        1.7044858868676358        0.0000000000000000        0.0000000000000000        0.0000000000000000        0.0000000000000000       0.99019999999999997        9.7999999999999997E-003
   86.000000000000000        1.6747418425328153        0.0000000000000000        0.0000000000000000        0.0000000000000000        0.0000000000000000       0.98939999999999995        1.0600000000000000E-002
   87.000000000000000        1.6435262362171237        0.0000000000000000        0.0000000000000000        0.0000000000000000        0.0000000000000000       0.98819999999999997        1.1800000000000000E-002
   88.000000000000000        1.6120500171996839        0.0000000000000000        0.0000000000000000        0.0000000000000000        0.0000000000000000       0.99039999999999995        9.5999999999999992E-003
   89.000000000000000        1.5933994580115689        0.0000000000000000        0.0000000000000000        0.0000000000000000        0.0000000000000000       0.99039999999999995        9.5999999999999992E-003
   90.000000000000000        1.5639136314969460        0.0000000000000000        0.0000000000000000        0.0000000000000000        5.9999999999999995E-004  0.98980000000000001        9.5999999999999992E-003
   91.000000000000000        1.5352724659328942        0.0000000000000000        0.0000000000000000        0.0000000000000000        8.0000000000000004E-004  0.98960000000000004        9.5999999999999992E-003
   92.000000000000000        1.5098376463959655        0.0000000000000000        0.0000000000000000        0.0000000000000000        1.1999999999999999E-003  0.98919999999999997        9.5999999999999992E-003
   93.000000000000000        1.4877665835291687        0.0000000000000000        0.0000000000000000        0.0000000000000000        2.3999999999999998E-003  0.98799999999999999        9.5999999999999992E-003
   94.000000000000000        1.4701351169650529        0.0000000000000000        0.0000000000000000        0.0000000000000000        2.8000000000000000E-003  0.98760000000000003        9.5999999999999992E-003
   95.000000000000000        1.4570275166349307        0.0000000000000000        0.0000000000000000        0.0000000000000000        2.8000000000000000E-003  0.98760000000000003        9.5999999999999992E-003
   96.000000000000000        1.4496025663180119        0.0000000000000000        0.0000000000000000        0.0000000000000000        3.0000000000000001E-003  0.98740000000000006        9.5999999999999992E-003
   97.000000000000000        1.4480228640589692        0.0000000000000000        0.0000000000000000        0.0000000000000000        4.7999999999999996E-003  0.98560000000000003        9.5999999999999992E-003
   98.000000000000000        1.4526133969919199        0.0000000000000000        0.0000000000000000        0.0000000000000000        4.7999999999999996E-003  0.98560000000000003        9.5999999999999992E-003
   99.000000000000000        1.4626999722514080        0.0000000000000000        0.0000000000000000        0.0000000000000000        1.1800000000000000E-002  0.97860000000000003        9.5999999999999992E-003
   100.00000000000000        1.4789467881373517        0.0000000000000000        0.0000000000000000        0.0000000000000000        1.0600000000000000E-002  0.97980000000000000        9.5999999999999992E-003
   101.00000000000000        1.5008306976036647        0.0000000000000000        0.0000000000000000        0.0000000000000000        1.4400000000000000E-002  0.97599999999999998        9.5999999999999992E-003
   102.00000000000000        1.5324920383902272        0.0000000000000000        0.0000000000000000        0.0000000000000000        1.4000000000000000E-002  0.86219999999999997       0.12379999999999999     
   103.00000000000000        1.5545509668584756        0.0000000000000000        0.0000000000000000        0.0000000000000000        1.4000000000000000E-002  0.84599999999999997       0.14000000000000001     
   104.00000000000000        1.5870790357281321        0.0000000000000000        0.0000000000000000        0.0000000000000000        1.4000000000000000E-002  0.83460000000000001       0.15140000000000001     
   105.00000000000000        1.6222708873793976        0.0000000000000000        0.0000000000000000        0.0000000000000000        1.4000000000000000E-002  0.83079999999999998       0.15520000000000000     
   106.00000000000000        1.6582407224314462        0.0000000000000000        0.0000000000000000        0.0000000000000000        1.4000000000000000E-002  0.85860000000000003       0.12740000000000001     
   107.00000000000000        1.6936130713505362        0.0000000000000000        0.0000000000000000        0.0000000000000000        1.4000000000000000E-002  0.89219999999999999        9.3799999999999994E-002
   108.00000000000000        1.7271927906433440        0.0000000000000000        0.0000000000000000        0.0000000000000000        1.4000000000000000E-002  0.90520000000000000        8.0799999999999997E-002
   109.00000000000000        1.7587039224609877        0.0000000000000000        0.0000000000000000        0.0000000000000000        1.4000000000000000E-002  0.89180000000000004        9.4200000000000006E-002
   110.00000000000000        1.7864773168038710        0.0000000000000000        0.0000000000000000        0.0000000000000000        1.4000000000000000E-002  0.91620000000000001        6.9800000000000001E-002
   111.00000000000000        1.8111957716979863        0.0000000000000000        0.0000000000000000        0.0000000000000000        1.4000000000000000E-002  0.92900000000000005        5.7000000000000002E-002
   112.00000000000000        1.8278844922501130        0.0000000000000000        0.0000000000000000        0.0000000000000000        1.4000000000000000E-002  0.91559999999999997        7.0400000000000004E-002
   113.00000000000000        1.8414596872066906        0.0000000000000000        0.0000000000000000        0.0000000000000000        1.4000000000000000E-002  0.92140000000000000        6.4600000000000005E-002
   114.00000000000000        1.8493538886929137        0.0000000000000000        0.0000000000000000        0.0000000000000000        1.4000000000000000E-002  0.92300000000000004        6.3000000000000000E-002
   115.00000000000000        1.8500069824911443        0.0000000000000000        0.0000000000000000        0.0000000000000000        1.4000000000000000E-002  0.93200000000000005        5.3999999999999999E-002
   116.00000000000000        1.8465822623581361        0.0000000000000000        0.0000000000000000        0.0000000000000000        1.4000000000000000E-002  0.93220000000000003        5.3800000000000001E-002
   117.00000000000000        1.8364091110463898        0.0000000000000000        0.0000000000000000        0.0000000000000000        1.4000000000000000E-002  0.93200000000000005        5.3999999999999999E-002
   118.00000000000000        1.8203453964342924        0.0000000000000000        0.0000000000000000        0.0000000000000000        1.4000000000000000E-002  0.92879999999999996        5.7200000000000001E-002
   119.00000000000000        1.7994981222815909        0.0000000000000000        0.0000000000000000        0.0000000000000000        1.4000000000000000E-002  0.93020000000000003        5.5800000000000002E-002
   120.00000000000000        1.7742449933196349        0.0000000000000000        0.0000000000000000        0.0000000000000000        1.4000000000000000E-002  0.93220000000000003        5.3800000000000001E-002
   121.00000000000000        1.7447674235372319        0.0000000000000000        0.0000000000000000        0.0000000000000000        1.4000000000000000E-002  0.93159999999999998        5.4399999999999997E-002
   122.00000000000000        1.7126782650095842        0.0000000000000000        0.0000000000000000        0.0000000000000000        1.4000000000000000E-002  0.93159999999999998        5.4399999999999997E-002
   123.00000000000000        1.6787332682572329        0.0000000000000000        0.0000000000000000        0.0000000000000000        1.4000000000000000E-002  0.93320000000000003        5.2800000000000000E-002
   124.00000000000000        1.6430748827749502        0.0000000000000000        0.0000000000000000        0.0000000000000000        1.4000000000000000E-002  0.93340000000000001        5.2600000000000001E-002
   125.00000000000000        1.6092584846086699        0.0000000000000000        0.0000000000000000        0.0000000000000000        1.4000000000000000E-002  0.93040000000000000        5.5599999999999997E-002
   126.00000000000000        1.5762147614876789        0.0000000000000000        0.0000000000000000        0.0000000000000000        1.4000000000000000E-002  0.93259999999999998        5.3400000000000003E-002
   127.00000000000000        1.5389387174851112        0.0000000000000000        0.0000000000000000        0.0000000000000000        1.4000000000000000E-002  0.93220000000000003        5.3800000000000001E-002
   128.00000000000000        1.5152464397652425        0.0000000000000000        0.0000000000000000        0.0000000000000000        7.4600000000000000E-002  0.92540000000000000        0.0000000000000000     
   129.00000000000000        1.4888585655596829        0.0000000000000000        0.0000000000000000        0.0000000000000000        7.4399999999999994E-002  0.92559999999999998        0.0000000000000000     
   130.00000000000000        1.4811011569239712        0.0000000000000000        0.0000000000000000        0.0000000000000000        7.4200000000000002E-002  0.92579999999999996        0.0000000000000000     
   131.00000000000000        1.4606970115926090        0.0000000000000000        0.0000000000000000        0.0000000000000000        7.3999999999999996E-002  0.92600000000000005        0.0000000000000000     
   132.00000000000000        1.4391395029693665        0.0000000000000000        0.0000000000000000        0.0000000000000000        9.6199999999999994E-002  0.90380000000000005        0.0000000000000000     
   133.00000000000000        1.4286736736927714        0.0000000000000000        0.0000000000000000        0.0000000000000000        4.5999999999999999E-002  0.95160000000000000        2.3999999999999998E-003
   134.00000000000000        1.4982228042529415        0.0000000000000000        0.0000000000000000        0.0000000000000000        8.3799999999999999E-002  0.84719999999999995        6.9000000000000006E-002
   135.00000000000000        1.4441695788372115        0.0000000000000000        0.0000000000000000        0.0000000000000000       0.93179999999999996        1.1400000000000000E-002   5.6800000000000003E-002
   136.00000000000000        1.4198517788163474        0.0000000000000000        0.0000000000000000        0.0000000000000000       0.66339999999999999       0.18520000000000000       0.15140000000000001     
   137.00000000000000        1.4571725865416607        0.0000000000000000        0.0000000000000000        0.0000000000000000       0.66339999999999999       0.18520000000000000       0.15140000000000001     
   138.00000000000000        1.4707992277544102        0.0000000000000000        0.0000000000000000        0.0000000000000000       0.67059999999999997       0.17799999999999999       0.15140000000000001     
   139.00000000000000        1.5027524732464981        0.0000000000000000        0.0000000000000000        0.0000000000000000       0.42399999999999999        0.0000000000000000       0.57599999999999996     
   140.00000000000000        1.5194042226405222        0.0000000000000000        0.0000000000000000        0.0000000000000000       0.30959999999999999        1.4600000000000000E-002  0.67579999999999996     
   141.00000000000000        1.5443802083715998        0.0000000000000000        0.0000000000000000        0.0000000000000000       0.31000000000000000        1.4600000000000000E-002  0.67540000000000000     
   142.00000000000000        1.5456326311495083        0.0000000000000000        0.0000000000000000        0.0000000000000000       0.31000000000000000        1.5200000000000000E-002  0.67479999999999996     
   143.00000000000000        1.5615810587842693        0.0000000000000000        0.0000000000000000        0.0000000000000000       0.31000000000000000        1.5400000000000000E-002  0.67459999999999998     
   144.00000000000000        1.5822639087446251        0.0000000000000000        0.0000000000000000        0.0000000000000000       0.31000000000000000        1.5400000000000000E-002  0.67459999999999998     
   145.00000000000000        1.6495879245014753        0.0000000000000000        0.0000000000000000        0.0000000000000000       0.31000000000000000        1.5599999999999999E-002  0.67440000000000000     
   146.00000000000000        1.6305790589274003        0.0000000000000000        0.0000000000000000        0.0000000000000000       0.18620000000000000       0.12959999999999999       0.68420000000000003     
   147.00000000000000        1.9542209546321836        0.0000000000000000        0.0000000000000000        2.0000000000000001E-004  0.27379999999999999        1.6799999999999999E-002  0.70920000000000005     
   148.00000000000000        1.6450059673330695        0.0000000000000000        0.0000000000000000        2.0000000000000001E-004  0.27379999999999999        2.0400000000000001E-002  0.70560000000000000     
   149.00000000000000        1.6536733389322060        0.0000000000000000        0.0000000000000000        2.0000000000000001E-004  0.27379999999999999        2.0799999999999999E-002  0.70520000000000005     
   150.00000000000000        1.6570192104182382        0.0000000000000000        0.0000000000000000        2.0000000000000001E-004  0.27379999999999999        2.2400000000000000E-002  0.70360000000000000     
   151.00000000000000        1.6635017664000575        0.0000000000000000        0.0000000000000000        2.0000000000000001E-004  0.27379999999999999        2.2200000000000001E-002  0.70379999999999998     
   152.00000000000000        1.6677631216920792        0.0000000000000000        0.0000000000000000        2.0000000000000001E-004  0.27379999999999999        2.3000000000000000E-002  0.70299999999999996     
   153.00000000000000        1.6698919935055010        0.0000000000000000        0.0000000000000000        2.0000000000000001E-004  0.27379999999999999        2.3400000000000001E-002  0.70260000000000000     
   154.00000000000000        1.6703858603579096        0.0000000000000000        0.0000000000000000        2.0000000000000001E-004  0.27379999999999999        2.5999999999999999E-002  0.69999999999999996     
   155.00000000000000        1.6688636927131366        0.0000000000000000        0.0000000000000000        2.0000000000000001E-004  0.27379999999999999        2.5800000000000000E-002  0.70020000000000004     
   156.00000000000000        1.6654425528602412        0.0000000000000000        0.0000000000000000        0.0000000000000000       0.27400000000000002        2.5000000000000001E-002  0.70099999999999996     
   157.00000000000000        1.6608640661079546        0.0000000000000000        0.0000000000000000        0.0000000000000000       0.27400000000000002        2.3800000000000002E-002  0.70220000000000005     
   158.00000000000000        1.6557320924045000        0.0000000000000000        0.0000000000000000        0.0000000000000000       0.27400000000000002        2.6599999999999999E-002  0.69940000000000002     
   159.00000000000000        1.6496434542588307        0.0000000000000000        0.0000000000000000        0.0000000000000000       0.27400000000000002        5.2999999999999999E-002  0.67300000000000004     
   160.00000000000000        1.6439347049284554        0.0000000000000000        0.0000000000000000        0.0000000000000000       0.27400000000000002        9.9800000000000000E-002  0.62619999999999998     
   161.00000000000000        1.6386317021911396        0.0000000000000000        0.0000000000000000        0.0000000000000000       0.27400000000000002        9.9800000000000000E-002  0.62619999999999998     
   162.00000000000000        1.6341451448738407        0.0000000000000000        0.0000000000000000        0.0000000000000000       0.27400000000000002       0.10360000000000000       0.62239999999999995     
   163.00000000000000        1.6312181419754077        0.0000000000000000        0.0000000000000000        0.0000000000000000       0.27400000000000002        9.3399999999999997E-002  0.63260000000000005     
   164.00000000000000        1.6299818757499152        0.0000000000000000        0.0000000000000000        0.0000000000000000       0.27400000000000002        5.4800000000000001E-002  0.67120000000000002     
   165.00000000000000        1.6305905314251252        0.0000000000000000        0.0000000000000000        0.0000000000000000       0.27400000000000002        4.1799999999999997E-002  0.68420000000000003     
   166.00000000000000        1.6329419446526647        0.0000000000000000        0.0000000000000000        0.0000000000000000       0.27400000000000002        3.5400000000000001E-002  0.69059999999999999     
   167.00000000000000        1.6370063772672394        0.0000000000000000        0.0000000000000000        0.0000000000000000       0.27400000000000002        4.0399999999999998E-002  0.68559999999999999     
   168.00000000000000        1.6427345499298507        0.0000000000000000        0.0000000000000000        0.0000000000000000       0.27400000000000002        4.6199999999999998E-002  0.67979999999999996     
   169.00000000000000        1.6497490062184601        0.0000000000000000        0.0000000000000000        0.0000000000000000       0.27400000000000002        4.7600000000000003E-002  0.67840000000000000     
   170.00000000000000        1.6579059747872273        0.0000000000000000        0.0000000000000000        0.0000000000000000       0.27400000000000002        4.5400000000000003E-002  0.68059999999999998     
   171.00000000000000        1.6659759116670951        0.0000000000000000        0.0000000000000000        0.0000000000000000       0.27400000000000002        4.5400000000000003E-002  0.68059999999999998     
   172.00000000000000        1.6749190705646693        0.0000000000000000        0.0000000000000000        0.0000000000000000       0.27400000000000002        4.4999999999999998E-002  0.68100000000000005     
   173.00000000000000        1.6826584691015762        0.0000000000000000        0.0000000000000000        0.0000000000000000       0.27400000000000002        4.4999999999999998E-002  0.68100000000000005     
   174.00000000000000        1.6896625639542371        0.0000000000000000        0.0000000000000000        0.0000000000000000       0.27400000000000002        4.4200000000000003E-002  0.68179999999999996     
   175.00000000000000        1.6959994464556645        0.0000000000000000        0.0000000000000000        0.0000000000000000       0.27400000000000002        4.4200000000000003E-002  0.68179999999999996     
   176.00000000000000        1.6987623123431863        0.0000000000000000        0.0000000000000000        0.0000000000000000       0.27400000000000002        4.4200000000000003E-002  0.68179999999999996     
   177.00000000000000        1.7008008377034818        0.0000000000000000        0.0000000000000000        0.0000000000000000       0.27400000000000002        4.4400000000000002E-002  0.68159999999999998     
   178.00000000000000        1.6999148806891349        0.0000000000000000        0.0000000000000000        0.0000000000000000       0.27400000000000002        4.4400000000000002E-002  0.68159999999999998     
   179.00000000000000        1.6960971561934739        0.0000000000000000        0.0000000000000000        0.0000000000000000       0.27400000000000002        4.4400000000000002E-002  0.68159999999999998     
   180.00000000000000        1.6905180260434081        0.0000000000000000        0.0000000000000000        0.0000000000000000       0.27400000000000002        4.4400000000000002E-002  0.68159999999999998     
   181.00000000000000        1.6828651605505682        0.0000000000000000        0.0000000000000000        0.0000000000000000       0.27400000000000002        4.4600000000000001E-002  0.68140000000000001     
   182.00000000000000        1.6730609302541810        0.0000000000000000        0.0000000000000000        0.0000000000000000       0.27400000000000002        4.4600000000000001E-002  0.68140000000000001     
   183.00000000000000        1.6615615947804103        0.0000000000000000        0.0000000000000000        0.0000000000000000       0.27400000000000002        4.4600000000000001E-002  0.68140000000000001     
   184.00000000000000        1.6490446324547665        0.0000000000000000        0.0000000000000000        0.0000000000000000       0.27400000000000002        4.5199999999999997E-002  0.68079999999999996     
   185.00000000000000        1.6357801321565124        0.0000000000000000        0.0000000000000000        0.0000000000000000       0.27400000000000002        4.5600000000000002E-002  0.68040000000000000     
   186.00000000000000        1.6226653851851194        0.0000000000000000        0.0000000000000000        0.0000000000000000       0.27400000000000002        4.4200000000000003E-002  0.68179999999999996     
   187.00000000000000        1.6087098642848776        0.0000000000000000        0.0000000000000000        0.0000000000000000       0.27400000000000002        4.3200000000000002E-002  0.68279999999999996     
   188.00000000000000        1.5940058247485125        0.0000000000000000        0.0000000000000000        0.0000000000000000       0.27400000000000002        4.3400000000000001E-002  0.68259999999999998     
   189.00000000000000        1.5889838691093054        0.0000000000000000        0.0000000000000000        0.0000000000000000        1.0200000000000001E-002  0.24700000000000000       0.74280000000000002     
