#        BMIN =   406
#        BMAX =   411
#     INIBAND =   407
#      NBANDS =   540
#         NSW =  2000
#       POTIM =   1.0
#        TEMP = 300.0
#    NAMDTINI =   618
#    NAMDTIME =  1000
#       NTRAJ =  5000
#        NELM =  1000
#       LHOLE =     T
#        LSHP =     T
#      LCPTXT =     T
#      RUNDIR = ../../run/
   1.0000000000000000       0.42974165008633669        0.0000000000000000        1.0000000000000000        0.0000000000000000        0.0000000000000000        0.0000000000000000        0.0000000000000000     
   2.0000000000000000       0.42241928682992069        0.0000000000000000       0.99919999999999998        8.0000000000000004E-004   0.0000000000000000        0.0000000000000000        0.0000000000000000     
   3.0000000000000000       0.41445924130000539        0.0000000000000000       0.99360000000000004        6.4000000000000003E-003   0.0000000000000000        0.0000000000000000        0.0000000000000000     
   4.0000000000000000       0.40570158487027091        0.0000000000000000       0.98780000000000001        1.2200000000000001E-002   0.0000000000000000        0.0000000000000000        0.0000000000000000     
   5.0000000000000000       0.39711301838615026        0.0000000000000000       0.97040000000000004        2.9600000000000001E-002   0.0000000000000000        0.0000000000000000        0.0000000000000000     
   6.0000000000000000       0.38740922270622685        0.0000000000000000       0.96879999999999999        3.1199999999999999E-002   0.0000000000000000        0.0000000000000000        0.0000000000000000     
   7.0000000000000000       0.37776954110083288        0.0000000000000000       0.96879999999999999        3.1199999999999999E-002   0.0000000000000000        0.0000000000000000        0.0000000000000000     
   8.0000000000000000       0.36869301945769672        0.0000000000000000       0.97399999999999998        2.5999999999999999E-002   0.0000000000000000        0.0000000000000000        0.0000000000000000     
   9.0000000000000000       0.36132610047781211        0.0000000000000000       0.97419999999999995        2.5800000000000000E-002   0.0000000000000000        0.0000000000000000        0.0000000000000000     
   10.000000000000000       0.35619137896909769        0.0000000000000000       0.95960000000000001        4.0399999999999998E-002   0.0000000000000000        0.0000000000000000        0.0000000000000000     
   11.000000000000000       0.35074516357909380        0.0000000000000000       0.96579999999999999        3.4200000000000001E-002   0.0000000000000000        0.0000000000000000        0.0000000000000000     
   12.000000000000000       0.34716800261153813        0.0000000000000000       0.91400000000000003        8.5999999999999993E-002   0.0000000000000000        0.0000000000000000        0.0000000000000000     
   13.000000000000000       0.33980181367729984        0.0000000000000000       0.91339999999999999        8.6599999999999996E-002   0.0000000000000000        0.0000000000000000        0.0000000000000000     
   14.000000000000000       0.33087544289136805        0.0000000000000000       0.91339999999999999        8.6599999999999996E-002   0.0000000000000000        0.0000000000000000        0.0000000000000000     
   15.000000000000000       0.32126113257916861        0.0000000000000000       0.91420000000000001        8.5800000000000001E-002   0.0000000000000000        0.0000000000000000        0.0000000000000000     
   16.000000000000000       0.31161495305308734        0.0000000000000000       0.91239999999999999        8.7599999999999997E-002   0.0000000000000000        0.0000000000000000        0.0000000000000000     
   17.000000000000000       0.30158964792714871        0.0000000000000000       0.91239999999999999        8.7599999999999997E-002   0.0000000000000000        0.0000000000000000        0.0000000000000000     
   18.000000000000000       0.29278498677343040        0.0000000000000000       0.90900000000000003        9.0999999999999998E-002   0.0000000000000000        0.0000000000000000        0.0000000000000000     
   19.000000000000000       0.28486240903815546        0.0000000000000000       0.90620000000000001        9.3799999999999994E-002   0.0000000000000000        0.0000000000000000        0.0000000000000000     
   20.000000000000000       0.27751610350549677        0.0000000000000000       0.90600000000000003        9.4000000000000000E-002   0.0000000000000000        0.0000000000000000        0.0000000000000000     
   21.000000000000000       0.27158003773101069        0.0000000000000000       0.90580000000000005        9.4200000000000006E-002   0.0000000000000000        0.0000000000000000        0.0000000000000000     
   22.000000000000000       0.26706977180651620        0.0000000000000000       0.90580000000000005        9.4200000000000006E-002   0.0000000000000000        0.0000000000000000        0.0000000000000000     
   23.000000000000000       0.26453915754365626        0.0000000000000000       0.90580000000000005        9.4200000000000006E-002   0.0000000000000000        0.0000000000000000        0.0000000000000000     
   24.000000000000000       0.26556249512065205        0.0000000000000000       0.90239999999999998        9.7600000000000006E-002   0.0000000000000000        0.0000000000000000        0.0000000000000000     
   25.000000000000000       0.26816772007208178        0.0000000000000000       0.89920000000000000       0.10080000000000000        0.0000000000000000        0.0000000000000000        0.0000000000000000     
   26.000000000000000       0.27161364971077706        0.0000000000000000       0.89920000000000000       0.10080000000000000        0.0000000000000000        0.0000000000000000        0.0000000000000000     
   27.000000000000000       0.27864820816249147        0.0000000000000000       0.89900000000000002       0.10080000000000000        2.0000000000000001E-004   0.0000000000000000        0.0000000000000000     
   28.000000000000000       0.28641501939178110        0.0000000000000000       0.89900000000000002       0.10080000000000000        2.0000000000000001E-004   0.0000000000000000        0.0000000000000000     
   29.000000000000000       0.29637411295492211        0.0000000000000000       0.89759999999999995       0.10220000000000000        2.0000000000000001E-004   0.0000000000000000        0.0000000000000000     
   30.000000000000000       0.30604816920823630        0.0000000000000000       0.89759999999999995       0.10220000000000000        2.0000000000000001E-004   0.0000000000000000        0.0000000000000000     
   31.000000000000000       0.31606403500344032        0.0000000000000000       0.89759999999999995       0.10220000000000000        2.0000000000000001E-004   0.0000000000000000        0.0000000000000000     
   32.000000000000000       0.32794690632844503        0.0000000000000000       0.88980000000000004       0.11000000000000000        2.0000000000000001E-004   0.0000000000000000        0.0000000000000000     
   33.000000000000000       0.33766853849996092        0.0000000000000000       0.88980000000000004       0.11000000000000000        2.0000000000000001E-004   0.0000000000000000        0.0000000000000000     
   34.000000000000000       0.34722900834330300        0.0000000000000000       0.88980000000000004       0.11000000000000000        2.0000000000000001E-004   0.0000000000000000        0.0000000000000000     
   35.000000000000000       0.35732053816074028        0.0000000000000000       0.87900000000000000       0.12060000000000000        4.0000000000000002E-004   0.0000000000000000        0.0000000000000000     
   36.000000000000000       0.36454320073191598        0.0000000000000000       0.88239999999999996       0.11720000000000000        4.0000000000000002E-004   0.0000000000000000        0.0000000000000000     
   37.000000000000000       0.37012618254642093        0.0000000000000000       0.88380000000000003       0.11580000000000000        4.0000000000000002E-004   0.0000000000000000        0.0000000000000000     
   38.000000000000000       0.37478868759928097        0.0000000000000000       0.88200000000000001       0.11760000000000000        4.0000000000000002E-004   0.0000000000000000        0.0000000000000000     
   39.000000000000000       0.37417212144309114        0.0000000000000000       0.84179999999999999       0.15780000000000000        4.0000000000000002E-004   0.0000000000000000        0.0000000000000000     
   40.000000000000000       0.37248111474202383        0.0000000000000000       0.80220000000000002       0.19719999999999999        4.0000000000000002E-004   0.0000000000000000        2.0000000000000001E-004
   41.000000000000000       0.37208596131655680        0.0000000000000000       0.79700000000000004       0.20240000000000000        4.0000000000000002E-004   0.0000000000000000        2.0000000000000001E-004
   42.000000000000000       0.36104059872812100        4.0000000000000002E-004  0.78779999999999994       0.21120000000000000        4.0000000000000002E-004   0.0000000000000000        2.0000000000000001E-004
   43.000000000000000       0.37100600791943561        0.0000000000000000       0.75119999999999998       0.24820000000000000        4.0000000000000002E-004   0.0000000000000000        2.0000000000000001E-004
   44.000000000000000       0.44441551648361555        5.9999999999999995E-004  0.48359999999999997       0.50660000000000005        1.0000000000000000E-003   0.0000000000000000        8.2000000000000007E-003
   45.000000000000000       0.92450426947251330        5.9999999999999995E-004  0.48340000000000000       0.48999999999999999        1.7800000000000000E-002   0.0000000000000000        8.2000000000000007E-003
   46.000000000000000        1.3501490981082371        1.1999999999999999E-003   0.0000000000000000       0.87680000000000002       0.11380000000000000        0.0000000000000000        8.2000000000000007E-003
   47.000000000000000       0.71023976254722299        1.1999999999999999E-003   0.0000000000000000       0.87680000000000002        8.0399999999999999E-002   1.8400000000000000E-002   2.3199999999999998E-002
   48.000000000000000       0.82745635574431997        1.1999999999999999E-003   0.0000000000000000       0.87480000000000002        8.1199999999999994E-002   1.8400000000000000E-002   2.4400000000000002E-002
   49.000000000000000       0.32594597705520234        1.1999999999999999E-003   2.0000000000000001E-004  0.86880000000000002        8.6999999999999994E-002   1.9000000000000000E-002   2.3800000000000002E-002
   50.000000000000000       0.83420837977135109        1.1999999999999999E-003   2.0000000000000001E-004  0.86299999999999999        9.2799999999999994E-002   1.9000000000000000E-002   2.3800000000000002E-002
   51.000000000000000       0.91629386574319749        1.1999999999999999E-003   2.0000000000000001E-004  0.79679999999999995       0.15880000000000000        2.4400000000000002E-002   1.8599999999999998E-002
   52.000000000000000        1.4583643457739601        1.1999999999999999E-003   2.0000000000000001E-004  0.78539999999999999       0.16259999999999999        2.0600000000000000E-002   2.9999999999999999E-002
   53.000000000000000        1.4931237006346263        1.0000000000000000E-003   2.0000000000000001E-004  0.69140000000000001       0.16619999999999999        1.7000000000000001E-002  0.12420000000000000     
   54.000000000000000        1.5215450848577552        1.0000000000000000E-003   2.0000000000000001E-004  0.65559999999999996       0.12300000000000000        4.5800000000000000E-002  0.17440000000000000     
   55.000000000000000        1.5358668795958268        1.0000000000000000E-003   2.0000000000000001E-004  0.59379999999999999       0.18479999999999999        4.7399999999999998E-002  0.17280000000000001     
   56.000000000000000        1.5552867845229386        1.0000000000000000E-003   2.0000000000000001E-004  0.59219999999999995       0.18640000000000001        4.7399999999999998E-002  0.17280000000000001     
   57.000000000000000        1.6532558868301377        1.0000000000000000E-003   2.0000000000000001E-004  0.24679999999999999       0.53180000000000005        4.8000000000000001E-002  0.17219999999999999     
   58.000000000000000        1.6311618740345804        1.0000000000000000E-003   2.0000000000000001E-004   0.0000000000000000       0.77859999999999996        4.4600000000000001E-002  0.17560000000000001     
   59.000000000000000        1.6888362734134206        1.0000000000000000E-003   2.0000000000000001E-004   0.0000000000000000       0.77859999999999996        4.3999999999999997E-002  0.17620000000000000     
   60.000000000000000        1.6724055329919463        8.0000000000000004E-004   2.0000000000000001E-004   0.0000000000000000       0.77880000000000005        4.3999999999999997E-002  0.17620000000000000     
   61.000000000000000        1.6644263382908440        8.0000000000000004E-004   2.0000000000000001E-004   0.0000000000000000       0.77880000000000005        4.3999999999999997E-002  0.17620000000000000     
   62.000000000000000        1.6524525686589140        8.0000000000000004E-004   2.0000000000000001E-004   0.0000000000000000       0.77880000000000005        4.3999999999999997E-002  0.17620000000000000     
   63.000000000000000        1.6757800551747559        8.0000000000000004E-004   2.0000000000000001E-004   0.0000000000000000       0.77880000000000005        4.4200000000000003E-002  0.17599999999999999     
   64.000000000000000        1.6754035052105138        8.0000000000000004E-004   0.0000000000000000        5.9999999999999995E-004  0.77839999999999998        4.3999999999999997E-002  0.17620000000000000     
   65.000000000000000        1.6062811238487593        8.0000000000000004E-004   0.0000000000000000        2.0000000000000001E-004  0.77880000000000005        4.3799999999999999E-002  0.17640000000000000     
   66.000000000000000        1.6019871902135623        8.0000000000000004E-004   0.0000000000000000        2.0000000000000001E-004  0.77880000000000005        4.4600000000000001E-002  0.17560000000000001     
   67.000000000000000        1.5701368507582567        8.0000000000000004E-004   0.0000000000000000        2.0000000000000001E-004  0.77880000000000005        4.2799999999999998E-002  0.17740000000000000     
   68.000000000000000        1.5755033342248450        8.0000000000000004E-004   0.0000000000000000        2.0000000000000001E-004  0.74399999999999999        7.3999999999999996E-002  0.18099999999999999     
   69.000000000000000        1.8966809297830214        8.0000000000000004E-004   0.0000000000000000        2.0000000000000001E-004  0.49440000000000001       0.32319999999999999       0.18140000000000001     
   70.000000000000000        1.6459145250369605        5.9999999999999995E-004   0.0000000000000000        2.0000000000000001E-004  0.49459999999999998       0.32319999999999999       0.18140000000000001     
   71.000000000000000        1.6299409582846707        4.0000000000000002E-004   2.0000000000000001E-004   2.0000000000000001E-004  0.49459999999999998       0.32260000000000000       0.18200000000000000     
   72.000000000000000        1.6039901916559181        4.0000000000000002E-004   2.0000000000000001E-004   2.0000000000000001E-004  0.49459999999999998       0.32260000000000000       0.18200000000000000     
   73.000000000000000        1.6009072111762335        4.0000000000000002E-004   2.0000000000000001E-004   2.0000000000000001E-004  0.49459999999999998       0.32260000000000000       0.18200000000000000     
   74.000000000000000        1.5884095335492858        4.0000000000000002E-004   2.0000000000000001E-004   2.0000000000000001E-004  0.49459999999999998       0.32260000000000000       0.18200000000000000     
   75.000000000000000        1.5782605482516934        4.0000000000000002E-004   0.0000000000000000        2.0000000000000001E-004  0.49480000000000002       0.32260000000000000       0.18200000000000000     
   76.000000000000000        1.5527600801853227        4.0000000000000002E-004   0.0000000000000000        2.0000000000000001E-004  0.49480000000000002       0.32260000000000000       0.18200000000000000     
   77.000000000000000        1.5470023952508956        4.0000000000000002E-004   0.0000000000000000        2.0000000000000001E-004  0.49480000000000002       0.32240000000000002       0.18220000000000000     
   78.000000000000000        1.5437116346277402        4.0000000000000002E-004   0.0000000000000000        2.0000000000000001E-004  0.49480000000000002       0.32240000000000002       0.18220000000000000     
   79.000000000000000        1.5431642834290407        4.0000000000000002E-004   0.0000000000000000        2.0000000000000001E-004  0.49480000000000002       0.32260000000000000       0.18200000000000000     
   80.000000000000000        1.5447959085758716        4.0000000000000002E-004   0.0000000000000000        2.0000000000000001E-004  0.49480000000000002       0.32240000000000002       0.18220000000000000     
   81.000000000000000        1.5490083804997767        4.0000000000000002E-004   0.0000000000000000        2.0000000000000001E-004  0.49480000000000002       0.31200000000000000       0.19259999999999999     
   82.000000000000000        1.5551598880322837        4.0000000000000002E-004   0.0000000000000000        2.0000000000000001E-004  0.49480000000000002       0.37580000000000002       0.12880000000000000     
   83.000000000000000        1.5628671350729770        4.0000000000000002E-004   0.0000000000000000        2.0000000000000001E-004  0.49480000000000002       0.37540000000000001       0.12920000000000001     
   84.000000000000000        1.5721251711330091        4.0000000000000002E-004   0.0000000000000000        2.0000000000000001E-004  0.49480000000000002       0.37600000000000000       0.12859999999999999     
   85.000000000000000        1.5824475031747451        4.0000000000000002E-004   0.0000000000000000        2.0000000000000001E-004  0.49480000000000002       0.37600000000000000       0.12859999999999999     
   86.000000000000000        1.5931013659308695        4.0000000000000002E-004   0.0000000000000000        2.0000000000000001E-004  0.49480000000000002       0.37600000000000000       0.12859999999999999     
   87.000000000000000        1.6040941800287942        4.0000000000000002E-004   0.0000000000000000        2.0000000000000001E-004  0.49480000000000002       0.37600000000000000       0.12859999999999999     
   88.000000000000000        1.6156659432770486        4.0000000000000002E-004   0.0000000000000000        2.0000000000000001E-004  0.49480000000000002       0.37600000000000000       0.12859999999999999     
   89.000000000000000        1.6256406395957403        4.0000000000000002E-004   0.0000000000000000        2.0000000000000001E-004  0.49480000000000002       0.37600000000000000       0.12859999999999999     
   90.000000000000000        1.6354773532456270        2.0000000000000001E-004   0.0000000000000000        4.0000000000000002E-004  0.49480000000000002       0.37600000000000000       0.12859999999999999     
   91.000000000000000        1.6442101614494198        2.0000000000000001E-004   0.0000000000000000        4.0000000000000002E-004  0.49480000000000002       0.37600000000000000       0.12859999999999999     
   92.000000000000000        1.6518676552657872        2.0000000000000001E-004   0.0000000000000000        4.0000000000000002E-004  0.49480000000000002       0.37600000000000000       0.12859999999999999     
   93.000000000000000        1.6577125164141717        2.0000000000000001E-004   0.0000000000000000        4.0000000000000002E-004  0.49480000000000002       0.37619999999999998       0.12839999999999999     
   94.000000000000000        1.6621892384530714        2.0000000000000001E-004   0.0000000000000000        4.0000000000000002E-004  0.49480000000000002       0.37619999999999998       0.12839999999999999     
   95.000000000000000        1.6653546919664148        2.0000000000000001E-004   0.0000000000000000        4.0000000000000002E-004  0.49480000000000002       0.37600000000000000       0.12859999999999999     
   96.000000000000000        1.6663925084397215        2.0000000000000001E-004   0.0000000000000000        4.0000000000000002E-004  0.49480000000000002       0.37600000000000000       0.12859999999999999     
   97.000000000000000        1.6661922228060333        2.0000000000000001E-004   0.0000000000000000        4.0000000000000002E-004  0.49480000000000002       0.37600000000000000       0.12859999999999999     
   98.000000000000000        1.6638392130447066        2.0000000000000001E-004   0.0000000000000000        4.0000000000000002E-004  0.49480000000000002       0.37580000000000002       0.12880000000000000     
   99.000000000000000        1.6588155605840005        2.0000000000000001E-004   0.0000000000000000        4.0000000000000002E-004  0.49480000000000002       0.37559999999999999       0.12900000000000000     
   100.00000000000000        1.6550199557044576        2.0000000000000001E-004   0.0000000000000000        4.0000000000000002E-004  0.49480000000000002       0.37600000000000000       0.12859999999999999     
   101.00000000000000        1.6483294143833436        2.0000000000000001E-004   0.0000000000000000        4.0000000000000002E-004  0.49480000000000002       0.37559999999999999       0.12900000000000000     
   102.00000000000000        1.6405166463186784        2.0000000000000001E-004   0.0000000000000000        4.0000000000000002E-004  0.49480000000000002       0.37580000000000002       0.12880000000000000     
   103.00000000000000        1.6326340751675621        2.0000000000000001E-004   0.0000000000000000        4.0000000000000002E-004  0.49480000000000002       0.37559999999999999       0.12900000000000000     
   104.00000000000000        1.6237443624786425        2.0000000000000001E-004   0.0000000000000000        4.0000000000000002E-004  0.49480000000000002       0.37559999999999999       0.12900000000000000     
   105.00000000000000        1.6145481191173541        2.0000000000000001E-004   0.0000000000000000        4.0000000000000002E-004  0.49480000000000002       0.37919999999999998       0.12540000000000001     
   106.00000000000000        1.6054949966241747        2.0000000000000001E-004   0.0000000000000000        4.0000000000000002E-004  0.49480000000000002       0.38219999999999998       0.12239999999999999     
   107.00000000000000        1.5974214501108959        2.0000000000000001E-004   0.0000000000000000        4.0000000000000002E-004  0.49480000000000002       0.37880000000000003       0.12580000000000000     
   108.00000000000000        1.5889786299529416        2.0000000000000001E-004   0.0000000000000000        4.0000000000000002E-004  0.49480000000000002       0.38000000000000000       0.12460000000000000     
   109.00000000000000        1.5817461027222222        2.0000000000000001E-004   0.0000000000000000        4.0000000000000002E-004  0.49480000000000002       0.37700000000000000       0.12759999999999999     
   110.00000000000000        1.5755084826626518        2.0000000000000001E-004   0.0000000000000000        4.0000000000000002E-004  0.49480000000000002       0.37919999999999998       0.12540000000000001     
   111.00000000000000        1.5704973942494465        2.0000000000000001E-004   0.0000000000000000        4.0000000000000002E-004  0.49480000000000002       0.38019999999999998       0.12440000000000000     
   112.00000000000000        1.5665100701318730        2.0000000000000001E-004   0.0000000000000000        4.0000000000000002E-004  0.49480000000000002       0.38019999999999998       0.12440000000000000     
   113.00000000000000        1.5632094559530891        2.0000000000000001E-004   0.0000000000000000        4.0000000000000002E-004  0.49480000000000002       0.38379999999999997       0.12080000000000000     
   114.00000000000000        1.5615414904245588        2.0000000000000001E-004   0.0000000000000000        4.0000000000000002E-004  0.49480000000000002       0.38460000000000000       0.12000000000000000     
   115.00000000000000        1.5603299331693423        2.0000000000000001E-004   0.0000000000000000        4.0000000000000002E-004  0.49480000000000002       0.38460000000000000       0.12000000000000000     
   116.00000000000000        1.5594061806110671        0.0000000000000000        0.0000000000000000        4.0000000000000002E-004  0.49500000000000000       0.38379999999999997       0.12080000000000000     
   117.00000000000000        1.5589504408198875        0.0000000000000000        0.0000000000000000        4.0000000000000002E-004  0.49500000000000000       0.38400000000000001       0.12060000000000000     
   118.00000000000000        1.5588112172116688        0.0000000000000000        0.0000000000000000        4.0000000000000002E-004  0.49500000000000000       0.38400000000000001       0.12060000000000000     
   119.00000000000000        1.5579968178115342        0.0000000000000000        0.0000000000000000        4.0000000000000002E-004  0.49500000000000000       0.38400000000000001       0.12060000000000000     
   120.00000000000000        1.5564565246310627        0.0000000000000000        0.0000000000000000        4.0000000000000002E-004  0.49500000000000000       0.38400000000000001       0.12060000000000000     
   121.00000000000000        1.5540559769983517        0.0000000000000000        0.0000000000000000        4.0000000000000002E-004  0.49500000000000000       0.38419999999999999       0.12039999999999999     
   122.00000000000000        1.5509608051837385        0.0000000000000000        0.0000000000000000        0.0000000000000000       0.49540000000000001       0.38419999999999999       0.12039999999999999     
   123.00000000000000        1.6377629320356422        0.0000000000000000        0.0000000000000000        0.0000000000000000       0.49540000000000001       0.38419999999999999       0.12039999999999999     
   124.00000000000000        1.8868838539411343        0.0000000000000000        0.0000000000000000        5.0000000000000001E-003  0.35320000000000001       0.52180000000000004       0.12000000000000000     
   125.00000000000000        1.8869154254842364        0.0000000000000000        0.0000000000000000        5.9999999999999995E-004  0.17180000000000001       0.69499999999999995       0.13260000000000000     
   126.00000000000000        1.8731242223251243        0.0000000000000000        0.0000000000000000       0.11140000000000000        0.0000000000000000       0.75660000000000005       0.13200000000000001     
   127.00000000000000        1.7718525173622282        0.0000000000000000        0.0000000000000000       0.11140000000000000       0.10940000000000000       0.62600000000000000       0.15320000000000000     
   128.00000000000000        1.8292961110685564        0.0000000000000000        0.0000000000000000        0.0000000000000000        7.4000000000000003E-003  0.83940000000000003       0.15320000000000000     
   129.00000000000000        1.7520979106331360        0.0000000000000000        0.0000000000000000        0.0000000000000000        7.4000000000000003E-003  0.83660000000000001       0.15600000000000000     
   130.00000000000000        1.7257230366880894        0.0000000000000000        0.0000000000000000        0.0000000000000000        7.4000000000000003E-003  0.83640000000000003       0.15620000000000001     
   131.00000000000000        1.6948071466163217        0.0000000000000000        0.0000000000000000        0.0000000000000000        7.4000000000000003E-003  0.83340000000000003       0.15920000000000001     
   132.00000000000000        1.6609593859559892        0.0000000000000000        0.0000000000000000        0.0000000000000000        7.4000000000000003E-003  0.83320000000000005       0.15939999999999999     
   133.00000000000000        1.6251281409634282        0.0000000000000000        0.0000000000000000        0.0000000000000000        7.4000000000000003E-003  0.83220000000000005       0.16039999999999999     
   134.00000000000000        1.5878590941276536        0.0000000000000000        0.0000000000000000        0.0000000000000000        7.4000000000000003E-003  0.83079999999999998       0.16180000000000000     
   135.00000000000000        1.5510835106928644        0.0000000000000000        0.0000000000000000        0.0000000000000000        7.4000000000000003E-003  0.83120000000000005       0.16139999999999999     
   136.00000000000000        1.5148627486785546        0.0000000000000000        0.0000000000000000        0.0000000000000000        7.4000000000000003E-003  0.83060000000000000       0.16200000000000001     
   137.00000000000000        1.4799257135058290        0.0000000000000000        0.0000000000000000        0.0000000000000000        7.4000000000000003E-003  0.83440000000000003       0.15820000000000001     
   138.00000000000000        1.4485768094668190        0.0000000000000000        0.0000000000000000        0.0000000000000000        7.4000000000000003E-003  0.85980000000000001       0.13280000000000000     
   139.00000000000000        1.4205924710612050        0.0000000000000000        0.0000000000000000        0.0000000000000000        7.4000000000000003E-003  0.84279999999999999       0.14979999999999999     
   140.00000000000000        1.3973002868549531        0.0000000000000000        0.0000000000000000        0.0000000000000000        7.4000000000000003E-003  0.70720000000000005       0.28539999999999999     
   141.00000000000000        1.3795280857720895        0.0000000000000000        0.0000000000000000        0.0000000000000000        7.4000000000000003E-003  0.84699999999999998       0.14560000000000001     
   142.00000000000000        1.3654123102632343        0.0000000000000000        0.0000000000000000        0.0000000000000000       0.12880000000000000       0.87119999999999997        0.0000000000000000     
   143.00000000000000        1.3648126202286956        0.0000000000000000        0.0000000000000000        0.0000000000000000       0.12900000000000000       0.87100000000000000        0.0000000000000000     
   144.00000000000000        1.3675130837830665        0.0000000000000000        0.0000000000000000        0.0000000000000000       0.13120000000000001       0.86880000000000002        0.0000000000000000     
   145.00000000000000        1.3769286473160911        0.0000000000000000        0.0000000000000000        0.0000000000000000       0.13180000000000000       0.86819999999999997        0.0000000000000000     
   146.00000000000000        1.3942107204001069        0.0000000000000000        0.0000000000000000        0.0000000000000000       0.13159999999999999       0.86839999999999995        0.0000000000000000     
   147.00000000000000        1.4195927739523533        0.0000000000000000        0.0000000000000000        0.0000000000000000       0.13080000000000000       0.70979999999999999       0.15939999999999999     
   148.00000000000000        1.4409805599926346        0.0000000000000000        0.0000000000000000        0.0000000000000000       0.84179999999999999        0.0000000000000000       0.15820000000000001     
   149.00000000000000        1.4645540669870907        0.0000000000000000        0.0000000000000000        0.0000000000000000       0.84179999999999999        0.0000000000000000       0.15820000000000001     
   150.00000000000000        1.4827844170160482        0.0000000000000000        0.0000000000000000        0.0000000000000000       0.84179999999999999        0.0000000000000000       0.15820000000000001     
   151.00000000000000        1.5008275670801432        0.0000000000000000        0.0000000000000000        0.0000000000000000       0.84179999999999999        8.0000000000000004E-004  0.15740000000000001     
   152.00000000000000        1.5184825143893934        0.0000000000000000        0.0000000000000000        0.0000000000000000       0.84179999999999999        1.1999999999999999E-003  0.15700000000000000     
   153.00000000000000        1.5359418559268461        0.0000000000000000        0.0000000000000000        0.0000000000000000       0.84179999999999999        1.1999999999999999E-003  0.15700000000000000     
   154.00000000000000        1.5523826489588282        0.0000000000000000        0.0000000000000000        0.0000000000000000       0.84179999999999999        1.1999999999999999E-003  0.15700000000000000     
   155.00000000000000        1.5669632092014303        0.0000000000000000        0.0000000000000000        0.0000000000000000       0.84179999999999999        1.1999999999999999E-003  0.15700000000000000     
   156.00000000000000        1.5803462496169678        0.0000000000000000        0.0000000000000000        0.0000000000000000       0.84179999999999999        1.1999999999999999E-003  0.15700000000000000     
   157.00000000000000        1.5925159974714398        0.0000000000000000        0.0000000000000000        0.0000000000000000       0.84179999999999999        1.1999999999999999E-003  0.15700000000000000     
   158.00000000000000        1.6024841941724843        0.0000000000000000        0.0000000000000000        0.0000000000000000       0.84179999999999999        1.1999999999999999E-003  0.15700000000000000     
   159.00000000000000        1.6112263174682806        0.0000000000000000        0.0000000000000000        0.0000000000000000       0.84179999999999999        1.1999999999999999E-003  0.15700000000000000     
   160.00000000000000        1.6177874015719538        0.0000000000000000        0.0000000000000000        0.0000000000000000       0.84179999999999999        1.1999999999999999E-003  0.15700000000000000     
   161.00000000000000        1.6229269364047951        0.0000000000000000        0.0000000000000000        0.0000000000000000       0.84179999999999999        2.0000000000000000E-003  0.15620000000000001     
   162.00000000000000        1.6375713789843185        0.0000000000000000        0.0000000000000000        0.0000000000000000       0.84179999999999999        2.0000000000000000E-003  0.15620000000000001     
   163.00000000000000        1.6271876489875943        0.0000000000000000        0.0000000000000000        0.0000000000000000       0.84179999999999999        2.2000000000000001E-003  0.15600000000000000     
   164.00000000000000        1.6373071377667661        0.0000000000000000        0.0000000000000000        0.0000000000000000       0.84179999999999999        2.2000000000000001E-003  0.15600000000000000     
   165.00000000000000        1.6239949206813697        0.0000000000000000        0.0000000000000000        0.0000000000000000       0.84179999999999999        4.0000000000000001E-003  0.15420000000000000     
   166.00000000000000        1.6197628989479056        0.0000000000000000        0.0000000000000000        0.0000000000000000       0.84179999999999999        3.8000000000000000E-003  0.15440000000000001     
   167.00000000000000        1.6147130312424680        0.0000000000000000        0.0000000000000000        0.0000000000000000       0.84179999999999999        3.8000000000000000E-003  0.15440000000000001     
   168.00000000000000        1.6072672144889895        0.0000000000000000        0.0000000000000000        0.0000000000000000       0.84179999999999999        3.5999999999999999E-003  0.15459999999999999     
   169.00000000000000        1.5981545918590085        0.0000000000000000        0.0000000000000000        0.0000000000000000       0.84179999999999999        3.8000000000000000E-003  0.15440000000000001     
   170.00000000000000        1.5882693404615662        0.0000000000000000        0.0000000000000000        0.0000000000000000       0.84179999999999999        5.4000000000000003E-003  0.15279999999999999     
   171.00000000000000        1.5773263837766325        0.0000000000000000        0.0000000000000000        0.0000000000000000       0.84179999999999999        5.0000000000000001E-003  0.15320000000000000     
   172.00000000000000        1.5657854937279316        0.0000000000000000        0.0000000000000000        0.0000000000000000       0.84179999999999999        4.7999999999999996E-003  0.15340000000000001     
   173.00000000000000        1.5527387167074551        0.0000000000000000        0.0000000000000000        0.0000000000000000       0.84179999999999999        7.4000000000000003E-003  0.15079999999999999     
   174.00000000000000        1.5394630874002231        0.0000000000000000        0.0000000000000000        0.0000000000000000       0.84179999999999999        1.0400000000000000E-002  0.14779999999999999     
   175.00000000000000        1.5255874329152097        0.0000000000000000        0.0000000000000000        0.0000000000000000       0.84179999999999999        9.7999999999999997E-003  0.14840000000000000     
   176.00000000000000        1.5114896449317501        0.0000000000000000        0.0000000000000000        0.0000000000000000       0.84179999999999999        9.7999999999999997E-003  0.14840000000000000     
   177.00000000000000        1.4966727281236007        0.0000000000000000        0.0000000000000000        0.0000000000000000       0.84179999999999999        9.7999999999999997E-003  0.14840000000000000     
   178.00000000000000        1.4816269902332733        0.0000000000000000        0.0000000000000000        0.0000000000000000       0.84179999999999999        9.7999999999999997E-003  0.14840000000000000     
   179.00000000000000        1.4666611815393833        0.0000000000000000        0.0000000000000000        0.0000000000000000       0.84179999999999999        9.7999999999999997E-003  0.14840000000000000     
   180.00000000000000        1.4514673506036986        0.0000000000000000        0.0000000000000000        0.0000000000000000       0.84179999999999999        1.2400000000000000E-002  0.14580000000000001     
   181.00000000000000        1.4363490234363669        0.0000000000000000        0.0000000000000000        0.0000000000000000       0.84179999999999999        1.5599999999999999E-002  0.14260000000000000     
   182.00000000000000        1.4211724769032221        0.0000000000000000        0.0000000000000000        0.0000000000000000       0.84179999999999999        1.4200000000000001E-002  0.14399999999999999     
   183.00000000000000        1.4064094366708868        0.0000000000000000        0.0000000000000000        0.0000000000000000       0.84179999999999999        1.4800000000000001E-002  0.14340000000000000     
   184.00000000000000        1.3920561634300610        0.0000000000000000        0.0000000000000000        0.0000000000000000       0.84179999999999999        1.4800000000000001E-002  0.14340000000000000     
   185.00000000000000        1.3779853696712074        0.0000000000000000        0.0000000000000000        0.0000000000000000       0.84179999999999999        1.4999999999999999E-002  0.14319999999999999     
   186.00000000000000        1.3647813358932848        0.0000000000000000        0.0000000000000000        0.0000000000000000       0.84179999999999999        1.4200000000000001E-002  0.14399999999999999     
   187.00000000000000        1.3524787348932816        0.0000000000000000        0.0000000000000000        0.0000000000000000       0.84179999999999999        1.4400000000000000E-002  0.14380000000000001     
   188.00000000000000        1.3412154313087221        0.0000000000000000        0.0000000000000000        0.0000000000000000       0.84179999999999999        1.4400000000000000E-002  0.14380000000000001     
   189.00000000000000        1.3309711417366359        0.0000000000000000        0.0000000000000000        0.0000000000000000       0.84179999999999999        1.4400000000000000E-002  0.14380000000000001     
