#        BMIN =   406
#        BMAX =   411
#     INIBAND =   411
#      NBANDS =   540
#         NSW =  2000
#       POTIM =   1.0
#        TEMP = 300.0
#    NAMDTINI =    80
#    NAMDTIME =  1000
#       NTRAJ =  5000
#        NELM =  1000
#       LHOLE =     T
#        LSHP =     T
#      LCPTXT =     T
#      RUNDIR = ../../run/
   1.0000000000000000        1.7526946945186497        0.0000000000000000        0.0000000000000000        0.0000000000000000        0.0000000000000000        0.0000000000000000        1.0000000000000000     
   2.0000000000000000        1.7528709903501589        0.0000000000000000        0.0000000000000000        0.0000000000000000        0.0000000000000000        0.0000000000000000        1.0000000000000000     
   3.0000000000000000        1.7516418470869124        0.0000000000000000        0.0000000000000000        0.0000000000000000        0.0000000000000000        0.0000000000000000        1.0000000000000000     
   4.0000000000000000        1.7485434077244633        0.0000000000000000        0.0000000000000000        0.0000000000000000        0.0000000000000000        0.0000000000000000        1.0000000000000000     
   5.0000000000000000        1.7450715910739434        0.0000000000000000        0.0000000000000000        0.0000000000000000        0.0000000000000000        8.0000000000000004E-004  0.99919999999999998     
   6.0000000000000000        1.7417754128337568        0.0000000000000000        0.0000000000000000        0.0000000000000000        0.0000000000000000        8.0000000000000004E-004  0.99919999999999998     
   7.0000000000000000        1.7378816409273876        0.0000000000000000        0.0000000000000000        0.0000000000000000        0.0000000000000000        8.0000000000000004E-004  0.99919999999999998     
   8.0000000000000000        1.7352433055972762        0.0000000000000000        0.0000000000000000        0.0000000000000000        0.0000000000000000        1.0000000000000000E-003  0.99900000000000000     
   9.0000000000000000        1.7338822160281371        0.0000000000000000        0.0000000000000000        0.0000000000000000        0.0000000000000000        1.0000000000000000E-003  0.99900000000000000     
   10.000000000000000        1.7343333805146413        0.0000000000000000        0.0000000000000000        0.0000000000000000        0.0000000000000000        2.0000000000000001E-004  0.99980000000000002     
   11.000000000000000        1.7365400806086502        0.0000000000000000        0.0000000000000000        0.0000000000000000        0.0000000000000000        2.0000000000000001E-004  0.99980000000000002     
   12.000000000000000        1.7422835909424423        0.0000000000000000        0.0000000000000000        0.0000000000000000        0.0000000000000000        1.4000000000000000E-003  0.99860000000000004     
   13.000000000000000        1.7497304824723787        0.0000000000000000        0.0000000000000000        0.0000000000000000        0.0000000000000000        2.0000000000000000E-003  0.99800000000000000     
   14.000000000000000        1.7593640432620139        0.0000000000000000        0.0000000000000000        0.0000000000000000        0.0000000000000000        1.8000000000000000E-003  0.99819999999999998     
   15.000000000000000        1.7725599498152169        0.0000000000000000        0.0000000000000000        0.0000000000000000        0.0000000000000000        2.8000000000000000E-003  0.99719999999999998     
   16.000000000000000        1.7858423162061183        0.0000000000000000        0.0000000000000000        0.0000000000000000        0.0000000000000000        1.6000000000000001E-003  0.99839999999999995     
   17.000000000000000        1.8038647254953135        0.0000000000000000        0.0000000000000000        0.0000000000000000        0.0000000000000000        1.6000000000000001E-003  0.99839999999999995     
   18.000000000000000        1.8223222798085470        0.0000000000000000        0.0000000000000000        0.0000000000000000        0.0000000000000000        3.3999999999999998E-003  0.99660000000000004     
   19.000000000000000        1.8417841985577101        0.0000000000000000        0.0000000000000000        0.0000000000000000        0.0000000000000000        3.8000000000000000E-003  0.99619999999999997     
   20.000000000000000        1.8616379714731939        0.0000000000000000        0.0000000000000000        0.0000000000000000        0.0000000000000000        6.1999999999999998E-003  0.99380000000000002     
   21.000000000000000        1.8813923921542557        0.0000000000000000        0.0000000000000000        0.0000000000000000        0.0000000000000000        6.1999999999999998E-003  0.99380000000000002     
   22.000000000000000        1.9001537457268820        0.0000000000000000        0.0000000000000000        0.0000000000000000        0.0000000000000000        3.3999999999999998E-003  0.99660000000000004     
   23.000000000000000        1.9172121908452386        0.0000000000000000        0.0000000000000000        0.0000000000000000        0.0000000000000000        1.0000000000000000E-003  0.99900000000000000     
   24.000000000000000        1.9314135175077214        0.0000000000000000        0.0000000000000000        0.0000000000000000        0.0000000000000000        3.5999999999999999E-003  0.99639999999999995     
   25.000000000000000        1.9427023054904324        0.0000000000000000        0.0000000000000000        0.0000000000000000        0.0000000000000000        5.1999999999999998E-003  0.99480000000000002     
   26.000000000000000        1.9511288374535105        0.0000000000000000        0.0000000000000000        0.0000000000000000        0.0000000000000000        5.1999999999999998E-003  0.99480000000000002     
   27.000000000000000        1.9549290730378146        0.0000000000000000        0.0000000000000000        0.0000000000000000        0.0000000000000000        7.0000000000000001E-003  0.99299999999999999     
   28.000000000000000        1.9546087761144444        0.0000000000000000        0.0000000000000000        0.0000000000000000        0.0000000000000000        0.0000000000000000        1.0000000000000000     
   29.000000000000000        1.9496283827251195        0.0000000000000000        0.0000000000000000        0.0000000000000000        0.0000000000000000        1.6199999999999999E-002  0.98380000000000001     
   30.000000000000000        1.9399951435065601        0.0000000000000000        0.0000000000000000        0.0000000000000000        0.0000000000000000        0.0000000000000000        1.0000000000000000     
   31.000000000000000        1.9260670428815347        0.0000000000000000        0.0000000000000000        0.0000000000000000        0.0000000000000000        0.0000000000000000        1.0000000000000000     
   32.000000000000000        1.9075729861372457        0.0000000000000000        0.0000000000000000        0.0000000000000000        0.0000000000000000        0.0000000000000000        1.0000000000000000     
   33.000000000000000        1.8841441195167155        0.0000000000000000        0.0000000000000000        0.0000000000000000        0.0000000000000000        0.0000000000000000        1.0000000000000000     
   34.000000000000000        1.8588945601583866        0.0000000000000000        0.0000000000000000        0.0000000000000000        0.0000000000000000        2.3999999999999998E-003  0.99760000000000004     
   35.000000000000000        1.8302970636795510        0.0000000000000000        0.0000000000000000        0.0000000000000000        0.0000000000000000        2.5999999999999999E-003  0.99739999999999995     
   36.000000000000000        1.7991245160650926        0.0000000000000000        0.0000000000000000        0.0000000000000000        0.0000000000000000        2.5999999999999999E-003  0.99739999999999995     
   37.000000000000000        1.7665765270237817        0.0000000000000000        0.0000000000000000        0.0000000000000000        0.0000000000000000        3.8000000000000000E-003  0.99619999999999997     
   38.000000000000000        1.7324809869732254        0.0000000000000000        0.0000000000000000        0.0000000000000000        0.0000000000000000        3.8000000000000000E-003  0.99619999999999997     
   39.000000000000000        1.6996924611003172        0.0000000000000000        0.0000000000000000        0.0000000000000000        0.0000000000000000        1.0000000000000000E-003  0.99900000000000000     
   40.000000000000000        1.6658996190246314        0.0000000000000000        0.0000000000000000        0.0000000000000000        0.0000000000000000        1.0000000000000000E-003  0.99900000000000000     
   41.000000000000000        1.6348550098996932        0.0000000000000000        0.0000000000000000        0.0000000000000000        0.0000000000000000        1.0000000000000000E-003  0.99900000000000000     
   42.000000000000000        1.6070892825512602        0.0000000000000000        0.0000000000000000        0.0000000000000000        0.0000000000000000        1.0000000000000000E-003  0.99900000000000000     
   43.000000000000000        1.5827861730037698        0.0000000000000000        0.0000000000000000        0.0000000000000000        0.0000000000000000        1.0000000000000000E-003  0.99900000000000000     
   44.000000000000000        1.5636194280548068        0.0000000000000000        0.0000000000000000        0.0000000000000000        0.0000000000000000        1.1999999999999999E-003  0.99880000000000002     
   45.000000000000000        1.5497042476425404        0.0000000000000000        0.0000000000000000        0.0000000000000000        0.0000000000000000        1.1999999999999999E-003  0.99880000000000002     
   46.000000000000000        1.5412761913549105        0.0000000000000000        0.0000000000000000        0.0000000000000000        0.0000000000000000        1.0000000000000000E-003  0.99900000000000000     
   47.000000000000000        1.5389251130827735        0.0000000000000000        0.0000000000000000        0.0000000000000000        0.0000000000000000        1.0000000000000000E-003  0.99900000000000000     
   48.000000000000000        1.5425440246476461        0.0000000000000000        0.0000000000000000        0.0000000000000000        0.0000000000000000        1.0000000000000000E-003  0.99900000000000000     
   49.000000000000000        1.5524312370244944        0.0000000000000000        0.0000000000000000        0.0000000000000000        0.0000000000000000        1.0000000000000000E-003  0.99900000000000000     
   50.000000000000000        1.5678433072391249        0.0000000000000000        0.0000000000000000        0.0000000000000000        0.0000000000000000        8.0000000000000004E-004  0.99919999999999998     
   51.000000000000000        1.5881303924988799        0.0000000000000000        0.0000000000000000        0.0000000000000000        0.0000000000000000        2.0000000000000001E-004  0.99980000000000002     
   52.000000000000000        1.6128511357541517        0.0000000000000000        0.0000000000000000        0.0000000000000000        0.0000000000000000        2.0000000000000001E-004  0.99980000000000002     
   53.000000000000000        1.6411076794339272        0.0000000000000000        0.0000000000000000        0.0000000000000000        0.0000000000000000        0.0000000000000000        1.0000000000000000     
   54.000000000000000        1.6721415533060298        0.0000000000000000        0.0000000000000000        0.0000000000000000        0.0000000000000000        0.0000000000000000        1.0000000000000000     
   55.000000000000000        1.7041901128843744        0.0000000000000000        0.0000000000000000        0.0000000000000000        0.0000000000000000        0.0000000000000000        1.0000000000000000     
   56.000000000000000        1.7366576455991518        0.0000000000000000        0.0000000000000000        0.0000000000000000        0.0000000000000000        4.0000000000000002E-004  0.99960000000000004     
   57.000000000000000        1.7688365040500280        0.0000000000000000        0.0000000000000000        0.0000000000000000        0.0000000000000000        4.0000000000000002E-004  0.99960000000000004     
   58.000000000000000        1.7997079920085426        0.0000000000000000        0.0000000000000000        0.0000000000000000        0.0000000000000000        2.0000000000000000E-003  0.99800000000000000     
   59.000000000000000        1.8264775190229945        0.0000000000000000        0.0000000000000000        0.0000000000000000        0.0000000000000000        0.0000000000000000        1.0000000000000000     
   60.000000000000000        1.8507473988874732        0.0000000000000000        0.0000000000000000        0.0000000000000000        0.0000000000000000        4.0000000000000002E-004  0.99960000000000004     
   61.000000000000000        1.8705707576379162        0.0000000000000000        0.0000000000000000        0.0000000000000000        0.0000000000000000        4.7999999999999996E-003  0.99519999999999997     
   62.000000000000000        1.8850993111468157        0.0000000000000000        0.0000000000000000        0.0000000000000000        0.0000000000000000        3.5999999999999999E-003  0.99639999999999995     
   63.000000000000000        1.8948817513101146        0.0000000000000000        0.0000000000000000        0.0000000000000000        0.0000000000000000        8.9999999999999993E-003  0.99099999999999999     
   64.000000000000000        1.8988423746578258        0.0000000000000000        0.0000000000000000        0.0000000000000000        0.0000000000000000        8.9999999999999993E-003  0.99099999999999999     
   65.000000000000000        1.8975797924601661        0.0000000000000000        0.0000000000000000        0.0000000000000000        0.0000000000000000        1.1800000000000000E-002  0.98819999999999997     
   66.000000000000000        1.8900745687943796        0.0000000000000000        0.0000000000000000        0.0000000000000000        0.0000000000000000        1.8599999999999998E-002  0.98140000000000005     
   67.000000000000000        1.8754246157317636        0.0000000000000000        0.0000000000000000        0.0000000000000000        0.0000000000000000        2.5000000000000001E-002  0.97499999999999998     
   68.000000000000000        1.8552494434026729        0.0000000000000000        0.0000000000000000        0.0000000000000000        0.0000000000000000        2.6800000000000001E-002  0.97319999999999995     
   69.000000000000000        1.8325468619883023        0.0000000000000000        0.0000000000000000        0.0000000000000000        0.0000000000000000        2.7400000000000001E-002  0.97260000000000002     
   70.000000000000000        1.7989700933015633        0.0000000000000000        0.0000000000000000        0.0000000000000000        0.0000000000000000        2.7199999999999998E-002  0.97280000000000000     
   71.000000000000000        1.7670498440363642        0.0000000000000000        0.0000000000000000        0.0000000000000000        0.0000000000000000        2.0400000000000001E-002  0.97960000000000003     
   72.000000000000000        1.7318690727950714        0.0000000000000000        0.0000000000000000        0.0000000000000000        0.0000000000000000        1.6600000000000000E-002  0.98340000000000005     
   73.000000000000000        1.7006210649567506        0.0000000000000000        0.0000000000000000        0.0000000000000000        0.0000000000000000        1.5599999999999999E-002  0.98440000000000005     
   74.000000000000000        1.6635997015822235        0.0000000000000000        0.0000000000000000        0.0000000000000000        0.0000000000000000        1.3400000000000000E-002  0.98660000000000003     
   75.000000000000000        1.6287929231880680        0.0000000000000000        0.0000000000000000        0.0000000000000000        0.0000000000000000        7.6000000000000000E-003  0.99239999999999995     
   76.000000000000000        1.5932399820962511        0.0000000000000000        0.0000000000000000        0.0000000000000000        0.0000000000000000        7.6000000000000000E-003  0.99239999999999995     
   77.000000000000000        1.5612440757964610        0.0000000000000000        0.0000000000000000        0.0000000000000000        0.0000000000000000        9.7999999999999997E-003  0.99019999999999997     
   78.000000000000000        1.5317842472894725        0.0000000000000000        0.0000000000000000        0.0000000000000000        0.0000000000000000        6.1999999999999998E-003  0.99380000000000002     
   79.000000000000000        1.5065388903334662        0.0000000000000000        0.0000000000000000        0.0000000000000000        0.0000000000000000        0.0000000000000000        1.0000000000000000     
   80.000000000000000        1.4859502686169053        0.0000000000000000        0.0000000000000000        0.0000000000000000        0.0000000000000000        2.2000000000000001E-003  0.99780000000000002     
   81.000000000000000        1.4713136644148419        0.0000000000000000        0.0000000000000000        0.0000000000000000        0.0000000000000000        2.8000000000000000E-003  0.99719999999999998     
   82.000000000000000        1.4608660709494983        0.0000000000000000        0.0000000000000000        0.0000000000000000        0.0000000000000000        0.0000000000000000        1.0000000000000000     
   83.000000000000000        1.4563139198927186        0.0000000000000000        0.0000000000000000        0.0000000000000000        0.0000000000000000        1.1999999999999999E-003  0.99880000000000002     
   84.000000000000000        1.4573720956032377        0.0000000000000000        0.0000000000000000        0.0000000000000000        0.0000000000000000        3.8000000000000000E-003  0.99619999999999997     
   85.000000000000000        1.4626262676442652        0.0000000000000000        0.0000000000000000        0.0000000000000000        0.0000000000000000        0.0000000000000000        1.0000000000000000     
   86.000000000000000        1.4730992851108771        0.0000000000000000        0.0000000000000000        0.0000000000000000        0.0000000000000000        2.0000000000000001E-004  0.99980000000000002     
   87.000000000000000        1.4864446265710511        0.0000000000000000        0.0000000000000000        0.0000000000000000        0.0000000000000000        2.0000000000000001E-004  0.99980000000000002     
   88.000000000000000        1.5029649285155857        0.0000000000000000        0.0000000000000000        0.0000000000000000        0.0000000000000000        2.0000000000000001E-004  0.99980000000000002     
   89.000000000000000        1.5200918299252042        0.0000000000000000        0.0000000000000000        0.0000000000000000        0.0000000000000000        2.0000000000000001E-004  0.99980000000000002     
   90.000000000000000        1.5415343663247385        0.0000000000000000        0.0000000000000000        0.0000000000000000        0.0000000000000000        5.9999999999999995E-004  0.99939999999999996     
   91.000000000000000        1.5619867457104759        0.0000000000000000        0.0000000000000000        0.0000000000000000        0.0000000000000000        4.0000000000000002E-004  0.99960000000000004     
   92.000000000000000        1.5831171161938298        0.0000000000000000        0.0000000000000000        0.0000000000000000        0.0000000000000000        8.0000000000000004E-004  0.99919999999999998     
   93.000000000000000        1.6032711622128109        0.0000000000000000        0.0000000000000000        0.0000000000000000        0.0000000000000000        8.0000000000000004E-004  0.99919999999999998     
   94.000000000000000        1.6219680076513057        0.0000000000000000        0.0000000000000000        0.0000000000000000        0.0000000000000000        8.0000000000000004E-004  0.99919999999999998     
   95.000000000000000        1.6390208153109744        0.0000000000000000        0.0000000000000000        0.0000000000000000        0.0000000000000000        1.0000000000000000E-003  0.99900000000000000     
   96.000000000000000        1.6538029575292925        0.0000000000000000        0.0000000000000000        0.0000000000000000        0.0000000000000000        2.0000000000000001E-004  0.99980000000000002     
   97.000000000000000        1.6655717860102481        0.0000000000000000        0.0000000000000000        0.0000000000000000        0.0000000000000000        2.0000000000000001E-004  0.99980000000000002     
   98.000000000000000        1.6748167990598004        0.0000000000000000        0.0000000000000000        0.0000000000000000        0.0000000000000000        1.8000000000000000E-003  0.99819999999999998     
   99.000000000000000        1.6811923973187051        0.0000000000000000        0.0000000000000000        0.0000000000000000        0.0000000000000000        1.4000000000000000E-003  0.99860000000000004     
   100.00000000000000        1.6844365492566995        0.0000000000000000        0.0000000000000000        0.0000000000000000        0.0000000000000000        1.8000000000000000E-003  0.99819999999999998     
   101.00000000000000        1.6848509081373122        0.0000000000000000        0.0000000000000000        0.0000000000000000        0.0000000000000000        2.3999999999999998E-003  0.99760000000000004     
   102.00000000000000        1.6828173992948079        0.0000000000000000        0.0000000000000000        0.0000000000000000        0.0000000000000000        2.2000000000000001E-003  0.99780000000000002     
   103.00000000000000        1.6789903414647500        0.0000000000000000        0.0000000000000000        0.0000000000000000        0.0000000000000000        2.2000000000000001E-003  0.99780000000000002     
   104.00000000000000        1.6728920539759489        0.0000000000000000        0.0000000000000000        0.0000000000000000        0.0000000000000000        2.0000000000000000E-003  0.99800000000000000     
   105.00000000000000        1.6659490540319564        0.0000000000000000        0.0000000000000000        0.0000000000000000        0.0000000000000000        3.2000000000000002E-003  0.99680000000000002     
   106.00000000000000        1.6583647928416998        0.0000000000000000        0.0000000000000000        0.0000000000000000        0.0000000000000000        3.2000000000000002E-003  0.99680000000000002     
   107.00000000000000        1.6510063703843769        0.0000000000000000        0.0000000000000000        0.0000000000000000        0.0000000000000000        3.8000000000000000E-003  0.99619999999999997     
   108.00000000000000        1.6444592330165673        0.0000000000000000        0.0000000000000000        0.0000000000000000        0.0000000000000000        4.1999999999999997E-003  0.99580000000000002     
   109.00000000000000        1.6392751652263984        0.0000000000000000        0.0000000000000000        0.0000000000000000        0.0000000000000000        2.8000000000000000E-003  0.99719999999999998     
   110.00000000000000        1.6356965978166058        0.0000000000000000        0.0000000000000000        0.0000000000000000        0.0000000000000000        2.5999999999999999E-003  0.99739999999999995     
   111.00000000000000        1.6352666543861916        0.0000000000000000        0.0000000000000000        0.0000000000000000        0.0000000000000000        3.5999999999999999E-003  0.99639999999999995     
   112.00000000000000        1.6359551911361003        0.0000000000000000        0.0000000000000000        0.0000000000000000        0.0000000000000000        3.8000000000000000E-003  0.99619999999999997     
   113.00000000000000        1.6406514626106730        0.0000000000000000        0.0000000000000000        0.0000000000000000        0.0000000000000000        2.0799999999999999E-002  0.97919999999999996     
   114.00000000000000        1.6474561261243281        0.0000000000000000        0.0000000000000000        0.0000000000000000        0.0000000000000000        4.0800000000000003E-002  0.95920000000000005     
   115.00000000000000        1.6574497326472921        0.0000000000000000        0.0000000000000000        0.0000000000000000        0.0000000000000000        7.5999999999999998E-002  0.92400000000000004     
   116.00000000000000        1.6700633071174642        0.0000000000000000        0.0000000000000000        0.0000000000000000        0.0000000000000000        9.3200000000000005E-002  0.90680000000000005     
   117.00000000000000        1.6845377819588641        0.0000000000000000        0.0000000000000000        0.0000000000000000        0.0000000000000000        3.1600000000000003E-002  0.96840000000000004     
   118.00000000000000        1.7011628518896833        0.0000000000000000        0.0000000000000000        0.0000000000000000        0.0000000000000000        2.7600000000000000E-002  0.97240000000000004     
   119.00000000000000        1.7183658246463858        0.0000000000000000        0.0000000000000000        0.0000000000000000        0.0000000000000000        2.8000000000000001E-002  0.97199999999999998     
   120.00000000000000        1.7362133437183480        0.0000000000000000        0.0000000000000000        0.0000000000000000        0.0000000000000000        2.3400000000000001E-002  0.97660000000000002     
   121.00000000000000        1.7533909315624221        0.0000000000000000        0.0000000000000000        0.0000000000000000        0.0000000000000000        2.3400000000000001E-002  0.97660000000000002     
   122.00000000000000        1.7695945186106807        0.0000000000000000        0.0000000000000000        0.0000000000000000        0.0000000000000000        2.3400000000000001E-002  0.97660000000000002     
   123.00000000000000        1.7842026582134343        0.0000000000000000        0.0000000000000000        0.0000000000000000        0.0000000000000000        2.3400000000000001E-002  0.97660000000000002     
   124.00000000000000        1.7967167063426066        0.0000000000000000        0.0000000000000000        0.0000000000000000        0.0000000000000000        2.3400000000000001E-002  0.97660000000000002     
   125.00000000000000        1.8064041861245983        0.0000000000000000        0.0000000000000000        0.0000000000000000        0.0000000000000000        2.3400000000000001E-002  0.97660000000000002     
   126.00000000000000        1.8125174061060614        0.0000000000000000        0.0000000000000000        0.0000000000000000        0.0000000000000000        2.3400000000000001E-002  0.97660000000000002     
   127.00000000000000        1.8149761701158598        0.0000000000000000        0.0000000000000000        0.0000000000000000        0.0000000000000000        2.2599999999999999E-002  0.97740000000000005     
   128.00000000000000        1.8132210938580473        0.0000000000000000        0.0000000000000000        0.0000000000000000        0.0000000000000000        2.2400000000000000E-002  0.97760000000000002     
   129.00000000000000        1.8078667629279626        0.0000000000000000        0.0000000000000000        0.0000000000000000        0.0000000000000000        2.2400000000000000E-002  0.97760000000000002     
   130.00000000000000        1.7984313475221274        0.0000000000000000        0.0000000000000000        0.0000000000000000        0.0000000000000000        2.2200000000000001E-002  0.97780000000000000     
   131.00000000000000        1.7855918848694612        0.0000000000000000        0.0000000000000000        0.0000000000000000        0.0000000000000000        2.2200000000000001E-002  0.97780000000000000     
   132.00000000000000        1.7696683453972748        0.0000000000000000        0.0000000000000000        0.0000000000000000        0.0000000000000000        2.1999999999999999E-002  0.97799999999999998     
   133.00000000000000        1.7507511037774379        0.0000000000000000        0.0000000000000000        0.0000000000000000        0.0000000000000000        2.1999999999999999E-002  0.97799999999999998     
   134.00000000000000        1.7276911647176856        0.0000000000000000        0.0000000000000000        0.0000000000000000        0.0000000000000000        2.3199999999999998E-002  0.97680000000000000     
   135.00000000000000        1.7033205142304877        0.0000000000000000        0.0000000000000000        0.0000000000000000        0.0000000000000000        2.3199999999999998E-002  0.97680000000000000     
   136.00000000000000        1.6773950577197800        0.0000000000000000        0.0000000000000000        0.0000000000000000        0.0000000000000000        2.3400000000000001E-002  0.97660000000000002     
   137.00000000000000        1.6508943209032856        0.0000000000000000        0.0000000000000000        0.0000000000000000        0.0000000000000000        2.3400000000000001E-002  0.97660000000000002     
   138.00000000000000        1.6243008901433422        0.0000000000000000        0.0000000000000000        0.0000000000000000        0.0000000000000000        2.3400000000000001E-002  0.97660000000000002     
   139.00000000000000        1.5988391377993156        0.0000000000000000        0.0000000000000000        0.0000000000000000        0.0000000000000000        2.3199999999999998E-002  0.97680000000000000     
   140.00000000000000        1.5751526246760308        0.0000000000000000        0.0000000000000000        0.0000000000000000        0.0000000000000000        2.3199999999999998E-002  0.97680000000000000     
   141.00000000000000        1.5540356402483695        0.0000000000000000        0.0000000000000000        0.0000000000000000        0.0000000000000000        2.3400000000000001E-002  0.97660000000000002     
   142.00000000000000        1.5363294140792625        0.0000000000000000        0.0000000000000000        0.0000000000000000        0.0000000000000000        2.3400000000000001E-002  0.97660000000000002     
   143.00000000000000        1.5226270954131129        0.0000000000000000        0.0000000000000000        0.0000000000000000        0.0000000000000000        2.3599999999999999E-002  0.97640000000000005     
   144.00000000000000        1.5139567097201341        0.0000000000000000        0.0000000000000000        0.0000000000000000        0.0000000000000000        2.4000000000000000E-002  0.97599999999999998     
   145.00000000000000        1.5100796372958178        0.0000000000000000        0.0000000000000000        0.0000000000000000        0.0000000000000000        2.2800000000000001E-002  0.97719999999999996     
   146.00000000000000        1.5116904221649676        0.0000000000000000        0.0000000000000000        0.0000000000000000        0.0000000000000000        2.3000000000000000E-002  0.97699999999999998     
   147.00000000000000        1.5186059904130693        0.0000000000000000        0.0000000000000000        0.0000000000000000        0.0000000000000000        2.3199999999999998E-002  0.97680000000000000     
   148.00000000000000        1.5311426808581121        0.0000000000000000        0.0000000000000000        0.0000000000000000        0.0000000000000000        2.5000000000000001E-002  0.97499999999999998     
   149.00000000000000        1.5487209641982451        0.0000000000000000        0.0000000000000000        0.0000000000000000        0.0000000000000000        2.5800000000000000E-002  0.97419999999999995     
   150.00000000000000        1.5710628228689811        0.0000000000000000        0.0000000000000000        0.0000000000000000        0.0000000000000000        2.3599999999999999E-002  0.97640000000000005     
   151.00000000000000        1.5975552848655619        0.0000000000000000        0.0000000000000000        0.0000000000000000        0.0000000000000000        2.3400000000000001E-002  0.97660000000000002     
   152.00000000000000        1.6276049096807210        0.0000000000000000        0.0000000000000000        0.0000000000000000        0.0000000000000000        2.1000000000000001E-002  0.97899999999999998     
   153.00000000000000        1.6598887028690732        0.0000000000000000        0.0000000000000000        0.0000000000000000        0.0000000000000000        2.3000000000000000E-002  0.97699999999999998     
   154.00000000000000        1.6938707941808990        0.0000000000000000        0.0000000000000000        0.0000000000000000        0.0000000000000000        2.6200000000000001E-002  0.97380000000000000     
   155.00000000000000        1.7280773849661690        0.0000000000000000        0.0000000000000000        0.0000000000000000        0.0000000000000000        2.2599999999999999E-002  0.97740000000000005     
   156.00000000000000        1.7623999514032396        0.0000000000000000        0.0000000000000000        0.0000000000000000        0.0000000000000000        3.1399999999999997E-002  0.96860000000000002     
   157.00000000000000        1.7957246308027544        0.0000000000000000        0.0000000000000000        0.0000000000000000        0.0000000000000000        3.2199999999999999E-002  0.96779999999999999     
   158.00000000000000        1.8266627355214005        0.0000000000000000        0.0000000000000000        0.0000000000000000        0.0000000000000000        1.7399999999999999E-002  0.98260000000000003     
   159.00000000000000        1.8535911241707927        0.0000000000000000        0.0000000000000000        0.0000000000000000        0.0000000000000000        1.7999999999999999E-002  0.98199999999999998     
   160.00000000000000        1.8815754137136831        0.0000000000000000        0.0000000000000000        0.0000000000000000        0.0000000000000000        2.1000000000000001E-002  0.97899999999999998     
   161.00000000000000        1.8976948225827091        0.0000000000000000        0.0000000000000000        0.0000000000000000        0.0000000000000000        3.5200000000000002E-002  0.96479999999999999     
   162.00000000000000        1.9115613238203431        0.0000000000000000        0.0000000000000000        0.0000000000000000        0.0000000000000000        4.9799999999999997E-002  0.95020000000000004     
   163.00000000000000        1.9209547688492437        0.0000000000000000        0.0000000000000000        0.0000000000000000        0.0000000000000000        4.9200000000000001E-002  0.95079999999999998     
   164.00000000000000        1.9242949583553242        0.0000000000000000        0.0000000000000000        0.0000000000000000        0.0000000000000000        4.8800000000000003E-002  0.95120000000000005     
   165.00000000000000        1.9215243027939295        0.0000000000000000        0.0000000000000000        0.0000000000000000        0.0000000000000000        4.0800000000000003E-002  0.95920000000000005     
   166.00000000000000        1.9138086451639627        0.0000000000000000        0.0000000000000000        0.0000000000000000        0.0000000000000000        3.9399999999999998E-002  0.96060000000000001     
   167.00000000000000        1.9036301849828368        0.0000000000000000        0.0000000000000000        0.0000000000000000        0.0000000000000000        3.1600000000000003E-002  0.96840000000000004     
   168.00000000000000        1.8844762764884175        0.0000000000000000        0.0000000000000000        0.0000000000000000        0.0000000000000000        3.1000000000000000E-002  0.96899999999999997     
   169.00000000000000        1.8588158478493575        0.0000000000000000        0.0000000000000000        0.0000000000000000        0.0000000000000000        3.5600000000000000E-002  0.96440000000000003     
   170.00000000000000        1.8330096009962087        0.0000000000000000        0.0000000000000000        0.0000000000000000        0.0000000000000000        2.9200000000000000E-002  0.97080000000000000     
   171.00000000000000        1.8001595563666521        0.0000000000000000        0.0000000000000000        0.0000000000000000        0.0000000000000000        2.7400000000000001E-002  0.97260000000000002     
   172.00000000000000        1.7651647338830918        0.0000000000000000        0.0000000000000000        0.0000000000000000        0.0000000000000000        3.4599999999999999E-002  0.96540000000000004     
   173.00000000000000        1.7297817974892578        0.0000000000000000        0.0000000000000000        0.0000000000000000        0.0000000000000000        2.5600000000000001E-002  0.97440000000000004     
   174.00000000000000        1.6937056701844526        0.0000000000000000        0.0000000000000000        0.0000000000000000        0.0000000000000000        2.6599999999999999E-002  0.97340000000000004     
   175.00000000000000        1.6574816837222961        0.0000000000000000        0.0000000000000000        0.0000000000000000        0.0000000000000000        3.3200000000000000E-002  0.96679999999999999     
   176.00000000000000        1.6230348524209710        0.0000000000000000        0.0000000000000000        0.0000000000000000        0.0000000000000000        3.3200000000000000E-002  0.96679999999999999     
   177.00000000000000        1.5899955404626755        0.0000000000000000        0.0000000000000000        0.0000000000000000        0.0000000000000000        4.0000000000000001E-002  0.95999999999999996     
   178.00000000000000        1.5601642662048023        0.0000000000000000        0.0000000000000000        0.0000000000000000        0.0000000000000000        4.1799999999999997E-002  0.95820000000000005     
   179.00000000000000        1.5347429230213874        0.0000000000000000        0.0000000000000000        0.0000000000000000        0.0000000000000000        4.0599999999999997E-002  0.95940000000000003     
   180.00000000000000        1.5122407377684577        0.0000000000000000        0.0000000000000000        0.0000000000000000        0.0000000000000000        3.6600000000000001E-002  0.96340000000000003     
   181.00000000000000        1.4971522307216507        0.0000000000000000        0.0000000000000000        0.0000000000000000        0.0000000000000000        4.2000000000000003E-002  0.95799999999999996     
   182.00000000000000        1.5020197822520582        0.0000000000000000        0.0000000000000000        0.0000000000000000        0.0000000000000000        4.2000000000000003E-002  0.95799999999999996     
   183.00000000000000        1.5071010016704138        0.0000000000000000        0.0000000000000000        0.0000000000000000        4.7999999999999996E-003   3.5200000000000002E-002  0.95999999999999996     
   184.00000000000000        1.4835678514484010        0.0000000000000000        0.0000000000000000        0.0000000000000000        4.5999999999999999E-003  0.54020000000000001       0.45519999999999999     
   185.00000000000000        1.4901237191724506        0.0000000000000000        0.0000000000000000        0.0000000000000000        4.7999999999999996E-003  0.54000000000000004       0.45519999999999999     
   186.00000000000000        1.4979517922961776        0.0000000000000000        0.0000000000000000        0.0000000000000000        7.0000000000000001E-003  0.53779999999999994       0.45519999999999999     
   187.00000000000000        1.5083052329850148        0.0000000000000000        0.0000000000000000        0.0000000000000000        2.7000000000000000E-002  0.51800000000000002       0.45500000000000002     
   188.00000000000000        1.5221664245107032        0.0000000000000000        0.0000000000000000        0.0000000000000000       0.12320000000000000        9.4600000000000004E-002  0.78220000000000001     
   189.00000000000000        1.6055086732467179        0.0000000000000000        0.0000000000000000        0.0000000000000000       0.12320000000000000       0.21759999999999999       0.65920000000000001     
