#        BMIN =   406
#        BMAX =   411
#     INIBAND =   410
#      NBANDS =   540
#         NSW =  2000
#       POTIM =   1.0
#        TEMP = 300.0
#    NAMDTINI =   416
#    NAMDTIME =  1000
#       NTRAJ =  5000
#        NELM =  1000
#       LHOLE =     T
#        LSHP =     T
#      LCPTXT =     T
#      RUNDIR = ../../run/
   1.0000000000000000        1.5187221126242938        0.0000000000000000        0.0000000000000000        0.0000000000000000        0.0000000000000000        1.0000000000000000        0.0000000000000000     
   2.0000000000000000        1.5133454858511479        0.0000000000000000        0.0000000000000000        0.0000000000000000        0.0000000000000000        1.0000000000000000        0.0000000000000000     
   3.0000000000000000        1.5012825632957436        0.0000000000000000        0.0000000000000000        0.0000000000000000        0.0000000000000000        1.0000000000000000        0.0000000000000000     
   4.0000000000000000        1.4916523495689942        0.0000000000000000        0.0000000000000000        0.0000000000000000        1.0000000000000000E-003  0.99900000000000000        0.0000000000000000     
   5.0000000000000000        1.4851306719625419        0.0000000000000000        0.0000000000000000        0.0000000000000000        0.0000000000000000        1.0000000000000000        0.0000000000000000     
   6.0000000000000000        1.4824342901496639        0.0000000000000000        0.0000000000000000        0.0000000000000000        1.0000000000000000E-003  0.99900000000000000        0.0000000000000000     
   7.0000000000000000        1.4834303287160653        0.0000000000000000        0.0000000000000000        0.0000000000000000        1.6000000000000001E-003  0.99839999999999995        0.0000000000000000     
   8.0000000000000000        1.4893596859075222        0.0000000000000000        0.0000000000000000        0.0000000000000000        1.6000000000000001E-003  0.99839999999999995        0.0000000000000000     
   9.0000000000000000        1.4999004789013786        0.0000000000000000        0.0000000000000000        0.0000000000000000        2.2000000000000001E-003  0.99780000000000002        0.0000000000000000     
   10.000000000000000        1.5150255376559119        0.0000000000000000        0.0000000000000000        0.0000000000000000        2.3999999999999998E-003  0.99760000000000004        0.0000000000000000     
   11.000000000000000        1.5353722638463727        0.0000000000000000        0.0000000000000000        0.0000000000000000        4.0000000000000001E-003  0.99600000000000000        0.0000000000000000     
   12.000000000000000        1.5627418782343712        0.0000000000000000        0.0000000000000000        0.0000000000000000        6.7199999999999996E-002  0.66920000000000002       0.26360000000000000     
   13.000000000000000        1.5799963927522296        0.0000000000000000        0.0000000000000000        0.0000000000000000        6.7199999999999996E-002  0.67940000000000000       0.25340000000000001     
   14.000000000000000        1.6094389852976256        0.0000000000000000        0.0000000000000000        0.0000000000000000        6.7199999999999996E-002  0.66339999999999999       0.26939999999999997     
   15.000000000000000        1.6411211994722681        0.0000000000000000        0.0000000000000000        0.0000000000000000        6.7199999999999996E-002  0.64280000000000004       0.28999999999999998     
   16.000000000000000        1.6735935699722393        0.0000000000000000        0.0000000000000000        0.0000000000000000        6.7199999999999996E-002  0.63839999999999997       0.29440000000000000     
   17.000000000000000        1.7072251032333332        0.0000000000000000        0.0000000000000000        0.0000000000000000        6.7199999999999996E-002  0.62400000000000000       0.30880000000000002     
   18.000000000000000        1.7401032172847009        0.0000000000000000        0.0000000000000000        0.0000000000000000        6.7199999999999996E-002  0.62439999999999996       0.30840000000000001     
   19.000000000000000        1.7716365013879745        0.0000000000000000        0.0000000000000000        0.0000000000000000        6.7199999999999996E-002  0.63539999999999996       0.29740000000000000     
   20.000000000000000        1.8010844954824239        0.0000000000000000        0.0000000000000000        0.0000000000000000        6.7199999999999996E-002  0.63219999999999998       0.30059999999999998     
   21.000000000000000        1.8275806193873141        0.0000000000000000        0.0000000000000000        0.0000000000000000        6.7199999999999996E-002  0.64800000000000002       0.28480000000000000     
   22.000000000000000        1.8511572828640024        0.0000000000000000        0.0000000000000000        0.0000000000000000        6.7199999999999996E-002  0.65459999999999996       0.27820000000000000     
   23.000000000000000        1.8694376557032450        0.0000000000000000        0.0000000000000000        0.0000000000000000        6.7199999999999996E-002  0.64280000000000004       0.28999999999999998     
   24.000000000000000        1.8843352412672174        0.0000000000000000        0.0000000000000000        0.0000000000000000        6.7199999999999996E-002  0.63339999999999996       0.29940000000000000     
   25.000000000000000        1.8937081797473778        0.0000000000000000        0.0000000000000000        0.0000000000000000        6.7199999999999996E-002  0.64219999999999999       0.29060000000000002     
   26.000000000000000        1.8982654992570382        0.0000000000000000        0.0000000000000000        0.0000000000000000        6.7199999999999996E-002  0.63980000000000004       0.29299999999999998     
   27.000000000000000        1.8972962170219596        0.0000000000000000        0.0000000000000000        0.0000000000000000        6.7199999999999996E-002  0.65280000000000005       0.28000000000000003     
   28.000000000000000        1.8921530005202056        0.0000000000000000        0.0000000000000000        0.0000000000000000        6.7199999999999996E-002  0.65539999999999998       0.27739999999999998     
   29.000000000000000        1.8817391449275078        0.0000000000000000        0.0000000000000000        0.0000000000000000        6.7199999999999996E-002  0.66659999999999997       0.26619999999999999     
   30.000000000000000        1.8654145953245309        0.0000000000000000        0.0000000000000000        0.0000000000000000        6.7199999999999996E-002  0.66600000000000004       0.26679999999999998     
   31.000000000000000        1.8452972990376615        0.0000000000000000        0.0000000000000000        0.0000000000000000        6.7199999999999996E-002  0.65239999999999998       0.28039999999999998     
   32.000000000000000        1.8228126353795722        0.0000000000000000        0.0000000000000000        0.0000000000000000        6.7199999999999996E-002  0.65939999999999999       0.27339999999999998     
   33.000000000000000        1.7940222381508621        0.0000000000000000        0.0000000000000000        0.0000000000000000        6.7199999999999996E-002  0.66600000000000004       0.26679999999999998     
   34.000000000000000        1.7652443133540532        0.0000000000000000        0.0000000000000000        0.0000000000000000        6.7199999999999996E-002  0.69099999999999995       0.24179999999999999     
   35.000000000000000        1.7326673353503923        0.0000000000000000        0.0000000000000000        0.0000000000000000        6.7199999999999996E-002  0.67820000000000003       0.25459999999999999     
   36.000000000000000        1.7004101622588179        0.0000000000000000        0.0000000000000000        0.0000000000000000        6.7199999999999996E-002  0.70799999999999996       0.22480000000000000     
   37.000000000000000        1.6670632658021947        0.0000000000000000        0.0000000000000000        0.0000000000000000        6.7199999999999996E-002  0.74080000000000001       0.19200000000000000     
   38.000000000000000        1.6349867122876571        0.0000000000000000        0.0000000000000000        0.0000000000000000        6.7199999999999996E-002  0.73140000000000005       0.20140000000000000     
   39.000000000000000        1.6043586055136034        0.0000000000000000        0.0000000000000000        0.0000000000000000        6.7199999999999996E-002  0.72940000000000005       0.20340000000000000     
   40.000000000000000        1.5759646087854930        0.0000000000000000        0.0000000000000000        0.0000000000000000        6.7199999999999996E-002  0.72780000000000000       0.20499999999999999     
   41.000000000000000        1.5508353448349061        0.0000000000000000        0.0000000000000000        0.0000000000000000        6.7199999999999996E-002  0.73839999999999995       0.19439999999999999     
   42.000000000000000        1.5296439593562057        0.0000000000000000        0.0000000000000000        0.0000000000000000        6.7199999999999996E-002  0.71540000000000004       0.21740000000000001     
   43.000000000000000        1.5129012772938726        0.0000000000000000        0.0000000000000000        0.0000000000000000        6.7199999999999996E-002  0.70020000000000004       0.23260000000000000     
   44.000000000000000        1.5012165905709762        0.0000000000000000        0.0000000000000000        0.0000000000000000        6.7199999999999996E-002  0.67920000000000003       0.25359999999999999     
   45.000000000000000        1.4948285574314499        0.0000000000000000        0.0000000000000000        0.0000000000000000        6.7199999999999996E-002  0.64859999999999995       0.28420000000000001     
   46.000000000000000        1.4934911572972298        0.0000000000000000        0.0000000000000000        0.0000000000000000        6.7199999999999996E-002  0.66039999999999999       0.27239999999999998     
   47.000000000000000        1.4974036878499761        0.0000000000000000        0.0000000000000000        0.0000000000000000        6.7199999999999996E-002  0.65920000000000001       0.27360000000000001     
   48.000000000000000        1.5067078556757472        0.0000000000000000        0.0000000000000000        0.0000000000000000        6.7199999999999996E-002  0.66200000000000003       0.27079999999999999     
   49.000000000000000        1.5211560902460188        0.0000000000000000        0.0000000000000000        0.0000000000000000        6.7199999999999996E-002  0.66000000000000003       0.27279999999999999     
   50.000000000000000        1.5393333142369710        0.0000000000000000        0.0000000000000000        0.0000000000000000        6.7199999999999996E-002  0.65580000000000005       0.27700000000000002     
   51.000000000000000        1.5613165328424266        0.0000000000000000        0.0000000000000000        0.0000000000000000        6.7199999999999996E-002  0.65680000000000005       0.27600000000000002     
   52.000000000000000        1.5867668942791204        0.0000000000000000        0.0000000000000000        0.0000000000000000        6.7199999999999996E-002  0.65520000000000000       0.27760000000000001     
   53.000000000000000        1.6142443538856703        0.0000000000000000        0.0000000000000000        0.0000000000000000        6.7199999999999996E-002  0.66159999999999997       0.27120000000000000     
   54.000000000000000        1.6436369683605445        0.0000000000000000        0.0000000000000000        0.0000000000000000        6.7199999999999996E-002  0.65980000000000005       0.27300000000000002     
   55.000000000000000        1.6734127857356684        0.0000000000000000        0.0000000000000000        0.0000000000000000        6.7199999999999996E-002  0.65920000000000001       0.27360000000000001     
   56.000000000000000        1.7031690413448870        0.0000000000000000        0.0000000000000000        0.0000000000000000        6.7199999999999996E-002  0.65920000000000001       0.27360000000000001     
   57.000000000000000        1.7321275262152809        0.0000000000000000        0.0000000000000000        0.0000000000000000        6.7199999999999996E-002  0.65320000000000000       0.27960000000000002     
   58.000000000000000        1.7596830764252931        0.0000000000000000        0.0000000000000000        0.0000000000000000        6.7199999999999996E-002  0.65320000000000000       0.27960000000000002     
   59.000000000000000        1.7850274428736443        0.0000000000000000        0.0000000000000000        0.0000000000000000        6.7199999999999996E-002  0.65520000000000000       0.27760000000000001     
   60.000000000000000        1.8077079482490714        0.0000000000000000        0.0000000000000000        0.0000000000000000        6.7199999999999996E-002  0.65600000000000003       0.27679999999999999     
   61.000000000000000        1.8264219913415225        0.0000000000000000        0.0000000000000000        0.0000000000000000        6.7199999999999996E-002  0.65820000000000001       0.27460000000000001     
   62.000000000000000        1.8418623250004966        0.0000000000000000        0.0000000000000000        0.0000000000000000        6.7199999999999996E-002  0.66000000000000003       0.27279999999999999     
   63.000000000000000        1.8538512739026705        0.0000000000000000        0.0000000000000000        0.0000000000000000        6.7199999999999996E-002  0.66000000000000003       0.27279999999999999     
   64.000000000000000        1.8608470984634249        0.0000000000000000        0.0000000000000000        0.0000000000000000        6.7199999999999996E-002  0.66000000000000003       0.27279999999999999     
   65.000000000000000        1.8634133842938558        0.0000000000000000        0.0000000000000000        0.0000000000000000        6.7199999999999996E-002  0.66080000000000005       0.27200000000000002     
   66.000000000000000        1.8615421215466652        0.0000000000000000        0.0000000000000000        0.0000000000000000        6.7199999999999996E-002  0.65920000000000001       0.27360000000000001     
   67.000000000000000        1.8544072900994863        0.0000000000000000        0.0000000000000000        0.0000000000000000        6.7199999999999996E-002  0.66080000000000005       0.27200000000000002     
   68.000000000000000        1.8445629573791140        0.0000000000000000        0.0000000000000000        0.0000000000000000        6.7199999999999996E-002  0.66100000000000003       0.27179999999999999     
   69.000000000000000        1.8299993906972833        0.0000000000000000        0.0000000000000000        0.0000000000000000        6.7199999999999996E-002  0.66220000000000001       0.27060000000000001     
   70.000000000000000        1.8118138040465486        0.0000000000000000        0.0000000000000000        0.0000000000000000        6.7199999999999996E-002  0.66220000000000001       0.27060000000000001     
   71.000000000000000        1.7919023034436981        0.0000000000000000        0.0000000000000000        0.0000000000000000        6.7199999999999996E-002  0.66220000000000001       0.27060000000000001     
   72.000000000000000        1.7694612459429244        0.0000000000000000        0.0000000000000000        0.0000000000000000        6.7199999999999996E-002  0.66139999999999999       0.27139999999999997     
   73.000000000000000        1.7459133327319307        0.0000000000000000        0.0000000000000000        0.0000000000000000        6.7199999999999996E-002  0.66000000000000003       0.27279999999999999     
   74.000000000000000        1.7220177239510546        0.0000000000000000        0.0000000000000000        0.0000000000000000        6.7199999999999996E-002  0.66639999999999999       0.26640000000000003     
   75.000000000000000        1.6984064360869486        0.0000000000000000        0.0000000000000000        0.0000000000000000        6.7199999999999996E-002  0.66959999999999997       0.26319999999999999     
   76.000000000000000        1.6770595068739371        0.0000000000000000        0.0000000000000000        0.0000000000000000        6.7199999999999996E-002  0.65080000000000005       0.28199999999999997     
   77.000000000000000        1.6567559451065652        0.0000000000000000        0.0000000000000000        0.0000000000000000        6.7199999999999996E-002  0.64159999999999995       0.29120000000000001     
   78.000000000000000        1.6392434604184518        0.0000000000000000        0.0000000000000000        0.0000000000000000        6.7199999999999996E-002  0.64119999999999999       0.29160000000000003     
   79.000000000000000        1.6244838537153932        0.0000000000000000        0.0000000000000000        0.0000000000000000        6.7199999999999996E-002  0.64100000000000001       0.29180000000000000     
   80.000000000000000        1.6130158450870160        0.0000000000000000        0.0000000000000000        0.0000000000000000        6.7199999999999996E-002  0.64259999999999995       0.29020000000000001     
   81.000000000000000        1.6047491504307734        0.0000000000000000        0.0000000000000000        0.0000000000000000        6.7199999999999996E-002  0.64259999999999995       0.29020000000000001     
   82.000000000000000        1.5984338707126706        0.0000000000000000        0.0000000000000000        0.0000000000000000        6.7199999999999996E-002  0.64319999999999999       0.28960000000000002     
   83.000000000000000        1.5985336682068556        0.0000000000000000        0.0000000000000000        0.0000000000000000        6.7199999999999996E-002  0.64300000000000002       0.28980000000000000     
   84.000000000000000        1.5987005813426070        0.0000000000000000        0.0000000000000000        0.0000000000000000        6.7199999999999996E-002  0.64300000000000002       0.28980000000000000     
   85.000000000000000        1.5984341952482408        0.0000000000000000        0.0000000000000000        0.0000000000000000        6.7199999999999996E-002  0.64300000000000002       0.28980000000000000     
   86.000000000000000        1.6017947232960235        0.0000000000000000        0.0000000000000000        0.0000000000000000        6.7199999999999996E-002  0.64339999999999997       0.28939999999999999     
   87.000000000000000        1.6054188416145141        0.0000000000000000        0.0000000000000000        0.0000000000000000        6.7199999999999996E-002  0.64300000000000002       0.28980000000000000     
   88.000000000000000        1.6096045739604490        0.0000000000000000        0.0000000000000000        0.0000000000000000        6.7199999999999996E-002  0.64280000000000004       0.28999999999999998     
   89.000000000000000        1.6134874458966617        0.0000000000000000        0.0000000000000000        0.0000000000000000        6.7199999999999996E-002  0.64259999999999995       0.29020000000000001     
   90.000000000000000        1.6167811919703450        0.0000000000000000        0.0000000000000000        0.0000000000000000        6.7199999999999996E-002  0.64239999999999997       0.29039999999999999     
   91.000000000000000        1.6182415041360456        0.0000000000000000        0.0000000000000000        0.0000000000000000        6.7199999999999996E-002  0.64180000000000004       0.29099999999999998     
   92.000000000000000        1.6192529223707448        0.0000000000000000        0.0000000000000000        0.0000000000000000        6.7199999999999996E-002  0.64219999999999999       0.29060000000000002     
   93.000000000000000        1.6192438070442090        0.0000000000000000        0.0000000000000000        0.0000000000000000        6.7199999999999996E-002  0.64300000000000002       0.28980000000000000     
   94.000000000000000        1.6170341113564572        0.0000000000000000        0.0000000000000000        0.0000000000000000        6.7199999999999996E-002  0.64300000000000002       0.28980000000000000     
   95.000000000000000        1.6114142154617170        0.0000000000000000        0.0000000000000000        0.0000000000000000        6.7199999999999996E-002  0.64300000000000002       0.28980000000000000     
   96.000000000000000        1.6067213476392612        0.0000000000000000        0.0000000000000000        0.0000000000000000        6.7199999999999996E-002  0.64300000000000002       0.28980000000000000     
   97.000000000000000        1.5994691250709527        0.0000000000000000        0.0000000000000000        0.0000000000000000        6.7199999999999996E-002  0.64300000000000002       0.28980000000000000     
   98.000000000000000        1.5910108769506812        0.0000000000000000        0.0000000000000000        0.0000000000000000        6.7199999999999996E-002  0.64339999999999997       0.28939999999999999     
   99.000000000000000        1.5816420759499998        0.0000000000000000        0.0000000000000000        0.0000000000000000        6.7199999999999996E-002  0.64339999999999997       0.28939999999999999     
   100.00000000000000        1.5710276373804570        0.0000000000000000        0.0000000000000000        0.0000000000000000        6.7199999999999996E-002  0.64339999999999997       0.28939999999999999     
   101.00000000000000        1.5599275586271308        0.0000000000000000        0.0000000000000000        0.0000000000000000        6.7199999999999996E-002  0.64339999999999997       0.28939999999999999     
   102.00000000000000        1.5482603150150616        0.0000000000000000        0.0000000000000000        0.0000000000000000        6.7199999999999996E-002  0.64339999999999997       0.28939999999999999     
   103.00000000000000        1.5368060034770092        0.0000000000000000        0.0000000000000000        0.0000000000000000        6.7199999999999996E-002  0.64380000000000004       0.28899999999999998     
   104.00000000000000        1.5267833171860625        0.0000000000000000        0.0000000000000000        0.0000000000000000        6.7199999999999996E-002  0.64380000000000004       0.28899999999999998     
   105.00000000000000        1.5182831356852975        0.0000000000000000        0.0000000000000000        0.0000000000000000        6.7199999999999996E-002  0.64380000000000004       0.28899999999999998     
   106.00000000000000        1.5115927343780629        0.0000000000000000        0.0000000000000000        0.0000000000000000        6.7199999999999996E-002  0.64280000000000004       0.28999999999999998     
   107.00000000000000        1.5076294109199480        0.0000000000000000        0.0000000000000000        0.0000000000000000        6.7199999999999996E-002  0.64419999999999999       0.28860000000000002     
   108.00000000000000        1.5072734127721912        0.0000000000000000        0.0000000000000000        0.0000000000000000        6.7199999999999996E-002  0.64300000000000002       0.28980000000000000     
   109.00000000000000        1.5107034819804073        0.0000000000000000        0.0000000000000000        0.0000000000000000        6.7199999999999996E-002  0.63800000000000001       0.29480000000000001     
   110.00000000000000        1.5177962819387913        0.0000000000000000        0.0000000000000000        0.0000000000000000        6.7199999999999996E-002  0.62739999999999996       0.30540000000000000     
   111.00000000000000        1.5289273893160009        0.0000000000000000        0.0000000000000000        0.0000000000000000        6.7199999999999996E-002  0.63460000000000005       0.29820000000000002     
   112.00000000000000        1.5443664977342717        0.0000000000000000        0.0000000000000000        0.0000000000000000        6.7199999999999996E-002  0.64280000000000004       0.28999999999999998     
   113.00000000000000        1.5631603909155367        0.0000000000000000        0.0000000000000000        0.0000000000000000        6.7199999999999996E-002  0.64720000000000000       0.28560000000000002     
   114.00000000000000        1.5840114734977353        0.0000000000000000        0.0000000000000000        0.0000000000000000        6.7199999999999996E-002  0.64600000000000002       0.28680000000000000     
   115.00000000000000        1.6099640767112171        0.0000000000000000        0.0000000000000000        0.0000000000000000        6.7199999999999996E-002  0.64900000000000002       0.28380000000000000     
   116.00000000000000        1.6362201153676807        0.0000000000000000        0.0000000000000000        0.0000000000000000        6.7199999999999996E-002  0.64319999999999999       0.28960000000000002     
   117.00000000000000        1.6638953079809962        0.0000000000000000        0.0000000000000000        0.0000000000000000        6.7199999999999996E-002  0.64280000000000004       0.28999999999999998     
   118.00000000000000        1.6923704238637876        0.0000000000000000        0.0000000000000000        0.0000000000000000        6.7199999999999996E-002  0.63680000000000003       0.29599999999999999     
   119.00000000000000        1.7210053313594775        0.0000000000000000        0.0000000000000000        0.0000000000000000        6.7199999999999996E-002  0.64159999999999995       0.29120000000000001     
   120.00000000000000        1.7468376405427111        0.0000000000000000        0.0000000000000000        0.0000000000000000        6.7199999999999996E-002  0.64680000000000004       0.28599999999999998     
   121.00000000000000        1.7704895539527707        0.0000000000000000        0.0000000000000000        0.0000000000000000        6.7199999999999996E-002  0.64659999999999995       0.28620000000000001     
   122.00000000000000        1.7919188028594730        0.0000000000000000        0.0000000000000000        0.0000000000000000        6.7199999999999996E-002  0.64659999999999995       0.28620000000000001     
   123.00000000000000        1.8087256733206383        0.0000000000000000        0.0000000000000000        0.0000000000000000        6.7199999999999996E-002  0.64939999999999998       0.28339999999999999     
   124.00000000000000        1.8218101835504243        0.0000000000000000        0.0000000000000000        0.0000000000000000        6.7199999999999996E-002  0.64880000000000004       0.28399999999999997     
   125.00000000000000        1.8309528089487368        0.0000000000000000        0.0000000000000000        0.0000000000000000        6.7199999999999996E-002  0.64339999999999997       0.28939999999999999     
   126.00000000000000        1.8351272766915314        0.0000000000000000        0.0000000000000000        0.0000000000000000        6.7199999999999996E-002  0.64359999999999995       0.28920000000000001     
   127.00000000000000        1.8344887427057583        0.0000000000000000        0.0000000000000000        0.0000000000000000        6.7199999999999996E-002  0.64319999999999999       0.28960000000000002     
   128.00000000000000        1.8270692795934091        0.0000000000000000        0.0000000000000000        0.0000000000000000        6.7199999999999996E-002  0.64839999999999998       0.28439999999999999     
   129.00000000000000        1.8150155678084476        0.0000000000000000        0.0000000000000000        0.0000000000000000        6.7199999999999996E-002  0.64939999999999998       0.28339999999999999     
   130.00000000000000        1.7984946327192535        0.0000000000000000        0.0000000000000000        0.0000000000000000        6.7199999999999996E-002  0.64880000000000004       0.28399999999999997     
   131.00000000000000        1.7793821786979516        0.0000000000000000        0.0000000000000000        0.0000000000000000        6.7199999999999996E-002  0.64839999999999998       0.28439999999999999     
   132.00000000000000        1.7558362275089241        0.0000000000000000        0.0000000000000000        0.0000000000000000        6.7199999999999996E-002  0.64839999999999998       0.28439999999999999     
   133.00000000000000        1.7274943662182518        0.0000000000000000        0.0000000000000000        0.0000000000000000        6.7199999999999996E-002  0.64459999999999995       0.28820000000000001     
   134.00000000000000        1.6985390745674607        0.0000000000000000        0.0000000000000000        0.0000000000000000        6.7199999999999996E-002  0.63339999999999996       0.29940000000000000     
   135.00000000000000        1.6677928306601939        0.0000000000000000        0.0000000000000000        0.0000000000000000        6.7199999999999996E-002  0.63460000000000005       0.29820000000000002     
   136.00000000000000        1.6366926969031796        0.0000000000000000        0.0000000000000000        0.0000000000000000        6.7199999999999996E-002  0.63239999999999996       0.30040000000000000     
   137.00000000000000        1.6061878593214944        0.0000000000000000        0.0000000000000000        0.0000000000000000        6.7199999999999996E-002  0.63160000000000005       0.30120000000000002     
   138.00000000000000        1.5760536644599235        0.0000000000000000        0.0000000000000000        0.0000000000000000        6.7199999999999996E-002  0.64280000000000004       0.28999999999999998     
   139.00000000000000        1.5486813757593196        0.0000000000000000        0.0000000000000000        0.0000000000000000        6.7199999999999996E-002  0.64119999999999999       0.29160000000000003     
   140.00000000000000        1.5243421457300232        0.0000000000000000        0.0000000000000000        0.0000000000000000        6.7199999999999996E-002  0.63419999999999999       0.29859999999999998     
   141.00000000000000        1.5040358939289211        0.0000000000000000        0.0000000000000000        0.0000000000000000        6.7199999999999996E-002  0.63580000000000003       0.29699999999999999     
   142.00000000000000        1.4884871474470780        0.0000000000000000        0.0000000000000000        0.0000000000000000        6.7199999999999996E-002  0.63859999999999995       0.29420000000000002     
   143.00000000000000        1.4819904722139587        0.0000000000000000        0.0000000000000000        0.0000000000000000        6.7199999999999996E-002  0.64459999999999995       0.28820000000000001     
   144.00000000000000        1.4736200338656387        0.0000000000000000        0.0000000000000000        0.0000000000000000        6.7199999999999996E-002  0.63400000000000001       0.29880000000000001     
   145.00000000000000        1.4736356133615436        0.0000000000000000        0.0000000000000000        0.0000000000000000        6.7199999999999996E-002  0.63400000000000001       0.29880000000000001     
   146.00000000000000        1.4817840572145231        0.0000000000000000        0.0000000000000000        0.0000000000000000        6.7199999999999996E-002  0.63400000000000001       0.29880000000000001     
   147.00000000000000        1.4955071890553409        0.0000000000000000        0.0000000000000000        0.0000000000000000        6.7199999999999996E-002  0.63380000000000003       0.29899999999999999     
   148.00000000000000        1.5142784328589947        0.0000000000000000        0.0000000000000000        0.0000000000000000        6.7199999999999996E-002  0.63739999999999997       0.29540000000000000     
   149.00000000000000        1.5378242311408146        0.0000000000000000        0.0000000000000000        0.0000000000000000        6.7199999999999996E-002  0.64200000000000002       0.29080000000000000     
   150.00000000000000        1.5663938666481230        0.0000000000000000        0.0000000000000000        0.0000000000000000        6.7199999999999996E-002  0.63880000000000003       0.29399999999999998     
   151.00000000000000        1.5983721762586152        0.0000000000000000        0.0000000000000000        0.0000000000000000        6.7199999999999996E-002  0.63500000000000001       0.29780000000000001     
   152.00000000000000        1.6335088711826344        0.0000000000000000        0.0000000000000000        0.0000000000000000        6.7199999999999996E-002  0.63139999999999996       0.30140000000000000     
   153.00000000000000        1.6701873762806363        0.0000000000000000        0.0000000000000000        0.0000000000000000        6.7199999999999996E-002  0.62580000000000002       0.30700000000000000     
   154.00000000000000        1.7076778509774795        0.0000000000000000        0.0000000000000000        0.0000000000000000        6.7199999999999996E-002  0.62819999999999998       0.30459999999999998     
   155.00000000000000        1.7451909534615915        0.0000000000000000        0.0000000000000000        0.0000000000000000        6.7199999999999996E-002  0.62000000000000000       0.31280000000000002     
   156.00000000000000        1.7813112771716155        0.0000000000000000        0.0000000000000000        0.0000000000000000        6.7199999999999996E-002  0.61960000000000004       0.31319999999999998     
   157.00000000000000        1.8155723806385038        0.0000000000000000        0.0000000000000000        0.0000000000000000        6.7199999999999996E-002  0.61880000000000002       0.31400000000000000     
   158.00000000000000        1.8468916009295056        0.0000000000000000        0.0000000000000000        0.0000000000000000        6.7199999999999996E-002  0.62780000000000002       0.30499999999999999     
   159.00000000000000        1.8746533095407736        0.0000000000000000        0.0000000000000000        0.0000000000000000        6.7199999999999996E-002  0.62239999999999995       0.31040000000000001     
   160.00000000000000        1.8988359613578216        0.0000000000000000        0.0000000000000000        0.0000000000000000        6.7199999999999996E-002  0.63839999999999997       0.29440000000000000     
   161.00000000000000        1.9181133504867871        0.0000000000000000        0.0000000000000000        0.0000000000000000        6.7199999999999996E-002  0.63959999999999995       0.29320000000000002     
   162.00000000000000        1.9328338122876683        0.0000000000000000        0.0000000000000000        0.0000000000000000        6.7199999999999996E-002  0.63560000000000005       0.29720000000000002     
   163.00000000000000        1.9420912494244273        0.0000000000000000        0.0000000000000000        0.0000000000000000        6.7199999999999996E-002  0.58919999999999995       0.34360000000000002     
   164.00000000000000        1.9460604102225005        0.0000000000000000        0.0000000000000000        0.0000000000000000        6.7199999999999996E-002  0.64119999999999999       0.29160000000000003     
   165.00000000000000        1.9445604219235086        0.0000000000000000        0.0000000000000000        0.0000000000000000        6.7199999999999996E-002  0.63519999999999999       0.29759999999999998     
   166.00000000000000        1.9379676728907098        0.0000000000000000        0.0000000000000000        0.0000000000000000        6.7199999999999996E-002  0.65659999999999996       0.27620000000000000     
   167.00000000000000        1.9267426495027447        0.0000000000000000        0.0000000000000000        0.0000000000000000        6.7199999999999996E-002  0.63039999999999996       0.30240000000000000     
   168.00000000000000        1.9105744760482168        0.0000000000000000        0.0000000000000000        0.0000000000000000        6.7199999999999996E-002  0.64339999999999997       0.28939999999999999     
   169.00000000000000        1.8907215968448465        0.0000000000000000        0.0000000000000000        0.0000000000000000        6.7199999999999996E-002  0.63560000000000005       0.29720000000000002     
   170.00000000000000        1.8674533187661988        0.0000000000000000        0.0000000000000000        0.0000000000000000        6.7199999999999996E-002  0.63859999999999995       0.29420000000000002     
   171.00000000000000        1.8418808043177473        0.0000000000000000        0.0000000000000000        0.0000000000000000        6.7199999999999996E-002  0.63919999999999999       0.29360000000000003     
   172.00000000000000        1.8145291707206508        0.0000000000000000        0.0000000000000000        0.0000000000000000        6.7199999999999996E-002  0.63919999999999999       0.29360000000000003     
   173.00000000000000        1.7865496306181781        0.0000000000000000        0.0000000000000000        0.0000000000000000        6.7199999999999996E-002  0.63919999999999999       0.29360000000000003     
   174.00000000000000        1.7588306863799394        0.0000000000000000        0.0000000000000000        0.0000000000000000        6.7199999999999996E-002  0.63959999999999995       0.29320000000000002     
   175.00000000000000        1.7319019929972930        0.0000000000000000        0.0000000000000000        0.0000000000000000        6.7199999999999996E-002  0.63959999999999995       0.29320000000000002     
   176.00000000000000        1.7068273909532512        0.0000000000000000        0.0000000000000000        0.0000000000000000        6.7199999999999996E-002  0.63959999999999995       0.29320000000000002     
   177.00000000000000        1.6837710692769936        0.0000000000000000        0.0000000000000000        0.0000000000000000        6.7199999999999996E-002  0.63639999999999997       0.29640000000000000     
   178.00000000000000        1.6642967572163920        0.0000000000000000        0.0000000000000000        0.0000000000000000        6.7199999999999996E-002  0.64059999999999995       0.29220000000000002     
   179.00000000000000        1.6477064486200583        0.0000000000000000        0.0000000000000000        0.0000000000000000        6.7199999999999996E-002  0.64039999999999997       0.29239999999999999     
   180.00000000000000        1.6345744852423647        0.0000000000000000        0.0000000000000000        0.0000000000000000        6.7199999999999996E-002  0.64039999999999997       0.29239999999999999     
   181.00000000000000        1.6247698493086815        0.0000000000000000        0.0000000000000000        0.0000000000000000        6.7199999999999996E-002  0.63900000000000001       0.29380000000000001     
   182.00000000000000        1.6184081168950335        0.0000000000000000        0.0000000000000000        0.0000000000000000        6.7199999999999996E-002  0.63439999999999996       0.29840000000000000     
   183.00000000000000        1.6150681605035071        0.0000000000000000        0.0000000000000000        0.0000000000000000        6.7199999999999996E-002  0.63439999999999996       0.29840000000000000     
   184.00000000000000        1.6143928077129459        0.0000000000000000        0.0000000000000000        0.0000000000000000        6.7199999999999996E-002  0.63439999999999996       0.29840000000000000     
   185.00000000000000        1.6160182180848111        0.0000000000000000        0.0000000000000000        0.0000000000000000        6.7199999999999996E-002  0.63600000000000001       0.29680000000000001     
   186.00000000000000        1.6191691062497025        0.0000000000000000        0.0000000000000000        0.0000000000000000        6.7199999999999996E-002  0.63660000000000005       0.29620000000000002     
   187.00000000000000        1.6236797525289788        0.0000000000000000        0.0000000000000000        0.0000000000000000        6.7199999999999996E-002  0.63139999999999996       0.30140000000000000     
   188.00000000000000        1.6288744850432610        0.0000000000000000        0.0000000000000000        0.0000000000000000        6.7199999999999996E-002  0.63680000000000003       0.29599999999999999     
   189.00000000000000        1.6342761756593323        0.0000000000000000        0.0000000000000000        0.0000000000000000        6.7199999999999996E-002  0.64259999999999995       0.29020000000000001     
