#        BMIN =   406
#        BMAX =   411
#     INIBAND =   407
#      NBANDS =   540
#         NSW =  2000
#       POTIM =   1.0
#        TEMP = 300.0
#    NAMDTINI =   557
#    NAMDTIME =  1000
#       NTRAJ =  5000
#        NELM =  1000
#       LHOLE =     T
#        LSHP =     T
#      LCPTXT =     T
#      RUNDIR = ../../run/
   1.0000000000000000       0.11205520782771192        0.0000000000000000        1.0000000000000000        0.0000000000000000        0.0000000000000000        0.0000000000000000        0.0000000000000000     
   2.0000000000000000       0.10458823424495335        0.0000000000000000        1.0000000000000000        0.0000000000000000        0.0000000000000000        0.0000000000000000        0.0000000000000000     
   3.0000000000000000       0.10604629686886352        0.0000000000000000        1.0000000000000000        0.0000000000000000        0.0000000000000000        0.0000000000000000        0.0000000000000000     
   4.0000000000000000       0.10626711484188489        0.0000000000000000        1.0000000000000000        0.0000000000000000        0.0000000000000000        0.0000000000000000        0.0000000000000000     
   5.0000000000000000       0.10384693131445663        0.0000000000000000       0.99980000000000002        0.0000000000000000        2.0000000000000001E-004   0.0000000000000000        0.0000000000000000     
   6.0000000000000000       0.10210881815075104        0.0000000000000000       0.99980000000000002        0.0000000000000000        2.0000000000000001E-004   0.0000000000000000        0.0000000000000000     
   7.0000000000000000       0.10173142928068654        0.0000000000000000       0.99980000000000002        0.0000000000000000        2.0000000000000001E-004   0.0000000000000000        0.0000000000000000     
   8.0000000000000000       0.10174560976947129        0.0000000000000000       0.99980000000000002        0.0000000000000000        2.0000000000000001E-004   0.0000000000000000        0.0000000000000000     
   9.0000000000000000       0.10202287134851053        2.0000000000000001E-004  0.99960000000000004        0.0000000000000000        2.0000000000000001E-004   0.0000000000000000        0.0000000000000000     
   10.000000000000000       0.10323615678906785        2.0000000000000001E-004  0.99960000000000004        0.0000000000000000        2.0000000000000001E-004   0.0000000000000000        0.0000000000000000     
   11.000000000000000       0.10502111085490168        2.0000000000000001E-004  0.99960000000000004        0.0000000000000000        2.0000000000000001E-004   0.0000000000000000        0.0000000000000000     
   12.000000000000000       0.10752815298519539        2.0000000000000001E-004  0.99960000000000004        0.0000000000000000        2.0000000000000001E-004   0.0000000000000000        0.0000000000000000     
   13.000000000000000       0.11081146304242205        2.0000000000000001E-004  0.99960000000000004        0.0000000000000000        2.0000000000000001E-004   0.0000000000000000        0.0000000000000000     
   14.000000000000000       0.11421881132154794        2.0000000000000001E-004  0.99939999999999996        2.0000000000000001E-004   2.0000000000000001E-004   0.0000000000000000        0.0000000000000000     
   15.000000000000000       0.11809739974226931        2.0000000000000001E-004  0.99900000000000000        4.0000000000000002E-004   4.0000000000000002E-004   0.0000000000000000        0.0000000000000000     
   16.000000000000000       0.12183895393851453        2.0000000000000001E-004  0.99900000000000000        4.0000000000000002E-004   4.0000000000000002E-004   0.0000000000000000        0.0000000000000000     
   17.000000000000000       0.12569621193971361        2.0000000000000001E-004  0.99900000000000000        4.0000000000000002E-004   4.0000000000000002E-004   0.0000000000000000        0.0000000000000000     
   18.000000000000000       0.12927456101062815        2.0000000000000001E-004  0.99900000000000000        4.0000000000000002E-004   4.0000000000000002E-004   0.0000000000000000        0.0000000000000000     
   19.000000000000000       0.13314830352928450        2.0000000000000001E-004  0.99880000000000002        4.0000000000000002E-004   5.9999999999999995E-004   0.0000000000000000        0.0000000000000000     
   20.000000000000000       0.13619439460435620        2.0000000000000001E-004  0.99839999999999995        8.0000000000000004E-004   5.9999999999999995E-004   0.0000000000000000        0.0000000000000000     
   21.000000000000000       0.13965780812712608        2.0000000000000001E-004  0.99760000000000004        8.0000000000000004E-004   1.4000000000000000E-003   0.0000000000000000        0.0000000000000000     
   22.000000000000000       0.14182364466902114        2.0000000000000001E-004  0.99439999999999995        4.0000000000000001E-003   1.4000000000000000E-003   0.0000000000000000        0.0000000000000000     
   23.000000000000000       0.14254732712665405        2.0000000000000001E-004  0.99439999999999995        4.0000000000000001E-003   1.4000000000000000E-003   0.0000000000000000        0.0000000000000000     
   24.000000000000000       0.14257280136738898        2.0000000000000001E-004  0.99399999999999999        4.4000000000000003E-003   1.4000000000000000E-003   0.0000000000000000        0.0000000000000000     
   25.000000000000000       0.14251800317312202        2.0000000000000001E-004  0.99239999999999995        5.7999999999999996E-003   1.6000000000000001E-003   0.0000000000000000        0.0000000000000000     
   26.000000000000000       0.14158728352285677        2.0000000000000001E-004  0.99239999999999995        5.7999999999999996E-003   1.6000000000000001E-003   0.0000000000000000        0.0000000000000000     
   27.000000000000000       0.14059719095013659        2.0000000000000001E-004  0.99160000000000004        6.6000000000000000E-003   1.6000000000000001E-003   0.0000000000000000        0.0000000000000000     
   28.000000000000000       0.14016805091326973        2.0000000000000001E-004  0.99139999999999995        6.7999999999999996E-003   1.6000000000000001E-003   0.0000000000000000        0.0000000000000000     
   29.000000000000000       0.14074922046346366        2.0000000000000001E-004  0.99119999999999997        6.7999999999999996E-003   1.8000000000000000E-003   0.0000000000000000        0.0000000000000000     
   30.000000000000000       0.14297048234795323        2.0000000000000001E-004  0.98980000000000001        8.2000000000000007E-003   1.8000000000000000E-003   0.0000000000000000        0.0000000000000000     
   31.000000000000000       0.14685232077211857        2.0000000000000001E-004  0.98980000000000001        8.2000000000000007E-003   1.8000000000000000E-003   0.0000000000000000        0.0000000000000000     
   32.000000000000000       0.15327674799354421        2.0000000000000001E-004  0.98880000000000001        9.1999999999999998E-003   1.8000000000000000E-003   0.0000000000000000        0.0000000000000000     
   33.000000000000000       0.16242536420673606        2.0000000000000001E-004  0.98799999999999999        1.0000000000000000E-002   1.8000000000000000E-003   0.0000000000000000        0.0000000000000000     
   34.000000000000000       0.17483387034324482        2.0000000000000001E-004  0.98799999999999999        1.0000000000000000E-002   1.8000000000000000E-003   0.0000000000000000        0.0000000000000000     
   35.000000000000000       0.18988888327333783        2.0000000000000001E-004  0.98780000000000001        1.0200000000000001E-002   1.8000000000000000E-003   0.0000000000000000        0.0000000000000000     
   36.000000000000000       0.20788265535008121        2.0000000000000001E-004  0.98780000000000001        1.0200000000000001E-002   1.8000000000000000E-003   0.0000000000000000        0.0000000000000000     
   37.000000000000000       0.22726064113486022        0.0000000000000000       0.98740000000000006        1.0800000000000001E-002   1.8000000000000000E-003   0.0000000000000000        0.0000000000000000     
   38.000000000000000       0.24786456881133023        0.0000000000000000       0.98680000000000001        1.1400000000000000E-002   1.8000000000000000E-003   0.0000000000000000        0.0000000000000000     
   39.000000000000000       0.26918458113658300        0.0000000000000000       0.97919999999999996        1.8800000000000001E-002   2.0000000000000000E-003   0.0000000000000000        0.0000000000000000     
   40.000000000000000       0.28889409494108559        0.0000000000000000       0.97740000000000005        2.0600000000000000E-002   2.0000000000000000E-003   0.0000000000000000        0.0000000000000000     
   41.000000000000000       0.30788322908668947        0.0000000000000000       0.97740000000000005        2.0600000000000000E-002   2.0000000000000000E-003   0.0000000000000000        0.0000000000000000     
   42.000000000000000       0.32561157767195109        0.0000000000000000       0.97740000000000005        2.0600000000000000E-002   2.0000000000000000E-003   0.0000000000000000        0.0000000000000000     
   43.000000000000000       0.34206169021155469        0.0000000000000000       0.97699999999999998        2.1000000000000001E-002   2.0000000000000000E-003   0.0000000000000000        0.0000000000000000     
   44.000000000000000       0.35738617893540714        0.0000000000000000       0.97699999999999998        2.1000000000000001E-002   2.0000000000000000E-003   0.0000000000000000        0.0000000000000000     
   45.000000000000000       0.37165613309289408        0.0000000000000000       0.97699999999999998        2.1000000000000001E-002   2.0000000000000000E-003   0.0000000000000000        0.0000000000000000     
   46.000000000000000       0.38490246722867866        0.0000000000000000       0.97680000000000000        2.1200000000000000E-002   2.0000000000000000E-003   0.0000000000000000        0.0000000000000000     
   47.000000000000000       0.39689776805319876        0.0000000000000000       0.97660000000000002        2.1399999999999999E-002   2.0000000000000000E-003   0.0000000000000000        0.0000000000000000     
   48.000000000000000       0.40837731626609464        0.0000000000000000       0.97599999999999998        2.1999999999999999E-002   2.0000000000000000E-003   0.0000000000000000        0.0000000000000000     
   49.000000000000000       0.41834321576140360        0.0000000000000000       0.97599999999999998        2.1999999999999999E-002   2.0000000000000000E-003   0.0000000000000000        0.0000000000000000     
   50.000000000000000       0.42695192573665008        0.0000000000000000       0.97599999999999998        2.1999999999999999E-002   2.0000000000000000E-003   0.0000000000000000        0.0000000000000000     
   51.000000000000000       0.43495638733020664        0.0000000000000000       0.97599999999999998        2.1999999999999999E-002   2.0000000000000000E-003   0.0000000000000000        0.0000000000000000     
   52.000000000000000       0.44158263104956208        0.0000000000000000       0.97540000000000004        2.2599999999999999E-002   2.0000000000000000E-003   0.0000000000000000        0.0000000000000000     
   53.000000000000000       0.44680688428701137        0.0000000000000000       0.97480000000000000        2.3199999999999998E-002   2.0000000000000000E-003   0.0000000000000000        0.0000000000000000     
   54.000000000000000       0.45101249818767497        0.0000000000000000       0.97480000000000000        2.3199999999999998E-002   2.0000000000000000E-003   0.0000000000000000        0.0000000000000000     
   55.000000000000000       0.45343932856809505        0.0000000000000000       0.97480000000000000        2.3199999999999998E-002   2.0000000000000000E-003   0.0000000000000000        0.0000000000000000     
   56.000000000000000       0.45460045683670108        0.0000000000000000       0.97480000000000000        2.3199999999999998E-002   2.0000000000000000E-003   0.0000000000000000        0.0000000000000000     
   57.000000000000000       0.45451900269457840        0.0000000000000000       0.97460000000000002        2.3400000000000001E-002   2.0000000000000000E-003   0.0000000000000000        0.0000000000000000     
   58.000000000000000       0.45287766638545235        0.0000000000000000       0.97460000000000002        2.3400000000000001E-002   2.0000000000000000E-003   0.0000000000000000        0.0000000000000000     
   59.000000000000000       0.45009125028672381        0.0000000000000000       0.97460000000000002        2.3400000000000001E-002   2.0000000000000000E-003   0.0000000000000000        0.0000000000000000     
   60.000000000000000       0.44590716477730963        0.0000000000000000       0.97460000000000002        2.3400000000000001E-002   2.0000000000000000E-003   0.0000000000000000        0.0000000000000000     
   61.000000000000000       0.44016681823593257        0.0000000000000000       0.97419999999999995        2.3800000000000002E-002   2.0000000000000000E-003   0.0000000000000000        0.0000000000000000     
   62.000000000000000       0.43413432608775299        0.0000000000000000       0.97399999999999998        2.3800000000000002E-002   1.6000000000000001E-003   0.0000000000000000        5.9999999999999995E-004
   63.000000000000000       0.42662956200192104        0.0000000000000000       0.97419999999999995        2.3599999999999999E-002   1.6000000000000001E-003   0.0000000000000000        5.9999999999999995E-004
   64.000000000000000       0.41817912920633443        0.0000000000000000       0.97440000000000004        2.3400000000000001E-002   1.6000000000000001E-003   0.0000000000000000        5.9999999999999995E-004
   65.000000000000000       0.40898321828418310        0.0000000000000000       0.97440000000000004        2.3400000000000001E-002   1.6000000000000001E-003   0.0000000000000000        5.9999999999999995E-004
   66.000000000000000       0.39984211294618593        0.0000000000000000       0.96899999999999997        2.8600000000000000E-002   1.4000000000000000E-003   2.0000000000000001E-004   8.0000000000000004E-004
   67.000000000000000       0.39007937476691878        0.0000000000000000       0.96860000000000002        2.9000000000000001E-002   1.4000000000000000E-003   2.0000000000000001E-004   8.0000000000000004E-004
   68.000000000000000       0.38045954195225534        0.0000000000000000       0.96860000000000002        2.9000000000000001E-002   1.4000000000000000E-003   2.0000000000000001E-004   8.0000000000000004E-004
   69.000000000000000       0.37215852669498883        0.0000000000000000       0.96419999999999995        3.3200000000000000E-002   1.4000000000000000E-003   2.0000000000000001E-004   1.0000000000000000E-003
   70.000000000000000       0.36479713512240725        0.0000000000000000       0.96419999999999995        3.3200000000000000E-002   1.6000000000000001E-003   2.0000000000000001E-004   8.0000000000000004E-004
   71.000000000000000       0.35900815496679139        0.0000000000000000       0.96779999999999999        2.9399999999999999E-002   1.6000000000000001E-003   4.0000000000000002E-004   8.0000000000000004E-004
   72.000000000000000       0.35593513486274214        0.0000000000000000       0.92659999999999998        7.0599999999999996E-002   1.6000000000000001E-003   4.0000000000000002E-004   8.0000000000000004E-004
   73.000000000000000       0.35510030785048979        0.0000000000000000       0.83960000000000001       0.15720000000000001        2.0000000000000000E-003   4.0000000000000002E-004   8.0000000000000004E-004
   74.000000000000000       0.34880343278058806        0.0000000000000000       0.83899999999999997       0.15780000000000000        2.0000000000000000E-003   4.0000000000000002E-004   8.0000000000000004E-004
   75.000000000000000       0.34135954847298988        0.0000000000000000       0.83899999999999997       0.15780000000000000        2.0000000000000000E-003   4.0000000000000002E-004   8.0000000000000004E-004
   76.000000000000000       0.33349786352757321        0.0000000000000000       0.83960000000000001       0.15720000000000001        2.0000000000000000E-003   4.0000000000000002E-004   8.0000000000000004E-004
   77.000000000000000       0.32625883530450944        0.0000000000000000       0.83540000000000003       0.16120000000000001        2.2000000000000001E-003   4.0000000000000002E-004   8.0000000000000004E-004
   78.000000000000000       0.31817237254778308        0.0000000000000000       0.83540000000000003       0.16120000000000001        2.2000000000000001E-003   4.0000000000000002E-004   8.0000000000000004E-004
   79.000000000000000       0.31145714821190001        0.0000000000000000       0.83099999999999996       0.16560000000000000        2.2000000000000001E-003   2.0000000000000001E-004   1.0000000000000000E-003
   80.000000000000000       0.30532420532606158        0.0000000000000000       0.82820000000000005       0.16839999999999999        2.2000000000000001E-003   2.0000000000000001E-004   1.0000000000000000E-003
   81.000000000000000       0.29964238921607411        0.0000000000000000       0.82779999999999998       0.16880000000000001        2.2000000000000001E-003   2.0000000000000001E-004   1.0000000000000000E-003
   82.000000000000000       0.29543478516113847        0.0000000000000000       0.82699999999999996       0.16940000000000000        2.3999999999999998E-003   2.0000000000000001E-004   1.0000000000000000E-003
   83.000000000000000       0.29204322950637246        0.0000000000000000       0.82699999999999996       0.16940000000000000        2.3999999999999998E-003   2.0000000000000001E-004   1.0000000000000000E-003
   84.000000000000000       0.29032005012098011        0.0000000000000000       0.82699999999999996       0.16940000000000000        2.3999999999999998E-003   0.0000000000000000        1.1999999999999999E-003
   85.000000000000000       0.29177306251608476        0.0000000000000000       0.82440000000000002       0.17180000000000001        2.5999999999999999E-003   0.0000000000000000        1.1999999999999999E-003
   86.000000000000000       0.29433076226036503        0.0000000000000000       0.82179999999999997       0.17440000000000000        2.5999999999999999E-003   0.0000000000000000        1.1999999999999999E-003
   87.000000000000000       0.29755980813397015        0.0000000000000000       0.82179999999999997       0.17440000000000000        2.5999999999999999E-003   0.0000000000000000        1.1999999999999999E-003
   88.000000000000000       0.30378212444866542        0.0000000000000000       0.82179999999999997       0.17440000000000000        2.5999999999999999E-003   2.0000000000000001E-004   1.0000000000000000E-003
   89.000000000000000       0.31068320506409702        0.0000000000000000       0.82179999999999997       0.17440000000000000        2.5999999999999999E-003   2.0000000000000001E-004   1.0000000000000000E-003
   90.000000000000000       0.31977994888448191        0.0000000000000000       0.81999999999999995       0.17599999999999999        2.8000000000000000E-003   2.0000000000000001E-004   1.0000000000000000E-003
   91.000000000000000       0.32807070712734154        0.0000000000000000       0.81999999999999995       0.17599999999999999        2.8000000000000000E-003   2.0000000000000001E-004   1.0000000000000000E-003
   92.000000000000000       0.33649026892241601        0.0000000000000000       0.81999999999999995       0.17599999999999999        2.8000000000000000E-003   2.0000000000000001E-004   1.0000000000000000E-003
   93.000000000000000       0.34756429298691693        0.0000000000000000       0.80820000000000003       0.18759999999999999        3.0000000000000001E-003   2.0000000000000001E-004   1.0000000000000000E-003
   94.000000000000000       0.35529807225968751        0.0000000000000000       0.80820000000000003       0.18759999999999999        3.0000000000000001E-003   2.0000000000000001E-004   1.0000000000000000E-003
   95.000000000000000       0.36276928787688534        0.0000000000000000       0.80820000000000003       0.18759999999999999        3.0000000000000001E-003   2.0000000000000001E-004   1.0000000000000000E-003
   96.000000000000000       0.37113752427148428        0.0000000000000000       0.79220000000000002       0.20360000000000000        3.0000000000000001E-003   2.0000000000000001E-004   1.0000000000000000E-003
   97.000000000000000       0.37649745652083522        0.0000000000000000       0.79339999999999999       0.20219999999999999        3.2000000000000002E-003   2.0000000000000001E-004   1.0000000000000000E-003
   98.000000000000000       0.37997383969213383        0.0000000000000000       0.79440000000000000       0.20119999999999999        3.2000000000000002E-003   2.0000000000000001E-004   1.0000000000000000E-003
   99.000000000000000       0.38307085612043651        0.0000000000000000       0.79200000000000004       0.20360000000000000        3.2000000000000002E-003   2.0000000000000001E-004   1.0000000000000000E-003
   100.00000000000000       0.38214884411483085        0.0000000000000000       0.75160000000000005       0.24399999999999999        3.2000000000000002E-003   2.0000000000000001E-004   1.0000000000000000E-003
   101.00000000000000       0.38148066268017272        0.0000000000000000       0.71060000000000001       0.28499999999999998        2.5999999999999999E-003   4.0000000000000002E-004   1.4000000000000000E-003
   102.00000000000000       0.38294077503634144        0.0000000000000000       0.70399999999999996       0.29160000000000003        2.5999999999999999E-003   4.0000000000000002E-004   1.4000000000000000E-003
   103.00000000000000       0.37348830417817286        2.0000000000000001E-004  0.69879999999999998       0.29659999999999997        2.5999999999999999E-003   4.0000000000000002E-004   1.4000000000000000E-003
   104.00000000000000       0.38325206440804133        0.0000000000000000       0.67659999999999998       0.31900000000000001        2.5999999999999999E-003   0.0000000000000000        1.8000000000000000E-003
   105.00000000000000       0.44841417996814270        1.0000000000000000E-003  0.47820000000000001       0.50780000000000003        2.3999999999999998E-003   2.0000000000000001E-004   1.0400000000000000E-002
   106.00000000000000       0.92899441220016143        1.0000000000000000E-003  0.47799999999999998       0.49020000000000002        2.0199999999999999E-002   2.0000000000000001E-004   1.0400000000000000E-002
   107.00000000000000        1.3509235126907548        1.1999999999999999E-003   0.0000000000000000       0.86499999999999999       0.12320000000000000        0.0000000000000000        1.0600000000000000E-002
   108.00000000000000       0.71987660138347065        1.1999999999999999E-003   0.0000000000000000       0.86499999999999999        8.5599999999999996E-002   2.3199999999999998E-002   2.5000000000000001E-002
   109.00000000000000       0.83537252555120012        1.1999999999999999E-003   0.0000000000000000       0.86319999999999997        8.6199999999999999E-002   2.3199999999999998E-002   2.6200000000000001E-002
   110.00000000000000       0.33999599306509204        1.1999999999999999E-003   4.0000000000000002E-004  0.85719999999999996        9.1800000000000007E-002   2.4000000000000000E-002   2.5399999999999999E-002
   111.00000000000000       0.84230188589086363        1.1999999999999999E-003   4.0000000000000002E-004  0.85219999999999996        9.6799999999999997E-002   2.4000000000000000E-002   2.5399999999999999E-002
   112.00000000000000       0.91076707861155359        1.1999999999999999E-003   4.0000000000000002E-004  0.80700000000000005       0.14219999999999999        2.5000000000000001E-002   2.4199999999999999E-002
   113.00000000000000        1.4597108809687003        1.1999999999999999E-003   4.0000000000000002E-004  0.78800000000000003       0.14540000000000000        2.1800000000000000E-002   4.3200000000000002E-002
   114.00000000000000        1.4901214586420473        1.1999999999999999E-003   4.0000000000000002E-004  0.70140000000000002       0.14940000000000001        1.7800000000000000E-002  0.12980000000000000     
   115.00000000000000        1.5158028118150928        1.1999999999999999E-003   4.0000000000000002E-004  0.67359999999999998       0.12000000000000000        4.0000000000000001E-002  0.16480000000000000     
   116.00000000000000        1.5287852328658988        1.1999999999999999E-003   4.0000000000000002E-004  0.61680000000000001       0.17680000000000001        4.2200000000000001E-002  0.16259999999999999     
   117.00000000000000        1.5471081763100902        1.1999999999999999E-003   4.0000000000000002E-004  0.61399999999999999       0.17960000000000001        4.2599999999999999E-002  0.16220000000000001     
   118.00000000000000        1.6451192890361537        1.1999999999999999E-003   2.0000000000000001E-004  0.26719999999999999       0.52659999999999996        4.2799999999999998E-002  0.16200000000000001     
   119.00000000000000        1.6263969711689670        1.1999999999999999E-003   2.0000000000000001E-004   0.0000000000000000       0.79379999999999995        4.0200000000000000E-002  0.16460000000000000     
   120.00000000000000        1.6848094683403438        1.1999999999999999E-003   2.0000000000000001E-004   0.0000000000000000       0.79379999999999995        3.9800000000000002E-002  0.16500000000000001     
   121.00000000000000        1.6675140657807948        1.1999999999999999E-003   2.0000000000000001E-004   0.0000000000000000       0.79379999999999995        4.0000000000000001E-002  0.16480000000000000     
   122.00000000000000        1.6591878652563514        1.1999999999999999E-003   2.0000000000000001E-004   0.0000000000000000       0.79379999999999995        4.0000000000000001E-002  0.16480000000000000     
   123.00000000000000        1.6469250503108097        1.1999999999999999E-003   2.0000000000000001E-004   0.0000000000000000       0.79379999999999995        4.0000000000000001E-002  0.16480000000000000     
   124.00000000000000        1.6707454107848789        1.1999999999999999E-003   2.0000000000000001E-004   0.0000000000000000       0.79379999999999995        4.0200000000000000E-002  0.16460000000000000     
   125.00000000000000        1.6703835047717090        1.1999999999999999E-003   2.0000000000000001E-004   0.0000000000000000       0.79379999999999995        4.0200000000000000E-002  0.16460000000000000     
   126.00000000000000        1.6002965198702652        1.0000000000000000E-003   2.0000000000000001E-004   0.0000000000000000       0.79400000000000004        4.0200000000000000E-002  0.16460000000000000     
   127.00000000000000        1.5962919908506983        1.0000000000000000E-003   2.0000000000000001E-004   0.0000000000000000       0.79400000000000004        4.0800000000000003E-002  0.16400000000000001     
   128.00000000000000        1.5640584992811584        1.0000000000000000E-003   0.0000000000000000        2.0000000000000001E-004  0.79400000000000004        3.9800000000000002E-002  0.16500000000000001     
   129.00000000000000        1.5713460645658541        1.0000000000000000E-003   0.0000000000000000        2.0000000000000001E-004  0.75519999999999998        7.3999999999999996E-002  0.16960000000000000     
   130.00000000000000        1.8896297265304043        1.0000000000000000E-003   0.0000000000000000        2.0000000000000001E-004  0.52520000000000000       0.30399999999999999       0.16960000000000000     
   131.00000000000000        1.6374151814518594        1.0000000000000000E-003   0.0000000000000000        2.0000000000000001E-004  0.52520000000000000       0.30440000000000000       0.16919999999999999     
   132.00000000000000        1.6220670598183824        1.0000000000000000E-003   0.0000000000000000        2.0000000000000001E-004  0.52520000000000000       0.30380000000000001       0.16980000000000001     
   133.00000000000000        1.5958867313278571        1.0000000000000000E-003   0.0000000000000000        2.0000000000000001E-004  0.52520000000000000       0.30380000000000001       0.16980000000000001     
   134.00000000000000        1.5943215806423465        1.0000000000000000E-003   0.0000000000000000        2.0000000000000001E-004  0.52520000000000000       0.30340000000000000       0.17019999999999999     
   135.00000000000000        1.5823774580980168        1.0000000000000000E-003   0.0000000000000000        2.0000000000000001E-004  0.52520000000000000       0.30320000000000003       0.17040000000000000     
   136.00000000000000        1.5725844643142377        5.9999999999999995E-004   4.0000000000000002E-004   0.0000000000000000       0.52539999999999998       0.30320000000000003       0.17040000000000000     
   137.00000000000000        1.5463498792747188        5.9999999999999995E-004   4.0000000000000002E-004   0.0000000000000000       0.52539999999999998       0.30320000000000003       0.17040000000000000     
   138.00000000000000        1.5409623573758111        5.9999999999999995E-004   4.0000000000000002E-004   0.0000000000000000       0.52539999999999998       0.30299999999999999       0.17060000000000000     
   139.00000000000000        1.5379708771700558        5.9999999999999995E-004   4.0000000000000002E-004   0.0000000000000000       0.52539999999999998       0.30299999999999999       0.17060000000000000     
   140.00000000000000        1.5376424878627670        5.9999999999999995E-004   4.0000000000000002E-004   0.0000000000000000       0.52539999999999998       0.30299999999999999       0.17060000000000000     
   141.00000000000000        1.5394450642534969        5.9999999999999995E-004   4.0000000000000002E-004   0.0000000000000000       0.52539999999999998       0.30159999999999998       0.17199999999999999     
   142.00000000000000        1.5437662658162759        5.9999999999999995E-004   4.0000000000000002E-004   0.0000000000000000       0.52539999999999998       0.28780000000000000       0.18579999999999999     
   143.00000000000000        1.5499219160952589        5.9999999999999995E-004   4.0000000000000002E-004   0.0000000000000000       0.52539999999999998       0.39660000000000001        7.6999999999999999E-002
   144.00000000000000        1.5576246793908848        5.9999999999999995E-004   4.0000000000000002E-004   0.0000000000000000       0.52539999999999998       0.39439999999999997        7.9200000000000007E-002
   145.00000000000000        1.5668136682669134        5.9999999999999995E-004   4.0000000000000002E-004   0.0000000000000000       0.52539999999999998       0.39739999999999998        7.6200000000000004E-002
   146.00000000000000        1.5770466248258377        5.9999999999999995E-004   4.0000000000000002E-004   0.0000000000000000       0.52539999999999998       0.39800000000000002        7.5600000000000001E-002
   147.00000000000000        1.5875946828848777        5.9999999999999995E-004   4.0000000000000002E-004   0.0000000000000000       0.52539999999999998       0.39820000000000000        7.5399999999999995E-002
   148.00000000000000        1.5984843542524119        5.9999999999999995E-004   4.0000000000000002E-004   0.0000000000000000       0.52539999999999998       0.39760000000000001        7.5999999999999998E-002
   149.00000000000000        1.6098719637115579        5.9999999999999995E-004   4.0000000000000002E-004   0.0000000000000000       0.52539999999999998       0.39760000000000001        7.5999999999999998E-002
   150.00000000000000        1.6198704338509942        5.9999999999999995E-004   2.0000000000000001E-004   2.0000000000000001E-004  0.52539999999999998       0.39760000000000001        7.5999999999999998E-002
   151.00000000000000        1.6295551917421152        5.9999999999999995E-004   2.0000000000000001E-004   2.0000000000000001E-004  0.52539999999999998       0.39760000000000001        7.5999999999999998E-002
   152.00000000000000        1.6382156772893983        5.9999999999999995E-004   2.0000000000000001E-004   2.0000000000000001E-004  0.52539999999999998       0.39760000000000001        7.5999999999999998E-002
   153.00000000000000        1.6456645222506199        5.9999999999999995E-004   2.0000000000000001E-004   2.0000000000000001E-004  0.52539999999999998       0.39760000000000001        7.5999999999999998E-002
   154.00000000000000        1.6516922994045982        5.9999999999999995E-004   2.0000000000000001E-004   2.0000000000000001E-004  0.52539999999999998       0.39779999999999999        7.5800000000000006E-002
   155.00000000000000        1.6560893660536560        5.9999999999999995E-004   2.0000000000000001E-004   2.0000000000000001E-004  0.52539999999999998       0.39779999999999999        7.5800000000000006E-002
   156.00000000000000        1.6591662584664009        5.9999999999999995E-004   2.0000000000000001E-004   2.0000000000000001E-004  0.52539999999999998       0.39679999999999999        7.6799999999999993E-002
   157.00000000000000        1.6603530490648173        5.9999999999999995E-004   2.0000000000000001E-004   2.0000000000000001E-004  0.52539999999999998       0.39679999999999999        7.6799999999999993E-002
   158.00000000000000        1.6602271133832263        5.9999999999999995E-004   2.0000000000000001E-004   2.0000000000000001E-004  0.52539999999999998       0.39679999999999999        7.6799999999999993E-002
   159.00000000000000        1.6579271414752659        5.9999999999999995E-004   2.0000000000000001E-004   2.0000000000000001E-004  0.52539999999999998       0.39639999999999997        7.7200000000000005E-002
   160.00000000000000        1.6532021005308264        5.9999999999999995E-004   2.0000000000000001E-004   2.0000000000000001E-004  0.52539999999999998       0.39639999999999997        7.7200000000000005E-002
   161.00000000000000        1.6492364059366849        5.9999999999999995E-004   2.0000000000000001E-004   2.0000000000000001E-004  0.52539999999999998       0.39639999999999997        7.7200000000000005E-002
   162.00000000000000        1.6425784451283560        5.9999999999999995E-004   2.0000000000000001E-004   2.0000000000000001E-004  0.52539999999999998       0.39579999999999999        7.7799999999999994E-002
   163.00000000000000        1.6346872872294838        5.9999999999999995E-004   2.0000000000000001E-004   2.0000000000000001E-004  0.52539999999999998       0.39579999999999999        7.7799999999999994E-002
   164.00000000000000        1.6269935894270646        5.9999999999999995E-004   2.0000000000000001E-004   2.0000000000000001E-004  0.52539999999999998       0.39539999999999997        7.8200000000000006E-002
   165.00000000000000        1.6180835017741084        5.9999999999999995E-004   2.0000000000000001E-004   2.0000000000000001E-004  0.52539999999999998       0.39460000000000001        7.9000000000000001E-002
   166.00000000000000        1.6088923052392248        5.9999999999999995E-004   0.0000000000000000        4.0000000000000002E-004  0.52539999999999998       0.39879999999999999        7.4800000000000005E-002
   167.00000000000000        1.5996823069938144        5.9999999999999995E-004   0.0000000000000000        4.0000000000000002E-004  0.52539999999999998       0.40179999999999999        7.1800000000000003E-002
   168.00000000000000        1.5913543060911020        5.9999999999999995E-004   0.0000000000000000        4.0000000000000002E-004  0.52539999999999998       0.39739999999999998        7.6200000000000004E-002
   169.00000000000000        1.5825556186994134        5.9999999999999995E-004   0.0000000000000000        4.0000000000000002E-004  0.52539999999999998       0.40100000000000002        7.2599999999999998E-002
   170.00000000000000        1.5748756404407143        5.9999999999999995E-004   0.0000000000000000        4.0000000000000002E-004  0.52539999999999998       0.39579999999999999        7.7799999999999994E-002
   171.00000000000000        1.5680414817766521        5.9999999999999995E-004   0.0000000000000000        4.0000000000000002E-004  0.52539999999999998       0.39920000000000000        7.4399999999999994E-002
   172.00000000000000        1.5623051027288248        5.9999999999999995E-004   0.0000000000000000        4.0000000000000002E-004  0.52539999999999998       0.40060000000000001        7.2999999999999995E-002
   173.00000000000000        1.5574828698803751        5.9999999999999995E-004   0.0000000000000000        4.0000000000000002E-004  0.52539999999999998       0.40060000000000001        7.2999999999999995E-002
   174.00000000000000        1.5532366831738935        5.9999999999999995E-004   0.0000000000000000        4.0000000000000002E-004  0.52539999999999998       0.40699999999999997        6.6600000000000006E-002
   175.00000000000000        1.5505228386668948        5.9999999999999995E-004   0.0000000000000000        4.0000000000000002E-004  0.52539999999999998       0.40860000000000002        6.5000000000000002E-002
   176.00000000000000        1.5482235775880606        5.9999999999999995E-004   0.0000000000000000        4.0000000000000002E-004  0.52539999999999998       0.40780000000000000        6.5799999999999997E-002
   177.00000000000000        1.5459381018149636        5.9999999999999995E-004   0.0000000000000000        4.0000000000000002E-004  0.52539999999999998       0.40579999999999999        6.7799999999999999E-002
   178.00000000000000        1.5443614095274745        5.9999999999999995E-004   0.0000000000000000        4.0000000000000002E-004  0.52539999999999998       0.40620000000000001        6.7400000000000002E-002
   179.00000000000000        1.5431034134698658        5.9999999999999995E-004   0.0000000000000000        4.0000000000000002E-004  0.52539999999999998       0.40620000000000001        6.7400000000000002E-002
   180.00000000000000        1.5412635476057337        5.9999999999999995E-004   0.0000000000000000        4.0000000000000002E-004  0.52539999999999998       0.40620000000000001        6.7400000000000002E-002
   181.00000000000000        1.5388091737201242        5.9999999999999995E-004   0.0000000000000000        4.0000000000000002E-004  0.52539999999999998       0.40620000000000001        6.7400000000000002E-002
   182.00000000000000        1.5355914015353891        5.9999999999999995E-004   0.0000000000000000        4.0000000000000002E-004  0.52539999999999998       0.40679999999999999        6.6799999999999998E-002
   183.00000000000000        1.5319119263858345        5.9999999999999995E-004   0.0000000000000000        0.0000000000000000       0.52580000000000005       0.40699999999999997        6.6600000000000006E-002
   184.00000000000000        1.6241994195926033        5.9999999999999995E-004   0.0000000000000000        0.0000000000000000       0.52580000000000005       0.40699999999999997        6.6600000000000006E-002
   185.00000000000000        1.8804570681015993        5.9999999999999995E-004   0.0000000000000000        1.1800000000000000E-002  0.37219999999999998       0.54959999999999998        6.5799999999999997E-002
   186.00000000000000        1.8597302387517050        5.9999999999999995E-004   0.0000000000000000        1.4000000000000000E-003  0.18260000000000001       0.73799999999999999        7.7399999999999997E-002
   187.00000000000000        1.8640438498082068        5.9999999999999995E-004   0.0000000000000000       0.12600000000000000        0.0000000000000000       0.79600000000000004        7.7399999999999997E-002
   188.00000000000000        1.7646580644067102        5.9999999999999995E-004   0.0000000000000000       0.12600000000000000       0.10040000000000000       0.66820000000000002       0.10480000000000000     
   189.00000000000000        1.8166727458632321        5.9999999999999995E-004   0.0000000000000000        0.0000000000000000        6.1999999999999998E-003  0.88839999999999997       0.10480000000000000     
