#        BMIN =   406
#        BMAX =   411
#     INIBAND =   411
#      NBANDS =   540
#         NSW =  2000
#       POTIM =   1.0
#        TEMP = 300.0
#    NAMDTINI =   215
#    NAMDTIME =  1000
#       NTRAJ =  5000
#        NELM =  1000
#       LHOLE =     T
#        LSHP =     T
#      LCPTXT =     T
#      RUNDIR = ../../run/
   1.0000000000000000        1.6776698994238330        0.0000000000000000        0.0000000000000000        0.0000000000000000        0.0000000000000000        0.0000000000000000        1.0000000000000000     
   2.0000000000000000        1.6511668197976230        0.0000000000000000        0.0000000000000000        0.0000000000000000        0.0000000000000000        0.0000000000000000        1.0000000000000000     
   3.0000000000000000        1.6245690686897503        0.0000000000000000        0.0000000000000000        0.0000000000000000        0.0000000000000000        0.0000000000000000        1.0000000000000000     
   4.0000000000000000        1.5990988941094417        0.0000000000000000        0.0000000000000000        0.0000000000000000        0.0000000000000000        0.0000000000000000        1.0000000000000000     
   5.0000000000000000        1.5754045391841058        0.0000000000000000        0.0000000000000000        0.0000000000000000        0.0000000000000000        0.0000000000000000        1.0000000000000000     
   6.0000000000000000        1.5542802399774494        0.0000000000000000        0.0000000000000000        0.0000000000000000        0.0000000000000000        0.0000000000000000        1.0000000000000000     
   7.0000000000000000        1.5365631655180063        0.0000000000000000        0.0000000000000000        0.0000000000000000        0.0000000000000000        0.0000000000000000        1.0000000000000000     
   8.0000000000000000        1.5228507225483607        0.0000000000000000        0.0000000000000000        0.0000000000000000        0.0000000000000000        0.0000000000000000        1.0000000000000000     
   9.0000000000000000        1.5141708096401327        0.0000000000000000        0.0000000000000000        0.0000000000000000        0.0000000000000000        0.0000000000000000        1.0000000000000000     
   10.000000000000000        1.5102696900876063        0.0000000000000000        0.0000000000000000        0.0000000000000000        0.0000000000000000        0.0000000000000000        1.0000000000000000     
   11.000000000000000        1.5118682181772121        0.0000000000000000        0.0000000000000000        0.0000000000000000        0.0000000000000000        0.0000000000000000        1.0000000000000000     
   12.000000000000000        1.5187710336597378        0.0000000000000000        0.0000000000000000        0.0000000000000000        0.0000000000000000        0.0000000000000000        1.0000000000000000     
   13.000000000000000        1.5313037242158287        0.0000000000000000        0.0000000000000000        0.0000000000000000        0.0000000000000000        2.0000000000000001E-004  0.99980000000000002     
   14.000000000000000        1.5488679126154941        0.0000000000000000        0.0000000000000000        0.0000000000000000        0.0000000000000000        8.0000000000000004E-004  0.99919999999999998     
   15.000000000000000        1.5711873048341676        0.0000000000000000        0.0000000000000000        0.0000000000000000        0.0000000000000000        0.0000000000000000        1.0000000000000000     
   16.000000000000000        1.5976650637100673        0.0000000000000000        0.0000000000000000        0.0000000000000000        0.0000000000000000        0.0000000000000000        1.0000000000000000     
   17.000000000000000        1.6276917416337131        0.0000000000000000        0.0000000000000000        0.0000000000000000        0.0000000000000000        0.0000000000000000        1.0000000000000000     
   18.000000000000000        1.6599718088848223        0.0000000000000000        0.0000000000000000        0.0000000000000000        0.0000000000000000        0.0000000000000000        1.0000000000000000     
   19.000000000000000        1.6939529661568971        0.0000000000000000        0.0000000000000000        0.0000000000000000        0.0000000000000000        0.0000000000000000        1.0000000000000000     
   20.000000000000000        1.7281387666129500        0.0000000000000000        0.0000000000000000        0.0000000000000000        0.0000000000000000        0.0000000000000000        1.0000000000000000     
   21.000000000000000        1.7624719871695531        0.0000000000000000        0.0000000000000000        0.0000000000000000        0.0000000000000000        1.0000000000000000E-003  0.99900000000000000     
   22.000000000000000        1.7957902117527238        0.0000000000000000        0.0000000000000000        0.0000000000000000        0.0000000000000000        1.1999999999999999E-003  0.99880000000000002     
   23.000000000000000        1.8266969975686274        0.0000000000000000        0.0000000000000000        0.0000000000000000        0.0000000000000000        0.0000000000000000        1.0000000000000000     
   24.000000000000000        1.8536259665453305        0.0000000000000000        0.0000000000000000        0.0000000000000000        0.0000000000000000        0.0000000000000000        1.0000000000000000     
   25.000000000000000        1.8816173708503812        0.0000000000000000        0.0000000000000000        0.0000000000000000        0.0000000000000000        0.0000000000000000        1.0000000000000000     
   26.000000000000000        1.8977662695342319        0.0000000000000000        0.0000000000000000        0.0000000000000000        0.0000000000000000        1.8000000000000000E-003  0.99819999999999998     
   27.000000000000000        1.9116629797556335        0.0000000000000000        0.0000000000000000        0.0000000000000000        0.0000000000000000        6.0000000000000001E-003  0.99399999999999999     
   28.000000000000000        1.9210638245034357        0.0000000000000000        0.0000000000000000        0.0000000000000000        0.0000000000000000        6.0000000000000001E-003  0.99399999999999999     
   29.000000000000000        1.9244120125066582        0.0000000000000000        0.0000000000000000        0.0000000000000000        0.0000000000000000        6.0000000000000001E-003  0.99399999999999999     
   30.000000000000000        1.9216396797811954        0.0000000000000000        0.0000000000000000        0.0000000000000000        0.0000000000000000        1.6000000000000001E-003  0.99839999999999995     
   31.000000000000000        1.9139294303456935        0.0000000000000000        0.0000000000000000        0.0000000000000000        0.0000000000000000        1.0000000000000000E-003  0.99900000000000000     
   32.000000000000000        1.9037357726711561        0.0000000000000000        0.0000000000000000        0.0000000000000000        0.0000000000000000        0.0000000000000000        1.0000000000000000     
   33.000000000000000        1.8845857862018025        0.0000000000000000        0.0000000000000000        0.0000000000000000        0.0000000000000000        0.0000000000000000        1.0000000000000000     
   34.000000000000000        1.8589432022258401        0.0000000000000000        0.0000000000000000        0.0000000000000000        0.0000000000000000        1.4000000000000000E-003  0.99860000000000004     
   35.000000000000000        1.8331240021396040        0.0000000000000000        0.0000000000000000        0.0000000000000000        0.0000000000000000        0.0000000000000000        1.0000000000000000     
   36.000000000000000        1.8002727621579631        0.0000000000000000        0.0000000000000000        0.0000000000000000        0.0000000000000000        0.0000000000000000        1.0000000000000000     
   37.000000000000000        1.7653086777529523        0.0000000000000000        0.0000000000000000        0.0000000000000000        0.0000000000000000        1.6000000000000001E-003  0.99839999999999995     
   38.000000000000000        1.7299000630494432        0.0000000000000000        0.0000000000000000        0.0000000000000000        0.0000000000000000        0.0000000000000000        1.0000000000000000     
   39.000000000000000        1.6938362827156177        0.0000000000000000        0.0000000000000000        0.0000000000000000        0.0000000000000000        0.0000000000000000        1.0000000000000000     
   40.000000000000000        1.6576534130167684        0.0000000000000000        0.0000000000000000        0.0000000000000000        0.0000000000000000        4.0000000000000002E-004  0.99960000000000004     
   41.000000000000000        1.6232183791253405        0.0000000000000000        0.0000000000000000        0.0000000000000000        0.0000000000000000        4.0000000000000002E-004  0.99960000000000004     
   42.000000000000000        1.5902230715105155        0.0000000000000000        0.0000000000000000        0.0000000000000000        0.0000000000000000        2.0000000000000000E-003  0.99800000000000000     
   43.000000000000000        1.5604140442563981        0.0000000000000000        0.0000000000000000        0.0000000000000000        0.0000000000000000        2.8000000000000000E-003  0.99719999999999998     
   44.000000000000000        1.5350027552016143        0.0000000000000000        0.0000000000000000        0.0000000000000000        0.0000000000000000        2.5999999999999999E-003  0.99739999999999995     
   45.000000000000000        1.5125016332625030        0.0000000000000000        0.0000000000000000        0.0000000000000000        0.0000000000000000        5.9999999999999995E-004  0.99939999999999996     
   46.000000000000000        1.4974610688192191        0.0000000000000000        0.0000000000000000        0.0000000000000000        0.0000000000000000        2.0000000000000000E-003  0.99800000000000000     
   47.000000000000000        1.5023462590782044        0.0000000000000000        0.0000000000000000        0.0000000000000000        0.0000000000000000        2.0000000000000000E-003  0.99800000000000000     
   48.000000000000000        1.5076436495962893        0.0000000000000000        0.0000000000000000        0.0000000000000000        5.9999999999999995E-004   1.0000000000000000E-003  0.99839999999999995     
   49.000000000000000        1.4838912024373143        0.0000000000000000        0.0000000000000000        0.0000000000000000        5.9999999999999995E-004  0.42380000000000001       0.57560000000000000     
   50.000000000000000        1.4945936797039618        0.0000000000000000        0.0000000000000000        0.0000000000000000        5.9999999999999995E-004  0.42380000000000001       0.57560000000000000     
   51.000000000000000        1.5061655293235501        0.0000000000000000        0.0000000000000000        0.0000000000000000        1.1999999999999999E-003  0.42320000000000002       0.57560000000000000     
   52.000000000000000        1.5124508780457342        0.0000000000000000        0.0000000000000000        0.0000000000000000        1.0400000000000000E-002  0.41399999999999998       0.57560000000000000     
   53.000000000000000        1.5214967373590929        0.0000000000000000        0.0000000000000000        0.0000000000000000       0.21160000000000001        0.0000000000000000       0.78839999999999999     
   54.000000000000000        1.5858212427574743        0.0000000000000000        0.0000000000000000        0.0000000000000000       0.21160000000000001       0.10080000000000000       0.68759999999999999     
   55.000000000000000        1.5747449059193350        0.0000000000000000        0.0000000000000000        3.5999999999999999E-003  0.40739999999999998        3.4000000000000002E-002  0.55500000000000005     
   56.000000000000000        1.5506049320914181        0.0000000000000000        0.0000000000000000        3.8000000000000000E-003  0.40720000000000001        3.1600000000000003E-002  0.55740000000000001     
   57.000000000000000        1.5611019752531570        0.0000000000000000        0.0000000000000000        3.8000000000000000E-003  0.40720000000000001        3.2199999999999999E-002  0.55679999999999996     
   58.000000000000000        1.5739916807950518        0.0000000000000000        0.0000000000000000        3.8000000000000000E-003  0.40720000000000001        3.2599999999999997E-002  0.55640000000000001     
   59.000000000000000        1.5753215280821649        0.0000000000000000        0.0000000000000000        3.8000000000000000E-003  0.40720000000000001        3.3000000000000002E-002  0.55600000000000005     
   60.000000000000000        1.5784060502569182        0.0000000000000000        0.0000000000000000        3.8000000000000000E-003  0.40720000000000001        2.8400000000000002E-002  0.56059999999999999     
   61.000000000000000        1.5788277292772765        0.0000000000000000        0.0000000000000000        3.8000000000000000E-003  0.40720000000000001        2.5800000000000000E-002  0.56320000000000003     
   62.000000000000000        1.5755888462988601        0.0000000000000000        0.0000000000000000        3.8000000000000000E-003  0.40720000000000001        2.5000000000000001E-002  0.56399999999999995     
   63.000000000000000        1.5696952087687588        0.0000000000000000        0.0000000000000000        3.8000000000000000E-003  0.40720000000000001        2.4799999999999999E-002  0.56420000000000003     
   64.000000000000000        1.5615430758863318        0.0000000000000000        0.0000000000000000        3.8000000000000000E-003  0.40720000000000001        1.7999999999999999E-002  0.57099999999999995     
   65.000000000000000        1.5504272564903285        0.0000000000000000        0.0000000000000000        3.8000000000000000E-003  0.40720000000000001        7.0000000000000001E-003  0.58199999999999996     
   66.000000000000000        1.5376973630829722        0.0000000000000000        0.0000000000000000        3.8000000000000000E-003  0.40720000000000001        2.3599999999999999E-002  0.56540000000000001     
   67.000000000000000        1.5237049804726022        0.0000000000000000        0.0000000000000000        3.8000000000000000E-003  0.40720000000000001        0.0000000000000000       0.58899999999999997     
   68.000000000000000        1.5088800527077852        0.0000000000000000        0.0000000000000000        3.8000000000000000E-003  0.40720000000000001        2.0000000000000000E-003  0.58699999999999997     
   69.000000000000000        1.4937958845111083        0.0000000000000000        0.0000000000000000        3.8000000000000000E-003  0.40720000000000001        8.0000000000000004E-004  0.58819999999999995     
   70.000000000000000        1.4791270042558837        0.0000000000000000        0.0000000000000000        3.8000000000000000E-003  0.40720000000000001        1.5400000000000000E-002  0.57360000000000000     
   71.000000000000000        1.4652745147041677        0.0000000000000000        0.0000000000000000        3.8000000000000000E-003  0.40720000000000001        1.6400000000000001E-002  0.57260000000000000     
   72.000000000000000        1.4525913087508462        0.0000000000000000        0.0000000000000000        3.8000000000000000E-003  0.40720000000000001        1.5599999999999999E-002  0.57340000000000002     
   73.000000000000000        1.4417787247801284        0.0000000000000000        2.0000000000000001E-004   3.5999999999999999E-003  0.40720000000000001        6.7999999999999996E-003  0.58220000000000005     
   74.000000000000000        1.4329981161262513        0.0000000000000000        0.0000000000000000        3.8000000000000000E-003  0.40720000000000001        4.0000000000000001E-003  0.58499999999999996     
   75.000000000000000        1.4267031496115374        0.0000000000000000        0.0000000000000000        3.8000000000000000E-003  0.40720000000000001        2.5999999999999999E-003  0.58640000000000003     
   76.000000000000000        1.4230221072949418        0.0000000000000000        0.0000000000000000        3.8000000000000000E-003  0.40720000000000001        1.8000000000000000E-003  0.58720000000000006     
   77.000000000000000        1.4222658681599381        0.0000000000000000        0.0000000000000000        3.8000000000000000E-003  0.40720000000000001        1.6000000000000001E-003  0.58740000000000003     
   78.000000000000000        1.4243805141848380        0.0000000000000000        0.0000000000000000        3.8000000000000000E-003  0.40720000000000001        1.6000000000000001E-003  0.58740000000000003     
   79.000000000000000        1.4293794119833843        0.0000000000000000        0.0000000000000000        3.8000000000000000E-003  0.40720000000000001        2.2000000000000001E-003  0.58679999999999999     
   80.000000000000000        1.4370477482246462        0.0000000000000000        0.0000000000000000        3.8000000000000000E-003  0.40720000000000001        2.2000000000000001E-003  0.58679999999999999     
   81.000000000000000        1.4468720964968131        0.0000000000000000        0.0000000000000000        3.8000000000000000E-003  0.40720000000000001        2.2000000000000001E-003  0.58679999999999999     
   82.000000000000000        1.4585897312891347        0.0000000000000000        0.0000000000000000        3.8000000000000000E-003  0.40720000000000001        3.0000000000000001E-003  0.58599999999999997     
   83.000000000000000        1.4719096174124697        0.0000000000000000        0.0000000000000000        3.5999999999999999E-003  0.40739999999999998        3.3999999999999998E-003  0.58560000000000001     
   84.000000000000000        1.4856954793423687        0.0000000000000000        2.0000000000000001E-004   3.3999999999999998E-003  0.40739999999999998        3.5999999999999999E-003  0.58540000000000003     
   85.000000000000000        1.4983027085120635        0.0000000000000000        2.0000000000000001E-004   3.3999999999999998E-003  0.40739999999999998        3.3999999999999998E-003  0.58560000000000001     
   86.000000000000000        1.5129615778570060        0.0000000000000000        2.0000000000000001E-004   3.3999999999999998E-003  0.40739999999999998        3.0000000000000001E-003  0.58599999999999997     
   87.000000000000000        1.5250144618866668        0.0000000000000000        2.0000000000000001E-004   3.0000000000000001E-003  0.40780000000000000        3.2000000000000002E-003  0.58579999999999999     
   88.000000000000000        1.5355278439018707        0.0000000000000000        2.0000000000000001E-004   3.0000000000000001E-003  0.40780000000000000        3.3999999999999998E-003  0.58560000000000001     
   89.000000000000000        1.5436399425602225        0.0000000000000000        2.0000000000000001E-004   3.0000000000000001E-003  0.40780000000000000        3.2000000000000002E-003  0.58579999999999999     
   90.000000000000000        1.5506450403117835        0.0000000000000000        2.0000000000000001E-004   3.0000000000000001E-003  0.40780000000000000        4.0000000000000001E-003  0.58499999999999996     
   91.000000000000000        1.5533418566281081        0.0000000000000000        2.0000000000000001E-004   3.0000000000000001E-003  0.40780000000000000        4.1999999999999997E-003  0.58479999999999999     
   92.000000000000000        1.5548177039796363        0.0000000000000000        2.0000000000000001E-004   3.0000000000000001E-003  0.40780000000000000        4.4000000000000003E-003  0.58460000000000001     
   93.000000000000000        1.5540498207387301        0.0000000000000000        2.0000000000000001E-004   3.0000000000000001E-003  0.40780000000000000        4.1999999999999997E-003  0.58479999999999999     
   94.000000000000000        1.5510995175334550        0.0000000000000000        2.0000000000000001E-004   3.0000000000000001E-003  0.40780000000000000        4.1999999999999997E-003  0.58479999999999999     
   95.000000000000000        1.5463615994229392        0.0000000000000000        2.0000000000000001E-004   3.0000000000000001E-003  0.40780000000000000        4.1999999999999997E-003  0.58479999999999999     
   96.000000000000000        1.5399614435763755        0.0000000000000000        2.0000000000000001E-004   2.8000000000000000E-003  0.40799999999999997        4.5999999999999999E-003  0.58440000000000003     
   97.000000000000000        1.5319399463642007        0.0000000000000000        2.0000000000000001E-004   2.8000000000000000E-003  0.40799999999999997        4.7999999999999996E-003  0.58420000000000005     
   98.000000000000000        1.5229648264574891        0.0000000000000000        2.0000000000000001E-004   2.8000000000000000E-003  0.40799999999999997        4.7999999999999996E-003  0.58420000000000005     
   99.000000000000000        1.5129394816731656        0.0000000000000000        2.0000000000000001E-004   2.8000000000000000E-003  0.40799999999999997        3.8000000000000000E-003  0.58520000000000005     
   100.00000000000000        1.5029013283454293        0.0000000000000000        2.0000000000000001E-004   2.3999999999999998E-003  0.40839999999999999        3.8000000000000000E-003  0.58520000000000005     
   101.00000000000000        1.4924328214357088        0.0000000000000000        2.0000000000000001E-004   2.3999999999999998E-003  0.40839999999999999        5.0000000000000001E-003  0.58399999999999996     
   102.00000000000000        1.4824680081142620        0.0000000000000000        2.0000000000000001E-004   2.3999999999999998E-003  0.40839999999999999        6.6000000000000000E-003  0.58240000000000003     
   103.00000000000000        1.4734650434566747        0.0000000000000000        2.0000000000000001E-004   2.3999999999999998E-003  0.40839999999999999        1.0800000000000001E-002  0.57820000000000005     
   104.00000000000000        1.4661374058377143        0.0000000000000000        2.0000000000000001E-004   2.2000000000000001E-003  0.40860000000000002        5.1999999999999998E-003  0.58379999999999999     
   105.00000000000000        1.4605714622230122        0.0000000000000000        2.0000000000000001E-004   2.2000000000000001E-003  0.40860000000000002        3.0000000000000001E-003  0.58599999999999997     
   106.00000000000000        1.4576717760568307        0.0000000000000000        2.0000000000000001E-004   2.2000000000000001E-003  0.40860000000000002        9.3399999999999997E-002  0.49559999999999998     
   107.00000000000000        1.4578078691587093        0.0000000000000000        2.0000000000000001E-004   2.2000000000000001E-003  0.40860000000000002       0.16780000000000000       0.42120000000000002     
   108.00000000000000        1.4615358503865545        0.0000000000000000        2.0000000000000001E-004   2.0000000000000000E-003  0.40880000000000000       0.17480000000000001       0.41420000000000001     
   109.00000000000000        1.4686816230666162        0.0000000000000000        2.0000000000000001E-004   2.0000000000000000E-003  0.40880000000000000       0.17519999999999999       0.41380000000000000     
   110.00000000000000        1.4793483977626540        0.0000000000000000        2.0000000000000001E-004   2.0000000000000000E-003  0.40880000000000000       0.18320000000000000       0.40579999999999999     
   111.00000000000000        1.4937643509112015        0.0000000000000000        2.0000000000000001E-004   2.0000000000000000E-003  0.40880000000000000       0.17920000000000000       0.40980000000000000     
   112.00000000000000        1.5116733626401562        0.0000000000000000        2.0000000000000001E-004   2.0000000000000000E-003  0.40880000000000000       0.18060000000000001       0.40839999999999999     
   113.00000000000000        1.5330044140190964        0.0000000000000000        2.0000000000000001E-004   1.8000000000000000E-003  0.40899999999999997       0.18160000000000001       0.40739999999999998     
   114.00000000000000        1.5570881964524121        0.0000000000000000        2.0000000000000001E-004   1.8000000000000000E-003  0.40899999999999997       0.18079999999999999       0.40820000000000001     
   115.00000000000000        1.5833199850162525        0.0000000000000000        2.0000000000000001E-004   1.8000000000000000E-003  0.40899999999999997       0.18079999999999999       0.40820000000000001     
   116.00000000000000        1.6115760282605727        0.0000000000000000        2.0000000000000001E-004   1.8000000000000000E-003  0.40899999999999997       0.18079999999999999       0.40820000000000001     
   117.00000000000000        1.6399011241197159        0.0000000000000000        2.0000000000000001E-004   1.8000000000000000E-003  0.40899999999999997       0.18099999999999999       0.40799999999999997     
   118.00000000000000        1.6685855843357271        0.0000000000000000        2.0000000000000001E-004   1.8000000000000000E-003  0.40899999999999997       0.18099999999999999       0.40799999999999997     
   119.00000000000000        1.6965435386464121        0.0000000000000000        0.0000000000000000        2.0000000000000000E-003  0.40899999999999997       0.18079999999999999       0.40820000000000001     
   120.00000000000000        1.7220639305660654        0.0000000000000000        0.0000000000000000        2.0000000000000000E-003  0.40899999999999997       0.18040000000000000       0.40860000000000002     
   121.00000000000000        1.7449206827723538        0.0000000000000000        0.0000000000000000        2.0000000000000000E-003  0.40899999999999997       0.18040000000000000       0.40860000000000002     
   122.00000000000000        1.7639678263124814        0.0000000000000000        0.0000000000000000        2.0000000000000000E-003  0.40899999999999997       0.18020000000000000       0.40880000000000000     
   123.00000000000000        1.7783915869933220        0.0000000000000000        0.0000000000000000        2.0000000000000000E-003  0.40899999999999997       0.17979999999999999       0.40920000000000001     
   124.00000000000000        1.7873913958087835        0.0000000000000000        0.0000000000000000        2.0000000000000000E-003  0.40899999999999997       0.18020000000000000       0.40880000000000000     
   125.00000000000000        1.7903641561539578        0.0000000000000000        0.0000000000000000        2.0000000000000000E-003  0.40899999999999997       0.18040000000000000       0.40860000000000002     
   126.00000000000000        1.7877601254204314        0.0000000000000000        0.0000000000000000        2.0000000000000000E-003  0.40899999999999997       0.17740000000000000       0.41160000000000002     
   127.00000000000000        1.7783126135183855        0.0000000000000000        0.0000000000000000        2.0000000000000000E-003  0.40899999999999997       0.17380000000000001       0.41520000000000001     
   128.00000000000000        1.7636982121475708        0.0000000000000000        0.0000000000000000        2.0000000000000000E-003  0.40899999999999997       0.17560000000000001       0.41339999999999999     
   129.00000000000000        1.7442342262075514        0.0000000000000000        0.0000000000000000        2.0000000000000000E-003  0.40899999999999997       0.17480000000000001       0.41420000000000001     
   130.00000000000000        1.7207828333989261        0.0000000000000000        0.0000000000000000        2.0000000000000000E-003  0.40899999999999997       0.17260000000000000       0.41639999999999999     
   131.00000000000000        1.6942576445595534        0.0000000000000000        0.0000000000000000        2.0000000000000000E-003  0.40899999999999997       0.17019999999999999       0.41880000000000001     
   132.00000000000000        1.6656560817110462        0.0000000000000000        0.0000000000000000        2.0000000000000000E-003  0.40899999999999997       0.17180000000000001       0.41720000000000002     
   133.00000000000000        1.6355773454119826        0.0000000000000000        0.0000000000000000        2.0000000000000000E-003  0.40899999999999997       0.18140000000000001       0.40760000000000002     
   134.00000000000000        1.6048798335993522        0.0000000000000000        0.0000000000000000        2.0000000000000000E-003  0.40899999999999997       0.18720000000000001       0.40179999999999999     
   135.00000000000000        1.5745368111987017        0.0000000000000000        0.0000000000000000        2.0000000000000000E-003  0.40899999999999997       0.16460000000000000       0.42440000000000000     
   136.00000000000000        1.5444675708115483        0.0000000000000000        0.0000000000000000        2.0000000000000000E-003  0.40899999999999997       0.17560000000000001       0.41339999999999999     
   137.00000000000000        1.5157502444134976        0.0000000000000000        0.0000000000000000        2.0000000000000000E-003  0.40899999999999997       0.19980000000000001       0.38919999999999999     
   138.00000000000000        1.4888442809099818        0.0000000000000000        0.0000000000000000        2.0000000000000000E-003  0.40899999999999997       0.21060000000000001       0.37840000000000001     
   139.00000000000000        1.4644499060785794        0.0000000000000000        0.0000000000000000        2.0000000000000000E-003  0.40899999999999997       0.24160000000000001       0.34739999999999999     
   140.00000000000000        1.4427392987775276        0.0000000000000000        0.0000000000000000        2.0000000000000000E-003  0.40899999999999997       0.28460000000000002       0.30440000000000000     
   141.00000000000000        1.4246582262432144        0.0000000000000000        0.0000000000000000        2.0000000000000000E-003  0.40899999999999997       0.29299999999999998       0.29599999999999999     
   142.00000000000000        1.4099555712980689        0.0000000000000000        0.0000000000000000        2.0000000000000000E-003  0.40899999999999997       0.32140000000000002       0.26760000000000000     
   143.00000000000000        1.3993211313912921        0.0000000000000000        0.0000000000000000        2.0000000000000000E-003  0.40899999999999997       0.34699999999999998       0.24199999999999999     
   144.00000000000000        1.3930499685385243        0.0000000000000000        0.0000000000000000        2.0000000000000000E-003  0.40899999999999997       0.35980000000000001       0.22919999999999999     
   145.00000000000000        1.3909647664058906        0.0000000000000000        0.0000000000000000        2.0000000000000000E-003  0.40899999999999997       0.36880000000000002       0.22020000000000001     
   146.00000000000000        1.3932487395138684        0.0000000000000000        0.0000000000000000        2.0000000000000000E-003  0.40899999999999997       0.37300000000000000       0.21600000000000000     
   147.00000000000000        1.3996617524700319        0.0000000000000000        0.0000000000000000        2.0000000000000000E-003  0.40899999999999997       0.37240000000000001       0.21659999999999999     
   148.00000000000000        1.4096166505371359        0.0000000000000000        0.0000000000000000        2.0000000000000000E-003  0.40899999999999997       0.38000000000000000       0.20899999999999999     
   149.00000000000000        1.4231226224810718        0.0000000000000000        0.0000000000000000        2.0000000000000000E-003  0.40899999999999997       0.37580000000000002       0.21320000000000000     
   150.00000000000000        1.4386993420666860        0.0000000000000000        0.0000000000000000        2.0000000000000000E-003  0.40899999999999997       0.37580000000000002       0.21320000000000000     
   151.00000000000000        1.4561365922046838        0.0000000000000000        0.0000000000000000        2.0000000000000000E-003  0.40899999999999997       0.37280000000000002       0.21620000000000000     
   152.00000000000000        1.4744826426536197        0.0000000000000000        0.0000000000000000        2.0000000000000000E-003  0.40899999999999997       0.37219999999999998       0.21679999999999999     
   153.00000000000000        1.4930430169036084        0.0000000000000000        0.0000000000000000        2.0000000000000000E-003  0.40899999999999997       0.37480000000000002       0.21420000000000000     
   154.00000000000000        1.5115311408179204        0.0000000000000000        0.0000000000000000        2.0000000000000000E-003  0.40899999999999997       0.38040000000000002       0.20860000000000001     
   155.00000000000000        1.5285457139059604        0.0000000000000000        0.0000000000000000        2.0000000000000000E-003  0.40899999999999997       0.37280000000000002       0.21620000000000000     
   156.00000000000000        1.5445744433567670        0.0000000000000000        0.0000000000000000        2.0000000000000000E-003  0.40899999999999997       0.38040000000000002       0.20860000000000001     
   157.00000000000000        1.5592161795027235        0.0000000000000000        0.0000000000000000        2.0000000000000000E-003  0.40899999999999997       0.38460000000000000       0.20440000000000000     
   158.00000000000000        1.5722953769353920        0.0000000000000000        0.0000000000000000        2.0000000000000000E-003  0.40899999999999997       0.39560000000000001       0.19339999999999999     
   159.00000000000000        1.5835772828192143        0.0000000000000000        0.0000000000000000        2.0000000000000000E-003  0.40899999999999997       0.40439999999999998       0.18459999999999999     
   160.00000000000000        1.5931252468453925        0.0000000000000000        0.0000000000000000        2.0000000000000000E-003  0.40899999999999997       0.40520000000000000       0.18379999999999999     
   161.00000000000000        1.6006668664887416        0.0000000000000000        0.0000000000000000        2.0000000000000000E-003  0.40899999999999997       0.40660000000000002       0.18240000000000001     
   162.00000000000000        1.6062801986062127        0.0000000000000000        0.0000000000000000        2.0000000000000000E-003  0.40899999999999997       0.39079999999999998       0.19819999999999999     
   163.00000000000000        1.6099073245320981        0.0000000000000000        0.0000000000000000        2.0000000000000000E-003  0.40899999999999997       0.38800000000000001       0.20100000000000001     
   164.00000000000000        1.6113875211911968        0.0000000000000000        0.0000000000000000        2.0000000000000000E-003  0.40899999999999997       0.38760000000000000       0.20140000000000000     
   165.00000000000000        1.6106991360867220        0.0000000000000000        0.0000000000000000        2.0000000000000000E-003  0.40899999999999997       0.37100000000000000       0.21800000000000000     
   166.00000000000000        1.6082098331421120        0.0000000000000000        0.0000000000000000        1.8000000000000000E-003  0.40920000000000001       0.36559999999999998       0.22339999999999999     
   167.00000000000000        1.6037462336350343        0.0000000000000000        0.0000000000000000        1.8000000000000000E-003  0.40920000000000001       0.35620000000000002       0.23280000000000001     
   168.00000000000000        1.5973947278163543        0.0000000000000000        0.0000000000000000        1.8000000000000000E-003  0.40920000000000001       0.36099999999999999       0.22800000000000001     
   169.00000000000000        1.5898252986651846        0.0000000000000000        0.0000000000000000        1.8000000000000000E-003  0.40920000000000001       0.35840000000000000       0.23060000000000000     
   170.00000000000000        1.5807614207130096        0.0000000000000000        0.0000000000000000        1.8000000000000000E-003  0.40920000000000001       0.35680000000000001       0.23219999999999999     
   171.00000000000000        1.5712063669614138        0.0000000000000000        0.0000000000000000        1.8000000000000000E-003  0.40920000000000001       0.35499999999999998       0.23400000000000001     
   172.00000000000000        1.5611827836806074        0.0000000000000000        0.0000000000000000        1.8000000000000000E-003  0.40920000000000001       0.35139999999999999       0.23760000000000001     
   173.00000000000000        1.5511482069604128        0.0000000000000000        0.0000000000000000        1.8000000000000000E-003  0.40920000000000001       0.35139999999999999       0.23760000000000001     
   174.00000000000000        1.5415345146369714        0.0000000000000000        0.0000000000000000        1.8000000000000000E-003  0.40920000000000001       0.35180000000000000       0.23719999999999999     
   175.00000000000000        1.5327558269414638        0.0000000000000000        0.0000000000000000        1.8000000000000000E-003  0.40920000000000001       0.35180000000000000       0.23719999999999999     
   176.00000000000000        1.5250256984319752        0.0000000000000000        0.0000000000000000        1.8000000000000000E-003  0.40920000000000001       0.35180000000000000       0.23719999999999999     
   177.00000000000000        1.5188058009122254        0.0000000000000000        0.0000000000000000        1.8000000000000000E-003  0.40920000000000001       0.35160000000000002       0.23740000000000000     
   178.00000000000000        1.5144136345257124        0.0000000000000000        0.0000000000000000        1.8000000000000000E-003  0.40920000000000001       0.34999999999999998       0.23899999999999999     
   179.00000000000000        1.5115428475085968        0.0000000000000000        0.0000000000000000        1.8000000000000000E-003  0.40920000000000001       0.35160000000000002       0.23740000000000000     
   180.00000000000000        1.5102195759101946        0.0000000000000000        0.0000000000000000        1.8000000000000000E-003  0.40920000000000001       0.35160000000000002       0.23740000000000000     
   181.00000000000000        1.5110746421289307        0.0000000000000000        0.0000000000000000        1.8000000000000000E-003  0.40920000000000001       0.35060000000000002       0.23840000000000000     
   182.00000000000000        1.5132626029884597        0.0000000000000000        0.0000000000000000        1.8000000000000000E-003  0.40920000000000001       0.35060000000000002       0.23840000000000000     
   183.00000000000000        1.5167070967861918        0.0000000000000000        0.0000000000000000        1.8000000000000000E-003  0.40920000000000001       0.35080000000000000       0.23820000000000000     
   184.00000000000000        1.5216562677564056        0.0000000000000000        0.0000000000000000        1.8000000000000000E-003  0.40920000000000001       0.34499999999999997       0.24399999999999999     
   185.00000000000000        1.5258774163636379        0.0000000000000000        0.0000000000000000        1.8000000000000000E-003  0.40920000000000001       0.33539999999999998       0.25359999999999999     
   186.00000000000000        1.5313408520668335        0.0000000000000000        0.0000000000000000        1.8000000000000000E-003  0.40920000000000001       0.33360000000000001       0.25540000000000002     
   187.00000000000000        1.5359264602800753        0.0000000000000000        0.0000000000000000        1.8000000000000000E-003  0.40920000000000001       0.33639999999999998       0.25259999999999999     
   188.00000000000000        1.5407416369954323        0.0000000000000000        0.0000000000000000        1.8000000000000000E-003  0.40920000000000001       0.33339999999999997       0.25559999999999999     
   189.00000000000000        1.5444016628392758        0.0000000000000000        0.0000000000000000        1.8000000000000000E-003  0.40920000000000001       0.34720000000000001       0.24179999999999999     
