#        BMIN =   406
#        BMAX =   411
#     INIBAND =   411
#      NBANDS =   540
#         NSW =  2000
#       POTIM =   1.0
#        TEMP = 300.0
#    NAMDTINI =   900
#    NAMDTIME =  1000
#       NTRAJ =  5000
#        NELM =  1000
#       LHOLE =     T
#        LSHP =     T
#      LCPTXT =     T
#      RUNDIR = ../../run/
   1.0000000000000000        1.6164916944433207        0.0000000000000000        0.0000000000000000        0.0000000000000000        0.0000000000000000        0.0000000000000000        1.0000000000000000     
   2.0000000000000000        1.5290680529719682        0.0000000000000000        0.0000000000000000        0.0000000000000000        0.0000000000000000        0.0000000000000000        1.0000000000000000     
   3.0000000000000000        1.5290366802844226        0.0000000000000000        0.0000000000000000        0.0000000000000000        0.0000000000000000        0.0000000000000000        1.0000000000000000     
   4.0000000000000000        1.5046777316162041        0.0000000000000000        0.0000000000000000        0.0000000000000000       0.15420000000000000       0.22639999999999999       0.61939999999999995     
   5.0000000000000000        1.5239100298612622        0.0000000000000000        0.0000000000000000        0.0000000000000000       0.19239999999999999       0.20920000000000000       0.59840000000000004     
   6.0000000000000000        1.5480354050931842        0.0000000000000000        0.0000000000000000        0.0000000000000000       0.10920000000000001       0.20760000000000001       0.68320000000000003     
   7.0000000000000000        1.5592286096240855        0.0000000000000000        0.0000000000000000        0.0000000000000000       0.10920000000000001       0.20460000000000000       0.68620000000000003     
   8.0000000000000000        1.5813893094603653        0.0000000000000000        0.0000000000000000        0.0000000000000000       0.10920000000000001       0.20300000000000001       0.68779999999999997     
   9.0000000000000000        1.6149488120936164        0.0000000000000000        0.0000000000000000        0.0000000000000000       0.10920000000000001       0.20300000000000001       0.68779999999999997     
   10.000000000000000        1.7591933990816688        0.0000000000000000        0.0000000000000000        0.0000000000000000       0.10920000000000001       0.20080000000000001       0.68999999999999995     
   11.000000000000000        1.6446368242066414        0.0000000000000000        0.0000000000000000        0.0000000000000000        9.7600000000000006E-002  0.18360000000000001       0.71879999999999999     
   12.000000000000000        1.9613516940422249        0.0000000000000000        0.0000000000000000        0.0000000000000000       0.15559999999999999       0.11899999999999999       0.72540000000000004     
   13.000000000000000        1.6693783098032844        0.0000000000000000        0.0000000000000000        0.0000000000000000       0.15559999999999999       0.11780000000000000       0.72660000000000002     
   14.000000000000000        1.6802166743138383        0.0000000000000000        0.0000000000000000        0.0000000000000000       0.15559999999999999       0.11740000000000000       0.72699999999999998     
   15.000000000000000        1.6884062585277602        0.0000000000000000        0.0000000000000000        0.0000000000000000       0.15559999999999999       0.11640000000000000       0.72799999999999998     
   16.000000000000000        1.6967113127121907        0.0000000000000000        0.0000000000000000        0.0000000000000000       0.15559999999999999       0.11680000000000000       0.72760000000000002     
   17.000000000000000        1.7025852246857869        0.0000000000000000        0.0000000000000000        0.0000000000000000       0.15559999999999999       0.11640000000000000       0.72799999999999998     
   18.000000000000000        1.7060924096881749        0.0000000000000000        0.0000000000000000        0.0000000000000000       0.15559999999999999       0.11640000000000000       0.72799999999999998     
   19.000000000000000        1.7080828285297418        0.0000000000000000        0.0000000000000000        0.0000000000000000       0.15559999999999999       0.11520000000000000       0.72919999999999996     
   20.000000000000000        1.7078289479800797        0.0000000000000000        0.0000000000000000        0.0000000000000000       0.15559999999999999       0.11640000000000000       0.72799999999999998     
   21.000000000000000        1.7052654297995389        0.0000000000000000        0.0000000000000000        0.0000000000000000       0.15559999999999999       0.11780000000000000       0.72660000000000002     
   22.000000000000000        1.7019201244388431        0.0000000000000000        0.0000000000000000        0.0000000000000000       0.15559999999999999       0.11860000000000000       0.72580000000000000     
   23.000000000000000        1.6982655574023775        0.0000000000000000        0.0000000000000000        0.0000000000000000       0.15559999999999999       0.11760000000000000       0.72680000000000000     
   24.000000000000000        1.6939168247230731        0.0000000000000000        0.0000000000000000        0.0000000000000000       0.15559999999999999       0.11200000000000000       0.73240000000000005     
   25.000000000000000        1.6901960903805286        0.0000000000000000        0.0000000000000000        0.0000000000000000       0.15559999999999999       0.10820000000000000       0.73619999999999997     
   26.000000000000000        1.6868216168503034        0.0000000000000000        0.0000000000000000        0.0000000000000000       0.15559999999999999       0.10820000000000000       0.73619999999999997     
   27.000000000000000        1.6844427825295198        0.0000000000000000        0.0000000000000000        0.0000000000000000       0.15559999999999999       0.10800000000000000       0.73640000000000005     
   28.000000000000000        1.6838054017693223        0.0000000000000000        0.0000000000000000        0.0000000000000000       0.15559999999999999       0.10840000000000000       0.73599999999999999     
   29.000000000000000        1.6848630487245515        0.0000000000000000        0.0000000000000000        0.0000000000000000       0.15559999999999999       0.11940000000000001       0.72499999999999998     
   30.000000000000000        1.6878548242925646        0.0000000000000000        0.0000000000000000        0.0000000000000000       0.15559999999999999       0.12900000000000000       0.71540000000000004     
   31.000000000000000        1.6924627223230584        0.0000000000000000        0.0000000000000000        0.0000000000000000       0.15559999999999999       0.13600000000000001       0.70840000000000003     
   32.000000000000000        1.6987805535333547        0.0000000000000000        0.0000000000000000        0.0000000000000000       0.15559999999999999       0.13300000000000001       0.71140000000000003     
   33.000000000000000        1.7065442433269231        0.0000000000000000        0.0000000000000000        0.0000000000000000       0.15559999999999999       0.13059999999999999       0.71379999999999999     
   34.000000000000000        1.7152744907550908        0.0000000000000000        0.0000000000000000        0.0000000000000000       0.15559999999999999       0.13039999999999999       0.71399999999999997     
   35.000000000000000        1.7248004516199509        0.0000000000000000        0.0000000000000000        0.0000000000000000       0.15559999999999999       0.13120000000000001       0.71319999999999995     
   36.000000000000000        1.7336319260661370        0.0000000000000000        0.0000000000000000        0.0000000000000000       0.15559999999999999       0.13120000000000001       0.71319999999999995     
   37.000000000000000        1.7431429999241563        0.0000000000000000        0.0000000000000000        0.0000000000000000       0.15559999999999999       0.13139999999999999       0.71299999999999997     
   38.000000000000000        1.7507163115247495        0.0000000000000000        0.0000000000000000        0.0000000000000000       0.15559999999999999       0.13139999999999999       0.71299999999999997     
   39.000000000000000        1.7570946354693326        0.0000000000000000        0.0000000000000000        0.0000000000000000       0.15559999999999999       0.13139999999999999       0.71299999999999997     
   40.000000000000000        1.7624150246958470        0.0000000000000000        0.0000000000000000        0.0000000000000000       0.15559999999999999       0.13139999999999999       0.71299999999999997     
   41.000000000000000        1.7633098098256703        0.0000000000000000        0.0000000000000000        0.0000000000000000       0.15559999999999999       0.13139999999999999       0.71299999999999997     
   42.000000000000000        1.7632560781636835        0.0000000000000000        0.0000000000000000        0.0000000000000000       0.15559999999999999       0.13139999999999999       0.71299999999999997     
   43.000000000000000        1.7596620200057078        0.0000000000000000        0.0000000000000000        0.0000000000000000       0.15559999999999999       0.13139999999999999       0.71299999999999997     
   44.000000000000000        1.7525840997869222        0.0000000000000000        0.0000000000000000        0.0000000000000000       0.15559999999999999       0.13139999999999999       0.71299999999999997     
   45.000000000000000        1.7432898337651896        0.0000000000000000        0.0000000000000000        0.0000000000000000       0.15559999999999999       0.13139999999999999       0.71299999999999997     
   46.000000000000000        1.7315482071787300        0.0000000000000000        0.0000000000000000        0.0000000000000000       0.15559999999999999       0.13100000000000001       0.71340000000000003     
   47.000000000000000        1.7170465066200373        0.0000000000000000        0.0000000000000000        0.0000000000000000       0.15559999999999999       0.13100000000000001       0.71340000000000003     
   48.000000000000000        1.7004309792338148        0.0000000000000000        0.0000000000000000        0.0000000000000000       0.15559999999999999       0.13100000000000001       0.71340000000000003     
   49.000000000000000        1.6824797519676622        0.0000000000000000        0.0000000000000000        0.0000000000000000       0.15559999999999999       0.13100000000000001       0.71340000000000003     
   50.000000000000000        1.6634448892207632        0.0000000000000000        0.0000000000000000        0.0000000000000000       0.15559999999999999       0.13100000000000001       0.71340000000000003     
   51.000000000000000        1.6443259390990976        0.0000000000000000        0.0000000000000000        0.0000000000000000       0.15559999999999999       0.13120000000000001       0.71319999999999995     
   52.000000000000000        1.6242337083908438        0.0000000000000000        0.0000000000000000        0.0000000000000000       0.15559999999999999       0.13120000000000001       0.71319999999999995     
   53.000000000000000        1.6033568300157737        0.0000000000000000        0.0000000000000000        0.0000000000000000       0.15559999999999999       0.13120000000000001       0.71319999999999995     
   54.000000000000000        1.5768418855046638        0.0000000000000000        0.0000000000000000        0.0000000000000000       0.31800000000000000       0.30359999999999998       0.37840000000000001     
   55.000000000000000        1.5672141090338751        0.0000000000000000        0.0000000000000000        0.0000000000000000       0.31659999999999999       0.30499999999999999       0.37840000000000001     
   56.000000000000000        1.5608840978290026        0.0000000000000000        0.0000000000000000        0.0000000000000000       0.31640000000000001       0.30520000000000003       0.37840000000000001     
   57.000000000000000        1.5557900472193429        0.0000000000000000        0.0000000000000000        0.0000000000000000       0.31640000000000001       0.30520000000000003       0.37840000000000001     
   58.000000000000000        1.5521005614539827        0.0000000000000000        0.0000000000000000        0.0000000000000000       0.31719999999999998       0.30440000000000000       0.37840000000000001     
   59.000000000000000        1.5497481848257380        0.0000000000000000        0.0000000000000000        0.0000000000000000       0.31700000000000000       0.30459999999999998       0.37840000000000001     
   60.000000000000000        1.5491280619701990        0.0000000000000000        0.0000000000000000        0.0000000000000000       0.31940000000000002       0.30220000000000002       0.37840000000000001     
   61.000000000000000        1.5491288312661022        0.0000000000000000        0.0000000000000000        0.0000000000000000       0.31480000000000002       0.30680000000000002       0.37840000000000001     
   62.000000000000000        1.5535502582247203        0.0000000000000000        0.0000000000000000        0.0000000000000000       0.27760000000000001       0.34399999999999997       0.37840000000000001     
   63.000000000000000        1.5588258895746865        0.0000000000000000        0.0000000000000000        0.0000000000000000       0.26279999999999998       0.35880000000000001       0.37840000000000001     
   64.000000000000000        1.5664093236678989        0.0000000000000000        0.0000000000000000        0.0000000000000000       0.28639999999999999       0.33520000000000000       0.37840000000000001     
   65.000000000000000        1.5751207719470419        0.0000000000000000        0.0000000000000000        0.0000000000000000       0.29380000000000001       0.32779999999999998       0.37840000000000001     
   66.000000000000000        1.5873352361318209        0.0000000000000000        0.0000000000000000        0.0000000000000000       0.29299999999999998       0.32860000000000000       0.37840000000000001     
   67.000000000000000        1.6000424825360937        0.0000000000000000        0.0000000000000000        0.0000000000000000       0.29299999999999998       0.32860000000000000       0.37840000000000001     
   68.000000000000000        1.6173083963079335        0.0000000000000000        0.0000000000000000        0.0000000000000000       0.31759999999999999       0.12800000000000000       0.55440000000000000     
   69.000000000000000        1.6331005256549502        0.0000000000000000        0.0000000000000000        0.0000000000000000       0.31759999999999999       0.12800000000000000       0.55440000000000000     
   70.000000000000000        1.6522014137095242        0.0000000000000000        0.0000000000000000        0.0000000000000000       0.31759999999999999       0.12800000000000000       0.55440000000000000     
   71.000000000000000        1.6715080705498679        0.0000000000000000        0.0000000000000000        0.0000000000000000       0.31759999999999999       0.12800000000000000       0.55440000000000000     
   72.000000000000000        1.6902067134994379        0.0000000000000000        0.0000000000000000        0.0000000000000000       0.31759999999999999       0.12880000000000000       0.55359999999999998     
   73.000000000000000        1.7078354351000551        0.0000000000000000        0.0000000000000000        0.0000000000000000       0.31759999999999999       0.12880000000000000       0.55359999999999998     
   74.000000000000000        1.7235734053141321        0.0000000000000000        0.0000000000000000        0.0000000000000000       0.31759999999999999       0.12880000000000000       0.55359999999999998     
   75.000000000000000        1.7370964427440709        0.0000000000000000        0.0000000000000000        0.0000000000000000       0.31759999999999999       0.12920000000000001       0.55320000000000003     
   76.000000000000000        1.7480586038214778        0.0000000000000000        0.0000000000000000        0.0000000000000000       0.31759999999999999       0.12939999999999999       0.55300000000000005     
   77.000000000000000        1.7558841244038030        0.0000000000000000        0.0000000000000000        0.0000000000000000       0.31759999999999999       0.13000000000000000       0.55240000000000000     
   78.000000000000000        1.7601215863888422        0.0000000000000000        0.0000000000000000        0.0000000000000000       0.31759999999999999       0.13139999999999999       0.55100000000000005     
   79.000000000000000        1.7607674600650109        0.0000000000000000        0.0000000000000000        0.0000000000000000       0.31759999999999999       0.13120000000000001       0.55120000000000002     
   80.000000000000000        1.7577867375110863        0.0000000000000000        0.0000000000000000        0.0000000000000000       0.31759999999999999       0.13120000000000001       0.55120000000000002     
   81.000000000000000        1.7502045415986134        0.0000000000000000        0.0000000000000000        0.0000000000000000       0.31759999999999999       0.13120000000000001       0.55120000000000002     
   82.000000000000000        1.7395730465691681        0.0000000000000000        0.0000000000000000        0.0000000000000000       0.31759999999999999       0.13120000000000001       0.55120000000000002     
   83.000000000000000        1.7252633361926986        0.0000000000000000        0.0000000000000000        0.0000000000000000       0.31759999999999999       0.13120000000000001       0.55120000000000002     
   84.000000000000000        1.7075305684241691        0.0000000000000000        0.0000000000000000        0.0000000000000000       0.31759999999999999       0.13120000000000001       0.55120000000000002     
   85.000000000000000        1.6867468787316673        0.0000000000000000        0.0000000000000000        0.0000000000000000       0.31759999999999999       0.13120000000000001       0.55120000000000002     
   86.000000000000000        1.6632202622514098        0.0000000000000000        0.0000000000000000        0.0000000000000000       0.31759999999999999       0.13120000000000001       0.55120000000000002     
   87.000000000000000        1.6377252135320970        0.0000000000000000        0.0000000000000000        0.0000000000000000       0.31759999999999999       0.13200000000000001       0.55040000000000000     
   88.000000000000000        1.6107746781302217        0.0000000000000000        0.0000000000000000        0.0000000000000000       0.31759999999999999       0.13059999999999999       0.55179999999999996     
   89.000000000000000        1.5829269330600531        0.0000000000000000        0.0000000000000000        0.0000000000000000       0.31759999999999999       0.13059999999999999       0.55179999999999996     
   90.000000000000000        1.5552091483744483        0.0000000000000000        0.0000000000000000        0.0000000000000000       0.31759999999999999       0.12900000000000000       0.55340000000000000     
   91.000000000000000        1.5275299780114584        0.0000000000000000        0.0000000000000000        0.0000000000000000       0.31759999999999999       0.12900000000000000       0.55340000000000000     
   92.000000000000000        1.5013321764732468        0.0000000000000000        0.0000000000000000        0.0000000000000000       0.31759999999999999       0.12959999999999999       0.55279999999999996     
   93.000000000000000        1.4768898681615972        0.0000000000000000        0.0000000000000000        0.0000000000000000       0.31759999999999999       0.13000000000000000       0.55240000000000000     
   94.000000000000000        1.4551944114120836        0.0000000000000000        0.0000000000000000        0.0000000000000000       0.31759999999999999       0.13139999999999999       0.55100000000000005     
   95.000000000000000        1.4366067149078368        0.0000000000000000        0.0000000000000000        0.0000000000000000       0.31759999999999999       0.13139999999999999       0.55100000000000005     
   96.000000000000000        1.4215966841123848        0.0000000000000000        0.0000000000000000        0.0000000000000000       0.31759999999999999       0.13120000000000001       0.55120000000000002     
   97.000000000000000        1.4085520812386911        0.0000000000000000        0.0000000000000000        0.0000000000000000       0.31759999999999999       0.13760000000000000       0.54479999999999995     
   98.000000000000000        1.4034117197455598        0.0000000000000000        0.0000000000000000        0.0000000000000000       0.31759999999999999       0.13760000000000000       0.54479999999999995     
   99.000000000000000        1.4495248004816337        0.0000000000000000        0.0000000000000000        0.0000000000000000        0.0000000000000000       0.40360000000000001       0.59640000000000004     
   100.00000000000000        1.3981292345899903        0.0000000000000000        0.0000000000000000        0.0000000000000000       0.21220000000000000        9.5200000000000007E-002  0.69259999999999999     
   101.00000000000000        1.4072918136893664        0.0000000000000000        0.0000000000000000        0.0000000000000000       0.28539999999999999       0.12920000000000001       0.58540000000000003     
   102.00000000000000        1.3881967026729196        0.0000000000000000        0.0000000000000000        0.0000000000000000       0.30580000000000002       0.10879999999999999       0.58540000000000003     
   103.00000000000000        1.4220415708297209        0.0000000000000000        0.0000000000000000        0.0000000000000000       0.30580000000000002       0.12039999999999999       0.57379999999999998     
   104.00000000000000        1.4394510376347187        0.0000000000000000        0.0000000000000000        0.0000000000000000       0.30580000000000002       0.13539999999999999       0.55879999999999996     
   105.00000000000000        1.4551941361022271        0.0000000000000000        0.0000000000000000        0.0000000000000000       0.30580000000000002       0.12700000000000000       0.56720000000000004     
   106.00000000000000        1.4728401097095460        0.0000000000000000        0.0000000000000000        0.0000000000000000       0.30580000000000002       0.12820000000000001       0.56599999999999995     
   107.00000000000000        1.4909767665064202        0.0000000000000000        0.0000000000000000        0.0000000000000000       0.30580000000000002       0.12160000000000000       0.57260000000000000     
   108.00000000000000        1.5095169867862948        0.0000000000000000        0.0000000000000000        0.0000000000000000       0.30580000000000002       0.12100000000000000       0.57320000000000004     
   109.00000000000000        1.5278779423202753        0.0000000000000000        0.0000000000000000        0.0000000000000000       0.30559999999999998       0.13180000000000000       0.56259999999999999     
   110.00000000000000        1.5456237613195307        0.0000000000000000        0.0000000000000000        0.0000000000000000       0.30559999999999998       0.11980000000000000       0.57460000000000000     
   111.00000000000000        1.5624257200824831        0.0000000000000000        0.0000000000000000        0.0000000000000000       0.30559999999999998       0.10100000000000001       0.59340000000000004     
   112.00000000000000        1.5792384471770053        0.0000000000000000        0.0000000000000000        0.0000000000000000       0.30559999999999998        9.4399999999999998E-002  0.59999999999999998     
   113.00000000000000        1.5928775148249088        0.0000000000000000        0.0000000000000000        0.0000000000000000       0.30559999999999998        8.5800000000000001E-002  0.60860000000000003     
   114.00000000000000        1.6045020539222516        0.0000000000000000        0.0000000000000000        0.0000000000000000       0.30559999999999998        8.2199999999999995E-002  0.61219999999999997     
   115.00000000000000        1.6151111310715853        0.0000000000000000        0.0000000000000000        0.0000000000000000       0.30559999999999998        8.5999999999999993E-002  0.60840000000000005     
   116.00000000000000        1.6237727940744193        0.0000000000000000        0.0000000000000000        0.0000000000000000       0.30559999999999998        8.5999999999999993E-002  0.60840000000000005     
   117.00000000000000        1.6306505398717965        0.0000000000000000        0.0000000000000000        0.0000000000000000       0.30559999999999998        9.2799999999999994E-002  0.60160000000000002     
   118.00000000000000        1.6359313066546535        0.0000000000000000        0.0000000000000000        0.0000000000000000       0.30559999999999998        8.9200000000000002E-002  0.60519999999999996     
   119.00000000000000        1.6392539350810911        0.0000000000000000        0.0000000000000000        0.0000000000000000       0.30559999999999998        8.7599999999999997E-002  0.60680000000000001     
   120.00000000000000        1.6411357003995608        0.0000000000000000        0.0000000000000000        0.0000000000000000       0.30559999999999998        8.9800000000000005E-002  0.60460000000000003     
   121.00000000000000        1.6418052780737280        0.0000000000000000        0.0000000000000000        0.0000000000000000       0.30559999999999998        8.9800000000000005E-002  0.60460000000000003     
   122.00000000000000        1.6413345585514603        0.0000000000000000        0.0000000000000000        0.0000000000000000       0.30559999999999998        8.7200000000000000E-002  0.60719999999999996     
   123.00000000000000        1.6400319576272446        0.0000000000000000        0.0000000000000000        0.0000000000000000       0.30559999999999998        8.7400000000000005E-002  0.60699999999999998     
   124.00000000000000        1.6382855952778435        0.0000000000000000        0.0000000000000000        0.0000000000000000       0.30559999999999998        9.0999999999999998E-002  0.60340000000000005     
   125.00000000000000        1.6362286432438427        0.0000000000000000        0.0000000000000000        0.0000000000000000       0.30559999999999998        9.0800000000000006E-002  0.60360000000000003     
   126.00000000000000        1.6342930912765921        0.0000000000000000        0.0000000000000000        0.0000000000000000       0.30559999999999998        9.2600000000000002E-002  0.60180000000000000     
   127.00000000000000        1.6328349573854131        0.0000000000000000        0.0000000000000000        0.0000000000000000       0.30559999999999998        9.2200000000000004E-002  0.60219999999999996     
   128.00000000000000        1.6321208113903141        0.0000000000000000        0.0000000000000000        0.0000000000000000       0.30559999999999998        8.2400000000000001E-002  0.61199999999999999     
   129.00000000000000        1.6329573517739762        0.0000000000000000        0.0000000000000000        0.0000000000000000       0.30559999999999998        8.2400000000000001E-002  0.61199999999999999     
   130.00000000000000        1.6329588582463335        0.0000000000000000        0.0000000000000000        0.0000000000000000       0.30559999999999998        7.9000000000000001E-002  0.61539999999999995     
   131.00000000000000        1.6347469299325110        0.0000000000000000        0.0000000000000000        0.0000000000000000       0.30559999999999998        8.2199999999999995E-002  0.61219999999999997     
   132.00000000000000        1.6375282722463735        0.0000000000000000        0.0000000000000000        0.0000000000000000       0.30559999999999998        7.9399999999999998E-002  0.61499999999999999     
   133.00000000000000        1.6413882655365426        0.0000000000000000        0.0000000000000000        0.0000000000000000       0.30559999999999998        7.5600000000000001E-002  0.61880000000000002     
   134.00000000000000        1.6458784279850207        0.0000000000000000        0.0000000000000000        0.0000000000000000       0.30559999999999998        7.3200000000000001E-002  0.62119999999999997     
   135.00000000000000        1.6506083018147346        0.0000000000000000        0.0000000000000000        0.0000000000000000       0.30559999999999998        7.9000000000000001E-002  0.61539999999999995     
   136.00000000000000        1.6556338399811561        0.0000000000000000        0.0000000000000000        0.0000000000000000       0.30559999999999998        6.7799999999999999E-002  0.62660000000000005     
   137.00000000000000        1.6600801835324950        0.0000000000000000        0.0000000000000000        0.0000000000000000       0.30559999999999998        6.4799999999999996E-002  0.62960000000000005     
   138.00000000000000        1.6640952810859591        0.0000000000000000        0.0000000000000000        0.0000000000000000       0.30559999999999998        6.5799999999999997E-002  0.62860000000000005     
   139.00000000000000        1.6671683840265350        0.0000000000000000        0.0000000000000000        0.0000000000000000       0.30559999999999998        6.6400000000000001E-002  0.62800000000000000     
   140.00000000000000        1.6690135341697774        0.0000000000000000        0.0000000000000000        0.0000000000000000       0.30559999999999998        5.0400000000000000E-002  0.64400000000000002     
   141.00000000000000        1.6687501841209997        0.0000000000000000        0.0000000000000000        0.0000000000000000       0.30559999999999998        5.2800000000000000E-002  0.64159999999999995     
   142.00000000000000        1.6667118583226337        0.0000000000000000        0.0000000000000000        0.0000000000000000       0.30559999999999998        3.7400000000000003E-002  0.65700000000000003     
   143.00000000000000        1.6655792377355301        0.0000000000000000        0.0000000000000000        0.0000000000000000       0.30559999999999998        3.8199999999999998E-002  0.65620000000000001     
   144.00000000000000        1.6590308758153256        0.0000000000000000        0.0000000000000000        0.0000000000000000       0.30559999999999998        4.0800000000000003E-002  0.65359999999999996     
   145.00000000000000        1.6490083477497519        0.0000000000000000        0.0000000000000000        0.0000000000000000       0.30559999999999998        4.5400000000000003E-002  0.64900000000000002     
   146.00000000000000        1.6389171796638231        0.0000000000000000        0.0000000000000000        0.0000000000000000       0.30559999999999998        4.1599999999999998E-002  0.65280000000000005     
   147.00000000000000        1.6270934668718919        0.0000000000000000        0.0000000000000000        0.0000000000000000       0.30559999999999998        4.5800000000000000E-002  0.64859999999999995     
   148.00000000000000        1.6135253470805329        0.0000000000000000        0.0000000000000000        0.0000000000000000       0.30559999999999998        4.7600000000000003E-002  0.64680000000000004     
   149.00000000000000        1.5991862849327170        0.0000000000000000        0.0000000000000000        0.0000000000000000       0.30559999999999998        4.8599999999999997E-002  0.64580000000000004     
   150.00000000000000        1.5838618540590212        0.0000000000000000        0.0000000000000000        0.0000000000000000       0.30559999999999998        5.5000000000000000E-002  0.63939999999999997     
   151.00000000000000        1.5679431890933746        0.0000000000000000        0.0000000000000000        0.0000000000000000       0.30559999999999998        6.4199999999999993E-002  0.63019999999999998     
   152.00000000000000        1.5524133111650622        0.0000000000000000        0.0000000000000000        0.0000000000000000       0.30559999999999998        6.5199999999999994E-002  0.62919999999999998     
   153.00000000000000        1.5375600624455048        0.0000000000000000        0.0000000000000000        0.0000000000000000       0.30559999999999998        5.9799999999999999E-002  0.63460000000000005     
   154.00000000000000        1.5232629533079503        0.0000000000000000        0.0000000000000000        0.0000000000000000       0.30559999999999998        5.8999999999999997E-002  0.63539999999999996     
   155.00000000000000        1.5111907339158690        0.0000000000000000        0.0000000000000000        0.0000000000000000       0.30559999999999998        6.2600000000000003E-002  0.63180000000000003     
   156.00000000000000        1.5005937407601382        0.0000000000000000        0.0000000000000000        0.0000000000000000       0.30559999999999998        6.4600000000000005E-002  0.62980000000000003     
   157.00000000000000        1.4925083739114811        0.0000000000000000        0.0000000000000000        0.0000000000000000       0.30559999999999998        6.3000000000000000E-002  0.63139999999999996     
   158.00000000000000        1.4868017888080842        0.0000000000000000        0.0000000000000000        0.0000000000000000       0.30559999999999998        6.3000000000000000E-002  0.63139999999999996     
   159.00000000000000        1.4840877363233482        0.0000000000000000        0.0000000000000000        0.0000000000000000       0.30559999999999998        6.1600000000000002E-002  0.63280000000000003     
   160.00000000000000        1.4848225191888098        0.0000000000000000        0.0000000000000000        0.0000000000000000       0.30559999999999998        6.0400000000000002E-002  0.63400000000000001     
   161.00000000000000        1.4888364670591709        0.0000000000000000        0.0000000000000000        0.0000000000000000       0.30559999999999998        5.8799999999999998E-002  0.63560000000000005     
   162.00000000000000        1.4962528676350355        0.0000000000000000        0.0000000000000000        0.0000000000000000       0.30559999999999998        5.8799999999999998E-002  0.63560000000000005     
   163.00000000000000        1.5070891911623596        0.0000000000000000        0.0000000000000000        0.0000000000000000       0.30559999999999998        5.8799999999999998E-002  0.63560000000000005     
   164.00000000000000        1.5213768534513921        0.0000000000000000        0.0000000000000000        0.0000000000000000       0.30559999999999998        5.8799999999999998E-002  0.63560000000000005     
   165.00000000000000        1.5386203298933565        0.0000000000000000        0.0000000000000000        0.0000000000000000       0.30559999999999998        5.8599999999999999E-002  0.63580000000000003     
   166.00000000000000        1.5586521250084748        0.0000000000000000        0.0000000000000000        0.0000000000000000       0.30559999999999998        5.8599999999999999E-002  0.63580000000000003     
   167.00000000000000        1.5810726104365840        0.0000000000000000        0.0000000000000000        0.0000000000000000       0.30559999999999998        5.8799999999999998E-002  0.63560000000000005     
   168.00000000000000        1.6050320699874301        0.0000000000000000        0.0000000000000000        0.0000000000000000       0.30559999999999998        5.8799999999999998E-002  0.63560000000000005     
   169.00000000000000        1.6302823794579413        0.0000000000000000        0.0000000000000000        0.0000000000000000       0.30559999999999998        5.8999999999999997E-002  0.63539999999999996     
   170.00000000000000        1.6557618030911430        0.0000000000000000        0.0000000000000000        0.0000000000000000       0.30559999999999998        5.8999999999999997E-002  0.63539999999999996     
   171.00000000000000        1.6809258499711561        0.0000000000000000        0.0000000000000000        0.0000000000000000       0.30559999999999998        5.8799999999999998E-002  0.63560000000000005     
   172.00000000000000        1.7048850415672097        0.0000000000000000        0.0000000000000000        0.0000000000000000       0.30559999999999998        5.8799999999999998E-002  0.63560000000000005     
   173.00000000000000        1.7270688919064912        0.0000000000000000        0.0000000000000000        0.0000000000000000       0.30559999999999998        5.8799999999999998E-002  0.63560000000000005     
   174.00000000000000        1.7466984167188111        0.0000000000000000        0.0000000000000000        0.0000000000000000       0.30559999999999998        5.9600000000000000E-002  0.63480000000000003     
   175.00000000000000        1.7632687370595339        0.0000000000000000        0.0000000000000000        0.0000000000000000       0.30559999999999998        5.8799999999999998E-002  0.63560000000000005     
   176.00000000000000        1.7764874519353369        0.0000000000000000        0.0000000000000000        0.0000000000000000       0.30559999999999998        6.2199999999999998E-002  0.63219999999999998     
   177.00000000000000        1.7810982800769488        0.0000000000000000        0.0000000000000000        0.0000000000000000       0.30559999999999998        5.2400000000000002E-002  0.64200000000000002     
   178.00000000000000        1.7918507059354796        0.0000000000000000        0.0000000000000000        0.0000000000000000       0.30559999999999998        5.3400000000000003E-002  0.64100000000000001     
   179.00000000000000        1.7940114934914186        0.0000000000000000        0.0000000000000000        0.0000000000000000       0.30559999999999998        5.3400000000000003E-002  0.64100000000000001     
   180.00000000000000        1.7928923092941849        0.0000000000000000        0.0000000000000000        0.0000000000000000       0.30559999999999998        5.4199999999999998E-002  0.64019999999999999     
   181.00000000000000        1.7885084878192368        0.0000000000000000        0.0000000000000000        0.0000000000000000       0.30559999999999998        5.4399999999999997E-002  0.64000000000000001     
   182.00000000000000        1.7798855397448101        0.0000000000000000        0.0000000000000000        0.0000000000000000       0.30559999999999998        5.4199999999999998E-002  0.64019999999999999     
   183.00000000000000        1.7682052926170799        0.0000000000000000        0.0000000000000000        0.0000000000000000       0.30559999999999998        5.3999999999999999E-002  0.64039999999999997     
   184.00000000000000        1.7540124830495034        0.0000000000000000        0.0000000000000000        0.0000000000000000       0.30559999999999998        5.3999999999999999E-002  0.64039999999999997     
   185.00000000000000        1.7374894245446559        0.0000000000000000        0.0000000000000000        0.0000000000000000       0.30559999999999998        5.4399999999999997E-002  0.64000000000000001     
   186.00000000000000        1.7181831109018519        0.0000000000000000        0.0000000000000000        0.0000000000000000       0.30559999999999998        5.3999999999999999E-002  0.64039999999999997     
   187.00000000000000        1.6976454891789641        0.0000000000000000        0.0000000000000000        0.0000000000000000       0.30559999999999998        5.3800000000000001E-002  0.64059999999999995     
   188.00000000000000        1.6755365894961463        0.0000000000000000        0.0000000000000000        0.0000000000000000       0.30559999999999998        5.3800000000000001E-002  0.64059999999999995     
   189.00000000000000        1.6531249462714397        0.0000000000000000        0.0000000000000000        0.0000000000000000       0.30559999999999998        5.3800000000000001E-002  0.64059999999999995     
