#        BMIN =   406
#        BMAX =   411
#     INIBAND =   406
#      NBANDS =   540
#         NSW =  2000
#       POTIM =   1.0
#        TEMP = 300.0
#    NAMDTINI =   528
#    NAMDTIME =  1000
#       NTRAJ =  5000
#        NELM =  1000
#       LHOLE =     T
#        LSHP =     T
#      LCPTXT =     T
#      RUNDIR = ../../run/
   1.0000000000000000       0.29434836261865510        1.0000000000000000        0.0000000000000000        0.0000000000000000        0.0000000000000000        0.0000000000000000        0.0000000000000000     
   2.0000000000000000       0.29311939233488821       0.99980000000000002        2.0000000000000001E-004   0.0000000000000000        0.0000000000000000        0.0000000000000000        0.0000000000000000     
   3.0000000000000000       0.28602902197745239       0.99680000000000002        2.8000000000000000E-003   0.0000000000000000        4.0000000000000002E-004   0.0000000000000000        0.0000000000000000     
   4.0000000000000000       0.27820922436010992       0.99519999999999997        2.8000000000000000E-003   0.0000000000000000        2.0000000000000000E-003   0.0000000000000000        0.0000000000000000     
   5.0000000000000000       0.26548204950839577       0.99500000000000000        3.0000000000000001E-003   0.0000000000000000        2.0000000000000000E-003   0.0000000000000000        0.0000000000000000     
   6.0000000000000000       0.25080550314025979       0.99480000000000002        3.2000000000000002E-003   0.0000000000000000        2.0000000000000000E-003   0.0000000000000000        0.0000000000000000     
   7.0000000000000000       0.23418653017377478       0.99460000000000004        3.2000000000000002E-003   2.0000000000000001E-004   2.0000000000000000E-003   0.0000000000000000        0.0000000000000000     
   8.0000000000000000       0.21540673593654194       0.99480000000000002        3.0000000000000001E-003   2.0000000000000001E-004   2.0000000000000000E-003   0.0000000000000000        0.0000000000000000     
   9.0000000000000000       0.19525089356030573       0.99480000000000002        3.0000000000000001E-003   2.0000000000000001E-004   2.0000000000000000E-003   0.0000000000000000        0.0000000000000000     
   10.000000000000000       0.17396214389471917       0.99480000000000002        3.0000000000000001E-003   0.0000000000000000        2.2000000000000001E-003   0.0000000000000000        0.0000000000000000     
   11.000000000000000       0.15749582983398891       0.99480000000000002        3.0000000000000001E-003   0.0000000000000000        2.2000000000000001E-003   0.0000000000000000        0.0000000000000000     
   12.000000000000000       0.18174062573144853       0.99480000000000002        2.8000000000000000E-003   0.0000000000000000        2.3999999999999998E-003   0.0000000000000000        0.0000000000000000     
   13.000000000000000       0.19919829597248911       0.99480000000000002        2.8000000000000000E-003   0.0000000000000000        2.3999999999999998E-003   0.0000000000000000        0.0000000000000000     
   14.000000000000000       0.20888146612169090       0.99480000000000002        2.5999999999999999E-003   0.0000000000000000        2.5999999999999999E-003   0.0000000000000000        0.0000000000000000     
   15.000000000000000       0.21001077819126404       0.99480000000000002        2.5999999999999999E-003   0.0000000000000000        2.5999999999999999E-003   0.0000000000000000        0.0000000000000000     
   16.000000000000000       0.20067187649498644       0.99480000000000002        2.5999999999999999E-003   0.0000000000000000        2.5999999999999999E-003   0.0000000000000000        0.0000000000000000     
   17.000000000000000       0.18307570361284975       0.99480000000000002        2.2000000000000001E-003   4.0000000000000002E-004   2.5999999999999999E-003   0.0000000000000000        0.0000000000000000     
   18.000000000000000       0.15743219719415566       0.99480000000000002        2.0000000000000000E-003   5.9999999999999995E-004   2.5999999999999999E-003   0.0000000000000000        0.0000000000000000     
   19.000000000000000       0.12597754948941065       0.99480000000000002        2.0000000000000000E-003   5.9999999999999995E-004   2.5999999999999999E-003   0.0000000000000000        0.0000000000000000     
   20.000000000000000        8.6939392832977205E-002  0.99480000000000002        2.0000000000000000E-003   5.9999999999999995E-004   2.5999999999999999E-003   0.0000000000000000        0.0000000000000000     
   21.000000000000000        4.0299378319462897E-002  0.99480000000000002        2.0000000000000000E-003   5.9999999999999995E-004   2.5999999999999999E-003   0.0000000000000000        0.0000000000000000     
   22.000000000000000       -8.6725343075820509E-003  0.99480000000000002        1.8000000000000000E-003   5.9999999999999995E-004   2.8000000000000000E-003   0.0000000000000000        0.0000000000000000     
   23.000000000000000       -6.1095388136627543E-002  0.99480000000000002        1.6000000000000001E-003   8.0000000000000004E-004   2.8000000000000000E-003   0.0000000000000000        0.0000000000000000     
   24.000000000000000      -0.11443382651501917       0.99460000000000004        1.6000000000000001E-003   1.0000000000000000E-003   2.8000000000000000E-003   0.0000000000000000        0.0000000000000000     
   25.000000000000000      -0.13924194229758788       0.99439999999999995        1.8000000000000000E-003   1.0000000000000000E-003   2.8000000000000000E-003   0.0000000000000000        0.0000000000000000     
   26.000000000000000      -0.15041869725163631       0.99380000000000002        2.2000000000000001E-003   1.0000000000000000E-003   3.0000000000000001E-003   0.0000000000000000        0.0000000000000000     
   27.000000000000000      -0.14675867076096336       0.99360000000000004        2.2000000000000001E-003   1.0000000000000000E-003   3.2000000000000002E-003   0.0000000000000000        0.0000000000000000     
   28.000000000000000      -0.13238988801849577       0.99339999999999995        2.3999999999999998E-003   1.0000000000000000E-003   3.2000000000000002E-003   0.0000000000000000        0.0000000000000000     
   29.000000000000000      -0.11562312181497848       0.99299999999999999        2.3999999999999998E-003   1.0000000000000000E-003   3.5999999999999999E-003   0.0000000000000000        0.0000000000000000     
   30.000000000000000       -9.7518978282010046E-002  0.99180000000000001        2.3999999999999998E-003   1.6000000000000001E-003   4.1999999999999997E-003   0.0000000000000000        0.0000000000000000     
   31.000000000000000       -8.4629079590559264E-002  0.98999999999999999        4.1999999999999997E-003   1.6000000000000001E-003   4.1999999999999997E-003   0.0000000000000000        0.0000000000000000     
   32.000000000000000       -6.4131266089834826E-002  0.98999999999999999        4.1999999999999997E-003   1.6000000000000001E-003   4.1999999999999997E-003   0.0000000000000000        0.0000000000000000     
   33.000000000000000       -4.5520311510386283E-002  0.98780000000000001        6.1999999999999998E-003   1.6000000000000001E-003   4.4000000000000003E-003   0.0000000000000000        0.0000000000000000     
   34.000000000000000       -3.1374270182549069E-002  0.98440000000000005        9.5999999999999992E-003   1.6000000000000001E-003   4.4000000000000003E-003   0.0000000000000000        0.0000000000000000     
   35.000000000000000       -1.8249103001151248E-002  0.98240000000000005        1.1599999999999999E-002   1.6000000000000001E-003   4.4000000000000003E-003   0.0000000000000000        0.0000000000000000     
   36.000000000000000       -5.8026954570898686E-003  0.98219999999999996        1.1599999999999999E-002   1.6000000000000001E-003   4.5999999999999999E-003   0.0000000000000000        0.0000000000000000     
   37.000000000000000        4.4775570042497291E-003  0.98040000000000005        1.3400000000000000E-002   1.6000000000000001E-003   4.5999999999999999E-003   0.0000000000000000        0.0000000000000000     
   38.000000000000000        1.2231213864181436E-002  0.97799999999999998        1.5800000000000002E-002   1.6000000000000001E-003   4.5999999999999999E-003   0.0000000000000000        0.0000000000000000     
   39.000000000000000        1.8105036829792615E-002  0.97799999999999998        1.5400000000000000E-002   1.6000000000000001E-003   5.0000000000000001E-003   0.0000000000000000        0.0000000000000000     
   40.000000000000000        2.0963886535875116E-002  0.97760000000000002        1.5599999999999999E-002   1.6000000000000001E-003   5.1999999999999998E-003   0.0000000000000000        0.0000000000000000     
   41.000000000000000        2.1130240311531361E-002  0.97699999999999998        1.6199999999999999E-002   1.6000000000000001E-003   5.1999999999999998E-003   0.0000000000000000        0.0000000000000000     
   42.000000000000000        1.9548151660803301E-002  0.97619999999999996        1.7000000000000001E-002   1.4000000000000000E-003   5.4000000000000003E-003   0.0000000000000000        0.0000000000000000     
   43.000000000000000        1.5721745765270471E-002  0.97599999999999998        1.7000000000000001E-002   1.4000000000000000E-003   5.5999999999999999E-003   0.0000000000000000        0.0000000000000000     
   44.000000000000000        9.9108540272019006E-003  0.97599999999999998        1.7000000000000001E-002   1.4000000000000000E-003   5.5999999999999999E-003   0.0000000000000000        0.0000000000000000     
   45.000000000000000        2.4479136244823063E-002  0.97599999999999998        1.7000000000000001E-002   1.4000000000000000E-003   5.5999999999999999E-003   0.0000000000000000        0.0000000000000000     
   46.000000000000000        5.9677527420558749E-002  0.97599999999999998        1.7000000000000001E-002   1.0000000000000000E-003   6.0000000000000001E-003   0.0000000000000000        0.0000000000000000     
   47.000000000000000        8.8246326257845453E-002  0.97599999999999998        1.7000000000000001E-002   1.0000000000000000E-003   6.0000000000000001E-003   0.0000000000000000        0.0000000000000000     
   48.000000000000000       0.11132237014419169       0.97599999999999998        1.7000000000000001E-002   5.9999999999999995E-004   6.4000000000000003E-003   0.0000000000000000        0.0000000000000000     
   49.000000000000000       0.12624017987611028       0.97599999999999998        1.7000000000000001E-002   5.9999999999999995E-004   6.4000000000000003E-003   0.0000000000000000        0.0000000000000000     
   50.000000000000000       0.13397221383056132       0.97599999999999998        1.7000000000000001E-002   5.9999999999999995E-004   6.4000000000000003E-003   0.0000000000000000        0.0000000000000000     
   51.000000000000000       0.13372363415184774       0.97599999999999998        1.7000000000000001E-002   5.9999999999999995E-004   6.4000000000000003E-003   0.0000000000000000        0.0000000000000000     
   52.000000000000000       0.12635928822834414       0.97599999999999998        1.7000000000000001E-002   4.0000000000000002E-004   6.6000000000000000E-003   0.0000000000000000        0.0000000000000000     
   53.000000000000000       0.11155228782322296       0.97599999999999998        1.6600000000000000E-002   5.9999999999999995E-004   6.7999999999999996E-003   0.0000000000000000        0.0000000000000000     
   54.000000000000000        8.9774120847447417E-002  0.97599999999999998        1.6600000000000000E-002   5.9999999999999995E-004   6.7999999999999996E-003   0.0000000000000000        0.0000000000000000     
   55.000000000000000        6.2745471141646234E-002  0.97599999999999998        1.6400000000000001E-002   2.0000000000000001E-004   7.4000000000000003E-003   0.0000000000000000        0.0000000000000000     
   56.000000000000000        2.9636341856563116E-002  0.97599999999999998        1.6400000000000001E-002   2.0000000000000001E-004   7.4000000000000003E-003   0.0000000000000000        0.0000000000000000     
   57.000000000000000       -7.5256264424463509E-003  0.97599999999999998        1.6400000000000001E-002   2.0000000000000001E-004   7.4000000000000003E-003   0.0000000000000000        0.0000000000000000     
   58.000000000000000       -4.7705924034112036E-002  0.97599999999999998        1.6400000000000001E-002   2.0000000000000001E-004   7.4000000000000003E-003   0.0000000000000000        0.0000000000000000     
   59.000000000000000       -6.5120578315062905E-002  0.97599999999999998        1.6199999999999999E-002   2.0000000000000001E-004   7.6000000000000000E-003   0.0000000000000000        0.0000000000000000     
   60.000000000000000       -4.3672949229654021E-002  0.97499999999999998        1.6400000000000001E-002   1.0000000000000000E-003   7.6000000000000000E-003   0.0000000000000000        0.0000000000000000     
   61.000000000000000       -2.0574060309477137E-002  0.97460000000000002        1.6400000000000001E-002   1.0000000000000000E-003   8.0000000000000002E-003   0.0000000000000000        0.0000000000000000     
   62.000000000000000        3.2302371714416963E-003  0.97419999999999995        1.6400000000000001E-002   1.4000000000000000E-003   8.0000000000000002E-003   0.0000000000000000        0.0000000000000000     
   63.000000000000000        2.8738998683472045E-002  0.97319999999999995        1.6400000000000001E-002   2.0000000000000000E-003   8.3999999999999995E-003   0.0000000000000000        0.0000000000000000     
   64.000000000000000        5.3256085698232168E-002  0.97319999999999995        1.6400000000000001E-002   2.0000000000000000E-003   8.3999999999999995E-003   0.0000000000000000        0.0000000000000000     
   65.000000000000000        7.8168212240089394E-002  0.97080000000000000        1.6600000000000000E-002   4.1999999999999997E-003   8.3999999999999995E-003   0.0000000000000000        0.0000000000000000     
   66.000000000000000       0.10429551641753741       0.96360000000000001        1.6600000000000000E-002   1.0400000000000000E-002   9.4000000000000004E-003   0.0000000000000000        0.0000000000000000     
   67.000000000000000       0.12718040151228388       0.96279999999999999        1.6600000000000000E-002   1.0999999999999999E-002   9.5999999999999992E-003   0.0000000000000000        0.0000000000000000     
   68.000000000000000       0.14854934922104046       0.96279999999999999        1.6199999999999999E-002   1.0999999999999999E-002   1.0000000000000000E-002   0.0000000000000000        0.0000000000000000     
   69.000000000000000       0.16886916296511020       0.96260000000000001        1.6400000000000001E-002   1.0999999999999999E-002   1.0000000000000000E-002   0.0000000000000000        0.0000000000000000     
   70.000000000000000       0.18964112689324578       0.95999999999999996        1.6400000000000001E-002   1.3599999999999999E-002   1.0000000000000000E-002   0.0000000000000000        0.0000000000000000     
   71.000000000000000       0.20996561041763975       0.95760000000000001        1.7200000000000000E-002   1.4000000000000000E-002   1.1200000000000000E-002   0.0000000000000000        0.0000000000000000     
   72.000000000000000       0.22757431169960610       0.95760000000000001        1.7200000000000000E-002   1.4000000000000000E-002   1.1200000000000000E-002   0.0000000000000000        0.0000000000000000     
   73.000000000000000       0.24407578071536903       0.95760000000000001        1.7200000000000000E-002   1.4000000000000000E-002   1.1200000000000000E-002   0.0000000000000000        0.0000000000000000     
   74.000000000000000       0.25974517767553307       0.95740000000000003        1.7000000000000001E-002   1.4000000000000000E-002   1.1599999999999999E-002   0.0000000000000000        0.0000000000000000     
   75.000000000000000       0.27631576199405522       0.95479999999999998        1.7000000000000001E-002   1.4000000000000000E-002   1.4200000000000001E-002   0.0000000000000000        0.0000000000000000     
   76.000000000000000       0.29191058020958971       0.95140000000000002        1.6799999999999999E-002   1.4600000000000000E-002   1.7200000000000000E-002   0.0000000000000000        0.0000000000000000     
   77.000000000000000       0.30360895784675868       0.95099999999999996        1.6600000000000000E-002   1.4999999999999999E-002   1.7399999999999999E-002   0.0000000000000000        0.0000000000000000     
   78.000000000000000       0.31376144680073237       0.95079999999999998        1.6000000000000000E-002   1.5200000000000000E-002   1.7999999999999999E-002   0.0000000000000000        0.0000000000000000     
   79.000000000000000       0.32553063991261444       0.94699999999999995        1.6000000000000000E-002   1.5200000000000000E-002   2.1800000000000000E-002   0.0000000000000000        0.0000000000000000     
   80.000000000000000       0.33384194723640354       0.94479999999999997        1.6199999999999999E-002   1.5800000000000002E-002   2.3199999999999998E-002   0.0000000000000000        0.0000000000000000     
   81.000000000000000       0.34338777390935460       0.94220000000000004        1.4200000000000001E-002   1.5599999999999999E-002   2.8000000000000001E-002   0.0000000000000000        0.0000000000000000     
   82.000000000000000       0.34597851041684530       0.94220000000000004        1.4200000000000001E-002   1.5400000000000000E-002   2.8199999999999999E-002   0.0000000000000000        0.0000000000000000     
   83.000000000000000       0.34685142308769445       0.94199999999999995        1.2999999999999999E-002   1.6799999999999999E-002   2.8199999999999999E-002   0.0000000000000000        0.0000000000000000     
   84.000000000000000       0.35633382554178616       0.93200000000000005        1.2400000000000000E-002   1.7999999999999999E-002   3.7600000000000001E-002   0.0000000000000000        0.0000000000000000     
   85.000000000000000       0.35250542723383865       0.93079999999999996        1.3599999999999999E-002   1.7999999999999999E-002   3.7600000000000001E-002   0.0000000000000000        0.0000000000000000     
   86.000000000000000       0.34597115701276748       0.93059999999999998        1.3599999999999999E-002   1.8200000000000001E-002   3.7600000000000001E-002   0.0000000000000000        0.0000000000000000     
   87.000000000000000       0.33721391523044564       0.92940000000000000        1.3599999999999999E-002   1.9199999999999998E-002   3.7800000000000000E-002   0.0000000000000000        0.0000000000000000     
   88.000000000000000       0.33075482822631574       0.92400000000000004        1.3200000000000000E-002   2.1600000000000001E-002   4.1200000000000001E-002   0.0000000000000000        0.0000000000000000     
   89.000000000000000       0.31710784774694556       0.92359999999999998        1.3200000000000000E-002   2.1999999999999999E-002   4.1200000000000001E-002   0.0000000000000000        0.0000000000000000     
   90.000000000000000       0.30159908711345829       0.92279999999999995        1.3200000000000000E-002   2.2200000000000001E-002   4.1799999999999997E-002   0.0000000000000000        0.0000000000000000     
   91.000000000000000       0.28672628971931052       0.91839999999999999        1.3200000000000000E-002   2.5200000000000000E-002   3.8199999999999998E-002   2.0000000000000001E-004   4.7999999999999996E-003
   92.000000000000000       0.26675102541338930       0.91820000000000002        1.3400000000000000E-002   2.5200000000000000E-002   3.8199999999999998E-002   2.0000000000000001E-004   4.7999999999999996E-003
   93.000000000000000       0.24711481314728309       0.91259999999999997        1.4000000000000000E-002   3.0200000000000001E-002   3.8399999999999997E-002   0.0000000000000000        4.7999999999999996E-003
   94.000000000000000       0.22609684147211467       0.91200000000000003        1.4000000000000000E-002   2.9999999999999999E-002   3.8399999999999997E-002   0.0000000000000000        5.5999999999999999E-003
   95.000000000000000       0.20744600915287581       0.90980000000000005        1.4400000000000000E-002   2.9999999999999999E-002   3.7600000000000001E-002   8.0000000000000004E-004   7.4000000000000003E-003
   96.000000000000000       0.19670900024352073       0.90980000000000005        1.4400000000000000E-002   2.9999999999999999E-002   3.7600000000000001E-002   8.0000000000000004E-004   7.4000000000000003E-003
   97.000000000000000       0.19697935393068108       0.90980000000000005        1.4400000000000000E-002   2.9600000000000001E-002   3.7600000000000001E-002   8.0000000000000004E-004   7.7999999999999996E-003
   98.000000000000000       0.19982290456382648       0.90839999999999999        6.7999999999999996E-003   3.8199999999999998E-002   3.6799999999999999E-002   1.6000000000000001E-003   8.2000000000000007E-003
   99.000000000000000       0.20213316731476666       0.90220000000000000        1.2800000000000001E-002   3.7999999999999999E-002   3.6799999999999999E-002   2.3999999999999998E-003   7.7999999999999996E-003
   100.00000000000000       0.20195669063151273       0.89319999999999999        2.1399999999999999E-002   3.8199999999999998E-002   3.7999999999999999E-002   1.4000000000000000E-003   7.7999999999999996E-003
   101.00000000000000       0.19568539172650781       0.89319999999999999        1.2600000000000000E-002   4.7000000000000000E-002   3.7999999999999999E-002   1.4000000000000000E-003   7.7999999999999996E-003
   102.00000000000000       0.18752343127743692       0.88639999999999997        9.7999999999999997E-003   5.6200000000000000E-002   3.8399999999999997E-002   1.4000000000000000E-003   7.7999999999999996E-003
   103.00000000000000       0.17485703580397388       0.88480000000000003        1.0999999999999999E-002   5.6200000000000000E-002   3.8800000000000001E-002   1.4000000000000000E-003   7.7999999999999996E-003
   104.00000000000000       0.15940471175792945       0.88339999999999996        1.1599999999999999E-002   5.7000000000000002E-002   3.8800000000000001E-002   1.1999999999999999E-003   8.0000000000000002E-003
   105.00000000000000       0.14355908460572792       0.88039999999999996        1.2000000000000000E-002   5.9600000000000000E-002   3.8800000000000001E-002   1.0000000000000000E-003   8.2000000000000007E-003
   106.00000000000000       0.12692156147450695       0.87900000000000000        1.2000000000000000E-002   6.0999999999999999E-002   3.8800000000000001E-002   1.0000000000000000E-003   8.2000000000000007E-003
   107.00000000000000       0.11043176751388134       0.87800000000000000        1.2000000000000000E-002   6.2000000000000000E-002   3.8800000000000001E-002   1.0000000000000000E-003   8.2000000000000007E-003
   108.00000000000000        9.7851272287610563E-002  0.87800000000000000        1.2000000000000000E-002   6.2000000000000000E-002   3.8800000000000001E-002   8.0000000000000004E-004   8.3999999999999995E-003
   109.00000000000000       0.13664073393096757       0.87800000000000000        1.2000000000000000E-002   6.2000000000000000E-002   3.8800000000000001E-002   8.0000000000000004E-004   8.3999999999999995E-003
   110.00000000000000       0.17288011839619769       0.87800000000000000        1.2000000000000000E-002   6.2000000000000000E-002   3.8800000000000001E-002   5.9999999999999995E-004   8.6000000000000000E-003
   111.00000000000000       0.20572626893259088       0.87800000000000000        1.1800000000000000E-002   6.2199999999999998E-002   3.8800000000000001E-002   5.9999999999999995E-004   8.6000000000000000E-003
   112.00000000000000       0.23276930481555280       0.87800000000000000        1.1800000000000000E-002   6.2199999999999998E-002   3.8800000000000001E-002   5.9999999999999995E-004   8.6000000000000000E-003
   113.00000000000000       0.25571103803432732       0.87800000000000000        1.1800000000000000E-002   6.2199999999999998E-002   3.8800000000000001E-002   4.0000000000000002E-004   8.8000000000000005E-003
   114.00000000000000       0.27057062928258441       0.87800000000000000        1.1599999999999999E-002   6.2399999999999997E-002   3.8800000000000001E-002   4.0000000000000002E-004   8.8000000000000005E-003
   115.00000000000000       0.27869663037187453       0.87800000000000000        1.1599999999999999E-002   6.2399999999999997E-002   3.8800000000000001E-002   4.0000000000000002E-004   8.8000000000000005E-003
   116.00000000000000       0.27953452932570189       0.87800000000000000        1.1599999999999999E-002   6.2399999999999997E-002   3.8800000000000001E-002   4.0000000000000002E-004   8.8000000000000005E-003
   117.00000000000000       0.27124987493521546       0.87800000000000000        1.1599999999999999E-002   6.2399999999999997E-002   3.8800000000000001E-002   4.0000000000000002E-004   8.8000000000000005E-003
   118.00000000000000       0.25632386167164922       0.87800000000000000        1.1599999999999999E-002   6.2000000000000000E-002   3.9199999999999999E-002   4.0000000000000002E-004   8.8000000000000005E-003
   119.00000000000000       0.23302455330450253       0.87800000000000000        1.1599999999999999E-002   6.2000000000000000E-002   3.9199999999999999E-002   4.0000000000000002E-004   8.8000000000000005E-003
   120.00000000000000       0.20369579742425586       0.87800000000000000        1.1599999999999999E-002   6.2000000000000000E-002   3.9199999999999999E-002   4.0000000000000002E-004   8.8000000000000005E-003
   121.00000000000000       0.16818937860090610       0.87800000000000000        1.1599999999999999E-002   6.2000000000000000E-002   3.9199999999999999E-002   4.0000000000000002E-004   8.8000000000000005E-003
   122.00000000000000       0.12770269513378740       0.87719999999999998        1.2400000000000000E-002   6.2000000000000000E-002   3.9199999999999999E-002   2.0000000000000001E-004   8.9999999999999993E-003
   123.00000000000000       0.11897004318996204       0.87619999999999998        1.3400000000000000E-002   6.2000000000000000E-002   3.9199999999999999E-002   2.0000000000000001E-004   8.9999999999999993E-003
   124.00000000000000       0.12405176121681130       0.87619999999999998        1.3400000000000000E-002   6.2000000000000000E-002   3.9199999999999999E-002   2.0000000000000001E-004   8.9999999999999993E-003
   125.00000000000000       0.12817816161294240       0.87619999999999998        1.3400000000000000E-002   6.1800000000000001E-002   3.9399999999999998E-002   2.0000000000000001E-004   8.9999999999999993E-003
   126.00000000000000       0.13232642531750313       0.87400000000000000        1.4999999999999999E-002   6.2000000000000000E-002   3.9800000000000002E-002   2.0000000000000001E-004   8.9999999999999993E-003
   127.00000000000000       0.13463470743469402       0.87400000000000000        1.4400000000000000E-002   6.2199999999999998E-002   4.0200000000000000E-002   2.0000000000000001E-004   8.9999999999999993E-003
   128.00000000000000       0.14042544355955955       0.87400000000000000        1.4600000000000000E-002   6.2000000000000000E-002   4.0200000000000000E-002   2.0000000000000001E-004   8.9999999999999993E-003
   129.00000000000000       0.15710780538038274       0.87400000000000000        1.6600000000000000E-002   5.9999999999999998E-002   4.0200000000000000E-002   2.0000000000000001E-004   8.9999999999999993E-003
   130.00000000000000       0.19363519217050770       0.87300000000000000        1.7000000000000001E-002   6.0600000000000001E-002   1.0200000000000001E-002   1.7600000000000001E-002   2.1600000000000001E-002
   131.00000000000000       0.24190533468743503       0.85160000000000002        3.1399999999999997E-002   6.7400000000000002E-002   1.0000000000000000E-002   1.0999999999999999E-002   2.8600000000000000E-002
   132.00000000000000       0.27639299788620930       0.80420000000000003        7.8799999999999995E-002   6.7400000000000002E-002   9.7999999999999997E-003   1.0999999999999999E-002   2.8799999999999999E-002
   133.00000000000000       0.31235585212757583       0.77480000000000004        7.8000000000000000E-002   9.7000000000000003E-002   1.0800000000000001E-002   5.9999999999999995E-004   3.8800000000000001E-002
   134.00000000000000       0.34888164527027399       0.76039999999999996        9.1200000000000003E-002   9.6600000000000005E-002   1.8000000000000000E-003   4.4000000000000003E-003   4.5600000000000002E-002
   135.00000000000000       0.50725204908723931       0.76019999999999999        9.0999999999999998E-002   9.4600000000000004E-002   4.1999999999999997E-003   4.4000000000000003E-003   4.5600000000000002E-002
   136.00000000000000       0.61233223319254082       0.47820000000000001       0.32460000000000000       0.11459999999999999        3.2599999999999997E-002   3.2000000000000002E-003   4.6800000000000001E-002
   137.00000000000000       0.44359803511745827       0.47680000000000000       0.32560000000000000       0.11459999999999999        2.5999999999999999E-002   9.4000000000000004E-003   4.7600000000000003E-002
   138.00000000000000       0.53403229211552050       0.47560000000000002       0.32560000000000000       0.11500000000000000        2.6400000000000000E-002   9.4000000000000004E-003   4.8000000000000001E-002
   139.00000000000000       0.16551075289586484       0.47520000000000001       0.32360000000000000       0.11380000000000000        2.8400000000000002E-002   9.5999999999999992E-003   4.9399999999999999E-002
   140.00000000000000       0.47744211937109921       0.47239999999999999       0.32600000000000001       0.11300000000000000        2.9600000000000001E-002   9.5999999999999992E-003   4.9399999999999999E-002
   141.00000000000000       0.53213461919800142       0.25419999999999998       0.52659999999999996       0.12239999999999999        2.8199999999999999E-002   1.5800000000000002E-002   5.2800000000000000E-002
   142.00000000000000       0.83338709552543866       0.25419999999999998       0.52659999999999996       0.12239999999999999        2.9000000000000001E-002   1.4999999999999999E-002   5.2800000000000000E-002
   143.00000000000000       0.85001082762460733       0.25400000000000000       0.52320000000000000       0.11920000000000000        3.0200000000000001E-002   1.3800000000000000E-002   5.9600000000000000E-002
   144.00000000000000       0.88402798186846610       0.25140000000000001       0.52200000000000002       0.11820000000000000        6.7999999999999996E-003   5.4399999999999997E-002   4.7199999999999999E-002
   145.00000000000000       0.89888138717483479       0.25140000000000001       0.52200000000000002       0.11600000000000001        8.9999999999999993E-003   5.5599999999999997E-002   4.5999999999999999E-002
   146.00000000000000       0.90079683716326286       0.25100000000000000       0.52200000000000002       0.11600000000000001        9.4000000000000004E-003   5.5599999999999997E-002   4.5999999999999999E-002
   147.00000000000000       0.93055807632626908       0.24900000000000000       0.49359999999999998       0.10520000000000000        5.0599999999999999E-002   5.6000000000000001E-002   4.5600000000000002E-002
   148.00000000000000       0.93515360688458971       0.24299999999999999       0.49120000000000003        4.9799999999999997E-002  0.11440000000000000        5.4800000000000001E-002   4.6800000000000001E-002
   149.00000000000000       0.95299514232296922       0.24299999999999999       0.48780000000000001        4.4800000000000000E-002  0.12280000000000001        5.4800000000000001E-002   4.6800000000000001E-002
   150.00000000000000       0.94351332592444859       0.23860000000000001       0.49099999999999999        4.5600000000000002E-002  0.12320000000000000        5.4800000000000001E-002   4.6800000000000001E-002
   151.00000000000000       0.93723446726394588       0.23699999999999999       0.49099999999999999        3.6600000000000001E-002  0.13380000000000000        5.4800000000000001E-002   4.6800000000000001E-002
   152.00000000000000       0.91898228188957032       0.23660000000000000       0.49020000000000002        3.7400000000000003E-002  0.13420000000000001        5.4800000000000001E-002   4.6800000000000001E-002
   153.00000000000000       0.89586155034045134       0.23640000000000000       0.49020000000000002        3.5999999999999997E-002  0.13580000000000000        5.5199999999999999E-002   4.6399999999999997E-002
   154.00000000000000       0.94345631501071969       0.23100000000000001       0.48039999999999999        3.5999999999999997E-002  0.15100000000000000        5.5199999999999999E-002   4.6399999999999997E-002
   155.00000000000000       0.89026292713032373       0.23100000000000001       0.48039999999999999        2.4799999999999999E-002  0.16220000000000001        5.5199999999999999E-002   4.6399999999999997E-002
   156.00000000000000       0.88679163687762452        7.4600000000000000E-002  0.61480000000000001        4.6800000000000001E-002  0.16220000000000001        5.5800000000000002E-002   4.5800000000000000E-002
   157.00000000000000       0.82563143103522241        3.8600000000000002E-002  0.49320000000000003       0.20100000000000001       0.16560000000000000        5.5599999999999997E-002   4.5999999999999999E-002
   158.00000000000000       0.92822373879839759        3.9199999999999999E-002  0.48599999999999999       0.18420000000000000       0.18279999999999999        4.5600000000000002E-002   6.2199999999999998E-002
   159.00000000000000        1.0733840845212885        3.4200000000000001E-002  0.49040000000000000       0.17480000000000001       0.13600000000000001       0.10220000000000000        6.2399999999999997E-002
   160.00000000000000       0.91362187687178031        3.1399999999999997E-002  0.49099999999999999       0.17660000000000001       0.13639999999999999       0.10260000000000000        6.2000000000000000E-002
   161.00000000000000       0.88413480690501711        0.0000000000000000       0.52180000000000004       0.17660000000000001       0.13700000000000001       0.10220000000000000        6.2399999999999997E-002
   162.00000000000000       0.92943059171030595        4.0000000000000002E-004  0.47760000000000002       0.21099999999999999       0.14640000000000000       0.10220000000000000        6.2399999999999997E-002
   163.00000000000000       0.87152867752821261        4.0000000000000001E-003  0.46860000000000002       0.21620000000000000       0.14660000000000001       0.10220000000000000        6.2399999999999997E-002
   164.00000000000000       0.88365915019751073        3.0000000000000001E-003  0.45560000000000000       0.19460000000000000       0.18220000000000000       0.10199999999999999        6.2600000000000003E-002
   165.00000000000000       0.91952511039301432        1.2800000000000001E-002  0.44579999999999997        6.7599999999999993E-002  0.30919999999999997       0.10199999999999999        6.2600000000000003E-002
   166.00000000000000       0.82745313245475682        1.2800000000000001E-002  0.44500000000000001        6.8400000000000002E-002  0.30919999999999997       0.10220000000000000        6.2399999999999997E-002
   167.00000000000000       0.81097477901456583        1.2800000000000001E-002  0.44500000000000001        6.8400000000000002E-002  0.30919999999999997       0.10220000000000000        6.2399999999999997E-002
   168.00000000000000       0.81001306763487435        1.2200000000000001E-002  0.44440000000000002        5.8799999999999998E-002  0.32000000000000001       0.10220000000000000        6.2399999999999997E-002
   169.00000000000000       0.80269302683803578        1.2200000000000001E-002  0.44319999999999998        5.7400000000000000E-002  0.32260000000000000       0.10220000000000000        6.2399999999999997E-002
   170.00000000000000       0.79565061286340932        1.1599999999999999E-002  0.44359999999999999        5.7000000000000002E-002  0.32319999999999999       0.10199999999999999        6.2600000000000003E-002
   171.00000000000000       0.79786442677438207        1.0600000000000000E-002  0.44460000000000000        5.1400000000000001E-002  0.32879999999999998        9.9599999999999994E-002   6.5000000000000002E-002
   172.00000000000000       0.80364904180758778        1.0600000000000000E-002  0.44460000000000000        4.4999999999999998E-002  0.33520000000000000       0.16460000000000000        0.0000000000000000     
   173.00000000000000       0.80769797164415724        1.0400000000000000E-002  0.44479999999999997        4.2000000000000003E-002  0.33820000000000000       0.16460000000000000        0.0000000000000000     
   174.00000000000000       0.81873154207817789        9.7999999999999997E-003  0.44540000000000002        3.5400000000000001E-002  0.34480000000000000       0.16420000000000001        4.0000000000000002E-004
   175.00000000000000       0.82327532173768270        8.6000000000000000E-003  0.44679999999999997        3.5200000000000002E-002  0.34480000000000000       0.16320000000000001        1.4000000000000000E-003
   176.00000000000000       0.85144465559804383        7.7999999999999996E-003  0.44719999999999999        1.7600000000000001E-002  0.36280000000000001       0.16280000000000000        1.8000000000000000E-003
   177.00000000000000       0.85848495797882385        7.7999999999999996E-003  0.44660000000000000        1.7600000000000001E-002  0.36340000000000000       0.16300000000000001        1.6000000000000001E-003
   178.00000000000000       0.86464222489676823        7.7999999999999996E-003  0.44660000000000000        1.7600000000000001E-002  0.36340000000000000       0.16280000000000000        1.8000000000000000E-003
   179.00000000000000       0.89406078287933743        7.7999999999999996E-003  0.44679999999999997        0.0000000000000000       0.38080000000000003       0.16280000000000000        1.8000000000000000E-003
   180.00000000000000       0.90157179283516375        7.6000000000000000E-003  0.44679999999999997        0.0000000000000000       0.38100000000000001       0.16280000000000000        1.8000000000000000E-003
   181.00000000000000       0.90876725123099245        7.6000000000000000E-003  0.44679999999999997        0.0000000000000000       0.38100000000000001       0.16280000000000000        1.8000000000000000E-003
   182.00000000000000       0.91417337400679299        7.4000000000000003E-003  0.44679999999999997        0.0000000000000000       0.38119999999999998       0.16259999999999999        2.0000000000000000E-003
   183.00000000000000       0.92403115292436000        7.4000000000000003E-003  0.44660000000000000        2.0000000000000001E-004  0.38119999999999998       0.16220000000000001        2.3999999999999998E-003
   184.00000000000000       0.93051550330753041        7.4000000000000003E-003  0.44579999999999997        5.9999999999999995E-004  0.38159999999999999       0.16220000000000001        2.3999999999999998E-003
   185.00000000000000       0.93521227246175787        7.4000000000000003E-003  0.44579999999999997        5.9999999999999995E-004  0.38159999999999999       0.16239999999999999        2.2000000000000001E-003
   186.00000000000000       0.94237413476528753        7.4000000000000003E-003  0.44579999999999997        4.0000000000000002E-004  0.38179999999999997       0.16239999999999999        2.2000000000000001E-003
   187.00000000000000       0.94723467649729909        7.4000000000000003E-003  0.44579999999999997        4.0000000000000002E-004  0.38179999999999997       0.16239999999999999        2.2000000000000001E-003
   188.00000000000000       0.95070378010918366        7.4000000000000003E-003  0.44540000000000002        4.0000000000000002E-004  0.38219999999999998       0.16239999999999999        2.2000000000000001E-003
   189.00000000000000       0.95452163988518457        5.5999999999999999E-003  0.44719999999999999        4.0000000000000002E-004  0.38219999999999998       0.16239999999999999        2.2000000000000001E-003
