#        BMIN =   406
#        BMAX =   411
#     INIBAND =   411
#      NBANDS =   540
#         NSW =  2000
#       POTIM =   1.0
#        TEMP = 300.0
#    NAMDTINI =   742
#    NAMDTIME =  1000
#       NTRAJ =  5000
#        NELM =  1000
#       LHOLE =     T
#        LSHP =     T
#      LCPTXT =     T
#      RUNDIR = ../../run/
   1.0000000000000000        2.3005578326516583        0.0000000000000000        0.0000000000000000        0.0000000000000000        0.0000000000000000        0.0000000000000000        1.0000000000000000     
   2.0000000000000000        2.0004276537883525        0.0000000000000000        0.0000000000000000        0.0000000000000000        0.0000000000000000        0.0000000000000000        1.0000000000000000     
   3.0000000000000000        1.8366128865837410        0.0000000000000000        0.0000000000000000        0.0000000000000000        0.0000000000000000        0.0000000000000000        1.0000000000000000     
   4.0000000000000000        2.0373345521399395        0.0000000000000000        0.0000000000000000        0.0000000000000000        0.0000000000000000        0.0000000000000000        1.0000000000000000     
   5.0000000000000000        1.7626598724180855        0.0000000000000000        0.0000000000000000        0.0000000000000000        0.0000000000000000        0.0000000000000000        1.0000000000000000     
   6.0000000000000000        1.7369463212892939        0.0000000000000000        0.0000000000000000        0.0000000000000000        0.0000000000000000        0.0000000000000000        1.0000000000000000     
   7.0000000000000000        1.7054479693079183        0.0000000000000000        0.0000000000000000        0.0000000000000000        0.0000000000000000        0.0000000000000000        1.0000000000000000     
   8.0000000000000000        1.6709336613752401        0.0000000000000000        0.0000000000000000        0.0000000000000000        0.0000000000000000        0.0000000000000000        1.0000000000000000     
   9.0000000000000000        1.6343278806551793        0.0000000000000000        0.0000000000000000        0.0000000000000000        0.0000000000000000        0.0000000000000000        1.0000000000000000     
   10.000000000000000        1.5961876078715747        0.0000000000000000        0.0000000000000000        0.0000000000000000        0.0000000000000000        0.0000000000000000        1.0000000000000000     
   11.000000000000000        1.5584827757167985        0.0000000000000000        0.0000000000000000        0.0000000000000000        0.0000000000000000        0.0000000000000000        1.0000000000000000     
   12.000000000000000        1.5212509329443793        0.0000000000000000        0.0000000000000000        0.0000000000000000        0.0000000000000000        0.0000000000000000        1.0000000000000000     
   13.000000000000000        1.4852523532840760        0.0000000000000000        0.0000000000000000        0.0000000000000000        0.0000000000000000        0.0000000000000000        1.0000000000000000     
   14.000000000000000        1.4528718147617807        0.0000000000000000        0.0000000000000000        0.0000000000000000        0.0000000000000000        2.0000000000000001E-004  0.99980000000000002     
   15.000000000000000        1.4236507148378770        0.0000000000000000        0.0000000000000000        0.0000000000000000        0.0000000000000000        2.5999999999999999E-003  0.99739999999999995     
   16.000000000000000        1.3988831873302956        0.0000000000000000        0.0000000000000000        0.0000000000000000        0.0000000000000000        6.4600000000000005E-002  0.93540000000000001     
   17.000000000000000        1.3804226655004468        0.0000000000000000        0.0000000000000000        0.0000000000000000        0.0000000000000000        0.0000000000000000        1.0000000000000000     
   18.000000000000000        1.3682216523078765        0.0000000000000000        0.0000000000000000        0.0000000000000000        2.9000000000000001E-002   0.0000000000000000       0.97099999999999997     
   19.000000000000000        1.3659491233330217        0.0000000000000000        0.0000000000000000        0.0000000000000000        2.9000000000000001E-002   0.0000000000000000       0.97099999999999997     
   20.000000000000000        1.3817879692031589        0.0000000000000000        0.0000000000000000        0.0000000000000000        2.9000000000000001E-002   0.0000000000000000       0.97099999999999997     
   21.000000000000000        1.3981129240620842        0.0000000000000000        0.0000000000000000        0.0000000000000000        2.9000000000000001E-002   0.0000000000000000       0.97099999999999997     
   22.000000000000000        1.4141942263111409        0.0000000000000000        0.0000000000000000        0.0000000000000000        2.9000000000000001E-002   0.0000000000000000       0.97099999999999997     
   23.000000000000000        1.4286807438716083        0.0000000000000000        0.0000000000000000        0.0000000000000000        2.9000000000000001E-002  0.12700000000000000       0.84399999999999997     
   24.000000000000000        1.4468286207553229        0.0000000000000000        0.0000000000000000        0.0000000000000000       0.15579999999999999        2.2000000000000001E-003  0.84199999999999997     
   25.000000000000000        1.4789622354701688        0.0000000000000000        0.0000000000000000        0.0000000000000000       0.15579999999999999        2.5999999999999999E-003  0.84160000000000001     
   26.000000000000000        1.5132193254035917        0.0000000000000000        0.0000000000000000        0.0000000000000000       0.15579999999999999        2.5999999999999999E-003  0.84160000000000001     
   27.000000000000000        1.5500151946889202        0.0000000000000000        0.0000000000000000        0.0000000000000000       0.15579999999999999        1.8000000000000000E-003  0.84240000000000004     
   28.000000000000000        1.5870579830339879        0.0000000000000000        0.0000000000000000        0.0000000000000000       0.15579999999999999        1.6000000000000001E-003  0.84260000000000002     
   29.000000000000000        1.6243638512757776        0.0000000000000000        0.0000000000000000        0.0000000000000000       0.15579999999999999        1.6000000000000001E-003  0.84260000000000002     
   30.000000000000000        1.6600673776146302        0.0000000000000000        0.0000000000000000        0.0000000000000000       0.15579999999999999        1.6000000000000001E-003  0.84260000000000002     
   31.000000000000000        1.6946718055769625        0.0000000000000000        0.0000000000000000        0.0000000000000000       0.15579999999999999        1.6000000000000001E-003  0.84260000000000002     
   32.000000000000000        1.7264177445134581        0.0000000000000000        0.0000000000000000        0.0000000000000000       0.15579999999999999        1.6000000000000001E-003  0.84260000000000002     
   33.000000000000000        1.7539292963297903        0.0000000000000000        0.0000000000000000        0.0000000000000000       0.15579999999999999        1.6000000000000001E-003  0.84260000000000002     
   34.000000000000000        1.7780723147268018        0.0000000000000000        0.0000000000000000        0.0000000000000000       0.15579999999999999        2.0000000000000000E-003  0.84219999999999995     
   35.000000000000000        1.7972315073212870        0.0000000000000000        0.0000000000000000        0.0000000000000000       0.15579999999999999        1.0000000000000000E-003  0.84319999999999995     
   36.000000000000000        1.8116876300941265        0.0000000000000000        0.0000000000000000        0.0000000000000000       0.15579999999999999        1.0000000000000000E-003  0.84319999999999995     
   37.000000000000000        1.8210789236791145        0.0000000000000000        0.0000000000000000        0.0000000000000000       0.15579999999999999        8.0000000000000004E-004  0.84340000000000004     
   38.000000000000000        1.8156339363763594        0.0000000000000000        0.0000000000000000        0.0000000000000000       0.15579999999999999        2.2000000000000001E-003  0.84199999999999997     
   39.000000000000000        1.8249502076795368        0.0000000000000000        0.0000000000000000        0.0000000000000000       0.15579999999999999        1.8000000000000000E-003  0.84240000000000004     
   40.000000000000000        1.8099014071045885        0.0000000000000000        0.0000000000000000        0.0000000000000000       0.15579999999999999        1.8000000000000000E-003  0.84240000000000004     
   41.000000000000000        1.8092312351099231        0.0000000000000000        0.0000000000000000        0.0000000000000000       0.15579999999999999        1.4000000000000000E-003  0.84279999999999999     
   42.000000000000000        1.7949498699205679        0.0000000000000000        0.0000000000000000        0.0000000000000000       0.15579999999999999        2.3999999999999998E-003  0.84179999999999999     
   43.000000000000000        1.7761987723303714        0.0000000000000000        0.0000000000000000        0.0000000000000000       0.15579999999999999        4.1999999999999997E-003  0.83999999999999997     
   44.000000000000000        1.7555555665916476        0.0000000000000000        0.0000000000000000        0.0000000000000000       0.15579999999999999        5.1999999999999998E-003  0.83899999999999997     
   45.000000000000000        1.7328974095302934        0.0000000000000000        0.0000000000000000        0.0000000000000000       0.15579999999999999        5.0000000000000001E-003  0.83919999999999995     
   46.000000000000000        1.7086347358656080        0.0000000000000000        0.0000000000000000        0.0000000000000000       0.15579999999999999        0.0000000000000000       0.84419999999999995     
   47.000000000000000        1.6839387638212444        0.0000000000000000        0.0000000000000000        0.0000000000000000       0.15579999999999999        4.0000000000000002E-004  0.84379999999999999     
   48.000000000000000        1.6589911221780103        0.0000000000000000        0.0000000000000000        0.0000000000000000       0.15579999999999999        2.8000000000000000E-003  0.84140000000000004     
   49.000000000000000        1.6364612889801822        0.0000000000000000        0.0000000000000000        0.0000000000000000       0.15579999999999999        0.0000000000000000       0.84419999999999995     
   50.000000000000000        1.6156129749837354        0.0000000000000000        0.0000000000000000        0.0000000000000000       0.15579999999999999        5.9999999999999995E-004  0.84360000000000002     
   51.000000000000000        1.5972101162102330        0.0000000000000000        0.0000000000000000        0.0000000000000000       0.15579999999999999        5.9999999999999995E-004  0.84360000000000002     
   52.000000000000000        1.5822075690554998        0.0000000000000000        0.0000000000000000        0.0000000000000000       0.15579999999999999        5.9999999999999995E-004  0.84360000000000002     
   53.000000000000000        1.5706382279835456        0.0000000000000000        0.0000000000000000        0.0000000000000000       0.15579999999999999        5.9999999999999995E-004  0.84360000000000002     
   54.000000000000000        1.5625702565304429        0.0000000000000000        0.0000000000000000        0.0000000000000000       0.15579999999999999        5.9999999999999995E-004  0.84360000000000002     
   55.000000000000000        1.5581073816117397        0.0000000000000000        0.0000000000000000        0.0000000000000000       0.15579999999999999        1.0000000000000000E-003  0.84319999999999995     
   56.000000000000000        1.5572968073953140        0.0000000000000000        0.0000000000000000        0.0000000000000000       0.15579999999999999        5.9999999999999995E-004  0.84360000000000002     
   57.000000000000000        1.5600520169982661        0.0000000000000000        0.0000000000000000        0.0000000000000000       0.15579999999999999        5.1999999999999998E-003  0.83899999999999997     
   58.000000000000000        1.5655316829411356        0.0000000000000000        0.0000000000000000        0.0000000000000000       0.15579999999999999        0.0000000000000000       0.84419999999999995     
   59.000000000000000        1.5735032937929445        0.0000000000000000        0.0000000000000000        0.0000000000000000       0.15579999999999999        4.0000000000000002E-004  0.84379999999999999     
   60.000000000000000        1.5836321317975139        0.0000000000000000        0.0000000000000000        0.0000000000000000       0.15579999999999999        4.0000000000000002E-004  0.84379999999999999     
   61.000000000000000        1.5953410817834941        0.0000000000000000        0.0000000000000000        0.0000000000000000       0.15579999999999999        2.3999999999999998E-003  0.84179999999999999     
   62.000000000000000        1.6080982636323289        0.0000000000000000        0.0000000000000000        0.0000000000000000       0.15579999999999999        1.6000000000000001E-003  0.84260000000000002     
   63.000000000000000        1.6216915795714846        0.0000000000000000        0.0000000000000000        0.0000000000000000       0.15579999999999999        1.8000000000000000E-003  0.84240000000000004     
   64.000000000000000        1.6357624987587722        0.0000000000000000        0.0000000000000000        0.0000000000000000       0.15579999999999999        2.0000000000000000E-003  0.84219999999999995     
   65.000000000000000        1.6494690418489213        0.0000000000000000        0.0000000000000000        0.0000000000000000       0.15579999999999999        2.8000000000000000E-003  0.84140000000000004     
   66.000000000000000        1.6631211636439236        0.0000000000000000        0.0000000000000000        0.0000000000000000       0.15579999999999999        1.4000000000000000E-003  0.84279999999999999     
   67.000000000000000        1.6758663201133723        0.0000000000000000        0.0000000000000000        0.0000000000000000       0.15579999999999999        2.0000000000000001E-004  0.84399999999999997     
   68.000000000000000        1.6875218880739555        0.0000000000000000        0.0000000000000000        0.0000000000000000       0.15579999999999999        5.9999999999999995E-004  0.84360000000000002     
   69.000000000000000        1.6981772807887543        0.0000000000000000        0.0000000000000000        0.0000000000000000       0.15579999999999999        1.1999999999999999E-003  0.84299999999999997     
   70.000000000000000        1.7073122913370060        0.0000000000000000        0.0000000000000000        0.0000000000000000       0.15579999999999999        1.0000000000000000E-003  0.84319999999999995     
   71.000000000000000        1.7148784889171245        0.0000000000000000        0.0000000000000000        0.0000000000000000       0.15579999999999999        1.0000000000000000E-003  0.84319999999999995     
   72.000000000000000        1.7208915125175759        0.0000000000000000        0.0000000000000000        0.0000000000000000       0.15579999999999999        4.0000000000000002E-004  0.84379999999999999     
   73.000000000000000        1.7248424577591324        0.0000000000000000        0.0000000000000000        0.0000000000000000       0.15579999999999999        4.0000000000000002E-004  0.84379999999999999     
   74.000000000000000        1.7271862515460734        0.0000000000000000        0.0000000000000000        0.0000000000000000       0.15579999999999999        4.0000000000000002E-004  0.84379999999999999     
   75.000000000000000        1.7279702765209204        0.0000000000000000        0.0000000000000000        0.0000000000000000       0.15579999999999999        4.0000000000000002E-004  0.84379999999999999     
   76.000000000000000        1.7270811958346894        0.0000000000000000        0.0000000000000000        0.0000000000000000       0.15579999999999999        4.0000000000000002E-004  0.84379999999999999     
   77.000000000000000        1.7249627039543827        0.0000000000000000        0.0000000000000000        0.0000000000000000       0.15579999999999999        8.0000000000000004E-004  0.84340000000000004     
   78.000000000000000        1.7215897532229791        0.0000000000000000        0.0000000000000000        0.0000000000000000       0.15579999999999999        0.0000000000000000       0.84419999999999995     
   79.000000000000000        1.7183291964734568        0.0000000000000000        0.0000000000000000        0.0000000000000000       0.15579999999999999        0.0000000000000000       0.84419999999999995     
   80.000000000000000        1.7138570520614207        0.0000000000000000        0.0000000000000000        0.0000000000000000       0.15579999999999999        1.4000000000000000E-003  0.84279999999999999     
   81.000000000000000        1.7087641228368691        0.0000000000000000        0.0000000000000000        0.0000000000000000       0.15579999999999999        1.4000000000000000E-003  0.84279999999999999     
   82.000000000000000        1.7052897676788257        0.0000000000000000        0.0000000000000000        0.0000000000000000       0.15579999999999999        0.0000000000000000       0.84419999999999995     
   83.000000000000000        1.7016713971802970        0.0000000000000000        0.0000000000000000        0.0000000000000000       0.15579999999999999        3.0000000000000001E-003  0.84119999999999995     
   84.000000000000000        1.6999078402758416        0.0000000000000000        0.0000000000000000        0.0000000000000000       0.15579999999999999        2.5999999999999999E-003  0.84160000000000001     
   85.000000000000000        1.6999357744488015        0.0000000000000000        0.0000000000000000        0.0000000000000000       0.15579999999999999        0.0000000000000000       0.84419999999999995     
   86.000000000000000        1.7016910918221630        0.0000000000000000        0.0000000000000000        0.0000000000000000       0.15579999999999999        0.0000000000000000       0.84419999999999995     
   87.000000000000000        1.7042260590526084        0.0000000000000000        0.0000000000000000        0.0000000000000000       0.15579999999999999        1.0000000000000000E-003  0.84319999999999995     
   88.000000000000000        1.7104078573033632        0.0000000000000000        0.0000000000000000        0.0000000000000000       0.15579999999999999        0.0000000000000000       0.84419999999999995     
   89.000000000000000        1.7175923728159612        0.0000000000000000        0.0000000000000000        0.0000000000000000       0.15579999999999999        0.0000000000000000       0.84419999999999995     
   90.000000000000000        1.7262849271998690        0.0000000000000000        0.0000000000000000        0.0000000000000000       0.15579999999999999        5.9999999999999995E-004  0.84360000000000002     
   91.000000000000000        1.7363482043065186        0.0000000000000000        0.0000000000000000        0.0000000000000000       0.15579999999999999        0.0000000000000000       0.84419999999999995     
   92.000000000000000        1.7470356833692506        0.0000000000000000        0.0000000000000000        0.0000000000000000       0.15579999999999999        2.0000000000000001E-004  0.84399999999999997     
   93.000000000000000        1.7578538829794286        0.0000000000000000        0.0000000000000000        0.0000000000000000       0.15579999999999999        2.0000000000000001E-004  0.84399999999999997     
   94.000000000000000        1.7683113310689222        0.0000000000000000        0.0000000000000000        0.0000000000000000       0.15579999999999999        1.0000000000000000E-003  0.84319999999999995     
   95.000000000000000        1.7780180388512161        0.0000000000000000        0.0000000000000000        0.0000000000000000       0.15579999999999999        0.0000000000000000       0.84419999999999995     
   96.000000000000000        1.7882168172051696        0.0000000000000000        0.0000000000000000        0.0000000000000000       0.15579999999999999        0.0000000000000000       0.84419999999999995     
   97.000000000000000        1.7931772495045506        0.0000000000000000        0.0000000000000000        0.0000000000000000       0.15579999999999999        0.0000000000000000       0.84419999999999995     
   98.000000000000000        1.7925713906372911        0.0000000000000000        0.0000000000000000        0.0000000000000000       0.15579999999999999        2.2000000000000001E-003  0.84199999999999997     
   99.000000000000000        1.7990379086424424        0.0000000000000000        0.0000000000000000        0.0000000000000000       0.15579999999999999        8.0000000000000004E-004  0.84340000000000004     
   100.00000000000000        1.7982948452062042        0.0000000000000000        0.0000000000000000        0.0000000000000000       0.15579999999999999        8.0000000000000004E-004  0.84340000000000004     
   101.00000000000000        1.7942227631478695        0.0000000000000000        0.0000000000000000        0.0000000000000000       0.15579999999999999        2.0000000000000000E-003  0.84219999999999995     
   102.00000000000000        1.7869319553881726        0.0000000000000000        0.0000000000000000        0.0000000000000000       0.15579999999999999        1.8000000000000000E-003  0.84240000000000004     
   103.00000000000000        1.7769115830000675        0.0000000000000000        0.0000000000000000        0.0000000000000000       0.15579999999999999        2.5999999999999999E-003  0.84160000000000001     
   104.00000000000000        1.7640297691693376        0.0000000000000000        0.0000000000000000        0.0000000000000000       0.15579999999999999        5.4000000000000003E-003  0.83879999999999999     
   105.00000000000000        1.7486284615954681        0.0000000000000000        0.0000000000000000        0.0000000000000000       0.15579999999999999        8.0000000000000002E-003  0.83620000000000005     
   106.00000000000000        1.7308893783057480        0.0000000000000000        0.0000000000000000        0.0000000000000000       0.15579999999999999        6.0000000000000001E-003  0.83819999999999995     
   107.00000000000000        1.7107412755507065        0.0000000000000000        0.0000000000000000        0.0000000000000000       0.15579999999999999        3.8000000000000000E-003  0.84040000000000004     
   108.00000000000000        1.6891640831901018        0.0000000000000000        0.0000000000000000        0.0000000000000000       0.15579999999999999        4.4000000000000003E-003  0.83979999999999999     
   109.00000000000000        1.6663844815949909        0.0000000000000000        0.0000000000000000        0.0000000000000000       0.15579999999999999        5.5999999999999999E-003  0.83860000000000001     
   110.00000000000000        1.6423415380730373        0.0000000000000000        0.0000000000000000        0.0000000000000000       0.15579999999999999        6.4000000000000003E-003  0.83779999999999999     
   111.00000000000000        1.6234869000608392        0.0000000000000000        0.0000000000000000        0.0000000000000000        2.7199999999999998E-002   2.0600000000000000E-002  0.95220000000000005     
   112.00000000000000        1.5954696579634819        0.0000000000000000        0.0000000000000000        0.0000000000000000        2.9399999999999999E-002   1.8400000000000000E-002  0.95220000000000005     
   113.00000000000000        1.6072633708242923        0.0000000000000000        0.0000000000000000        0.0000000000000000        2.8600000000000000E-002   1.9199999999999998E-002  0.95220000000000005     
   114.00000000000000        1.6176025606146054        0.0000000000000000        0.0000000000000000        0.0000000000000000        2.8400000000000002E-002   1.9400000000000001E-002  0.95220000000000005     
   115.00000000000000        1.6261046541997435        0.0000000000000000        0.0000000000000000        0.0000000000000000        2.8199999999999999E-002   1.9599999999999999E-002  0.95220000000000005     
   116.00000000000000        1.6323271452544914        0.0000000000000000        0.0000000000000000        0.0000000000000000        2.7600000000000000E-002   2.0199999999999999E-002  0.95220000000000005     
   117.00000000000000        1.6361205063752786        0.0000000000000000        0.0000000000000000        0.0000000000000000        2.7600000000000000E-002   2.0199999999999999E-002  0.95220000000000005     
   118.00000000000000        1.6371589871122285        0.0000000000000000        0.0000000000000000        0.0000000000000000        2.7600000000000000E-002   2.0199999999999999E-002  0.95220000000000005     
   119.00000000000000        1.6353963053177780        0.0000000000000000        0.0000000000000000        0.0000000000000000        2.7600000000000000E-002   2.0199999999999999E-002  0.95220000000000005     
   120.00000000000000        1.6308491335797386        0.0000000000000000        0.0000000000000000        0.0000000000000000        2.7199999999999998E-002   2.0600000000000000E-002  0.95220000000000005     
   121.00000000000000        1.6234185652850823        0.0000000000000000        0.0000000000000000        0.0000000000000000        2.7799999999999998E-002   2.0000000000000000E-002  0.95220000000000005     
   122.00000000000000        1.6136652034391905        0.0000000000000000        0.0000000000000000        0.0000000000000000        2.5600000000000001E-002   2.2200000000000001E-002  0.95220000000000005     
   123.00000000000000        1.6013472565576952        0.0000000000000000        0.0000000000000000        0.0000000000000000        2.9800000000000000E-002   1.7999999999999999E-002  0.95220000000000005     
   124.00000000000000        1.5871076781505264        0.0000000000000000        0.0000000000000000        0.0000000000000000        2.8199999999999999E-002   1.9599999999999999E-002  0.95220000000000005     
   125.00000000000000        1.5712727733005079        0.0000000000000000        0.0000000000000000        0.0000000000000000        2.5600000000000001E-002   2.0000000000000000E-002  0.95440000000000003     
   126.00000000000000        1.5575569177559103        0.0000000000000000        0.0000000000000000        0.0000000000000000        3.0800000000000001E-002   2.6200000000000001E-002  0.94299999999999995     
   127.00000000000000        1.5899518910917201        0.0000000000000000        0.0000000000000000        0.0000000000000000        3.0800000000000001E-002   3.0400000000000000E-002  0.93879999999999997     
   128.00000000000000        1.6241305875034440        0.0000000000000000        0.0000000000000000        0.0000000000000000        3.0800000000000001E-002   3.2399999999999998E-002  0.93679999999999997     
   129.00000000000000        1.6593514967467782        0.0000000000000000        0.0000000000000000        0.0000000000000000        3.0800000000000001E-002   2.3599999999999999E-002  0.94560000000000000     
   130.00000000000000        1.6941272898943565        0.0000000000000000        0.0000000000000000        0.0000000000000000        3.0800000000000001E-002   1.6000000000000000E-002  0.95320000000000005     
   131.00000000000000        1.7270916387539699        0.0000000000000000        0.0000000000000000        0.0000000000000000        3.0800000000000001E-002   1.4400000000000000E-002  0.95479999999999998     
   132.00000000000000        1.7579292756285767        0.0000000000000000        0.0000000000000000        0.0000000000000000        3.0800000000000001E-002   1.7800000000000000E-002  0.95140000000000002     
   133.00000000000000        1.7854174864857311        0.0000000000000000        0.0000000000000000        0.0000000000000000        3.0800000000000001E-002   1.3200000000000000E-002  0.95599999999999996     
   134.00000000000000        1.8098552619074542        0.0000000000000000        0.0000000000000000        0.0000000000000000        3.0800000000000001E-002   1.2600000000000000E-002  0.95660000000000001     
   135.00000000000000        1.8263704072129541        0.0000000000000000        0.0000000000000000        0.0000000000000000        3.0800000000000001E-002   1.2800000000000001E-002  0.95640000000000003     
   136.00000000000000        1.8399514295920512        0.0000000000000000        0.0000000000000000        0.0000000000000000        3.0800000000000001E-002   1.2000000000000000E-002  0.95720000000000005     
   137.00000000000000        1.8479549882000019        0.0000000000000000        0.0000000000000000        0.0000000000000000        3.0800000000000001E-002   1.1800000000000000E-002  0.95740000000000003     
   138.00000000000000        1.8489443932560099        0.0000000000000000        0.0000000000000000        0.0000000000000000        3.0800000000000001E-002   1.1800000000000000E-002  0.95740000000000003     
   139.00000000000000        1.8458430532793200        0.0000000000000000        0.0000000000000000        0.0000000000000000        3.0800000000000001E-002   1.1800000000000000E-002  0.95740000000000003     
   140.00000000000000        1.8361236036229203        0.0000000000000000        0.0000000000000000        0.0000000000000000        3.0800000000000001E-002   1.1800000000000000E-002  0.95740000000000003     
   141.00000000000000        1.8205839267060986        0.0000000000000000        0.0000000000000000        0.0000000000000000        3.0800000000000001E-002   1.1800000000000000E-002  0.95740000000000003     
   142.00000000000000        1.8003538090301696        0.0000000000000000        0.0000000000000000        0.0000000000000000        3.0800000000000001E-002   1.1800000000000000E-002  0.95740000000000003     
   143.00000000000000        1.7757662309300373        0.0000000000000000        0.0000000000000000        0.0000000000000000        3.0800000000000001E-002   1.1800000000000000E-002  0.95740000000000003     
   144.00000000000000        1.7469651633278676        0.0000000000000000        0.0000000000000000        0.0000000000000000        3.0800000000000001E-002   1.1800000000000000E-002  0.95740000000000003     
   145.00000000000000        1.7155453027139544        0.0000000000000000        0.0000000000000000        0.0000000000000000        3.0800000000000001E-002   1.1800000000000000E-002  0.95740000000000003     
   146.00000000000000        1.6822622765476454        0.0000000000000000        0.0000000000000000        0.0000000000000000        3.0800000000000001E-002   1.1800000000000000E-002  0.95740000000000003     
   147.00000000000000        1.6472275683286313        0.0000000000000000        0.0000000000000000        0.0000000000000000        3.0800000000000001E-002   1.1800000000000000E-002  0.95740000000000003     
   148.00000000000000        1.6138837987653429        0.0000000000000000        0.0000000000000000        0.0000000000000000        3.0800000000000001E-002   1.1800000000000000E-002  0.95740000000000003     
   149.00000000000000        1.5812548455516291        0.0000000000000000        0.0000000000000000        0.0000000000000000        3.0800000000000001E-002   1.1800000000000000E-002  0.95740000000000003     
   150.00000000000000        1.5445653194516356        0.0000000000000000        0.0000000000000000        0.0000000000000000        3.0800000000000001E-002   1.1800000000000000E-002  0.95740000000000003     
   151.00000000000000        1.5200937589752395        0.0000000000000000        0.0000000000000000        0.0000000000000000        6.7000000000000004E-002  0.31140000000000001       0.62160000000000004     
   152.00000000000000        1.4897054970498989        0.0000000000000000        0.0000000000000000        0.0000000000000000        6.8000000000000005E-002  0.31059999999999999       0.62139999999999995     
   153.00000000000000        1.4817964259115772        0.0000000000000000        0.0000000000000000        0.0000000000000000        6.8199999999999997E-002  0.31019999999999998       0.62160000000000004     
   154.00000000000000        1.4811986647813620        0.0000000000000000        0.0000000000000000        0.0000000000000000        6.9599999999999995E-002  0.30880000000000002       0.62160000000000004     
   155.00000000000000        1.4837611906393260        0.0000000000000000        0.0000000000000000        0.0000000000000000        6.7199999999999996E-002  0.31119999999999998       0.62160000000000004     
   156.00000000000000        1.4830555011736601        0.0000000000000000        0.0000000000000000        0.0000000000000000       0.19439999999999999       0.20499999999999999       0.60060000000000002     
   157.00000000000000        1.5082732001227850        0.0000000000000000        0.0000000000000000        0.0000000000000000        0.0000000000000000       0.50239999999999996       0.49759999999999999     
   158.00000000000000        1.4860329963254340        0.0000000000000000        0.0000000000000000        0.0000000000000000        2.0000000000000001E-004  0.36780000000000002       0.63200000000000001     
   159.00000000000000        1.6163269294709299        0.0000000000000000        0.0000000000000000        0.0000000000000000        2.0000000000000001E-004  0.16200000000000001       0.83779999999999999     
   160.00000000000000        1.5157659425758223        0.0000000000000000        0.0000000000000000        0.0000000000000000        2.0000000000000001E-004  0.16200000000000001       0.83779999999999999     
   161.00000000000000        1.5183282047046549        0.0000000000000000        0.0000000000000000        0.0000000000000000        2.0000000000000001E-004  0.16200000000000001       0.83779999999999999     
   162.00000000000000        1.5070319345560466        0.0000000000000000        0.0000000000000000        0.0000000000000000       0.15800000000000000        8.6199999999999999E-002  0.75580000000000003     
   163.00000000000000        1.5246701865303927        0.0000000000000000        0.0000000000000000        0.0000000000000000       0.18720000000000001        9.9800000000000000E-002  0.71299999999999997     
   164.00000000000000        1.5686062184647636        0.0000000000000000        0.0000000000000000        0.0000000000000000        8.5999999999999993E-002  0.10000000000000001       0.81399999999999995     
   165.00000000000000        1.5615062304691212        0.0000000000000000        0.0000000000000000        0.0000000000000000        8.5999999999999993E-002  0.10100000000000001       0.81299999999999994     
   166.00000000000000        1.5844284215583702        0.0000000000000000        0.0000000000000000        0.0000000000000000        8.5999999999999993E-002  0.10100000000000001       0.81299999999999994     
   167.00000000000000        1.6195270577089365        0.0000000000000000        0.0000000000000000        0.0000000000000000        8.5999999999999993E-002  0.10100000000000001       0.81299999999999994     
   168.00000000000000        1.7726478494728020        0.0000000000000000        0.0000000000000000        0.0000000000000000        8.5999999999999993E-002  0.10140000000000000       0.81259999999999999     
   169.00000000000000        1.6577985790953740        0.0000000000000000        0.0000000000000000        0.0000000000000000        1.7200000000000000E-002  0.17599999999999999       0.80679999999999996     
   170.00000000000000        1.9934783299581627        0.0000000000000000        0.0000000000000000        0.0000000000000000        7.7799999999999994E-002  0.11459999999999999       0.80759999999999998     
   171.00000000000000        1.6858585755109829        0.0000000000000000        0.0000000000000000        0.0000000000000000        7.7799999999999994E-002  0.11380000000000000       0.80840000000000001     
   172.00000000000000        1.6981164023303217        0.0000000000000000        0.0000000000000000        0.0000000000000000        7.7799999999999994E-002  0.11360000000000001       0.80859999999999999     
   173.00000000000000        1.7094414626362366        0.0000000000000000        0.0000000000000000        0.0000000000000000        7.7799999999999994E-002  0.11260000000000001       0.80959999999999999     
   174.00000000000000        1.7189435579620800        0.0000000000000000        0.0000000000000000        0.0000000000000000        7.7799999999999994E-002  0.11260000000000001       0.80959999999999999     
   175.00000000000000        1.7258556866875918        0.0000000000000000        0.0000000000000000        0.0000000000000000        7.7799999999999994E-002  0.11260000000000001       0.80959999999999999     
   176.00000000000000        1.7302486432839954        0.0000000000000000        0.0000000000000000        0.0000000000000000        7.7799999999999994E-002  0.11260000000000001       0.80959999999999999     
   177.00000000000000        1.7331787542545789        0.0000000000000000        0.0000000000000000        0.0000000000000000        7.7799999999999994E-002  0.11180000000000000       0.81040000000000001     
   178.00000000000000        1.7337247640859279        0.0000000000000000        0.0000000000000000        0.0000000000000000        7.7799999999999994E-002  0.11480000000000000       0.80740000000000001     
   179.00000000000000        1.7317954433735498        0.0000000000000000        0.0000000000000000        0.0000000000000000        7.7799999999999994E-002  0.11920000000000000       0.80300000000000005     
   180.00000000000000        1.7292182550963846        0.0000000000000000        0.0000000000000000        0.0000000000000000        7.7799999999999994E-002  0.12300000000000000       0.79920000000000002     
   181.00000000000000        1.7264834060592136        0.0000000000000000        0.0000000000000000        0.0000000000000000        7.7799999999999994E-002  0.12260000000000000       0.79959999999999998     
   182.00000000000000        1.7231671091157714        0.0000000000000000        0.0000000000000000        0.0000000000000000        7.7799999999999994E-002  0.11340000000000000       0.80879999999999996     
   183.00000000000000        1.7206398459341374        0.0000000000000000        0.0000000000000000        0.0000000000000000        7.7799999999999994E-002  0.10080000000000000       0.82140000000000002     
   184.00000000000000        1.7185230016129505        0.0000000000000000        0.0000000000000000        0.0000000000000000        7.7799999999999994E-002  0.10100000000000001       0.82120000000000004     
   185.00000000000000        1.7175170057758016        0.0000000000000000        0.0000000000000000        0.0000000000000000        7.7799999999999994E-002  0.10020000000000000       0.82199999999999995     
   186.00000000000000        1.7183754069353361        0.0000000000000000        0.0000000000000000        0.0000000000000000        7.7799999999999994E-002  0.11040000000000000       0.81179999999999997     
   187.00000000000000        1.7209197261650684        0.0000000000000000        0.0000000000000000        0.0000000000000000        7.7799999999999994E-002  0.16439999999999999       0.75780000000000003     
   188.00000000000000        1.7254471700088183        0.0000000000000000        0.0000000000000000        0.0000000000000000        7.7799999999999994E-002  0.19919999999999999       0.72299999999999998     
   189.00000000000000        1.7315120877976689        0.0000000000000000        0.0000000000000000        0.0000000000000000        7.7799999999999994E-002  0.21900000000000000       0.70320000000000005     
