#        BMIN =   406
#        BMAX =   411
#     INIBAND =   410
#      NBANDS =   540
#         NSW =  2000
#       POTIM =   1.0
#        TEMP = 300.0
#    NAMDTINI =   595
#    NAMDTIME =  1000
#       NTRAJ =  5000
#        NELM =  1000
#       LHOLE =     T
#        LSHP =     T
#      LCPTXT =     T
#      RUNDIR = ../../run/
   1.0000000000000000        1.6643844604011124        0.0000000000000000        0.0000000000000000        0.0000000000000000        0.0000000000000000        1.0000000000000000        0.0000000000000000     
   2.0000000000000000        1.6536187146561883        0.0000000000000000        0.0000000000000000        0.0000000000000000        0.0000000000000000        1.0000000000000000        0.0000000000000000     
   3.0000000000000000        1.6462244213129753        0.0000000000000000        0.0000000000000000        0.0000000000000000        0.0000000000000000       0.99980000000000002        2.0000000000000001E-004
   4.0000000000000000        1.6418853677540153        0.0000000000000000        0.0000000000000000        0.0000000000000000        0.0000000000000000       0.99980000000000002        2.0000000000000001E-004
   5.0000000000000000        1.6401666935955070        0.0000000000000000        0.0000000000000000        0.0000000000000000        0.0000000000000000       0.99980000000000002        2.0000000000000001E-004
   6.0000000000000000        1.6407024307678864        0.0000000000000000        0.0000000000000000        0.0000000000000000        0.0000000000000000        1.0000000000000000        0.0000000000000000     
   7.0000000000000000        1.6426409375379230        0.0000000000000000        0.0000000000000000        0.0000000000000000        0.0000000000000000        1.0000000000000000        0.0000000000000000     
   8.0000000000000000        1.6457855382899620        0.0000000000000000        0.0000000000000000        0.0000000000000000        0.0000000000000000        1.0000000000000000        0.0000000000000000     
   9.0000000000000000        1.6496434692560245        0.0000000000000000        0.0000000000000000        0.0000000000000000        0.0000000000000000        1.0000000000000000        0.0000000000000000     
   10.000000000000000        1.6535781533976972        0.0000000000000000        0.0000000000000000        0.0000000000000000        0.0000000000000000        1.0000000000000000        0.0000000000000000     
   11.000000000000000        1.6572097774002827        0.0000000000000000        0.0000000000000000        0.0000000000000000        0.0000000000000000       0.99919999999999998        8.0000000000000004E-004
   12.000000000000000        1.6600049811840176        0.0000000000000000        0.0000000000000000        0.0000000000000000        0.0000000000000000       0.99919999999999998        8.0000000000000004E-004
   13.000000000000000        1.6619855828204420        0.0000000000000000        0.0000000000000000        0.0000000000000000        0.0000000000000000        1.0000000000000000        0.0000000000000000     
   14.000000000000000        1.6626894543715740        0.0000000000000000        0.0000000000000000        0.0000000000000000        0.0000000000000000       0.99939999999999996        5.9999999999999995E-004
   15.000000000000000        1.6621922692227733        0.0000000000000000        0.0000000000000000        0.0000000000000000        0.0000000000000000        1.0000000000000000        0.0000000000000000     
   16.000000000000000        1.6597768800862078        0.0000000000000000        0.0000000000000000        0.0000000000000000        0.0000000000000000       0.99980000000000002        2.0000000000000001E-004
   17.000000000000000        1.6560933308961461        0.0000000000000000        0.0000000000000000        0.0000000000000000        0.0000000000000000       0.99980000000000002        2.0000000000000001E-004
   18.000000000000000        1.6501658994591950        0.0000000000000000        0.0000000000000000        0.0000000000000000        0.0000000000000000        1.0000000000000000        0.0000000000000000     
   19.000000000000000        1.6428161989278256        0.0000000000000000        0.0000000000000000        0.0000000000000000        0.0000000000000000        1.0000000000000000        0.0000000000000000     
   20.000000000000000        1.6348278666168814        0.0000000000000000        0.0000000000000000        0.0000000000000000        0.0000000000000000        1.0000000000000000        0.0000000000000000     
   21.000000000000000        1.6243514925932323        0.0000000000000000        0.0000000000000000        0.0000000000000000        0.0000000000000000       0.99960000000000004        4.0000000000000002E-004
   22.000000000000000        1.6134199048616593        0.0000000000000000        0.0000000000000000        0.0000000000000000        0.0000000000000000        1.0000000000000000        0.0000000000000000     
   23.000000000000000        1.6012924829591015        0.0000000000000000        0.0000000000000000        0.0000000000000000        0.0000000000000000       0.99960000000000004        4.0000000000000002E-004
   24.000000000000000        1.5902986887924735        0.0000000000000000        0.0000000000000000        0.0000000000000000        5.1999999999999998E-003  0.77059999999999995       0.22420000000000001     
   25.000000000000000        1.5840633320497184        0.0000000000000000        0.0000000000000000        0.0000000000000000        5.0000000000000001E-003  0.77080000000000004       0.22420000000000001     
   26.000000000000000        1.5746569526323959        0.0000000000000000        0.0000000000000000        0.0000000000000000        5.0000000000000001E-003  0.77059999999999995       0.22439999999999999     
   27.000000000000000        1.5660777769717908        0.0000000000000000        0.0000000000000000        0.0000000000000000        5.0000000000000001E-003  0.77059999999999995       0.22439999999999999     
   28.000000000000000        1.5587445817416528        0.0000000000000000        0.0000000000000000        0.0000000000000000        0.0000000000000000       0.77559999999999996       0.22439999999999999     
   29.000000000000000        1.5530250109914190        0.0000000000000000        0.0000000000000000        0.0000000000000000        0.0000000000000000       0.77559999999999996       0.22439999999999999     
   30.000000000000000        1.5496712175501566        0.0000000000000000        0.0000000000000000        0.0000000000000000        0.0000000000000000       0.77559999999999996       0.22439999999999999     
   31.000000000000000        1.5489160192336695        0.0000000000000000        0.0000000000000000        0.0000000000000000        1.8000000000000000E-003  0.77380000000000004       0.22439999999999999     
   32.000000000000000        1.5512444857445264        0.0000000000000000        0.0000000000000000        0.0000000000000000        7.6000000000000000E-003  0.75380000000000003       0.23860000000000001     
   33.000000000000000        1.5539426142084136        0.0000000000000000        0.0000000000000000        0.0000000000000000        5.9999999999999995E-004  0.76559999999999995       0.23380000000000001     
   34.000000000000000        1.5651023879618853        0.0000000000000000        0.0000000000000000        0.0000000000000000        5.9999999999999995E-004  0.76580000000000004       0.23360000000000000     
   35.000000000000000        1.5815299662535522        0.0000000000000000        0.0000000000000000        0.0000000000000000        5.9999999999999995E-004  0.76480000000000004       0.23460000000000000     
   36.000000000000000        1.6010182155903245        0.0000000000000000        0.0000000000000000        0.0000000000000000        5.9999999999999995E-004  0.71540000000000004       0.28399999999999997     
   37.000000000000000        1.6227590888505321        0.0000000000000000        0.0000000000000000        0.0000000000000000        5.9999999999999995E-004  0.74480000000000002       0.25459999999999999     
   38.000000000000000        1.6459803208987884        0.0000000000000000        0.0000000000000000        0.0000000000000000        5.9999999999999995E-004  0.78620000000000001       0.21320000000000000     
   39.000000000000000        1.6702703635074740        0.0000000000000000        0.0000000000000000        0.0000000000000000        5.9999999999999995E-004  0.80540000000000000       0.19400000000000001     
   40.000000000000000        1.6946879831968120        0.0000000000000000        0.0000000000000000        0.0000000000000000        5.9999999999999995E-004  0.78559999999999997       0.21379999999999999     
   41.000000000000000        1.7174681639654046        0.0000000000000000        0.0000000000000000        0.0000000000000000        5.9999999999999995E-004  0.81799999999999995       0.18140000000000001     
   42.000000000000000        1.7385077104932556        0.0000000000000000        0.0000000000000000        0.0000000000000000        5.9999999999999995E-004  0.81459999999999999       0.18479999999999999     
   43.000000000000000        1.7563226550566653        0.0000000000000000        0.0000000000000000        0.0000000000000000        5.9999999999999995E-004  0.83579999999999999       0.16360000000000000     
   44.000000000000000        1.7709888787760797        0.0000000000000000        0.0000000000000000        0.0000000000000000        5.9999999999999995E-004  0.83579999999999999       0.16360000000000000     
   45.000000000000000        1.7803641569277704        0.0000000000000000        0.0000000000000000        0.0000000000000000        5.9999999999999995E-004  0.85080000000000000       0.14860000000000001     
   46.000000000000000        1.7870706164690067        0.0000000000000000        0.0000000000000000        0.0000000000000000        5.9999999999999995E-004  0.86299999999999999       0.13639999999999999     
   47.000000000000000        1.7873145965101129        0.0000000000000000        0.0000000000000000        0.0000000000000000        5.9999999999999995E-004  0.86299999999999999       0.13639999999999999     
   48.000000000000000        1.7834511648742497        0.0000000000000000        0.0000000000000000        0.0000000000000000        5.9999999999999995E-004  0.85219999999999996       0.14720000000000000     
   49.000000000000000        1.7748356081260834        0.0000000000000000        0.0000000000000000        0.0000000000000000        5.9999999999999995E-004  0.85940000000000005       0.14000000000000001     
   50.000000000000000        1.7599243032213752        0.0000000000000000        0.0000000000000000        0.0000000000000000        5.9999999999999995E-004  0.85019999999999996       0.14920000000000000     
   51.000000000000000        1.7413358171134710        0.0000000000000000        0.0000000000000000        0.0000000000000000        5.9999999999999995E-004  0.84179999999999999       0.15759999999999999     
   52.000000000000000        1.7177555980611900        0.0000000000000000        0.0000000000000000        0.0000000000000000        5.9999999999999995E-004  0.83599999999999997       0.16339999999999999     
   53.000000000000000        1.6914221136615446        0.0000000000000000        0.0000000000000000        0.0000000000000000        5.9999999999999995E-004  0.83060000000000000       0.16880000000000001     
   54.000000000000000        1.6617664234762530        0.0000000000000000        0.0000000000000000        0.0000000000000000        5.9999999999999995E-004  0.83120000000000005       0.16819999999999999     
   55.000000000000000        1.6293382719654479        0.0000000000000000        0.0000000000000000        0.0000000000000000        5.9999999999999995E-004  0.83379999999999999       0.16560000000000000     
   56.000000000000000        1.5960607428474749        0.0000000000000000        0.0000000000000000        0.0000000000000000        5.9999999999999995E-004  0.84099999999999997       0.15840000000000001     
   57.000000000000000        1.5609137089998875        0.0000000000000000        0.0000000000000000        0.0000000000000000        5.9999999999999995E-004  0.83540000000000003       0.16400000000000001     
   58.000000000000000        1.5266561026347722        0.0000000000000000        0.0000000000000000        0.0000000000000000        5.9999999999999995E-004  0.83919999999999995       0.16020000000000001     
   59.000000000000000        1.4938012692529414        0.0000000000000000        0.0000000000000000        0.0000000000000000        5.9999999999999995E-004  0.83620000000000005       0.16320000000000001     
   60.000000000000000        1.4637808758229147        0.0000000000000000        0.0000000000000000        0.0000000000000000        5.9999999999999995E-004  0.83879999999999999       0.16059999999999999     
   61.000000000000000        1.4357340757744821        0.0000000000000000        0.0000000000000000        0.0000000000000000        5.9999999999999995E-004  0.83899999999999997       0.16039999999999999     
   62.000000000000000        1.4138206413816861        0.0000000000000000        0.0000000000000000        0.0000000000000000        5.9999999999999995E-004  0.83960000000000001       0.15980000000000000     
   63.000000000000000        1.3972058685644635        0.0000000000000000        0.0000000000000000        0.0000000000000000        7.6799999999999993E-002  0.51759999999999995       0.40560000000000002     
   64.000000000000000        1.3874784207317430        0.0000000000000000        0.0000000000000000        0.0000000000000000        7.1199999999999999E-002  0.69899999999999995       0.22980000000000000     
   65.000000000000000        1.3830338198895606        0.0000000000000000        0.0000000000000000        0.0000000000000000        6.9800000000000001E-002  0.69899999999999995       0.23119999999999999     
   66.000000000000000        1.3847319224594592        0.0000000000000000        0.0000000000000000        0.0000000000000000        5.7200000000000001E-002  0.69379999999999997       0.24900000000000000     
   67.000000000000000        1.3900920034994382        0.0000000000000000        0.0000000000000000        0.0000000000000000       0.42740000000000000        0.0000000000000000       0.57260000000000000     
   68.000000000000000        1.4044082727285292        0.0000000000000000        0.0000000000000000        1.8000000000000000E-003  0.42559999999999998        0.0000000000000000       0.57260000000000000     
   69.000000000000000        1.4197572970239598        0.0000000000000000        0.0000000000000000        1.2999999999999999E-002  0.41439999999999999        3.1600000000000003E-002  0.54100000000000004     
   70.000000000000000        1.4393752083770588        0.0000000000000000        0.0000000000000000        1.2999999999999999E-002   0.0000000000000000       0.27079999999999999       0.71619999999999995     
   71.000000000000000        1.4609275613389590        0.0000000000000000        0.0000000000000000        1.2999999999999999E-002   4.4000000000000003E-003  0.27079999999999999       0.71179999999999999     
   72.000000000000000        1.7898725494449748        0.0000000000000000        0.0000000000000000        1.2999999999999999E-002   4.4000000000000003E-003  0.32800000000000001       0.65459999999999996     
   73.000000000000000        1.5571765781149103        0.0000000000000000        0.0000000000000000        1.2999999999999999E-002   4.4000000000000003E-003  0.32640000000000002       0.65620000000000001     
   74.000000000000000        1.5915637819081705        0.0000000000000000        0.0000000000000000        1.2999999999999999E-002   4.5999999999999999E-003  0.98240000000000005        0.0000000000000000     
   75.000000000000000        1.6518795393722889        0.0000000000000000        0.0000000000000000        1.1400000000000000E-002   1.9199999999999998E-002  0.96779999999999999        1.6000000000000001E-003
   76.000000000000000        1.6879009898286597        0.0000000000000000        0.0000000000000000        8.8000000000000005E-003   3.7199999999999997E-002  0.94979999999999998        4.1999999999999997E-003
   77.000000000000000        1.7171551586247014        0.0000000000000000        0.0000000000000000        2.0000000000000000E-003   4.4200000000000003E-002  0.95360000000000000        2.0000000000000001E-004
   78.000000000000000        1.7348477199346368        0.0000000000000000        0.0000000000000000        2.0000000000000000E-003   4.4200000000000003E-002  0.95099999999999996        2.8000000000000000E-003
   79.000000000000000        1.7870603683807826        0.0000000000000000        0.0000000000000000        2.0000000000000000E-003   4.4200000000000003E-002  0.95099999999999996        2.8000000000000000E-003
   80.000000000000000        1.8183751793400844        0.0000000000000000        0.0000000000000000        2.0000000000000000E-003   4.4200000000000003E-002  0.94979999999999998        4.0000000000000001E-003
   81.000000000000000        1.8385410242674993        0.0000000000000000        0.0000000000000000        2.0000000000000000E-003   4.4200000000000003E-002  0.95179999999999998        2.0000000000000000E-003
   82.000000000000000        1.8597941032318448        0.0000000000000000        0.0000000000000000        1.6000000000000001E-003   4.4600000000000001E-002  0.95179999999999998        2.0000000000000000E-003
   83.000000000000000        1.8723853349655035        0.0000000000000000        0.0000000000000000        1.6000000000000001E-003   4.4600000000000001E-002  0.95179999999999998        2.0000000000000000E-003
   84.000000000000000        1.8807646104853772        0.0000000000000000        0.0000000000000000        1.6000000000000001E-003   4.4600000000000001E-002  0.95179999999999998        2.0000000000000000E-003
   85.000000000000000        1.8825797684570935        0.0000000000000000        0.0000000000000000        1.6000000000000001E-003   4.4600000000000001E-002  0.95179999999999998        2.0000000000000000E-003
   86.000000000000000        1.8821702249708885        0.0000000000000000        0.0000000000000000        1.6000000000000001E-003   4.4600000000000001E-002  0.95140000000000002        2.3999999999999998E-003
   87.000000000000000        1.8782381418679512        0.0000000000000000        0.0000000000000000        5.9999999999999995E-004   4.5600000000000002E-002  0.95140000000000002        2.3999999999999998E-003
   88.000000000000000        1.8641229372463988        0.0000000000000000        0.0000000000000000        5.9999999999999995E-004   4.5600000000000002E-002  0.95140000000000002        2.3999999999999998E-003
   89.000000000000000        1.8455914282133259        0.0000000000000000        0.0000000000000000        5.9999999999999995E-004   4.5600000000000002E-002  0.95079999999999998        3.0000000000000001E-003
   90.000000000000000        1.8365696723334242        0.0000000000000000        0.0000000000000000        5.9999999999999995E-004   4.5600000000000002E-002  0.95140000000000002        2.3999999999999998E-003
   91.000000000000000        1.8192691851686480        0.0000000000000000        0.0000000000000000        5.9999999999999995E-004   0.0000000000000000       0.99060000000000004        8.8000000000000005E-003
   92.000000000000000        1.8882618127512858        0.0000000000000000        0.0000000000000000        5.9999999999999995E-004  0.16800000000000001       0.67659999999999998       0.15479999999999999     
   93.000000000000000        1.7288379222852150        0.0000000000000000        0.0000000000000000        5.9999999999999995E-004  0.16800000000000001       0.67679999999999996       0.15459999999999999     
   94.000000000000000        1.7062462496306836        0.0000000000000000        0.0000000000000000        5.9999999999999995E-004  0.16800000000000001       0.67379999999999995       0.15759999999999999     
   95.000000000000000        1.6829643898050950        0.0000000000000000        0.0000000000000000        5.9999999999999995E-004  0.16800000000000001       0.67379999999999995       0.15759999999999999     
   96.000000000000000        1.6639514080177429        0.0000000000000000        0.0000000000000000        5.9999999999999995E-004  0.16800000000000001       0.67340000000000000       0.15800000000000000     
   97.000000000000000        1.6458120541534986        0.0000000000000000        0.0000000000000000        2.0000000000000001E-004  0.16839999999999999       0.67200000000000004       0.15939999999999999     
   98.000000000000000        1.6300013489003358        0.0000000000000000        0.0000000000000000        2.0000000000000001E-004  0.16839999999999999       0.67200000000000004       0.15939999999999999     
   99.000000000000000        1.6135542769316245        0.0000000000000000        0.0000000000000000        2.0000000000000001E-004  0.16839999999999999       0.67220000000000002       0.15920000000000001     
   100.00000000000000        1.6039750219114568        0.0000000000000000        0.0000000000000000        2.0000000000000001E-004  0.16839999999999999       0.67159999999999997       0.15980000000000000     
   101.00000000000000        1.5976229480944184        0.0000000000000000        0.0000000000000000        2.0000000000000001E-004  0.16839999999999999       0.67159999999999997       0.15980000000000000     
   102.00000000000000        1.5948867576485128        0.0000000000000000        0.0000000000000000        2.0000000000000001E-004  0.16839999999999999       0.67159999999999997       0.15980000000000000     
   103.00000000000000        1.5948766783689168        0.0000000000000000        0.0000000000000000        2.0000000000000001E-004  0.16839999999999999       0.67000000000000004       0.16139999999999999     
   104.00000000000000        1.5981517239396426        0.0000000000000000        0.0000000000000000        2.0000000000000001E-004  0.16839999999999999       0.63859999999999995       0.19280000000000000     
   105.00000000000000        1.6038235709771733        0.0000000000000000        0.0000000000000000        2.0000000000000001E-004  0.16839999999999999       0.83140000000000003        0.0000000000000000     
   106.00000000000000        1.6113091480041606        0.0000000000000000        0.0000000000000000        2.0000000000000001E-004  0.16839999999999999       0.82540000000000002        6.0000000000000001E-003
   107.00000000000000        1.6204622384733183        0.0000000000000000        0.0000000000000000        2.0000000000000001E-004  0.16839999999999999       0.82540000000000002        6.0000000000000001E-003
   108.00000000000000        1.6308768158355040        0.0000000000000000        0.0000000000000000        2.0000000000000001E-004  0.16839999999999999       0.82540000000000002        6.0000000000000001E-003
   109.00000000000000        1.6418270372766448        0.0000000000000000        0.0000000000000000        2.0000000000000001E-004  0.16839999999999999       0.82540000000000002        6.0000000000000001E-003
   110.00000000000000        1.6531782046740173        0.0000000000000000        0.0000000000000000        2.0000000000000001E-004  0.16839999999999999       0.82479999999999998        6.6000000000000000E-003
   111.00000000000000        1.6659822344757205        0.0000000000000000        0.0000000000000000        2.0000000000000001E-004  0.16839999999999999       0.82479999999999998        6.6000000000000000E-003
   112.00000000000000        1.6755831494315592        0.0000000000000000        0.0000000000000000        2.0000000000000001E-004  0.16839999999999999       0.82479999999999998        6.6000000000000000E-003
   113.00000000000000        1.6856536826590223        0.0000000000000000        0.0000000000000000        2.0000000000000001E-004  0.16839999999999999       0.82479999999999998        6.6000000000000000E-003
   114.00000000000000        1.6946662055788682        0.0000000000000000        0.0000000000000000        2.0000000000000001E-004  0.16839999999999999       0.82479999999999998        6.6000000000000000E-003
   115.00000000000000        1.7041330933361032        0.0000000000000000        0.0000000000000000        2.0000000000000001E-004  0.16839999999999999       0.82479999999999998        6.6000000000000000E-003
   116.00000000000000        1.7077451186223531        0.0000000000000000        0.0000000000000000        2.0000000000000001E-004  0.16839999999999999       0.82479999999999998        6.6000000000000000E-003
   117.00000000000000        1.7128488037239304        0.0000000000000000        0.0000000000000000        2.0000000000000001E-004  0.16839999999999999       0.82479999999999998        6.6000000000000000E-003
   118.00000000000000        1.7169143772341420        0.0000000000000000        0.0000000000000000        2.0000000000000001E-004  0.16839999999999999       0.82440000000000002        7.0000000000000001E-003
   119.00000000000000        1.7163485339075499        0.0000000000000000        0.0000000000000000        2.0000000000000001E-004  0.16839999999999999       0.82440000000000002        7.0000000000000001E-003
   120.00000000000000        1.7154130058378687        0.0000000000000000        0.0000000000000000        2.0000000000000001E-004  0.16839999999999999       0.82440000000000002        7.0000000000000001E-003
   121.00000000000000        1.7126460651517972        0.0000000000000000        0.0000000000000000        2.0000000000000001E-004  0.16839999999999999       0.82420000000000004        7.1999999999999998E-003
   122.00000000000000        1.7046772729471169        0.0000000000000000        0.0000000000000000        2.0000000000000001E-004  0.16839999999999999       0.82420000000000004        7.1999999999999998E-003
   123.00000000000000        1.7029443295057343        0.0000000000000000        0.0000000000000000        2.0000000000000001E-004  0.16839999999999999       0.82420000000000004        7.1999999999999998E-003
   124.00000000000000        1.6962357504918795        0.0000000000000000        0.0000000000000000        2.0000000000000001E-004  0.16839999999999999       0.82420000000000004        7.1999999999999998E-003
   125.00000000000000        1.6896241687824356        0.0000000000000000        0.0000000000000000        2.0000000000000001E-004  0.16839999999999999       0.82420000000000004        7.1999999999999998E-003
   126.00000000000000        1.6801615465059907        0.0000000000000000        0.0000000000000000        2.0000000000000001E-004  0.16839999999999999       0.82420000000000004        7.1999999999999998E-003
   127.00000000000000        1.6719708356325602        0.0000000000000000        0.0000000000000000        2.0000000000000001E-004  0.16839999999999999       0.82420000000000004        7.1999999999999998E-003
   128.00000000000000        1.6639994197779626        0.0000000000000000        0.0000000000000000        2.0000000000000001E-004  0.16839999999999999       0.82420000000000004        7.1999999999999998E-003
   129.00000000000000        1.6570927797876434        0.0000000000000000        0.0000000000000000        2.0000000000000001E-004  0.16839999999999999       0.81940000000000002        1.2000000000000000E-002
   130.00000000000000        1.6521632311456869        0.0000000000000000        0.0000000000000000        2.0000000000000001E-004  0.16839999999999999       0.82040000000000002        1.0999999999999999E-002
   131.00000000000000        1.6477389028635154        0.0000000000000000        0.0000000000000000        2.0000000000000001E-004  0.16839999999999999       0.81840000000000002        1.2999999999999999E-002
   132.00000000000000        1.6456625640925786        0.0000000000000000        0.0000000000000000        2.0000000000000001E-004  0.16839999999999999       0.81859999999999999        1.2800000000000001E-002
   133.00000000000000        1.6459296822145457        0.0000000000000000        0.0000000000000000        2.0000000000000001E-004  0.16839999999999999       0.81759999999999999        1.3800000000000000E-002
   134.00000000000000        1.6487215412077039        0.0000000000000000        0.0000000000000000        2.0000000000000001E-004  0.16839999999999999       0.81659999999999999        1.4800000000000001E-002
   135.00000000000000        1.6535955019319768        0.0000000000000000        0.0000000000000000        2.0000000000000001E-004  0.16839999999999999       0.81659999999999999        1.4800000000000001E-002
   136.00000000000000        1.6601272643303069        0.0000000000000000        0.0000000000000000        2.0000000000000001E-004  0.16839999999999999       0.80979999999999996        2.1600000000000001E-002
   137.00000000000000        1.6693193912773365        0.0000000000000000        0.0000000000000000        2.0000000000000001E-004  0.16839999999999999       0.80579999999999996        2.5600000000000001E-002
   138.00000000000000        1.6793874886139266        0.0000000000000000        0.0000000000000000        2.0000000000000001E-004  0.16839999999999999       0.80640000000000001        2.5000000000000001E-002
   139.00000000000000        1.6895942926183083        0.0000000000000000        0.0000000000000000        2.0000000000000001E-004  0.16839999999999999       0.80859999999999999        2.2800000000000001E-002
   140.00000000000000        1.7006777985472421        0.0000000000000000        0.0000000000000000        2.0000000000000001E-004  0.16839999999999999       0.80720000000000003        2.4199999999999999E-002
   141.00000000000000        1.7120469866007975        0.0000000000000000        0.0000000000000000        2.0000000000000001E-004  0.16839999999999999       0.80720000000000003        2.4199999999999999E-002
   142.00000000000000        1.7217638327860696        0.0000000000000000        0.0000000000000000        2.0000000000000001E-004  0.16839999999999999       0.80679999999999996        2.4600000000000000E-002
   143.00000000000000        1.7297362603335882        0.0000000000000000        0.0000000000000000        0.0000000000000000       0.16860000000000000       0.80679999999999996        2.4600000000000000E-002
   144.00000000000000        1.7358872685954327        0.0000000000000000        0.0000000000000000        0.0000000000000000       0.16860000000000000       0.80659999999999998        2.4799999999999999E-002
   145.00000000000000        1.7387027019509993        0.0000000000000000        0.0000000000000000        0.0000000000000000       0.16860000000000000       0.80640000000000001        2.5000000000000001E-002
   146.00000000000000        1.7938403469628041        0.0000000000000000        0.0000000000000000        0.0000000000000000       0.10360000000000000       0.87139999999999995        2.5000000000000001E-002
   147.00000000000000        1.8935114762842378        0.0000000000000000        0.0000000000000000        1.6400000000000001E-002  0.11620000000000000       0.82199999999999995        4.5400000000000003E-002
   148.00000000000000        1.8423352980413896        0.0000000000000000        0.0000000000000000        1.5800000000000002E-002  0.34999999999999998       0.58699999999999997        4.7199999999999999E-002
   149.00000000000000        1.8507723152762789        0.0000000000000000        0.0000000000000000       0.18440000000000001       0.35820000000000002       0.37640000000000001        8.1000000000000003E-002
   150.00000000000000        1.7464001686854576        0.0000000000000000        0.0000000000000000       0.17699999999999999       0.10860000000000000       0.63959999999999995        7.4800000000000005E-002
   151.00000000000000        1.8008229513542815        0.0000000000000000        0.0000000000000000       0.79800000000000004       0.12720000000000001        0.0000000000000000        7.4800000000000005E-002
   152.00000000000000        1.2714219965200808        0.0000000000000000        0.0000000000000000       0.73880000000000001       0.18640000000000001        1.1999999999999999E-003   7.3599999999999999E-002
   153.00000000000000       0.79572680217029190        0.0000000000000000        0.0000000000000000       0.73880000000000001       0.18640000000000001        1.1999999999999999E-003   7.3599999999999999E-002
   154.00000000000000       0.77766205326733617        0.0000000000000000        0.0000000000000000       0.73380000000000001       0.19139999999999999        1.6000000000000001E-003   7.3200000000000001E-002
   155.00000000000000       0.75984059269566129        0.0000000000000000        0.0000000000000000       0.72340000000000004       0.20180000000000001        1.6000000000000001E-003   7.3200000000000001E-002
   156.00000000000000       0.73255583088814913        0.0000000000000000        0.0000000000000000       0.72340000000000004       0.20180000000000001        1.8000000000000000E-003   7.2999999999999995E-002
   157.00000000000000       0.70243140677665716        0.0000000000000000        0.0000000000000000       0.72340000000000004       0.20180000000000001        2.2000000000000001E-003   7.2599999999999998E-002
   158.00000000000000       0.66916753633968129        0.0000000000000000        0.0000000000000000       0.72340000000000004       0.20180000000000001        2.2000000000000001E-003   7.2599999999999998E-002
   159.00000000000000       0.64446930968552429        0.0000000000000000        0.0000000000000000       0.71399999999999997       0.21120000000000000        2.2000000000000001E-003   7.2599999999999998E-002
   160.00000000000000       0.61254851195631965        0.0000000000000000        0.0000000000000000       0.71399999999999997       0.21120000000000000        2.2000000000000001E-003   7.2599999999999998E-002
   161.00000000000000       0.58219192439823064        0.0000000000000000        0.0000000000000000       0.71399999999999997       0.21120000000000000        2.2000000000000001E-003   7.2599999999999998E-002
   162.00000000000000       0.56003408333450844        0.0000000000000000        0.0000000000000000       0.71040000000000003       0.21479999999999999        5.1999999999999998E-003   6.9599999999999995E-002
   163.00000000000000       0.54115856039502241        0.0000000000000000        0.0000000000000000       0.70979999999999999       0.21540000000000001        5.1999999999999998E-003   6.9599999999999995E-002
   164.00000000000000       0.52884834175542883        0.0000000000000000        2.0000000000000001E-004  0.70960000000000001       0.21540000000000001        1.6799999999999999E-002   5.8000000000000003E-002
   165.00000000000000       0.52796612487187267        0.0000000000000000        7.0000000000000001E-003  0.70220000000000005       0.19100000000000000        7.8000000000000000E-002   2.1800000000000000E-002
   166.00000000000000       0.53167379053789454        0.0000000000000000        7.0000000000000001E-003  0.70179999999999998       0.19100000000000000        7.8000000000000000E-002   2.2200000000000001E-002
   167.00000000000000       0.53819999665731089        0.0000000000000000        7.6000000000000000E-003  0.70120000000000005       0.19000000000000000        7.9000000000000001E-002   2.2200000000000001E-002
   168.00000000000000       0.54761872004341261        0.0000000000000000        7.6000000000000000E-003  0.70120000000000005       0.18980000000000000        7.9200000000000007E-002   2.2200000000000001E-002
   169.00000000000000       0.55855801560321794        0.0000000000000000        7.6000000000000000E-003  0.70120000000000005       0.18980000000000000        7.9200000000000007E-002   2.2200000000000001E-002
   170.00000000000000       0.57117859152489459        0.0000000000000000        7.7999999999999996E-003  0.70060000000000000       0.19059999999999999        5.7400000000000000E-002   4.3600000000000000E-002
   171.00000000000000       0.58523426365953513        0.0000000000000000        7.7999999999999996E-003  0.69999999999999996        5.9999999999999995E-004  0.24800000000000000        4.3600000000000000E-002
   172.00000000000000       0.59666971872186325        0.0000000000000000        8.0000000000000002E-003  0.69979999999999998        5.9999999999999995E-004  0.24759999999999999        4.3999999999999997E-002
   173.00000000000000       0.60968006950631271        0.0000000000000000        8.0000000000000002E-003  0.69979999999999998        5.9999999999999995E-004  0.24779999999999999        4.3799999999999999E-002
   174.00000000000000       0.62231107167735933        0.0000000000000000        7.7999999999999996E-003  0.69999999999999996        5.9999999999999995E-004  0.24840000000000001        4.3200000000000002E-002
   175.00000000000000       0.63406189147119973        0.0000000000000000        8.0000000000000002E-003  0.69979999999999998        5.9999999999999995E-004  0.24840000000000001        4.3200000000000002E-002
   176.00000000000000       0.64532189174375953        0.0000000000000000        8.0000000000000002E-003  0.69979999999999998        5.9999999999999995E-004  0.24840000000000001        4.3200000000000002E-002
   177.00000000000000       0.65573161592514972        0.0000000000000000        8.0000000000000002E-003  0.69940000000000002        1.0000000000000000E-003  0.24840000000000001        4.3200000000000002E-002
   178.00000000000000       0.66394469411199175        0.0000000000000000        8.0000000000000002E-003  0.69940000000000002        1.0000000000000000E-003  0.24840000000000001        4.3200000000000002E-002
   179.00000000000000       0.67091087784873182        5.9999999999999995E-004   7.6000000000000000E-003  0.69920000000000004        1.0000000000000000E-003  0.24840000000000001        4.3200000000000002E-002
   180.00000000000000       0.67694803391800373        4.0000000000000002E-004   7.6000000000000000E-003  0.69920000000000004        1.1999999999999999E-003  0.24700000000000000        4.4600000000000001E-002
   181.00000000000000       0.68139344018529369        5.9999999999999995E-004   7.6000000000000000E-003  0.69899999999999995        1.1999999999999999E-003  0.24600000000000000        4.5600000000000002E-002
   182.00000000000000       0.68581426086083419        1.8000000000000000E-003   7.6000000000000000E-003  0.69720000000000004        1.8000000000000000E-003  0.24740000000000001        4.4200000000000003E-002
   183.00000000000000       0.68843479554722187        2.0000000000000000E-003   7.6000000000000000E-003  0.69699999999999995        1.8000000000000000E-003  0.24640000000000001        4.5199999999999997E-002
   184.00000000000000       0.69072061267970153        2.0000000000000000E-003   7.6000000000000000E-003  0.69699999999999995        1.8000000000000000E-003  0.24660000000000001        4.4999999999999998E-002
   185.00000000000000       0.70166283715175304        2.0000000000000000E-003   7.6000000000000000E-003  0.69620000000000004        2.5999999999999999E-003  0.24299999999999999        4.8599999999999997E-002
   186.00000000000000       0.69489497148268875        1.8000000000000000E-003   7.6000000000000000E-003  0.69620000000000004        2.8000000000000000E-003  0.24440000000000001        4.7199999999999999E-002
   187.00000000000000       0.70269582989039914        1.8000000000000000E-003   7.6000000000000000E-003  0.69620000000000004        2.8000000000000000E-003  0.24440000000000001        4.7199999999999999E-002
   188.00000000000000       0.69428666199770495        1.8000000000000000E-003   7.6000000000000000E-003  0.69620000000000004        2.8000000000000000E-003  0.24740000000000001        4.4200000000000003E-002
   189.00000000000000       0.69292054359726263        1.6000000000000001E-003   7.7999999999999996E-003  0.69579999999999997        3.2000000000000002E-003  0.24520000000000000        4.6399999999999997E-002
