#        BMIN =   406
#        BMAX =   411
#     INIBAND =   408
#      NBANDS =   540
#         NSW =  2000
#       POTIM =   1.0
#        TEMP = 300.0
#    NAMDTINI =   808
#    NAMDTIME =  1000
#       NTRAJ =  5000
#        NELM =  1000
#       LHOLE =     T
#        LSHP =     T
#      LCPTXT =     T
#      RUNDIR = ../../run/
   1.0000000000000000       0.28930250852996175        0.0000000000000000        0.0000000000000000        1.0000000000000000        0.0000000000000000        0.0000000000000000        0.0000000000000000     
   2.0000000000000000       0.30387729571420607        0.0000000000000000        0.0000000000000000        1.0000000000000000        0.0000000000000000        0.0000000000000000        0.0000000000000000     
   3.0000000000000000       0.31816650913760536        0.0000000000000000        0.0000000000000000        1.0000000000000000        0.0000000000000000        0.0000000000000000        0.0000000000000000     
   4.0000000000000000       0.33159234608687060        0.0000000000000000        0.0000000000000000        1.0000000000000000        0.0000000000000000        0.0000000000000000        0.0000000000000000     
   5.0000000000000000       0.34453688590199349        0.0000000000000000        0.0000000000000000        1.0000000000000000        0.0000000000000000        0.0000000000000000        0.0000000000000000     
   6.0000000000000000       0.35676114028739769        0.0000000000000000        0.0000000000000000        1.0000000000000000        0.0000000000000000        0.0000000000000000        0.0000000000000000     
   7.0000000000000000       0.36829579582987093        0.0000000000000000        0.0000000000000000        1.0000000000000000        0.0000000000000000        0.0000000000000000        0.0000000000000000     
   8.0000000000000000       0.37935353432903873        0.0000000000000000        0.0000000000000000        1.0000000000000000        0.0000000000000000        0.0000000000000000        0.0000000000000000     
   9.0000000000000000       0.39062123992848913        0.0000000000000000        2.0000000000000001E-004  0.99980000000000002        0.0000000000000000        0.0000000000000000        0.0000000000000000     
   10.000000000000000       0.40295672391447923        0.0000000000000000        0.0000000000000000       0.99980000000000002        2.0000000000000001E-004   0.0000000000000000        0.0000000000000000     
   11.000000000000000       0.41795221852747688        0.0000000000000000        2.0000000000000001E-004  0.99900000000000000        8.0000000000000004E-004   0.0000000000000000        0.0000000000000000     
   12.000000000000000       0.43529489398903559        0.0000000000000000        4.0000000000000002E-004  0.99880000000000002        8.0000000000000004E-004   0.0000000000000000        0.0000000000000000     
   13.000000000000000       0.45520875420819018        0.0000000000000000        1.4000000000000000E-003  0.99739999999999995        1.1999999999999999E-003   0.0000000000000000        0.0000000000000000     
   14.000000000000000       0.47626045976330533        0.0000000000000000        1.0000000000000000E-003  0.99780000000000002        1.1999999999999999E-003   0.0000000000000000        0.0000000000000000     
   15.000000000000000       0.49688289842766775        0.0000000000000000        1.0000000000000000E-003  0.99739999999999995        1.6000000000000001E-003   0.0000000000000000        0.0000000000000000     
   16.000000000000000       0.51592534606475637        0.0000000000000000        1.0000000000000000E-003  0.99739999999999995        1.6000000000000001E-003   0.0000000000000000        0.0000000000000000     
   17.000000000000000       0.53329661683175211        0.0000000000000000        1.0000000000000000E-003  0.99680000000000002        2.2000000000000001E-003   0.0000000000000000        0.0000000000000000     
   18.000000000000000       0.54804447723662719        0.0000000000000000        1.0000000000000000E-003  0.99660000000000004        2.3999999999999998E-003   0.0000000000000000        0.0000000000000000     
   19.000000000000000       0.55953813741105640        0.0000000000000000        1.0000000000000000E-003  0.99660000000000004        2.3999999999999998E-003   0.0000000000000000        0.0000000000000000     
   20.000000000000000       0.56869535282917250        0.0000000000000000        1.0000000000000000E-003  0.99639999999999995        2.5999999999999999E-003   0.0000000000000000        0.0000000000000000     
   21.000000000000000       0.57553624735532349        0.0000000000000000        1.0000000000000000E-003  0.99639999999999995        2.5999999999999999E-003   0.0000000000000000        0.0000000000000000     
   22.000000000000000       0.57750646540058104        0.0000000000000000        1.0000000000000000E-003  0.99639999999999995        2.5999999999999999E-003   0.0000000000000000        0.0000000000000000     
   23.000000000000000       0.57762434242123173        0.0000000000000000        1.0000000000000000E-003  0.99639999999999995        2.5999999999999999E-003   0.0000000000000000        0.0000000000000000     
   24.000000000000000       0.57443730747722954        0.0000000000000000        1.0000000000000000E-003  0.99639999999999995        2.5999999999999999E-003   0.0000000000000000        0.0000000000000000     
   25.000000000000000       0.56879262566797018        0.0000000000000000        1.0000000000000000E-003  0.99639999999999995        2.5999999999999999E-003   0.0000000000000000        0.0000000000000000     
   26.000000000000000       0.56006615291777495        0.0000000000000000        1.0000000000000000E-003  0.99639999999999995        2.5999999999999999E-003   0.0000000000000000        0.0000000000000000     
   27.000000000000000       0.54854189839654577        0.0000000000000000        1.0000000000000000E-003  0.99619999999999997        2.8000000000000000E-003   0.0000000000000000        0.0000000000000000     
   28.000000000000000       0.53390789627092516        0.0000000000000000        1.0000000000000000E-003  0.99619999999999997        2.8000000000000000E-003   0.0000000000000000        0.0000000000000000     
   29.000000000000000       0.51635125958930117        0.0000000000000000        1.0000000000000000E-003  0.99619999999999997        2.8000000000000000E-003   0.0000000000000000        0.0000000000000000     
   30.000000000000000       0.49238648994673756        0.0000000000000000        1.0000000000000000E-003  0.99619999999999997        2.8000000000000000E-003   0.0000000000000000        0.0000000000000000     
   31.000000000000000       0.47218532273954528        0.0000000000000000        1.0000000000000000E-003  0.99619999999999997        2.8000000000000000E-003   0.0000000000000000        0.0000000000000000     
   32.000000000000000       0.45522103640144568        0.0000000000000000        1.0000000000000000E-003  0.99580000000000002        3.2000000000000002E-003   0.0000000000000000        0.0000000000000000     
   33.000000000000000       0.41717888140390896        0.0000000000000000        1.0000000000000000E-003  0.99580000000000002        3.2000000000000002E-003   0.0000000000000000        0.0000000000000000     
   34.000000000000000       0.38492068482473235        0.0000000000000000        1.0000000000000000E-003  0.99580000000000002        3.2000000000000002E-003   0.0000000000000000        0.0000000000000000     
   35.000000000000000       0.35114381698466807        0.0000000000000000        1.0000000000000000E-003  0.99580000000000002        3.2000000000000002E-003   0.0000000000000000        0.0000000000000000     
   36.000000000000000       0.31664714612758044        0.0000000000000000        1.0000000000000000E-003  0.99560000000000004        3.3999999999999998E-003   0.0000000000000000        0.0000000000000000     
   37.000000000000000       0.28210392943262325        0.0000000000000000        1.0000000000000000E-003  0.99419999999999997        4.7999999999999996E-003   0.0000000000000000        0.0000000000000000     
   38.000000000000000       0.24596996050165670        0.0000000000000000        1.0000000000000000E-003  0.99419999999999997        4.7999999999999996E-003   0.0000000000000000        0.0000000000000000     
   39.000000000000000       0.21043837342996671        0.0000000000000000        1.0000000000000000E-003  0.99419999999999997        4.7999999999999996E-003   0.0000000000000000        0.0000000000000000     
   40.000000000000000       0.17664487071729051        0.0000000000000000        1.0000000000000000E-003  0.99419999999999997        4.7999999999999996E-003   0.0000000000000000        0.0000000000000000     
   41.000000000000000       0.14626481614350934        0.0000000000000000        1.0000000000000000E-003  0.99419999999999997        4.7999999999999996E-003   0.0000000000000000        0.0000000000000000     
   42.000000000000000       0.11980001923417992        0.0000000000000000        1.0000000000000000E-003  0.99419999999999997        4.7999999999999996E-003   0.0000000000000000        0.0000000000000000     
   43.000000000000000        9.8222421016050582E-002   0.0000000000000000        1.0000000000000000E-003  0.99419999999999997        4.7999999999999996E-003   0.0000000000000000        0.0000000000000000     
   44.000000000000000        8.2291102465103169E-002   0.0000000000000000        1.4000000000000000E-003  0.99380000000000002        4.7999999999999996E-003   0.0000000000000000        0.0000000000000000     
   45.000000000000000        7.2026950672696599E-002   0.0000000000000000        1.1999999999999999E-003  0.99399999999999999        3.0000000000000001E-003   8.0000000000000004E-004   1.0000000000000000E-003
   46.000000000000000        6.7635836660834683E-002   0.0000000000000000        1.1999999999999999E-003  0.99399999999999999        3.0000000000000001E-003   8.0000000000000004E-004   1.0000000000000000E-003
   47.000000000000000        7.0345475010968134E-002   0.0000000000000000        2.8799999999999999E-002  0.96640000000000004        3.0000000000000001E-003   8.0000000000000004E-004   1.0000000000000000E-003
   48.000000000000000        8.2139635354766913E-002   0.0000000000000000        6.4000000000000003E-003  0.98880000000000001        3.0000000000000001E-003   8.0000000000000004E-004   1.0000000000000000E-003
   49.000000000000000        9.7981838966675450E-002   0.0000000000000000        5.5999999999999999E-003  0.98960000000000004        3.0000000000000001E-003   8.0000000000000004E-004   1.0000000000000000E-003
   50.000000000000000       0.11558236743732908        0.0000000000000000        6.1999999999999998E-003  0.98899999999999999        3.0000000000000001E-003   8.0000000000000004E-004   1.0000000000000000E-003
   51.000000000000000       0.13440613969119228        0.0000000000000000        6.1999999999999998E-003  0.98899999999999999        3.0000000000000001E-003   8.0000000000000004E-004   1.0000000000000000E-003
   52.000000000000000       0.15380454641667418        0.0000000000000000        6.6000000000000000E-003  0.98860000000000003        3.0000000000000001E-003   8.0000000000000004E-004   1.0000000000000000E-003
   53.000000000000000       0.17348133810374589        0.0000000000000000        6.4000000000000003E-003  0.98880000000000001        3.0000000000000001E-003   8.0000000000000004E-004   1.0000000000000000E-003
   54.000000000000000       0.19358466133539995        0.0000000000000000        6.1999999999999998E-003  0.98880000000000001        3.0000000000000001E-003   8.0000000000000004E-004   1.1999999999999999E-003
   55.000000000000000       0.21300919542066615        0.0000000000000000        5.7999999999999996E-003  0.98919999999999997        3.0000000000000001E-003   8.0000000000000004E-004   1.1999999999999999E-003
   56.000000000000000       0.23249263065554313        0.0000000000000000        5.7999999999999996E-003  0.98919999999999997        2.8000000000000000E-003   1.0000000000000000E-003   1.1999999999999999E-003
   57.000000000000000       0.25154748695005852        0.0000000000000000        5.4000000000000003E-003  0.98939999999999995        3.2000000000000002E-003   5.9999999999999995E-004   1.4000000000000000E-003
   58.000000000000000       0.27015064630493574        0.0000000000000000        5.4000000000000003E-003  0.98919999999999997        3.0000000000000001E-003   8.0000000000000004E-004   1.6000000000000001E-003
   59.000000000000000       0.28797365207497705        0.0000000000000000        5.4000000000000003E-003  0.98919999999999997        3.0000000000000001E-003   4.0000000000000002E-004   2.0000000000000000E-003
   60.000000000000000       0.30583288831017208        0.0000000000000000        5.1999999999999998E-003  0.98899999999999999        3.3999999999999998E-003   5.9999999999999995E-004   1.8000000000000000E-003
   61.000000000000000       0.32257729464931034        0.0000000000000000        5.1999999999999998E-003  0.98899999999999999        3.3999999999999998E-003   5.9999999999999995E-004   1.8000000000000000E-003
   62.000000000000000       0.33860187530559283        0.0000000000000000        5.1999999999999998E-003  0.98899999999999999        3.3999999999999998E-003   5.9999999999999995E-004   1.8000000000000000E-003
   63.000000000000000       0.35538273036617596        0.0000000000000000        5.1999999999999998E-003  0.98780000000000001        4.5999999999999999E-003   5.9999999999999995E-004   1.8000000000000000E-003
   64.000000000000000       0.37119898679481650        0.0000000000000000        5.0000000000000001E-003  0.98799999999999999        4.5999999999999999E-003   5.9999999999999995E-004   1.8000000000000000E-003
   65.000000000000000       0.38612998084178896        0.0000000000000000        5.0000000000000001E-003  0.98799999999999999        4.5999999999999999E-003   8.0000000000000004E-004   1.6000000000000001E-003
   66.000000000000000       0.40047962236975998        0.0000000000000000        5.0000000000000001E-003  0.98799999999999999        4.5999999999999999E-003   8.0000000000000004E-004   1.6000000000000001E-003
   67.000000000000000       0.41413277284315686        0.0000000000000000        5.0000000000000001E-003  0.98799999999999999        4.5999999999999999E-003   1.0000000000000000E-003   1.4000000000000000E-003
   68.000000000000000       0.42583910729038399        0.0000000000000000        5.0000000000000001E-003  0.98760000000000003        5.0000000000000001E-003   1.0000000000000000E-003   1.4000000000000000E-003
   69.000000000000000       0.44094640375481170        0.0000000000000000        5.0000000000000001E-003  0.98760000000000003        5.0000000000000001E-003   8.0000000000000004E-004   1.6000000000000001E-003
   70.000000000000000       0.45331785257916318        0.0000000000000000        5.0000000000000001E-003  0.98719999999999997        5.4000000000000003E-003   8.0000000000000004E-004   1.6000000000000001E-003
   71.000000000000000       0.46506392666378316        0.0000000000000000        5.0000000000000001E-003  0.98719999999999997        5.4000000000000003E-003   8.0000000000000004E-004   1.6000000000000001E-003
   72.000000000000000       0.47825777044602891        0.0000000000000000        5.0000000000000001E-003  0.98719999999999997        5.4000000000000003E-003   1.0000000000000000E-003   1.4000000000000000E-003
   73.000000000000000       0.48972998642410032        0.0000000000000000        4.1999999999999997E-003  0.98799999999999999        5.4000000000000003E-003   1.0000000000000000E-003   1.4000000000000000E-003
   74.000000000000000       0.50306286991970517        0.0000000000000000        4.7999999999999996E-003  0.98719999999999997        5.5999999999999999E-003   1.0000000000000000E-003   1.4000000000000000E-003
   75.000000000000000       0.51782900729658143        0.0000000000000000        5.0000000000000001E-003  0.98699999999999999        5.5999999999999999E-003   1.0000000000000000E-003   1.4000000000000000E-003
   76.000000000000000       0.53446823362306983        0.0000000000000000        5.0000000000000001E-003  0.98580000000000001        6.7999999999999996E-003   1.0000000000000000E-003   1.4000000000000000E-003
   77.000000000000000       0.55158414241649023        0.0000000000000000        4.4000000000000003E-003  0.98640000000000005        6.7999999999999996E-003   1.0000000000000000E-003   1.4000000000000000E-003
   78.000000000000000       0.57022568826236097        0.0000000000000000        4.4000000000000003E-003  0.98640000000000005        6.7999999999999996E-003   1.0000000000000000E-003   1.4000000000000000E-003
   79.000000000000000       0.58960603945356282        0.0000000000000000        4.1999999999999997E-003  0.98660000000000003        6.7999999999999996E-003   1.0000000000000000E-003   1.4000000000000000E-003
   80.000000000000000       0.61039859011517805        0.0000000000000000        4.0000000000000001E-003  0.98640000000000005        7.1999999999999998E-003   1.0000000000000000E-003   1.4000000000000000E-003
   81.000000000000000       0.63211700619008071        0.0000000000000000        4.0000000000000001E-003  0.98560000000000003        8.0000000000000002E-003   1.0000000000000000E-003   1.4000000000000000E-003
   82.000000000000000       0.65231058996723412        0.0000000000000000        4.0000000000000001E-003  0.98480000000000001        8.8000000000000005E-003   1.0000000000000000E-003   1.4000000000000000E-003
   83.000000000000000       0.67272233180963115        0.0000000000000000        4.0000000000000001E-003  0.98460000000000003        8.9999999999999993E-003   1.0000000000000000E-003   1.4000000000000000E-003
   84.000000000000000       0.70010351139500893        0.0000000000000000        4.0000000000000001E-003  0.98460000000000003        8.9999999999999993E-003   1.0000000000000000E-003   1.4000000000000000E-003
   85.000000000000000       0.71007812113570346        0.0000000000000000        4.0000000000000001E-003  0.98299999999999998        3.0000000000000001E-003   8.0000000000000002E-003   2.0000000000000000E-003
   86.000000000000000       0.74377639879905322        0.0000000000000000        4.0000000000000001E-003  0.98299999999999998        3.0000000000000001E-003   8.0000000000000002E-003   2.0000000000000000E-003
   87.000000000000000       0.74552703686455846        0.0000000000000000        4.0000000000000001E-003  0.98280000000000001        3.0000000000000001E-003   8.0000000000000002E-003   2.2000000000000001E-003
   88.000000000000000       0.76795222353982429        0.0000000000000000        4.0000000000000001E-003  0.98280000000000001        3.2000000000000002E-003   7.7999999999999996E-003   2.2000000000000001E-003
   89.000000000000000       0.79626125722906260        0.0000000000000000        4.0000000000000001E-003  0.98280000000000001        3.2000000000000002E-003   7.7999999999999996E-003   2.2000000000000001E-003
   90.000000000000000       0.81777803920402514        0.0000000000000000        4.0000000000000001E-003  0.98280000000000001        2.5999999999999999E-003   2.3999999999999998E-003   8.2000000000000007E-003
   91.000000000000000       0.73716361757542814        0.0000000000000000        3.8000000000000000E-003  0.98119999999999996        1.4000000000000000E-003   3.2000000000000002E-003   1.0400000000000000E-002
   92.000000000000000       0.83048868224656958        0.0000000000000000        3.8000000000000000E-003  0.98099999999999998        0.0000000000000000        6.0000000000000001E-003   9.1999999999999998E-003
   93.000000000000000       0.65737566264665048        0.0000000000000000        3.5999999999999999E-003  0.98099999999999998        0.0000000000000000        1.5200000000000000E-002   2.0000000000000001E-004
   94.000000000000000       0.87164024357981695        0.0000000000000000        3.5999999999999999E-003  0.98099999999999998        0.0000000000000000        1.5200000000000000E-002   2.0000000000000001E-004
   95.000000000000000       0.88158230643430835        0.0000000000000000        3.5999999999999999E-003  0.98099999999999998        0.0000000000000000        1.5200000000000000E-002   2.0000000000000001E-004
   96.000000000000000       0.87376949664844394        0.0000000000000000        3.5999999999999999E-003  0.97819999999999996        0.0000000000000000        4.0000000000000001E-003   1.4200000000000001E-002
   97.000000000000000       0.85628549239499940        0.0000000000000000        3.5999999999999999E-003  0.97680000000000000        1.8000000000000000E-003   4.1999999999999997E-003   1.3599999999999999E-002
   98.000000000000000       0.96157903229591679        0.0000000000000000        3.5999999999999999E-003  0.97640000000000005        1.0000000000000000E-003   4.1999999999999997E-003   1.4800000000000001E-002
   99.000000000000000       0.87046693060114988        0.0000000000000000        3.5999999999999999E-003  0.97640000000000005        1.0000000000000000E-003   4.1999999999999997E-003   1.4800000000000001E-002
   100.00000000000000       0.86651560948754369        0.0000000000000000        3.5999999999999999E-003  0.97319999999999995        4.1999999999999997E-003   4.1999999999999997E-003   1.4800000000000001E-002
   101.00000000000000       0.83994813244534383        0.0000000000000000        3.3999999999999998E-003  0.97340000000000004        4.1999999999999997E-003   4.1999999999999997E-003   1.4800000000000001E-002
   102.00000000000000       0.63693297193202159        0.0000000000000000        3.3999999999999998E-003  0.97340000000000004        4.1999999999999997E-003   4.1999999999999997E-003   1.4800000000000001E-002
   103.00000000000000        1.1855253933152572        0.0000000000000000        0.0000000000000000       0.75300000000000000       0.21740000000000001        5.5999999999999999E-003   2.4000000000000000E-002
   104.00000000000000        1.6546780543186783        0.0000000000000000        0.0000000000000000       0.23260000000000000       0.68979999999999997        1.7000000000000001E-002   6.0600000000000001E-002
   105.00000000000000        1.4190924853782672        0.0000000000000000        0.0000000000000000       0.23260000000000000       0.68979999999999997        1.6199999999999999E-002   6.1400000000000003E-002
   106.00000000000000        1.4012275134880048        0.0000000000000000        0.0000000000000000       0.23260000000000000       0.68979999999999997        1.6199999999999999E-002   6.1400000000000003E-002
   107.00000000000000        1.3147549649556196        0.0000000000000000        0.0000000000000000       0.23260000000000000       0.68979999999999997        1.6199999999999999E-002   6.1400000000000003E-002
   108.00000000000000        1.3096364933268860        0.0000000000000000        0.0000000000000000       0.22839999999999999       0.69399999999999995        1.6199999999999999E-002   6.1400000000000003E-002
   109.00000000000000        1.3002369725903546        0.0000000000000000        0.0000000000000000       0.22839999999999999       0.69399999999999995        1.6199999999999999E-002   6.1400000000000003E-002
   110.00000000000000        1.2897666745053655        0.0000000000000000        0.0000000000000000       0.22839999999999999       0.69399999999999995        1.6199999999999999E-002   6.1400000000000003E-002
   111.00000000000000        1.2770846509878779        0.0000000000000000        0.0000000000000000       0.22839999999999999       0.69399999999999995        1.6000000000000000E-002   6.1600000000000002E-002
   112.00000000000000        1.2634504826288706        0.0000000000000000        0.0000000000000000       0.22839999999999999       0.69399999999999995        1.6199999999999999E-002   6.1400000000000003E-002
   113.00000000000000        1.2491387157404343        0.0000000000000000        0.0000000000000000       0.22839999999999999       0.69399999999999995        1.7000000000000001E-002   6.0600000000000001E-002
   114.00000000000000        1.2333237916128661        0.0000000000000000        0.0000000000000000       0.22800000000000001       0.69440000000000002        1.7399999999999999E-002   6.0199999999999997E-002
   115.00000000000000        1.2158950297815305        0.0000000000000000        0.0000000000000000       0.22800000000000001       0.69440000000000002        1.7399999999999999E-002   6.0199999999999997E-002
   116.00000000000000        1.1974896125692018        0.0000000000000000        0.0000000000000000       0.22800000000000001       0.69440000000000002        1.6600000000000000E-002   6.0999999999999999E-002
   117.00000000000000        1.1810303141655973        0.0000000000000000        0.0000000000000000       0.22660000000000000       0.69579999999999997        1.5200000000000000E-002   6.2399999999999997E-002
   118.00000000000000        1.1639804319572968        0.0000000000000000        0.0000000000000000       0.22660000000000000       0.69579999999999997        1.5200000000000000E-002   6.2399999999999997E-002
   119.00000000000000        1.1476522116161814        0.0000000000000000        5.9999999999999995E-004  0.22559999999999999       0.69620000000000004        1.4999999999999999E-002   6.2600000000000003E-002
   120.00000000000000        1.1314822997957177        0.0000000000000000        5.9999999999999995E-004  0.22559999999999999       0.69620000000000004        1.6000000000000000E-002   6.1600000000000002E-002
   121.00000000000000        1.1168072992226470        0.0000000000000000        5.9999999999999995E-004  0.22500000000000001       0.69679999999999997        2.2800000000000001E-002   5.4800000000000001E-002
   122.00000000000000        1.1031500055251389        0.0000000000000000        5.9999999999999995E-004  0.22459999999999999       0.69720000000000004        2.4600000000000000E-002   5.2999999999999999E-002
   123.00000000000000        1.0911047193468144        0.0000000000000000        5.9999999999999995E-004  0.22459999999999999       0.69720000000000004        2.7199999999999998E-002   5.0400000000000000E-002
   124.00000000000000        1.0808984125699748        0.0000000000000000        5.9999999999999995E-004  0.22459999999999999       0.69720000000000004        2.7000000000000000E-002   5.0599999999999999E-002
   125.00000000000000        1.0732325186344547        0.0000000000000000        5.9999999999999995E-004  0.22459999999999999       0.69720000000000004        2.6400000000000000E-002   5.1200000000000002E-002
   126.00000000000000        1.0680926125835117        0.0000000000000000        5.9999999999999995E-004  0.22459999999999999       0.69720000000000004        2.6400000000000000E-002   5.1200000000000002E-002
   127.00000000000000        1.0658455579192425        0.0000000000000000        5.9999999999999995E-004  0.22420000000000001       0.69760000000000000        2.6599999999999999E-002   5.0999999999999997E-002
   128.00000000000000        1.0662861804387189        0.0000000000000000        5.9999999999999995E-004  0.22420000000000001       0.69760000000000000        2.6599999999999999E-002   5.0999999999999997E-002
   129.00000000000000        1.0684687680415073        0.0000000000000000        5.9999999999999995E-004  0.22420000000000001       0.69760000000000000        2.6599999999999999E-002   5.0999999999999997E-002
   130.00000000000000        1.0744776254843291        0.0000000000000000        5.9999999999999995E-004  0.22320000000000001       0.69860000000000000        2.6599999999999999E-002   5.0999999999999997E-002
   131.00000000000000        1.0814631211444867        0.0000000000000000        5.9999999999999995E-004  0.22300000000000000       0.69879999999999998        2.6800000000000001E-002   5.0799999999999998E-002
   132.00000000000000        1.0900219193888174        0.0000000000000000        5.9999999999999995E-004  0.22300000000000000       0.69879999999999998        2.6800000000000001E-002   5.0799999999999998E-002
   133.00000000000000        1.0999071485427441        0.0000000000000000        5.9999999999999995E-004  0.22300000000000000       0.69879999999999998        2.6800000000000001E-002   5.0799999999999998E-002
   134.00000000000000        1.1109374520863280        0.0000000000000000        5.9999999999999995E-004  0.22280000000000000       0.69899999999999995        2.6800000000000001E-002   5.0799999999999998E-002
   135.00000000000000        1.1226712183838419        0.0000000000000000        5.9999999999999995E-004  0.22280000000000000       0.69899999999999995        2.6800000000000001E-002   5.0799999999999998E-002
   136.00000000000000        1.1350729719538650        0.0000000000000000        5.9999999999999995E-004  0.22280000000000000       0.69899999999999995        2.6800000000000001E-002   5.0799999999999998E-002
   137.00000000000000        1.1485759680337351        0.0000000000000000        5.9999999999999995E-004  0.22280000000000000       0.69899999999999995        2.6800000000000001E-002   5.0799999999999998E-002
   138.00000000000000        1.1624053126428349        0.0000000000000000        5.9999999999999995E-004  0.22280000000000000       0.69899999999999995        2.6800000000000001E-002   5.0799999999999998E-002
   139.00000000000000        1.1777664693422030        0.0000000000000000        5.9999999999999995E-004  0.22280000000000000       0.69899999999999995        2.6800000000000001E-002   5.0799999999999998E-002
   140.00000000000000        1.1940859456274020        0.0000000000000000        5.9999999999999995E-004  0.22280000000000000       0.69899999999999995        2.6800000000000001E-002   5.0799999999999998E-002
   141.00000000000000        1.2112912364085624        0.0000000000000000        5.9999999999999995E-004  0.22280000000000000       0.69899999999999995        2.6800000000000001E-002   5.0799999999999998E-002
   142.00000000000000        1.2296821236156397        0.0000000000000000        4.0000000000000002E-004  0.22300000000000000       0.69899999999999995        2.6800000000000001E-002   5.0799999999999998E-002
   143.00000000000000        1.2492695898059309        0.0000000000000000        4.0000000000000002E-004  0.22300000000000000       0.69899999999999995        2.6800000000000001E-002   5.0799999999999998E-002
   144.00000000000000        1.2690220745857981        0.0000000000000000        2.0000000000000001E-004  0.22320000000000001       0.69899999999999995        2.6800000000000001E-002   5.0799999999999998E-002
   145.00000000000000        1.2886578270588209        0.0000000000000000        2.0000000000000001E-004  0.22300000000000000       0.69920000000000004        2.6800000000000001E-002   5.0799999999999998E-002
   146.00000000000000        1.3290306272732217        0.0000000000000000        2.0000000000000001E-004  0.22259999999999999       0.14360000000000001       0.12100000000000000       0.51259999999999994     
   147.00000000000000        1.3251951413351573        0.0000000000000000        2.0000000000000001E-004  0.22259999999999999       0.14319999999999999       0.12139999999999999       0.51259999999999994     
   148.00000000000000        1.3354743395840643        0.0000000000000000        2.0000000000000001E-004  0.22220000000000001       0.14319999999999999       0.12139999999999999       0.51300000000000001     
   149.00000000000000        1.3447898541964136        0.0000000000000000        2.0000000000000001E-004  0.22220000000000001       0.14280000000000001       0.12180000000000001       0.51300000000000001     
   150.00000000000000        1.3538050830661255        0.0000000000000000        0.0000000000000000       0.22239999999999999       0.14299999999999999       0.12160000000000000       0.51300000000000001     
   151.00000000000000        1.3623268335857994        0.0000000000000000        0.0000000000000000       0.22180000000000000       0.14299999999999999       0.12160000000000000       0.51359999999999995     
   152.00000000000000        1.3682652626794478        0.0000000000000000        0.0000000000000000       0.22180000000000000       0.14440000000000000       0.12020000000000000       0.51359999999999995     
   153.00000000000000        1.3790386078606742        0.0000000000000000        0.0000000000000000       0.22180000000000000       0.14219999999999999       0.12239999999999999       0.51359999999999995     
   154.00000000000000        1.3823173789190126        0.0000000000000000        0.0000000000000000       0.22180000000000000       0.13200000000000001       0.13260000000000000       0.51359999999999995     
   155.00000000000000        1.3845330286087587        0.0000000000000000        0.0000000000000000       0.22180000000000000       0.12600000000000000       0.13860000000000000       0.51359999999999995     
   156.00000000000000        1.3888996676191525        0.0000000000000000        0.0000000000000000       0.22159999999999999       0.14060000000000000       0.12400000000000000       0.51380000000000003     
   157.00000000000000        1.3922215525933161        0.0000000000000000        0.0000000000000000       0.22159999999999999       0.14440000000000000       0.12020000000000000       0.51380000000000003     
   158.00000000000000        1.3904218403315225        0.0000000000000000        0.0000000000000000       0.22159999999999999       0.14340000000000000       0.12120000000000000       0.51380000000000003     
   159.00000000000000        1.3924990654985732        0.0000000000000000        0.0000000000000000       0.22080000000000000       0.14340000000000000       0.12120000000000000       0.51459999999999995     
   160.00000000000000        1.3840092112859061        0.0000000000000000        0.0000000000000000       0.22080000000000000       0.50639999999999996       0.12839999999999999       0.14440000000000000     
   161.00000000000000        1.3907824217294067        0.0000000000000000        0.0000000000000000       0.22080000000000000       0.50639999999999996       0.12880000000000000       0.14399999999999999     
   162.00000000000000        1.3888593182311473        0.0000000000000000        0.0000000000000000       0.22080000000000000       0.50639999999999996       0.12880000000000000       0.14399999999999999     
   163.00000000000000        1.3862391889530636        0.0000000000000000        0.0000000000000000       0.22059999999999999       0.50660000000000005       0.12880000000000000       0.14399999999999999     
   164.00000000000000        1.3823655862757958        0.0000000000000000        0.0000000000000000       0.22059999999999999       0.50660000000000005       0.12880000000000000       0.14399999999999999     
   165.00000000000000        1.3776984965740204        0.0000000000000000        0.0000000000000000       0.22059999999999999       0.50660000000000005       0.12920000000000001       0.14360000000000001     
   166.00000000000000        1.3729186167841727        0.0000000000000000        0.0000000000000000       0.22000000000000000       0.50719999999999998       0.12920000000000001       0.14360000000000001     
   167.00000000000000        1.3669099510119058        0.0000000000000000        0.0000000000000000       0.21980000000000000       0.50739999999999996       0.12980000000000000       0.14299999999999999     
   168.00000000000000        1.3593439201938089        0.0000000000000000        0.0000000000000000       0.21980000000000000       0.50739999999999996       0.13039999999999999       0.14240000000000000     
   169.00000000000000        1.3507723964323408        0.0000000000000000        0.0000000000000000       0.21980000000000000       0.50739999999999996       0.13260000000000000       0.14019999999999999     
   170.00000000000000        1.3417146424135316        0.0000000000000000        0.0000000000000000       0.21980000000000000       0.50739999999999996       0.13360000000000000       0.13919999999999999     
   171.00000000000000        1.3319048761327197        0.0000000000000000        0.0000000000000000       0.21980000000000000       0.50739999999999996       0.13280000000000000       0.14000000000000001     
   172.00000000000000        1.3206475363391905        0.0000000000000000        0.0000000000000000       0.21980000000000000       0.50739999999999996       0.13260000000000000       0.14019999999999999     
   173.00000000000000        1.3131331272735323        0.0000000000000000        0.0000000000000000       0.21679999999999999       0.51039999999999996       0.13260000000000000       0.14019999999999999     
   174.00000000000000        1.3008654930164560        0.0000000000000000        0.0000000000000000       0.21679999999999999       0.51039999999999996       0.13460000000000000       0.13819999999999999     
   175.00000000000000        1.2879857425653276        0.0000000000000000        0.0000000000000000       0.21679999999999999       0.51039999999999996       0.13280000000000000       0.14000000000000001     
   176.00000000000000        1.2755908787940604        0.0000000000000000        0.0000000000000000       0.21640000000000001       0.51080000000000003       0.13320000000000001       0.13960000000000000     
   177.00000000000000        1.2621680573723066        0.0000000000000000        0.0000000000000000       0.21640000000000001       0.51080000000000003       0.13320000000000001       0.13960000000000000     
   178.00000000000000        1.2498600236146395        0.0000000000000000        0.0000000000000000       0.21640000000000001       0.51080000000000003       0.13320000000000001       0.13960000000000000     
   179.00000000000000        1.2361892855314442        0.0000000000000000        0.0000000000000000       0.21620000000000000       0.51100000000000001       0.13100000000000001       0.14180000000000001     
   180.00000000000000        1.2233134751858763        0.0000000000000000        4.0000000000000002E-004  0.21579999999999999       0.51100000000000001       0.13200000000000001       0.14080000000000001     
   181.00000000000000        1.2134867817728077        0.0000000000000000        4.0000000000000002E-004  0.21320000000000000       0.51359999999999995       0.13180000000000000       0.14099999999999999     
   182.00000000000000        1.2007730076996694        0.0000000000000000        2.0000000000000001E-004  0.21340000000000001       0.51359999999999995       0.13380000000000000       0.13900000000000001     
   183.00000000000000        1.1898476583302271        0.0000000000000000        2.0000000000000001E-004  0.21340000000000001       0.51359999999999995       0.13380000000000000       0.13900000000000001     
   184.00000000000000        1.1796060598256766        0.0000000000000000        2.0000000000000001E-004  0.21340000000000001       0.51359999999999995       0.13360000000000000       0.13919999999999999     
   185.00000000000000        1.1708069237058125        0.0000000000000000        2.0000000000000001E-004  0.21340000000000001       0.51359999999999995       0.13339999999999999       0.13940000000000000     
   186.00000000000000        1.1637933890429057        0.0000000000000000        2.0000000000000001E-004  0.21340000000000001       0.51359999999999995       0.13200000000000001       0.14080000000000001     
   187.00000000000000        1.1669227587945170        0.0000000000000000        2.0000000000000001E-004  0.20580000000000001       0.52120000000000000       0.13200000000000001       0.14080000000000001     
   188.00000000000000        1.1625445406993442        0.0000000000000000        2.0000000000000001E-004  0.20580000000000001       0.52120000000000000       0.13200000000000001       0.14080000000000001     
   189.00000000000000        1.1642982787478964        0.0000000000000000        2.0000000000000001E-004  0.20580000000000001       0.52120000000000000       0.12920000000000001       0.14360000000000001     
