#        BMIN =   406
#        BMAX =   411
#     INIBAND =   407
#      NBANDS =   540
#         NSW =  2000
#       POTIM =   1.0
#        TEMP = 300.0
#    NAMDTINI =   686
#    NAMDTIME =  1000
#       NTRAJ =  5000
#        NELM =  1000
#       LHOLE =     T
#        LSHP =     T
#      LCPTXT =     T
#      RUNDIR = ../../run/
   1.0000000000000000       0.46970005655704877        0.0000000000000000        1.0000000000000000        0.0000000000000000        0.0000000000000000        0.0000000000000000        0.0000000000000000     
   2.0000000000000000       0.40552727295900565        0.0000000000000000        1.0000000000000000        0.0000000000000000        0.0000000000000000        0.0000000000000000        0.0000000000000000     
   3.0000000000000000       0.35724902324017532        1.8200000000000001E-002  0.98160000000000003        2.0000000000000001E-004   0.0000000000000000        0.0000000000000000        0.0000000000000000     
   4.0000000000000000       0.37851224391556187        6.0000000000000001E-003  0.97860000000000003        1.2999999999999999E-002   2.3999999999999998E-003   0.0000000000000000        0.0000000000000000     
   5.0000000000000000       0.28895499317676882        3.2000000000000002E-003  0.98080000000000001        1.3400000000000000E-002   2.5999999999999999E-003   0.0000000000000000        0.0000000000000000     
   6.0000000000000000       0.26966504193897428        2.1200000000000000E-002  0.96279999999999999        1.1599999999999999E-002   4.4000000000000003E-003   0.0000000000000000        0.0000000000000000     
   7.0000000000000000       0.30656034791806946        0.0000000000000000       0.92340000000000000        7.0400000000000004E-002   6.1999999999999998E-003   0.0000000000000000        0.0000000000000000     
   8.0000000000000000       0.20537335444288821        0.0000000000000000       0.92020000000000002        7.3599999999999999E-002   6.1999999999999998E-003   0.0000000000000000        0.0000000000000000     
   9.0000000000000000       0.17679393873013929        0.0000000000000000       0.92020000000000002        7.3400000000000007E-002   6.4000000000000003E-003   0.0000000000000000        0.0000000000000000     
   10.000000000000000       0.15155140024549518        0.0000000000000000       0.92020000000000002        7.3200000000000001E-002   6.6000000000000000E-003   0.0000000000000000        0.0000000000000000     
   11.000000000000000       0.12985635824440306        0.0000000000000000       0.92020000000000002        7.3200000000000001E-002   6.6000000000000000E-003   0.0000000000000000        0.0000000000000000     
   12.000000000000000       0.11269775699613878        0.0000000000000000       0.91420000000000001        7.9200000000000007E-002   6.6000000000000000E-003   0.0000000000000000        0.0000000000000000     
   13.000000000000000        9.9069629924660563E-002   0.0000000000000000       0.91420000000000001        7.8799999999999995E-002   7.0000000000000001E-003   0.0000000000000000        0.0000000000000000     
   14.000000000000000        8.9427609267567487E-002   0.0000000000000000       0.90939999999999999        8.3599999999999994E-002   7.0000000000000001E-003   0.0000000000000000        0.0000000000000000     
   15.000000000000000        8.2110829066244881E-002   0.0000000000000000       0.90939999999999999        8.3599999999999994E-002   7.0000000000000001E-003   0.0000000000000000        0.0000000000000000     
   16.000000000000000        7.9937938214356824E-002   0.0000000000000000       0.90420000000000000        8.8200000000000001E-002   7.6000000000000000E-003   0.0000000000000000        0.0000000000000000     
   17.000000000000000        7.8619054438515995E-002   0.0000000000000000       0.90420000000000000        8.8200000000000001E-002   7.6000000000000000E-003   0.0000000000000000        0.0000000000000000     
   18.000000000000000        8.1033151663311959E-002   0.0000000000000000       0.90280000000000005        8.7999999999999995E-002   9.1999999999999998E-003   0.0000000000000000        0.0000000000000000     
   19.000000000000000        8.3365297311951067E-002   0.0000000000000000       0.90039999999999998        9.0399999999999994E-002   9.1999999999999998E-003   0.0000000000000000        0.0000000000000000     
   20.000000000000000        8.5845791910274694E-002   0.0000000000000000       0.89920000000000000        9.1399999999999995E-002   9.4000000000000004E-003   0.0000000000000000        0.0000000000000000     
   21.000000000000000        9.3526123875092196E-002   0.0000000000000000       0.89800000000000002        9.1399999999999995E-002   1.0600000000000000E-002   0.0000000000000000        0.0000000000000000     
   22.000000000000000        9.9759927232312931E-002   0.0000000000000000       0.89700000000000002        9.2399999999999996E-002   1.0600000000000000E-002   0.0000000000000000        0.0000000000000000     
   23.000000000000000       0.10860003014511189        0.0000000000000000       0.89359999999999995        9.5200000000000007E-002   1.1200000000000000E-002   0.0000000000000000        0.0000000000000000     
   24.000000000000000       0.11365638340774976        0.0000000000000000       0.89359999999999995        9.5200000000000007E-002   1.1200000000000000E-002   0.0000000000000000        0.0000000000000000     
   25.000000000000000       0.12836536295145309        0.0000000000000000       0.89319999999999999        9.5200000000000007E-002   1.1599999999999999E-002   0.0000000000000000        0.0000000000000000     
   26.000000000000000       0.13811673933940999        0.0000000000000000       0.89319999999999999        9.4600000000000004E-002   1.2200000000000001E-002   0.0000000000000000        0.0000000000000000     
   27.000000000000000       0.14879833236788945        0.0000000000000000       0.88619999999999999       0.10160000000000000        1.2200000000000001E-002   0.0000000000000000        0.0000000000000000     
   28.000000000000000       0.16327915623717187        0.0000000000000000       0.88619999999999999       0.10100000000000001        1.2800000000000001E-002   0.0000000000000000        0.0000000000000000     
   29.000000000000000       0.17526229021338105        0.0000000000000000       0.88439999999999996       0.10280000000000000        1.2800000000000001E-002   0.0000000000000000        0.0000000000000000     
   30.000000000000000       0.18501612145659690        0.0000000000000000       0.88439999999999996       0.10280000000000000        1.2800000000000001E-002   0.0000000000000000        0.0000000000000000     
   31.000000000000000       0.19832231748744836        0.0000000000000000       0.88119999999999998       0.10600000000000000        1.2800000000000001E-002   0.0000000000000000        0.0000000000000000     
   32.000000000000000       0.20546689178230920        0.0000000000000000       0.87980000000000003       0.10600000000000000        1.4200000000000001E-002   0.0000000000000000        0.0000000000000000     
   33.000000000000000       0.21337964571969639        0.0000000000000000       0.87860000000000005       0.10600000000000000        1.5400000000000000E-002   0.0000000000000000        0.0000000000000000     
   34.000000000000000       0.21450202119304856        0.0000000000000000       0.87800000000000000       0.10660000000000000        1.5400000000000000E-002   0.0000000000000000        0.0000000000000000     
   35.000000000000000       0.22610887248295403        0.0000000000000000       0.87760000000000005       0.10700000000000000        1.5400000000000000E-002   0.0000000000000000        0.0000000000000000     
   36.000000000000000       0.23324745416598136        0.0000000000000000       0.87180000000000002       0.11280000000000000        1.5400000000000000E-002   0.0000000000000000        0.0000000000000000     
   37.000000000000000       0.23865716507110071        0.0000000000000000       0.87100000000000000       0.11340000000000000        1.5599999999999999E-002   0.0000000000000000        0.0000000000000000     
   38.000000000000000       0.24401431712424282        2.0000000000000001E-004  0.87080000000000002       0.11340000000000000        1.5599999999999999E-002   0.0000000000000000        0.0000000000000000     
   39.000000000000000       0.25057038644382895        2.0000000000000001E-004  0.87060000000000004       0.11340000000000000        1.5800000000000002E-002   0.0000000000000000        0.0000000000000000     
   40.000000000000000       0.26064357322351422        2.0000000000000001E-004  0.87060000000000004       0.11340000000000000        1.5800000000000002E-002   0.0000000000000000        0.0000000000000000     
   41.000000000000000       0.27421245772645958        2.0000000000000001E-004  0.86880000000000002       0.11420000000000000        1.6799999999999999E-002   0.0000000000000000        0.0000000000000000     
   42.000000000000000       0.28939263436096024        2.0000000000000001E-004  0.86880000000000002       0.11340000000000000        1.7600000000000001E-002   0.0000000000000000        0.0000000000000000     
   43.000000000000000       0.30641289670127853        2.0000000000000001E-004  0.86780000000000002       0.11420000000000000        1.7800000000000000E-002   0.0000000000000000        0.0000000000000000     
   44.000000000000000       0.32587825579433621        2.0000000000000001E-004  0.86719999999999997       0.11420000000000000        1.8400000000000000E-002   0.0000000000000000        0.0000000000000000     
   45.000000000000000       0.34502486341802097        0.0000000000000000       0.86739999999999995       0.11420000000000000        1.8400000000000000E-002   0.0000000000000000        0.0000000000000000     
   46.000000000000000       0.36711881476128505        0.0000000000000000       0.86599999999999999       0.11540000000000000        1.8599999999999998E-002   0.0000000000000000        0.0000000000000000     
   47.000000000000000       0.39564854132253580        0.0000000000000000       0.82899999999999996       0.15120000000000000        1.9800000000000002E-002   0.0000000000000000        0.0000000000000000     
   48.000000000000000       0.41356288942212754        0.0000000000000000       0.81679999999999997       0.16320000000000001        2.0000000000000000E-002   0.0000000000000000        0.0000000000000000     
   49.000000000000000       0.42713153435715723        0.0000000000000000       0.81559999999999999       0.16300000000000001        2.1399999999999999E-002   0.0000000000000000        0.0000000000000000     
   50.000000000000000       0.43588109096260752        0.0000000000000000       0.81559999999999999       0.16020000000000001        2.4199999999999999E-002   0.0000000000000000        0.0000000000000000     
   51.000000000000000       0.43589651360527959        0.0000000000000000       0.81559999999999999       0.16000000000000000        2.4400000000000002E-002   0.0000000000000000        0.0000000000000000     
   52.000000000000000       0.43208415827899843        0.0000000000000000       0.81459999999999999       0.15939999999999999        2.5999999999999999E-002   0.0000000000000000        0.0000000000000000     
   53.000000000000000       0.42305218154153734        0.0000000000000000       0.81420000000000003       0.15980000000000000        2.5999999999999999E-002   0.0000000000000000        0.0000000000000000     
   54.000000000000000       0.47970458521870746        0.0000000000000000       0.63919999999999999       0.30420000000000003        5.6599999999999998E-002   0.0000000000000000        0.0000000000000000     
   55.000000000000000       0.83315221099168779        0.0000000000000000       0.63780000000000003       0.30380000000000001        5.5399999999999998E-002   1.1999999999999999E-003   1.8000000000000000E-003
   56.000000000000000        1.4605302996212102        0.0000000000000000       0.63780000000000003       0.22480000000000000       0.12460000000000000        5.7999999999999996E-003   7.0000000000000001E-003
   57.000000000000000        1.4438412949383603        0.0000000000000000       0.63739999999999997       0.12080000000000000       0.19860000000000000        1.8200000000000001E-002   2.5000000000000001E-002
   58.000000000000000        1.4509025273139582        0.0000000000000000       0.63700000000000001        1.9199999999999998E-002  0.21340000000000001       0.10340000000000001        2.7000000000000000E-002
   59.000000000000000        1.4334653480516524        0.0000000000000000       0.60940000000000005        4.2599999999999999E-002  0.31900000000000001        5.9999999999999995E-004   2.8400000000000002E-002
   60.000000000000000        1.5466188632215641        0.0000000000000000       0.44600000000000001       0.19159999999999999       0.28299999999999997        1.9000000000000000E-002   6.0400000000000002E-002
   61.000000000000000        1.0750815773927307        0.0000000000000000       0.33279999999999998       0.29920000000000002       0.28860000000000002        2.0799999999999999E-002   5.8599999999999999E-002
   62.000000000000000       0.73002125320765054        0.0000000000000000       0.33279999999999998       0.29920000000000002       0.28860000000000002        2.1000000000000001E-002   5.8400000000000001E-002
   63.000000000000000       0.71498556232715305        0.0000000000000000       0.33139999999999997       0.29940000000000000       0.28980000000000000        2.1999999999999999E-002   5.7400000000000000E-002
   64.000000000000000       0.69765562637664569        0.0000000000000000       0.33139999999999997       0.29920000000000002       0.28999999999999998        2.1999999999999999E-002   5.7400000000000000E-002
   65.000000000000000       0.67970966328859062        0.0000000000000000       0.33139999999999997       0.29920000000000002       0.28999999999999998        2.2200000000000001E-002   5.7200000000000001E-002
   66.000000000000000       0.66135108198175530        2.8000000000000000E-003  0.32860000000000000       0.29880000000000001       0.29039999999999999        2.2800000000000001E-002   5.6599999999999998E-002
   67.000000000000000       0.64278464989780848        0.0000000000000000       0.33139999999999997       0.29880000000000001       0.29039999999999999        2.2800000000000001E-002   5.6599999999999998E-002
   68.000000000000000       0.62854960985544173        4.1999999999999997E-003  0.32719999999999999       0.29880000000000001       0.29039999999999999        2.3400000000000001E-002   5.6000000000000001E-002
   69.000000000000000       0.61856153318283780        4.5999999999999999E-003  0.32679999999999998       0.29880000000000001       0.29039999999999999        2.2800000000000001E-002   5.6599999999999998E-002
   70.000000000000000       0.61172313831735958        2.5999999999999999E-003  0.32279999999999998       0.30459999999999998       0.29060000000000002        2.1800000000000000E-002   5.7599999999999998E-002
   71.000000000000000       0.60664681884257743        2.5999999999999999E-003  0.31559999999999999       0.31180000000000002       0.29060000000000002        2.6800000000000001E-002   5.2600000000000001E-002
   72.000000000000000       0.60324561262183518        2.5999999999999999E-003  0.31600000000000000       0.31140000000000001       0.29060000000000002        7.5399999999999995E-002   4.0000000000000001E-003
   73.000000000000000       0.60312192275605458        2.3999999999999998E-003  0.31500000000000000       0.31240000000000001       0.29080000000000000        7.0400000000000004E-002   8.9999999999999993E-003
   74.000000000000000       0.60835803117026577        2.3999999999999998E-003  0.28299999999999997       0.34439999999999998       0.27039999999999997        2.2599999999999999E-002   7.7200000000000005E-002
   75.000000000000000       0.61135384591675124        2.0000000000000000E-003  0.28720000000000001       0.34039999999999998       0.27039999999999997        2.2599999999999999E-002   7.7399999999999997E-002
   76.000000000000000       0.61518580102663467        2.0000000000000000E-003  0.28339999999999999       0.34420000000000001       0.27039999999999997        2.2599999999999999E-002   7.7399999999999997E-002
   77.000000000000000       0.62191438012569233        2.0000000000000000E-003  0.28339999999999999       0.34399999999999997       0.27060000000000001        2.2400000000000000E-002   7.7600000000000002E-002
   78.000000000000000       0.63057906151249965        2.0000000000000000E-003  0.28339999999999999       0.34399999999999997       0.27060000000000001        2.2400000000000000E-002   7.7600000000000002E-002
   79.000000000000000       0.64185145595895343        1.8000000000000000E-003  0.27620000000000000       0.35139999999999999       0.26919999999999999        5.9999999999999995E-004  0.10080000000000000     
   80.000000000000000       0.65411069570648517        1.8000000000000000E-003  0.27639999999999998       0.35120000000000001       0.14380000000000001       0.12640000000000001       0.10040000000000000     
   81.000000000000000       0.66688636196969953        1.6000000000000001E-003  0.27239999999999998       0.35480000000000000       0.14440000000000000       0.12640000000000001       0.10040000000000000     
   82.000000000000000       0.68096883828776267        1.6000000000000001E-003  0.27079999999999999       0.35460000000000003       0.14620000000000000       0.12620000000000001       0.10059999999999999     
   83.000000000000000       0.69256895423811382        1.6000000000000001E-003  0.27100000000000002       0.35439999999999999       0.14620000000000000       0.12360000000000000       0.10320000000000000     
   84.000000000000000       0.70390314981606927        1.6000000000000001E-003  0.27000000000000002       0.35539999999999999       0.14620000000000000       0.12300000000000000       0.10380000000000000     
   85.000000000000000       0.71777391139540991        1.6000000000000001E-003  0.26760000000000000       0.35580000000000001       0.14820000000000000       0.12300000000000000       0.10380000000000000     
   86.000000000000000       0.72788189809254278        1.6000000000000001E-003  0.26740000000000003       0.35599999999999998       0.14820000000000000       0.12300000000000000       0.10380000000000000     
   87.000000000000000       0.73647115046782674        1.6000000000000001E-003  0.26719999999999999       0.35620000000000002       0.14820000000000000       0.12300000000000000       0.10380000000000000     
   88.000000000000000       0.74436713063029281        0.0000000000000000       0.26860000000000001       0.35620000000000002       0.14840000000000000       0.12300000000000000       0.10380000000000000     
   89.000000000000000       0.75361050239751382        0.0000000000000000       0.26840000000000003       0.35620000000000002       0.14840000000000000       0.12320000000000000       0.10380000000000000     
   90.000000000000000       0.76636612829173911        2.0000000000000001E-004  0.26840000000000003       0.35599999999999998       0.14840000000000000       0.12340000000000000       0.10360000000000000     
   91.000000000000000       0.77602024529863167        4.0000000000000002E-004  0.26840000000000003       0.35580000000000001       0.14840000000000000       0.12120000000000000       0.10580000000000001     
   92.000000000000000       0.78366389185420648        4.0000000000000002E-004  0.26840000000000003       0.35480000000000000       0.14940000000000001       0.12139999999999999       0.10560000000000000     
   93.000000000000000       0.78726492474069509        4.0000000000000002E-004  0.26819999999999999       0.35480000000000000       0.14940000000000001       0.12060000000000000       0.10660000000000000     
   94.000000000000000       0.78882140114735977        4.0000000000000002E-004  0.26819999999999999       0.35480000000000000       0.14940000000000001       0.12100000000000000       0.10620000000000000     
   95.000000000000000       0.78428681284601642        4.0000000000000002E-004  0.26819999999999999       0.35480000000000000       0.14940000000000001       0.11980000000000000       0.10740000000000000     
   96.000000000000000       0.77933053656354867        4.0000000000000002E-004  0.26819999999999999       0.35480000000000000       0.14940000000000001       0.11980000000000000       0.10740000000000000     
   97.000000000000000       0.76906162975045922        4.0000000000000002E-004  0.26819999999999999       0.35460000000000003       0.14960000000000001       0.11760000000000000       0.10960000000000000     
   98.000000000000000       0.75704366032286330        1.4200000000000001E-002  0.25340000000000001       0.35560000000000003       0.14960000000000001       0.11799999999999999       0.10920000000000001     
   99.000000000000000       0.75081656044508216        1.4200000000000001E-002  0.24900000000000000       0.35999999999999999       0.14960000000000001       0.11799999999999999       0.10920000000000001     
   100.00000000000000       0.74433520814419407        1.4200000000000001E-002  0.24859999999999999       0.35999999999999999       0.14999999999999999       0.11840000000000001       0.10879999999999999     
   101.00000000000000       0.73671217530111843        1.4000000000000000E-002  0.24620000000000000       0.36240000000000000       0.14999999999999999       0.11860000000000000       0.10879999999999999     
   102.00000000000000       0.72840348624660689        1.4000000000000000E-002  0.24620000000000000       0.36199999999999999       0.15040000000000001       0.11360000000000001       0.11380000000000000     
   103.00000000000000       0.71913096159882850        1.3800000000000000E-002  0.24460000000000001       0.36380000000000001       0.15040000000000001       0.11459999999999999       0.11280000000000000     
   104.00000000000000       0.71143512012462473        1.3599999999999999E-002  0.24379999999999999       0.36380000000000001       0.15140000000000001       0.11559999999999999       0.11180000000000000     
   105.00000000000000       0.70192821361623836        1.3200000000000000E-002  0.24279999999999999       0.36520000000000002       0.15140000000000001       0.11060000000000000       0.11680000000000000     
   106.00000000000000       0.69270850496368908        1.3200000000000000E-002  0.24140000000000000       0.36659999999999998       0.15140000000000001       0.10440000000000001       0.12300000000000000     
   107.00000000000000       0.68408618949781674        1.2200000000000001E-002  0.24040000000000000       0.36840000000000001       0.15160000000000001       0.10900000000000000       0.11840000000000001     
   108.00000000000000       0.67590167559976511        1.1200000000000000E-002  0.24020000000000000       0.36959999999999998       0.15160000000000001       0.10900000000000000       0.11840000000000001     
   109.00000000000000       0.66993405656720106        1.1200000000000000E-002  0.23999999999999999       0.36820000000000003       0.15320000000000000       0.10900000000000000       0.11840000000000001     
   110.00000000000000       0.66292233676424883        1.1200000000000000E-002  0.23999999999999999       0.36820000000000003       0.15320000000000000       0.10900000000000000       0.11840000000000001     
   111.00000000000000       0.65759294617127484        1.0999999999999999E-002  0.23960000000000001       0.36880000000000002       0.15320000000000000       0.10920000000000001       0.11820000000000000     
   112.00000000000000       0.65493224476320966        1.0600000000000000E-002  0.23680000000000001       0.37140000000000001       0.15379999999999999       0.10400000000000000       0.12340000000000000     
   113.00000000000000       0.65401192320075674        9.4000000000000004E-003  0.23460000000000000       0.37419999999999998       0.15440000000000001       0.10140000000000000       0.12600000000000000     
   114.00000000000000       0.65755403058525674        8.9999999999999993E-003  0.21299999999999999       0.39600000000000002       0.15459999999999999       0.10280000000000000       0.12460000000000000     
   115.00000000000000       0.65924963677837689        8.2000000000000007E-003  0.21120000000000000       0.39860000000000001       0.15459999999999999       0.10240000000000000       0.12500000000000000     
   116.00000000000000       0.66223186194679040        7.7999999999999996E-003  0.21160000000000001       0.39860000000000001       0.15459999999999999       0.10240000000000000       0.12500000000000000     
   117.00000000000000       0.66706333866298972        7.0000000000000001E-003  0.21140000000000000       0.39960000000000001       0.15459999999999999       0.10180000000000000       0.12559999999999999     
   118.00000000000000       0.67487571885592845        7.0000000000000001E-003  0.20999999999999999       0.40000000000000002       0.15559999999999999       0.10220000000000000       0.12520000000000001     
   119.00000000000000       0.68369513420555639        7.1999999999999998E-003  0.20920000000000000       0.40000000000000002       0.15620000000000001       0.10160000000000000       0.12580000000000000     
   120.00000000000000       0.69494550739764627        7.1999999999999998E-003  0.20019999999999999       0.40899999999999997       0.15620000000000001       0.10160000000000000       0.12580000000000000     
   121.00000000000000       0.70758979966671798        6.7999999999999996E-003  0.18900000000000000       0.42059999999999997       0.15620000000000001       0.10140000000000000       0.12600000000000000     
   122.00000000000000       0.71870955846452911        6.7999999999999996E-003  0.18900000000000000       0.42059999999999997       0.15620000000000001       0.10140000000000000       0.12600000000000000     
   123.00000000000000       0.73048226010652306        6.7999999999999996E-003  0.18900000000000000       0.42020000000000002       0.15659999999999999       0.10140000000000000       0.12600000000000000     
   124.00000000000000       0.74219933053330833        6.7999999999999996E-003  0.18900000000000000       0.42020000000000002       0.15659999999999999       0.10140000000000000       0.12600000000000000     
   125.00000000000000       0.75504699929037233        6.7999999999999996E-003  0.18360000000000001       0.42559999999999998       0.15659999999999999       0.10160000000000000       0.12580000000000000     
   126.00000000000000       0.76663176570259428        6.7999999999999996E-003  0.18300000000000000       0.42620000000000002       0.15659999999999999       0.10160000000000000       0.12580000000000000     
   127.00000000000000       0.77808515068701112        6.7999999999999996E-003  0.18300000000000000       0.42620000000000002       0.15659999999999999       0.10160000000000000       0.12580000000000000     
   128.00000000000000       0.78999315438845441        6.7999999999999996E-003  0.18240000000000001       0.42620000000000002       0.15720000000000001       0.10100000000000001       0.12640000000000001     
   129.00000000000000       0.80184983849387259        6.4000000000000003E-003  0.17979999999999999       0.42859999999999998       0.15780000000000000       0.10080000000000000       0.12659999999999999     
   130.00000000000000       0.81349255520130426        6.1999999999999998E-003  0.17879999999999999       0.42859999999999998       0.15900000000000000        9.9400000000000002E-002  0.12800000000000000     
   131.00000000000000       0.82387415129170705        6.0000000000000001E-003  0.17920000000000000       0.42820000000000003       0.15920000000000001        9.9199999999999997E-002  0.12820000000000001     
   132.00000000000000       0.83477163033468205        6.0000000000000001E-003  0.17440000000000000       0.43219999999999997       0.16000000000000000        9.9199999999999997E-002  0.12820000000000001     
   133.00000000000000       0.84541156999885503        6.0000000000000001E-003  0.17519999999999999       0.43040000000000000       0.16100000000000000        9.5399999999999999E-002  0.13200000000000001     
   134.00000000000000       0.85535140325236558        6.0000000000000001E-003  0.17680000000000001       0.42840000000000000       0.16139999999999999        9.7000000000000003E-002  0.13039999999999999     
   135.00000000000000       0.86545649974608185        5.7999999999999996E-003  0.17799999999999999       0.42699999999999999       0.16180000000000000        9.6400000000000000E-002  0.13100000000000001     
   136.00000000000000       0.87560626214268455        5.7999999999999996E-003  0.17160000000000000       0.43340000000000001       0.16180000000000000        9.8000000000000004E-002  0.12939999999999999     
   137.00000000000000       0.88503888844247158        5.7999999999999996E-003  0.17080000000000001       0.43300000000000000       0.16300000000000001        9.8000000000000004E-002  0.12939999999999999     
   138.00000000000000       0.89312742496037523        5.5999999999999999E-003  0.17080000000000001       0.43300000000000000       0.16320000000000001        9.4600000000000004E-002  0.13280000000000000     
   139.00000000000000       0.90028191767158672        4.0000000000000001E-003  0.17140000000000000       0.43400000000000000       0.16320000000000001        9.0399999999999994E-002  0.13700000000000001     
   140.00000000000000       0.90600938814360932        3.8000000000000000E-003  0.17119999999999999       0.43440000000000001       0.16320000000000001        9.0600000000000000E-002  0.13680000000000000     
   141.00000000000000       0.91047909069161803        3.8000000000000000E-003  0.17119999999999999       0.43400000000000000       0.16360000000000000        9.3399999999999997E-002  0.13400000000000001     
   142.00000000000000       0.91380247407455439        3.8000000000000000E-003  0.17119999999999999       0.43400000000000000       0.16360000000000000        9.3399999999999997E-002  0.13400000000000001     
   143.00000000000000       0.91607831370068049        3.8000000000000000E-003  0.17119999999999999       0.43359999999999999       0.16400000000000001        9.5000000000000001E-002  0.13239999999999999     
   144.00000000000000       0.91703987876055337        3.8000000000000000E-003  0.17119999999999999       0.43359999999999999       0.16400000000000001        8.9999999999999997E-002  0.13739999999999999     
   145.00000000000000       0.91696496106522118        3.8000000000000000E-003  0.17119999999999999       0.43359999999999999       0.16400000000000001        8.9800000000000005E-002  0.13760000000000000     
   146.00000000000000       0.91556059513976673        3.8000000000000000E-003  0.17119999999999999       0.43359999999999999       0.16400000000000001        8.7599999999999997E-002  0.13980000000000001     
   147.00000000000000       0.91364901465358495        3.8000000000000000E-003  0.17119999999999999       0.43319999999999997       0.16439999999999999        8.8999999999999996E-002  0.13840000000000000     
   148.00000000000000       0.91020989137645858        3.5999999999999999E-003  0.17119999999999999       0.43340000000000001       0.16439999999999999        9.2799999999999994E-002  0.13460000000000000     
   149.00000000000000       0.90605303023383088        3.5999999999999999E-003  0.17060000000000000       0.43340000000000001       0.16500000000000001        9.2999999999999999E-002  0.13439999999999999     
   150.00000000000000       0.90008420834541247        3.5999999999999999E-003  0.17040000000000000       0.43340000000000001       0.16520000000000001        9.4600000000000004E-002  0.13280000000000000     
   151.00000000000000       0.89311862391089525        3.5999999999999999E-003  0.17000000000000001       0.43340000000000001       0.16560000000000000        8.9999999999999997E-002  0.13739999999999999     
   152.00000000000000       0.88203154952603791        3.5999999999999999E-003  0.17000000000000001       0.43340000000000001       0.16560000000000000        8.9399999999999993E-002  0.13800000000000001     
   153.00000000000000       0.87357318587974120        3.5999999999999999E-003  0.17000000000000001       0.43319999999999997       0.16580000000000000        8.5800000000000001E-002  0.14160000000000000     
   154.00000000000000       0.86607775090910144        3.5999999999999999E-003  0.17000000000000001       0.43319999999999997       0.16580000000000000        8.0600000000000005E-002  0.14680000000000001     
   155.00000000000000       0.84868576454043387        3.5999999999999999E-003  0.16880000000000001       0.43359999999999999       0.16660000000000000        8.1799999999999998E-002  0.14560000000000001     
   156.00000000000000       0.83328188872129627        4.5999999999999999E-003  0.16780000000000000       0.43319999999999997       0.16700000000000001        8.4000000000000005E-002  0.14340000000000000     
   157.00000000000000       0.82069158347238513        4.5999999999999999E-003  0.16780000000000000       0.43319999999999997       0.16700000000000001        8.6199999999999999E-002  0.14119999999999999     
   158.00000000000000       0.80717059483209319        4.5999999999999999E-003  0.16760000000000000       0.43319999999999997       0.16700000000000001        8.6199999999999999E-002  0.14140000000000000     
   159.00000000000000       0.79109203360581104        4.1999999999999997E-003  0.16760000000000000       0.43359999999999999       0.16700000000000001        8.8800000000000004E-002  0.13880000000000001     
   160.00000000000000       0.77419148099884105        4.1999999999999997E-003  0.16760000000000000       0.43280000000000002       0.16780000000000000        9.0999999999999998E-002  0.13660000000000000     
   161.00000000000000       0.75519731869514484        4.1999999999999997E-003  0.16760000000000000       0.43259999999999998       0.16800000000000001        9.3600000000000003E-002  0.13400000000000001     
   162.00000000000000       0.73515298948928132        4.1999999999999997E-003  0.16760000000000000       0.43259999999999998       0.16800000000000001        9.1999999999999998E-002  0.13560000000000000     
   163.00000000000000       0.71665928919976618        4.1999999999999997E-003  0.16760000000000000       0.43140000000000001       0.16919999999999999        8.8800000000000004E-002  0.13880000000000001     
   164.00000000000000       0.69701237318072939        1.9400000000000001E-002  0.15200000000000000       0.43180000000000002       0.16919999999999999        8.9800000000000005E-002  0.13780000000000001     
   165.00000000000000       0.68367075703428581        1.9400000000000001E-002  0.15120000000000000       0.43259999999999998       0.16919999999999999        8.9999999999999997E-002  0.13760000000000000     
   166.00000000000000       0.67382274914232743        1.9400000000000001E-002  0.15220000000000000       0.43099999999999999       0.16980000000000001        9.0800000000000006E-002  0.13680000000000000     
   167.00000000000000       0.66649819065587013        1.9400000000000001E-002  0.15079999999999999       0.43180000000000002       0.17599999999999999        8.2799999999999999E-002  0.13919999999999999     
   168.00000000000000       0.66056670012911778        1.9400000000000001E-002  0.15020000000000000       0.43200000000000000       0.17240000000000000        8.6400000000000005E-002  0.13960000000000000     
   169.00000000000000       0.65673542362637749        1.9400000000000001E-002  0.19359999999999999       0.38800000000000001       0.17340000000000000        8.5400000000000004E-002  0.14019999999999999     
   170.00000000000000       0.65718942697382199        1.9400000000000001E-002  0.17000000000000001       0.41120000000000001       0.17360000000000000        8.5199999999999998E-002  0.14060000000000000     
   171.00000000000000       0.65975607339856057        1.8800000000000001E-002  0.16780000000000000       0.41399999999999998       0.17360000000000000        8.5199999999999998E-002  0.14060000000000000     
   172.00000000000000       0.66391361108838387        1.8800000000000001E-002  0.16819999999999999       0.41339999999999999       0.17440000000000000        8.4400000000000003E-002  0.14080000000000001     
   173.00000000000000       0.66939223382731838        1.8800000000000001E-002  0.16839999999999999       0.41320000000000001       0.17440000000000000        8.4400000000000003E-002  0.14080000000000001     
   174.00000000000000       0.67628676025511214        1.8599999999999998E-002  0.16839999999999999       0.41339999999999999       0.17440000000000000        8.4400000000000003E-002  0.14080000000000001     
   175.00000000000000       0.69124917062568980        1.8599999999999998E-002  0.16700000000000001       0.41039999999999999       0.17440000000000000        8.4400000000000003E-002  0.14520000000000000     
   176.00000000000000       0.70092247797913609        1.8400000000000000E-002  0.16680000000000000       0.41080000000000000       0.17560000000000001        8.3199999999999996E-002  0.14520000000000000     
   177.00000000000000       0.71181428898636467        1.8400000000000000E-002  0.16420000000000001       0.41339999999999999       0.17380000000000001        8.5000000000000006E-002  0.14520000000000000     
   178.00000000000000       0.72399385698942531        1.8200000000000001E-002  0.16420000000000001       0.41339999999999999       0.17820000000000000        8.0600000000000005E-002  0.14540000000000000     
   179.00000000000000       0.73704652341445009        1.7999999999999999E-002  0.16220000000000001       0.41560000000000002       0.16680000000000000        9.1999999999999998E-002  0.14540000000000000     
   180.00000000000000       0.75100367532245049        1.7999999999999999E-002  0.16220000000000001       0.41539999999999999       0.16839999999999999        9.0399999999999994E-002  0.14560000000000001     
   181.00000000000000       0.76920756044911442        1.7000000000000001E-002  0.16000000000000000       0.41580000000000000       0.16819999999999999        9.7600000000000006E-002  0.14140000000000000     
   182.00000000000000       0.78556759202039861        1.6199999999999999E-002  0.16080000000000000       0.41520000000000001       0.16239999999999999       0.10480000000000000       0.14060000000000000     
   183.00000000000000       0.80187232693946009        1.6199999999999999E-002  0.16080000000000000       0.41380000000000000       0.16380000000000000       0.10960000000000000       0.13580000000000000     
   184.00000000000000       0.81730240354736416        1.5800000000000002E-002  0.16020000000000001       0.41420000000000001       0.16439999999999999       0.11119999999999999       0.13420000000000001     
   185.00000000000000       0.83177054040345644        1.5800000000000002E-002  0.16020000000000001       0.41420000000000001       0.16439999999999999       0.10180000000000000       0.14360000000000001     
   186.00000000000000       0.84749530248106542        1.5200000000000000E-002  0.15980000000000000       0.41480000000000000       0.16480000000000000        9.4600000000000004E-002  0.15079999999999999     
   187.00000000000000       0.86201143735373020        1.5200000000000000E-002  0.15980000000000000       0.41460000000000002       0.16500000000000001        9.0200000000000002E-002  0.15520000000000000     
   188.00000000000000       0.87628190012483986        1.5200000000000000E-002  0.15939999999999999       0.41460000000000002       0.16539999999999999        9.5000000000000001E-002  0.15040000000000001     
   189.00000000000000       0.89147347957926115        1.5200000000000000E-002  0.15859999999999999       0.41380000000000000       0.16700000000000001        8.6800000000000002E-002  0.15859999999999999     
