#        BMIN =   406
#        BMAX =   411
#     INIBAND =   411
#      NBANDS =   540
#         NSW =  2000
#       POTIM =   1.0
#        TEMP = 300.0
#    NAMDTINI =   594
#    NAMDTIME =  1000
#       NTRAJ =  5000
#        NELM =  1000
#       LHOLE =     T
#        LSHP =     T
#      LCPTXT =     T
#      RUNDIR = ../../run/
   1.0000000000000000        1.6886993028744532        0.0000000000000000        0.0000000000000000        0.0000000000000000        0.0000000000000000        0.0000000000000000        1.0000000000000000     
   2.0000000000000000        1.6749237881117010        0.0000000000000000        0.0000000000000000        0.0000000000000000        0.0000000000000000        0.0000000000000000        1.0000000000000000     
   3.0000000000000000        1.6643870321659064        0.0000000000000000        0.0000000000000000        0.0000000000000000        0.0000000000000000        0.0000000000000000        1.0000000000000000     
   4.0000000000000000        1.6571589143291892        0.0000000000000000        0.0000000000000000        0.0000000000000000        0.0000000000000000        2.0000000000000001E-004  0.99980000000000002     
   5.0000000000000000        1.6529312198166319        0.0000000000000000        0.0000000000000000        0.0000000000000000        0.0000000000000000        2.0000000000000001E-004  0.99980000000000002     
   6.0000000000000000        1.6512624712249964        0.0000000000000000        0.0000000000000000        0.0000000000000000        0.0000000000000000        2.0000000000000001E-004  0.99980000000000002     
   7.0000000000000000        1.6517922465355204        0.0000000000000000        0.0000000000000000        0.0000000000000000        0.0000000000000000        0.0000000000000000        1.0000000000000000     
   8.0000000000000000        1.6536594236530382        0.0000000000000000        0.0000000000000000        0.0000000000000000        0.0000000000000000        0.0000000000000000        1.0000000000000000     
   9.0000000000000000        1.6566738088640873        0.0000000000000000        0.0000000000000000        0.0000000000000000        0.0000000000000000        0.0000000000000000        1.0000000000000000     
   10.000000000000000        1.6603457997119964        0.0000000000000000        0.0000000000000000        0.0000000000000000        0.0000000000000000        0.0000000000000000        1.0000000000000000     
   11.000000000000000        1.6640430869020106        0.0000000000000000        0.0000000000000000        0.0000000000000000        0.0000000000000000        0.0000000000000000        1.0000000000000000     
   12.000000000000000        1.6673810819751935        0.0000000000000000        0.0000000000000000        0.0000000000000000        0.0000000000000000        2.0000000000000001E-004  0.99980000000000002     
   13.000000000000000        1.6698543943483815        0.0000000000000000        0.0000000000000000        0.0000000000000000        0.0000000000000000        4.0000000000000002E-004  0.99960000000000004     
   14.000000000000000        1.6714968578549250        0.0000000000000000        0.0000000000000000        0.0000000000000000        0.0000000000000000        0.0000000000000000        1.0000000000000000     
   15.000000000000000        1.6718270505431283        0.0000000000000000        0.0000000000000000        0.0000000000000000        0.0000000000000000        0.0000000000000000        1.0000000000000000     
   16.000000000000000        1.6709602264587697        0.0000000000000000        0.0000000000000000        0.0000000000000000        0.0000000000000000        0.0000000000000000        1.0000000000000000     
   17.000000000000000        1.6681702534444032        0.0000000000000000        0.0000000000000000        0.0000000000000000        0.0000000000000000        0.0000000000000000        1.0000000000000000     
   18.000000000000000        1.6641275852125099        0.0000000000000000        0.0000000000000000        0.0000000000000000        0.0000000000000000        2.0000000000000001E-004  0.99980000000000002     
   19.000000000000000        1.6578707770503414        0.0000000000000000        0.0000000000000000        0.0000000000000000        0.0000000000000000        0.0000000000000000        1.0000000000000000     
   20.000000000000000        1.6502187534159496        0.0000000000000000        0.0000000000000000        0.0000000000000000        0.0000000000000000        2.0000000000000001E-004  0.99980000000000002     
   21.000000000000000        1.6419673791972578        0.0000000000000000        0.0000000000000000        0.0000000000000000        0.0000000000000000        0.0000000000000000        1.0000000000000000     
   22.000000000000000        1.6312687875423904        0.0000000000000000        0.0000000000000000        0.0000000000000000        0.0000000000000000        0.0000000000000000        1.0000000000000000     
   23.000000000000000        1.6201609467030118        0.0000000000000000        0.0000000000000000        0.0000000000000000        0.0000000000000000        0.0000000000000000        1.0000000000000000     
   24.000000000000000        1.6078946641402898        0.0000000000000000        0.0000000000000000        0.0000000000000000        0.0000000000000000        0.0000000000000000        1.0000000000000000     
   25.000000000000000        1.5928768629395917        0.0000000000000000        0.0000000000000000        0.0000000000000000       0.18120000000000000       0.16460000000000000       0.65420000000000000     
   26.000000000000000        1.5855762913528322        0.0000000000000000        0.0000000000000000        0.0000000000000000       0.18120000000000000       0.16460000000000000       0.65420000000000000     
   27.000000000000000        1.5811048181661889        0.0000000000000000        0.0000000000000000        0.0000000000000000       0.17100000000000001       0.17480000000000001       0.65420000000000000     
   28.000000000000000        1.5760446420864507        0.0000000000000000        0.0000000000000000        0.0000000000000000       0.17060000000000000       0.17519999999999999       0.65420000000000000     
   29.000000000000000        1.5706717070029299        0.0000000000000000        0.0000000000000000        0.0000000000000000       0.18659999999999999       0.15920000000000001       0.65420000000000000     
   30.000000000000000        1.5656770344425071        0.0000000000000000        0.0000000000000000        0.0000000000000000       0.18779999999999999       0.15800000000000000       0.65420000000000000     
   31.000000000000000        1.5611911294672898        0.0000000000000000        0.0000000000000000        0.0000000000000000       0.18800000000000000       0.15800000000000000       0.65400000000000003     
   32.000000000000000        1.5573818228546257        0.0000000000000000        0.0000000000000000        0.0000000000000000       0.20540000000000000       0.14060000000000000       0.65400000000000003     
   33.000000000000000        1.5549629330133363        0.0000000000000000        0.0000000000000000        0.0000000000000000       0.19280000000000000       0.13960000000000000       0.66759999999999997     
   34.000000000000000        1.5555341210361675        0.0000000000000000        0.0000000000000000        0.0000000000000000       0.16680000000000000       0.15880000000000000       0.67440000000000000     
   35.000000000000000        1.5647871621774998        0.0000000000000000        0.0000000000000000        0.0000000000000000       0.16680000000000000       0.15880000000000000       0.67440000000000000     
   36.000000000000000        1.5772494034351088        0.0000000000000000        0.0000000000000000        0.0000000000000000       0.16680000000000000       0.15920000000000001       0.67400000000000004     
   37.000000000000000        1.5919408025056918        0.0000000000000000        0.0000000000000000        0.0000000000000000       0.16680000000000000       0.18579999999999999       0.64739999999999998     
   38.000000000000000        1.6092730889371651        0.0000000000000000        0.0000000000000000        0.0000000000000000       0.16680000000000000       0.15759999999999999       0.67559999999999998     
   39.000000000000000        1.6280590269196886        0.0000000000000000        0.0000000000000000        0.0000000000000000       0.16680000000000000       0.12239999999999999       0.71079999999999999     
   40.000000000000000        1.6476127575279684        0.0000000000000000        0.0000000000000000        0.0000000000000000       0.16680000000000000       0.10420000000000000       0.72899999999999998     
   41.000000000000000        1.6668897343834219        0.0000000000000000        0.0000000000000000        0.0000000000000000       0.16680000000000000       0.12000000000000000       0.71319999999999995     
   42.000000000000000        1.6855126178803761        0.0000000000000000        0.0000000000000000        0.0000000000000000       0.16680000000000000        9.6400000000000000E-002  0.73680000000000001     
   43.000000000000000        1.7023720877759860        0.0000000000000000        0.0000000000000000        0.0000000000000000       0.16680000000000000        9.9400000000000002E-002  0.73380000000000001     
   44.000000000000000        1.7169327494238975        0.0000000000000000        0.0000000000000000        0.0000000000000000       0.16680000000000000        8.3799999999999999E-002  0.74939999999999996     
   45.000000000000000        1.7286512295956362        0.0000000000000000        0.0000000000000000        0.0000000000000000       0.16680000000000000        8.3799999999999999E-002  0.74939999999999996     
   46.000000000000000        1.7361490750324027        0.0000000000000000        0.0000000000000000        0.0000000000000000       0.16680000000000000        7.5399999999999995E-002  0.75780000000000003     
   47.000000000000000        1.7414572898054790        0.0000000000000000        0.0000000000000000        0.0000000000000000       0.16680000000000000        6.2600000000000003E-002  0.77059999999999995     
   48.000000000000000        1.7412334584452482        0.0000000000000000        0.0000000000000000        0.0000000000000000       0.16680000000000000        6.2399999999999997E-002  0.77080000000000004     
   49.000000000000000        1.7372622567103653        0.0000000000000000        0.0000000000000000        0.0000000000000000       0.16680000000000000        6.9400000000000003E-002  0.76380000000000003     
   50.000000000000000        1.7295533236290905        0.0000000000000000        0.0000000000000000        0.0000000000000000       0.16680000000000000        6.2399999999999997E-002  0.77080000000000004     
   51.000000000000000        1.7164562733828792        0.0000000000000000        0.0000000000000000        0.0000000000000000       0.16680000000000000        6.7199999999999996E-002  0.76600000000000001     
   52.000000000000000        1.7001428672574259        0.0000000000000000        0.0000000000000000        0.0000000000000000       0.16680000000000000        6.9800000000000001E-002  0.76339999999999997     
   53.000000000000000        1.6797210569834014        0.0000000000000000        0.0000000000000000        0.0000000000000000       0.16680000000000000        7.1800000000000003E-002  0.76139999999999997     
   54.000000000000000        1.6568287241498245        0.0000000000000000        0.0000000000000000        0.0000000000000000       0.16680000000000000        7.2800000000000004E-002  0.76039999999999996     
   55.000000000000000        1.6311904709227554        0.0000000000000000        0.0000000000000000        0.0000000000000000       0.16680000000000000        7.1999999999999995E-002  0.76119999999999999     
   56.000000000000000        1.6032652909342473        0.0000000000000000        0.0000000000000000        0.0000000000000000       0.16680000000000000        7.0800000000000002E-002  0.76239999999999997     
   57.000000000000000        1.5746791497885568        0.0000000000000000        0.0000000000000000        0.0000000000000000       0.16680000000000000        6.4000000000000001E-002  0.76919999999999999     
   58.000000000000000        1.5442737664181381        0.0000000000000000        0.0000000000000000        0.0000000000000000       0.16680000000000000        6.7199999999999996E-002  0.76600000000000001     
   59.000000000000000        1.5147771988603789        0.0000000000000000        0.0000000000000000        0.0000000000000000       0.16680000000000000        6.3399999999999998E-002  0.76980000000000004     
   60.000000000000000        1.4863128234515648        0.0000000000000000        0.0000000000000000        0.0000000000000000       0.16680000000000000        6.4399999999999999E-002  0.76880000000000004     
   61.000000000000000        1.4602400370509752        0.0000000000000000        0.0000000000000000        0.0000000000000000       0.16680000000000000        6.2799999999999995E-002  0.77039999999999997     
   62.000000000000000        1.4360573417072562        0.0000000000000000        0.0000000000000000        0.0000000000000000       0.16680000000000000        6.2799999999999995E-002  0.77039999999999997     
   63.000000000000000        1.4167914604200482        0.0000000000000000        0.0000000000000000        0.0000000000000000       0.16680000000000000        6.2799999999999995E-002  0.77039999999999997     
   64.000000000000000        1.3955217311694676        0.0000000000000000        0.0000000000000000        0.0000000000000000       0.41160000000000002       0.11500000000000000       0.47339999999999999     
   65.000000000000000        1.3844351257105774        0.0000000000000000        0.0000000000000000        0.0000000000000000       0.42240000000000000        7.2400000000000006E-002  0.50519999999999998     
   66.000000000000000        1.3843352438925558        0.0000000000000000        0.0000000000000000        0.0000000000000000       0.43020000000000003        7.2400000000000006E-002  0.49740000000000001     
   67.000000000000000        1.3834014096375973        0.0000000000000000        0.0000000000000000        0.0000000000000000       0.45200000000000001       0.28039999999999998       0.26760000000000000     
   68.000000000000000        1.3808790930494026        0.0000000000000000        0.0000000000000000        0.0000000000000000       0.26519999999999999       0.73480000000000001        0.0000000000000000     
   69.000000000000000        1.4007590562207002        0.0000000000000000        0.0000000000000000        4.0000000000000002E-004  0.26479999999999998       0.73199999999999998        2.8000000000000000E-003
   70.000000000000000        1.4202264107578457        0.0000000000000000        0.0000000000000000        6.6000000000000000E-003  0.25860000000000000       0.73240000000000005        2.3999999999999998E-003
   71.000000000000000        1.4256753252604621        0.0000000000000000        0.0000000000000000        6.6000000000000000E-003  0.38279999999999997       0.44760000000000000       0.16300000000000001     
   72.000000000000000        1.4244536244054753        0.0000000000000000        0.0000000000000000        6.4000000000000003E-003  0.35060000000000002       0.44740000000000002       0.19560000000000000     
   73.000000000000000        1.4780128980075482        0.0000000000000000        0.0000000000000000        6.4000000000000003E-003  0.35060000000000002       0.47180000000000000       0.17119999999999999     
   74.000000000000000        1.5057538164070996        0.0000000000000000        0.0000000000000000        6.4000000000000003E-003  0.35060000000000002       0.47180000000000000       0.17119999999999999     
   75.000000000000000        1.5489393637230995        0.0000000000000000        0.0000000000000000        6.4000000000000003E-003  0.27079999999999999       0.56359999999999999       0.15920000000000001     
   76.000000000000000        1.6761673505635817        0.0000000000000000        0.0000000000000000        5.0000000000000001E-003  0.26440000000000002       0.56999999999999995       0.16059999999999999     
   77.000000000000000        1.6925779190770234        0.0000000000000000        0.0000000000000000        2.5999999999999999E-003  0.25519999999999998       0.57920000000000005       0.16300000000000001     
   78.000000000000000        1.7154459261058810        0.0000000000000000        0.0000000000000000        0.0000000000000000       0.29440000000000000       0.33720000000000000       0.36840000000000001     
   79.000000000000000        1.7169093919937439        0.0000000000000000        0.0000000000000000        0.0000000000000000       0.29440000000000000       0.32440000000000002       0.38119999999999998     
   80.000000000000000        1.7716887929654381        0.0000000000000000        0.0000000000000000        0.0000000000000000       0.29440000000000000       0.32419999999999999       0.38140000000000002     
   81.000000000000000        1.7908146241045284        0.0000000000000000        0.0000000000000000        0.0000000000000000       0.29440000000000000       0.32260000000000000       0.38300000000000001     
   82.000000000000000        1.7733036043240014        0.0000000000000000        0.0000000000000000        0.0000000000000000       0.29440000000000000       0.33179999999999998       0.37380000000000002     
   83.000000000000000        1.8071033242001462        0.0000000000000000        0.0000000000000000        0.0000000000000000       0.29440000000000000       0.33279999999999998       0.37280000000000002     
   84.000000000000000        1.8099734083178847        0.0000000000000000        0.0000000000000000        0.0000000000000000       0.29440000000000000       0.33239999999999997       0.37319999999999998     
   85.000000000000000        1.8129657478037746        0.0000000000000000        0.0000000000000000        0.0000000000000000       0.29440000000000000       0.33279999999999998       0.37280000000000002     
   86.000000000000000        1.8102394499841994        0.0000000000000000        0.0000000000000000        0.0000000000000000       0.29440000000000000       0.33279999999999998       0.37280000000000002     
   87.000000000000000        1.8179814747372729        0.0000000000000000        0.0000000000000000        0.0000000000000000       0.29440000000000000       0.32919999999999999       0.37640000000000001     
   88.000000000000000        1.8151162050249912        0.0000000000000000        0.0000000000000000        0.0000000000000000       0.29440000000000000       0.33000000000000002       0.37559999999999999     
   89.000000000000000        1.7823548608089379        0.0000000000000000        0.0000000000000000        0.0000000000000000       0.29440000000000000       0.33040000000000003       0.37519999999999998     
   90.000000000000000        1.7687179091783254        0.0000000000000000        0.0000000000000000        0.0000000000000000       0.29440000000000000       0.32540000000000002       0.38019999999999998     
   91.000000000000000        1.7520426922365528        0.0000000000000000        0.0000000000000000        0.0000000000000000       0.29440000000000000       0.32940000000000003       0.37619999999999998     
   92.000000000000000        1.7267648809181642        0.0000000000000000        0.0000000000000000        0.0000000000000000       0.29440000000000000       0.41980000000000001       0.28580000000000000     
   93.000000000000000        1.9563741129000149        0.0000000000000000        0.0000000000000000        0.0000000000000000       0.31480000000000002       0.39939999999999998       0.28580000000000000     
   94.000000000000000        1.6938966889404110        0.0000000000000000        0.0000000000000000        0.0000000000000000       0.31480000000000002       0.39900000000000002       0.28620000000000001     
   95.000000000000000        1.6740526697878080        0.0000000000000000        0.0000000000000000        0.0000000000000000       0.31480000000000002       0.40639999999999998       0.27879999999999999     
   96.000000000000000        1.6494294608694495        0.0000000000000000        0.0000000000000000        0.0000000000000000       0.31480000000000002       0.40699999999999997       0.27820000000000000     
   97.000000000000000        1.6374995565987307        0.0000000000000000        0.0000000000000000        0.0000000000000000       0.31480000000000002       0.40699999999999997       0.27820000000000000     
   98.000000000000000        1.6216647961701227        0.0000000000000000        0.0000000000000000        0.0000000000000000       0.31480000000000002       0.40880000000000000       0.27639999999999998     
   99.000000000000000        1.6081627862219474        0.0000000000000000        0.0000000000000000        0.0000000000000000       0.31480000000000002       0.40880000000000000       0.27639999999999998     
   100.00000000000000        1.5877249225619594        0.0000000000000000        0.0000000000000000        0.0000000000000000       0.31480000000000002       0.40880000000000000       0.27639999999999998     
   101.00000000000000        1.5797111066748073        0.0000000000000000        0.0000000000000000        0.0000000000000000       0.31480000000000002       0.41099999999999998       0.27420000000000000     
   102.00000000000000        1.5746014477594250        0.0000000000000000        0.0000000000000000        0.0000000000000000       0.31480000000000002       0.41099999999999998       0.27420000000000000     
   103.00000000000000        1.5727161220931987        0.0000000000000000        0.0000000000000000        0.0000000000000000       0.31480000000000002       0.41080000000000000       0.27439999999999998     
   104.00000000000000        1.5732771734856508        0.0000000000000000        0.0000000000000000        0.0000000000000000       0.31480000000000002       0.42040000000000000       0.26479999999999998     
   105.00000000000000        1.5766046710077524        0.0000000000000000        0.0000000000000000        0.0000000000000000       0.31480000000000002       0.53820000000000001       0.14699999999999999     
   106.00000000000000        1.5827608536415982        0.0000000000000000        0.0000000000000000        0.0000000000000000       0.31480000000000002       0.38860000000000000       0.29659999999999997     
   107.00000000000000        1.5903935313541731        0.0000000000000000        0.0000000000000000        0.0000000000000000       0.31480000000000002       0.42480000000000001       0.26040000000000002     
   108.00000000000000        1.5998640834845042        0.0000000000000000        0.0000000000000000        0.0000000000000000       0.31480000000000002       0.40639999999999998       0.27879999999999999     
   109.00000000000000        1.6105295898587724        0.0000000000000000        0.0000000000000000        0.0000000000000000       0.31480000000000002       0.39560000000000001       0.28960000000000002     
   110.00000000000000        1.6216163702704991        0.0000000000000000        0.0000000000000000        0.0000000000000000       0.31480000000000002       0.39279999999999998       0.29239999999999999     
   111.00000000000000        1.6330254287879227        0.0000000000000000        0.0000000000000000        0.0000000000000000       0.31480000000000002       0.39679999999999999       0.28839999999999999     
   112.00000000000000        1.6455048425203747        0.0000000000000000        0.0000000000000000        0.0000000000000000       0.31480000000000002       0.39539999999999997       0.28980000000000000     
   113.00000000000000        1.6554768208215624        0.0000000000000000        0.0000000000000000        0.0000000000000000       0.31480000000000002       0.39439999999999997       0.29080000000000000     
   114.00000000000000        1.6655838262841245        0.0000000000000000        0.0000000000000000        0.0000000000000000       0.31480000000000002       0.39419999999999999       0.29099999999999998     
   115.00000000000000        1.6746151943614436        0.0000000000000000        0.0000000000000000        0.0000000000000000       0.31480000000000002       0.39419999999999999       0.29099999999999998     
   116.00000000000000        1.6833951400044769        0.0000000000000000        0.0000000000000000        0.0000000000000000       0.31480000000000002       0.39319999999999999       0.29199999999999998     
   117.00000000000000        1.6881173099260276        0.0000000000000000        0.0000000000000000        0.0000000000000000       0.31480000000000002       0.39119999999999999       0.29399999999999998     
   118.00000000000000        1.6930010058863196        0.0000000000000000        0.0000000000000000        0.0000000000000000       0.31480000000000002       0.39119999999999999       0.29399999999999998     
   119.00000000000000        1.6966461624204070        0.0000000000000000        0.0000000000000000        0.0000000000000000       0.31480000000000002       0.39579999999999999       0.28939999999999999     
   120.00000000000000        1.6967960477350814        0.0000000000000000        0.0000000000000000        0.0000000000000000       0.31480000000000002       0.39639999999999997       0.28880000000000000     
   121.00000000000000        1.6961764455214756        0.0000000000000000        0.0000000000000000        0.0000000000000000       0.31480000000000002       0.39560000000000001       0.28960000000000002     
   122.00000000000000        1.6935365459212317        0.0000000000000000        0.0000000000000000        0.0000000000000000       0.31480000000000002       0.39679999999999999       0.28839999999999999     
   123.00000000000000        1.6868124503125372        0.0000000000000000        0.0000000000000000        0.0000000000000000       0.31480000000000002       0.39800000000000002       0.28720000000000001     
   124.00000000000000        1.6841125229577729        0.0000000000000000        0.0000000000000000        0.0000000000000000       0.31480000000000002       0.39340000000000003       0.29180000000000000     
   125.00000000000000        1.6772867099740254        0.0000000000000000        0.0000000000000000        0.0000000000000000       0.31480000000000002       0.39579999999999999       0.28939999999999999     
   126.00000000000000        1.6700277845008740        0.0000000000000000        0.0000000000000000        0.0000000000000000       0.31480000000000002       0.39500000000000002       0.29020000000000001     
   127.00000000000000        1.6611355982564651        0.0000000000000000        0.0000000000000000        0.0000000000000000       0.31480000000000002       0.39660000000000001       0.28860000000000002     
   128.00000000000000        1.6524853166209545        0.0000000000000000        0.0000000000000000        0.0000000000000000       0.31480000000000002       0.39860000000000001       0.28660000000000002     
   129.00000000000000        1.6440010495618158        0.0000000000000000        0.0000000000000000        0.0000000000000000       0.31480000000000002       0.37559999999999999       0.30959999999999999     
   130.00000000000000        1.6361161173737551        0.0000000000000000        0.0000000000000000        0.0000000000000000       0.31480000000000002       0.35380000000000000       0.33139999999999997     
   131.00000000000000        1.6294235515744369        0.0000000000000000        0.0000000000000000        0.0000000000000000       0.31480000000000002       0.38800000000000001       0.29720000000000002     
   132.00000000000000        1.6231536268719564        0.0000000000000000        0.0000000000000000        0.0000000000000000       0.31480000000000002       0.37340000000000001       0.31180000000000002     
   133.00000000000000        1.6185014569394585        0.0000000000000000        0.0000000000000000        0.0000000000000000       0.31480000000000002       0.40479999999999999       0.28039999999999998     
   134.00000000000000        1.6158256123598607        0.0000000000000000        0.0000000000000000        0.0000000000000000       0.31480000000000002       0.39639999999999997       0.28880000000000000     
   135.00000000000000        1.6151074603187356        0.0000000000000000        0.0000000000000000        0.0000000000000000       0.31480000000000002       0.39060000000000000       0.29459999999999997     
   136.00000000000000        1.6160076504840091        0.0000000000000000        0.0000000000000000        0.0000000000000000       0.31480000000000002       0.39100000000000001       0.29420000000000002     
   137.00000000000000        1.6182900174863597        0.0000000000000000        0.0000000000000000        0.0000000000000000       0.31480000000000002       0.36240000000000000       0.32279999999999998     
   138.00000000000000        1.6227276380467783        0.0000000000000000        0.0000000000000000        0.0000000000000000       0.31480000000000002       0.35360000000000003       0.33160000000000001     
   139.00000000000000        1.6278285413487199        0.0000000000000000        0.0000000000000000        0.0000000000000000       0.31480000000000002       0.35840000000000000       0.32679999999999998     
   140.00000000000000        1.6329447050900727        0.0000000000000000        0.0000000000000000        0.0000000000000000       0.31480000000000002       0.37940000000000002       0.30580000000000002     
   141.00000000000000        1.6389908233077335        0.0000000000000000        0.0000000000000000        0.0000000000000000       0.31480000000000002       0.37780000000000002       0.30740000000000001     
   142.00000000000000        1.6453257201291329        0.0000000000000000        0.0000000000000000        0.0000000000000000       0.31480000000000002       0.37880000000000003       0.30640000000000001     
   143.00000000000000        1.6504487226075919        0.0000000000000000        0.0000000000000000        0.0000000000000000       0.31480000000000002       0.37840000000000001       0.30680000000000002     
   144.00000000000000        1.6541876177290951        0.0000000000000000        0.0000000000000000        0.0000000000000000       0.31480000000000002       0.37940000000000002       0.30580000000000002     
   145.00000000000000        1.6566297362221798        0.0000000000000000        0.0000000000000000        0.0000000000000000       0.31480000000000002       0.37740000000000001       0.30780000000000002     
   146.00000000000000        1.6567724059290065        0.0000000000000000        0.0000000000000000        0.0000000000000000       0.31480000000000002       0.37740000000000001       0.30780000000000002     
   147.00000000000000        1.8380547259590601        0.0000000000000000        0.0000000000000000        0.0000000000000000        0.0000000000000000       0.66920000000000002       0.33079999999999998     
   148.00000000000000        1.9251128463079770        0.0000000000000000        0.0000000000000000        3.6600000000000001E-002   2.5999999999999999E-002  0.52939999999999998       0.40799999999999997     
   149.00000000000000        2.0123561166919202        0.0000000000000000        0.0000000000000000        2.2200000000000001E-002  0.38660000000000000       0.18320000000000000       0.40799999999999997     
   150.00000000000000        1.8969791319503422        0.0000000000000000        0.0000000000000000        2.2000000000000001E-003  0.58979999999999999        0.0000000000000000       0.40799999999999997     
   151.00000000000000        1.8137982281715410        0.0000000000000000        0.0000000000000000        1.6000000000000001E-003  0.55900000000000005        3.2399999999999998E-002  0.40699999999999997     
   152.00000000000000        1.9165080125736127        0.0000000000000000        0.0000000000000000        1.6000000000000001E-003  0.48620000000000002        0.0000000000000000       0.51219999999999999     
   153.00000000000000        1.5664082549035059        0.0000000000000000        0.0000000000000000        1.8000000000000000E-003  0.48599999999999999        0.0000000000000000       0.51219999999999999     
   154.00000000000000        1.4811155542888299        0.0000000000000000        0.0000000000000000        1.8000000000000000E-003  0.48599999999999999        0.0000000000000000       0.51219999999999999     
   155.00000000000000        1.4666038666676238        0.0000000000000000        0.0000000000000000        1.8000000000000000E-003  0.48599999999999999        0.0000000000000000       0.51219999999999999     
   156.00000000000000        1.4514164586622307        0.0000000000000000        0.0000000000000000        1.8000000000000000E-003  0.48599999999999999        0.0000000000000000       0.51219999999999999     
   157.00000000000000        1.4363223047395905        0.0000000000000000        0.0000000000000000        1.8000000000000000E-003  0.48599999999999999        0.0000000000000000       0.51219999999999999     
   158.00000000000000        1.4213282728278798        0.0000000000000000        0.0000000000000000        1.8000000000000000E-003  0.48599999999999999        0.0000000000000000       0.51219999999999999     
   159.00000000000000        1.4067491600791660        0.0000000000000000        0.0000000000000000        1.8000000000000000E-003  0.48599999999999999        0.0000000000000000       0.51219999999999999     
   160.00000000000000        1.3931213686045143        0.0000000000000000        0.0000000000000000        1.8000000000000000E-003  0.48599999999999999        0.0000000000000000       0.51219999999999999     
   161.00000000000000        1.3810127902670477        0.0000000000000000        0.0000000000000000        1.8000000000000000E-003  0.48599999999999999        1.0000000000000000E-003  0.51119999999999999     
   162.00000000000000        1.3709630443745864        0.0000000000000000        0.0000000000000000        1.8000000000000000E-003  0.48599999999999999        5.4000000000000003E-003  0.50680000000000003     
   163.00000000000000        1.3630399156939410        0.0000000000000000        0.0000000000000000        1.8000000000000000E-003  0.48599999999999999        3.5999999999999999E-003  0.50860000000000005     
   164.00000000000000        1.3577550055588063        0.0000000000000000        0.0000000000000000        1.8000000000000000E-003  0.48599999999999999        0.0000000000000000       0.51219999999999999     
   165.00000000000000        1.3559199541904357        0.0000000000000000        0.0000000000000000        1.6000000000000001E-003  0.48620000000000002        1.0200000000000001E-002  0.50200000000000000     
   166.00000000000000        1.3602915237441071        0.0000000000000000        0.0000000000000000        1.6000000000000001E-003  0.34480000000000000       0.20499999999999999       0.44860000000000000     
   167.00000000000000        1.3628624336816619        0.0000000000000000        0.0000000000000000        1.6000000000000001E-003  0.34460000000000002       0.20519999999999999       0.44860000000000000     
   168.00000000000000        1.3713268243956929        0.0000000000000000        0.0000000000000000        1.6000000000000001E-003  0.34239999999999998       0.20740000000000000       0.44860000000000000     
   169.00000000000000        1.3836084298866425        0.0000000000000000        0.0000000000000000        1.6000000000000001E-003  0.34220000000000000       0.20760000000000001       0.44860000000000000     
   170.00000000000000        1.3999905322161252        0.0000000000000000        0.0000000000000000        1.6000000000000001E-003  0.34260000000000002       0.20720000000000000       0.44860000000000000     
   171.00000000000000        1.4159773602545513        0.0000000000000000        0.0000000000000000        1.6000000000000001E-003  0.34279999999999999       0.50880000000000003       0.14680000000000001     
   172.00000000000000        1.4445025461151637        0.0000000000000000        0.0000000000000000        1.6000000000000001E-003   2.0000000000000001E-004  0.85240000000000005       0.14580000000000001     
   173.00000000000000        1.4719503187409526        0.0000000000000000        0.0000000000000000        1.6000000000000001E-003   2.0000000000000001E-004  0.85819999999999996       0.14000000000000001     
   174.00000000000000        1.5088586349958701        0.0000000000000000        0.0000000000000000        1.6000000000000001E-003   2.0000000000000001E-004  0.85799999999999998       0.14019999999999999     
   175.00000000000000        1.5490004872860650        0.0000000000000000        0.0000000000000000        1.6000000000000001E-003   2.0000000000000001E-004  0.85560000000000003       0.14260000000000000     
   176.00000000000000        1.5896045432492407        0.0000000000000000        0.0000000000000000        1.6000000000000001E-003   2.0000000000000001E-004  0.85480000000000000       0.14340000000000000     
   177.00000000000000        1.6306554249657867        0.0000000000000000        0.0000000000000000        1.6000000000000001E-003   2.0000000000000001E-004  0.85499999999999998       0.14319999999999999     
   178.00000000000000        1.6700713094432456        0.0000000000000000        0.0000000000000000        1.6000000000000001E-003   2.0000000000000001E-004  0.85499999999999998       0.14319999999999999     
   179.00000000000000        1.7086461463806490        0.0000000000000000        0.0000000000000000        1.6000000000000001E-003   2.0000000000000001E-004  0.85599999999999998       0.14219999999999999     
   180.00000000000000        1.7441056758319267        0.0000000000000000        0.0000000000000000        1.6000000000000001E-003   2.0000000000000001E-004  0.85619999999999996       0.14199999999999999     
   181.00000000000000        1.7747303523117219        0.0000000000000000        0.0000000000000000        1.6000000000000001E-003   2.0000000000000001E-004  0.85840000000000005       0.13980000000000001     
   182.00000000000000        1.8018508854945305        0.0000000000000000        0.0000000000000000        1.6000000000000001E-003   2.0000000000000001E-004  0.85999999999999999       0.13819999999999999     
   183.00000000000000        1.8233401830316451        0.0000000000000000        0.0000000000000000        1.6000000000000001E-003   2.0000000000000001E-004  0.85440000000000005       0.14380000000000001     
   184.00000000000000        1.8395667478363140        0.0000000000000000        0.0000000000000000        1.6000000000000001E-003   2.0000000000000001E-004  0.85640000000000005       0.14180000000000001     
   185.00000000000000        1.8500867017057512        0.0000000000000000        0.0000000000000000        1.6000000000000001E-003   2.0000000000000001E-004  0.85340000000000005       0.14480000000000001     
   186.00000000000000        1.8402248926913864        0.0000000000000000        0.0000000000000000        1.6000000000000001E-003   2.0000000000000001E-004  0.86339999999999995       0.13480000000000000     
   187.00000000000000        1.8543508532573374        0.0000000000000000        0.0000000000000000        1.6000000000000001E-003   2.0000000000000001E-004  0.85940000000000005       0.13880000000000001     
   188.00000000000000        1.8340527837767422        0.0000000000000000        0.0000000000000000        1.6000000000000001E-003   2.0000000000000001E-004  0.85919999999999996       0.13900000000000001     
   189.00000000000000        1.8370963546392511        0.0000000000000000        0.0000000000000000        1.4000000000000000E-003   4.0000000000000002E-004  0.84860000000000002       0.14960000000000001     
