#        BMIN =   406
#        BMAX =   411
#     INIBAND =   410
#      NBANDS =   540
#         NSW =  2000
#       POTIM =   1.0
#        TEMP = 300.0
#    NAMDTINI =   491
#    NAMDTIME =  1000
#       NTRAJ =  5000
#        NELM =  1000
#       LHOLE =     T
#        LSHP =     T
#      LCPTXT =     T
#      RUNDIR = ../../run/
   1.0000000000000000        1.6994125738353691        0.0000000000000000        0.0000000000000000        0.0000000000000000        0.0000000000000000        1.0000000000000000        0.0000000000000000     
   2.0000000000000000        1.6788289057041610        0.0000000000000000        0.0000000000000000        0.0000000000000000        0.0000000000000000       0.99280000000000002        7.1999999999999998E-003
   3.0000000000000000        1.6611573210143855        0.0000000000000000        0.0000000000000000        0.0000000000000000        0.0000000000000000       0.99280000000000002        7.1999999999999998E-003
   4.0000000000000000        1.6463017067710490        0.0000000000000000        0.0000000000000000        0.0000000000000000        0.0000000000000000       0.99260000000000004        7.4000000000000003E-003
   5.0000000000000000        1.6348815349456380        0.0000000000000000        0.0000000000000000        0.0000000000000000        0.0000000000000000       0.99380000000000002        6.1999999999999998E-003
   6.0000000000000000        1.6267336863299540        0.0000000000000000        0.0000000000000000        0.0000000000000000        0.0000000000000000       0.99380000000000002        6.1999999999999998E-003
   7.0000000000000000        1.6204794354612635        0.0000000000000000        0.0000000000000000        0.0000000000000000        0.0000000000000000       0.99399999999999999        6.0000000000000001E-003
   8.0000000000000000        1.6210472831510425        0.0000000000000000        0.0000000000000000        0.0000000000000000        0.0000000000000000       0.99380000000000002        6.1999999999999998E-003
   9.0000000000000000        1.6214402247696091        0.0000000000000000        0.0000000000000000        0.0000000000000000        0.0000000000000000       0.99380000000000002        6.1999999999999998E-003
   10.000000000000000        1.6210522762938187        0.0000000000000000        0.0000000000000000        0.0000000000000000        0.0000000000000000       0.99380000000000002        6.1999999999999998E-003
   11.000000000000000        1.6245402413813659        0.0000000000000000        0.0000000000000000        0.0000000000000000        0.0000000000000000       0.99380000000000002        6.1999999999999998E-003
   12.000000000000000        1.6280780553355998        0.0000000000000000        0.0000000000000000        0.0000000000000000        0.0000000000000000       0.99299999999999999        7.0000000000000001E-003
   13.000000000000000        1.6321155623435439        0.0000000000000000        0.0000000000000000        0.0000000000000000        0.0000000000000000       0.99139999999999995        8.6000000000000000E-003
   14.000000000000000        1.6356639034636080        0.0000000000000000        0.0000000000000000        0.0000000000000000        0.0000000000000000       0.99080000000000001        9.1999999999999998E-003
   15.000000000000000        1.6384798871028547        0.0000000000000000        0.0000000000000000        0.0000000000000000        0.0000000000000000       0.98960000000000004        1.0400000000000000E-002
   16.000000000000000        1.6391149833290328        0.0000000000000000        0.0000000000000000        0.0000000000000000        0.0000000000000000       0.98880000000000001        1.1200000000000000E-002
   17.000000000000000        1.6392790048944228        0.0000000000000000        0.0000000000000000        0.0000000000000000        0.0000000000000000       0.98939999999999995        1.0600000000000000E-002
   18.000000000000000        1.6383386526920447        0.0000000000000000        0.0000000000000000        0.0000000000000000        0.0000000000000000       0.99039999999999995        9.5999999999999992E-003
   19.000000000000000        1.6349323842940269        0.0000000000000000        0.0000000000000000        0.0000000000000000        0.0000000000000000       0.98980000000000001        1.0200000000000001E-002
   20.000000000000000        1.6277023919976867        0.0000000000000000        0.0000000000000000        0.0000000000000000        0.0000000000000000       0.98980000000000001        1.0200000000000001E-002
   21.000000000000000        1.6216835233663081        0.0000000000000000        0.0000000000000000        0.0000000000000000        0.0000000000000000       0.98999999999999999        1.0000000000000000E-002
   22.000000000000000        1.6128710424913912        0.0000000000000000        0.0000000000000000        0.0000000000000000        0.0000000000000000       0.99039999999999995        9.5999999999999992E-003
   23.000000000000000        1.6028258073055188        0.0000000000000000        0.0000000000000000        0.0000000000000000        0.0000000000000000       0.99119999999999997        8.8000000000000005E-003
   24.000000000000000        1.5919025715578436        0.0000000000000000        0.0000000000000000        0.0000000000000000        0.0000000000000000       0.98939999999999995        1.0600000000000000E-002
   25.000000000000000        1.5796704976189275        0.0000000000000000        0.0000000000000000        0.0000000000000000        0.0000000000000000       0.99080000000000001        9.1999999999999998E-003
   26.000000000000000        1.5670201535988175        0.0000000000000000        0.0000000000000000        0.0000000000000000        0.0000000000000000       0.99199999999999999        8.0000000000000002E-003
   27.000000000000000        1.5538800411539369        0.0000000000000000        0.0000000000000000        0.0000000000000000        0.0000000000000000       0.99199999999999999        8.0000000000000002E-003
   28.000000000000000        1.5411697459940454        0.0000000000000000        0.0000000000000000        0.0000000000000000        0.0000000000000000       0.98540000000000005        1.4600000000000000E-002
   29.000000000000000        1.5301298182312282        0.0000000000000000        0.0000000000000000        0.0000000000000000        0.0000000000000000       0.97880000000000000        2.1200000000000000E-002
   30.000000000000000        1.5208086479236933        0.0000000000000000        0.0000000000000000        0.0000000000000000        0.0000000000000000       0.97640000000000005        2.3599999999999999E-002
   31.000000000000000        1.5134734895956965        0.0000000000000000        0.0000000000000000        0.0000000000000000        0.0000000000000000       0.98880000000000001        1.1200000000000000E-002
   32.000000000000000        1.5093180228722687        0.0000000000000000        0.0000000000000000        0.0000000000000000        0.0000000000000000       0.98240000000000005        1.7600000000000001E-002
   33.000000000000000        1.5091241582957931        0.0000000000000000        0.0000000000000000        0.0000000000000000        0.0000000000000000       0.99160000000000004        8.3999999999999995E-003
   34.000000000000000        1.5130979731296859        0.0000000000000000        0.0000000000000000        0.0000000000000000        0.0000000000000000        1.0000000000000000        0.0000000000000000     
   35.000000000000000        1.5210930502808924        0.0000000000000000        0.0000000000000000        0.0000000000000000        0.0000000000000000       0.99939999999999996        5.9999999999999995E-004
   36.000000000000000        1.5336190568329462        0.0000000000000000        0.0000000000000000        0.0000000000000000        0.0000000000000000       0.99980000000000002        2.0000000000000001E-004
   37.000000000000000        1.5508436080341264        0.0000000000000000        0.0000000000000000        0.0000000000000000        0.0000000000000000       0.99439999999999995        5.5999999999999999E-003
   38.000000000000000        1.5716577011906692        0.0000000000000000        0.0000000000000000        0.0000000000000000        0.0000000000000000       0.98799999999999999        1.2000000000000000E-002
   39.000000000000000        1.5946359379508319        0.0000000000000000        0.0000000000000000        0.0000000000000000        0.0000000000000000       0.99080000000000001        9.1999999999999998E-003
   40.000000000000000        1.6230716840264101        0.0000000000000000        0.0000000000000000        0.0000000000000000        0.0000000000000000       0.98519999999999996        1.4800000000000001E-002
   41.000000000000000        1.6516269925412530        0.0000000000000000        0.0000000000000000        0.0000000000000000        0.0000000000000000       0.99580000000000002        4.1999999999999997E-003
   42.000000000000000        1.6817371432124961        0.0000000000000000        0.0000000000000000        0.0000000000000000        0.0000000000000000       0.99580000000000002        4.1999999999999997E-003
   43.000000000000000        1.7125658839003584        0.0000000000000000        0.0000000000000000        0.0000000000000000        0.0000000000000000       0.99839999999999995        1.6000000000000001E-003
   44.000000000000000        1.7435587109405954        0.0000000000000000        0.0000000000000000        0.0000000000000000        0.0000000000000000       0.99700000000000000        3.0000000000000001E-003
   45.000000000000000        1.7714673577580680        0.0000000000000000        0.0000000000000000        0.0000000000000000        0.0000000000000000       0.99139999999999995        8.6000000000000000E-003
   46.000000000000000        1.7968341527300586        0.0000000000000000        0.0000000000000000        0.0000000000000000        0.0000000000000000       0.99219999999999997        7.7999999999999996E-003
   47.000000000000000        1.8197462419037469        0.0000000000000000        0.0000000000000000        0.0000000000000000        0.0000000000000000       0.99219999999999997        7.7999999999999996E-003
   48.000000000000000        1.8375934901225583        0.0000000000000000        0.0000000000000000        0.0000000000000000        0.0000000000000000       0.99119999999999997        8.8000000000000005E-003
   49.000000000000000        1.8513590811580012        0.0000000000000000        0.0000000000000000        0.0000000000000000        0.0000000000000000       0.99219999999999997        7.7999999999999996E-003
   50.000000000000000        1.8609016265165355        0.0000000000000000        0.0000000000000000        0.0000000000000000        0.0000000000000000       0.99399999999999999        6.0000000000000001E-003
   51.000000000000000        1.8651576103040319        0.0000000000000000        0.0000000000000000        0.0000000000000000        0.0000000000000000       0.99399999999999999        6.0000000000000001E-003
   52.000000000000000        1.8642543481688298        0.0000000000000000        0.0000000000000000        0.0000000000000000        0.0000000000000000       0.99399999999999999        6.0000000000000001E-003
   53.000000000000000        1.8560814579033529        0.0000000000000000        0.0000000000000000        0.0000000000000000        0.0000000000000000       0.99080000000000001        9.1999999999999998E-003
   54.000000000000000        1.8429890456520048        0.0000000000000000        0.0000000000000000        0.0000000000000000        0.0000000000000000       0.99039999999999995        9.5999999999999992E-003
   55.000000000000000        1.8251975215583645        0.0000000000000000        0.0000000000000000        0.0000000000000000        0.0000000000000000       0.99119999999999997        8.8000000000000005E-003
   56.000000000000000        1.8048147030273425        0.0000000000000000        0.0000000000000000        0.0000000000000000        0.0000000000000000       0.99139999999999995        8.6000000000000000E-003
   57.000000000000000        1.7796726529593703        0.0000000000000000        0.0000000000000000        0.0000000000000000        0.0000000000000000       0.99139999999999995        8.6000000000000000E-003
   58.000000000000000        1.7493009375301958        0.0000000000000000        0.0000000000000000        0.0000000000000000        0.0000000000000000       0.99280000000000002        7.1999999999999998E-003
   59.000000000000000        1.7182931488393354        0.0000000000000000        0.0000000000000000        0.0000000000000000        0.0000000000000000       0.99660000000000004        3.3999999999999998E-003
   60.000000000000000        1.6855046382944645        0.0000000000000000        0.0000000000000000        0.0000000000000000        0.0000000000000000       0.99639999999999995        3.5999999999999999E-003
   61.000000000000000        1.6522366826233996        0.0000000000000000        0.0000000000000000        0.0000000000000000        0.0000000000000000       0.99660000000000004        3.3999999999999998E-003
   62.000000000000000        1.6195104695426130        0.0000000000000000        0.0000000000000000        0.0000000000000000        0.0000000000000000       0.99660000000000004        3.3999999999999998E-003
   63.000000000000000        1.5872789090835311        0.0000000000000000        0.0000000000000000        0.0000000000000000        0.0000000000000000       0.99380000000000002        6.1999999999999998E-003
   64.000000000000000        1.5577679432601268        0.0000000000000000        0.0000000000000000        0.0000000000000000        0.0000000000000000       0.99419999999999997        5.7999999999999996E-003
   65.000000000000000        1.5313393822266499        0.0000000000000000        0.0000000000000000        0.0000000000000000        0.0000000000000000       0.99639999999999995        3.5999999999999999E-003
   66.000000000000000        1.5092221201557920        0.0000000000000000        0.0000000000000000        0.0000000000000000        0.0000000000000000       0.99619999999999997        3.8000000000000000E-003
   67.000000000000000        1.4921191874246285        0.0000000000000000        0.0000000000000000        0.0000000000000000        0.0000000000000000       0.99580000000000002        4.1999999999999997E-003
   68.000000000000000        1.4850130073300243        0.0000000000000000        0.0000000000000000        0.0000000000000000        0.0000000000000000       0.99500000000000000        5.0000000000000001E-003
   69.000000000000000        1.4750301875737819        0.0000000000000000        0.0000000000000000        0.0000000000000000        0.0000000000000000       0.99639999999999995        3.5999999999999999E-003
   70.000000000000000        1.4742562966658554        0.0000000000000000        0.0000000000000000        0.0000000000000000        0.0000000000000000       0.99639999999999995        3.5999999999999999E-003
   71.000000000000000        1.4824197459236237        0.0000000000000000        0.0000000000000000        0.0000000000000000        0.0000000000000000       0.99639999999999995        3.5999999999999999E-003
   72.000000000000000        1.4965110554528935        0.0000000000000000        0.0000000000000000        0.0000000000000000        0.0000000000000000       0.99639999999999995        3.5999999999999999E-003
   73.000000000000000        1.5160128471383933        0.0000000000000000        0.0000000000000000        0.0000000000000000        0.0000000000000000       0.99600000000000000        4.0000000000000001E-003
   74.000000000000000        1.5406985294792421        0.0000000000000000        0.0000000000000000        0.0000000000000000        0.0000000000000000       0.99539999999999995        4.5999999999999999E-003
   75.000000000000000        1.5707803358631556        0.0000000000000000        0.0000000000000000        0.0000000000000000        0.0000000000000000       0.99580000000000002        4.1999999999999997E-003
   76.000000000000000        1.6045838144457778        0.0000000000000000        0.0000000000000000        0.0000000000000000        0.0000000000000000       0.99600000000000000        4.0000000000000001E-003
   77.000000000000000        1.6419092430725548        0.0000000000000000        0.0000000000000000        0.0000000000000000        0.0000000000000000       0.99600000000000000        4.0000000000000001E-003
   78.000000000000000        1.6809897247803556        0.0000000000000000        0.0000000000000000        0.0000000000000000        0.0000000000000000       0.99600000000000000        4.0000000000000001E-003
   79.000000000000000        1.7211441372076581        0.0000000000000000        0.0000000000000000        0.0000000000000000        0.0000000000000000       0.99619999999999997        3.8000000000000000E-003
   80.000000000000000        1.7614073167598865        0.0000000000000000        0.0000000000000000        0.0000000000000000        0.0000000000000000       0.99580000000000002        4.1999999999999997E-003
   81.000000000000000        1.8003940005085435        0.0000000000000000        0.0000000000000000        0.0000000000000000        0.0000000000000000       0.99580000000000002        4.1999999999999997E-003
   82.000000000000000        1.8375401960742936        0.0000000000000000        0.0000000000000000        0.0000000000000000        0.0000000000000000       0.99580000000000002        4.1999999999999997E-003
   83.000000000000000        1.8717354257021805        0.0000000000000000        0.0000000000000000        0.0000000000000000        0.0000000000000000       0.99600000000000000        4.0000000000000001E-003
   84.000000000000000        1.9022256964838784        0.0000000000000000        0.0000000000000000        0.0000000000000000        0.0000000000000000       0.99519999999999997        4.7999999999999996E-003
   85.000000000000000        1.9290545664548913        0.0000000000000000        0.0000000000000000        0.0000000000000000        0.0000000000000000       0.99580000000000002        4.1999999999999997E-003
   86.000000000000000        1.9507188102545527        0.0000000000000000        0.0000000000000000        0.0000000000000000        0.0000000000000000       0.99580000000000002        4.1999999999999997E-003
   87.000000000000000        1.9676063324056954        0.0000000000000000        0.0000000000000000        0.0000000000000000        0.0000000000000000       0.99600000000000000        4.0000000000000001E-003
   88.000000000000000        1.9786453553703640        0.0000000000000000        0.0000000000000000        0.0000000000000000        0.0000000000000000       0.98860000000000003        1.1400000000000000E-002
   89.000000000000000        1.9841409441691442        0.0000000000000000        0.0000000000000000        0.0000000000000000        0.0000000000000000        1.0000000000000000        0.0000000000000000     
   90.000000000000000        1.9835967665939154        0.0000000000000000        0.0000000000000000        0.0000000000000000        0.0000000000000000       0.99980000000000002        2.0000000000000001E-004
   91.000000000000000        1.9776445371047486        0.0000000000000000        0.0000000000000000        0.0000000000000000        0.0000000000000000       0.99980000000000002        2.0000000000000001E-004
   92.000000000000000        1.9666211530630722        0.0000000000000000        0.0000000000000000        0.0000000000000000        0.0000000000000000       0.99960000000000004        4.0000000000000002E-004
   93.000000000000000        1.9504101329367809        0.0000000000000000        0.0000000000000000        0.0000000000000000        0.0000000000000000       0.99960000000000004        4.0000000000000002E-004
   94.000000000000000        1.9302475513332453        0.0000000000000000        0.0000000000000000        0.0000000000000000        0.0000000000000000       0.99919999999999998        8.0000000000000004E-004
   95.000000000000000        1.9065002507303337        0.0000000000000000        0.0000000000000000        0.0000000000000000        0.0000000000000000       0.99919999999999998        8.0000000000000004E-004
   96.000000000000000        1.8802608098435067        0.0000000000000000        0.0000000000000000        0.0000000000000000        0.0000000000000000       0.99919999999999998        8.0000000000000004E-004
   97.000000000000000        1.8520983732858043        0.0000000000000000        0.0000000000000000        0.0000000000000000        0.0000000000000000       0.99919999999999998        8.0000000000000004E-004
   98.000000000000000        1.8232196456152410        0.0000000000000000        0.0000000000000000        0.0000000000000000        0.0000000000000000       0.99919999999999998        8.0000000000000004E-004
   99.000000000000000        1.7945580884289005        0.0000000000000000        0.0000000000000000        0.0000000000000000        0.0000000000000000       0.99919999999999998        8.0000000000000004E-004
   100.00000000000000        1.7666029781559029        0.0000000000000000        0.0000000000000000        0.0000000000000000        0.0000000000000000       0.99919999999999998        8.0000000000000004E-004
   101.00000000000000        1.7405287352486403        0.0000000000000000        0.0000000000000000        0.0000000000000000        0.0000000000000000       0.99919999999999998        8.0000000000000004E-004
   102.00000000000000        1.7164678530342037        0.0000000000000000        0.0000000000000000        0.0000000000000000        0.0000000000000000       0.99880000000000002        1.1999999999999999E-003
   103.00000000000000        1.6960275465379351        0.0000000000000000        0.0000000000000000        0.0000000000000000        0.0000000000000000       0.99900000000000000        1.0000000000000000E-003
   104.00000000000000        1.6784555725523007        0.0000000000000000        0.0000000000000000        0.0000000000000000        0.0000000000000000       0.99900000000000000        1.0000000000000000E-003
   105.00000000000000        1.6643949997288230        0.0000000000000000        0.0000000000000000        0.0000000000000000        0.0000000000000000       0.99900000000000000        1.0000000000000000E-003
   106.00000000000000        1.6536294829736982        0.0000000000000000        0.0000000000000000        0.0000000000000000        0.0000000000000000       0.99900000000000000        1.0000000000000000E-003
   107.00000000000000        1.6462331724078263        0.0000000000000000        0.0000000000000000        0.0000000000000000        0.0000000000000000       0.99900000000000000        1.0000000000000000E-003
   108.00000000000000        1.6418942079717525        0.0000000000000000        0.0000000000000000        0.0000000000000000        0.0000000000000000       0.99900000000000000        1.0000000000000000E-003
   109.00000000000000        1.6401755737696804        0.0000000000000000        0.0000000000000000        0.0000000000000000        0.0000000000000000       0.99900000000000000        1.0000000000000000E-003
   110.00000000000000        1.6407135205836541        0.0000000000000000        0.0000000000000000        0.0000000000000000        0.0000000000000000       0.99900000000000000        1.0000000000000000E-003
   111.00000000000000        1.6426519560240382        0.0000000000000000        0.0000000000000000        0.0000000000000000        0.0000000000000000       0.99900000000000000        1.0000000000000000E-003
   112.00000000000000        1.6458094924852249        0.0000000000000000        0.0000000000000000        0.0000000000000000        0.0000000000000000       0.99780000000000002        2.2000000000000001E-003
   113.00000000000000        1.6496670143830277        0.0000000000000000        0.0000000000000000        0.0000000000000000        0.0000000000000000       0.99780000000000002        2.2000000000000001E-003
   114.00000000000000        1.6535969902780050        0.0000000000000000        0.0000000000000000        0.0000000000000000        0.0000000000000000       0.99819999999999998        1.8000000000000000E-003
   115.00000000000000        1.6572199588863437        0.0000000000000000        0.0000000000000000        0.0000000000000000        0.0000000000000000       0.99819999999999998        1.8000000000000000E-003
   116.00000000000000        1.6600148424306782        0.0000000000000000        0.0000000000000000        0.0000000000000000        0.0000000000000000       0.99819999999999998        1.8000000000000000E-003
   117.00000000000000        1.6620084098805248        0.0000000000000000        0.0000000000000000        0.0000000000000000        0.0000000000000000       0.99760000000000004        2.3999999999999998E-003
   118.00000000000000        1.6627315125488700        0.0000000000000000        0.0000000000000000        0.0000000000000000        0.0000000000000000       0.99480000000000002        5.1999999999999998E-003
   119.00000000000000        1.6622308482346118        0.0000000000000000        0.0000000000000000        0.0000000000000000        0.0000000000000000       0.99560000000000004        4.4000000000000003E-003
   120.00000000000000        1.6598071022747349        0.0000000000000000        0.0000000000000000        0.0000000000000000        0.0000000000000000       0.99619999999999997        3.8000000000000000E-003
   121.00000000000000        1.6561222657856405        0.0000000000000000        0.0000000000000000        0.0000000000000000        0.0000000000000000       0.99619999999999997        3.8000000000000000E-003
   122.00000000000000        1.6502075057981873        0.0000000000000000        0.0000000000000000        0.0000000000000000        0.0000000000000000       0.99460000000000004        5.4000000000000003E-003
   123.00000000000000        1.6428635847537147        0.0000000000000000        0.0000000000000000        0.0000000000000000        0.0000000000000000       0.99360000000000004        6.4000000000000003E-003
   124.00000000000000        1.6348635641797833        0.0000000000000000        0.0000000000000000        0.0000000000000000        0.0000000000000000       0.99500000000000000        5.0000000000000001E-003
   125.00000000000000        1.6243819408703193        0.0000000000000000        0.0000000000000000        0.0000000000000000        0.0000000000000000       0.99519999999999997        4.7999999999999996E-003
   126.00000000000000        1.6134643957378123        0.0000000000000000        0.0000000000000000        0.0000000000000000        0.0000000000000000       0.99339999999999995        6.6000000000000000E-003
   127.00000000000000        1.6013347538270082        0.0000000000000000        0.0000000000000000        0.0000000000000000        0.0000000000000000       0.99319999999999997        6.7999999999999996E-003
   128.00000000000000        1.5900588880871864        0.0000000000000000        0.0000000000000000        0.0000000000000000        7.6000000000000000E-003  0.80459999999999998       0.18779999999999999     
   129.00000000000000        1.5838225349225095        0.0000000000000000        0.0000000000000000        0.0000000000000000        7.6000000000000000E-003  0.80459999999999998       0.18779999999999999     
   130.00000000000000        1.5740010272771876        0.0000000000000000        0.0000000000000000        0.0000000000000000        7.6000000000000000E-003  0.80459999999999998       0.18779999999999999     
   131.00000000000000        1.5651205532551615        0.0000000000000000        0.0000000000000000        0.0000000000000000        8.0000000000000002E-003  0.80420000000000003       0.18779999999999999     
   132.00000000000000        1.5575770397324051        0.0000000000000000        0.0000000000000000        0.0000000000000000        8.2000000000000007E-003  0.80400000000000005       0.18779999999999999     
   133.00000000000000        1.5517948977887159        0.0000000000000000        0.0000000000000000        0.0000000000000000        8.3999999999999995E-003  0.80379999999999996       0.18779999999999999     
   134.00000000000000        1.5485381727639547        0.0000000000000000        0.0000000000000000        0.0000000000000000        8.3999999999999995E-003  0.80379999999999996       0.18779999999999999     
   135.00000000000000        1.5480131389659453        0.0000000000000000        0.0000000000000000        0.0000000000000000        1.4000000000000000E-002  0.79820000000000002       0.18779999999999999     
   136.00000000000000        1.5507369185772708        0.0000000000000000        0.0000000000000000        0.0000000000000000        1.9000000000000000E-002  0.78120000000000001       0.19980000000000001     
   137.00000000000000        1.5537706443733996        0.0000000000000000        0.0000000000000000        0.0000000000000000        2.0000000000000001E-004  0.80640000000000001       0.19339999999999999     
   138.00000000000000        1.5648684013102911        0.0000000000000000        0.0000000000000000        0.0000000000000000        2.0000000000000001E-004  0.80640000000000001       0.19339999999999999     
   139.00000000000000        1.5813050066255510        0.0000000000000000        0.0000000000000000        0.0000000000000000        2.0000000000000001E-004  0.80540000000000000       0.19439999999999999     
   140.00000000000000        1.6007667307405911        0.0000000000000000        0.0000000000000000        0.0000000000000000        2.0000000000000001E-004  0.76160000000000005       0.23820000000000000     
   141.00000000000000        1.6225061264855372        0.0000000000000000        0.0000000000000000        0.0000000000000000        2.0000000000000001E-004  0.79200000000000004       0.20780000000000001     
   142.00000000000000        1.6457751139666774        0.0000000000000000        0.0000000000000000        0.0000000000000000        2.0000000000000001E-004  0.82620000000000005       0.17360000000000000     
   143.00000000000000        1.6700827157207729        0.0000000000000000        0.0000000000000000        0.0000000000000000        2.0000000000000001E-004  0.84279999999999999       0.15700000000000000     
   144.00000000000000        1.6944895859680180        0.0000000000000000        0.0000000000000000        0.0000000000000000        2.0000000000000001E-004  0.82420000000000004       0.17560000000000001     
   145.00000000000000        1.7172961315555912        0.0000000000000000        0.0000000000000000        0.0000000000000000        2.0000000000000001E-004  0.85240000000000005       0.14740000000000000     
   146.00000000000000        1.7383423642570213        0.0000000000000000        0.0000000000000000        0.0000000000000000        2.0000000000000001E-004  0.84740000000000004       0.15240000000000001     
   147.00000000000000        1.7561926776756827        0.0000000000000000        0.0000000000000000        0.0000000000000000        2.0000000000000001E-004  0.86360000000000003       0.13619999999999999     
   148.00000000000000        1.7708517266297157        0.0000000000000000        0.0000000000000000        0.0000000000000000        2.0000000000000001E-004  0.86360000000000003       0.13619999999999999     
   149.00000000000000        1.7802565205012233        0.0000000000000000        0.0000000000000000        0.0000000000000000        2.0000000000000001E-004  0.87460000000000004       0.12520000000000001     
   150.00000000000000        1.7869816192721188        0.0000000000000000        0.0000000000000000        0.0000000000000000        2.0000000000000001E-004  0.88419999999999999       0.11559999999999999     
   151.00000000000000        1.7872117878370770        0.0000000000000000        0.0000000000000000        0.0000000000000000        2.0000000000000001E-004  0.88460000000000005       0.11520000000000000     
   152.00000000000000        1.7833103286024410        0.0000000000000000        0.0000000000000000        0.0000000000000000        2.0000000000000001E-004  0.87619999999999998       0.12360000000000000     
   153.00000000000000        1.7746794263269343        0.0000000000000000        0.0000000000000000        0.0000000000000000        2.0000000000000001E-004  0.88360000000000005       0.11620000000000000     
   154.00000000000000        1.7597602460722985        0.0000000000000000        0.0000000000000000        0.0000000000000000        2.0000000000000001E-004  0.87380000000000002       0.12600000000000000     
   155.00000000000000        1.7411080186324637        0.0000000000000000        0.0000000000000000        0.0000000000000000        2.0000000000000001E-004  0.86919999999999997       0.13059999999999999     
   156.00000000000000        1.7174629831000137        0.0000000000000000        0.0000000000000000        0.0000000000000000        2.0000000000000001E-004  0.86699999999999999       0.13280000000000000     
   157.00000000000000        1.6910797400107682        0.0000000000000000        0.0000000000000000        0.0000000000000000        2.0000000000000001E-004  0.86399999999999999       0.13580000000000000     
   158.00000000000000        1.6614044223048454        0.0000000000000000        0.0000000000000000        0.0000000000000000        2.0000000000000001E-004  0.86480000000000001       0.13500000000000001     
   159.00000000000000        1.6289693139768882        0.0000000000000000        0.0000000000000000        0.0000000000000000        2.0000000000000001E-004  0.86680000000000001       0.13300000000000001     
   160.00000000000000        1.5957100160290494        0.0000000000000000        0.0000000000000000        0.0000000000000000        2.0000000000000001E-004  0.87180000000000002       0.12800000000000000     
   161.00000000000000        1.5605306677246769        0.0000000000000000        0.0000000000000000        0.0000000000000000        2.0000000000000001E-004  0.86780000000000002       0.13200000000000001     
   162.00000000000000        1.5262777103070135        0.0000000000000000        0.0000000000000000        0.0000000000000000        2.0000000000000001E-004  0.87080000000000002       0.12900000000000000     
   163.00000000000000        1.4934148390781101        0.0000000000000000        0.0000000000000000        0.0000000000000000        2.0000000000000001E-004  0.86819999999999997       0.13159999999999999     
   164.00000000000000        1.4634043349945964        0.0000000000000000        0.0000000000000000        0.0000000000000000        2.0000000000000001E-004  0.87019999999999997       0.12959999999999999     
   165.00000000000000        1.4353649233685821        0.0000000000000000        0.0000000000000000        0.0000000000000000        2.0000000000000001E-004  0.87019999999999997       0.12959999999999999     
   166.00000000000000        1.4134645978956983        0.0000000000000000        0.0000000000000000        0.0000000000000000        2.0000000000000001E-004  0.87060000000000004       0.12920000000000001     
   167.00000000000000        1.3962054684352179        0.0000000000000000        0.0000000000000000        0.0000000000000000       0.11080000000000000       0.55020000000000002       0.33900000000000002     
   168.00000000000000        1.3870953301052293        0.0000000000000000        0.0000000000000000        0.0000000000000000       0.10040000000000000       0.70020000000000004       0.19939999999999999     
   169.00000000000000        1.3827467745322879        0.0000000000000000        0.0000000000000000        0.0000000000000000        9.8400000000000001E-002  0.70020000000000004       0.20140000000000000     
   170.00000000000000        1.3847903499780132        0.0000000000000000        0.0000000000000000        0.0000000000000000        8.4800000000000000E-002  0.63619999999999999       0.27900000000000003     
   171.00000000000000        1.3887770355861551        0.0000000000000000        0.0000000000000000        0.0000000000000000       0.47699999999999998        0.0000000000000000       0.52300000000000002     
   172.00000000000000        1.4038860049674480        0.0000000000000000        0.0000000000000000        2.3999999999999998E-003  0.47460000000000002        0.0000000000000000       0.52300000000000002     
   173.00000000000000        1.4181581591565289        0.0000000000000000        0.0000000000000000        1.5200000000000000E-002  0.46179999999999999        2.4799999999999999E-002  0.49819999999999998     
   174.00000000000000        1.4378564197554609        0.0000000000000000        0.0000000000000000        1.4999999999999999E-002   2.0000000000000001E-004  0.24379999999999999       0.74099999999999999     
   175.00000000000000        1.4614416290138532        0.0000000000000000        0.0000000000000000        1.4999999999999999E-002   5.4000000000000003E-003  0.24379999999999999       0.73580000000000001     
   176.00000000000000        1.7875540875426918        0.0000000000000000        0.0000000000000000        1.4999999999999999E-002   5.4000000000000003E-003  0.29859999999999998       0.68100000000000005     
   177.00000000000000        1.5555369287663401        0.0000000000000000        0.0000000000000000        1.4999999999999999E-002   5.4000000000000003E-003  0.29740000000000000       0.68220000000000003     
   178.00000000000000        1.5897329107340068        0.0000000000000000        0.0000000000000000        1.4999999999999999E-002   5.5999999999999999E-003  0.97940000000000005        0.0000000000000000     
   179.00000000000000        1.6512973147639101        0.0000000000000000        0.0000000000000000        1.3599999999999999E-002   1.8800000000000001E-002  0.96619999999999995        1.4000000000000000E-003
   180.00000000000000        1.6874151529621229        0.0000000000000000        0.0000000000000000        1.0400000000000000E-002   4.1799999999999997E-002  0.94320000000000004        4.5999999999999999E-003
   181.00000000000000        1.7172049159134239        0.0000000000000000        0.0000000000000000        1.6000000000000001E-003   5.1400000000000001E-002  0.94660000000000000        4.0000000000000002E-004
   182.00000000000000        1.7343002140459203        0.0000000000000000        0.0000000000000000        1.6000000000000001E-003   5.1400000000000001E-002  0.94599999999999995        1.0000000000000000E-003
   183.00000000000000        1.7865872026039653        0.0000000000000000        0.0000000000000000        1.6000000000000001E-003   5.1400000000000001E-002  0.94599999999999995        1.0000000000000000E-003
   184.00000000000000        1.8175516676319126        0.0000000000000000        0.0000000000000000        1.6000000000000001E-003   5.1400000000000001E-002  0.94560000000000000        1.4000000000000000E-003
   185.00000000000000        1.8366698427466093        0.0000000000000000        0.0000000000000000        1.6000000000000001E-003   5.1400000000000001E-002  0.94599999999999995        1.0000000000000000E-003
   186.00000000000000        1.8582286512844448        0.0000000000000000        0.0000000000000000        1.4000000000000000E-003   5.1600000000000000E-002  0.94599999999999995        1.0000000000000000E-003
   187.00000000000000        1.8705888152229178        0.0000000000000000        0.0000000000000000        1.1999999999999999E-003   5.1799999999999999E-002  0.94599999999999995        1.0000000000000000E-003
   188.00000000000000        1.8788134011679452        0.0000000000000000        0.0000000000000000        1.1999999999999999E-003   5.1799999999999999E-002  0.94599999999999995        1.0000000000000000E-003
   189.00000000000000        1.8805020920082536        0.0000000000000000        0.0000000000000000        1.1999999999999999E-003   5.1799999999999999E-002  0.94599999999999995        1.0000000000000000E-003
