#        BMIN =   406
#        BMAX =   411
#     INIBAND =   410
#      NBANDS =   540
#         NSW =  2000
#       POTIM =   1.0
#        TEMP = 300.0
#    NAMDTINI =   475
#    NAMDTIME =  1000
#       NTRAJ =  5000
#        NELM =  1000
#       LHOLE =     T
#        LSHP =     T
#      LCPTXT =     T
#      RUNDIR = ../../run/
   1.0000000000000000        1.8275849232251611        0.0000000000000000        0.0000000000000000        0.0000000000000000        0.0000000000000000        1.0000000000000000        0.0000000000000000     
   2.0000000000000000        1.8475100134556706        0.0000000000000000        0.0000000000000000        0.0000000000000000        0.0000000000000000        1.0000000000000000        0.0000000000000000     
   3.0000000000000000        1.8639081226301020        0.0000000000000000        0.0000000000000000        0.0000000000000000        0.0000000000000000        1.0000000000000000        0.0000000000000000     
   4.0000000000000000        1.8765659163526944        0.0000000000000000        0.0000000000000000        0.0000000000000000        0.0000000000000000        1.0000000000000000        0.0000000000000000     
   5.0000000000000000        1.8839761606263521        0.0000000000000000        0.0000000000000000        0.0000000000000000        0.0000000000000000        1.0000000000000000        0.0000000000000000     
   6.0000000000000000        1.8867662058623649        0.0000000000000000        0.0000000000000000        0.0000000000000000        0.0000000000000000       0.99980000000000002        2.0000000000000001E-004
   7.0000000000000000        1.8849131168212592        0.0000000000000000        0.0000000000000000        0.0000000000000000        0.0000000000000000       0.99980000000000002        2.0000000000000001E-004
   8.0000000000000000        1.8776474507739456        0.0000000000000000        0.0000000000000000        0.0000000000000000        0.0000000000000000       0.99960000000000004        4.0000000000000002E-004
   9.0000000000000000        1.8676792027432161        0.0000000000000000        0.0000000000000000        0.0000000000000000        0.0000000000000000       0.99919999999999998        8.0000000000000004E-004
   10.000000000000000        1.8528832306313208        0.0000000000000000        0.0000000000000000        0.0000000000000000        0.0000000000000000       0.99860000000000004        1.4000000000000000E-003
   11.000000000000000        1.8344123705747073        0.0000000000000000        0.0000000000000000        0.0000000000000000        0.0000000000000000       0.99860000000000004        1.4000000000000000E-003
   12.000000000000000        1.8143737309043497        0.0000000000000000        0.0000000000000000        0.0000000000000000        0.0000000000000000       0.99860000000000004        1.4000000000000000E-003
   13.000000000000000        1.7917411805476591        0.0000000000000000        0.0000000000000000        0.0000000000000000        0.0000000000000000       0.99900000000000000        1.0000000000000000E-003
   14.000000000000000        1.7681323727259384        0.0000000000000000        0.0000000000000000        0.0000000000000000        0.0000000000000000       0.99960000000000004        4.0000000000000002E-004
   15.000000000000000        1.7442859754694418        0.0000000000000000        0.0000000000000000        0.0000000000000000        0.0000000000000000       0.99739999999999995        2.5999999999999999E-003
   16.000000000000000        1.7207836208925347        0.0000000000000000        0.0000000000000000        0.0000000000000000        0.0000000000000000       0.99280000000000002        7.1999999999999998E-003
   17.000000000000000        1.6994125738353691        0.0000000000000000        0.0000000000000000        0.0000000000000000        0.0000000000000000        1.0000000000000000        0.0000000000000000     
   18.000000000000000        1.6788229807060213        0.0000000000000000        0.0000000000000000        0.0000000000000000        0.0000000000000000       0.99639999999999995        3.5999999999999999E-003
   19.000000000000000        1.6611486209283439        0.0000000000000000        0.0000000000000000        0.0000000000000000        0.0000000000000000       0.99600000000000000        4.0000000000000001E-003
   20.000000000000000        1.6462889053324659        0.0000000000000000        0.0000000000000000        0.0000000000000000        0.0000000000000000       0.99600000000000000        4.0000000000000001E-003
   21.000000000000000        1.6348662695816201        0.0000000000000000        0.0000000000000000        0.0000000000000000        0.0000000000000000       0.99700000000000000        3.0000000000000001E-003
   22.000000000000000        1.6267153688640148        0.0000000000000000        0.0000000000000000        0.0000000000000000        0.0000000000000000       0.99700000000000000        3.0000000000000001E-003
   23.000000000000000        1.6204595799017869        0.0000000000000000        0.0000000000000000        0.0000000000000000        0.0000000000000000       0.99700000000000000        3.0000000000000001E-003
   24.000000000000000        1.6210234626818230        0.0000000000000000        0.0000000000000000        0.0000000000000000        0.0000000000000000       0.99700000000000000        3.0000000000000001E-003
   25.000000000000000        1.6214140014663070        0.0000000000000000        0.0000000000000000        0.0000000000000000        0.0000000000000000       0.99700000000000000        3.0000000000000001E-003
   26.000000000000000        1.6210239017290118        0.0000000000000000        0.0000000000000000        0.0000000000000000        0.0000000000000000       0.99700000000000000        3.0000000000000001E-003
   27.000000000000000        1.6245099888163803        0.0000000000000000        0.0000000000000000        0.0000000000000000        0.0000000000000000       0.99700000000000000        3.0000000000000001E-003
   28.000000000000000        1.6280382359995034        0.0000000000000000        0.0000000000000000        0.0000000000000000        0.0000000000000000       0.99700000000000000        3.0000000000000001E-003
   29.000000000000000        1.6320657947224797        0.0000000000000000        0.0000000000000000        0.0000000000000000        0.0000000000000000       0.99619999999999997        3.8000000000000000E-003
   30.000000000000000        1.6356125695707417        0.0000000000000000        0.0000000000000000        0.0000000000000000        0.0000000000000000       0.99560000000000004        4.4000000000000003E-003
   31.000000000000000        1.6384252133306356        0.0000000000000000        0.0000000000000000        0.0000000000000000        0.0000000000000000       0.99460000000000004        5.4000000000000003E-003
   32.000000000000000        1.6390617431448213        0.0000000000000000        0.0000000000000000        0.0000000000000000        0.0000000000000000       0.99360000000000004        6.4000000000000003E-003
   33.000000000000000        1.6392298686067701        0.0000000000000000        0.0000000000000000        0.0000000000000000        0.0000000000000000       0.99380000000000002        6.1999999999999998E-003
   34.000000000000000        1.6382895258800572        0.0000000000000000        0.0000000000000000        0.0000000000000000        0.0000000000000000       0.99480000000000002        5.1999999999999998E-003
   35.000000000000000        1.6348924628775128        0.0000000000000000        0.0000000000000000        0.0000000000000000        0.0000000000000000       0.99339999999999995        6.6000000000000000E-003
   36.000000000000000        1.6276629958960382        0.0000000000000000        0.0000000000000000        0.0000000000000000        0.0000000000000000       0.99339999999999995        6.6000000000000000E-003
   37.000000000000000        1.6216405902609381        0.0000000000000000        0.0000000000000000        0.0000000000000000        0.0000000000000000       0.99399999999999999        6.0000000000000001E-003
   38.000000000000000        1.6128291904876433        0.0000000000000000        0.0000000000000000        0.0000000000000000        0.0000000000000000       0.99439999999999995        5.5999999999999999E-003
   39.000000000000000        1.6027852459765330        0.0000000000000000        0.0000000000000000        0.0000000000000000        0.0000000000000000       0.99519999999999997        4.7999999999999996E-003
   40.000000000000000        1.5918791140141033        0.0000000000000000        0.0000000000000000        0.0000000000000000        0.0000000000000000       0.99180000000000001        8.2000000000000007E-003
   41.000000000000000        1.5796517583699126        0.0000000000000000        0.0000000000000000        0.0000000000000000        0.0000000000000000       0.99280000000000002        7.1999999999999998E-003
   42.000000000000000        1.5669969182080337        0.0000000000000000        0.0000000000000000        0.0000000000000000        0.0000000000000000       0.99460000000000004        5.4000000000000003E-003
   43.000000000000000        1.5538579739523710        0.0000000000000000        0.0000000000000000        0.0000000000000000        0.0000000000000000       0.99460000000000004        5.4000000000000003E-003
   44.000000000000000        1.5411199791895118        0.0000000000000000        0.0000000000000000        0.0000000000000000        0.0000000000000000       0.99160000000000004        8.3999999999999995E-003
   45.000000000000000        1.5300737490801541        0.0000000000000000        0.0000000000000000        0.0000000000000000        0.0000000000000000       0.98619999999999997        1.3800000000000000E-002
   46.000000000000000        1.5207488560838081        0.0000000000000000        0.0000000000000000        0.0000000000000000        0.0000000000000000       0.98480000000000001        1.5200000000000000E-002
   47.000000000000000        1.5134333994558609        0.0000000000000000        0.0000000000000000        0.0000000000000000        0.0000000000000000       0.99480000000000002        5.1999999999999998E-003
   48.000000000000000        1.5092652191771316        0.0000000000000000        0.0000000000000000        0.0000000000000000        0.0000000000000000       0.99080000000000001        9.1999999999999998E-003
   49.000000000000000        1.5090933582290085        0.0000000000000000        0.0000000000000000        0.0000000000000000        0.0000000000000000       0.99680000000000002        3.2000000000000002E-003
   50.000000000000000        1.5130979731296859        0.0000000000000000        0.0000000000000000        0.0000000000000000        0.0000000000000000        1.0000000000000000        0.0000000000000000     
   51.000000000000000        1.5211167134679120        0.0000000000000000        0.0000000000000000        0.0000000000000000        0.0000000000000000       0.99500000000000000        5.0000000000000001E-003
   52.000000000000000        1.5336180143773563        0.0000000000000000        0.0000000000000000        0.0000000000000000        0.0000000000000000        1.0000000000000000        0.0000000000000000     
   53.000000000000000        1.5508200223349629        0.0000000000000000        0.0000000000000000        0.0000000000000000        0.0000000000000000       0.99900000000000000        1.0000000000000000E-003
   54.000000000000000        1.5716310293778697        0.0000000000000000        0.0000000000000000        0.0000000000000000        0.0000000000000000       0.99319999999999997        6.7999999999999996E-003
   55.000000000000000        1.5946119212267817        0.0000000000000000        0.0000000000000000        0.0000000000000000        0.0000000000000000       0.99539999999999995        4.5999999999999999E-003
   56.000000000000000        1.6230502114573733        0.0000000000000000        0.0000000000000000        0.0000000000000000        0.0000000000000000       0.98919999999999997        1.0800000000000001E-002
   57.000000000000000        1.6516046844486738        0.0000000000000000        0.0000000000000000        0.0000000000000000        0.0000000000000000       0.99980000000000002        2.0000000000000001E-004
   58.000000000000000        1.6817138520534685        0.0000000000000000        0.0000000000000000        0.0000000000000000        0.0000000000000000       0.99980000000000002        2.0000000000000001E-004
   59.000000000000000        1.7125561455320779        0.0000000000000000        0.0000000000000000        0.0000000000000000        0.0000000000000000        1.0000000000000000        0.0000000000000000     
   60.000000000000000        1.7435434694424146        0.0000000000000000        0.0000000000000000        0.0000000000000000        0.0000000000000000       0.99939999999999996        5.9999999999999995E-004
   61.000000000000000        1.7714290642200070        0.0000000000000000        0.0000000000000000        0.0000000000000000        0.0000000000000000       0.99719999999999998        2.8000000000000000E-003
   62.000000000000000        1.7967959042731603        0.0000000000000000        0.0000000000000000        0.0000000000000000        0.0000000000000000       0.99780000000000002        2.2000000000000001E-003
   63.000000000000000        1.8197068953541990        0.0000000000000000        0.0000000000000000        0.0000000000000000        0.0000000000000000       0.99780000000000002        2.2000000000000001E-003
   64.000000000000000        1.8375517992420076        0.0000000000000000        0.0000000000000000        0.0000000000000000        0.0000000000000000       0.99700000000000000        3.0000000000000001E-003
   65.000000000000000        1.8513225066551309        0.0000000000000000        0.0000000000000000        0.0000000000000000        0.0000000000000000       0.99719999999999998        2.8000000000000000E-003
   66.000000000000000        1.8608675525034357        0.0000000000000000        0.0000000000000000        0.0000000000000000        0.0000000000000000       0.99860000000000004        1.4000000000000000E-003
   67.000000000000000        1.8651232457168521        0.0000000000000000        0.0000000000000000        0.0000000000000000        0.0000000000000000       0.99860000000000004        1.4000000000000000E-003
   68.000000000000000        1.8642182984955185        0.0000000000000000        0.0000000000000000        0.0000000000000000        0.0000000000000000       0.99880000000000002        1.1999999999999999E-003
   69.000000000000000        1.8560317359392629        0.0000000000000000        0.0000000000000000        0.0000000000000000        0.0000000000000000       0.99739999999999995        2.5999999999999999E-003
   70.000000000000000        1.8429392334261523        0.0000000000000000        0.0000000000000000        0.0000000000000000        0.0000000000000000       0.99700000000000000        3.0000000000000001E-003
   71.000000000000000        1.8251536759091218        0.0000000000000000        0.0000000000000000        0.0000000000000000        0.0000000000000000       0.99700000000000000        3.0000000000000001E-003
   72.000000000000000        1.8047707691035053        0.0000000000000000        0.0000000000000000        0.0000000000000000        0.0000000000000000       0.99719999999999998        2.8000000000000000E-003
   73.000000000000000        1.7796285735949928        0.0000000000000000        0.0000000000000000        0.0000000000000000        0.0000000000000000       0.99719999999999998        2.8000000000000000E-003
   74.000000000000000        1.7492627323890964        0.0000000000000000        0.0000000000000000        0.0000000000000000        0.0000000000000000       0.99780000000000002        2.2000000000000001E-003
   75.000000000000000        1.7182762105476588        0.0000000000000000        0.0000000000000000        0.0000000000000000        0.0000000000000000       0.99880000000000002        1.1999999999999999E-003
   76.000000000000000        1.6854859717935307        0.0000000000000000        0.0000000000000000        0.0000000000000000        0.0000000000000000       0.99880000000000002        1.1999999999999999E-003
   77.000000000000000        1.6522193561644911        0.0000000000000000        0.0000000000000000        0.0000000000000000        0.0000000000000000       0.99880000000000002        1.1999999999999999E-003
   78.000000000000000        1.6194928880647281        0.0000000000000000        0.0000000000000000        0.0000000000000000        0.0000000000000000       0.99880000000000002        1.1999999999999999E-003
   79.000000000000000        1.5872398937544989        0.0000000000000000        0.0000000000000000        0.0000000000000000        0.0000000000000000       0.99860000000000004        1.4000000000000000E-003
   80.000000000000000        1.5577315213775351        0.0000000000000000        0.0000000000000000        0.0000000000000000        0.0000000000000000       0.99860000000000004        1.4000000000000000E-003
   81.000000000000000        1.5313174458667820        0.0000000000000000        0.0000000000000000        0.0000000000000000        0.0000000000000000       0.99900000000000000        1.0000000000000000E-003
   82.000000000000000        1.5091980369031819        0.0000000000000000        0.0000000000000000        0.0000000000000000        0.0000000000000000       0.99900000000000000        1.0000000000000000E-003
   83.000000000000000        1.4920911515452926        0.0000000000000000        0.0000000000000000        0.0000000000000000        0.0000000000000000       0.99900000000000000        1.0000000000000000E-003
   84.000000000000000        1.4849827474915447        0.0000000000000000        0.0000000000000000        0.0000000000000000        0.0000000000000000       0.99839999999999995        1.6000000000000001E-003
   85.000000000000000        1.4750048759333727        0.0000000000000000        0.0000000000000000        0.0000000000000000        0.0000000000000000       0.99919999999999998        8.0000000000000004E-004
   86.000000000000000        1.4742307085445454        0.0000000000000000        0.0000000000000000        0.0000000000000000        0.0000000000000000       0.99919999999999998        8.0000000000000004E-004
   87.000000000000000        1.4823939943754063        0.0000000000000000        0.0000000000000000        0.0000000000000000        0.0000000000000000       0.99919999999999998        8.0000000000000004E-004
   88.000000000000000        1.4964852731972700        0.0000000000000000        0.0000000000000000        0.0000000000000000        0.0000000000000000       0.99919999999999998        8.0000000000000004E-004
   89.000000000000000        1.5159835075586090        0.0000000000000000        0.0000000000000000        0.0000000000000000        0.0000000000000000       0.99919999999999998        8.0000000000000004E-004
   90.000000000000000        1.5406658766774950        0.0000000000000000        0.0000000000000000        0.0000000000000000        0.0000000000000000       0.99900000000000000        1.0000000000000000E-003
   91.000000000000000        1.5707500597556421        0.0000000000000000        0.0000000000000000        0.0000000000000000        0.0000000000000000       0.99919999999999998        8.0000000000000004E-004
   92.000000000000000        1.6045560704543198        0.0000000000000000        0.0000000000000000        0.0000000000000000        0.0000000000000000       0.99919999999999998        8.0000000000000004E-004
   93.000000000000000        1.6418841531186372        0.0000000000000000        0.0000000000000000        0.0000000000000000        0.0000000000000000       0.99900000000000000        1.0000000000000000E-003
   94.000000000000000        1.6809673657212632        0.0000000000000000        0.0000000000000000        0.0000000000000000        0.0000000000000000       0.99880000000000002        1.1999999999999999E-003
   95.000000000000000        1.7211230329768166        0.0000000000000000        0.0000000000000000        0.0000000000000000        0.0000000000000000       0.99900000000000000        1.0000000000000000E-003
   96.000000000000000        1.7613904649750343        0.0000000000000000        0.0000000000000000        0.0000000000000000        0.0000000000000000       0.99819999999999998        1.8000000000000000E-003
   97.000000000000000        1.8003785402384409        0.0000000000000000        0.0000000000000000        0.0000000000000000        0.0000000000000000       0.99819999999999998        1.8000000000000000E-003
   98.000000000000000        1.8375274299419628        0.0000000000000000        0.0000000000000000        0.0000000000000000        0.0000000000000000       0.99800000000000000        2.0000000000000000E-003
   99.000000000000000        1.8717211124102853        0.0000000000000000        0.0000000000000000        0.0000000000000000        0.0000000000000000       0.99880000000000002        1.1999999999999999E-003
   100.00000000000000        1.9022116932871951        0.0000000000000000        0.0000000000000000        0.0000000000000000        0.0000000000000000       0.99839999999999995        1.6000000000000001E-003
   101.00000000000000        1.9290444531725102        0.0000000000000000        0.0000000000000000        0.0000000000000000        0.0000000000000000       0.99860000000000004        1.4000000000000000E-003
   102.00000000000000        1.9507108773354387        0.0000000000000000        0.0000000000000000        0.0000000000000000        0.0000000000000000       0.99860000000000004        1.4000000000000000E-003
   103.00000000000000        1.9676009318327345        0.0000000000000000        0.0000000000000000        0.0000000000000000        0.0000000000000000       0.99860000000000004        1.4000000000000000E-003
   104.00000000000000        1.9786424792549258        0.0000000000000000        0.0000000000000000        0.0000000000000000        0.0000000000000000       0.99060000000000004        9.4000000000000004E-003
   105.00000000000000        1.9841409441691442        0.0000000000000000        0.0000000000000000        0.0000000000000000        0.0000000000000000        1.0000000000000000        0.0000000000000000     
   106.00000000000000        1.9835967665939154        0.0000000000000000        0.0000000000000000        0.0000000000000000        0.0000000000000000       0.99980000000000002        2.0000000000000001E-004
   107.00000000000000        1.9776445371047486        0.0000000000000000        0.0000000000000000        0.0000000000000000        0.0000000000000000       0.99980000000000002        2.0000000000000001E-004
   108.00000000000000        1.9666235327973327        0.0000000000000000        0.0000000000000000        0.0000000000000000        0.0000000000000000       0.99880000000000002        1.1999999999999999E-003
   109.00000000000000        1.9504108882128082        0.0000000000000000        0.0000000000000000        0.0000000000000000        0.0000000000000000       0.99939999999999996        5.9999999999999995E-004
   110.00000000000000        1.9302493784595156        0.0000000000000000        0.0000000000000000        0.0000000000000000        0.0000000000000000       0.99880000000000002        1.1999999999999999E-003
   111.00000000000000        1.9065002507303337        0.0000000000000000        0.0000000000000000        0.0000000000000000        0.0000000000000000       0.99919999999999998        8.0000000000000004E-004
   112.00000000000000        1.8802608098435067        0.0000000000000000        0.0000000000000000        0.0000000000000000        0.0000000000000000       0.99919999999999998        8.0000000000000004E-004
   113.00000000000000        1.8520983732858043        0.0000000000000000        0.0000000000000000        0.0000000000000000        0.0000000000000000       0.99919999999999998        8.0000000000000004E-004
   114.00000000000000        1.8232196456152410        0.0000000000000000        0.0000000000000000        0.0000000000000000        0.0000000000000000       0.99919999999999998        8.0000000000000004E-004
   115.00000000000000        1.7945580884289005        0.0000000000000000        0.0000000000000000        0.0000000000000000        0.0000000000000000       0.99919999999999998        8.0000000000000004E-004
   116.00000000000000        1.7666029781559029        0.0000000000000000        0.0000000000000000        0.0000000000000000        0.0000000000000000       0.99919999999999998        8.0000000000000004E-004
   117.00000000000000        1.7405287352486403        0.0000000000000000        0.0000000000000000        0.0000000000000000        0.0000000000000000       0.99919999999999998        8.0000000000000004E-004
   118.00000000000000        1.7164659501285979        0.0000000000000000        0.0000000000000000        0.0000000000000000        0.0000000000000000       0.99900000000000000        1.0000000000000000E-003
   119.00000000000000        1.6960255640392126        0.0000000000000000        0.0000000000000000        0.0000000000000000        0.0000000000000000       0.99919999999999998        8.0000000000000004E-004
   120.00000000000000        1.6784535217554395        0.0000000000000000        0.0000000000000000        0.0000000000000000        0.0000000000000000       0.99919999999999998        8.0000000000000004E-004
   121.00000000000000        1.6643928918632809        0.0000000000000000        0.0000000000000000        0.0000000000000000        0.0000000000000000       0.99919999999999998        8.0000000000000004E-004
   122.00000000000000        1.6536273293101960        0.0000000000000000        0.0000000000000000        0.0000000000000000        0.0000000000000000       0.99919999999999998        8.0000000000000004E-004
   123.00000000000000        1.6462353601815387        0.0000000000000000        0.0000000000000000        0.0000000000000000        0.0000000000000000       0.99880000000000002        1.1999999999999999E-003
   124.00000000000000        1.6418964180261868        0.0000000000000000        0.0000000000000000        0.0000000000000000        0.0000000000000000       0.99880000000000002        1.1999999999999999E-003
   125.00000000000000        1.6401777938132236        0.0000000000000000        0.0000000000000000        0.0000000000000000        0.0000000000000000       0.99880000000000002        1.1999999999999999E-003
   126.00000000000000        1.6407135205836541        0.0000000000000000        0.0000000000000000        0.0000000000000000        0.0000000000000000       0.99900000000000000        1.0000000000000000E-003
   127.00000000000000        1.6426519560240382        0.0000000000000000        0.0000000000000000        0.0000000000000000        0.0000000000000000       0.99900000000000000        1.0000000000000000E-003
   128.00000000000000        1.6458051371769955        0.0000000000000000        0.0000000000000000        0.0000000000000000        0.0000000000000000       0.99819999999999998        1.8000000000000000E-003
   129.00000000000000        1.6496627334508451        0.0000000000000000        0.0000000000000000        0.0000000000000000        0.0000000000000000       0.99819999999999998        1.8000000000000000E-003
   130.00000000000000        1.6535928043046033        0.0000000000000000        0.0000000000000000        0.0000000000000000        0.0000000000000000       0.99860000000000004        1.4000000000000000E-003
   131.00000000000000        1.6572138499947073        0.0000000000000000        0.0000000000000000        0.0000000000000000        0.0000000000000000       0.99880000000000002        1.1999999999999999E-003
   132.00000000000000        1.6600089256826820        0.0000000000000000        0.0000000000000000        0.0000000000000000        0.0000000000000000       0.99880000000000002        1.1999999999999999E-003
   133.00000000000000        1.6620027031155040        0.0000000000000000        0.0000000000000000        0.0000000000000000        0.0000000000000000       0.99819999999999998        1.8000000000000000E-003
   134.00000000000000        1.6627132263848283        0.0000000000000000        0.0000000000000000        0.0000000000000000        0.0000000000000000       0.99680000000000002        3.2000000000000002E-003
   135.00000000000000        1.6622098051372451        0.0000000000000000        0.0000000000000000        0.0000000000000000        0.0000000000000000       0.99800000000000000        2.0000000000000000E-003
   136.00000000000000        1.6597835961281029        0.0000000000000000        0.0000000000000000        0.0000000000000000        0.0000000000000000       0.99900000000000000        1.0000000000000000E-003
   137.00000000000000        1.6560997608715893        0.0000000000000000        0.0000000000000000        0.0000000000000000        0.0000000000000000       0.99900000000000000        1.0000000000000000E-003
   138.00000000000000        1.6501813092143773        0.0000000000000000        0.0000000000000000        0.0000000000000000        0.0000000000000000       0.99800000000000000        2.0000000000000000E-003
   139.00000000000000        1.6428369302266521        0.0000000000000000        0.0000000000000000        0.0000000000000000        0.0000000000000000       0.99719999999999998        2.8000000000000000E-003
   140.00000000000000        1.6348378619344939        0.0000000000000000        0.0000000000000000        0.0000000000000000        0.0000000000000000       0.99860000000000004        1.4000000000000000E-003
   141.00000000000000        1.6243542606184218        0.0000000000000000        0.0000000000000000        0.0000000000000000        0.0000000000000000       0.99919999999999998        8.0000000000000004E-004
   142.00000000000000        1.6134306905286053        0.0000000000000000        0.0000000000000000        0.0000000000000000        0.0000000000000000       0.99839999999999995        1.6000000000000001E-003
   143.00000000000000        1.6013030506760781        0.0000000000000000        0.0000000000000000        0.0000000000000000        0.0000000000000000       0.99800000000000000        2.0000000000000000E-003
   144.00000000000000        1.5900798456048428        0.0000000000000000        0.0000000000000000        0.0000000000000000        5.4000000000000003E-003  0.80400000000000005       0.19059999999999999     
   145.00000000000000        1.5838539290225979        0.0000000000000000        0.0000000000000000        0.0000000000000000        5.4000000000000003E-003  0.80400000000000005       0.19059999999999999     
   146.00000000000000        1.5740639835090491        0.0000000000000000        0.0000000000000000        0.0000000000000000        5.4000000000000003E-003  0.80400000000000005       0.19059999999999999     
   147.00000000000000        1.5652075521418005        0.0000000000000000        0.0000000000000000        0.0000000000000000        5.5999999999999999E-003  0.80379999999999996       0.19059999999999999     
   148.00000000000000        1.5576787967239234        0.0000000000000000        0.0000000000000000        0.0000000000000000        5.5999999999999999E-003  0.80379999999999996       0.19059999999999999     
   149.00000000000000        1.5519012598585982        0.0000000000000000        0.0000000000000000        0.0000000000000000        5.7999999999999996E-003  0.80359999999999998       0.19059999999999999     
   150.00000000000000        1.5486370068285100        0.0000000000000000        0.0000000000000000        0.0000000000000000        5.7999999999999996E-003  0.80359999999999998       0.19059999999999999     
   151.00000000000000        1.5481010639787607        0.0000000000000000        0.0000000000000000        0.0000000000000000        1.0000000000000000E-002  0.79940000000000000       0.19059999999999999     
   152.00000000000000        1.5508674185443430        0.0000000000000000        0.0000000000000000        0.0000000000000000        1.4999999999999999E-002  0.77580000000000005       0.20920000000000000     
   153.00000000000000        1.5538125300921424        0.0000000000000000        0.0000000000000000        0.0000000000000000        2.0000000000000001E-004  0.79659999999999997       0.20319999999999999     
   154.00000000000000        1.5649259793972412        0.0000000000000000        0.0000000000000000        0.0000000000000000        2.0000000000000001E-004  0.79679999999999995       0.20300000000000001     
   155.00000000000000        1.5813615043542093        0.0000000000000000        0.0000000000000000        0.0000000000000000        2.0000000000000001E-004  0.79600000000000004       0.20380000000000001     
   156.00000000000000        1.6008141869359980        0.0000000000000000        0.0000000000000000        0.0000000000000000        2.0000000000000001E-004  0.75380000000000003       0.24600000000000000     
   157.00000000000000        1.6225996315599960        0.0000000000000000        0.0000000000000000        0.0000000000000000        2.0000000000000001E-004  0.77700000000000002       0.22280000000000000     
   158.00000000000000        1.6458695285330753        0.0000000000000000        0.0000000000000000        0.0000000000000000        2.0000000000000001E-004  0.81159999999999999       0.18820000000000001     
   159.00000000000000        1.6701681609000740        0.0000000000000000        0.0000000000000000        0.0000000000000000        2.0000000000000001E-004  0.83020000000000005       0.16960000000000000     
   160.00000000000000        1.6945641607592208        0.0000000000000000        0.0000000000000000        0.0000000000000000        2.0000000000000001E-004  0.81379999999999997       0.18600000000000000     
   161.00000000000000        1.7173571030032393        0.0000000000000000        0.0000000000000000        0.0000000000000000        2.0000000000000001E-004  0.84440000000000004       0.15540000000000001     
   162.00000000000000        1.7383894520823830        0.0000000000000000        0.0000000000000000        0.0000000000000000        2.0000000000000001E-004  0.84160000000000001       0.15820000000000001     
   163.00000000000000        1.7562030560113386        0.0000000000000000        0.0000000000000000        0.0000000000000000        2.0000000000000001E-004  0.86240000000000006       0.13739999999999999     
   164.00000000000000        1.7708627637945373        0.0000000000000000        0.0000000000000000        0.0000000000000000        2.0000000000000001E-004  0.86240000000000006       0.13739999999999999     
   165.00000000000000        1.7802467615702828        0.0000000000000000        0.0000000000000000        0.0000000000000000        2.0000000000000001E-004  0.87560000000000004       0.12420000000000000     
   166.00000000000000        1.7869733685628988        0.0000000000000000        0.0000000000000000        0.0000000000000000        2.0000000000000001E-004  0.88500000000000001       0.11480000000000000     
   167.00000000000000        1.7872030972602169        0.0000000000000000        0.0000000000000000        0.0000000000000000        2.0000000000000001E-004  0.88539999999999996       0.11440000000000000     
   168.00000000000000        1.7832989340981205        0.0000000000000000        0.0000000000000000        0.0000000000000000        2.0000000000000001E-004  0.87719999999999998       0.12260000000000000     
   169.00000000000000        1.7746770462311900        0.0000000000000000        0.0000000000000000        0.0000000000000000        2.0000000000000001E-004  0.88380000000000003       0.11600000000000001     
   170.00000000000000        1.7597305522898063        0.0000000000000000        0.0000000000000000        0.0000000000000000        2.0000000000000001E-004  0.87619999999999998       0.12360000000000000     
   171.00000000000000        1.7410952185703952        0.0000000000000000        0.0000000000000000        0.0000000000000000        2.0000000000000001E-004  0.87019999999999997       0.12959999999999999     
   172.00000000000000        1.7174550789019936        0.0000000000000000        0.0000000000000000        0.0000000000000000        2.0000000000000001E-004  0.86760000000000004       0.13220000000000001     
   173.00000000000000        1.6910662605146283        0.0000000000000000        0.0000000000000000        0.0000000000000000        2.0000000000000001E-004  0.86499999999999999       0.13480000000000000     
   174.00000000000000        1.6613934546985387        0.0000000000000000        0.0000000000000000        0.0000000000000000        2.0000000000000001E-004  0.86560000000000004       0.13420000000000001     
   175.00000000000000        1.6289416080611023        0.0000000000000000        0.0000000000000000        0.0000000000000000        2.0000000000000001E-004  0.86880000000000002       0.13100000000000001     
   176.00000000000000        1.5956460664519865        0.0000000000000000        0.0000000000000000        0.0000000000000000        2.0000000000000001E-004  0.87639999999999996       0.12340000000000000     
   177.00000000000000        1.5604835826282322        0.0000000000000000        0.0000000000000000        0.0000000000000000        2.0000000000000001E-004  0.87119999999999997       0.12859999999999999     
   178.00000000000000        1.5262256961026555        0.0000000000000000        0.0000000000000000        0.0000000000000000        2.0000000000000001E-004  0.87460000000000004       0.12520000000000001     
   179.00000000000000        1.4933638505361604        0.0000000000000000        0.0000000000000000        0.0000000000000000        2.0000000000000001E-004  0.87200000000000000       0.12780000000000000     
   180.00000000000000        1.4633521803325353        0.0000000000000000        0.0000000000000000        0.0000000000000000        2.0000000000000001E-004  0.87419999999999998       0.12559999999999999     
   181.00000000000000        1.4353146880243024        0.0000000000000000        0.0000000000000000        0.0000000000000000        2.0000000000000001E-004  0.87419999999999998       0.12559999999999999     
   182.00000000000000        1.4134166901486824        0.0000000000000000        0.0000000000000000        0.0000000000000000        2.0000000000000001E-004  0.87460000000000004       0.12520000000000001     
   183.00000000000000        1.3963416238152433        0.0000000000000000        0.0000000000000000        0.0000000000000000        9.6199999999999994E-002  0.56220000000000003       0.34160000000000001     
   184.00000000000000        1.3872146409489401        0.0000000000000000        0.0000000000000000        0.0000000000000000        8.6400000000000005E-002  0.72599999999999998       0.18759999999999999     
   185.00000000000000        1.3826830919485429        0.0000000000000000        0.0000000000000000        0.0000000000000000        8.4599999999999995E-002  0.72599999999999998       0.18940000000000001     
   186.00000000000000        1.3847125898072787        0.0000000000000000        0.0000000000000000        0.0000000000000000        7.0999999999999994E-002  0.67420000000000002       0.25480000000000003     
   187.00000000000000        1.3886179668869676        0.0000000000000000        0.0000000000000000        0.0000000000000000       0.48299999999999998        0.0000000000000000       0.51700000000000002     
   188.00000000000000        1.4039417840344992        0.0000000000000000        0.0000000000000000        8.0000000000000004E-004  0.48220000000000002        0.0000000000000000       0.51700000000000002     
   189.00000000000000        1.4181103094860636        0.0000000000000000        0.0000000000000000        1.3200000000000000E-002  0.46980000000000000        2.2400000000000000E-002  0.49459999999999998     
