#        BMIN =   406
#        BMAX =   411
#     INIBAND =   406
#      NBANDS =   540
#         NSW =  2000
#       POTIM =   1.0
#        TEMP = 300.0
#    NAMDTINI =   636
#    NAMDTIME =  1000
#       NTRAJ =  5000
#        NELM =  1000
#       LHOLE =     T
#        LSHP =     T
#      LCPTXT =     T
#      RUNDIR = ../../run/
   1.0000000000000000        3.3927282996881955E-002   1.0000000000000000        0.0000000000000000        0.0000000000000000        0.0000000000000000        0.0000000000000000        0.0000000000000000     
   2.0000000000000000        7.4542054503207805E-002   1.0000000000000000        0.0000000000000000        0.0000000000000000        0.0000000000000000        0.0000000000000000        0.0000000000000000     
   3.0000000000000000       0.11133639048886021        1.0000000000000000        0.0000000000000000        0.0000000000000000        0.0000000000000000        0.0000000000000000        0.0000000000000000     
   4.0000000000000000       0.14172451597090657        1.0000000000000000        0.0000000000000000        0.0000000000000000        0.0000000000000000        0.0000000000000000        0.0000000000000000     
   5.0000000000000000       0.16755397564078250        1.0000000000000000        0.0000000000000000        0.0000000000000000        0.0000000000000000        0.0000000000000000        0.0000000000000000     
   6.0000000000000000       0.18421235855764390        1.0000000000000000        0.0000000000000000        0.0000000000000000        0.0000000000000000        0.0000000000000000        0.0000000000000000     
   7.0000000000000000       0.19348007981532053        1.0000000000000000        0.0000000000000000        0.0000000000000000        0.0000000000000000        0.0000000000000000        0.0000000000000000     
   8.0000000000000000       0.19464705844389468        1.0000000000000000        0.0000000000000000        0.0000000000000000        0.0000000000000000        0.0000000000000000        0.0000000000000000     
   9.0000000000000000       0.18544423624816561        1.0000000000000000        0.0000000000000000        0.0000000000000000        0.0000000000000000        0.0000000000000000        0.0000000000000000     
   10.000000000000000       0.16849848431635123        1.0000000000000000        0.0000000000000000        0.0000000000000000        0.0000000000000000        0.0000000000000000        0.0000000000000000     
   11.000000000000000       0.14254512469968850        1.0000000000000000        0.0000000000000000        0.0000000000000000        0.0000000000000000        0.0000000000000000        0.0000000000000000     
   12.000000000000000       0.10997345245272308        1.0000000000000000        0.0000000000000000        0.0000000000000000        0.0000000000000000        0.0000000000000000        0.0000000000000000     
   13.000000000000000        7.0550417649661482E-002   1.0000000000000000        0.0000000000000000        0.0000000000000000        0.0000000000000000        0.0000000000000000        0.0000000000000000     
   14.000000000000000        2.5315610381016495E-002   1.0000000000000000        0.0000000000000000        0.0000000000000000        0.0000000000000000        0.0000000000000000        0.0000000000000000     
   15.000000000000000        1.6368236669936059E-002  0.99980000000000002        2.0000000000000001E-004   0.0000000000000000        0.0000000000000000        0.0000000000000000        0.0000000000000000     
   16.000000000000000        2.3539748304606353E-002  0.99980000000000002        2.0000000000000001E-004   0.0000000000000000        0.0000000000000000        0.0000000000000000        0.0000000000000000     
   17.000000000000000        2.9766088240406344E-002  0.99919999999999998        2.0000000000000001E-004   5.9999999999999995E-004   0.0000000000000000        0.0000000000000000        0.0000000000000000     
   18.000000000000000        3.5042957345816278E-002  0.99819999999999998        8.0000000000000004E-004   1.0000000000000000E-003   0.0000000000000000        0.0000000000000000        0.0000000000000000     
   19.000000000000000        3.9017437129173001E-002  0.99780000000000002        1.1999999999999999E-003   8.0000000000000004E-004   2.0000000000000001E-004   0.0000000000000000        0.0000000000000000     
   20.000000000000000        4.6760644191280135E-002  0.99780000000000002        1.1999999999999999E-003   8.0000000000000004E-004   2.0000000000000001E-004   0.0000000000000000        0.0000000000000000     
   21.000000000000000        6.6731032911424987E-002  0.99780000000000002        1.0000000000000000E-003   1.0000000000000000E-003   2.0000000000000001E-004   0.0000000000000000        0.0000000000000000     
   22.000000000000000       0.10757551238809623       0.99780000000000002        4.0000000000000002E-004   1.6000000000000001E-003   2.0000000000000001E-004   0.0000000000000000        0.0000000000000000     
   23.000000000000000       0.15749142414983289       0.99339999999999995        4.7999999999999996E-003   1.6000000000000001E-003   2.0000000000000001E-004   0.0000000000000000        0.0000000000000000     
   24.000000000000000       0.19427592754743808       0.96260000000000001        3.5200000000000002E-002   2.0000000000000000E-003   2.0000000000000001E-004   0.0000000000000000        0.0000000000000000     
   25.000000000000000       0.22740619628570180       0.95899999999999996        3.4400000000000000E-002   6.4000000000000003E-003   2.0000000000000001E-004   0.0000000000000000        0.0000000000000000     
   26.000000000000000       0.27637506926528627       0.83740000000000003       0.14799999999999999        1.4200000000000001E-002   4.0000000000000002E-004   0.0000000000000000        0.0000000000000000     
   27.000000000000000       0.37931557012022860       0.83740000000000003       0.14799999999999999        1.2800000000000001E-002   1.8000000000000000E-003   0.0000000000000000        0.0000000000000000     
   28.000000000000000       0.50594077258927384       0.40500000000000003       0.53739999999999999        4.4200000000000003E-002   1.3400000000000000E-002   0.0000000000000000        0.0000000000000000     
   29.000000000000000       0.36659615297509696       0.40320000000000000       0.53920000000000001        4.4200000000000003E-002   1.0000000000000000E-002   2.8000000000000000E-003   5.9999999999999995E-004
   30.000000000000000       0.45805113456852486       0.40300000000000002       0.53920000000000001        4.4200000000000003E-002   1.0200000000000001E-002   2.8000000000000000E-003   5.9999999999999995E-004
   31.000000000000000        6.3572688027166521E-002  0.40279999999999999       0.53879999999999995        4.3200000000000002E-002   1.1599999999999999E-002   2.8000000000000000E-003   8.0000000000000004E-004
   32.000000000000000       0.38081037713700738       0.40079999999999999       0.54020000000000001        4.2799999999999998E-002   1.2600000000000000E-002   2.5999999999999999E-003   1.0000000000000000E-003
   33.000000000000000       0.42741369981830712       0.26360000000000000       0.64000000000000001        7.1599999999999997E-002   1.6400000000000001E-002   1.6000000000000001E-003   6.7999999999999996E-003
   34.000000000000000       0.73399367779372349       0.26360000000000000       0.63160000000000005        7.1599999999999997E-002   1.6400000000000001E-002   1.6000000000000001E-003   1.5200000000000000E-002
   35.000000000000000       0.75540426848699294       0.26160000000000000       0.62939999999999996        7.3400000000000007E-002   1.6400000000000001E-002   1.6000000000000001E-003   1.7600000000000001E-002
   36.000000000000000       0.78982806335903644       0.26079999999999998       0.62760000000000005        7.3800000000000004E-002   1.8599999999999998E-002   0.0000000000000000        1.9199999999999998E-002
   37.000000000000000       0.80538978272472150       0.26079999999999998       0.62500000000000000        7.3800000000000004E-002   2.1200000000000000E-002   0.0000000000000000        1.9199999999999998E-002
   38.000000000000000       0.80557125522261464       0.26000000000000001       0.62400000000000000        7.3800000000000004E-002   2.3000000000000000E-002   0.0000000000000000        1.9199999999999998E-002
   39.000000000000000       0.83286096085620653       0.25900000000000001       0.58479999999999999        8.8599999999999998E-002   4.8399999999999999E-002   0.0000000000000000        1.9199999999999998E-002
   40.000000000000000       0.83260079927953101       0.24800000000000000       0.58479999999999999        6.3600000000000004E-002   8.4400000000000003E-002   0.0000000000000000        1.9199999999999998E-002
   41.000000000000000       0.84879719623024596       0.24800000000000000       0.57999999999999996        6.0199999999999997E-002   9.2600000000000002E-002   0.0000000000000000        1.9199999999999998E-002
   42.000000000000000       0.83718661448024667       0.24099999999999999       0.58679999999999999        6.0199999999999997E-002   9.2799999999999994E-002   0.0000000000000000        1.9199999999999998E-002
   43.000000000000000       0.82976111004805309       0.23940000000000000       0.58679999999999999        4.6399999999999997E-002  0.10820000000000000        0.0000000000000000        1.9199999999999998E-002
   44.000000000000000       0.80859672901421831       0.23920000000000000       0.58499999999999996        4.8200000000000000E-002  0.10840000000000000        0.0000000000000000        1.9199999999999998E-002
   45.000000000000000       0.77898553142107185       0.23840000000000000       0.58579999999999999        4.5400000000000003E-002  0.11119999999999999        0.0000000000000000        1.9199999999999998E-002
   46.000000000000000       0.83810857786082771       0.22559999999999999       0.57999999999999996        4.5400000000000003E-002  0.12980000000000000        0.0000000000000000        1.9199999999999998E-002
   47.000000000000000       0.77860638358405987       0.22559999999999999       0.57999999999999996        3.4000000000000002E-002  0.14119999999999999        0.0000000000000000        1.9199999999999998E-002
   48.000000000000000       0.78041531119966912        3.9600000000000003E-002  0.73660000000000003        6.3399999999999998E-002  0.14119999999999999        0.0000000000000000        1.9199999999999998E-002
   49.000000000000000       0.69703672021627794        2.0400000000000001E-002  0.60660000000000003       0.20820000000000000       0.14560000000000001        0.0000000000000000        1.9199999999999998E-002
   50.000000000000000       0.80847099430284830        2.1000000000000001E-002  0.60380000000000000       0.18959999999999999       0.13600000000000001        2.9999999999999999E-002   1.9599999999999999E-002
   51.000000000000000       0.92565863591451958        1.9599999999999999E-002  0.60440000000000005       0.17760000000000001       0.10140000000000000        6.4000000000000001E-002   3.3000000000000002E-002
   52.000000000000000       0.78526327778847882        1.7600000000000001E-002  0.60499999999999998       0.17879999999999999       0.10160000000000000        6.4199999999999993E-002   3.2800000000000003E-002
   53.000000000000000       0.75038408837893411        1.8599999999999998E-002  0.60360000000000003       0.17879999999999999       0.10199999999999999        6.4199999999999993E-002   3.2800000000000003E-002
   54.000000000000000       0.79838553630439379        1.3599999999999999E-002  0.56499999999999995       0.21560000000000001       0.10879999999999999        6.4199999999999993E-002   3.2800000000000003E-002
   55.000000000000000       0.73335977539345765        1.1800000000000000E-002  0.56079999999999997       0.22120000000000001       0.10920000000000001        6.4199999999999993E-002   3.2800000000000003E-002
   56.000000000000000       0.74658999606529719        1.9400000000000001E-002  0.54120000000000001       0.18820000000000001       0.15420000000000000        6.4000000000000001E-002   3.3000000000000002E-002
   57.000000000000000       0.78223506058368319        1.7600000000000001E-002  0.54300000000000004        6.1199999999999997E-002  0.28120000000000001        6.4000000000000001E-002   3.3000000000000002E-002
   58.000000000000000       0.69081158116554031        1.7600000000000001E-002  0.54279999999999995        6.1400000000000003E-002  0.28120000000000001        6.4000000000000001E-002   3.3000000000000002E-002
   59.000000000000000       0.67257052310978771        1.7600000000000001E-002  0.54259999999999997        6.1400000000000003E-002  0.28139999999999998        6.4000000000000001E-002   3.3000000000000002E-002
   60.000000000000000       0.67549495874938570        1.7399999999999999E-002  0.54220000000000002        4.5999999999999999E-002  0.29740000000000000        6.4000000000000001E-002   3.3000000000000002E-002
   61.000000000000000       0.66475150735675448        1.7399999999999999E-002  0.54100000000000004        4.5999999999999999E-002  0.29859999999999998        6.4000000000000001E-002   3.3000000000000002E-002
   62.000000000000000       0.65808068340798154        1.6000000000000000E-002  0.54079999999999995        4.5600000000000002E-002  0.30059999999999998        6.4000000000000001E-002   3.3000000000000002E-002
   63.000000000000000       0.65572957998287140        1.2400000000000000E-002  0.54440000000000000        4.2799999999999998E-002  0.30340000000000000        6.2000000000000000E-002   3.5000000000000003E-002
   64.000000000000000       0.65213569132880245        1.2400000000000000E-002  0.54440000000000000        4.2799999999999998E-002  0.30340000000000000        8.1400000000000000E-002   1.5599999999999999E-002
   65.000000000000000       0.65096710770953770        1.2200000000000001E-002  0.54459999999999997        4.2799999999999998E-002  0.30340000000000000        8.0199999999999994E-002   1.6799999999999999E-002
   66.000000000000000       0.65250686050731643        1.0800000000000001E-002  0.54579999999999995        4.2999999999999997E-002  0.30340000000000000        8.0399999999999999E-002   1.6600000000000000E-002
   67.000000000000000       0.65631076865003468        9.7999999999999997E-003  0.54679999999999995        4.2599999999999999E-002  0.30380000000000001        8.0600000000000005E-002   1.6400000000000001E-002
   68.000000000000000       0.66159774574893049        8.6000000000000000E-003  0.54759999999999998        4.2200000000000001E-002  0.30459999999999998        8.0600000000000005E-002   1.6400000000000001E-002
   69.000000000000000       0.66853746578072937        8.6000000000000000E-003  0.54640000000000000        4.2200000000000001E-002  0.30580000000000002        8.0399999999999999E-002   1.6600000000000000E-002
   70.000000000000000       0.67368875425496244        8.6000000000000000E-003  0.54640000000000000        4.2200000000000001E-002  0.30580000000000002        8.0399999999999999E-002   1.6600000000000000E-002
   71.000000000000000       0.69283725671691898        8.6000000000000000E-003  0.54640000000000000        3.2800000000000003E-002  0.31519999999999998        8.0399999999999999E-002   1.6600000000000000E-002
   72.000000000000000       0.70114936288050811        8.6000000000000000E-003  0.54620000000000002        3.2000000000000001E-002  0.31619999999999998        8.0399999999999999E-002   1.6600000000000000E-002
   73.000000000000000       0.71052899999261721        8.6000000000000000E-003  0.54579999999999995        3.0800000000000001E-002  0.31780000000000003        8.0399999999999999E-002   1.6600000000000000E-002
   74.000000000000000       0.71751656428406863        8.6000000000000000E-003  0.54579999999999995        2.9200000000000000E-002  0.31940000000000002        8.0399999999999999E-002   1.6600000000000000E-002
   75.000000000000000       0.72887106847642336        8.3999999999999995E-003  0.54520000000000002        2.9999999999999999E-002  0.31940000000000002        8.0399999999999999E-002   1.6600000000000000E-002
   76.000000000000000       0.74024786735741466        8.3999999999999995E-003  0.54420000000000002        2.7199999999999998E-002  0.32319999999999999        8.0399999999999999E-002   1.6600000000000000E-002
   77.000000000000000       0.74588679362820498        7.6000000000000000E-003  0.54500000000000004        2.7199999999999998E-002  0.32319999999999999        8.0399999999999999E-002   1.6600000000000000E-002
   78.000000000000000       0.76546248818605489        7.6000000000000000E-003  0.54459999999999997        1.8200000000000001E-002  0.33260000000000001        8.0399999999999999E-002   1.6600000000000000E-002
   79.000000000000000       0.77190732752038027        7.6000000000000000E-003  0.54420000000000002        1.8599999999999998E-002  0.33260000000000001        8.0399999999999999E-002   1.6600000000000000E-002
   80.000000000000000       0.77680433057628129        7.6000000000000000E-003  0.54400000000000004        1.8400000000000000E-002  0.33300000000000002        8.0399999999999999E-002   1.6600000000000000E-002
   81.000000000000000       0.78336436310599766        6.1999999999999998E-003  0.54540000000000000        1.7800000000000000E-002  0.33360000000000001        8.0399999999999999E-002   1.6600000000000000E-002
   82.000000000000000       0.78603967712215028        6.4000000000000003E-003  0.54440000000000000        1.6400000000000001E-002  0.33579999999999999        8.0399999999999999E-002   1.6600000000000000E-002
   83.000000000000000       0.78712147981531733        6.4000000000000003E-003  0.54420000000000002        1.6000000000000000E-002  0.33639999999999998        8.0399999999999999E-002   1.6600000000000000E-002
   84.000000000000000       0.78361450992073334        6.4000000000000003E-003  0.54379999999999995        1.6400000000000001E-002  0.33639999999999998        8.0399999999999999E-002   1.6600000000000000E-002
   85.000000000000000       0.78998594225456464        6.4000000000000003E-003  0.54300000000000004        1.4800000000000001E-002  0.33879999999999999        8.0399999999999999E-002   1.6600000000000000E-002
   86.000000000000000       0.79126122576990110        7.0000000000000001E-003  0.54020000000000001        1.4999999999999999E-002  0.34079999999999999        8.0399999999999999E-002   1.6600000000000000E-002
   87.000000000000000       0.78984973483226695        7.7999999999999996E-003  0.53900000000000003        1.5200000000000000E-002  0.34100000000000003        8.0199999999999994E-002   1.6799999999999999E-002
   88.000000000000000       0.78867376397749900        4.7999999999999996E-003  0.54179999999999995        1.5400000000000000E-002  0.34100000000000003        7.9799999999999996E-002   1.7200000000000000E-002
   89.000000000000000       0.78771428811781008        5.4000000000000003E-003  0.54120000000000001        1.5400000000000000E-002  0.34100000000000003        7.9799999999999996E-002   1.7200000000000000E-002
   90.000000000000000       0.78887943091653956        5.4000000000000003E-003  0.54120000000000001        1.5400000000000000E-002  0.34100000000000003        7.9799999999999996E-002   1.7200000000000000E-002
   91.000000000000000       0.79140425550165905        5.4000000000000003E-003  0.54120000000000001        1.5400000000000000E-002  0.34100000000000003        8.0000000000000002E-002   1.7000000000000001E-002
   92.000000000000000       0.79855506176263180        5.4000000000000003E-003  0.54120000000000001        1.2000000000000000E-002  0.34439999999999998        7.9399999999999998E-002   1.7600000000000001E-002
   93.000000000000000       0.80409459946817552        5.4000000000000003E-003  0.54120000000000001        1.2000000000000000E-002  0.34439999999999998        7.9200000000000007E-002   1.7800000000000000E-002
   94.000000000000000       0.81119665870422653        5.4000000000000003E-003  0.54120000000000001        1.2000000000000000E-002  0.34439999999999998        7.9200000000000007E-002   1.7800000000000000E-002
   95.000000000000000       0.81880093834112944        5.4000000000000003E-003  0.54100000000000004        1.2000000000000000E-002  0.34460000000000002        7.8799999999999995E-002   1.8200000000000001E-002
   96.000000000000000       0.83184515770950895        5.4000000000000003E-003  0.54100000000000004        7.4000000000000003E-003  0.34920000000000001        7.8600000000000003E-002   1.8400000000000000E-002
   97.000000000000000       0.84153137916979071        5.4000000000000003E-003  0.53420000000000001        1.4000000000000000E-002  0.34939999999999999        7.8799999999999995E-002   1.8200000000000001E-002
   98.000000000000000       0.84811781107274808        5.4000000000000003E-003  0.53120000000000001        1.6600000000000000E-002  0.34980000000000000        7.9200000000000007E-002   1.7800000000000000E-002
   99.000000000000000       0.85251266053586849        5.1999999999999998E-003  0.53120000000000001        1.5800000000000002E-002  0.35080000000000000        7.9200000000000007E-002   1.7800000000000000E-002
   100.00000000000000       0.85405893451800963        5.1999999999999998E-003  0.52880000000000005        1.5800000000000002E-002  0.35320000000000001        7.9200000000000007E-002   1.7800000000000000E-002
   101.00000000000000       0.84922551978508543        5.1999999999999998E-003  0.52800000000000002        1.5800000000000002E-002  0.35399999999999998        7.9200000000000007E-002   1.7800000000000000E-002
   102.00000000000000       0.84073734375525933        5.1999999999999998E-003  0.52720000000000000        1.6000000000000000E-002  0.35460000000000003        7.9200000000000007E-002   1.7800000000000000E-002
   103.00000000000000       0.83190755362910662        5.1999999999999998E-003  0.52420000000000000        1.6000000000000000E-002  0.35759999999999997        7.9200000000000007E-002   1.7800000000000000E-002
   104.00000000000000       0.86962238751885057        0.0000000000000000       0.36340000000000000       0.17660000000000001       0.36299999999999999        7.9200000000000007E-002   1.7800000000000000E-002
   105.00000000000000        1.1476934480540963        0.0000000000000000       0.34599999999999997       0.17620000000000000       0.37259999999999999        7.9799999999999996E-002   2.5399999999999999E-002
   106.00000000000000        1.6469814685131299        0.0000000000000000       0.34560000000000002       0.28599999999999998       0.16059999999999999       0.17820000000000000        2.9600000000000001E-002
   107.00000000000000        1.6014041304845297        0.0000000000000000       0.34499999999999997       0.24240000000000000        5.4199999999999998E-002  0.32460000000000000        3.3799999999999997E-002
   108.00000000000000        1.6355430363721961        0.0000000000000000       0.34439999999999998       0.21440000000000001        9.1800000000000007E-002  0.29920000000000002        5.0200000000000002E-002
   109.00000000000000        1.5514102261578089        0.0000000000000000       0.30040000000000000       0.23180000000000001        1.3200000000000000E-002  0.39439999999999997        6.0199999999999997E-002
   110.00000000000000        1.6844490214935919        0.0000000000000000       0.20840000000000000       0.19480000000000000        4.9799999999999997E-002  0.48499999999999999        6.2000000000000000E-002
   111.00000000000000        1.3878574183483212        0.0000000000000000       0.19059999999999999       0.21160000000000001        5.0799999999999998E-002  0.48899999999999999        5.8000000000000003E-002
   112.00000000000000        1.1702888997598795        0.0000000000000000       0.19020000000000001       0.21160000000000001        5.1200000000000002E-002  0.48920000000000002        5.7799999999999997E-002
   113.00000000000000        1.1446535876822099        0.0000000000000000       0.18940000000000001       0.21160000000000001        5.1999999999999998E-002  0.49199999999999999        5.5000000000000000E-002
   114.00000000000000        1.1158219580152811        0.0000000000000000       0.18940000000000001       0.21140000000000000        5.2200000000000003E-002  0.49199999999999999        5.5000000000000000E-002
   115.00000000000000        1.0851292677470379        0.0000000000000000       0.18940000000000001       0.21140000000000000        5.2200000000000003E-002  0.49220000000000003        5.4800000000000001E-002
   116.00000000000000        1.0533004687671768        0.0000000000000000       0.18940000000000001       0.21099999999999999        5.2600000000000001E-002  0.49399999999999999        5.2999999999999999E-002
   117.00000000000000        1.0209862596429156        5.0000000000000001E-003  0.18420000000000000       0.21120000000000000        5.2600000000000001E-002  0.49399999999999999        5.2999999999999999E-002
   118.00000000000000       0.99184472421989400        8.0000000000000004E-004  0.18779999999999999       0.21179999999999999        5.2600000000000001E-002  0.49459999999999998        5.2400000000000002E-002
   119.00000000000000       0.96559136959193892        8.0000000000000004E-004  0.18779999999999999       0.21140000000000000        5.2999999999999999E-002  0.49340000000000001        5.3600000000000002E-002
   120.00000000000000       0.94214206322567362        5.9999999999999995E-004  0.18640000000000001       0.21299999999999999        5.2999999999999999E-002  0.48899999999999999        5.8000000000000003E-002
   121.00000000000000       0.92211858061346230        2.0000000000000001E-004  0.18179999999999999       0.21800000000000000        5.2999999999999999E-002  0.50680000000000003        4.0200000000000000E-002
   122.00000000000000       0.90546803786799135        2.0000000000000001E-004  0.18179999999999999       0.21800000000000000        5.2999999999999999E-002  0.54700000000000004        0.0000000000000000     
   123.00000000000000       0.89392584946982312        2.0000000000000001E-004  0.18040000000000000       0.21940000000000001        5.2999999999999999E-002  0.54120000000000001        5.7999999999999996E-003
   124.00000000000000       0.88812763224225244        2.0000000000000001E-004  0.16600000000000001       0.23380000000000001        7.0999999999999994E-002  0.44979999999999998        7.9200000000000007E-002
   125.00000000000000       0.88844384225127782        2.0000000000000001E-004  0.16739999999999999       0.23160000000000000        7.1400000000000005E-002  0.44940000000000002        8.0000000000000002E-002
   126.00000000000000       0.89330465191054798        2.0000000000000001E-004  0.16580000000000000       0.23260000000000000        7.2400000000000006E-002  0.44840000000000002        8.0600000000000005E-002
   127.00000000000000       0.90143495224000203        2.0000000000000001E-004  0.16600000000000001       0.23240000000000000        7.2400000000000006E-002  0.44840000000000002        8.0600000000000005E-002
   128.00000000000000       0.91362452620939205        0.0000000000000000       0.16600000000000001       0.23260000000000000        7.1999999999999995E-002  0.44879999999999998        8.0600000000000005E-002
   129.00000000000000       0.93316517250049513        0.0000000000000000       0.16439999999999999       0.23360000000000000        7.1599999999999997E-002  0.16180000000000000       0.36859999999999998     
   130.00000000000000       0.94641049957857537        0.0000000000000000       0.16460000000000000       0.23340000000000000       0.22580000000000000        7.4000000000000003E-003  0.36880000000000002     
   131.00000000000000       0.96533146323495944        0.0000000000000000       0.16320000000000001       0.23480000000000001       0.22580000000000000        7.1999999999999998E-003  0.36899999999999999     
   132.00000000000000       0.98387956425723433        0.0000000000000000       0.16300000000000001       0.23480000000000001       0.22600000000000001        7.4000000000000003E-003  0.36880000000000002     
   133.00000000000000        1.0026648786192047        0.0000000000000000       0.16300000000000001       0.23480000000000001       0.22600000000000001        7.7999999999999996E-003  0.36840000000000001     
   134.00000000000000        1.0233643781902673        0.0000000000000000       0.16139999999999999       0.23480000000000001       0.22760000000000000        8.0000000000000002E-003  0.36820000000000003     
   135.00000000000000        1.0423835666069268        0.0000000000000000       0.16100000000000000       0.23480000000000001       0.22800000000000001        8.0000000000000002E-003  0.36820000000000003     
   136.00000000000000        1.0596784336292058        0.0000000000000000       0.16100000000000000       0.23480000000000001       0.22800000000000001        8.0000000000000002E-003  0.36820000000000003     
   137.00000000000000        1.0762760562879550        0.0000000000000000       0.15840000000000001       0.23699999999999999       0.22839999999999999        8.0000000000000002E-003  0.36820000000000003     
   138.00000000000000        1.0903667876079033        9.1999999999999998E-003  0.14920000000000000       0.23699999999999999       0.22839999999999999        8.0000000000000002E-003  0.36820000000000003     
   139.00000000000000        1.1043771959659834        9.4000000000000004E-003  0.14920000000000000       0.23680000000000001       0.22839999999999999        8.0000000000000002E-003  0.36820000000000003     
   140.00000000000000        1.1196936776893287        8.6000000000000000E-003  0.14920000000000000       0.23719999999999999       0.22880000000000000        7.7999999999999996E-003  0.36840000000000001     
   141.00000000000000        1.1326299288515993        7.1999999999999998E-003  0.14920000000000000       0.23760000000000001       0.22980000000000000        9.7999999999999997E-003  0.36640000000000000     
   142.00000000000000        1.1413277739759657        6.6000000000000000E-003  0.14920000000000000       0.23780000000000001       0.23019999999999999        9.5999999999999992E-003  0.36659999999999998     
   143.00000000000000        1.1462440051369187        6.6000000000000000E-003  0.14920000000000000       0.23780000000000001       0.23019999999999999        1.0600000000000000E-002  0.36559999999999998     
   144.00000000000000        1.1501822508141959        6.6000000000000000E-003  0.14920000000000000       0.23640000000000000       0.23160000000000000        9.7999999999999997E-003  0.36640000000000000     
   145.00000000000000        1.1480652656899515        6.6000000000000000E-003  0.14920000000000000       0.23640000000000000       0.23160000000000000        1.1400000000000000E-002  0.36480000000000001     
   146.00000000000000        1.1436403059488156        6.0000000000000001E-003  0.14920000000000000       0.23680000000000001       0.23180000000000001        1.1400000000000000E-002  0.36480000000000001     
   147.00000000000000        1.1351684983660091        6.0000000000000001E-003  0.14920000000000000       0.23680000000000001       0.23180000000000001        1.5800000000000002E-002  0.36040000000000000     
   148.00000000000000        1.1242864167743951        0.0000000000000000       0.15440000000000001       0.23760000000000001       0.23180000000000001        1.4999999999999999E-002  0.36120000000000002     
   149.00000000000000        1.1155401880401021        0.0000000000000000       0.15100000000000000       0.24099999999999999       0.23180000000000001        1.4000000000000000E-002  0.36220000000000002     
   150.00000000000000        1.1054307035300133        0.0000000000000000       0.15100000000000000       0.24099999999999999       0.23180000000000001        1.3599999999999999E-002  0.36259999999999998     
   151.00000000000000        1.0939125252648336        0.0000000000000000       0.15020000000000000       0.24179999999999999       0.23180000000000001        1.4400000000000000E-002  0.36180000000000001     
   152.00000000000000        1.0815821762213507        0.0000000000000000       0.15020000000000000       0.24160000000000001       0.23200000000000001        2.4799999999999999E-002  0.35139999999999999     
   153.00000000000000        1.0684665717479311        0.0000000000000000       0.14979999999999999       0.24199999999999999       0.23200000000000001        2.1999999999999999E-002  0.35420000000000001     
   154.00000000000000        1.0560198878927844        0.0000000000000000       0.14979999999999999       0.24120000000000000       0.23280000000000001        1.9199999999999998E-002  0.35699999999999998     
   155.00000000000000        1.0423724095492006        0.0000000000000000       0.14979999999999999       0.24120000000000000       0.23280000000000001        3.1800000000000002E-002  0.34439999999999998     
   156.00000000000000        1.0293054588258754        0.0000000000000000       0.14979999999999999       0.24120000000000000       0.23280000000000001        4.9000000000000002E-002  0.32719999999999999     
   157.00000000000000        1.0181422107178313        0.0000000000000000       0.14480000000000001       0.24620000000000000       0.23280000000000001        3.6200000000000003E-002  0.34000000000000002     
   158.00000000000000        1.0089182161122587        0.0000000000000000       0.14399999999999999       0.24579999999999999       0.23400000000000001        3.6200000000000003E-002  0.34000000000000002     
   159.00000000000000        1.0004933649709058        0.0000000000000000       0.14340000000000000       0.24540000000000001       0.23499999999999999        3.6200000000000003E-002  0.34000000000000002     
   160.00000000000000       0.99218304310247785        0.0000000000000000       0.14340000000000000       0.24540000000000001       0.23499999999999999        3.6200000000000003E-002  0.34000000000000002     
   161.00000000000000       0.98589293626992269        0.0000000000000000       0.14280000000000001       0.24600000000000000       0.23499999999999999        3.5799999999999998E-002  0.34039999999999998     
   162.00000000000000       0.98384908937461368        2.0000000000000001E-004  0.14119999999999999       0.24540000000000001       0.23699999999999999        4.8399999999999999E-002  0.32779999999999998     
   163.00000000000000       0.98128044994529839        2.0000000000000001E-004  0.14000000000000001       0.24660000000000001       0.23699999999999999        6.2600000000000003E-002  0.31359999999999999     
   164.00000000000000       0.98180152608005167        2.0000000000000001E-004  0.13239999999999999       0.25419999999999998       0.23699999999999999        5.0599999999999999E-002  0.32560000000000000     
   165.00000000000000       0.98324821002147855        2.0000000000000001E-004  0.13220000000000001       0.25400000000000000       0.23740000000000000        5.2800000000000000E-002  0.32340000000000002     
   166.00000000000000       0.98613755462092056        2.0000000000000001E-004  0.13120000000000001       0.25500000000000000       0.23740000000000000        5.3600000000000002E-002  0.32260000000000000     
   167.00000000000000       0.99074869868019810        2.0000000000000001E-004  0.13080000000000000       0.25500000000000000       0.23780000000000001        6.1400000000000003E-002  0.31480000000000002     
   168.00000000000000       0.99819537849446138        2.0000000000000001E-004  0.12780000000000000       0.25700000000000001       0.23880000000000001        5.6399999999999999E-002  0.31979999999999997     
   169.00000000000000        1.0052039628587919        2.0000000000000001E-004  0.12780000000000000       0.25700000000000001       0.23880000000000001        5.9799999999999999E-002  0.31640000000000001     
   170.00000000000000        1.0144058466715327        2.0000000000000001E-004  0.12260000000000000       0.26219999999999999       0.23880000000000001        6.0199999999999997E-002  0.31600000000000000     
   171.00000000000000        1.0241991538412234        2.0000000000000001E-004  0.11700000000000001       0.26779999999999998       0.23880000000000001        6.3399999999999998E-002  0.31280000000000002     
   172.00000000000000        1.0357074037816165        2.0000000000000001E-004  0.11520000000000000       0.26779999999999998       0.24060000000000001        5.9200000000000003E-002  0.31700000000000000     
   173.00000000000000        1.0456818756190656        2.0000000000000001E-004  0.11520000000000000       0.26719999999999999       0.24120000000000000        5.4399999999999997E-002  0.32179999999999997     
   174.00000000000000        1.0572708725249296        2.0000000000000001E-004  0.11340000000000000       0.26700000000000002       0.24320000000000000        5.7200000000000001E-002  0.31900000000000001     
   175.00000000000000        1.0682700563368295        2.0000000000000001E-004  0.11219999999999999       0.26660000000000000       0.24479999999999999        6.2199999999999998E-002  0.31400000000000000     
   176.00000000000000        1.0774298911391171        2.0000000000000001E-004  0.11200000000000000       0.26660000000000000       0.24500000000000000        6.1199999999999997E-002  0.31500000000000000     
   177.00000000000000        1.0863098801733679        2.0000000000000001E-004  0.11180000000000000       0.26660000000000000       0.24520000000000000        6.1199999999999997E-002  0.31500000000000000     
   178.00000000000000        1.0987641252412550        2.0000000000000001E-004  0.10940000000000000       0.26460000000000000       0.24959999999999999        5.6000000000000001E-002  0.32019999999999998     
   179.00000000000000        1.1081922412577336        2.0000000000000001E-004  0.10340000000000001       0.26939999999999997       0.25080000000000002        5.4600000000000003E-002  0.32160000000000000     
   180.00000000000000        1.1152881776811894        2.0000000000000001E-004  0.10340000000000001       0.26939999999999997       0.25080000000000002        4.8399999999999999E-002  0.32779999999999998     
   181.00000000000000        1.1219319594777519        2.0000000000000001E-004  0.10340000000000001       0.26939999999999997       0.25080000000000002        4.6800000000000001E-002  0.32940000000000003     
   182.00000000000000        1.1291645141547284        2.0000000000000001E-004   9.9599999999999994E-002  0.27220000000000000       0.25180000000000002        4.7800000000000002E-002  0.32840000000000003     
   183.00000000000000        1.1393015693799535        2.0000000000000001E-004  0.10040000000000000       0.26619999999999999       0.25700000000000001        4.0599999999999997E-002  0.33560000000000001     
   184.00000000000000        1.1446529500736458        2.0000000000000001E-004  0.10340000000000001       0.26319999999999999       0.25700000000000001        4.8800000000000003E-002  0.32740000000000002     
   185.00000000000000        1.1542245958189956        2.0000000000000001E-004  0.10420000000000000       0.25760000000000000       0.26179999999999998        4.6600000000000003E-002  0.32960000000000000     
   186.00000000000000        1.1605649140576135        2.0000000000000001E-004   9.8400000000000001E-002  0.26300000000000001       0.26219999999999999        5.6599999999999998E-002  0.31960000000000000     
   187.00000000000000        1.1678010876590514        2.0000000000000001E-004   9.8599999999999993E-002  0.25960000000000000       0.26540000000000002        5.6599999999999998E-002  0.31960000000000000     
   188.00000000000000        1.1737835939301777        2.0000000000000001E-004   9.7799999999999998E-002  0.25940000000000002       0.26640000000000003        4.7399999999999998E-002  0.32879999999999998     
   189.00000000000000        1.1782449849002390        2.0000000000000001E-004   9.7799999999999998E-002  0.25940000000000002       0.26640000000000003        3.4000000000000002E-002  0.34220000000000000     
