#        BMIN =   406
#        BMAX =   411
#     INIBAND =   410
#      NBANDS =   540
#         NSW =  2000
#       POTIM =   1.0
#        TEMP = 300.0
#    NAMDTINI =    23
#    NAMDTIME =  1000
#       NTRAJ =  5000
#        NELM =  1000
#       LHOLE =     T
#        LSHP =     T
#      LCPTXT =     T
#      RUNDIR = ../../run/
   1.0000000000000000        1.7045797604974147        0.0000000000000000        0.0000000000000000        0.0000000000000000        0.0000000000000000        1.0000000000000000        0.0000000000000000     
   2.0000000000000000        1.2138104310209075        0.0000000000000000        0.0000000000000000        0.0000000000000000        2.0199999999999999E-002  0.95140000000000002        2.8400000000000002E-002
   3.0000000000000000        1.7706723879618105        0.0000000000000000        0.0000000000000000        0.0000000000000000        0.0000000000000000       0.65500000000000003       0.34499999999999997     
   4.0000000000000000        1.4128912448402751        0.0000000000000000        0.0000000000000000        0.0000000000000000        1.0000000000000000E-002  0.64500000000000002       0.34499999999999997     
   5.0000000000000000        1.4215055793127422        0.0000000000000000        0.0000000000000000        0.0000000000000000        9.5600000000000004E-002  0.56159999999999999       0.34279999999999999     
   6.0000000000000000        1.5199393936400558        0.0000000000000000        0.0000000000000000        0.0000000000000000        8.8800000000000004E-002  0.86539999999999995        4.5800000000000000E-002
   7.0000000000000000        1.4160893697595243        0.0000000000000000        0.0000000000000000        0.0000000000000000        8.8800000000000004E-002  0.86539999999999995        4.5800000000000000E-002
   8.0000000000000000        1.4482952271142739        0.0000000000000000        0.0000000000000000        0.0000000000000000        8.9999999999999997E-002  0.56679999999999997       0.34320000000000001     
   9.0000000000000000        1.4598547458261311        0.0000000000000000        0.0000000000000000        0.0000000000000000       0.22420000000000001       0.43259999999999998       0.34320000000000001     
   10.000000000000000        1.4843742233118884        0.0000000000000000        0.0000000000000000        0.0000000000000000       0.22420000000000001       0.43300000000000000       0.34279999999999999     
   11.000000000000000        1.5057526937357129        0.0000000000000000        0.0000000000000000        0.0000000000000000       0.22420000000000001       0.43300000000000000       0.34279999999999999     
   12.000000000000000        1.5280753786303596        0.0000000000000000        0.0000000000000000        0.0000000000000000       0.22420000000000001       0.43259999999999998       0.34320000000000001     
   13.000000000000000        1.5505029125360941        0.0000000000000000        0.0000000000000000        0.0000000000000000       0.22420000000000001       0.43259999999999998       0.34320000000000001     
   14.000000000000000        1.5708216724207085        0.0000000000000000        0.0000000000000000        0.0000000000000000       0.22420000000000001       0.43259999999999998       0.34320000000000001     
   15.000000000000000        1.5900083191316523        0.0000000000000000        0.0000000000000000        0.0000000000000000       0.22420000000000001       0.43180000000000002       0.34399999999999997     
   16.000000000000000        1.6066878219210752        0.0000000000000000        0.0000000000000000        0.0000000000000000       0.22420000000000001       0.43020000000000003       0.34560000000000002     
   17.000000000000000        1.6206195607291631        0.0000000000000000        0.0000000000000000        0.0000000000000000       0.22420000000000001       0.42920000000000003       0.34660000000000002     
   18.000000000000000        1.6318823623410468        0.0000000000000000        0.0000000000000000        0.0000000000000000       0.22420000000000001       0.42920000000000003       0.34660000000000002     
   19.000000000000000        1.6387981695084761        0.0000000000000000        0.0000000000000000        0.0000000000000000       0.22420000000000001       0.42480000000000001       0.35099999999999998     
   20.000000000000000        1.6424630347821565        0.0000000000000000        0.0000000000000000        0.0000000000000000       0.22420000000000001       0.42120000000000002       0.35460000000000003     
   21.000000000000000        1.6424151813259815        0.0000000000000000        0.0000000000000000        0.0000000000000000       0.22420000000000001       0.42040000000000000       0.35539999999999999     
   22.000000000000000        1.6376192706565136        0.0000000000000000        0.0000000000000000        0.0000000000000000       0.22420000000000001       0.41739999999999999       0.35840000000000000     
   23.000000000000000        1.6331696092254189        0.0000000000000000        0.0000000000000000        0.0000000000000000       0.22420000000000001       0.41560000000000002       0.36020000000000002     
   24.000000000000000        1.6227841135421439        0.0000000000000000        0.0000000000000000        0.0000000000000000       0.22420000000000001       0.41639999999999999       0.35940000000000000     
   25.000000000000000        1.6095829618466773        0.0000000000000000        0.0000000000000000        0.0000000000000000       0.22420000000000001       0.41360000000000002       0.36220000000000002     
   26.000000000000000        1.5951187456704252        0.0000000000000000        0.0000000000000000        0.0000000000000000       0.22420000000000001       0.41160000000000002       0.36420000000000002     
   27.000000000000000        1.5785060933985631        0.0000000000000000        0.0000000000000000        0.0000000000000000       0.22420000000000001       0.41180000000000000       0.36399999999999999     
   28.000000000000000        1.5609404244066729        0.0000000000000000        0.0000000000000000        0.0000000000000000       0.22420000000000001       0.41199999999999998       0.36380000000000001     
   29.000000000000000        1.5429163343138228        0.0000000000000000        0.0000000000000000        0.0000000000000000       0.22420000000000001       0.40860000000000002       0.36720000000000003     
   30.000000000000000        1.5245413329278161        0.0000000000000000        0.0000000000000000        0.0000000000000000       0.22420000000000001       0.40899999999999997       0.36680000000000001     
   31.000000000000000        1.5092476712346281        0.0000000000000000        0.0000000000000000        0.0000000000000000       0.22420000000000001       0.40960000000000002       0.36620000000000003     
   32.000000000000000        1.4946526680448358        0.0000000000000000        0.0000000000000000        0.0000000000000000       0.22420000000000001       0.40679999999999999       0.36899999999999999     
   33.000000000000000        1.4822397229732815        0.0000000000000000        0.0000000000000000        0.0000000000000000       0.22420000000000001       0.41460000000000002       0.36120000000000002     
   34.000000000000000        1.4726315361534670        0.0000000000000000        0.0000000000000000        0.0000000000000000       0.22420000000000001       0.40699999999999997       0.36880000000000002     
   35.000000000000000        1.4651741278760886        0.0000000000000000        0.0000000000000000        0.0000000000000000       0.22420000000000001       0.41880000000000001       0.35699999999999998     
   36.000000000000000        1.4619049364569137        0.0000000000000000        0.0000000000000000        0.0000000000000000       0.22420000000000001       0.39860000000000001       0.37719999999999998     
   37.000000000000000        1.4612496564698687        0.0000000000000000        0.0000000000000000        0.0000000000000000       0.22420000000000001       0.37500000000000000       0.40079999999999999     
   38.000000000000000        1.4632402629939194        0.0000000000000000        0.0000000000000000        0.0000000000000000       0.22420000000000001       0.39079999999999998       0.38500000000000001     
   39.000000000000000        1.4679576998789563        0.0000000000000000        0.0000000000000000        0.0000000000000000       0.22420000000000001       0.41320000000000001       0.36259999999999998     
   40.000000000000000        1.4754139372911310        0.0000000000000000        0.0000000000000000        0.0000000000000000       0.22420000000000001       0.40799999999999997       0.36780000000000002     
   41.000000000000000        1.4850950966672118        0.0000000000000000        0.0000000000000000        0.0000000000000000       0.22420000000000001       0.42959999999999998       0.34620000000000001     
   42.000000000000000        1.4970922805516103        0.0000000000000000        0.0000000000000000        0.0000000000000000       0.22420000000000001       0.40160000000000001       0.37419999999999998     
   43.000000000000000        1.5105895063230892        0.0000000000000000        0.0000000000000000        0.0000000000000000       0.22420000000000001       0.39820000000000000       0.37759999999999999     
   44.000000000000000        1.5259976811270917        0.0000000000000000        0.0000000000000000        0.0000000000000000       0.22420000000000001       0.36559999999999998       0.41020000000000001     
   45.000000000000000        1.5419141950249942        0.0000000000000000        0.0000000000000000        0.0000000000000000       0.22420000000000001       0.36780000000000002       0.40799999999999997     
   46.000000000000000        1.5583700147705906        0.0000000000000000        0.0000000000000000        0.0000000000000000       0.22420000000000001       0.39140000000000003       0.38440000000000002     
   47.000000000000000        1.5752763857101026        0.0000000000000000        0.0000000000000000        0.0000000000000000       0.22420000000000001       0.39520000000000000       0.38059999999999999     
   48.000000000000000        1.5919547165218617        0.0000000000000000        0.0000000000000000        0.0000000000000000       0.22420000000000001       0.39900000000000002       0.37680000000000002     
   49.000000000000000        1.6076711982478358        0.0000000000000000        0.0000000000000000        0.0000000000000000       0.22420000000000001       0.40179999999999999       0.37400000000000000     
   50.000000000000000        1.6226164285561615        0.0000000000000000        0.0000000000000000        0.0000000000000000       0.22420000000000001       0.39360000000000001       0.38219999999999998     
   51.000000000000000        1.6361309232429204        0.0000000000000000        0.0000000000000000        0.0000000000000000       0.22420000000000001       0.41499999999999998       0.36080000000000001     
   52.000000000000000        1.6469841558099212        0.0000000000000000        0.0000000000000000        0.0000000000000000       0.22420000000000001       0.42080000000000001       0.35499999999999998     
   53.000000000000000        1.6575814254075998        0.0000000000000000        0.0000000000000000        0.0000000000000000       0.22420000000000001       0.40060000000000001       0.37519999999999998     
   54.000000000000000        1.6661252026759530        0.0000000000000000        0.0000000000000000        0.0000000000000000       0.22420000000000001       0.39860000000000001       0.37719999999999998     
   55.000000000000000        1.6726140251682460        0.0000000000000000        0.0000000000000000        0.0000000000000000       0.22420000000000001       0.40139999999999998       0.37440000000000001     
   56.000000000000000        1.6781997971981237        0.0000000000000000        0.0000000000000000        0.0000000000000000       0.22420000000000001       0.40279999999999999       0.37300000000000000     
   57.000000000000000        1.6812352025258308        0.0000000000000000        0.0000000000000000        0.0000000000000000       0.22420000000000001       0.40100000000000002       0.37480000000000002     
   58.000000000000000        1.6827710439433667        0.0000000000000000        0.0000000000000000        0.0000000000000000       0.22420000000000001       0.40100000000000002       0.37480000000000002     
   59.000000000000000        1.6831323981690471        0.0000000000000000        0.0000000000000000        0.0000000000000000       0.22420000000000001       0.40060000000000001       0.37519999999999998     
   60.000000000000000        1.6827240318923971        0.0000000000000000        0.0000000000000000        0.0000000000000000       0.22420000000000001       0.39360000000000001       0.38219999999999998     
   61.000000000000000        1.6810081313517555        0.0000000000000000        0.0000000000000000        0.0000000000000000       0.22420000000000001       0.39360000000000001       0.38219999999999998     
   62.000000000000000        1.6792756763563117        0.0000000000000000        0.0000000000000000        0.0000000000000000       0.22420000000000001       0.39140000000000003       0.38440000000000002     
   63.000000000000000        1.6778449191709659        0.0000000000000000        0.0000000000000000        0.0000000000000000       0.22420000000000001       0.39079999999999998       0.38500000000000001     
   64.000000000000000        1.6761153904387711        0.0000000000000000        0.0000000000000000        0.0000000000000000       0.22420000000000001       0.39040000000000002       0.38540000000000002     
   65.000000000000000        1.6755209748488191        0.0000000000000000        0.0000000000000000        0.0000000000000000       0.22420000000000001       0.38840000000000002       0.38740000000000002     
   66.000000000000000        1.6759063439596464        0.0000000000000000        0.0000000000000000        0.0000000000000000       0.22420000000000001       0.38840000000000002       0.38740000000000002     
   67.000000000000000        1.6776315496153202        0.0000000000000000        0.0000000000000000        0.0000000000000000       0.22420000000000001       0.39060000000000000       0.38519999999999999     
   68.000000000000000        1.6808631706183386        0.0000000000000000        0.0000000000000000        0.0000000000000000       0.22420000000000001       0.38940000000000002       0.38640000000000002     
   69.000000000000000        1.6861819905163877        0.0000000000000000        0.0000000000000000        0.0000000000000000       0.22420000000000001       0.38679999999999998       0.38900000000000001     
   70.000000000000000        1.6927908895314130        0.0000000000000000        0.0000000000000000        0.0000000000000000       0.22420000000000001       0.38279999999999997       0.39300000000000002     
   71.000000000000000        1.7006006006595147        0.0000000000000000        0.0000000000000000        0.0000000000000000       0.22420000000000001       0.38279999999999997       0.39300000000000002     
   72.000000000000000        1.7103908570230526        0.0000000000000000        0.0000000000000000        0.0000000000000000       0.22420000000000001       0.38019999999999998       0.39560000000000001     
   73.000000000000000        1.7198817512178850        0.0000000000000000        0.0000000000000000        0.0000000000000000       0.22420000000000001       0.38219999999999998       0.39360000000000001     
   74.000000000000000        1.7314346790203645        0.0000000000000000        0.0000000000000000        0.0000000000000000       0.22420000000000001       0.38219999999999998       0.39360000000000001     
   75.000000000000000        1.7426600354464776        0.0000000000000000        0.0000000000000000        0.0000000000000000       0.22420000000000001       0.37980000000000003       0.39600000000000002     
   76.000000000000000        1.7535303496525914        0.0000000000000000        0.0000000000000000        0.0000000000000000       0.22420000000000001       0.37819999999999998       0.39760000000000001     
   77.000000000000000        1.7637337618102837        0.0000000000000000        0.0000000000000000        0.0000000000000000       0.22420000000000001       0.37600000000000000       0.39979999999999999     
   78.000000000000000        1.7728977444909884        0.0000000000000000        0.0000000000000000        0.0000000000000000       0.22420000000000001       0.37600000000000000       0.39979999999999999     
   79.000000000000000        1.7806151443758382        0.0000000000000000        0.0000000000000000        0.0000000000000000       0.22420000000000001       0.37700000000000000       0.39879999999999999     
   80.000000000000000        1.7867082979994966        0.0000000000000000        0.0000000000000000        0.0000000000000000       0.22420000000000001       0.37800000000000000       0.39779999999999999     
   81.000000000000000        1.7906167815136835        0.0000000000000000        0.0000000000000000        0.0000000000000000       0.22420000000000001       0.37740000000000001       0.39839999999999998     
   82.000000000000000        1.7924942166103994        0.0000000000000000        0.0000000000000000        0.0000000000000000       0.22420000000000001       0.37600000000000000       0.39979999999999999     
   83.000000000000000        1.7924669091681280        0.0000000000000000        0.0000000000000000        0.0000000000000000       0.22420000000000001       0.37600000000000000       0.39979999999999999     
   84.000000000000000        1.7897120232723951        0.0000000000000000        0.0000000000000000        0.0000000000000000       0.22420000000000001       0.37559999999999999       0.40020000000000000     
   85.000000000000000        1.7844262499076216        0.0000000000000000        0.0000000000000000        0.0000000000000000       0.22420000000000001       0.37719999999999998       0.39860000000000001     
   86.000000000000000        1.7766137283216283        0.0000000000000000        0.0000000000000000        0.0000000000000000       0.22420000000000001       0.37500000000000000       0.40079999999999999     
   87.000000000000000        1.7661568930960574        0.0000000000000000        0.0000000000000000        0.0000000000000000       0.22420000000000001       0.37659999999999999       0.39920000000000000     
   88.000000000000000        1.7533218033114211        0.0000000000000000        0.0000000000000000        0.0000000000000000       0.22420000000000001       0.37680000000000002       0.39900000000000002     
   89.000000000000000        1.7380740017471032        0.0000000000000000        0.0000000000000000        0.0000000000000000       0.22420000000000001       0.37680000000000002       0.39900000000000002     
   90.000000000000000        1.7204534034010406        0.0000000000000000        0.0000000000000000        0.0000000000000000       0.22420000000000001       0.37680000000000002       0.39900000000000002     
   91.000000000000000        1.7020363116884705        0.0000000000000000        0.0000000000000000        0.0000000000000000       0.22420000000000001       0.37580000000000002       0.40000000000000002     
   92.000000000000000        1.6821548140456142        0.0000000000000000        0.0000000000000000        0.0000000000000000       0.22420000000000001       0.37580000000000002       0.40000000000000002     
   93.000000000000000        1.6613611625000557        0.0000000000000000        0.0000000000000000        0.0000000000000000       0.22420000000000001       0.37580000000000002       0.40000000000000002     
   94.000000000000000        1.6403785455031683        0.0000000000000000        0.0000000000000000        0.0000000000000000       0.22420000000000001       0.37519999999999998       0.40060000000000001     
   95.000000000000000        1.6189351116201878        0.0000000000000000        0.0000000000000000        0.0000000000000000       0.22420000000000001       0.37540000000000001       0.40039999999999998     
   96.000000000000000        1.5992699457879136        0.0000000000000000        0.0000000000000000        0.0000000000000000       0.22420000000000001       0.37559999999999999       0.40020000000000000     
   97.000000000000000        1.5793216474081850        0.0000000000000000        0.0000000000000000        0.0000000000000000       0.22420000000000001       0.37580000000000002       0.40000000000000002     
   98.000000000000000        1.5616325737473997        0.0000000000000000        0.0000000000000000        0.0000000000000000       0.22420000000000001       0.37600000000000000       0.39979999999999999     
   99.000000000000000        1.5463424810709239        0.0000000000000000        0.0000000000000000        0.0000000000000000       0.22420000000000001       0.37580000000000002       0.40000000000000002     
   100.00000000000000        1.5334853150428494        0.0000000000000000        0.0000000000000000        0.0000000000000000       0.22420000000000001       0.37580000000000002       0.40000000000000002     
   101.00000000000000        1.5240277895085526        0.0000000000000000        0.0000000000000000        0.0000000000000000       0.22420000000000001       0.37580000000000002       0.40000000000000002     
   102.00000000000000        1.5179147796150874        0.0000000000000000        0.0000000000000000        0.0000000000000000       0.22420000000000001       0.37580000000000002       0.40000000000000002     
   103.00000000000000        1.5152312658485103        0.0000000000000000        0.0000000000000000        0.0000000000000000       0.22420000000000001       0.37619999999999998       0.39960000000000001     
   104.00000000000000        1.5163504825282228        0.0000000000000000        0.0000000000000000        0.0000000000000000       0.22420000000000001       0.37619999999999998       0.39960000000000001     
   105.00000000000000        1.5210869326274070        0.0000000000000000        0.0000000000000000        0.0000000000000000       0.22420000000000001       0.37619999999999998       0.39960000000000001     
   106.00000000000000        1.5297330081948797        0.0000000000000000        0.0000000000000000        0.0000000000000000       0.22420000000000001       0.37619999999999998       0.39960000000000001     
   107.00000000000000        1.5416692780652186        0.0000000000000000        0.0000000000000000        0.0000000000000000       0.22420000000000001       0.37619999999999998       0.39960000000000001     
   108.00000000000000        1.5564535091363587        0.0000000000000000        0.0000000000000000        0.0000000000000000       0.22420000000000001       0.37640000000000001       0.39939999999999998     
   109.00000000000000        1.5738214961989034        0.0000000000000000        0.0000000000000000        0.0000000000000000       0.22420000000000001       0.37619999999999998       0.39960000000000001     
   110.00000000000000        1.5930451281226325        0.0000000000000000        0.0000000000000000        0.0000000000000000       0.22420000000000001       0.37880000000000003       0.39700000000000002     
   111.00000000000000        1.6136249284341537        0.0000000000000000        0.0000000000000000        0.0000000000000000       0.22420000000000001       0.38080000000000003       0.39500000000000002     
   112.00000000000000        1.6343950902196762        0.0000000000000000        0.0000000000000000        0.0000000000000000       0.22420000000000001       0.38040000000000002       0.39539999999999997     
   113.00000000000000        1.6548098765952006        0.0000000000000000        0.0000000000000000        0.0000000000000000       0.22420000000000001       0.38360000000000000       0.39219999999999999     
   114.00000000000000        1.6744505466318909        0.0000000000000000        0.0000000000000000        0.0000000000000000       0.22420000000000001       0.38419999999999999       0.39160000000000000     
   115.00000000000000        1.6925633361086776        0.0000000000000000        0.0000000000000000        0.0000000000000000       0.22420000000000001       0.38840000000000002       0.38740000000000002     
   116.00000000000000        1.7073539314523096        0.0000000000000000        0.0000000000000000        0.0000000000000000       0.22420000000000001       0.38240000000000002       0.39340000000000003     
   117.00000000000000        1.7199551762432255        0.0000000000000000        0.0000000000000000        0.0000000000000000       0.22420000000000001       0.38560000000000000       0.39019999999999999     
   118.00000000000000        1.7290189560163096        0.0000000000000000        0.0000000000000000        0.0000000000000000       0.22420000000000001       0.39260000000000000       0.38319999999999999     
   119.00000000000000        1.7342300235982098        0.0000000000000000        0.0000000000000000        0.0000000000000000       0.22420000000000001       0.39100000000000001       0.38479999999999998     
   120.00000000000000        1.7357837061625330        0.0000000000000000        0.0000000000000000        0.0000000000000000       0.22420000000000001       0.40079999999999999       0.37500000000000000     
   121.00000000000000        1.7332921857043670        0.0000000000000000        0.0000000000000000        0.0000000000000000       0.22420000000000001       0.40079999999999999       0.37500000000000000     
   122.00000000000000        1.7270760904828650        0.0000000000000000        0.0000000000000000        0.0000000000000000       0.22420000000000001       0.40300000000000002       0.37280000000000002     
   123.00000000000000        1.7168043318538584        0.0000000000000000        0.0000000000000000        0.0000000000000000       0.22420000000000001       0.40980000000000000       0.36599999999999999     
   124.00000000000000        1.7021969296645048        0.0000000000000000        0.0000000000000000        0.0000000000000000       0.22420000000000001       0.41299999999999998       0.36280000000000001     
   125.00000000000000        1.6841208194343360        0.0000000000000000        0.0000000000000000        0.0000000000000000       0.22420000000000001       0.41539999999999999       0.36040000000000000     
   126.00000000000000        1.6644959513850623        0.0000000000000000        0.0000000000000000        0.0000000000000000       0.22420000000000001       0.41639999999999999       0.35940000000000000     
   127.00000000000000        1.6391505869151133        0.0000000000000000        0.0000000000000000        0.0000000000000000       0.22420000000000001       0.41639999999999999       0.35940000000000000     
   128.00000000000000        1.6148095962045694        0.0000000000000000        0.0000000000000000        0.0000000000000000       0.22420000000000001       0.40999999999999998       0.36580000000000001     
   129.00000000000000        1.5891453298677287        0.0000000000000000        0.0000000000000000        0.0000000000000000       0.22420000000000001       0.40739999999999998       0.36840000000000001     
   130.00000000000000        1.5659551800998881        0.0000000000000000        0.0000000000000000        0.0000000000000000       0.22420000000000001       0.40539999999999998       0.37040000000000001     
   131.00000000000000        1.5407773153735456        0.0000000000000000        0.0000000000000000        0.0000000000000000       0.22420000000000001       0.40300000000000002       0.37280000000000002     
   132.00000000000000        1.5176218184472818        0.0000000000000000        0.0000000000000000        0.0000000000000000       0.22420000000000001       0.39560000000000001       0.38019999999999998     
   133.00000000000000        1.4953759095505610        0.0000000000000000        0.0000000000000000        0.0000000000000000       0.22420000000000001       0.39560000000000001       0.38019999999999998     
   134.00000000000000        1.4760851580316308        0.0000000000000000        0.0000000000000000        0.0000000000000000       0.22420000000000001       0.39960000000000001       0.37619999999999998     
   135.00000000000000        1.4596659857302425        0.0000000000000000        0.0000000000000000        0.0000000000000000       0.22420000000000001       0.39040000000000002       0.38540000000000002     
   136.00000000000000        1.4467541155819670        0.0000000000000000        0.0000000000000000        0.0000000000000000       0.22420000000000001       0.37180000000000002       0.40400000000000003     
   137.00000000000000        1.4375819723952485        0.0000000000000000        0.0000000000000000        0.0000000000000000       0.22420000000000001       0.38040000000000002       0.39539999999999997     
   138.00000000000000        1.4327722169620090        0.0000000000000000        0.0000000000000000        0.0000000000000000       0.22420000000000001       0.38080000000000003       0.39500000000000002     
   139.00000000000000        1.4314608426070605        0.0000000000000000        0.0000000000000000        0.0000000000000000       0.22420000000000001       0.35160000000000002       0.42420000000000002     
   140.00000000000000        1.4339955365318013        0.0000000000000000        0.0000000000000000        0.0000000000000000       0.22420000000000001       0.37380000000000002       0.40200000000000002     
   141.00000000000000        1.4405036399317779        0.0000000000000000        0.0000000000000000        0.0000000000000000       0.22420000000000001       0.38300000000000001       0.39279999999999998     
   142.00000000000000        1.4500377958484296        0.0000000000000000        0.0000000000000000        0.0000000000000000       0.22420000000000001       0.35399999999999998       0.42180000000000001     
   143.00000000000000        1.4628717754768257        0.0000000000000000        0.0000000000000000        0.0000000000000000       0.22420000000000001       0.35980000000000001       0.41599999999999998     
   144.00000000000000        1.4776922657506426        0.0000000000000000        0.0000000000000000        0.0000000000000000       0.22420000000000001       0.35099999999999998       0.42480000000000001     
   145.00000000000000        1.4945878752067201        0.0000000000000000        0.0000000000000000        0.0000000000000000       0.22420000000000001       0.35639999999999999       0.41940000000000000     
   146.00000000000000        1.5116050898791333        0.0000000000000000        0.0000000000000000        0.0000000000000000       0.22420000000000001       0.35060000000000002       0.42520000000000002     
   147.00000000000000        1.5317461477441472        0.0000000000000000        0.0000000000000000        0.0000000000000000       0.22420000000000001       0.34239999999999998       0.43340000000000001     
   148.00000000000000        1.5508339596211731        0.0000000000000000        0.0000000000000000        0.0000000000000000       0.22420000000000001       0.35480000000000000       0.42099999999999999     
   149.00000000000000        1.5703683395533083        0.0000000000000000        0.0000000000000000        0.0000000000000000       0.22420000000000001       0.36440000000000000       0.41139999999999999     
   150.00000000000000        1.5891570693916579        0.0000000000000000        0.0000000000000000        0.0000000000000000       0.22420000000000001       0.36020000000000002       0.41560000000000002     
   151.00000000000000        1.6067405464056672        0.0000000000000000        0.0000000000000000        0.0000000000000000       0.22420000000000001       0.36020000000000002       0.41560000000000002     
   152.00000000000000        1.6228708787046107        0.0000000000000000        0.0000000000000000        0.0000000000000000       0.22420000000000001       0.36520000000000002       0.41060000000000002     
   153.00000000000000        1.6371843858456603        0.0000000000000000        0.0000000000000000        0.0000000000000000       0.22420000000000001       0.35740000000000000       0.41839999999999999     
   154.00000000000000        1.6489430509997089        0.0000000000000000        0.0000000000000000        0.0000000000000000       0.22420000000000001       0.36059999999999998       0.41520000000000001     
   155.00000000000000        1.6583324856925827        0.0000000000000000        0.0000000000000000        0.0000000000000000       0.22420000000000001       0.37000000000000000       0.40579999999999999     
   156.00000000000000        1.6652726584076878        0.0000000000000000        0.0000000000000000        0.0000000000000000       0.22420000000000001       0.36120000000000002       0.41460000000000002     
   157.00000000000000        1.6691441249902312        0.0000000000000000        0.0000000000000000        0.0000000000000000       0.22420000000000001       0.36699999999999999       0.40880000000000000     
   158.00000000000000        1.6703136986994882        0.0000000000000000        0.0000000000000000        0.0000000000000000       0.22420000000000001       0.36919999999999997       0.40660000000000002     
   159.00000000000000        1.6689665876408284        0.0000000000000000        0.0000000000000000        0.0000000000000000       0.22420000000000001       0.36880000000000002       0.40699999999999997     
   160.00000000000000        1.6655923600352469        0.0000000000000000        0.0000000000000000        0.0000000000000000       0.22420000000000001       0.36699999999999999       0.40880000000000000     
   161.00000000000000        1.6598682178959669        0.0000000000000000        0.0000000000000000        0.0000000000000000       0.22420000000000001       0.36640000000000000       0.40939999999999999     
   162.00000000000000        1.6528331700640790        0.0000000000000000        0.0000000000000000        0.0000000000000000       0.22420000000000001       0.37500000000000000       0.40079999999999999     
   163.00000000000000        1.6449144070447566        0.0000000000000000        0.0000000000000000        0.0000000000000000       0.22420000000000001       0.37500000000000000       0.40079999999999999     
   164.00000000000000        1.6367569843910164        0.0000000000000000        0.0000000000000000        0.0000000000000000       0.22420000000000001       0.37619999999999998       0.39960000000000001     
   165.00000000000000        1.6289936624158654        0.0000000000000000        0.0000000000000000        0.0000000000000000       0.22420000000000001       0.37700000000000000       0.39879999999999999     
   166.00000000000000        1.6220922295426381        0.0000000000000000        0.0000000000000000        0.0000000000000000       0.22420000000000001       0.36959999999999998       0.40620000000000001     
   167.00000000000000        1.6163850993544222        0.0000000000000000        0.0000000000000000        0.0000000000000000       0.22420000000000001       0.36740000000000000       0.40839999999999999     
   168.00000000000000        1.6129679956926879        0.0000000000000000        0.0000000000000000        0.0000000000000000       0.22420000000000001       0.38059999999999999       0.39520000000000000     
   169.00000000000000        1.6107159831553579        0.0000000000000000        0.0000000000000000        0.0000000000000000       0.22420000000000001       0.38540000000000002       0.39040000000000002     
   170.00000000000000        1.6113105394310860        0.0000000000000000        0.0000000000000000        0.0000000000000000       0.22420000000000001       0.44219999999999998       0.33360000000000001     
   171.00000000000000        1.6138599301057677        0.0000000000000000        0.0000000000000000        0.0000000000000000       0.22420000000000001       0.48359999999999997       0.29220000000000002     
   172.00000000000000        1.6188794187553075        0.0000000000000000        0.0000000000000000        0.0000000000000000       0.22420000000000001       0.52620000000000000       0.24959999999999999     
   173.00000000000000        1.6258660999774759        0.0000000000000000        0.0000000000000000        0.0000000000000000       0.22420000000000001       0.54479999999999995       0.23100000000000001     
   174.00000000000000        1.6340515867696312        0.0000000000000000        0.0000000000000000        0.0000000000000000       0.22420000000000001       0.49280000000000002       0.28299999999999997     
   175.00000000000000        1.6438511377966916        0.0000000000000000        0.0000000000000000        0.0000000000000000       0.22420000000000001       0.48420000000000002       0.29160000000000003     
   176.00000000000000        1.6539915725015015        0.0000000000000000        0.0000000000000000        0.0000000000000000       0.22420000000000001       0.48480000000000001       0.29099999999999998     
   177.00000000000000        1.6645381305562426        0.0000000000000000        0.0000000000000000        0.0000000000000000       0.22420000000000001       0.47460000000000002       0.30120000000000002     
   178.00000000000000        1.6744224645797532        0.0000000000000000        0.0000000000000000        0.0000000000000000       0.22420000000000001       0.47499999999999998       0.30080000000000001     
   179.00000000000000        1.6834359772385774        0.0000000000000000        0.0000000000000000        0.0000000000000000       0.22420000000000001       0.47480000000000000       0.30099999999999999     
   180.00000000000000        1.6911299898425507        0.0000000000000000        0.0000000000000000        0.0000000000000000       0.22420000000000001       0.47460000000000002       0.30120000000000002     
   181.00000000000000        1.6971469796341747        0.0000000000000000        0.0000000000000000        0.0000000000000000       0.22420000000000001       0.47460000000000002       0.30120000000000002     
   182.00000000000000        1.7010047905600465        0.0000000000000000        0.0000000000000000        0.0000000000000000       0.22420000000000001       0.47460000000000002       0.30120000000000002     
   183.00000000000000        1.7023023206515746        0.0000000000000000        0.0000000000000000        0.0000000000000000       0.22420000000000001       0.47439999999999999       0.30140000000000000     
   184.00000000000000        1.7009632618946724        0.0000000000000000        0.0000000000000000        0.0000000000000000       0.22420000000000001       0.47380000000000000       0.30199999999999999     
   185.00000000000000        1.6967438994083806        0.0000000000000000        0.0000000000000000        0.0000000000000000       0.22420000000000001       0.47320000000000001       0.30259999999999998     
   186.00000000000000        1.6899979831849337        0.0000000000000000        0.0000000000000000        0.0000000000000000       0.22420000000000001       0.47320000000000001       0.30259999999999998     
   187.00000000000000        1.6804882417330234        0.0000000000000000        0.0000000000000000        0.0000000000000000       0.22420000000000001       0.47320000000000001       0.30259999999999998     
   188.00000000000000        1.6686427347830768        0.0000000000000000        0.0000000000000000        0.0000000000000000       0.22420000000000001       0.47380000000000000       0.30199999999999999     
   189.00000000000000        1.6547327137559806        0.0000000000000000        0.0000000000000000        0.0000000000000000       0.22420000000000001       0.47360000000000002       0.30220000000000002     
