#        BMIN =   406
#        BMAX =   411
#     INIBAND =   410
#      NBANDS =   540
#         NSW =  2000
#       POTIM =   1.0
#        TEMP = 300.0
#    NAMDTINI =   657
#    NAMDTIME =  1000
#       NTRAJ =  5000
#        NELM =  1000
#       LHOLE =     T
#        LSHP =     T
#      LCPTXT =     T
#      RUNDIR = ../../run/
   1.0000000000000000        1.3931900377754238        0.0000000000000000        0.0000000000000000        0.0000000000000000        0.0000000000000000        1.0000000000000000        0.0000000000000000     
   2.0000000000000000        1.3876708730055327        0.0000000000000000        0.0000000000000000        0.0000000000000000        0.0000000000000000        1.0000000000000000        0.0000000000000000     
   3.0000000000000000        1.3814048524600908        0.0000000000000000        0.0000000000000000        0.0000000000000000        0.0000000000000000        1.0000000000000000        0.0000000000000000     
   4.0000000000000000        1.3889017765191078        0.0000000000000000        0.0000000000000000        0.0000000000000000        0.0000000000000000        0.0000000000000000        1.0000000000000000     
   5.0000000000000000        1.3965501926864503        0.0000000000000000        0.0000000000000000        0.0000000000000000       0.18379999999999999        0.0000000000000000       0.81620000000000004     
   6.0000000000000000        1.4068049222135168        0.0000000000000000        0.0000000000000000        1.1999999999999999E-003  0.18260000000000001        2.0000000000000001E-004  0.81599999999999995     
   7.0000000000000000        1.4277281880849342        0.0000000000000000        0.0000000000000000        7.7999999999999996E-003  0.17599999999999999        2.0000000000000001E-004  0.81599999999999995     
   8.0000000000000000        1.4435716981375690        0.0000000000000000        0.0000000000000000        7.7999999999999996E-003   3.9600000000000003E-002   3.5999999999999999E-003  0.94899999999999995     
   9.0000000000000000        1.4820350393454191        0.0000000000000000        0.0000000000000000        7.7999999999999996E-003   4.8000000000000001E-002   3.5999999999999999E-003  0.94059999999999999     
   10.000000000000000        1.7786331369073203        0.0000000000000000        0.0000000000000000        7.7999999999999996E-003   4.8000000000000001E-002   1.8800000000000001E-002  0.92540000000000000     
   11.000000000000000        1.5564809878524730        0.0000000000000000        0.0000000000000000        7.7999999999999996E-003   4.8000000000000001E-002   1.8599999999999998E-002  0.92559999999999998     
   12.000000000000000        1.5928443957286258        0.0000000000000000        0.0000000000000000        6.1999999999999998E-003   4.9599999999999998E-002  0.38600000000000001       0.55820000000000003     
   13.000000000000000        1.7394641171095522        0.0000000000000000        0.0000000000000000        5.4000000000000003E-003   5.2800000000000000E-002  0.38279999999999997       0.55900000000000005     
   14.000000000000000        1.7052809139005651        0.0000000000000000        0.0000000000000000        5.4000000000000003E-003   5.6599999999999998E-002  0.37880000000000003       0.55920000000000003     
   15.000000000000000        1.7170712597699458        0.0000000000000000        0.0000000000000000        2.3999999999999998E-003   4.1000000000000002E-002  0.93920000000000003        1.7399999999999999E-002
   16.000000000000000        1.7351724437200893        0.0000000000000000        0.0000000000000000        2.3999999999999998E-003   4.1000000000000002E-002  0.93920000000000003        1.7399999999999999E-002
   17.000000000000000        1.7873602070698711        0.0000000000000000        0.0000000000000000        2.3999999999999998E-003   4.1000000000000002E-002  0.93920000000000003        1.7399999999999999E-002
   18.000000000000000        1.8188000374229283        0.0000000000000000        0.0000000000000000        2.3999999999999998E-003   4.1000000000000002E-002  0.93959999999999999        1.7000000000000001E-002
   19.000000000000000        1.8397183119819998        0.0000000000000000        0.0000000000000000        2.0000000000000000E-003   4.1399999999999999E-002  0.92640000000000000        3.0200000000000001E-002
   20.000000000000000        1.8607900668987605        0.0000000000000000        0.0000000000000000        2.0000000000000000E-003   4.1399999999999999E-002  0.92420000000000002        3.2399999999999998E-002
   21.000000000000000        1.8735174554186242        0.0000000000000000        0.0000000000000000        2.0000000000000000E-003   4.1399999999999999E-002  0.92420000000000002        3.2399999999999998E-002
   22.000000000000000        1.8819799416902525        0.0000000000000000        0.0000000000000000        2.0000000000000000E-003   4.1399999999999999E-002  0.92400000000000004        3.2599999999999997E-002
   23.000000000000000        1.8839468688849430        0.0000000000000000        0.0000000000000000        1.6000000000000001E-003   4.1799999999999997E-002  0.92400000000000004        3.2599999999999997E-002
   24.000000000000000        1.8834454046971012        0.0000000000000000        0.0000000000000000        1.6000000000000001E-003   4.1799999999999997E-002  0.92420000000000002        3.2399999999999998E-002
   25.000000000000000        1.8795065262033603        0.0000000000000000        0.0000000000000000        5.9999999999999995E-004   4.2799999999999998E-002  0.92400000000000004        3.2599999999999997E-002
   26.000000000000000        1.8656167038672156        0.0000000000000000        0.0000000000000000        5.9999999999999995E-004   4.2799999999999998E-002  0.92300000000000004        3.3599999999999998E-002
   27.000000000000000        1.8470731108287763        0.0000000000000000        0.0000000000000000        4.0000000000000002E-004   4.2999999999999997E-002  0.92340000000000000        3.3200000000000000E-002
   28.000000000000000        1.8383030785100232        0.0000000000000000        0.0000000000000000        4.0000000000000002E-004   4.2999999999999997E-002  0.91859999999999997        3.7999999999999999E-002
   29.000000000000000        1.8215784100869294        0.0000000000000000        0.0000000000000000        4.0000000000000002E-004   0.0000000000000000       0.84880000000000000       0.15079999999999999     
   30.000000000000000        1.9423448114785762        0.0000000000000000        0.0000000000000000        4.0000000000000002E-004   3.6999999999999998E-002  0.71040000000000003       0.25219999999999998     
   31.000000000000000        1.7634934147638996        0.0000000000000000        0.0000000000000000        4.0000000000000002E-004   3.6999999999999998E-002  0.71040000000000003       0.25219999999999998     
   32.000000000000000        1.7381159724131361        0.0000000000000000        0.0000000000000000        4.0000000000000002E-004   3.6999999999999998E-002  0.71040000000000003       0.25219999999999998     
   33.000000000000000        1.7157919422344743        0.0000000000000000        0.0000000000000000        4.0000000000000002E-004   3.6999999999999998E-002  0.71040000000000003       0.25219999999999998     
   34.000000000000000        1.6902957981899853        0.0000000000000000        0.0000000000000000        4.0000000000000002E-004   3.6999999999999998E-002  0.71040000000000003       0.25219999999999998     
   35.000000000000000        1.6696177216016077        0.0000000000000000        0.0000000000000000        2.0000000000000001E-004   3.7199999999999997E-002  0.71040000000000003       0.25219999999999998     
   36.000000000000000        1.6515912381201459        0.0000000000000000        0.0000000000000000        0.0000000000000000        3.7400000000000003E-002  0.71040000000000003       0.25219999999999998     
   37.000000000000000        1.6387744351951379        0.0000000000000000        0.0000000000000000        0.0000000000000000        3.7400000000000003E-002  0.71040000000000003       0.25219999999999998     
   38.000000000000000        1.6275313529711020        0.0000000000000000        0.0000000000000000        0.0000000000000000        3.7400000000000003E-002  0.71060000000000001       0.25200000000000000     
   39.000000000000000        1.6198246180985489        0.0000000000000000        0.0000000000000000        0.0000000000000000        3.7400000000000003E-002  0.71060000000000001       0.25200000000000000     
   40.000000000000000        1.6160824744180675        0.0000000000000000        0.0000000000000000        0.0000000000000000        3.7400000000000003E-002  0.71040000000000003       0.25219999999999998     
   41.000000000000000        1.6152757186320907        0.0000000000000000        0.0000000000000000        0.0000000000000000        3.7400000000000003E-002  0.71120000000000005       0.25140000000000001     
   42.000000000000000        1.6179747937073392        0.0000000000000000        0.0000000000000000        0.0000000000000000        3.7400000000000003E-002  0.71460000000000001       0.24800000000000000     
   43.000000000000000        1.6236402069314342        0.0000000000000000        0.0000000000000000        0.0000000000000000        3.7400000000000003E-002  0.64500000000000002       0.31759999999999999     
   44.000000000000000        1.6311572548792257        0.0000000000000000        0.0000000000000000        0.0000000000000000        3.7400000000000003E-002  0.65439999999999998       0.30819999999999997     
   45.000000000000000        1.6406892012143290        0.0000000000000000        0.0000000000000000        0.0000000000000000        3.7400000000000003E-002  0.64419999999999999       0.31840000000000002     
   46.000000000000000        1.6515769280075334        0.0000000000000000        0.0000000000000000        0.0000000000000000        3.7400000000000003E-002  0.63939999999999997       0.32319999999999999     
   47.000000000000000        1.6630588897006868        0.0000000000000000        0.0000000000000000        0.0000000000000000        3.7400000000000003E-002  0.63819999999999999       0.32440000000000002     
   48.000000000000000        1.6749288187645823        0.0000000000000000        0.0000000000000000        0.0000000000000000        3.7400000000000003E-002  0.63859999999999995       0.32400000000000001     
   49.000000000000000        1.6885785251203087        0.0000000000000000        0.0000000000000000        0.0000000000000000        3.7400000000000003E-002  0.63819999999999999       0.32440000000000002     
   50.000000000000000        1.6983456668074668        0.0000000000000000        0.0000000000000000        0.0000000000000000        3.7400000000000003E-002  0.63780000000000003       0.32479999999999998     
   51.000000000000000        1.7088150198632404        0.0000000000000000        0.0000000000000000        0.0000000000000000        3.7400000000000003E-002  0.63759999999999994       0.32500000000000001     
   52.000000000000000        1.7181736695324332        0.0000000000000000        0.0000000000000000        0.0000000000000000        3.7400000000000003E-002  0.63759999999999994       0.32500000000000001     
   53.000000000000000        1.7285620992475728        0.0000000000000000        0.0000000000000000        0.0000000000000000        3.7400000000000003E-002  0.63660000000000005       0.32600000000000001     
   54.000000000000000        1.7314391218553657        0.0000000000000000        0.0000000000000000        0.0000000000000000        3.7400000000000003E-002  0.63539999999999996       0.32719999999999999     
   55.000000000000000        1.7368967540956177        0.0000000000000000        0.0000000000000000        0.0000000000000000        3.7400000000000003E-002  0.63539999999999996       0.32719999999999999     
   56.000000000000000        1.7413608893091195        0.0000000000000000        0.0000000000000000        0.0000000000000000        3.7400000000000003E-002  0.63700000000000001       0.32560000000000000     
   57.000000000000000        1.7401642781542470        0.0000000000000000        0.0000000000000000        0.0000000000000000        3.7400000000000003E-002  0.63719999999999999       0.32540000000000002     
   58.000000000000000        1.7389163032074877        0.0000000000000000        0.0000000000000000        0.0000000000000000        3.7400000000000003E-002  0.63639999999999997       0.32619999999999999     
   59.000000000000000        1.7359093291728938        0.0000000000000000        0.0000000000000000        0.0000000000000000        3.7400000000000003E-002  0.63739999999999997       0.32519999999999999     
   60.000000000000000        1.7266630213493868        0.0000000000000000        0.0000000000000000        0.0000000000000000        3.7400000000000003E-002  0.63839999999999997       0.32419999999999999     
   61.000000000000000        1.7256660426213037        0.0000000000000000        0.0000000000000000        0.0000000000000000        3.7400000000000003E-002  0.63360000000000005       0.32900000000000001     
   62.000000000000000        1.7187889127290004        0.0000000000000000        0.0000000000000000        0.0000000000000000        3.7400000000000003E-002  0.63460000000000005       0.32800000000000001     
   63.000000000000000        1.7124821673088979        0.0000000000000000        0.0000000000000000        0.0000000000000000        3.7400000000000003E-002  0.63419999999999999       0.32840000000000003     
   64.000000000000000        1.7021937010193895        0.0000000000000000        0.0000000000000000        0.0000000000000000        3.7400000000000003E-002  0.63480000000000003       0.32779999999999998     
   65.000000000000000        1.6940771420114358        0.0000000000000000        0.0000000000000000        0.0000000000000000        3.7400000000000003E-002  0.63519999999999999       0.32740000000000002     
   66.000000000000000        1.6865327217551553        0.0000000000000000        0.0000000000000000        0.0000000000000000        3.7400000000000003E-002  0.61280000000000001       0.34980000000000000     
   67.000000000000000        1.6804047068748673        0.0000000000000000        0.0000000000000000        0.0000000000000000        3.7400000000000003E-002  0.58320000000000005       0.37940000000000002     
   68.000000000000000        1.6764277298889618        0.0000000000000000        0.0000000000000000        0.0000000000000000        3.7400000000000003E-002  0.60080000000000000       0.36180000000000001     
   69.000000000000000        1.6734825308960082        0.0000000000000000        0.0000000000000000        0.0000000000000000        3.7400000000000003E-002  0.58579999999999999       0.37680000000000002     
   70.000000000000000        1.6732050390688391        0.0000000000000000        0.0000000000000000        0.0000000000000000        3.7400000000000003E-002  0.60760000000000003       0.35499999999999998     
   71.000000000000000        1.6760028312585469        0.0000000000000000        0.0000000000000000        0.0000000000000000        3.7400000000000003E-002  0.59619999999999995       0.36640000000000000     
   72.000000000000000        1.6818740960966605        0.0000000000000000        0.0000000000000000        0.0000000000000000        3.7400000000000003E-002  0.59060000000000001       0.37200000000000000     
   73.000000000000000        1.6902967277756424        0.0000000000000000        0.0000000000000000        0.0000000000000000        3.7400000000000003E-002  0.59119999999999995       0.37140000000000001     
   74.000000000000000        1.7009530882422443        0.0000000000000000        0.0000000000000000        0.0000000000000000        3.7400000000000003E-002  0.55400000000000005       0.40860000000000002     
   75.000000000000000        1.7146648984675865        0.0000000000000000        0.0000000000000000        0.0000000000000000        3.7400000000000003E-002  0.54059999999999997       0.42199999999999999     
   76.000000000000000        1.7294154339100589        0.0000000000000000        0.0000000000000000        0.0000000000000000        3.7400000000000003E-002  0.54540000000000000       0.41720000000000002     
   77.000000000000000        1.7443199507391949        0.0000000000000000        0.0000000000000000        0.0000000000000000        3.7400000000000003E-002  0.56299999999999994       0.39960000000000001     
   78.000000000000000        1.7602548763684513        0.0000000000000000        0.0000000000000000        0.0000000000000000        3.7400000000000003E-002  0.56020000000000003       0.40239999999999998     
   79.000000000000000        1.7764582318591637        0.0000000000000000        0.0000000000000000        0.0000000000000000        3.7400000000000003E-002  0.56100000000000005       0.40160000000000001     
   80.000000000000000        1.7906170488061575        0.0000000000000000        0.0000000000000000        0.0000000000000000        3.7400000000000003E-002  0.56040000000000001       0.40220000000000000     
   81.000000000000000        1.8024047372842809        0.0000000000000000        0.0000000000000000        0.0000000000000000        3.7400000000000003E-002  0.56120000000000003       0.40139999999999998     
   82.000000000000000        1.8121949998590163        0.0000000000000000        0.0000000000000000        0.0000000000000000        3.7400000000000003E-002  0.55900000000000005       0.40360000000000001     
   83.000000000000000        1.8176526495933178        0.0000000000000000        0.0000000000000000        0.0000000000000000        3.7400000000000003E-002  0.55879999999999996       0.40379999999999999     
   84.000000000000000        1.8327780202298332        0.0000000000000000        0.0000000000000000        0.0000000000000000        1.4800000000000001E-002  0.58120000000000005       0.40400000000000003     
   85.000000000000000        1.9311380434982393        0.0000000000000000        0.0000000000000000        2.5999999999999999E-003   2.4600000000000000E-002  0.51600000000000001       0.45679999999999998     
   86.000000000000000        2.0414029287756161        0.0000000000000000        0.0000000000000000        1.8000000000000000E-003  0.13719999999999999       0.40339999999999998       0.45760000000000001     
   87.000000000000000        1.9239733711487690        0.0000000000000000        0.0000000000000000        8.0199999999999994E-002  0.17519999999999999       0.22020000000000001       0.52439999999999998     
   88.000000000000000        1.7953568710242147        0.0000000000000000        0.0000000000000000        7.6999999999999999E-002   0.0000000000000000       0.41080000000000000       0.51219999999999999     
   89.000000000000000        1.9124865787995631        0.0000000000000000        0.0000000000000000       0.43700000000000000        5.0799999999999998E-002   0.0000000000000000       0.51219999999999999     
   90.000000000000000        1.5063131959406060        0.0000000000000000        0.0000000000000000       0.37300000000000000       0.11480000000000000        3.0000000000000001E-003  0.50919999999999999     
   91.000000000000000        1.2509245537570215        0.0000000000000000        0.0000000000000000       0.37300000000000000       0.11480000000000000        3.0000000000000001E-003  0.50919999999999999     
   92.000000000000000        1.2255242871545302        0.0000000000000000        0.0000000000000000       0.37259999999999999       0.11520000000000000        6.4000000000000003E-003  0.50580000000000003     
   93.000000000000000        1.2009721678087051        0.0000000000000000        0.0000000000000000       0.36620000000000003       0.12160000000000000        6.6000000000000000E-003  0.50560000000000005     
   94.000000000000000        1.1699433476517342        0.0000000000000000        0.0000000000000000       0.36620000000000003       0.12160000000000000        7.4000000000000003E-003  0.50480000000000003     
   95.000000000000000        1.1367897093741057        0.0000000000000000        0.0000000000000000       0.36620000000000003       0.12160000000000000        7.7999999999999996E-003  0.50439999999999996     
   96.000000000000000        1.1022634125422903        0.0000000000000000        0.0000000000000000       0.36620000000000003       0.12160000000000000        7.7999999999999996E-003  0.50439999999999996     
   97.000000000000000        1.0680815036052556        0.0000000000000000        0.0000000000000000       0.36620000000000003       0.12160000000000000        8.0000000000000002E-003  0.50419999999999998     
   98.000000000000000        1.0348344632194670        0.0000000000000000        0.0000000000000000       0.36620000000000003       0.12160000000000000        7.7999999999999996E-003  0.50439999999999996     
   99.000000000000000        1.0041103380420073        0.0000000000000000        0.0000000000000000       0.36620000000000003       0.12160000000000000        7.6000000000000000E-003  0.50460000000000005     
   100.00000000000000       0.97838344465634142        0.0000000000000000        0.0000000000000000       0.36499999999999999       0.12280000000000001        2.2800000000000001E-002  0.48940000000000000     
   101.00000000000000       0.95669270871110945        0.0000000000000000        0.0000000000000000       0.36499999999999999       0.12280000000000001       0.13500000000000001       0.37719999999999998     
   102.00000000000000       0.94189585923056118        0.0000000000000000        2.0000000000000001E-004  0.36480000000000001       0.12280000000000001        9.7600000000000006E-002  0.41460000000000002     
   103.00000000000000       0.93602402771530469        0.0000000000000000        5.0000000000000001E-003  0.35980000000000001       0.10560000000000000        8.6800000000000002E-002  0.44280000000000003     
   104.00000000000000       0.93745340907978403        0.0000000000000000        4.4000000000000003E-003  0.35959999999999998       0.10560000000000000        8.6599999999999996E-002  0.44379999999999997     
   105.00000000000000       0.94797047247237531        0.0000000000000000        4.7999999999999996E-003  0.35920000000000002       0.10460000000000000        8.7599999999999997E-002  0.44379999999999997     
   106.00000000000000       0.96046908759192529        0.0000000000000000        4.7999999999999996E-003  0.35920000000000002       0.10440000000000001        8.7800000000000003E-002  0.44379999999999997     
   107.00000000000000       0.97612017429269371        0.0000000000000000        4.7999999999999996E-003  0.35740000000000000       0.10460000000000000        8.7599999999999997E-002  0.44560000000000000     
   108.00000000000000       0.99189143153691806        0.0000000000000000        4.7999999999999996E-003  0.35699999999999998       0.10539999999999999        2.0000000000000001E-004  0.53259999999999996     
   109.00000000000000        1.0077318579686896        0.0000000000000000        4.4000000000000003E-003  0.35680000000000001        1.0999999999999999E-002   9.4799999999999995E-002  0.53300000000000003     
   110.00000000000000        1.0303892993706802        0.0000000000000000        4.5999999999999999E-003  0.35659999999999997        1.0999999999999999E-002   9.2200000000000004E-002  0.53559999999999997     
   111.00000000000000        1.0553682950382577        0.0000000000000000        4.5999999999999999E-003  0.35659999999999997        1.0999999999999999E-002   9.2799999999999994E-002  0.53500000000000003     
   112.00000000000000        1.0816140231519333        0.0000000000000000        4.5999999999999999E-003  0.35659999999999997        1.0999999999999999E-002   9.5600000000000004E-002  0.53220000000000001     
   113.00000000000000        1.1076315003376542        0.0000000000000000        4.5999999999999999E-003  0.35659999999999997        1.0999999999999999E-002   9.6400000000000000E-002  0.53139999999999998     
   114.00000000000000        1.1335694449670770        0.0000000000000000        4.5999999999999999E-003  0.35659999999999997        1.0999999999999999E-002   9.6400000000000000E-002  0.53139999999999998     
   115.00000000000000        1.1579665146498268        0.0000000000000000        4.5999999999999999E-003  0.35659999999999997        1.0999999999999999E-002   9.6400000000000000E-002  0.53139999999999998     
   116.00000000000000        1.1810434224787649        0.0000000000000000        4.5999999999999999E-003  0.35659999999999997        1.0999999999999999E-002   9.5799999999999996E-002  0.53200000000000003     
   117.00000000000000        1.2019151602248814        5.9999999999999995E-004   4.0000000000000001E-003  0.35659999999999997        1.0999999999999999E-002   9.5799999999999996E-002  0.53200000000000003     
   118.00000000000000        1.2198185670654369        5.9999999999999995E-004   4.0000000000000001E-003  0.35659999999999997        1.0999999999999999E-002   9.4399999999999998E-002  0.53339999999999999     
   119.00000000000000        1.2352626391898545        1.0000000000000000E-003   4.0000000000000001E-003  0.35620000000000002        1.0999999999999999E-002   9.3200000000000005E-002  0.53459999999999996     
   120.00000000000000        1.2479570544721938        1.8000000000000000E-003   4.0000000000000001E-003  0.35499999999999998        1.1400000000000000E-002   9.6799999999999997E-002  0.53100000000000003     
   121.00000000000000        1.2571427159484783        1.8000000000000000E-003   4.0000000000000001E-003  0.35499999999999998        1.1400000000000000E-002   9.5799999999999996E-002  0.53200000000000003     
   122.00000000000000        1.2632616021972725        1.8000000000000000E-003   4.0000000000000001E-003  0.35499999999999998        1.1400000000000000E-002   9.8599999999999993E-002  0.52920000000000000     
   123.00000000000000        1.2653951390536631        1.8000000000000000E-003   4.0000000000000001E-003  0.35380000000000000        1.2600000000000000E-002   9.2999999999999999E-002  0.53480000000000005     
   124.00000000000000        1.2682385602660093        1.4000000000000000E-003   4.0000000000000001E-003  0.35420000000000001        1.2600000000000000E-002   9.5000000000000001E-002  0.53280000000000005     
   125.00000000000000        1.2626669308100054        1.6000000000000001E-003   4.0000000000000001E-003  0.35380000000000000        1.2800000000000001E-002   9.5000000000000001E-002  0.53280000000000005     
   126.00000000000000        1.2591891372598485        1.4000000000000000E-003   4.0000000000000001E-003  0.35399999999999998        1.2800000000000001E-002  0.10080000000000000       0.52700000000000002     
   127.00000000000000        1.2505290834131850        1.4000000000000000E-003   4.0000000000000001E-003  0.35380000000000000        1.2999999999999999E-002   9.8199999999999996E-002  0.52959999999999996     
   128.00000000000000        1.2386835634154700        1.4000000000000000E-003   4.0000000000000001E-003  0.35380000000000000        1.2999999999999999E-002   9.5799999999999996E-002  0.53200000000000003     
   129.00000000000000        1.2254207160932400        1.4000000000000000E-003   3.8000000000000000E-003  0.35380000000000000        1.3200000000000000E-002   9.3600000000000003E-002  0.53420000000000001     
   130.00000000000000        1.2100291705702531        1.4000000000000000E-003   3.8000000000000000E-003  0.35380000000000000        1.3200000000000000E-002   9.4799999999999995E-002  0.53300000000000003     
   131.00000000000000        1.1934401983889136        1.4000000000000000E-003   3.8000000000000000E-003  0.35360000000000003        1.3400000000000000E-002  0.10840000000000000       0.51939999999999997     
   132.00000000000000        1.1787704865936766        1.4000000000000000E-003   3.8000000000000000E-003  0.35160000000000002        1.5400000000000000E-002  0.10240000000000000       0.52539999999999998     
   133.00000000000000        1.1614385396591524        1.4000000000000000E-003   3.8000000000000000E-003  0.35139999999999999        1.5599999999999999E-002   9.3200000000000005E-002  0.53459999999999996     
   134.00000000000000        1.1448001021231855        1.4000000000000000E-003   3.8000000000000000E-003  0.35139999999999999        1.5599999999999999E-002  0.10539999999999999       0.52239999999999998     
   135.00000000000000        1.1294599541508399        1.4000000000000000E-003   3.8000000000000000E-003  0.35120000000000001        1.5800000000000002E-002  0.12520000000000001       0.50260000000000005     
   136.00000000000000        1.1156950720012508        1.4000000000000000E-003   3.8000000000000000E-003  0.35120000000000001        1.5800000000000002E-002  0.10960000000000000       0.51819999999999999     
   137.00000000000000        1.1064101720861903        1.0000000000000000E-003   3.8000000000000000E-003  0.34999999999999998        1.7399999999999999E-002  0.10960000000000000       0.51819999999999999     
   138.00000000000000        1.0973574838537348        1.0000000000000000E-003   3.8000000000000000E-003  0.34999999999999998        1.7399999999999999E-002  0.10960000000000000       0.51819999999999999     
   139.00000000000000        1.0910001068519544        1.0000000000000000E-003   3.8000000000000000E-003  0.34999999999999998        1.7399999999999999E-002  0.10920000000000001       0.51859999999999995     
   140.00000000000000        1.0877065009293791        1.0000000000000000E-003   3.8000000000000000E-003  0.34999999999999998        1.7399999999999999E-002  0.10879999999999999       0.51900000000000002     
   141.00000000000000        1.0878928863075019        1.0000000000000000E-003   3.8000000000000000E-003  0.34960000000000002        1.7800000000000000E-002  0.12400000000000000       0.50380000000000003     
   142.00000000000000        1.0908797377096366        1.0000000000000000E-003   3.8000000000000000E-003  0.34960000000000002        1.7800000000000000E-002  0.13819999999999999       0.48959999999999998     
   143.00000000000000        1.0967930881225056        1.0000000000000000E-003   3.8000000000000000E-003  0.34960000000000002        1.7800000000000000E-002  0.12580000000000000       0.50200000000000000     
   144.00000000000000        1.1072590808947764        1.0000000000000000E-003   3.8000000000000000E-003  0.34799999999999998        1.9400000000000001E-002  0.12900000000000000       0.49880000000000002     
   145.00000000000000        1.1187780095265047        1.0000000000000000E-003   3.5999999999999999E-003  0.34780000000000000        1.9800000000000002E-002  0.12900000000000000       0.49880000000000002     
   146.00000000000000        1.1317218724696672        8.0000000000000004E-004   3.5999999999999999E-003  0.34799999999999998        1.9800000000000002E-002  0.13400000000000001       0.49380000000000002     
   147.00000000000000        1.1462934110682408        8.0000000000000004E-004   3.5999999999999999E-003  0.34799999999999998        1.9800000000000002E-002  0.12640000000000001       0.50139999999999996     
   148.00000000000000        1.1620290956514836        8.0000000000000004E-004   3.3999999999999998E-003  0.34820000000000001        1.9800000000000002E-002  0.12820000000000001       0.49959999999999999     
   149.00000000000000        1.1789552372941769        8.0000000000000004E-004   3.3999999999999998E-003  0.34780000000000000        2.0199999999999999E-002  0.12820000000000001       0.49959999999999999     
   150.00000000000000        1.1953850656098155        8.0000000000000004E-004   3.3999999999999998E-003  0.34780000000000000        2.0199999999999999E-002  0.12959999999999999       0.49819999999999998     
   151.00000000000000        1.2124976482578931        8.0000000000000004E-004   3.3999999999999998E-003  0.34720000000000001        2.0799999999999999E-002  0.12600000000000000       0.50180000000000002     
   152.00000000000000        1.2295611269263786        8.0000000000000004E-004   3.2000000000000002E-003  0.34599999999999997        2.2200000000000001E-002  0.12379999999999999       0.50400000000000000     
   153.00000000000000        1.2442540239533635        8.0000000000000004E-004   3.2000000000000002E-003  0.34599999999999997        2.2200000000000001E-002  0.12600000000000000       0.50180000000000002     
   154.00000000000000        1.2586207953528434        8.0000000000000004E-004   3.2000000000000002E-003  0.34520000000000001        2.3000000000000000E-002  0.12959999999999999       0.49819999999999998     
   155.00000000000000        1.2707337056342882        8.0000000000000004E-004   3.2000000000000002E-003  0.34520000000000001        2.3000000000000000E-002  0.12900000000000000       0.49880000000000002     
   156.00000000000000        1.2821964977747242        8.0000000000000004E-004   3.2000000000000002E-003  0.34420000000000001        2.4000000000000000E-002  0.12900000000000000       0.49880000000000002     
   157.00000000000000        1.2929390745202181        8.0000000000000004E-004   3.2000000000000002E-003  0.34220000000000000        2.5999999999999999E-002  0.12680000000000000       0.50100000000000000     
   158.00000000000000        1.3000376331343673        8.0000000000000004E-004   3.2000000000000002E-003  0.34220000000000000        2.5999999999999999E-002  0.12520000000000001       0.50260000000000005     
   159.00000000000000        1.3056491139630086        8.0000000000000004E-004   3.2000000000000002E-003  0.34220000000000000        2.5999999999999999E-002  0.12280000000000001       0.50500000000000000     
   160.00000000000000        1.3099945552572518        8.0000000000000004E-004   3.2000000000000002E-003  0.34220000000000000        2.5999999999999999E-002  0.12280000000000001       0.50500000000000000     
   161.00000000000000        1.3133075423674692        5.9999999999999995E-004   3.3999999999999998E-003  0.34220000000000000        2.5999999999999999E-002  0.12300000000000000       0.50480000000000003     
   162.00000000000000        1.3207437599788303        4.0000000000000002E-004   3.2000000000000002E-003  0.33720000000000000        3.1399999999999997E-002  0.12080000000000000       0.50700000000000001     
   163.00000000000000        1.3237010918428298        4.0000000000000002E-004   2.3999999999999998E-003  0.33800000000000002        3.1399999999999997E-002  0.12160000000000000       0.50619999999999998     
   164.00000000000000        1.3301122074477467        4.0000000000000002E-004   1.6000000000000001E-003  0.33539999999999998        3.4799999999999998E-002  0.12120000000000000       0.50660000000000005     
   165.00000000000000        1.3332085882933618        4.0000000000000002E-004   1.6000000000000001E-003  0.33539999999999998        3.4799999999999998E-002  0.12239999999999999       0.50539999999999996     
   166.00000000000000        1.3385093843834430        4.0000000000000002E-004   5.9999999999999995E-004  0.33260000000000001        3.8600000000000002E-002  0.12239999999999999       0.50539999999999996     
   167.00000000000000        1.3415500012650836        4.0000000000000002E-004   5.9999999999999995E-004  0.33260000000000001        3.8600000000000002E-002  0.12139999999999999       0.50639999999999996     
   168.00000000000000        1.3437095040297748        4.0000000000000002E-004   5.9999999999999995E-004  0.33260000000000001        3.8600000000000002E-002  0.12260000000000000       0.50519999999999998     
   169.00000000000000        1.3469976813663698        4.0000000000000002E-004   5.9999999999999995E-004  0.33179999999999998        3.9399999999999998E-002  0.12260000000000000       0.50519999999999998     
   170.00000000000000        1.3504255131587031        4.0000000000000002E-004   5.9999999999999995E-004  0.33119999999999999        4.0000000000000001E-002  0.12100000000000000       0.50680000000000003     
   171.00000000000000        1.3538325963099067        4.0000000000000002E-004   5.9999999999999995E-004  0.33119999999999999        4.0000000000000001E-002  0.12100000000000000       0.50680000000000003     
   172.00000000000000        1.3571592600906079        4.0000000000000002E-004   5.9999999999999995E-004  0.33119999999999999        4.0000000000000001E-002  0.12000000000000000       0.50780000000000003     
   173.00000000000000        1.3614189887661452        4.0000000000000002E-004   5.9999999999999995E-004  0.33119999999999999        4.0000000000000001E-002  0.12160000000000000       0.50619999999999998     
   174.00000000000000        1.3658918281356465        4.0000000000000002E-004   5.9999999999999995E-004  0.33119999999999999        4.0000000000000001E-002  0.12180000000000001       0.50600000000000001     
   175.00000000000000        1.3704062513158748        4.0000000000000002E-004   5.9999999999999995E-004  0.33119999999999999        4.0000000000000001E-002  0.12320000000000000       0.50460000000000005     
   176.00000000000000        1.3753084777375804        4.0000000000000002E-004   5.9999999999999995E-004  0.33100000000000002        4.0200000000000000E-002  0.12220000000000000       0.50560000000000005     
   177.00000000000000        1.3802069409298285        4.0000000000000002E-004   5.9999999999999995E-004  0.33019999999999999        4.1000000000000002E-002  0.11940000000000001       0.50839999999999996     
   178.00000000000000        1.3852608693892354        4.0000000000000002E-004   5.9999999999999995E-004  0.32819999999999999        4.2999999999999997E-002  0.11920000000000000       0.50860000000000005     
   179.00000000000000        1.3875261804738981        4.0000000000000002E-004   5.9999999999999995E-004  0.32819999999999999        4.2999999999999997E-002  0.11760000000000000       0.51019999999999999     
   180.00000000000000        1.3882499335667706        4.0000000000000002E-004   5.9999999999999995E-004  0.32819999999999999        4.2999999999999997E-002  0.12039999999999999       0.50739999999999996     
   181.00000000000000        1.3875578492013094        4.0000000000000002E-004   5.9999999999999995E-004  0.32819999999999999        4.2999999999999997E-002  0.12039999999999999       0.50739999999999996     
   182.00000000000000        1.3836732778868504        4.0000000000000002E-004   5.9999999999999995E-004  0.32819999999999999        4.2999999999999997E-002  0.12379999999999999       0.50400000000000000     
   183.00000000000000        1.3763735264794872        4.0000000000000002E-004   5.9999999999999995E-004  0.32819999999999999        4.2999999999999997E-002  0.12680000000000000       0.50100000000000000     
   184.00000000000000        1.3684904725431777        4.0000000000000002E-004   5.9999999999999995E-004  0.32819999999999999        4.2999999999999997E-002  0.12479999999999999       0.50300000000000000     
   185.00000000000000        1.3592439273690027        4.0000000000000002E-004   5.9999999999999995E-004  0.32579999999999998        4.5400000000000003E-002  0.12180000000000001       0.50600000000000001     
   186.00000000000000        1.3451936956141510        4.0000000000000002E-004   5.9999999999999995E-004  0.32519999999999999        4.5999999999999999E-002  0.11780000000000000       0.51000000000000001     
   187.00000000000000        1.3276539728942334        4.0000000000000002E-004   5.9999999999999995E-004  0.32519999999999999        4.5999999999999999E-002  0.11780000000000000       0.51000000000000001     
   188.00000000000000        1.3121374864772810        4.0000000000000002E-004   5.9999999999999995E-004  0.32140000000000002        4.9799999999999997E-002  0.11440000000000000       0.51339999999999997     
   189.00000000000000        1.2903451548753888        4.0000000000000002E-004   5.9999999999999995E-004  0.32119999999999999        5.0000000000000003E-002  0.11240000000000000       0.51539999999999997     
