#        BMIN =   406
#        BMAX =   411
#     INIBAND =   410
#      NBANDS =   540
#         NSW =  2000
#       POTIM =   1.0
#        TEMP = 300.0
#    NAMDTINI =   755
#    NAMDTIME =  1000
#       NTRAJ =  5000
#        NELM =  1000
#       LHOLE =     T
#        LSHP =     T
#      LCPTXT =     T
#      RUNDIR = ../../run/
   1.0000000000000000        1.4492892264363135        0.0000000000000000        0.0000000000000000        0.0000000000000000        0.0000000000000000        1.0000000000000000        0.0000000000000000     
   2.0000000000000000        1.4210841218426029        0.0000000000000000        0.0000000000000000        0.0000000000000000        0.0000000000000000       0.99739999999999995        2.5999999999999999E-003
   3.0000000000000000        1.3975596105431707        0.0000000000000000        0.0000000000000000        0.0000000000000000        0.0000000000000000       0.92579999999999996        7.4200000000000002E-002
   4.0000000000000000        1.3797738835949216        0.0000000000000000        0.0000000000000000        0.0000000000000000        0.0000000000000000       0.99800000000000000        2.0000000000000000E-003
   5.0000000000000000        1.3668440930620649        0.0000000000000000        0.0000000000000000        0.0000000000000000        4.5999999999999999E-002  0.95399999999999996        0.0000000000000000     
   6.0000000000000000        1.3650005231102691        0.0000000000000000        0.0000000000000000        0.0000000000000000        4.6399999999999997E-002  0.95360000000000000        0.0000000000000000     
   7.0000000000000000        1.3678060366457507        0.0000000000000000        0.0000000000000000        0.0000000000000000        4.8000000000000001E-002  0.95199999999999996        0.0000000000000000     
   8.0000000000000000        1.3773293149066812        0.0000000000000000        0.0000000000000000        0.0000000000000000        4.8200000000000000E-002  0.95179999999999998        0.0000000000000000     
   9.0000000000000000        1.3947177888024274        0.0000000000000000        0.0000000000000000        0.0000000000000000        4.8000000000000001E-002  0.95199999999999996        0.0000000000000000     
   10.000000000000000        1.4219233346867708        0.0000000000000000        0.0000000000000000        0.0000000000000000        4.7800000000000002E-002  0.65139999999999998       0.30080000000000001     
   11.000000000000000        1.4421868863361076        0.0000000000000000        0.0000000000000000        0.0000000000000000       0.70040000000000002        0.0000000000000000       0.29959999999999998     
   12.000000000000000        1.4675291071753347        0.0000000000000000        0.0000000000000000        0.0000000000000000       0.70040000000000002        0.0000000000000000       0.29959999999999998     
   13.000000000000000        1.4890613556316441        0.0000000000000000        0.0000000000000000        0.0000000000000000       0.70040000000000002        2.0000000000000001E-004  0.29940000000000000     
   14.000000000000000        1.5109686700857619        0.0000000000000000        0.0000000000000000        0.0000000000000000       0.70040000000000002        8.0000000000000004E-004  0.29880000000000001     
   15.000000000000000        1.5326185043492386        0.0000000000000000        0.0000000000000000        0.0000000000000000       0.70040000000000002        1.1999999999999999E-003  0.29840000000000000     
   16.000000000000000        1.5541687268071027        0.0000000000000000        0.0000000000000000        0.0000000000000000       0.70040000000000002        1.1999999999999999E-003  0.29840000000000000     
   17.000000000000000        1.5745800585130190        0.0000000000000000        0.0000000000000000        0.0000000000000000       0.70040000000000002        1.1999999999999999E-003  0.29840000000000000     
   18.000000000000000        1.5932880344666085        0.0000000000000000        0.0000000000000000        0.0000000000000000       0.70040000000000002        1.1999999999999999E-003  0.29840000000000000     
   19.000000000000000        1.6104561174892658        0.0000000000000000        0.0000000000000000        0.0000000000000000       0.70040000000000002        1.1999999999999999E-003  0.29840000000000000     
   20.000000000000000        1.6257881821200011        0.0000000000000000        0.0000000000000000        0.0000000000000000       0.70040000000000002        1.1999999999999999E-003  0.29840000000000000     
   21.000000000000000        1.6386794402969265        0.0000000000000000        0.0000000000000000        0.0000000000000000       0.70040000000000002        1.1999999999999999E-003  0.29840000000000000     
   22.000000000000000        1.6495149692602971        0.0000000000000000        0.0000000000000000        0.0000000000000000       0.70040000000000002        4.4000000000000003E-003  0.29520000000000002     
   23.000000000000000        1.6577067075175338        0.0000000000000000        0.0000000000000000        0.0000000000000000       0.70040000000000002        4.1999999999999997E-003  0.29540000000000000     
   24.000000000000000        1.6637230366918243        0.0000000000000000        0.0000000000000000        0.0000000000000000       0.70040000000000002        4.7999999999999996E-003  0.29480000000000001     
   25.000000000000000        1.6742379363770754        0.0000000000000000        0.0000000000000000        0.0000000000000000       0.70040000000000002        4.4000000000000003E-003  0.29520000000000002     
   26.000000000000000        1.6679079252778686        0.0000000000000000        0.0000000000000000        0.0000000000000000       0.70040000000000002        5.0000000000000001E-003  0.29459999999999997     
   27.000000000000000        1.6728409795067840        0.0000000000000000        0.0000000000000000        0.0000000000000000       0.70040000000000002        5.0000000000000001E-003  0.29459999999999997     
   28.000000000000000        1.6621158778065543        0.0000000000000000        0.0000000000000000        0.0000000000000000       0.70040000000000002        7.7999999999999996E-003  0.29180000000000000     
   29.000000000000000        1.6558236660849186        0.0000000000000000        0.0000000000000000        0.0000000000000000       0.70040000000000002        7.1999999999999998E-003  0.29239999999999999     
   30.000000000000000        1.6479617861846254        0.0000000000000000        0.0000000000000000        0.0000000000000000       0.70040000000000002        6.7999999999999996E-003  0.29280000000000000     
   31.000000000000000        1.6377981503473609        0.0000000000000000        0.0000000000000000        0.0000000000000000       0.70040000000000002        6.7999999999999996E-003  0.29280000000000000     
   32.000000000000000        1.6258898385184113        0.0000000000000000        0.0000000000000000        0.0000000000000000       0.70040000000000002        7.4000000000000003E-003  0.29220000000000002     
   33.000000000000000        1.6129638121536136        0.0000000000000000        0.0000000000000000        0.0000000000000000       0.70040000000000002        1.4999999999999999E-002  0.28460000000000002     
   34.000000000000000        1.5992022836887476        0.0000000000000000        0.0000000000000000        0.0000000000000000       0.70040000000000002        1.3800000000000000E-002  0.28580000000000000     
   35.000000000000000        1.5849335390741444        0.0000000000000000        0.0000000000000000        0.0000000000000000       0.70040000000000002        1.0999999999999999E-002  0.28860000000000002     
   36.000000000000000        1.5698665311864404        0.0000000000000000        0.0000000000000000        0.0000000000000000       0.70040000000000002        2.0000000000000000E-002  0.27960000000000002     
   37.000000000000000        1.5549353210569266        0.0000000000000000        0.0000000000000000        0.0000000000000000       0.70040000000000002        3.4000000000000002E-002  0.26560000000000000     
   38.000000000000000        1.5402014657155463        0.0000000000000000        0.0000000000000000        0.0000000000000000       0.70040000000000002        2.5600000000000001E-002  0.27400000000000002     
   39.000000000000000        1.5259210738554638        0.0000000000000000        0.0000000000000000        0.0000000000000000       0.70040000000000002        2.5600000000000001E-002  0.27400000000000002     
   40.000000000000000        1.5117754163862982        0.0000000000000000        0.0000000000000000        0.0000000000000000       0.70040000000000002        2.5600000000000001E-002  0.27400000000000002     
   41.000000000000000        1.4981692560048623        0.0000000000000000        0.0000000000000000        0.0000000000000000       0.70040000000000002        2.5399999999999999E-002  0.27420000000000000     
   42.000000000000000        1.4853698044783785        0.0000000000000000        0.0000000000000000        0.0000000000000000       0.70040000000000002        2.5000000000000001E-002  0.27460000000000001     
   43.000000000000000        1.4730456385512036        0.0000000000000000        0.0000000000000000        0.0000000000000000       0.70040000000000002        3.7600000000000001E-002  0.26200000000000001     
   44.000000000000000        1.4615181026599333        0.0000000000000000        0.0000000000000000        0.0000000000000000       0.70040000000000002        5.0400000000000000E-002  0.24920000000000000     
   45.000000000000000        1.4506419455288742        0.0000000000000000        0.0000000000000000        0.0000000000000000       0.70040000000000002        4.1799999999999997E-002  0.25779999999999997     
   46.000000000000000        1.4405359574989509        0.0000000000000000        0.0000000000000000        0.0000000000000000       0.70040000000000002        4.3600000000000000E-002  0.25600000000000001     
   47.000000000000000        1.4312098727860265        0.0000000000000000        0.0000000000000000        0.0000000000000000       0.70040000000000002        4.3600000000000000E-002  0.25600000000000001     
   48.000000000000000        1.4223743079757605        0.0000000000000000        0.0000000000000000        0.0000000000000000       0.70040000000000002        4.9399999999999999E-002  0.25019999999999998     
   49.000000000000000        1.4145399752991661        0.0000000000000000        0.0000000000000000        0.0000000000000000       0.70040000000000002        4.4999999999999998E-002  0.25459999999999999     
   50.000000000000000        1.4075436774363606        0.0000000000000000        0.0000000000000000        0.0000000000000000       0.70040000000000002        4.5999999999999999E-002  0.25359999999999999     
   51.000000000000000        1.4014789985642313        0.0000000000000000        0.0000000000000000        0.0000000000000000       0.70040000000000002        4.6199999999999998E-002  0.25340000000000001     
   52.000000000000000        1.3961318747003773        0.0000000000000000        0.0000000000000000        0.0000000000000000       0.70040000000000002        4.7800000000000002E-002  0.25180000000000002     
   53.000000000000000        1.3918442314780566        0.0000000000000000        0.0000000000000000        0.0000000000000000       0.70040000000000002        4.6600000000000003E-002  0.25300000000000000     
   54.000000000000000        1.3882870068738562        0.0000000000000000        0.0000000000000000        0.0000000000000000       0.70040000000000002        4.2999999999999997E-002  0.25659999999999999     
   55.000000000000000        1.3855944108318190        0.0000000000000000        0.0000000000000000        0.0000000000000000       0.70040000000000002        4.4600000000000001E-002  0.25500000000000000     
   56.000000000000000        1.3838340111789984        0.0000000000000000        0.0000000000000000        0.0000000000000000       0.70040000000000002        4.8000000000000001E-002  0.25159999999999999     
   57.000000000000000        1.3826985679241326        0.0000000000000000        0.0000000000000000        0.0000000000000000       0.70040000000000002        4.7399999999999998E-002  0.25219999999999998     
   58.000000000000000        1.3823035285865017        0.0000000000000000        0.0000000000000000        0.0000000000000000       0.70040000000000002        4.7399999999999998E-002  0.25219999999999998     
   59.000000000000000        1.3826484128273115        0.0000000000000000        0.0000000000000000        0.0000000000000000       0.70040000000000002        4.4400000000000002E-002  0.25519999999999998     
   60.000000000000000        1.3835022874190996        0.0000000000000000        0.0000000000000000        0.0000000000000000       0.70040000000000002        4.3400000000000001E-002  0.25619999999999998     
   61.000000000000000        1.3849031566847860        0.0000000000000000        0.0000000000000000        0.0000000000000000       0.70040000000000002        4.1599999999999998E-002  0.25800000000000001     
   62.000000000000000        1.3868554615314164        0.0000000000000000        0.0000000000000000        0.0000000000000000       0.70040000000000002        4.1000000000000002E-002  0.25860000000000000     
   63.000000000000000        1.3890988641650450        0.0000000000000000        0.0000000000000000        0.0000000000000000       0.70040000000000002        4.1799999999999997E-002  0.25779999999999997     
   64.000000000000000        1.3918812923310981        0.0000000000000000        0.0000000000000000        0.0000000000000000       0.70040000000000002        3.9600000000000003E-002  0.26000000000000001     
   65.000000000000000        1.3948764442063768        0.0000000000000000        0.0000000000000000        0.0000000000000000       0.70040000000000002        4.2999999999999997E-002  0.25659999999999999     
   66.000000000000000        1.3984889434914389        0.0000000000000000        0.0000000000000000        0.0000000000000000       0.70040000000000002        4.2599999999999999E-002  0.25700000000000001     
   67.000000000000000        1.4025405036206533        0.0000000000000000        0.0000000000000000        0.0000000000000000       0.70040000000000002        4.6600000000000003E-002  0.25300000000000000     
   68.000000000000000        1.4070280668621207        0.0000000000000000        0.0000000000000000        0.0000000000000000       0.70040000000000002        4.6600000000000003E-002  0.25300000000000000     
   69.000000000000000        1.4124473582556831        0.0000000000000000        0.0000000000000000        0.0000000000000000       0.70040000000000002        4.2400000000000000E-002  0.25719999999999998     
   70.000000000000000        1.4184506669523889        0.0000000000000000        0.0000000000000000        0.0000000000000000       0.70040000000000002        3.8600000000000002E-002  0.26100000000000001     
   71.000000000000000        1.4253348640748471        0.0000000000000000        0.0000000000000000        0.0000000000000000       0.70040000000000002        3.8600000000000002E-002  0.26100000000000001     
   72.000000000000000        1.4327757347952073        0.0000000000000000        0.0000000000000000        0.0000000000000000       0.70040000000000002        4.4400000000000002E-002  0.25519999999999998     
   73.000000000000000        1.4411807517491684        0.0000000000000000        0.0000000000000000        0.0000000000000000       0.70040000000000002        4.4400000000000002E-002  0.25519999999999998     
   74.000000000000000        1.4493190099408546        0.0000000000000000        0.0000000000000000        0.0000000000000000       0.70040000000000002        4.7800000000000002E-002  0.25180000000000002     
   75.000000000000000        1.4597229930996853        0.0000000000000000        0.0000000000000000        0.0000000000000000       0.70040000000000002        4.5800000000000000E-002  0.25380000000000003     
   76.000000000000000        1.4698048083250721        0.0000000000000000        0.0000000000000000        0.0000000000000000       0.70040000000000002        4.5800000000000000E-002  0.25380000000000003     
   77.000000000000000        1.4801150979880082        0.0000000000000000        0.0000000000000000        0.0000000000000000       0.70040000000000002        4.4400000000000002E-002  0.25519999999999998     
   78.000000000000000        1.4906755763310042        0.0000000000000000        0.0000000000000000        0.0000000000000000       0.70040000000000002        4.6199999999999998E-002  0.25340000000000001     
   79.000000000000000        1.5010266747253864        0.0000000000000000        0.0000000000000000        0.0000000000000000       0.70040000000000002        4.9799999999999997E-002  0.24979999999999999     
   80.000000000000000        1.5110804059481961        0.0000000000000000        0.0000000000000000        0.0000000000000000       0.70040000000000002        5.0000000000000003E-002  0.24959999999999999     
   81.000000000000000        1.5206018874110294        0.0000000000000000        0.0000000000000000        0.0000000000000000       0.70040000000000002        5.1999999999999998E-002  0.24759999999999999     
   82.000000000000000        1.5296166955699027        0.0000000000000000        0.0000000000000000        0.0000000000000000       0.70040000000000002        5.0000000000000003E-002  0.24959999999999999     
   83.000000000000000        1.5362044859164934        0.0000000000000000        0.0000000000000000        0.0000000000000000       0.70040000000000002        5.0000000000000003E-002  0.24959999999999999     
   84.000000000000000        1.5452821352420714        0.0000000000000000        0.0000000000000000        0.0000000000000000       0.70040000000000002        4.9399999999999999E-002  0.25019999999999998     
   85.000000000000000        1.5544408351719783        0.0000000000000000        0.0000000000000000        0.0000000000000000       0.70040000000000002        4.7600000000000003E-002  0.25200000000000000     
   86.000000000000000        1.5577889017293529        0.0000000000000000        0.0000000000000000        0.0000000000000000       0.70040000000000002        4.7800000000000002E-002  0.25180000000000002     
   87.000000000000000        1.5625680996236317        0.0000000000000000        0.0000000000000000        0.0000000000000000       0.70040000000000002        4.9200000000000001E-002  0.25040000000000001     
   88.000000000000000        1.5669401052216072        0.0000000000000000        0.0000000000000000        0.0000000000000000       0.70040000000000002        5.0400000000000000E-002  0.24920000000000000     
   89.000000000000000        1.5710511984971598        0.0000000000000000        0.0000000000000000        0.0000000000000000       0.70040000000000002        5.0400000000000000E-002  0.24920000000000000     
   90.000000000000000        1.5744919633737127        0.0000000000000000        0.0000000000000000        0.0000000000000000       0.70040000000000002        5.0799999999999998E-002  0.24879999999999999     
   91.000000000000000        1.5776169081370788        0.0000000000000000        0.0000000000000000        0.0000000000000000       0.70040000000000002        5.1400000000000001E-002  0.24820000000000000     
   92.000000000000000        1.5803385335162241        0.0000000000000000        0.0000000000000000        0.0000000000000000       0.70040000000000002        5.2200000000000003E-002  0.24740000000000001     
   93.000000000000000        1.5828298532265368        0.0000000000000000        0.0000000000000000        0.0000000000000000       0.70040000000000002        5.2200000000000003E-002  0.24740000000000001     
   94.000000000000000        1.5853295008977928        0.0000000000000000        0.0000000000000000        0.0000000000000000       0.70040000000000002        5.1400000000000001E-002  0.24820000000000000     
   95.000000000000000        1.5876555465685585        0.0000000000000000        0.0000000000000000        0.0000000000000000       0.70040000000000002        5.2400000000000002E-002  0.24720000000000000     
   96.000000000000000        1.5898541317042503        0.0000000000000000        0.0000000000000000        0.0000000000000000       0.70040000000000002        5.2400000000000002E-002  0.24720000000000000     
   97.000000000000000        1.5917989568625468        0.0000000000000000        0.0000000000000000        0.0000000000000000       0.70040000000000002        5.2400000000000002E-002  0.24720000000000000     
   98.000000000000000        1.5997802241899031        0.0000000000000000        0.0000000000000000        0.0000000000000000       0.48060000000000003       0.30459999999999998       0.21479999999999999     
   99.000000000000000        1.5877121656487092        0.0000000000000000        0.0000000000000000        0.0000000000000000       0.49180000000000001       0.29339999999999999       0.21479999999999999     
   100.00000000000000        1.5675027450339347        0.0000000000000000        0.0000000000000000        0.0000000000000000       0.48640000000000000       0.29880000000000001       0.21479999999999999     
   101.00000000000000        1.5477019402414975        0.0000000000000000        0.0000000000000000        0.0000000000000000       0.47760000000000002       0.30759999999999998       0.21479999999999999     
   102.00000000000000        1.5299461286149869        0.0000000000000000        0.0000000000000000        0.0000000000000000       0.47599999999999998       0.30919999999999997       0.21479999999999999     
   103.00000000000000        1.5144203407502983        0.0000000000000000        0.0000000000000000        0.0000000000000000       0.46760000000000002       0.31759999999999999       0.21479999999999999     
   104.00000000000000        1.5017860681484660        0.0000000000000000        0.0000000000000000        0.0000000000000000       0.46439999999999998       0.32079999999999997       0.21479999999999999     
   105.00000000000000        1.4920854186117878        0.0000000000000000        0.0000000000000000        0.0000000000000000       0.46200000000000002       0.32319999999999999       0.21479999999999999     
   106.00000000000000        1.4862311514665785        0.0000000000000000        0.0000000000000000        0.0000000000000000       0.45839999999999997       0.32679999999999998       0.21479999999999999     
   107.00000000000000        1.4844447787159072        0.0000000000000000        0.0000000000000000        0.0000000000000000       0.44180000000000003       0.34339999999999998       0.21479999999999999     
   108.00000000000000        1.4866283524676667        0.0000000000000000        0.0000000000000000        0.0000000000000000       0.45119999999999999       0.33400000000000002       0.21479999999999999     
   109.00000000000000        1.4930243828821870        0.0000000000000000        0.0000000000000000        0.0000000000000000       0.40100000000000002       0.38419999999999999       0.21479999999999999     
   110.00000000000000        1.5029863473095766        0.0000000000000000        0.0000000000000000        0.0000000000000000       0.44660000000000000       0.33860000000000001       0.21479999999999999     
   111.00000000000000        1.5173647062780826        0.0000000000000000        0.0000000000000000        0.0000000000000000       0.42080000000000001       0.36440000000000000       0.21479999999999999     
   112.00000000000000        1.5342787814096850        0.0000000000000000        0.0000000000000000        0.0000000000000000       0.42559999999999998       0.36659999999999998       0.20780000000000001     
   113.00000000000000        1.5543152821795077        0.0000000000000000        0.0000000000000000        0.0000000000000000       0.43680000000000002       0.35420000000000001       0.20899999999999999     
   114.00000000000000        1.5646624156959501        0.0000000000000000        0.0000000000000000        0.0000000000000000       0.43680000000000002       0.35420000000000001       0.20899999999999999     
   115.00000000000000        1.5756436095072197        0.0000000000000000        0.0000000000000000        0.0000000000000000       0.43680000000000002       0.35420000000000001       0.20899999999999999     
   116.00000000000000        1.5869701247084032        0.0000000000000000        0.0000000000000000        0.0000000000000000       0.43680000000000002       0.35460000000000003       0.20860000000000001     
   117.00000000000000        1.5987628656045927        0.0000000000000000        0.0000000000000000        0.0000000000000000       0.43680000000000002       0.35360000000000003       0.20960000000000001     
   118.00000000000000        1.6096786393641671        0.0000000000000000        0.0000000000000000        0.0000000000000000       0.43680000000000002       0.35320000000000001       0.20999999999999999     
   119.00000000000000        1.6197610995579987        0.0000000000000000        0.0000000000000000        0.0000000000000000       0.43680000000000002       0.35460000000000003       0.20860000000000001     
   120.00000000000000        1.6285816224015486        0.0000000000000000        0.0000000000000000        0.0000000000000000       0.43680000000000002       0.35260000000000002       0.21060000000000001     
   121.00000000000000        1.6356307590653523        0.0000000000000000        0.0000000000000000        0.0000000000000000       0.43680000000000002       0.35139999999999999       0.21179999999999999     
   122.00000000000000        1.6409578043880400        0.0000000000000000        0.0000000000000000        0.0000000000000000       0.43680000000000002       0.35380000000000000       0.20940000000000000     
   123.00000000000000        1.6444061935871102        0.0000000000000000        0.0000000000000000        0.0000000000000000       0.43680000000000002       0.35260000000000002       0.21060000000000001     
   124.00000000000000        1.6456433915239639        0.0000000000000000        0.0000000000000000        0.0000000000000000       0.43680000000000002       0.35239999999999999       0.21079999999999999     
   125.00000000000000        1.6445247406156638        0.0000000000000000        0.0000000000000000        0.0000000000000000       0.43680000000000002       0.35139999999999999       0.21179999999999999     
   126.00000000000000        1.6413015863626934        0.0000000000000000        0.0000000000000000        0.0000000000000000       0.43680000000000002       0.35139999999999999       0.21179999999999999     
   127.00000000000000        1.6357959237495741        0.0000000000000000        0.0000000000000000        0.0000000000000000       0.43680000000000002       0.35160000000000002       0.21160000000000001     
   128.00000000000000        1.6281839980048707        0.0000000000000000        0.0000000000000000        0.0000000000000000       0.43680000000000002       0.35199999999999998       0.21120000000000000     
   129.00000000000000        1.6186342925685222        0.0000000000000000        0.0000000000000000        0.0000000000000000       0.43680000000000002       0.35199999999999998       0.21120000000000000     
   130.00000000000000        1.6074505927486662        0.0000000000000000        0.0000000000000000        0.0000000000000000       0.43680000000000002       0.35199999999999998       0.21120000000000000     
   131.00000000000000        1.5946690499415728        0.0000000000000000        0.0000000000000000        0.0000000000000000       0.43680000000000002       0.35199999999999998       0.21120000000000000     
   132.00000000000000        1.5808342174856671        0.0000000000000000        0.0000000000000000        0.0000000000000000       0.43680000000000002       0.35199999999999998       0.21120000000000000     
   133.00000000000000        1.5664360951536804        0.0000000000000000        0.0000000000000000        0.0000000000000000       0.43680000000000002       0.35199999999999998       0.21120000000000000     
   134.00000000000000        1.5514729922513510        0.0000000000000000        0.0000000000000000        0.0000000000000000       0.43680000000000002       0.35199999999999998       0.21120000000000000     
   135.00000000000000        1.5368710666746539        0.0000000000000000        0.0000000000000000        0.0000000000000000       0.43680000000000002       0.35199999999999998       0.21120000000000000     
   136.00000000000000        1.5228825253691016        0.0000000000000000        0.0000000000000000        0.0000000000000000       0.43680000000000002       0.35199999999999998       0.21120000000000000     
   137.00000000000000        1.5095161803434678        0.0000000000000000        0.0000000000000000        0.0000000000000000       0.43680000000000002       0.35199999999999998       0.21120000000000000     
   138.00000000000000        1.5239469986253198        0.0000000000000000        0.0000000000000000        0.0000000000000000        0.0000000000000000       0.33739999999999998       0.66259999999999997     
   139.00000000000000        1.4902034266028372        0.0000000000000000        0.0000000000000000        0.0000000000000000        0.0000000000000000       0.33739999999999998       0.66259999999999997     
   140.00000000000000        1.4822340103367790        0.0000000000000000        0.0000000000000000        0.0000000000000000        0.0000000000000000       0.33739999999999998       0.66259999999999997     
   141.00000000000000        1.4829247043906781        0.0000000000000000        0.0000000000000000        0.0000000000000000        0.0000000000000000       0.33739999999999998       0.66259999999999997     
   142.00000000000000        1.4870206149335716        0.0000000000000000        0.0000000000000000        0.0000000000000000        1.8000000000000000E-003  0.33560000000000001       0.66259999999999997     
   143.00000000000000        1.4917263209771208        0.0000000000000000        0.0000000000000000        0.0000000000000000        0.0000000000000000       0.31459999999999999       0.68540000000000001     
   144.00000000000000        1.5089057109776132        0.0000000000000000        0.0000000000000000        0.0000000000000000        1.1200000000000000E-002  0.31740000000000002       0.67140000000000000     
   145.00000000000000        1.4873274986285316        0.0000000000000000        0.0000000000000000        0.0000000000000000       0.13840000000000000       0.20180000000000001       0.65980000000000005     
   146.00000000000000        1.6161795669881478        0.0000000000000000        0.0000000000000000        0.0000000000000000        0.0000000000000000       0.47920000000000001       0.52080000000000004     
   147.00000000000000        1.4897692630046200        0.0000000000000000        0.0000000000000000        0.0000000000000000        4.0000000000000002E-004  0.47880000000000000       0.52080000000000004     
   148.00000000000000        1.4974004337838180        0.0000000000000000        0.0000000000000000        0.0000000000000000        4.0000000000000002E-004  0.47880000000000000       0.52080000000000004     
   149.00000000000000        1.5016831661958894        0.0000000000000000        0.0000000000000000        0.0000000000000000        0.0000000000000000       0.59140000000000004       0.40860000000000002     
   150.00000000000000        1.5308133706741911        0.0000000000000000        0.0000000000000000        0.0000000000000000        4.7999999999999996E-003  0.58579999999999999       0.40939999999999999     
   151.00000000000000        1.5076384334404869        0.0000000000000000        0.0000000000000000        0.0000000000000000        2.0000000000000001E-004  0.58560000000000001       0.41420000000000001     
   152.00000000000000        1.5650454064150474        0.0000000000000000        0.0000000000000000        0.0000000000000000        2.0000000000000001E-004  0.58499999999999996       0.41480000000000000     
   153.00000000000000        1.5904452803286349        0.0000000000000000        0.0000000000000000        0.0000000000000000        2.0000000000000001E-004  0.58440000000000003       0.41539999999999999     
   154.00000000000000        1.6308784267827641        0.0000000000000000        0.0000000000000000        0.0000000000000000        2.0000000000000001E-004  0.58440000000000003       0.41539999999999999     
   155.00000000000000        1.8168384390533747        0.0000000000000000        0.0000000000000000        0.0000000000000000        2.0000000000000001E-004  0.58420000000000005       0.41560000000000002     
   156.00000000000000        1.6576832992246877        0.0000000000000000        0.0000000000000000        0.0000000000000000        2.0000000000000001E-004  0.57940000000000003       0.42040000000000000     
   157.00000000000000        1.8452452538336899        0.0000000000000000        0.0000000000000000        0.0000000000000000        2.4000000000000000E-002  0.55559999999999998       0.42040000000000000     
   158.00000000000000        1.6938646069340759        0.0000000000000000        0.0000000000000000        0.0000000000000000        2.4000000000000000E-002  0.55820000000000003       0.41780000000000000     
   159.00000000000000        1.7070588278797718        0.0000000000000000        0.0000000000000000        0.0000000000000000        2.4000000000000000E-002  0.55820000000000003       0.41780000000000000     
   160.00000000000000        1.7205087033492452        0.0000000000000000        0.0000000000000000        0.0000000000000000        2.4000000000000000E-002  0.56120000000000003       0.41480000000000000     
   161.00000000000000        1.7308663579682608        0.0000000000000000        0.0000000000000000        0.0000000000000000        2.4000000000000000E-002  0.56079999999999997       0.41520000000000001     
   162.00000000000000        1.7385532219024444        0.0000000000000000        0.0000000000000000        0.0000000000000000        2.4000000000000000E-002  0.56220000000000003       0.41380000000000000     
   163.00000000000000        1.7436569480808628        0.0000000000000000        0.0000000000000000        0.0000000000000000        2.4000000000000000E-002  0.56299999999999994       0.41299999999999998     
   164.00000000000000        1.7473592545538654        0.0000000000000000        0.0000000000000000        0.0000000000000000        2.4000000000000000E-002  0.56540000000000001       0.41060000000000002     
   165.00000000000000        1.7486858710023272        0.0000000000000000        0.0000000000000000        0.0000000000000000        2.4000000000000000E-002  0.56259999999999999       0.41339999999999999     
   166.00000000000000        1.7474826681331579        0.0000000000000000        0.0000000000000000        0.0000000000000000        2.4000000000000000E-002  0.55700000000000005       0.41899999999999998     
   167.00000000000000        1.7457345116284930        0.0000000000000000        0.0000000000000000        0.0000000000000000        2.4000000000000000E-002  0.55259999999999998       0.42340000000000000     
   168.00000000000000        1.7438773109195436        0.0000000000000000        0.0000000000000000        0.0000000000000000        2.4000000000000000E-002  0.55720000000000003       0.41880000000000001     
   169.00000000000000        1.7414099465158768        0.0000000000000000        0.0000000000000000        0.0000000000000000        2.4000000000000000E-002  0.58220000000000005       0.39379999999999998     
   170.00000000000000        1.7398134773946832        0.0000000000000000        0.0000000000000000        0.0000000000000000        2.4000000000000000E-002  0.62739999999999996       0.34860000000000002     
   171.00000000000000        1.7389394692339515        0.0000000000000000        0.0000000000000000        0.0000000000000000        2.4000000000000000E-002  0.62719999999999998       0.34880000000000000     
   172.00000000000000        1.7391897543120862        0.0000000000000000        0.0000000000000000        0.0000000000000000        2.4000000000000000E-002  0.63060000000000005       0.34539999999999998     
   173.00000000000000        1.7413082665480331        0.0000000000000000        0.0000000000000000        0.0000000000000000        2.4000000000000000E-002  0.61460000000000004       0.36140000000000000     
   174.00000000000000        1.7451090947676227        0.0000000000000000        0.0000000000000000        0.0000000000000000        2.4000000000000000E-002  0.54440000000000000       0.43159999999999998     
   175.00000000000000        1.7507319161879855        0.0000000000000000        0.0000000000000000        0.0000000000000000        2.4000000000000000E-002  0.50460000000000005       0.47139999999999999     
   176.00000000000000        1.7577760289668070        0.0000000000000000        0.0000000000000000        0.0000000000000000        2.4000000000000000E-002  0.47980000000000000       0.49619999999999997     
   177.00000000000000        1.7662748861183761        0.0000000000000000        0.0000000000000000        0.0000000000000000        2.4000000000000000E-002  0.48899999999999999       0.48699999999999999     
   178.00000000000000        1.7759176301110053        0.0000000000000000        0.0000000000000000        0.0000000000000000        2.4000000000000000E-002  0.49959999999999999       0.47639999999999999     
   179.00000000000000        1.7862422499696839        0.0000000000000000        0.0000000000000000        0.0000000000000000        2.4000000000000000E-002  0.50180000000000002       0.47420000000000001     
   180.00000000000000        1.7970535236414984        0.0000000000000000        0.0000000000000000        0.0000000000000000        2.4000000000000000E-002  0.49940000000000001       0.47660000000000002     
   181.00000000000000        1.8064592255150782        0.0000000000000000        0.0000000000000000        0.0000000000000000        2.4000000000000000E-002  0.49940000000000001       0.47660000000000002     
   182.00000000000000        1.8163549289704364        0.0000000000000000        0.0000000000000000        0.0000000000000000        2.4000000000000000E-002  0.49880000000000002       0.47720000000000001     
   183.00000000000000        1.8235000949147970        0.0000000000000000        0.0000000000000000        0.0000000000000000        2.4000000000000000E-002  0.49859999999999999       0.47739999999999999     
   184.00000000000000        1.8289727623553913        0.0000000000000000        0.0000000000000000        0.0000000000000000        2.4000000000000000E-002  0.49800000000000000       0.47799999999999998     
   185.00000000000000        1.8329578841277017        0.0000000000000000        0.0000000000000000        0.0000000000000000        2.4000000000000000E-002  0.49800000000000000       0.47799999999999998     
   186.00000000000000        1.8315920184859373        0.0000000000000000        0.0000000000000000        0.0000000000000000        2.4000000000000000E-002  0.49800000000000000       0.47799999999999998     
   187.00000000000000        1.8290485419536473        0.0000000000000000        0.0000000000000000        0.0000000000000000        2.4000000000000000E-002  0.49819999999999998       0.47780000000000000     
   188.00000000000000        1.8223105405976452        0.0000000000000000        0.0000000000000000        0.0000000000000000        2.4000000000000000E-002  0.49819999999999998       0.47780000000000000     
   189.00000000000000        1.8115003117469366        0.0000000000000000        0.0000000000000000        0.0000000000000000        2.4000000000000000E-002  0.49819999999999998       0.47780000000000000     
