#        BMIN =   406
#        BMAX =   411
#     INIBAND =   409
#      NBANDS =   540
#         NSW =  2000
#       POTIM =   1.0
#        TEMP = 300.0
#    NAMDTINI =   149
#    NAMDTIME =  1000
#       NTRAJ =  5000
#        NELM =  1000
#       LHOLE =     T
#        LSHP =     T
#      LCPTXT =     T
#      RUNDIR = ../../run/
   1.0000000000000000        1.0991636808735330        0.0000000000000000        0.0000000000000000        0.0000000000000000        1.0000000000000000        0.0000000000000000        0.0000000000000000     
   2.0000000000000000        1.1011110913432967        0.0000000000000000        0.0000000000000000        0.0000000000000000        1.0000000000000000        0.0000000000000000        0.0000000000000000     
   3.0000000000000000        1.1084483103780771        0.0000000000000000        0.0000000000000000        0.0000000000000000        1.0000000000000000        0.0000000000000000        0.0000000000000000     
   4.0000000000000000        1.1129840275559053        0.0000000000000000        0.0000000000000000        0.0000000000000000        1.0000000000000000        0.0000000000000000        0.0000000000000000     
   5.0000000000000000        1.1286351875768847        0.0000000000000000        0.0000000000000000        0.0000000000000000        1.0000000000000000        0.0000000000000000        0.0000000000000000     
   6.0000000000000000        1.1454493749217343        0.0000000000000000        0.0000000000000000        0.0000000000000000        1.0000000000000000        0.0000000000000000        0.0000000000000000     
   7.0000000000000000        1.1689042116528332        0.0000000000000000        0.0000000000000000        0.0000000000000000        1.0000000000000000        0.0000000000000000        0.0000000000000000     
   8.0000000000000000        1.1932142782083726        0.0000000000000000        0.0000000000000000        0.0000000000000000        1.0000000000000000        0.0000000000000000        0.0000000000000000     
   9.0000000000000000        1.2212337503355235        0.0000000000000000        0.0000000000000000        0.0000000000000000        1.0000000000000000        0.0000000000000000        0.0000000000000000     
   10.000000000000000        1.2500865933684169        0.0000000000000000        0.0000000000000000        0.0000000000000000        1.0000000000000000        0.0000000000000000        0.0000000000000000     
   11.000000000000000        1.2800806950119068        0.0000000000000000        0.0000000000000000        0.0000000000000000        1.0000000000000000        0.0000000000000000        0.0000000000000000     
   12.000000000000000        1.3087835212916452        0.0000000000000000        0.0000000000000000        0.0000000000000000        1.0000000000000000        0.0000000000000000        0.0000000000000000     
   13.000000000000000        1.3380513479993998        0.0000000000000000        0.0000000000000000        0.0000000000000000        1.0000000000000000        0.0000000000000000        0.0000000000000000     
   14.000000000000000        1.3653725325376405        0.0000000000000000        0.0000000000000000        0.0000000000000000        1.0000000000000000        0.0000000000000000        0.0000000000000000     
   15.000000000000000        1.3908540694107931        0.0000000000000000        0.0000000000000000        0.0000000000000000        1.0000000000000000        0.0000000000000000        0.0000000000000000     
   16.000000000000000        1.4147565407140910        0.0000000000000000        0.0000000000000000        0.0000000000000000        1.0000000000000000        0.0000000000000000        0.0000000000000000     
   17.000000000000000        1.4362479941223514        0.0000000000000000        0.0000000000000000        0.0000000000000000        1.0000000000000000        0.0000000000000000        0.0000000000000000     
   18.000000000000000        1.4564642076715733        0.0000000000000000        0.0000000000000000        0.0000000000000000        1.0000000000000000        0.0000000000000000        0.0000000000000000     
   19.000000000000000        1.4754286242080539        0.0000000000000000        0.0000000000000000        0.0000000000000000        1.0000000000000000        0.0000000000000000        0.0000000000000000     
   20.000000000000000        1.4925879132140549        0.0000000000000000        0.0000000000000000        0.0000000000000000        1.0000000000000000        0.0000000000000000        0.0000000000000000     
   21.000000000000000        1.5086570150106711        0.0000000000000000        0.0000000000000000        0.0000000000000000        1.0000000000000000        0.0000000000000000        0.0000000000000000     
   22.000000000000000        1.5241075859395181        0.0000000000000000        0.0000000000000000        0.0000000000000000        1.0000000000000000        0.0000000000000000        0.0000000000000000     
   23.000000000000000        1.5390898160574902        0.0000000000000000        0.0000000000000000        0.0000000000000000        1.0000000000000000        0.0000000000000000        0.0000000000000000     
   24.000000000000000        1.5535824008554817        0.0000000000000000        0.0000000000000000        0.0000000000000000        1.0000000000000000        0.0000000000000000        0.0000000000000000     
   25.000000000000000        1.5677989558401673        0.0000000000000000        0.0000000000000000        0.0000000000000000        1.0000000000000000        0.0000000000000000        0.0000000000000000     
   26.000000000000000        1.5813102113886282        0.0000000000000000        0.0000000000000000        0.0000000000000000        1.0000000000000000        0.0000000000000000        0.0000000000000000     
   27.000000000000000        1.5939881638617881        0.0000000000000000        0.0000000000000000        0.0000000000000000        1.0000000000000000        0.0000000000000000        0.0000000000000000     
   28.000000000000000        1.6059923235875460        0.0000000000000000        0.0000000000000000        0.0000000000000000        1.0000000000000000        0.0000000000000000        0.0000000000000000     
   29.000000000000000        1.6162434062880786        0.0000000000000000        0.0000000000000000        0.0000000000000000        1.0000000000000000        0.0000000000000000        0.0000000000000000     
   30.000000000000000        1.6246994128793233        0.0000000000000000        0.0000000000000000        0.0000000000000000        1.0000000000000000        0.0000000000000000        0.0000000000000000     
   31.000000000000000        1.6307440719339050        0.0000000000000000        0.0000000000000000        0.0000000000000000        1.0000000000000000        0.0000000000000000        0.0000000000000000     
   32.000000000000000        1.6342526477300729        0.0000000000000000        0.0000000000000000        0.0000000000000000        1.0000000000000000        0.0000000000000000        0.0000000000000000     
   33.000000000000000        1.6348104193380983        0.0000000000000000        0.0000000000000000        0.0000000000000000        1.0000000000000000        0.0000000000000000        0.0000000000000000     
   34.000000000000000        1.6323645005909042        0.0000000000000000        0.0000000000000000        0.0000000000000000        1.0000000000000000        0.0000000000000000        0.0000000000000000     
   35.000000000000000        1.6272430175011450        0.0000000000000000        0.0000000000000000        0.0000000000000000        1.0000000000000000        0.0000000000000000        0.0000000000000000     
   36.000000000000000        1.6193623367606333        0.0000000000000000        0.0000000000000000        0.0000000000000000        1.0000000000000000        0.0000000000000000        0.0000000000000000     
   37.000000000000000        1.6094089914674117        0.0000000000000000        0.0000000000000000        0.0000000000000000        1.0000000000000000        0.0000000000000000        0.0000000000000000     
   38.000000000000000        1.5975523135903296        0.0000000000000000        0.0000000000000000        0.0000000000000000        1.0000000000000000        0.0000000000000000        0.0000000000000000     
   39.000000000000000        1.5845709094488503        0.0000000000000000        0.0000000000000000        0.0000000000000000        1.0000000000000000        0.0000000000000000        0.0000000000000000     
   40.000000000000000        1.5705159142229592        0.0000000000000000        0.0000000000000000        0.0000000000000000        1.0000000000000000        0.0000000000000000        0.0000000000000000     
   41.000000000000000        1.5563062904108886        0.0000000000000000        0.0000000000000000        0.0000000000000000        1.0000000000000000        0.0000000000000000        0.0000000000000000     
   42.000000000000000        1.5416306147441010        0.0000000000000000        0.0000000000000000        0.0000000000000000        1.0000000000000000        0.0000000000000000        0.0000000000000000     
   43.000000000000000        1.5281044491673978        0.0000000000000000        0.0000000000000000        0.0000000000000000        1.0000000000000000        0.0000000000000000        0.0000000000000000     
   44.000000000000000        1.5137852084168593        0.0000000000000000        0.0000000000000000        0.0000000000000000        1.0000000000000000        0.0000000000000000        0.0000000000000000     
   45.000000000000000        1.5006697020626922        0.0000000000000000        0.0000000000000000        0.0000000000000000        1.0000000000000000        0.0000000000000000        0.0000000000000000     
   46.000000000000000        1.4878284187214221        0.0000000000000000        0.0000000000000000        0.0000000000000000        1.0000000000000000        0.0000000000000000        0.0000000000000000     
   47.000000000000000        1.4755745339746591        0.0000000000000000        0.0000000000000000        0.0000000000000000        1.0000000000000000        0.0000000000000000        0.0000000000000000     
   48.000000000000000        1.4629900702537806        0.0000000000000000        0.0000000000000000        0.0000000000000000        1.0000000000000000        0.0000000000000000        0.0000000000000000     
   49.000000000000000        1.4504719499777297        0.0000000000000000        0.0000000000000000        0.0000000000000000        1.0000000000000000        0.0000000000000000        0.0000000000000000     
   50.000000000000000        1.4376516161126309        0.0000000000000000        0.0000000000000000        0.0000000000000000        1.0000000000000000        0.0000000000000000        0.0000000000000000     
   51.000000000000000        1.4243502857097017        0.0000000000000000        0.0000000000000000        0.0000000000000000        1.0000000000000000        0.0000000000000000        0.0000000000000000     
   52.000000000000000        1.4105350987593974        0.0000000000000000        0.0000000000000000        0.0000000000000000        1.0000000000000000        0.0000000000000000        0.0000000000000000     
   53.000000000000000        1.3961975210317292        0.0000000000000000        0.0000000000000000        0.0000000000000000        1.0000000000000000        0.0000000000000000        0.0000000000000000     
   54.000000000000000        1.3814815187001657        0.0000000000000000        0.0000000000000000        0.0000000000000000        1.0000000000000000        0.0000000000000000        0.0000000000000000     
   55.000000000000000        1.3665071737435825        0.0000000000000000        0.0000000000000000        0.0000000000000000        1.0000000000000000        0.0000000000000000        0.0000000000000000     
   56.000000000000000        1.3516441498198357        0.0000000000000000        0.0000000000000000        0.0000000000000000        1.0000000000000000        0.0000000000000000        0.0000000000000000     
   57.000000000000000        1.3376633909648552        0.0000000000000000        0.0000000000000000        0.0000000000000000        1.0000000000000000        0.0000000000000000        0.0000000000000000     
   58.000000000000000        1.3245016666372251        0.0000000000000000        0.0000000000000000        0.0000000000000000        1.0000000000000000        0.0000000000000000        0.0000000000000000     
   59.000000000000000        1.3129613534435804        0.0000000000000000        0.0000000000000000        0.0000000000000000        1.0000000000000000        0.0000000000000000        0.0000000000000000     
   60.000000000000000        1.3025150530769456        0.0000000000000000        0.0000000000000000        0.0000000000000000        1.0000000000000000        0.0000000000000000        0.0000000000000000     
   61.000000000000000        1.2937424125056833        0.0000000000000000        0.0000000000000000        0.0000000000000000        1.0000000000000000        0.0000000000000000        0.0000000000000000     
   62.000000000000000        1.2862088011572292        0.0000000000000000        0.0000000000000000        0.0000000000000000        1.0000000000000000        0.0000000000000000        0.0000000000000000     
   63.000000000000000        1.2799495008729727        0.0000000000000000        0.0000000000000000        0.0000000000000000        1.0000000000000000        0.0000000000000000        0.0000000000000000     
   64.000000000000000        1.2748236040888083        0.0000000000000000        0.0000000000000000        0.0000000000000000        1.0000000000000000        0.0000000000000000        0.0000000000000000     
   65.000000000000000        1.2731184803057074        0.0000000000000000        0.0000000000000000        0.0000000000000000        1.0000000000000000        0.0000000000000000        0.0000000000000000     
   66.000000000000000        1.2722008861800091        0.0000000000000000        0.0000000000000000        0.0000000000000000        1.0000000000000000        0.0000000000000000        0.0000000000000000     
   67.000000000000000        1.2726562542811974        0.0000000000000000        0.0000000000000000        0.0000000000000000        1.0000000000000000        0.0000000000000000        0.0000000000000000     
   68.000000000000000        1.2742280773425763        0.0000000000000000        0.0000000000000000        0.0000000000000000        1.0000000000000000        0.0000000000000000        0.0000000000000000     
   69.000000000000000        1.2775483027017311        0.0000000000000000        0.0000000000000000        0.0000000000000000        1.0000000000000000        0.0000000000000000        0.0000000000000000     
   70.000000000000000        1.2820309584937033        0.0000000000000000        0.0000000000000000        0.0000000000000000        1.0000000000000000        0.0000000000000000        0.0000000000000000     
   71.000000000000000        1.2880298281610039        0.0000000000000000        0.0000000000000000        0.0000000000000000        1.0000000000000000        0.0000000000000000        0.0000000000000000     
   72.000000000000000        1.2954579306640577        0.0000000000000000        0.0000000000000000        0.0000000000000000        1.0000000000000000        0.0000000000000000        0.0000000000000000     
   73.000000000000000        1.3044800495753728        0.0000000000000000        0.0000000000000000        0.0000000000000000        1.0000000000000000        0.0000000000000000        0.0000000000000000     
   74.000000000000000        1.3149051983760653        0.0000000000000000        0.0000000000000000        0.0000000000000000        1.0000000000000000        0.0000000000000000        0.0000000000000000     
   75.000000000000000        1.3266690955403380        0.0000000000000000        0.0000000000000000        0.0000000000000000        1.0000000000000000        0.0000000000000000        0.0000000000000000     
   76.000000000000000        1.3401018579782691        0.0000000000000000        0.0000000000000000        0.0000000000000000        1.0000000000000000        0.0000000000000000        0.0000000000000000     
   77.000000000000000        1.3545342842890662        0.0000000000000000        0.0000000000000000        0.0000000000000000        1.0000000000000000        0.0000000000000000        0.0000000000000000     
   78.000000000000000        1.3700477144633640        0.0000000000000000        0.0000000000000000        0.0000000000000000        1.0000000000000000        0.0000000000000000        0.0000000000000000     
   79.000000000000000        1.3860678932671087        0.0000000000000000        0.0000000000000000        0.0000000000000000        1.0000000000000000        0.0000000000000000        0.0000000000000000     
   80.000000000000000        1.4025826520733848        0.0000000000000000        0.0000000000000000        0.0000000000000000        1.0000000000000000        0.0000000000000000        0.0000000000000000     
   81.000000000000000        1.4192156466519250        0.0000000000000000        0.0000000000000000        0.0000000000000000        1.0000000000000000        0.0000000000000000        0.0000000000000000     
   82.000000000000000        1.4355592965371566        0.0000000000000000        0.0000000000000000        0.0000000000000000        1.0000000000000000        0.0000000000000000        0.0000000000000000     
   83.000000000000000        1.4510572954083436        0.0000000000000000        0.0000000000000000        0.0000000000000000        1.0000000000000000        0.0000000000000000        0.0000000000000000     
   84.000000000000000        1.4658619675872364        0.0000000000000000        0.0000000000000000        0.0000000000000000        1.0000000000000000        0.0000000000000000        0.0000000000000000     
   85.000000000000000        1.4791914545518021        0.0000000000000000        0.0000000000000000        0.0000000000000000        1.0000000000000000        0.0000000000000000        0.0000000000000000     
   86.000000000000000        1.4908233268485236        0.0000000000000000        0.0000000000000000        0.0000000000000000        1.0000000000000000        0.0000000000000000        0.0000000000000000     
   87.000000000000000        1.5009865415982393        0.0000000000000000        0.0000000000000000        0.0000000000000000        1.0000000000000000        0.0000000000000000        0.0000000000000000     
   88.000000000000000        1.5084269480691077        0.0000000000000000        0.0000000000000000        0.0000000000000000        1.0000000000000000        0.0000000000000000        0.0000000000000000     
   89.000000000000000        1.5138705202659186        0.0000000000000000        0.0000000000000000        0.0000000000000000        1.0000000000000000        0.0000000000000000        0.0000000000000000     
   90.000000000000000        1.5178141415456943        0.0000000000000000        0.0000000000000000        0.0000000000000000        1.0000000000000000        0.0000000000000000        0.0000000000000000     
   91.000000000000000        1.5148345121061395        0.0000000000000000        0.0000000000000000        0.0000000000000000        1.0000000000000000        0.0000000000000000        0.0000000000000000     
   92.000000000000000        1.5172926941745097        0.0000000000000000        0.0000000000000000        0.0000000000000000        1.0000000000000000        0.0000000000000000        0.0000000000000000     
   93.000000000000000        1.5149837411378007        0.0000000000000000        0.0000000000000000        0.0000000000000000        1.0000000000000000        0.0000000000000000        0.0000000000000000     
   94.000000000000000        1.5098907852108323        0.0000000000000000        0.0000000000000000        0.0000000000000000        1.0000000000000000        0.0000000000000000        0.0000000000000000     
   95.000000000000000        1.5036734220211252        0.0000000000000000        0.0000000000000000        0.0000000000000000        1.0000000000000000        0.0000000000000000        0.0000000000000000     
   96.000000000000000        1.4965001894461851        0.0000000000000000        0.0000000000000000        0.0000000000000000        1.0000000000000000        0.0000000000000000        0.0000000000000000     
   97.000000000000000        1.4876902378043777        0.0000000000000000        0.0000000000000000        0.0000000000000000        1.0000000000000000        0.0000000000000000        0.0000000000000000     
   98.000000000000000        1.4743564957121325        0.0000000000000000        0.0000000000000000        0.0000000000000000        1.0000000000000000        0.0000000000000000        0.0000000000000000     
   99.000000000000000        1.4654399800649383        0.0000000000000000        0.0000000000000000        0.0000000000000000        1.0000000000000000        0.0000000000000000        0.0000000000000000     
   100.00000000000000        1.4591289494856587        0.0000000000000000        0.0000000000000000        0.0000000000000000        1.0000000000000000        0.0000000000000000        0.0000000000000000     
   101.00000000000000        1.4485869635921544        0.0000000000000000        0.0000000000000000        0.0000000000000000        1.0000000000000000        0.0000000000000000        0.0000000000000000     
   102.00000000000000        1.4426776938623513        0.0000000000000000        0.0000000000000000        0.0000000000000000        1.0000000000000000        0.0000000000000000        0.0000000000000000     
   103.00000000000000        1.4378312734085288        0.0000000000000000        0.0000000000000000        0.0000000000000000        1.0000000000000000        0.0000000000000000        0.0000000000000000     
   104.00000000000000        1.4335433413596479        0.0000000000000000        0.0000000000000000        0.0000000000000000        1.0000000000000000        0.0000000000000000        0.0000000000000000     
   105.00000000000000        1.4307801015671173        0.0000000000000000        0.0000000000000000        0.0000000000000000        1.0000000000000000        0.0000000000000000        0.0000000000000000     
   106.00000000000000        1.4299505272825561        0.0000000000000000        0.0000000000000000        0.0000000000000000        1.0000000000000000        0.0000000000000000        0.0000000000000000     
   107.00000000000000        1.4309971345066503        0.0000000000000000        0.0000000000000000        0.0000000000000000        1.0000000000000000        0.0000000000000000        0.0000000000000000     
   108.00000000000000        1.4338174275242643        0.0000000000000000        0.0000000000000000        0.0000000000000000        1.0000000000000000        0.0000000000000000        0.0000000000000000     
   109.00000000000000        1.4388522864595839        0.0000000000000000        0.0000000000000000        0.0000000000000000        1.0000000000000000        0.0000000000000000        0.0000000000000000     
   110.00000000000000        1.4447698728745908        0.0000000000000000        0.0000000000000000        0.0000000000000000        1.0000000000000000        0.0000000000000000        0.0000000000000000     
   111.00000000000000        1.4539500244522348        0.0000000000000000        0.0000000000000000        0.0000000000000000        1.0000000000000000        0.0000000000000000        0.0000000000000000     
   112.00000000000000        1.4599549670474614        0.0000000000000000        0.0000000000000000        0.0000000000000000        1.0000000000000000        0.0000000000000000        0.0000000000000000     
   113.00000000000000        1.4509565073854560        0.0000000000000000        0.0000000000000000        0.0000000000000000        1.0000000000000000        0.0000000000000000        0.0000000000000000     
   114.00000000000000        1.4916083652685976        0.0000000000000000        0.0000000000000000        0.0000000000000000       0.14760000000000001       0.85219999999999996        2.0000000000000001E-004
   115.00000000000000        1.4822944059222651        0.0000000000000000        0.0000000000000000        0.0000000000000000       0.15400000000000000       0.51759999999999995       0.32840000000000003     
   116.00000000000000        1.4840893818260450        0.0000000000000000        0.0000000000000000        0.0000000000000000       0.15340000000000001       0.51819999999999999       0.32840000000000003     
   117.00000000000000        1.4880020733109811        0.0000000000000000        0.0000000000000000        0.0000000000000000       0.14940000000000001       0.52239999999999998       0.32819999999999999     
   118.00000000000000        1.5032850848325916        0.0000000000000000        0.0000000000000000        0.0000000000000000       0.11260000000000001       0.55920000000000003       0.32819999999999999     
   119.00000000000000        1.5138486110582954        0.0000000000000000        0.0000000000000000        0.0000000000000000       0.36540000000000000       0.33960000000000001       0.29499999999999998     
   120.00000000000000        1.6118576888721587        0.0000000000000000        0.0000000000000000        0.0000000000000000        9.9599999999999994E-002  0.13700000000000001       0.76339999999999997     
   121.00000000000000        1.5939352835005134        0.0000000000000000        0.0000000000000000        2.8000000000000000E-003   4.6600000000000003E-002   0.0000000000000000       0.95060000000000000     
   122.00000000000000        1.5711295691082732        0.0000000000000000        0.0000000000000000        2.8000000000000000E-003   4.6600000000000003E-002   8.0000000000000004E-004  0.94979999999999998     
   123.00000000000000        1.5935387873182236        0.0000000000000000        0.0000000000000000        2.8000000000000000E-003   4.6600000000000003E-002   8.0000000000000004E-004  0.94979999999999998     
   124.00000000000000        1.6566647984735838        0.0000000000000000        0.0000000000000000        2.8000000000000000E-003   4.6600000000000003E-002   5.9999999999999995E-004  0.94999999999999996     
   125.00000000000000        1.6318367643149458        0.0000000000000000        0.0000000000000000        2.8000000000000000E-003   4.6600000000000003E-002   5.9999999999999995E-004  0.94999999999999996     
   126.00000000000000        1.6482369117313989        0.0000000000000000        0.0000000000000000        2.8000000000000000E-003   4.6600000000000003E-002   1.6000000000000001E-003  0.94899999999999995     
   127.00000000000000        1.6634173576371931        0.0000000000000000        0.0000000000000000        2.8000000000000000E-003   4.6600000000000003E-002   3.0000000000000001E-003  0.94760000000000000     
   128.00000000000000        1.6757767061250599        0.0000000000000000        0.0000000000000000        2.3999999999999998E-003   4.7000000000000000E-002   3.3999999999999998E-003  0.94720000000000004     
   129.00000000000000        1.6849577716694970        0.0000000000000000        0.0000000000000000        2.3999999999999998E-003   4.7000000000000000E-002   3.5999999999999999E-003  0.94699999999999995     
   130.00000000000000        1.6919670887628240        0.0000000000000000        0.0000000000000000        2.3999999999999998E-003   4.7000000000000000E-002   1.0400000000000000E-002  0.94020000000000004     
   131.00000000000000        1.6940303065586348        0.0000000000000000        0.0000000000000000        2.3999999999999998E-003   4.7000000000000000E-002   2.2800000000000001E-002  0.92779999999999996     
   132.00000000000000        1.6937081947742876        0.0000000000000000        0.0000000000000000        2.3999999999999998E-003   4.7000000000000000E-002   1.2000000000000000E-002  0.93859999999999999     
   133.00000000000000        1.6904612795161496        0.0000000000000000        0.0000000000000000        2.3999999999999998E-003   4.7000000000000000E-002   5.1799999999999999E-002  0.89880000000000004     
   134.00000000000000        1.6849323922730826        0.0000000000000000        0.0000000000000000        2.3999999999999998E-003   4.7000000000000000E-002   4.1200000000000001E-002  0.90939999999999999     
   135.00000000000000        1.6770256565680692        0.0000000000000000        0.0000000000000000        2.3999999999999998E-003   4.7000000000000000E-002   5.6599999999999998E-002  0.89400000000000002     
   136.00000000000000        1.6680200128894573        0.0000000000000000        2.0000000000000001E-004   2.2000000000000001E-003   4.7000000000000000E-002   1.1800000000000000E-002  0.93879999999999997     
   137.00000000000000        1.6576041617436017        0.0000000000000000        2.0000000000000001E-004   2.2000000000000001E-003   4.7000000000000000E-002   1.1400000000000000E-002  0.93920000000000003     
   138.00000000000000        1.6466834245438524        0.0000000000000000        2.0000000000000001E-004   2.2000000000000001E-003   4.7000000000000000E-002   1.2400000000000000E-002  0.93820000000000003     
   139.00000000000000        1.6359585384221178        0.0000000000000000        0.0000000000000000        2.3999999999999998E-003   4.7000000000000000E-002   2.2800000000000001E-002  0.92779999999999996     
   140.00000000000000        1.6259883187351796        0.0000000000000000        0.0000000000000000        2.3999999999999998E-003   4.7000000000000000E-002   2.7400000000000001E-002  0.92320000000000002     
   141.00000000000000        1.6174928075495063        0.0000000000000000        0.0000000000000000        2.3999999999999998E-003   4.7000000000000000E-002   3.3799999999999997E-002  0.91679999999999995     
   142.00000000000000        1.6103103400808698        0.0000000000000000        0.0000000000000000        2.3999999999999998E-003   4.7000000000000000E-002   3.5600000000000000E-002  0.91500000000000004     
   143.00000000000000        1.6057136283550586        0.0000000000000000        0.0000000000000000        2.3999999999999998E-003   4.7000000000000000E-002   3.5799999999999998E-002  0.91479999999999995     
   144.00000000000000        1.6037293685840854        0.0000000000000000        0.0000000000000000        2.3999999999999998E-003   4.7000000000000000E-002   3.5600000000000000E-002  0.91500000000000004     
   145.00000000000000        1.6043717879371495        0.0000000000000000        0.0000000000000000        2.3999999999999998E-003   4.7000000000000000E-002   3.2000000000000001E-002  0.91859999999999997     
   146.00000000000000        1.6075712857530966        0.0000000000000000        0.0000000000000000        2.3999999999999998E-003   4.7000000000000000E-002   3.4400000000000000E-002  0.91620000000000001     
   147.00000000000000        1.6132366175311907        0.0000000000000000        0.0000000000000000        2.3999999999999998E-003   4.7000000000000000E-002   3.4400000000000000E-002  0.91620000000000001     
   148.00000000000000        1.6210374868935378        0.0000000000000000        0.0000000000000000        2.3999999999999998E-003   4.7000000000000000E-002   3.2599999999999997E-002  0.91800000000000004     
   149.00000000000000        1.6307545858576611        0.0000000000000000        0.0000000000000000        2.2000000000000001E-003   4.7199999999999999E-002   3.0400000000000000E-002  0.92020000000000002     
   150.00000000000000        1.6414559494030794        0.0000000000000000        0.0000000000000000        2.2000000000000001E-003   4.7199999999999999E-002   2.9600000000000001E-002  0.92100000000000004     
   151.00000000000000        1.6514285552721018        0.0000000000000000        0.0000000000000000        2.2000000000000001E-003   4.7199999999999999E-002   3.0200000000000001E-002  0.92040000000000000     
   152.00000000000000        1.6642919515702455        0.0000000000000000        0.0000000000000000        2.2000000000000001E-003   4.7199999999999999E-002   3.1399999999999997E-002  0.91920000000000002     
   153.00000000000000        1.6752375120156533        0.0000000000000000        0.0000000000000000        2.0000000000000000E-003   4.7399999999999998E-002   3.1199999999999999E-002  0.91940000000000000     
   154.00000000000000        1.6852329087638478        0.0000000000000000        0.0000000000000000        2.0000000000000000E-003   4.7399999999999998E-002   3.0599999999999999E-002  0.92000000000000004     
   155.00000000000000        1.6931613171217677        0.0000000000000000        0.0000000000000000        2.0000000000000000E-003   4.7399999999999998E-002   3.2000000000000001E-002  0.91859999999999997     
   156.00000000000000        1.7016828997739111        0.0000000000000000        0.0000000000000000        2.0000000000000000E-003   4.7399999999999998E-002   2.9000000000000001E-002  0.92159999999999997     
   157.00000000000000        1.7031735371069303        0.0000000000000000        0.0000000000000000        2.0000000000000000E-003   4.7399999999999998E-002   2.8199999999999999E-002  0.92240000000000000     
   158.00000000000000        1.7048170109607808        0.0000000000000000        0.0000000000000000        2.0000000000000000E-003   4.7399999999999998E-002   2.5999999999999999E-002  0.92459999999999998     
   159.00000000000000        1.7034725029227136        0.0000000000000000        0.0000000000000000        2.0000000000000000E-003   4.7399999999999998E-002   2.6800000000000001E-002  0.92379999999999995     
   160.00000000000000        1.6994412415617490        0.0000000000000000        0.0000000000000000        2.0000000000000000E-003   4.7399999999999998E-002   2.6800000000000001E-002  0.92379999999999995     
   161.00000000000000        1.6930340015118164        0.0000000000000000        0.0000000000000000        2.0000000000000000E-003   4.7399999999999998E-002   2.7199999999999998E-002  0.92340000000000000     
   162.00000000000000        1.6840754926291441        0.0000000000000000        0.0000000000000000        1.8000000000000000E-003   4.7600000000000003E-002   2.6400000000000000E-002  0.92420000000000002     
   163.00000000000000        1.6726427470288669        0.0000000000000000        0.0000000000000000        1.8000000000000000E-003   4.7600000000000003E-002   2.6400000000000000E-002  0.92420000000000002     
   164.00000000000000        1.6595842826282350        0.0000000000000000        0.0000000000000000        1.8000000000000000E-003   4.7600000000000003E-002   2.8199999999999999E-002  0.92240000000000000     
   165.00000000000000        1.6446053161888543        0.0000000000000000        0.0000000000000000        1.8000000000000000E-003   4.7600000000000003E-002   3.5600000000000000E-002  0.91500000000000004     
   166.00000000000000        1.6286419684579283        0.0000000000000000        0.0000000000000000        1.8000000000000000E-003   4.7600000000000003E-002   3.4799999999999998E-002  0.91579999999999995     
   167.00000000000000        1.6123017290363826        0.0000000000000000        0.0000000000000000        1.8000000000000000E-003   4.7600000000000003E-002   2.8799999999999999E-002  0.92179999999999995     
   168.00000000000000        1.5961370059510096        0.0000000000000000        0.0000000000000000        1.8000000000000000E-003   4.7600000000000003E-002   2.3599999999999999E-002  0.92700000000000005     
   169.00000000000000        1.5808472499283037        0.0000000000000000        0.0000000000000000        1.8000000000000000E-003   4.7600000000000003E-002   1.4200000000000001E-002  0.93640000000000001     
   170.00000000000000        1.5670073321845983        0.0000000000000000        0.0000000000000000        1.8000000000000000E-003   4.7600000000000003E-002   3.1800000000000002E-002  0.91879999999999995     
   171.00000000000000        1.5556141364536729        0.0000000000000000        0.0000000000000000        1.8000000000000000E-003   4.7600000000000003E-002   8.9999999999999997E-002  0.86060000000000003     
   172.00000000000000        1.5477321222914249        0.0000000000000000        0.0000000000000000        1.8000000000000000E-003   4.7600000000000003E-002   0.0000000000000000       0.95060000000000000     
   173.00000000000000        1.5439272895513778        0.0000000000000000        0.0000000000000000        1.8000000000000000E-003   4.7600000000000003E-002   4.6600000000000003E-002  0.90400000000000003     
   174.00000000000000        1.5444463312419057        0.0000000000000000        0.0000000000000000        1.8000000000000000E-003   4.7600000000000003E-002   5.1999999999999998E-002  0.89859999999999995     
   175.00000000000000        1.5497613124288494        0.0000000000000000        0.0000000000000000        1.8000000000000000E-003   4.7600000000000003E-002   5.1999999999999998E-002  0.89859999999999995     
   176.00000000000000        1.5597528275688386        0.0000000000000000        0.0000000000000000        1.8000000000000000E-003   4.7600000000000003E-002   6.1400000000000003E-002  0.88919999999999999     
   177.00000000000000        1.5747983558018421        0.0000000000000000        0.0000000000000000        1.8000000000000000E-003   4.7600000000000003E-002   5.8200000000000002E-002  0.89239999999999997     
   178.00000000000000        1.5945372338183708        0.0000000000000000        0.0000000000000000        1.8000000000000000E-003   4.7600000000000003E-002   6.0999999999999999E-002  0.88959999999999995     
   179.00000000000000        1.6188707534590165        0.0000000000000000        0.0000000000000000        1.8000000000000000E-003   4.7600000000000003E-002   6.2399999999999997E-002  0.88819999999999999     
   180.00000000000000        1.6472737270736852        0.0000000000000000        0.0000000000000000        1.8000000000000000E-003   4.7600000000000003E-002   6.1600000000000002E-002  0.88900000000000001     
   181.00000000000000        1.6790611227182719        0.0000000000000000        0.0000000000000000        1.8000000000000000E-003   4.7600000000000003E-002   6.1600000000000002E-002  0.88900000000000001     
   182.00000000000000        1.7146736199456940        0.0000000000000000        0.0000000000000000        1.4000000000000000E-003   4.8000000000000001E-002   6.1600000000000002E-002  0.88900000000000001     
   183.00000000000000        1.7505446262255706        0.0000000000000000        0.0000000000000000        1.4000000000000000E-003   4.8000000000000001E-002   6.2600000000000003E-002  0.88800000000000001     
   184.00000000000000        1.7879422817473625        0.0000000000000000        0.0000000000000000        1.4000000000000000E-003   4.8000000000000001E-002   6.2600000000000003E-002  0.88800000000000001     
   185.00000000000000        1.8257203743169272        0.0000000000000000        0.0000000000000000        1.1999999999999999E-003   4.8200000000000000E-002   6.2600000000000003E-002  0.88800000000000001     
   186.00000000000000        1.8615302349846035        0.0000000000000000        0.0000000000000000        1.1999999999999999E-003   4.8200000000000000E-002   6.2000000000000000E-002  0.88859999999999995     
   187.00000000000000        1.8957241102993923        0.0000000000000000        0.0000000000000000        1.1999999999999999E-003   4.8200000000000000E-002   6.2000000000000000E-002  0.88859999999999995     
   188.00000000000000        1.9269788321705164        0.0000000000000000        0.0000000000000000        1.1999999999999999E-003   4.8200000000000000E-002   6.2000000000000000E-002  0.88859999999999995     
   189.00000000000000        1.9546097004783576        0.0000000000000000        0.0000000000000000        1.1999999999999999E-003   4.8200000000000000E-002   6.1800000000000001E-002  0.88880000000000003     
