#        BMIN =   406
#        BMAX =   411
#     INIBAND =   409
#      NBANDS =   540
#         NSW =  2000
#       POTIM =   1.0
#        TEMP = 300.0
#    NAMDTINI =   822
#    NAMDTIME =  1000
#       NTRAJ =  5000
#        NELM =  1000
#       LHOLE =     T
#        LSHP =     T
#      LCPTXT =     T
#      RUNDIR = ../../run/
   1.0000000000000000        1.2418838955317755        0.0000000000000000        0.0000000000000000        0.0000000000000000        1.0000000000000000        0.0000000000000000        0.0000000000000000     
   2.0000000000000000        1.2520870440810765        0.0000000000000000        0.0000000000000000        0.0000000000000000        1.0000000000000000        0.0000000000000000        0.0000000000000000     
   3.0000000000000000        1.2632645605492789        0.0000000000000000        0.0000000000000000        0.0000000000000000        1.0000000000000000        0.0000000000000000        0.0000000000000000     
   4.0000000000000000        1.2748776445529781        0.0000000000000000        0.0000000000000000        0.0000000000000000        1.0000000000000000        0.0000000000000000        0.0000000000000000     
   5.0000000000000000        1.2864714979446372        0.0000000000000000        0.0000000000000000        0.0000000000000000        1.0000000000000000        0.0000000000000000        0.0000000000000000     
   6.0000000000000000        1.2985103496178898        0.0000000000000000        0.0000000000000000        0.0000000000000000        1.0000000000000000        0.0000000000000000        0.0000000000000000     
   7.0000000000000000        1.3097576686479213        0.0000000000000000        0.0000000000000000        0.0000000000000000        1.0000000000000000        0.0000000000000000        0.0000000000000000     
   8.0000000000000000        1.3224513327953331        0.0000000000000000        0.0000000000000000        0.0000000000000000        1.0000000000000000        0.0000000000000000        0.0000000000000000     
   9.0000000000000000        1.3341254408138976        0.0000000000000000        0.0000000000000000        0.0000000000000000        1.0000000000000000        0.0000000000000000        0.0000000000000000     
   10.000000000000000        1.3453086141696369        0.0000000000000000        0.0000000000000000        0.0000000000000000        1.0000000000000000        0.0000000000000000        0.0000000000000000     
   11.000000000000000        1.3561825707122477        0.0000000000000000        0.0000000000000000        0.0000000000000000        1.0000000000000000        0.0000000000000000        0.0000000000000000     
   12.000000000000000        1.3664170633306996        0.0000000000000000        0.0000000000000000        0.0000000000000000        1.0000000000000000        0.0000000000000000        0.0000000000000000     
   13.000000000000000        1.3760757617338557        0.0000000000000000        0.0000000000000000        0.0000000000000000        1.0000000000000000        0.0000000000000000        0.0000000000000000     
   14.000000000000000        1.3851350877092696        0.0000000000000000        0.0000000000000000        0.0000000000000000        1.0000000000000000        0.0000000000000000        0.0000000000000000     
   15.000000000000000        1.3937721303022137        0.0000000000000000        0.0000000000000000        0.0000000000000000        1.0000000000000000        0.0000000000000000        0.0000000000000000     
   16.000000000000000        1.3984035225739455        0.0000000000000000        0.0000000000000000        0.0000000000000000        1.0000000000000000        0.0000000000000000        0.0000000000000000     
   17.000000000000000        1.4097669887639488        0.0000000000000000        0.0000000000000000        0.0000000000000000        1.0000000000000000        0.0000000000000000        0.0000000000000000     
   18.000000000000000        1.4242827899277324        0.0000000000000000        0.0000000000000000        0.0000000000000000        1.0000000000000000        0.0000000000000000        0.0000000000000000     
   19.000000000000000        1.4259562784691062        0.0000000000000000        0.0000000000000000        0.0000000000000000        1.0000000000000000        0.0000000000000000        0.0000000000000000     
   20.000000000000000        1.4338282923246752        0.0000000000000000        0.0000000000000000        0.0000000000000000        1.0000000000000000        0.0000000000000000        0.0000000000000000     
   21.000000000000000        1.4428877761863903        0.0000000000000000        0.0000000000000000        0.0000000000000000        1.0000000000000000        0.0000000000000000        0.0000000000000000     
   22.000000000000000        1.4532971999352777        0.0000000000000000        0.0000000000000000        0.0000000000000000        1.0000000000000000        0.0000000000000000        0.0000000000000000     
   23.000000000000000        1.4641664588036525        0.0000000000000000        0.0000000000000000        0.0000000000000000        1.0000000000000000        0.0000000000000000        0.0000000000000000     
   24.000000000000000        1.4761054600644712        0.0000000000000000        0.0000000000000000        0.0000000000000000        1.0000000000000000        0.0000000000000000        0.0000000000000000     
   25.000000000000000        1.4888060306326782        0.0000000000000000        0.0000000000000000        0.0000000000000000        1.0000000000000000        0.0000000000000000        0.0000000000000000     
   26.000000000000000        1.5024481861986732        0.0000000000000000        0.0000000000000000        0.0000000000000000        1.0000000000000000        0.0000000000000000        0.0000000000000000     
   27.000000000000000        1.5174070818618475        0.0000000000000000        0.0000000000000000        0.0000000000000000        1.0000000000000000        0.0000000000000000        0.0000000000000000     
   28.000000000000000        1.5328943665451380        0.0000000000000000        0.0000000000000000        0.0000000000000000        1.0000000000000000        0.0000000000000000        0.0000000000000000     
   29.000000000000000        1.5488134129119988        0.0000000000000000        0.0000000000000000        0.0000000000000000        1.0000000000000000        0.0000000000000000        0.0000000000000000     
   30.000000000000000        1.5650307811135675        0.0000000000000000        0.0000000000000000        0.0000000000000000        1.0000000000000000        0.0000000000000000        0.0000000000000000     
   31.000000000000000        1.5907772308154118        0.0000000000000000        0.0000000000000000        0.0000000000000000       0.73360000000000003       0.13880000000000001       0.12759999999999999     
   32.000000000000000        1.5842566805818206        0.0000000000000000        0.0000000000000000        0.0000000000000000       0.74719999999999998       0.12520000000000001       0.12759999999999999     
   33.000000000000000        1.5603766296211758        0.0000000000000000        0.0000000000000000        0.0000000000000000       0.73939999999999995       0.13300000000000001       0.12759999999999999     
   34.000000000000000        1.5371106519967794        0.0000000000000000        0.0000000000000000        0.0000000000000000       0.72999999999999998       0.14240000000000000       0.12759999999999999     
   35.000000000000000        1.5163690105267194        0.0000000000000000        0.0000000000000000        0.0000000000000000       0.72780000000000000       0.14460000000000001       0.12759999999999999     
   36.000000000000000        1.4983928603068550        0.0000000000000000        0.0000000000000000        0.0000000000000000       0.71860000000000002       0.15379999999999999       0.12759999999999999     
   37.000000000000000        1.4839375423466208        0.0000000000000000        0.0000000000000000        0.0000000000000000       0.71579999999999999       0.15659999999999999       0.12759999999999999     
   38.000000000000000        1.4730944245825373        0.0000000000000000        0.0000000000000000        0.0000000000000000       0.71379999999999999       0.15859999999999999       0.12759999999999999     
   39.000000000000000        1.4668743525495105        0.0000000000000000        0.0000000000000000        0.0000000000000000       0.71179999999999999       0.16059999999999999       0.12759999999999999     
   40.000000000000000        1.4655043706651667        0.0000000000000000        0.0000000000000000        0.0000000000000000       0.69899999999999995       0.17340000000000000       0.12759999999999999     
   41.000000000000000        1.4689798899191604        0.0000000000000000        0.0000000000000000        0.0000000000000000       0.70640000000000003       0.16600000000000001       0.12759999999999999     
   42.000000000000000        1.4773756327161993        0.0000000000000000        0.0000000000000000        0.0000000000000000       0.65559999999999996       0.21679999999999999       0.12759999999999999     
   43.000000000000000        1.4900986625705679        0.0000000000000000        0.0000000000000000        0.0000000000000000       0.70399999999999996       0.16839999999999999       0.12759999999999999     
   44.000000000000000        1.5079170917184876        0.0000000000000000        0.0000000000000000        0.0000000000000000       0.68259999999999998       0.18980000000000000       0.12759999999999999     
   45.000000000000000        1.5336848508729868        0.0000000000000000        0.0000000000000000        0.0000000000000000       0.66920000000000002       0.10860000000000000       0.22220000000000001     
   46.000000000000000        1.5540453364820688        0.0000000000000000        0.0000000000000000        0.0000000000000000       0.69020000000000004        9.3600000000000003E-002  0.21620000000000000     
   47.000000000000000        1.5511231612292837        0.0000000000000000        0.0000000000000000        0.0000000000000000       0.69020000000000004        8.7999999999999995E-002  0.22180000000000000     
   48.000000000000000        1.5476102745280984        0.0000000000000000        0.0000000000000000        0.0000000000000000       0.69020000000000004        8.6999999999999994E-002  0.22280000000000000     
   49.000000000000000        1.5440243631569481        0.0000000000000000        0.0000000000000000        0.0000000000000000       0.69020000000000004       0.10020000000000000       0.20960000000000001     
   50.000000000000000        1.5414936431563020        0.0000000000000000        0.0000000000000000        0.0000000000000000       0.69020000000000004       0.11500000000000000       0.19480000000000000     
   51.000000000000000        1.5387220161090527        0.0000000000000000        0.0000000000000000        0.0000000000000000       0.69020000000000004       0.12239999999999999       0.18740000000000001     
   52.000000000000000        1.5360345107287880        0.0000000000000000        0.0000000000000000        0.0000000000000000       0.69020000000000004       0.11400000000000000       0.19580000000000000     
   53.000000000000000        1.5332785799398658        0.0000000000000000        0.0000000000000000        0.0000000000000000       0.69020000000000004       0.12800000000000000       0.18179999999999999     
   54.000000000000000        1.5295793336111130        0.0000000000000000        0.0000000000000000        0.0000000000000000       0.69020000000000004       0.13660000000000000       0.17319999999999999     
   55.000000000000000        1.5281833898210224        0.0000000000000000        0.0000000000000000        0.0000000000000000       0.69020000000000004       0.12759999999999999       0.18220000000000000     
   56.000000000000000        1.5254498469814806        0.0000000000000000        0.0000000000000000        0.0000000000000000       0.69020000000000004       0.13159999999999999       0.17820000000000000     
   57.000000000000000        1.5226222465467765        0.0000000000000000        0.0000000000000000        0.0000000000000000       0.69020000000000004       0.13380000000000000       0.17599999999999999     
   58.000000000000000        1.5202950052084687        0.0000000000000000        0.0000000000000000        0.0000000000000000       0.69020000000000004       0.13940000000000000       0.17040000000000000     
   59.000000000000000        1.5171408002771964        0.0000000000000000        0.0000000000000000        0.0000000000000000       0.69020000000000004       0.13980000000000001       0.17000000000000001     
   60.000000000000000        1.5143969777092980        0.0000000000000000        0.0000000000000000        0.0000000000000000       0.69020000000000004       0.13960000000000000       0.17019999999999999     
   61.000000000000000        1.5118563279491131        0.0000000000000000        0.0000000000000000        0.0000000000000000       0.69020000000000004       0.13780000000000001       0.17199999999999999     
   62.000000000000000        1.5090381949669842        0.0000000000000000        0.0000000000000000        0.0000000000000000       0.69020000000000004       0.13880000000000001       0.17100000000000001     
   63.000000000000000        1.5062536069742611        0.0000000000000000        0.0000000000000000        0.0000000000000000       0.69020000000000004       0.13980000000000001       0.17000000000000001     
   64.000000000000000        1.5034845889263093        0.0000000000000000        0.0000000000000000        0.0000000000000000       0.69020000000000004       0.13919999999999999       0.17060000000000000     
   65.000000000000000        1.5005950572941591        0.0000000000000000        0.0000000000000000        0.0000000000000000       0.69020000000000004       0.13960000000000000       0.17019999999999999     
   66.000000000000000        1.4979193508895126        0.0000000000000000        0.0000000000000000        0.0000000000000000       0.69020000000000004       0.14000000000000001       0.16980000000000001     
   67.000000000000000        1.4953890744693237        0.0000000000000000        0.0000000000000000        0.0000000000000000       0.69020000000000004       0.14000000000000001       0.16980000000000001     
   68.000000000000000        1.4923653768919145        0.0000000000000000        0.0000000000000000        0.0000000000000000       0.69020000000000004       0.13919999999999999       0.17060000000000000     
   69.000000000000000        1.4898293362026287        0.0000000000000000        0.0000000000000000        0.0000000000000000       0.69020000000000004       0.14060000000000000       0.16919999999999999     
   70.000000000000000        1.4908557141772045        0.0000000000000000        0.0000000000000000        0.0000000000000000       0.69020000000000004       0.13980000000000001       0.17000000000000001     
   71.000000000000000        1.5119395375473523        0.0000000000000000        0.0000000000000000        0.0000000000000000       0.16000000000000000       0.66779999999999995       0.17219999999999999     
   72.000000000000000        1.4885181363487865        0.0000000000000000        0.0000000000000000        0.0000000000000000       0.16059999999999999       0.66720000000000002       0.17219999999999999     
   73.000000000000000        1.4807836359075148        0.0000000000000000        0.0000000000000000        0.0000000000000000       0.16080000000000000       0.66720000000000002       0.17199999999999999     
   74.000000000000000        1.4658790866387028        0.0000000000000000        0.0000000000000000        0.0000000000000000       0.16380000000000000       0.66420000000000001       0.17199999999999999     
   75.000000000000000        1.4511377666160645        0.0000000000000000        0.0000000000000000        0.0000000000000000       0.15820000000000001       0.66979999999999995       0.17199999999999999     
   76.000000000000000        1.4683986331732344        0.0000000000000000        0.0000000000000000        0.0000000000000000       0.20440000000000000       0.35380000000000000       0.44180000000000003     
   77.000000000000000        1.5078782849631915        0.0000000000000000        0.0000000000000000        0.0000000000000000        7.0000000000000001E-003  0.47920000000000001       0.51380000000000003     
   78.000000000000000        1.4757247980485906        0.0000000000000000        0.0000000000000000        0.0000000000000000        0.0000000000000000       0.52339999999999998       0.47660000000000002     
   79.000000000000000        1.6161115659315533        0.0000000000000000        0.0000000000000000        0.0000000000000000        0.0000000000000000       0.58360000000000001       0.41639999999999999     
   80.000000000000000        1.4812085042659460        0.0000000000000000        0.0000000000000000        0.0000000000000000        2.0000000000000001E-004  0.58340000000000003       0.41639999999999999     
   81.000000000000000        1.4905090118317437        0.0000000000000000        0.0000000000000000        0.0000000000000000        2.0000000000000001E-004  0.58340000000000003       0.41639999999999999     
   82.000000000000000        1.5028993680150893        0.0000000000000000        0.0000000000000000        0.0000000000000000        8.6599999999999996E-002  0.41320000000000001       0.50019999999999998     
   83.000000000000000        1.5272675910827576        0.0000000000000000        0.0000000000000000        0.0000000000000000        9.6400000000000000E-002  0.43880000000000002       0.46479999999999999     
   84.000000000000000        1.5250936019433645        0.0000000000000000        0.0000000000000000        0.0000000000000000        3.1600000000000003E-002  0.43919999999999998       0.52920000000000000     
   85.000000000000000        1.5635523271244764        0.0000000000000000        0.0000000000000000        0.0000000000000000        3.1600000000000003E-002  0.44300000000000000       0.52539999999999998     
   86.000000000000000        1.5880096204279432        0.0000000000000000        0.0000000000000000        0.0000000000000000        3.1600000000000003E-002  0.44600000000000001       0.52239999999999998     
   87.000000000000000        1.6264745080427423        0.0000000000000000        0.0000000000000000        0.0000000000000000        3.1600000000000003E-002  0.44600000000000001       0.52239999999999998     
   88.000000000000000        1.8004023504386062        0.0000000000000000        0.0000000000000000        0.0000000000000000        3.1600000000000003E-002  0.44779999999999998       0.52059999999999995     
   89.000000000000000        1.6531853946215762        0.0000000000000000        0.0000000000000000        0.0000000000000000        3.1600000000000003E-002  0.49259999999999998       0.47580000000000000     
   90.000000000000000        1.8666878945571854        0.0000000000000000        0.0000000000000000        0.0000000000000000        0.0000000000000000       0.52420000000000000       0.47580000000000000     
   91.000000000000000        1.6991120042910040        0.0000000000000000        0.0000000000000000        0.0000000000000000        0.0000000000000000       0.53539999999999999       0.46460000000000001     
   92.000000000000000        1.7127359814712588        0.0000000000000000        0.0000000000000000        0.0000000000000000        0.0000000000000000       0.53680000000000005       0.46320000000000000     
   93.000000000000000        1.7271197439769619        0.0000000000000000        0.0000000000000000        0.0000000000000000        0.0000000000000000       0.54420000000000002       0.45579999999999998     
   94.000000000000000        1.7378417200553757        0.0000000000000000        0.0000000000000000        0.0000000000000000        0.0000000000000000       0.54420000000000002       0.45579999999999998     
   95.000000000000000        1.7458490710816679        0.0000000000000000        0.0000000000000000        0.0000000000000000        0.0000000000000000       0.54540000000000000       0.45460000000000000     
   96.000000000000000        1.7512122607100404        0.0000000000000000        0.0000000000000000        0.0000000000000000        0.0000000000000000       0.54759999999999998       0.45240000000000002     
   97.000000000000000        1.7551562741338755        0.0000000000000000        0.0000000000000000        0.0000000000000000        0.0000000000000000       0.55640000000000001       0.44359999999999999     
   98.000000000000000        1.7567406285140235        0.0000000000000000        0.0000000000000000        0.0000000000000000        0.0000000000000000       0.55200000000000005       0.44800000000000001     
   99.000000000000000        1.7557363127134602        0.0000000000000000        0.0000000000000000        0.0000000000000000        0.0000000000000000       0.54600000000000004       0.45400000000000001     
   100.00000000000000        1.7542261364773202        0.0000000000000000        0.0000000000000000        0.0000000000000000        0.0000000000000000       0.54120000000000001       0.45879999999999999     
   101.00000000000000        1.7526328821552735        0.0000000000000000        0.0000000000000000        0.0000000000000000        0.0000000000000000       0.54840000000000000       0.45160000000000000     
   102.00000000000000        1.7503315140979920        0.0000000000000000        0.0000000000000000        0.0000000000000000        0.0000000000000000       0.60660000000000003       0.39340000000000003     
   103.00000000000000        1.7488780948036713        0.0000000000000000        0.0000000000000000        0.0000000000000000        0.0000000000000000       0.71760000000000002       0.28239999999999998     
   104.00000000000000        1.7484585597200861        0.0000000000000000        0.0000000000000000        0.0000000000000000        0.0000000000000000       0.71679999999999999       0.28320000000000001     
   105.00000000000000        1.7491764809450669        0.0000000000000000        0.0000000000000000        0.0000000000000000        0.0000000000000000       0.72480000000000000       0.27520000000000000     
   106.00000000000000        1.7517949488726430        0.0000000000000000        0.0000000000000000        0.0000000000000000        0.0000000000000000       0.70699999999999996       0.29299999999999998     
   107.00000000000000        1.7560759612179753        0.0000000000000000        0.0000000000000000        0.0000000000000000        0.0000000000000000       0.63139999999999996       0.36859999999999998     
   108.00000000000000        1.7621603829314791        0.0000000000000000        0.0000000000000000        0.0000000000000000        0.0000000000000000       0.58699999999999997       0.41299999999999998     
   109.00000000000000        1.7696483738742401        0.0000000000000000        0.0000000000000000        0.0000000000000000        0.0000000000000000       0.55320000000000003       0.44679999999999997     
   110.00000000000000        1.7785152959642496        0.0000000000000000        0.0000000000000000        0.0000000000000000        0.0000000000000000       0.56879999999999997       0.43120000000000003     
   111.00000000000000        1.7884729534098338        0.0000000000000000        0.0000000000000000        0.0000000000000000        0.0000000000000000       0.58399999999999996       0.41599999999999998     
   112.00000000000000        1.7990695527758209        0.0000000000000000        0.0000000000000000        0.0000000000000000        0.0000000000000000       0.58679999999999999       0.41320000000000001     
   113.00000000000000        1.8101191867249840        0.0000000000000000        0.0000000000000000        0.0000000000000000        0.0000000000000000       0.58099999999999996       0.41899999999999998     
   114.00000000000000        1.8196151928691562        0.0000000000000000        0.0000000000000000        0.0000000000000000        0.0000000000000000       0.58099999999999996       0.41899999999999998     
   115.00000000000000        1.8295658228771789        0.0000000000000000        0.0000000000000000        0.0000000000000000        0.0000000000000000       0.58040000000000003       0.41959999999999997     
   116.00000000000000        1.8366193088848384        0.0000000000000000        0.0000000000000000        0.0000000000000000        0.0000000000000000       0.58020000000000005       0.41980000000000001     
   117.00000000000000        1.8419110321765044        0.0000000000000000        0.0000000000000000        0.0000000000000000        0.0000000000000000       0.57979999999999998       0.42020000000000002     
   118.00000000000000        1.8456412562195799        0.0000000000000000        0.0000000000000000        0.0000000000000000        0.0000000000000000       0.57979999999999998       0.42020000000000002     
   119.00000000000000        1.8438452002448695        0.0000000000000000        0.0000000000000000        0.0000000000000000        0.0000000000000000       0.58040000000000003       0.41959999999999997     
   120.00000000000000        1.8408336484976977        0.0000000000000000        0.0000000000000000        0.0000000000000000        0.0000000000000000       0.58099999999999996       0.41899999999999998     
   121.00000000000000        1.8335143966988769        0.0000000000000000        0.0000000000000000        0.0000000000000000        0.0000000000000000       0.58099999999999996       0.41899999999999998     
   122.00000000000000        1.8220171054855210        0.0000000000000000        0.0000000000000000        0.0000000000000000        0.0000000000000000       0.58099999999999996       0.41899999999999998     
   123.00000000000000        1.8077472238640557        0.0000000000000000        0.0000000000000000        0.0000000000000000        0.0000000000000000       0.58079999999999998       0.41920000000000002     
   124.00000000000000        1.7905474229693641        0.0000000000000000        0.0000000000000000        0.0000000000000000        0.0000000000000000       0.58160000000000001       0.41839999999999999     
   125.00000000000000        1.7698634721228457        0.0000000000000000        0.0000000000000000        0.0000000000000000        0.0000000000000000       0.58099999999999996       0.41899999999999998     
   126.00000000000000        1.7465472273326412        0.0000000000000000        0.0000000000000000        0.0000000000000000        0.0000000000000000       0.58099999999999996       0.41899999999999998     
   127.00000000000000        1.7214929999023645        0.0000000000000000        0.0000000000000000        0.0000000000000000        0.0000000000000000       0.58220000000000005       0.41780000000000000     
   128.00000000000000        1.6949714563941332        0.0000000000000000        0.0000000000000000        0.0000000000000000        0.0000000000000000       0.58279999999999998       0.41720000000000002     
   129.00000000000000        1.6681703718274288        0.0000000000000000        0.0000000000000000        0.0000000000000000        0.0000000000000000       0.58160000000000001       0.41839999999999999     
   130.00000000000000        1.6402522959912700        0.0000000000000000        0.0000000000000000        0.0000000000000000        0.0000000000000000       0.57999999999999996       0.41999999999999998     
   131.00000000000000        1.6114965964586632        0.0000000000000000        0.0000000000000000        0.0000000000000000        0.0000000000000000       0.58020000000000005       0.41980000000000001     
   132.00000000000000        1.5804818184923790        0.0000000000000000        0.0000000000000000        0.0000000000000000        2.0400000000000001E-002  0.94820000000000004        3.1399999999999997E-002
   133.00000000000000        1.5662144289503037        0.0000000000000000        0.0000000000000000        0.0000000000000000        2.0400000000000001E-002  0.94820000000000004        3.1399999999999997E-002
   134.00000000000000        1.5437704195729918        0.0000000000000000        0.0000000000000000        0.0000000000000000        2.0400000000000001E-002  0.94820000000000004        3.1399999999999997E-002
   135.00000000000000        1.5244094576625353        0.0000000000000000        0.0000000000000000        0.0000000000000000        2.0400000000000001E-002  0.94820000000000004        3.1399999999999997E-002
   136.00000000000000        1.5083156346467947        0.0000000000000000        0.0000000000000000        0.0000000000000000        2.0400000000000001E-002  0.94820000000000004        3.1399999999999997E-002
   137.00000000000000        1.4961671515625790        0.0000000000000000        0.0000000000000000        0.0000000000000000        2.0400000000000001E-002  0.94820000000000004        3.1399999999999997E-002
   138.00000000000000        1.4894806755362098        0.0000000000000000        0.0000000000000000        0.0000000000000000        1.9800000000000002E-002  0.94879999999999998        3.1399999999999997E-002
   139.00000000000000        1.4796394603434631        0.0000000000000000        0.0000000000000000        0.0000000000000000        2.0199999999999999E-002  0.94840000000000002        3.1399999999999997E-002
   140.00000000000000        1.4857963928633919        0.0000000000000000        0.0000000000000000        0.0000000000000000        3.7400000000000003E-002  0.93120000000000003        3.1399999999999997E-002
   141.00000000000000        1.4951365707312039        0.0000000000000000        0.0000000000000000        0.0000000000000000        5.0400000000000000E-002  0.91820000000000002        3.1399999999999997E-002
   142.00000000000000        1.5080126579429365        0.0000000000000000        0.0000000000000000        0.0000000000000000        3.9000000000000000E-002  0.92959999999999998        3.1399999999999997E-002
   143.00000000000000        1.5243229336158843        0.0000000000000000        0.0000000000000000        0.0000000000000000        3.5400000000000001E-002  0.93320000000000003        3.1399999999999997E-002
   144.00000000000000        1.5526412122919995        0.0000000000000000        0.0000000000000000        0.0000000000000000        3.5799999999999998E-002  0.93279999999999996        3.1399999999999997E-002
   145.00000000000000        1.5788965899227880        0.0000000000000000        0.0000000000000000        0.0000000000000000        3.5799999999999998E-002  0.93279999999999996        3.1399999999999997E-002
   146.00000000000000        1.6154395268304227        0.0000000000000000        0.0000000000000000        0.0000000000000000        3.1000000000000000E-002  0.63019999999999998       0.33879999999999999     
   147.00000000000000        1.6401844980042215        0.0000000000000000        0.0000000000000000        0.0000000000000000        3.1000000000000000E-002  0.62860000000000005       0.34039999999999998     
   148.00000000000000        1.6745776822482066        0.0000000000000000        0.0000000000000000        0.0000000000000000        3.1000000000000000E-002  0.62860000000000005       0.34039999999999998     
   149.00000000000000        1.7097981633205803        0.0000000000000000        0.0000000000000000        0.0000000000000000        3.1000000000000000E-002  0.62900000000000000       0.34000000000000002     
   150.00000000000000        1.7445656445672117        0.0000000000000000        0.0000000000000000        0.0000000000000000        3.1000000000000000E-002  0.62780000000000002       0.34120000000000000     
   151.00000000000000        1.7779282742716664        0.0000000000000000        0.0000000000000000        0.0000000000000000        3.1000000000000000E-002  0.62439999999999996       0.34460000000000002     
   152.00000000000000        1.8083750353254362        0.0000000000000000        0.0000000000000000        0.0000000000000000        3.1000000000000000E-002  0.62439999999999996       0.34460000000000002     
   153.00000000000000        1.8355041111130066        0.0000000000000000        0.0000000000000000        0.0000000000000000        3.1000000000000000E-002  0.62160000000000004       0.34739999999999999     
   154.00000000000000        1.8590766782138077        0.0000000000000000        0.0000000000000000        0.0000000000000000        3.1000000000000000E-002  0.61699999999999999       0.35199999999999998     
   155.00000000000000        1.8779510226676130        0.0000000000000000        0.0000000000000000        0.0000000000000000        3.1000000000000000E-002  0.60919999999999996       0.35980000000000001     
   156.00000000000000        1.8910331560456619        0.0000000000000000        0.0000000000000000        0.0000000000000000        3.1000000000000000E-002  0.60019999999999996       0.36880000000000002     
   157.00000000000000        1.8983251383407818        0.0000000000000000        0.0000000000000000        0.0000000000000000        3.1000000000000000E-002  0.60160000000000002       0.36740000000000000     
   158.00000000000000        1.9004255239075660        0.0000000000000000        0.0000000000000000        0.0000000000000000        3.1000000000000000E-002  0.60360000000000003       0.36540000000000000     
   159.00000000000000        1.8943185325520586        0.0000000000000000        0.0000000000000000        0.0000000000000000        3.1000000000000000E-002  0.60099999999999998       0.36799999999999999     
   160.00000000000000        1.8843428752267948        0.0000000000000000        0.0000000000000000        0.0000000000000000        3.1000000000000000E-002  0.59160000000000001       0.37740000000000001     
   161.00000000000000        1.8683761380739985        0.0000000000000000        0.0000000000000000        0.0000000000000000        3.1000000000000000E-002  0.60199999999999998       0.36699999999999999     
   162.00000000000000        1.8468152170741436        0.0000000000000000        0.0000000000000000        0.0000000000000000        3.1000000000000000E-002  0.60019999999999996       0.36880000000000002     
   163.00000000000000        1.8206102354835276        0.0000000000000000        0.0000000000000000        0.0000000000000000        3.1000000000000000E-002  0.59840000000000004       0.37059999999999998     
   164.00000000000000        1.7890584051033027        0.0000000000000000        0.0000000000000000        0.0000000000000000        3.1000000000000000E-002  0.59799999999999998       0.37100000000000000     
   165.00000000000000        1.7553140892752417        0.0000000000000000        0.0000000000000000        0.0000000000000000        3.1000000000000000E-002  0.60619999999999996       0.36280000000000001     
   166.00000000000000        1.7186338144929838        0.0000000000000000        0.0000000000000000        0.0000000000000000        3.1000000000000000E-002  0.59480000000000000       0.37419999999999998     
   167.00000000000000        1.6802024871635286        0.0000000000000000        0.0000000000000000        0.0000000000000000        3.1000000000000000E-002  0.59499999999999997       0.37400000000000000     
   168.00000000000000        1.6424009250310962        0.0000000000000000        0.0000000000000000        0.0000000000000000        3.1000000000000000E-002  0.57599999999999996       0.39300000000000002     
   169.00000000000000        1.6032421753423451        0.0000000000000000        0.0000000000000000        0.0000000000000000        3.1000000000000000E-002  0.57640000000000002       0.39260000000000000     
   170.00000000000000        1.5661679305228158        0.0000000000000000        0.0000000000000000        0.0000000000000000        3.1000000000000000E-002  0.57820000000000005       0.39079999999999998     
   171.00000000000000        1.5311352314163447        0.0000000000000000        0.0000000000000000        0.0000000000000000        3.1000000000000000E-002  0.57860000000000000       0.39040000000000002     
   172.00000000000000        1.4994595317549932        0.0000000000000000        0.0000000000000000        0.0000000000000000        3.1000000000000000E-002  0.58299999999999996       0.38600000000000001     
   173.00000000000000        1.4715157745781426        0.0000000000000000        0.0000000000000000        0.0000000000000000        3.1000000000000000E-002  0.58279999999999998       0.38619999999999999     
   174.00000000000000        1.4493018269005551        0.0000000000000000        0.0000000000000000        0.0000000000000000        3.1000000000000000E-002  0.58279999999999998       0.38619999999999999     
   175.00000000000000        1.4261295871656010        0.0000000000000000        0.0000000000000000        0.0000000000000000        3.1000000000000000E-002  0.60340000000000005       0.36559999999999998     
   176.00000000000000        1.4197336536963276        0.0000000000000000        0.0000000000000000        0.0000000000000000        3.1000000000000000E-002  0.60360000000000003       0.36540000000000000     
   177.00000000000000        1.4458294100951652        0.0000000000000000        0.0000000000000000        0.0000000000000000        3.3799999999999997E-002  0.31480000000000002       0.65139999999999998     
   178.00000000000000        1.3988756850349149        0.0000000000000000        0.0000000000000000        0.0000000000000000        4.0000000000000001E-002  0.29680000000000001       0.66320000000000001     
   179.00000000000000        1.4171339457522234        0.0000000000000000        0.0000000000000000        0.0000000000000000        0.0000000000000000       0.49880000000000002       0.50119999999999998     
   180.00000000000000        1.3858211825005964        0.0000000000000000        0.0000000000000000        0.0000000000000000        3.3999999999999998E-003  0.49540000000000001       0.50119999999999998     
   181.00000000000000        1.4277677357434628        0.0000000000000000        0.0000000000000000        0.0000000000000000        3.3999999999999998E-003  0.48880000000000001       0.50780000000000003     
   182.00000000000000        1.4563473773920610        0.0000000000000000        0.0000000000000000        0.0000000000000000        3.3999999999999998E-003  0.47699999999999998       0.51959999999999995     
   183.00000000000000        1.4759796033954180        0.0000000000000000        0.0000000000000000        0.0000000000000000        3.3999999999999998E-003  0.47880000000000000       0.51780000000000004     
   184.00000000000000        1.4996500200587131        0.0000000000000000        0.0000000000000000        0.0000000000000000        3.3999999999999998E-003  0.47799999999999998       0.51859999999999995     
   185.00000000000000        1.5239148743355371        0.0000000000000000        0.0000000000000000        0.0000000000000000        3.3999999999999998E-003  0.48020000000000002       0.51639999999999997     
   186.00000000000000        1.5492679337833297        0.0000000000000000        0.0000000000000000        0.0000000000000000        3.3999999999999998E-003  0.48020000000000002       0.51639999999999997     
   187.00000000000000        1.5747788790392914        0.0000000000000000        0.0000000000000000        0.0000000000000000        3.3999999999999998E-003  0.46960000000000002       0.52700000000000002     
   188.00000000000000        1.5994206996401794        0.0000000000000000        0.0000000000000000        0.0000000000000000        3.3999999999999998E-003  0.47399999999999998       0.52259999999999995     
   189.00000000000000        1.6226128395452120        0.0000000000000000        0.0000000000000000        0.0000000000000000        3.3999999999999998E-003  0.48159999999999997       0.51500000000000001     
