#        BMIN =   406
#        BMAX =   411
#     INIBAND =   408
#      NBANDS =   540
#         NSW =  2000
#       POTIM =   1.0
#        TEMP = 300.0
#    NAMDTINI =   847
#    NAMDTIME =  1000
#       NTRAJ =  5000
#        NELM =  1000
#       LHOLE =     T
#        LSHP =     T
#      LCPTXT =     T
#      RUNDIR = ../../run/
   1.0000000000000000       0.17038080991432736        0.0000000000000000        0.0000000000000000        1.0000000000000000        0.0000000000000000        0.0000000000000000        0.0000000000000000     
   2.0000000000000000       0.13977170335562272        0.0000000000000000        0.0000000000000000        1.0000000000000000        0.0000000000000000        0.0000000000000000        0.0000000000000000     
   3.0000000000000000       0.11310365800147977        0.0000000000000000        0.0000000000000000        1.0000000000000000        0.0000000000000000        0.0000000000000000        0.0000000000000000     
   4.0000000000000000        9.1319054576578823E-002   0.0000000000000000        0.0000000000000000        1.0000000000000000        0.0000000000000000        0.0000000000000000        0.0000000000000000     
   5.0000000000000000        7.5234415954984202E-002   0.0000000000000000        0.0000000000000000        1.0000000000000000        0.0000000000000000        0.0000000000000000        0.0000000000000000     
   6.0000000000000000        6.4736064033698873E-002   0.0000000000000000        0.0000000000000000        1.0000000000000000        0.0000000000000000        0.0000000000000000        0.0000000000000000     
   7.0000000000000000        6.0349528979158754E-002   0.0000000000000000        0.0000000000000000        1.0000000000000000        0.0000000000000000        0.0000000000000000        0.0000000000000000     
   8.0000000000000000        6.3780206126451924E-002   0.0000000000000000        3.3999999999999998E-003  0.99660000000000004        0.0000000000000000        0.0000000000000000        0.0000000000000000     
   9.0000000000000000        7.5279168909067717E-002   0.0000000000000000        0.0000000000000000        1.0000000000000000        0.0000000000000000        0.0000000000000000        0.0000000000000000     
   10.000000000000000        9.1318270274551638E-002   0.0000000000000000        0.0000000000000000        1.0000000000000000        0.0000000000000000        0.0000000000000000        0.0000000000000000     
   11.000000000000000       0.10917523186309766        0.0000000000000000        0.0000000000000000        1.0000000000000000        0.0000000000000000        0.0000000000000000        0.0000000000000000     
   12.000000000000000       0.12821977369233506        0.0000000000000000        0.0000000000000000        1.0000000000000000        0.0000000000000000        0.0000000000000000        0.0000000000000000     
   13.000000000000000       0.14785287673465164        0.0000000000000000        0.0000000000000000        1.0000000000000000        0.0000000000000000        0.0000000000000000        0.0000000000000000     
   14.000000000000000       0.16769905147450276        0.0000000000000000        0.0000000000000000        1.0000000000000000        0.0000000000000000        0.0000000000000000        0.0000000000000000     
   15.000000000000000       0.18765320828133358        0.0000000000000000        0.0000000000000000        1.0000000000000000        0.0000000000000000        0.0000000000000000        0.0000000000000000     
   16.000000000000000       0.20745854495725979        0.0000000000000000        0.0000000000000000       0.99980000000000002        0.0000000000000000        0.0000000000000000        2.0000000000000001E-004
   17.000000000000000       0.22704498635136577        0.0000000000000000        0.0000000000000000       0.99980000000000002        0.0000000000000000        0.0000000000000000        2.0000000000000001E-004
   18.000000000000000       0.24586027874221653        0.0000000000000000        0.0000000000000000       0.99980000000000002        0.0000000000000000        0.0000000000000000        2.0000000000000001E-004
   19.000000000000000       0.26425122205328233        0.0000000000000000        0.0000000000000000       0.99980000000000002        0.0000000000000000        0.0000000000000000        2.0000000000000001E-004
   20.000000000000000       0.28209687780075743        0.0000000000000000        0.0000000000000000       0.99980000000000002        0.0000000000000000        0.0000000000000000        2.0000000000000001E-004
   21.000000000000000       0.29946499432616330        0.0000000000000000        0.0000000000000000       0.99980000000000002        2.0000000000000001E-004   0.0000000000000000        0.0000000000000000     
   22.000000000000000       0.31630232818840381        0.0000000000000000        0.0000000000000000       0.99980000000000002        2.0000000000000001E-004   0.0000000000000000        0.0000000000000000     
   23.000000000000000       0.33241240010460132        0.0000000000000000        0.0000000000000000       0.99980000000000002        2.0000000000000001E-004   0.0000000000000000        0.0000000000000000     
   24.000000000000000       0.34789839129105410        0.0000000000000000        0.0000000000000000       0.99980000000000002        2.0000000000000001E-004   0.0000000000000000        0.0000000000000000     
   25.000000000000000       0.36379814558380541        0.0000000000000000        0.0000000000000000       0.99980000000000002        2.0000000000000001E-004   0.0000000000000000        0.0000000000000000     
   26.000000000000000       0.37883077846992530        0.0000000000000000        0.0000000000000000       0.99980000000000002        2.0000000000000001E-004   0.0000000000000000        0.0000000000000000     
   27.000000000000000       0.39326932536739512        0.0000000000000000        0.0000000000000000       0.99980000000000002        2.0000000000000001E-004   0.0000000000000000        0.0000000000000000     
   28.000000000000000       0.40700287732596785        0.0000000000000000        0.0000000000000000       0.99980000000000002        2.0000000000000001E-004   0.0000000000000000        0.0000000000000000     
   29.000000000000000       0.41838283041994984        0.0000000000000000        0.0000000000000000       0.99980000000000002        2.0000000000000001E-004   0.0000000000000000        0.0000000000000000     
   30.000000000000000       0.43357371816338675        0.0000000000000000        0.0000000000000000       0.99980000000000002        2.0000000000000001E-004   0.0000000000000000        0.0000000000000000     
   31.000000000000000       0.44564161936114755        0.0000000000000000        0.0000000000000000       0.99980000000000002        2.0000000000000001E-004   0.0000000000000000        0.0000000000000000     
   32.000000000000000       0.45746517443557422        0.0000000000000000        0.0000000000000000       0.99980000000000002        2.0000000000000001E-004   0.0000000000000000        0.0000000000000000     
   33.000000000000000       0.47074646388615032        0.0000000000000000        0.0000000000000000       0.99980000000000002        2.0000000000000001E-004   0.0000000000000000        0.0000000000000000     
   34.000000000000000       0.48222865671808596        0.0000000000000000        0.0000000000000000       0.99980000000000002        2.0000000000000001E-004   0.0000000000000000        0.0000000000000000     
   35.000000000000000       0.49572113617609437        0.0000000000000000        0.0000000000000000       0.99960000000000004        4.0000000000000002E-004   0.0000000000000000        0.0000000000000000     
   36.000000000000000       0.51063158216706150        0.0000000000000000        0.0000000000000000       0.99960000000000004        4.0000000000000002E-004   0.0000000000000000        0.0000000000000000     
   37.000000000000000       0.52640359800491099        0.0000000000000000        0.0000000000000000       0.99960000000000004        4.0000000000000002E-004   0.0000000000000000        0.0000000000000000     
   38.000000000000000       0.54365311805144134        0.0000000000000000        0.0000000000000000       0.99960000000000004        4.0000000000000002E-004   0.0000000000000000        0.0000000000000000     
   39.000000000000000       0.56250772606782395        0.0000000000000000        0.0000000000000000       0.99960000000000004        4.0000000000000002E-004   0.0000000000000000        0.0000000000000000     
   40.000000000000000       0.58209693994224954        0.0000000000000000        0.0000000000000000       0.99960000000000004        4.0000000000000002E-004   0.0000000000000000        0.0000000000000000     
   41.000000000000000       0.60278587561081487        0.0000000000000000        0.0000000000000000       0.99960000000000004        4.0000000000000002E-004   0.0000000000000000        0.0000000000000000     
   42.000000000000000       0.62411951481463279        0.0000000000000000        0.0000000000000000       0.99960000000000004        4.0000000000000002E-004   0.0000000000000000        0.0000000000000000     
   43.000000000000000       0.64425654756152428        0.0000000000000000        0.0000000000000000       0.99919999999999998        8.0000000000000004E-004   0.0000000000000000        0.0000000000000000     
   44.000000000000000       0.66478158154859035        0.0000000000000000        0.0000000000000000       0.99919999999999998        8.0000000000000004E-004   0.0000000000000000        0.0000000000000000     
   45.000000000000000       0.69246428568381391        0.0000000000000000        0.0000000000000000       0.99919999999999998        8.0000000000000004E-004   0.0000000000000000        0.0000000000000000     
   46.000000000000000       0.70213006948041456        0.0000000000000000        0.0000000000000000       0.99780000000000002        1.6000000000000001E-003   2.0000000000000001E-004   4.0000000000000002E-004
   47.000000000000000       0.73653492288781142        0.0000000000000000        0.0000000000000000       0.99780000000000002        1.6000000000000001E-003   2.0000000000000001E-004   4.0000000000000002E-004
   48.000000000000000       0.73830418802123410        0.0000000000000000        0.0000000000000000       0.99780000000000002        1.6000000000000001E-003   2.0000000000000001E-004   4.0000000000000002E-004
   49.000000000000000       0.76120909652919033        0.0000000000000000        0.0000000000000000       0.99780000000000002        1.6000000000000001E-003   2.0000000000000001E-004   4.0000000000000002E-004
   50.000000000000000       0.79005594263320544        0.0000000000000000        0.0000000000000000       0.99780000000000002        1.6000000000000001E-003   2.0000000000000001E-004   4.0000000000000002E-004
   51.000000000000000       0.81142065266722474        0.0000000000000000        0.0000000000000000       0.99780000000000002        1.1999999999999999E-003   2.0000000000000001E-004   8.0000000000000004E-004
   52.000000000000000       0.72945072548692869        0.0000000000000000        0.0000000000000000       0.99619999999999997        1.8000000000000000E-003   5.9999999999999995E-004   1.4000000000000000E-003
   53.000000000000000       0.82483547115958844        0.0000000000000000        0.0000000000000000       0.99500000000000000        0.0000000000000000        2.3999999999999998E-003   2.5999999999999999E-003
   54.000000000000000       0.64915981515892840        0.0000000000000000        0.0000000000000000       0.99419999999999997        0.0000000000000000        5.0000000000000001E-003   8.0000000000000004E-004
   55.000000000000000       0.86720484066267556        0.0000000000000000        0.0000000000000000       0.99419999999999997        0.0000000000000000        5.0000000000000001E-003   8.0000000000000004E-004
   56.000000000000000       0.87709011916031476        0.0000000000000000        0.0000000000000000       0.99419999999999997        0.0000000000000000        5.0000000000000001E-003   8.0000000000000004E-004
   57.000000000000000       0.86819608486747868        0.0000000000000000        0.0000000000000000       0.99219999999999997        0.0000000000000000        1.4000000000000000E-003   6.4000000000000003E-003
   58.000000000000000       0.84975229835820842        0.0000000000000000        0.0000000000000000       0.99160000000000004        5.9999999999999995E-004   1.6000000000000001E-003   6.1999999999999998E-003
   59.000000000000000       0.95568170476381198        0.0000000000000000        0.0000000000000000       0.99160000000000004        4.0000000000000002E-004   1.6000000000000001E-003   6.4000000000000003E-003
   60.000000000000000       0.86337898404255076        0.0000000000000000        0.0000000000000000       0.99160000000000004        4.0000000000000002E-004   1.6000000000000001E-003   6.4000000000000003E-003
   61.000000000000000       0.85853967610386717        0.0000000000000000        0.0000000000000000       0.98919999999999997        2.8000000000000000E-003   1.6000000000000001E-003   6.4000000000000003E-003
   62.000000000000000       0.83112491014158985        0.0000000000000000        0.0000000000000000       0.98919999999999997        2.8000000000000000E-003   1.6000000000000001E-003   6.4000000000000003E-003
   63.000000000000000       0.62368702864019820        0.0000000000000000        0.0000000000000000       0.98919999999999997        2.8000000000000000E-003   1.6000000000000001E-003   6.4000000000000003E-003
   64.000000000000000        1.1804495188703921        0.0000000000000000        0.0000000000000000       0.76060000000000005       0.22140000000000001        2.0000000000000000E-003   1.6000000000000000E-002
   65.000000000000000        1.6537980577495732        0.0000000000000000        0.0000000000000000       0.23840000000000000       0.68999999999999995        1.0200000000000001E-002   6.1400000000000003E-002
   66.000000000000000        1.4156534729114110        0.0000000000000000        0.0000000000000000       0.23840000000000000       0.68999999999999995        1.0000000000000000E-002   6.1600000000000002E-002
   67.000000000000000        1.3973127882036571        0.0000000000000000        0.0000000000000000       0.23840000000000000       0.68999999999999995        1.0000000000000000E-002   6.1600000000000002E-002
   68.000000000000000        1.3090119337151134        0.0000000000000000        0.0000000000000000       0.23840000000000000       0.68999999999999995        9.5999999999999992E-003   6.2000000000000000E-002
   69.000000000000000        1.3048664683947950        0.0000000000000000        0.0000000000000000       0.23260000000000000       0.69579999999999997        9.5999999999999992E-003   6.2000000000000000E-002
   70.000000000000000        1.2952954321047800        0.0000000000000000        0.0000000000000000       0.23260000000000000       0.69579999999999997        9.4000000000000004E-003   6.2199999999999998E-002
   71.000000000000000        1.2846592816785274        0.0000000000000000        0.0000000000000000       0.23260000000000000       0.69579999999999997        9.4000000000000004E-003   6.2199999999999998E-002
   72.000000000000000        1.2718028788026390        0.0000000000000000        0.0000000000000000       0.23260000000000000       0.69579999999999997        9.4000000000000004E-003   6.2199999999999998E-002
   73.000000000000000        1.2580026740652017        0.0000000000000000        0.0000000000000000       0.23260000000000000       0.69579999999999997        1.0000000000000000E-002   6.1600000000000002E-002
   74.000000000000000        1.2435383045824651        0.0000000000000000        0.0000000000000000       0.23260000000000000       0.69579999999999997        1.1200000000000000E-002   6.0400000000000002E-002
   75.000000000000000        1.2277368235109836        0.0000000000000000        0.0000000000000000       0.23200000000000001       0.69640000000000002        1.2600000000000000E-002   5.8999999999999997E-002
   76.000000000000000        1.2101537284578789        0.0000000000000000        0.0000000000000000       0.23200000000000001       0.69640000000000002        1.2400000000000000E-002   5.9200000000000003E-002
   77.000000000000000        1.1915995332778568        0.0000000000000000        0.0000000000000000       0.23200000000000001       0.69640000000000002        1.0999999999999999E-002   6.0600000000000001E-002
   78.000000000000000        1.1747291135029716        0.0000000000000000        9.5999999999999992E-003  0.22100000000000000       0.69779999999999998        8.9999999999999993E-003   6.2600000000000003E-002
   79.000000000000000        1.1582324744548056        0.0000000000000000        8.9999999999999993E-003  0.22080000000000000       0.69860000000000000        8.9999999999999993E-003   6.2600000000000003E-002
   80.000000000000000        1.1416082578076945        0.0000000000000000        1.0600000000000000E-002  0.21879999999999999       0.69899999999999995        8.9999999999999993E-003   6.2600000000000003E-002
   81.000000000000000        1.1251650817822465        0.0000000000000000        1.0600000000000000E-002  0.21879999999999999       0.69899999999999995        1.1599999999999999E-002   5.9999999999999998E-002
   82.000000000000000        1.1100358406898070        0.0000000000000000        1.0600000000000000E-002  0.21840000000000001       0.69940000000000002        1.7800000000000000E-002   5.3800000000000001E-002
   83.000000000000000        1.0972653196778326        0.0000000000000000        1.0400000000000000E-002  0.21700000000000000       0.70099999999999996        2.0600000000000000E-002   5.0999999999999997E-002
   84.000000000000000        1.0849820301396478        0.0000000000000000        1.0400000000000000E-002  0.21700000000000000       0.70099999999999996        2.3599999999999999E-002   4.8000000000000001E-002
   85.000000000000000        1.0746228576860670        0.0000000000000000        9.7999999999999997E-003  0.21759999999999999       0.70099999999999996        2.3199999999999998E-002   4.8399999999999999E-002
   86.000000000000000        1.0667388755909117        0.0000000000000000        1.0000000000000000E-002  0.21740000000000001       0.70099999999999996        2.3000000000000000E-002   4.8599999999999997E-002
   87.000000000000000        1.0614315496866182        0.0000000000000000        1.0000000000000000E-002  0.21740000000000001       0.70099999999999996        2.2800000000000001E-002   4.8800000000000003E-002
   88.000000000000000        1.0588394478168153        0.0000000000000000        1.0000000000000000E-002  0.21720000000000000       0.70120000000000005        2.3599999999999999E-002   4.8000000000000001E-002
   89.000000000000000        1.0594000860491661        0.0000000000000000        9.7999999999999997E-003  0.21720000000000000       0.70140000000000002        2.3599999999999999E-002   4.8000000000000001E-002
   90.000000000000000        1.0614974810974902        0.0000000000000000        9.7999999999999997E-003  0.21720000000000000       0.70140000000000002        2.3599999999999999E-002   4.8000000000000001E-002
   91.000000000000000        1.0666393510553225        0.0000000000000000        9.7999999999999997E-003  0.21700000000000000       0.70160000000000000        2.3599999999999999E-002   4.8000000000000001E-002
   92.000000000000000        1.0733960175737562        0.0000000000000000        9.7999999999999997E-003  0.21700000000000000       0.70160000000000000        2.3599999999999999E-002   4.8000000000000001E-002
   93.000000000000000        1.0819594807263160        0.0000000000000000        9.7999999999999997E-003  0.21700000000000000       0.70160000000000000        2.3599999999999999E-002   4.8000000000000001E-002
   94.000000000000000        1.0918994840257374        0.0000000000000000        9.7999999999999997E-003  0.21700000000000000       0.70160000000000000        2.3599999999999999E-002   4.8000000000000001E-002
   95.000000000000000        1.1027910761015109        0.0000000000000000        9.7999999999999997E-003  0.21700000000000000       0.70160000000000000        2.3400000000000001E-002   4.8200000000000000E-002
   96.000000000000000        1.1146673775670664        0.0000000000000000        9.5999999999999992E-003  0.21720000000000000       0.70160000000000000        2.3400000000000001E-002   4.8200000000000000E-002
   97.000000000000000        1.1272503816168098        0.0000000000000000        9.4000000000000004E-003  0.21740000000000001       0.70160000000000000        2.3400000000000001E-002   4.8200000000000000E-002
   98.000000000000000        1.1409325298959219        0.0000000000000000        9.4000000000000004E-003  0.21740000000000001       0.70160000000000000        2.3400000000000001E-002   4.8200000000000000E-002
   99.000000000000000        1.1552097950670110        0.0000000000000000        9.1999999999999998E-003  0.21740000000000001       0.70179999999999998        2.3400000000000001E-002   4.8200000000000000E-002
   100.00000000000000        1.1708056343049948        0.0000000000000000        9.1999999999999998E-003  0.21740000000000001       0.70179999999999998        2.3400000000000001E-002   4.8200000000000000E-002
   101.00000000000000        1.1873842286058915        0.0000000000000000        9.1999999999999998E-003  0.21740000000000001       0.70179999999999998        2.3400000000000001E-002   4.8200000000000000E-002
   102.00000000000000        1.2051111397849577        0.0000000000000000        8.9999999999999993E-003  0.21740000000000001       0.70199999999999996        2.3199999999999998E-002   4.8399999999999999E-002
   103.00000000000000        1.2238102246371731        0.0000000000000000        8.6000000000000000E-003  0.21779999999999999       0.70199999999999996        2.3199999999999998E-002   4.8399999999999999E-002
   104.00000000000000        1.2437072290092459        0.0000000000000000        8.3999999999999995E-003  0.21800000000000000       0.70199999999999996        2.3199999999999998E-002   4.8399999999999999E-002
   105.00000000000000        1.2637186968445691        0.0000000000000000        8.3999999999999995E-003  0.21800000000000000       0.70199999999999996        2.3199999999999998E-002   4.8399999999999999E-002
   106.00000000000000        1.2841155028729625        0.0000000000000000        8.2000000000000007E-003  0.21759999999999999       0.70260000000000000        2.3199999999999998E-002   4.8399999999999999E-002
   107.00000000000000        1.3269342026932498        0.0000000000000000        8.2000000000000007E-003  0.21620000000000000       0.11899999999999999       0.11840000000000001       0.53820000000000001     
   108.00000000000000        1.3227542291844046        0.0000000000000000        8.2000000000000007E-003  0.21620000000000000       0.11860000000000000       0.11880000000000000       0.53820000000000001     
   109.00000000000000        1.3337567648080595        0.0000000000000000        8.2000000000000007E-003  0.21620000000000000       0.11820000000000000       0.11920000000000000       0.53820000000000001     
   110.00000000000000        1.3440810569913819        0.0000000000000000        8.2000000000000007E-003  0.21620000000000000       0.11820000000000000       0.11920000000000000       0.53820000000000001     
   111.00000000000000        1.3539943985538732        0.0000000000000000        7.7999999999999996E-003  0.21659999999999999       0.11840000000000001       0.11899999999999999       0.53820000000000001     
   112.00000000000000        1.3633953194518784        0.0000000000000000        7.7999999999999996E-003  0.21579999999999999       0.11840000000000001       0.11899999999999999       0.53900000000000003     
   113.00000000000000        1.3696993495564977        0.0000000000000000        7.7999999999999996E-003  0.21579999999999999       0.12039999999999999       0.11700000000000001       0.53900000000000003     
   114.00000000000000        1.3814363886562693        0.0000000000000000        7.4000000000000003E-003  0.21600000000000000       0.11880000000000000       0.11860000000000000       0.53920000000000001     
   115.00000000000000        1.3844830915037836        0.0000000000000000        7.4000000000000003E-003  0.21600000000000000       0.10700000000000000       0.13039999999999999       0.53920000000000001     
   116.00000000000000        1.3863015158580780        0.0000000000000000        7.4000000000000003E-003  0.21600000000000000       0.10299999999999999       0.13439999999999999       0.53920000000000001     
   117.00000000000000        1.3902558504327764        0.0000000000000000        7.4000000000000003E-003  0.21579999999999999       0.11899999999999999       0.11840000000000001       0.53939999999999999     
   118.00000000000000        1.3938902682502985        0.0000000000000000        7.4000000000000003E-003  0.21500000000000000       0.12280000000000001       0.11459999999999999       0.54020000000000001     
   119.00000000000000        1.3908869417518048        0.0000000000000000        7.4000000000000003E-003  0.21500000000000000       0.12180000000000001       0.11559999999999999       0.54020000000000001     
   120.00000000000000        1.3915511794746682        0.0000000000000000        7.4000000000000003E-003  0.21460000000000001       0.12180000000000001       0.11559999999999999       0.54059999999999997     
   121.00000000000000        1.3817070539851792        0.0000000000000000        7.4000000000000003E-003  0.21460000000000001       0.49440000000000001       0.11620000000000000       0.16739999999999999     
   122.00000000000000        1.3885413254808665        0.0000000000000000        7.4000000000000003E-003  0.21460000000000001       0.49440000000000001       0.11640000000000000       0.16719999999999999     
   123.00000000000000        1.3873148603142846        0.0000000000000000        7.1999999999999998E-003  0.21479999999999999       0.49440000000000001       0.11640000000000000       0.16719999999999999     
   124.00000000000000        1.3861396039390737        0.0000000000000000        6.4000000000000003E-003  0.21479999999999999       0.49519999999999997       0.11640000000000000       0.16719999999999999     
   125.00000000000000        1.3834261843398279        0.0000000000000000        6.0000000000000001E-003  0.21479999999999999       0.49559999999999998       0.11640000000000000       0.16719999999999999     
   126.00000000000000        1.3794236533298991        0.0000000000000000        6.0000000000000001E-003  0.21479999999999999       0.49559999999999998       0.11700000000000001       0.16660000000000000     
   127.00000000000000        1.3750706586690387        0.0000000000000000        6.0000000000000001E-003  0.21440000000000001       0.49600000000000000       0.11700000000000001       0.16660000000000000     
   128.00000000000000        1.3696457815061562        0.0000000000000000        6.0000000000000001E-003  0.21420000000000000       0.49619999999999997       0.11760000000000000       0.16600000000000001     
   129.00000000000000        1.3626268582003029        0.0000000000000000        6.0000000000000001E-003  0.21420000000000000       0.49619999999999997       0.11780000000000000       0.16580000000000000     
   130.00000000000000        1.3545351038826448        0.0000000000000000        6.0000000000000001E-003  0.21420000000000000       0.49619999999999997       0.11980000000000000       0.16380000000000000     
   131.00000000000000        1.3458646210526166        0.0000000000000000        6.0000000000000001E-003  0.21420000000000000       0.49619999999999997       0.12080000000000000       0.16280000000000000     
   132.00000000000000        1.3367572146240803        0.0000000000000000        6.0000000000000001E-003  0.21379999999999999       0.49659999999999999       0.12060000000000000       0.16300000000000001     
   133.00000000000000        1.3257350430777630        0.0000000000000000        6.0000000000000001E-003  0.21379999999999999       0.49659999999999999       0.12060000000000000       0.16300000000000001     
   134.00000000000000        1.3179175294487568        0.0000000000000000        5.7999999999999996E-003  0.21140000000000000       0.49919999999999998       0.12100000000000000       0.16259999999999999     
   135.00000000000000        1.3056946775705240        0.0000000000000000        5.7999999999999996E-003  0.21140000000000000       0.49919999999999998       0.12300000000000000       0.16059999999999999     
   136.00000000000000        1.2931034322486274        0.0000000000000000        4.7999999999999996E-003  0.21220000000000000       0.49940000000000001       0.11940000000000001       0.16420000000000001     
   137.00000000000000        1.2803670445614199        0.0000000000000000        4.7999999999999996E-003  0.21199999999999999       0.49959999999999999       0.11940000000000001       0.16420000000000001     
   138.00000000000000        1.2667953882723928        0.0000000000000000        4.1999999999999997E-003  0.21260000000000001       0.49959999999999999       0.11940000000000001       0.16420000000000001     
   139.00000000000000        1.2541765626764869        0.0000000000000000        4.1999999999999997E-003  0.21260000000000001       0.49959999999999999       0.11940000000000001       0.16420000000000001     
   140.00000000000000        1.2408150857419322        0.0000000000000000        4.1999999999999997E-003  0.21179999999999999       0.50039999999999996       0.11680000000000000       0.16680000000000000     
   141.00000000000000        1.2275567774088640        0.0000000000000000        4.5999999999999999E-003  0.21140000000000000       0.50039999999999996       0.11740000000000000       0.16619999999999999     
   142.00000000000000        1.2162734896109924        0.0000000000000000        4.5999999999999999E-003  0.20979999999999999       0.50200000000000000       0.11700000000000001       0.16660000000000000     
   143.00000000000000        1.2033442693533036        0.0000000000000000        4.5999999999999999E-003  0.20960000000000001       0.50219999999999998       0.11860000000000000       0.16500000000000001     
   144.00000000000000        1.1919683614216887        0.0000000000000000        4.5999999999999999E-003  0.20960000000000001       0.50219999999999998       0.11840000000000001       0.16520000000000001     
   145.00000000000000        1.1813023684072606        0.0000000000000000        4.5999999999999999E-003  0.20960000000000001       0.50219999999999998       0.11780000000000000       0.16580000000000000     
   146.00000000000000        1.1720843937268794        0.0000000000000000        4.5999999999999999E-003  0.20960000000000001       0.50219999999999998       0.11780000000000000       0.16580000000000000     
   147.00000000000000        1.1647002301940081        0.0000000000000000        4.4000000000000003E-003  0.20979999999999999       0.50219999999999998       0.11660000000000000       0.16700000000000001     
   148.00000000000000        1.1643508030370371        0.0000000000000000        4.4000000000000003E-003  0.20519999999999999       0.50680000000000003       0.11660000000000000       0.16700000000000001     
   149.00000000000000        1.1596916990733630        0.0000000000000000        4.4000000000000003E-003  0.20519999999999999       0.50680000000000003       0.11660000000000000       0.16700000000000001     
   150.00000000000000        1.1610711940814062        0.0000000000000000        4.4000000000000003E-003  0.20519999999999999       0.50680000000000003       0.11260000000000001       0.17100000000000001     
   151.00000000000000        1.1593527068914282        0.0000000000000000        4.4000000000000003E-003  0.20380000000000001       0.50819999999999999       0.11260000000000001       0.17100000000000001     
   152.00000000000000        1.1435106284806789        0.0000000000000000        4.4000000000000003E-003  0.20340000000000000       0.49700000000000000       0.22600000000000001        6.9199999999999998E-002
   153.00000000000000        1.1733576030232957        0.0000000000000000        4.4000000000000003E-003  0.20300000000000001       0.52859999999999996       0.16400000000000001       0.10000000000000001     
   154.00000000000000        1.1751186631323889        0.0000000000000000        4.1999999999999997E-003  0.20300000000000001       0.45379999999999998       0.15679999999999999       0.18220000000000000     
   155.00000000000000        1.1237252718485704        0.0000000000000000        3.3999999999999998E-003  0.20380000000000001       0.22020000000000001       0.36520000000000002       0.20740000000000000     
   156.00000000000000        1.2011928524288589        0.0000000000000000        3.2000000000000002E-003  0.20399999999999999       0.22020000000000001       0.37440000000000001       0.19819999999999999     
   157.00000000000000        1.2155822605561817        0.0000000000000000        2.5999999999999999E-003  0.20300000000000001       0.22180000000000000       0.38340000000000002       0.18920000000000001     
   158.00000000000000        1.2293636109590729        0.0000000000000000        2.3999999999999998E-003  0.20319999999999999       0.22180000000000000       0.38240000000000002       0.19020000000000001     
   159.00000000000000        1.2441766402120764        0.0000000000000000        2.3999999999999998E-003  0.20319999999999999       0.22180000000000000       0.38300000000000001       0.18959999999999999     
   160.00000000000000        1.2592541600985792        0.0000000000000000        2.3999999999999998E-003  0.20319999999999999       0.22180000000000000       0.38279999999999997       0.18980000000000000     
   161.00000000000000        1.2754556422731411        0.0000000000000000        2.3999999999999998E-003  0.20219999999999999       0.22280000000000000       0.38279999999999997       0.18980000000000000     
   162.00000000000000        1.2902034059548004        0.0000000000000000        2.3999999999999998E-003  0.20219999999999999       0.22280000000000000       0.39100000000000001       0.18160000000000001     
   163.00000000000000        1.3043416901451992        0.0000000000000000        2.3999999999999998E-003  0.20200000000000001       0.22300000000000000       0.39000000000000001       0.18260000000000001     
   164.00000000000000        1.3179139548336662        0.0000000000000000        2.3999999999999998E-003  0.20140000000000000       0.22359999999999999       0.38619999999999999       0.18640000000000001     
   165.00000000000000        1.3301192624868992        0.0000000000000000        2.3999999999999998E-003  0.20140000000000000       0.22359999999999999       0.38460000000000000       0.18800000000000000     
   166.00000000000000        1.3424151004842628        0.0000000000000000        2.3999999999999998E-003  0.19919999999999999       0.22580000000000000       0.38219999999999998       0.19040000000000001     
   167.00000000000000        1.3511405784263337        0.0000000000000000        2.2000000000000001E-003  0.19919999999999999       0.22600000000000001       0.38059999999999999       0.19200000000000000     
   168.00000000000000        1.3585462877389922        0.0000000000000000        2.0000000000000000E-003  0.19919999999999999       0.22620000000000001       0.38319999999999999       0.18940000000000001     
   169.00000000000000        1.3639090520703487        0.0000000000000000        2.0000000000000000E-003  0.19919999999999999       0.22620000000000001       0.38319999999999999       0.18940000000000001     
   170.00000000000000        1.3678430685159135        0.0000000000000000        2.0000000000000000E-003  0.19919999999999999       0.22620000000000001       0.38800000000000001       0.18459999999999999     
   171.00000000000000        1.3703158976045817        0.0000000000000000        2.0000000000000000E-003  0.19919999999999999       0.22620000000000001       0.38619999999999999       0.18640000000000001     
   172.00000000000000        1.3712310287986504        0.0000000000000000        2.0000000000000000E-003  0.19919999999999999       0.22620000000000001       0.38560000000000000       0.18700000000000000     
   173.00000000000000        1.3707929512562311        0.0000000000000000        2.0000000000000000E-003  0.19919999999999999       0.22620000000000001       0.38700000000000001       0.18559999999999999     
   174.00000000000000        1.3693845889431699        0.0000000000000000        2.3999999999999998E-003  0.19880000000000000       0.22620000000000001       0.38719999999999999       0.18540000000000001     
   175.00000000000000        1.3670531652614080        0.0000000000000000        2.5999999999999999E-003  0.19860000000000000       0.22620000000000001       0.38679999999999998       0.18579999999999999     
   176.00000000000000        1.3641222836643858        0.0000000000000000        2.5999999999999999E-003  0.19860000000000000       0.22620000000000001       0.38719999999999999       0.18540000000000001     
   177.00000000000000        1.3608312845943824        0.0000000000000000        1.8000000000000000E-003  0.19939999999999999       0.22620000000000001       0.39040000000000002       0.18220000000000000     
   178.00000000000000        1.3574006014432274        0.0000000000000000        1.6000000000000001E-003  0.19960000000000000       0.22620000000000001       0.38919999999999999       0.18340000000000001     
   179.00000000000000        1.3540390835161469        0.0000000000000000        1.6000000000000001E-003  0.19960000000000000       0.22620000000000001       0.39100000000000001       0.18160000000000001     
   180.00000000000000        1.3510827882332459        0.0000000000000000        1.4000000000000000E-003  0.19980000000000001       0.22620000000000001       0.39040000000000002       0.18220000000000000     
   181.00000000000000        1.3497965076290841        0.0000000000000000        1.4000000000000000E-003  0.19900000000000001       0.22700000000000001       0.38519999999999999       0.18740000000000001     
   182.00000000000000        1.3484868650921986        0.0000000000000000        1.4000000000000000E-003  0.19900000000000001       0.22700000000000001       0.38579999999999998       0.18679999999999999     
   183.00000000000000        1.3478228756926585        0.0000000000000000        1.6000000000000001E-003  0.19860000000000000       0.22720000000000001       0.38319999999999999       0.18940000000000001     
   184.00000000000000        1.3479982829790200        0.0000000000000000        1.8000000000000000E-003  0.19839999999999999       0.22720000000000001       0.38860000000000000       0.18400000000000000     
   185.00000000000000        1.3496411714731806        0.0000000000000000        1.1999999999999999E-003  0.19880000000000000       0.22739999999999999       0.38560000000000000       0.18700000000000000     
   186.00000000000000        1.3519246584590419        0.0000000000000000        1.6000000000000001E-003  0.19839999999999999       0.22739999999999999       0.38219999999999998       0.19040000000000001     
   187.00000000000000        1.3550348480983776        0.0000000000000000        1.6000000000000001E-003  0.19839999999999999       0.22739999999999999       0.38000000000000000       0.19259999999999999     
   188.00000000000000        1.3585263795806273        0.0000000000000000        1.4000000000000000E-003  0.19860000000000000       0.22739999999999999       0.38960000000000000       0.18300000000000000     
   189.00000000000000        1.3638353823932292        0.0000000000000000        1.4000000000000000E-003  0.19760000000000000       0.22839999999999999       0.38200000000000001       0.19059999999999999     
