#        BMIN =   406
#        BMAX =   411
#     INIBAND =   410
#      NBANDS =   540
#         NSW =  2000
#       POTIM =   1.0
#        TEMP = 300.0
#    NAMDTINI =   144
#    NAMDTIME =  1000
#       NTRAJ =  5000
#        NELM =  1000
#       LHOLE =     T
#        LSHP =     T
#      LCPTXT =     T
#      RUNDIR = ../../run/
   1.0000000000000000        1.8908300746620630        0.0000000000000000        0.0000000000000000        0.0000000000000000        0.0000000000000000        1.0000000000000000        0.0000000000000000     
   2.0000000000000000        1.8832704566400060        0.0000000000000000        0.0000000000000000        0.0000000000000000        0.0000000000000000       0.99860000000000004        1.4000000000000000E-003
   3.0000000000000000        1.8685596384551015        0.0000000000000000        0.0000000000000000        0.0000000000000000        0.0000000000000000       0.99600000000000000        4.0000000000000001E-003
   4.0000000000000000        1.8482904818530326        0.0000000000000000        0.0000000000000000        0.0000000000000000        0.0000000000000000       0.99539999999999995        4.5999999999999999E-003
   5.0000000000000000        1.8254798538818764        0.0000000000000000        0.0000000000000000        0.0000000000000000        0.0000000000000000       0.99539999999999995        4.5999999999999999E-003
   6.0000000000000000        1.7918110423966396        0.0000000000000000        0.0000000000000000        0.0000000000000000        0.0000000000000000       0.99539999999999995        4.5999999999999999E-003
   7.0000000000000000        1.7597647737252327        0.0000000000000000        0.0000000000000000        0.0000000000000000        0.0000000000000000       0.99819999999999998        1.8000000000000000E-003
   8.0000000000000000        1.7245177715506963        0.0000000000000000        0.0000000000000000        0.0000000000000000        0.0000000000000000       0.99880000000000002        1.1999999999999999E-003
   9.0000000000000000        1.6933257535146531        0.0000000000000000        0.0000000000000000        0.0000000000000000        0.0000000000000000       0.99900000000000000        1.0000000000000000E-003
   10.000000000000000        1.6563569072684343        0.0000000000000000        0.0000000000000000        0.0000000000000000        0.0000000000000000       0.99960000000000004        4.0000000000000002E-004
   11.000000000000000        1.6216486287139293        0.0000000000000000        0.0000000000000000        0.0000000000000000        0.0000000000000000        1.0000000000000000        0.0000000000000000     
   12.000000000000000        1.5862930156225687        0.0000000000000000        0.0000000000000000        0.0000000000000000        0.0000000000000000        1.0000000000000000        0.0000000000000000     
   13.000000000000000        1.5545585679178981        0.0000000000000000        0.0000000000000000        0.0000000000000000        0.0000000000000000        1.0000000000000000        0.0000000000000000     
   14.000000000000000        1.5253619149148696        0.0000000000000000        0.0000000000000000        0.0000000000000000        0.0000000000000000       0.99960000000000004        4.0000000000000002E-004
   15.000000000000000        1.5004141282112768        0.0000000000000000        0.0000000000000000        0.0000000000000000        0.0000000000000000       0.99519999999999997        4.7999999999999996E-003
   16.000000000000000        1.4801269316637720        0.0000000000000000        0.0000000000000000        0.0000000000000000        0.0000000000000000       0.99900000000000000        1.0000000000000000E-003
   17.000000000000000        1.4657815251894990        0.0000000000000000        0.0000000000000000        0.0000000000000000        0.0000000000000000       0.99919999999999998        8.0000000000000004E-004
   18.000000000000000        1.4556130067272037        0.0000000000000000        0.0000000000000000        0.0000000000000000        0.0000000000000000       0.98760000000000003        1.2400000000000000E-002
   19.000000000000000        1.4511479307910131        0.0000000000000000        0.0000000000000000        0.0000000000000000        0.0000000000000000       0.99960000000000004        4.0000000000000002E-004
   20.000000000000000        1.4522483389929117        0.0000000000000000        0.0000000000000000        0.0000000000000000        0.0000000000000000       0.99980000000000002        2.0000000000000001E-004
   21.000000000000000        1.4574334409224665        0.0000000000000000        0.0000000000000000        0.0000000000000000        0.0000000000000000       0.99039999999999995        9.5999999999999992E-003
   22.000000000000000        1.4676649135977615        0.0000000000000000        0.0000000000000000        0.0000000000000000        0.0000000000000000       0.99460000000000004        5.4000000000000003E-003
   23.000000000000000        1.4807224379738078        0.0000000000000000        0.0000000000000000        0.0000000000000000        0.0000000000000000       0.98880000000000001        1.1200000000000000E-002
   24.000000000000000        1.4968429056351722        0.0000000000000000        0.0000000000000000        0.0000000000000000        0.0000000000000000       0.98999999999999999        1.0000000000000000E-002
   25.000000000000000        1.5135474455902380        0.0000000000000000        0.0000000000000000        0.0000000000000000        0.0000000000000000       0.98860000000000003        1.1400000000000000E-002
   26.000000000000000        1.5345898344680069        0.0000000000000000        0.0000000000000000        0.0000000000000000        0.0000000000000000       0.98299999999999998        1.7000000000000001E-002
   27.000000000000000        1.5545632645496346        0.0000000000000000        0.0000000000000000        0.0000000000000000        0.0000000000000000       0.98960000000000004        1.0400000000000000E-002
   28.000000000000000        1.5752662467966918        0.0000000000000000        0.0000000000000000        0.0000000000000000        0.0000000000000000       0.99319999999999997        6.7999999999999996E-003
   29.000000000000000        1.5950735213731890        0.0000000000000000        0.0000000000000000        0.0000000000000000        0.0000000000000000       0.99199999999999999        8.0000000000000002E-003
   30.000000000000000        1.6134702130529699        0.0000000000000000        0.0000000000000000        0.0000000000000000        0.0000000000000000       0.99199999999999999        8.0000000000000002E-003
   31.000000000000000        1.6302707359459792        0.0000000000000000        0.0000000000000000        0.0000000000000000        0.0000000000000000       0.99399999999999999        6.0000000000000001E-003
   32.000000000000000        1.6448875127049942        0.0000000000000000        0.0000000000000000        0.0000000000000000        0.0000000000000000       0.99299999999999999        7.0000000000000001E-003
   33.000000000000000        1.6565476539794739        0.0000000000000000        0.0000000000000000        0.0000000000000000        0.0000000000000000       0.99460000000000004        5.4000000000000003E-003
   34.000000000000000        1.6657735152156783        0.0000000000000000        0.0000000000000000        0.0000000000000000        0.0000000000000000       0.99619999999999997        3.8000000000000000E-003
   35.000000000000000        1.6722322369922265        0.0000000000000000        0.0000000000000000        0.0000000000000000        0.0000000000000000       0.99299999999999999        7.0000000000000001E-003
   36.000000000000000        1.6756040718101937        0.0000000000000000        0.0000000000000000        0.0000000000000000        0.0000000000000000       0.99399999999999999        6.0000000000000001E-003
   37.000000000000000        1.6762262280203586        0.0000000000000000        0.0000000000000000        0.0000000000000000        0.0000000000000000       0.99460000000000004        5.4000000000000003E-003
   38.000000000000000        1.6744702539417557        0.0000000000000000        0.0000000000000000        0.0000000000000000        0.0000000000000000       0.99460000000000004        5.4000000000000003E-003
   39.000000000000000        1.6709942664146284        0.0000000000000000        0.0000000000000000        0.0000000000000000        0.0000000000000000       0.99419999999999997        5.7999999999999996E-003
   40.000000000000000        1.6653065324554142        0.0000000000000000        0.0000000000000000        0.0000000000000000        0.0000000000000000       0.99419999999999997        5.7999999999999996E-003
   41.000000000000000        1.6588244301562785        0.0000000000000000        0.0000000000000000        0.0000000000000000        0.0000000000000000       0.99680000000000002        3.2000000000000002E-003
   42.000000000000000        1.6517646767236378        0.0000000000000000        0.0000000000000000        0.0000000000000000        0.0000000000000000       0.99680000000000002        3.2000000000000002E-003
   43.000000000000000        1.6449793838088571        0.0000000000000000        0.0000000000000000        0.0000000000000000        0.0000000000000000       0.99700000000000000        3.0000000000000001E-003
   44.000000000000000        1.6390439132894676        0.0000000000000000        0.0000000000000000        0.0000000000000000        0.0000000000000000       0.99700000000000000        3.0000000000000001E-003
   45.000000000000000        1.6345013425220818        0.0000000000000000        0.0000000000000000        0.0000000000000000        0.0000000000000000       0.99539999999999995        4.5999999999999999E-003
   46.000000000000000        1.6315960246983081        0.0000000000000000        0.0000000000000000        0.0000000000000000        0.0000000000000000       0.99339999999999995        6.6000000000000000E-003
   47.000000000000000        1.6318306470458459        0.0000000000000000        0.0000000000000000        0.0000000000000000        0.0000000000000000       0.99800000000000000        2.0000000000000000E-003
   48.000000000000000        1.6332009820988393        0.0000000000000000        0.0000000000000000        0.0000000000000000        0.0000000000000000       0.99839999999999995        1.6000000000000001E-003
   49.000000000000000        1.6385933971563258        0.0000000000000000        0.0000000000000000        0.0000000000000000        0.0000000000000000       0.99780000000000002        2.2000000000000001E-003
   50.000000000000000        1.6460184888434786        0.0000000000000000        0.0000000000000000        0.0000000000000000        0.0000000000000000       0.98699999999999999        1.2999999999999999E-002
   51.000000000000000        1.6564202125056726        0.0000000000000000        0.0000000000000000        0.0000000000000000        0.0000000000000000       0.96479999999999999        3.5200000000000002E-002
   52.000000000000000        1.6689873051245221        0.0000000000000000        0.0000000000000000        0.0000000000000000        0.0000000000000000       0.95079999999999998        4.9200000000000001E-002
   53.000000000000000        1.6828519743137960        0.0000000000000000        0.0000000000000000        0.0000000000000000        0.0000000000000000        1.0000000000000000        0.0000000000000000     
   54.000000000000000        1.6988372384183461        0.0000000000000000        0.0000000000000000        0.0000000000000000        0.0000000000000000        1.0000000000000000        0.0000000000000000     
   55.000000000000000        1.7153484387991444        0.0000000000000000        0.0000000000000000        0.0000000000000000        0.0000000000000000       0.99960000000000004        4.0000000000000002E-004
   56.000000000000000        1.7324580597681052        0.0000000000000000        0.0000000000000000        0.0000000000000000        0.0000000000000000       0.99980000000000002        2.0000000000000001E-004
   57.000000000000000        1.7489041165974550        0.0000000000000000        0.0000000000000000        0.0000000000000000        0.0000000000000000       0.99939999999999996        5.9999999999999995E-004
   58.000000000000000        1.7643731816788550        0.0000000000000000        0.0000000000000000        0.0000000000000000        0.0000000000000000       0.99939999999999996        5.9999999999999995E-004
   59.000000000000000        1.7782527647043866        0.0000000000000000        0.0000000000000000        0.0000000000000000        0.0000000000000000       0.99939999999999996        5.9999999999999995E-004
   60.000000000000000        1.7900522911747645        0.0000000000000000        0.0000000000000000        0.0000000000000000        0.0000000000000000       0.99939999999999996        5.9999999999999995E-004
   61.000000000000000        1.7990438835391032        0.0000000000000000        0.0000000000000000        0.0000000000000000        0.0000000000000000       0.99939999999999996        5.9999999999999995E-004
   62.000000000000000        1.8044894004999832        0.0000000000000000        0.0000000000000000        0.0000000000000000        0.0000000000000000       0.99939999999999996        5.9999999999999995E-004
   63.000000000000000        1.8063088777951282        0.0000000000000000        0.0000000000000000        0.0000000000000000        0.0000000000000000       0.99939999999999996        5.9999999999999995E-004
   64.000000000000000        1.8039639193178794        0.0000000000000000        0.0000000000000000        0.0000000000000000        0.0000000000000000       0.99939999999999996        5.9999999999999995E-004
   65.000000000000000        1.7980738167693231        0.0000000000000000        0.0000000000000000        0.0000000000000000        0.0000000000000000       0.99939999999999996        5.9999999999999995E-004
   66.000000000000000        1.7881619918479592        0.0000000000000000        0.0000000000000000        0.0000000000000000        0.0000000000000000       0.99939999999999996        5.9999999999999995E-004
   67.000000000000000        1.7749173524110990        0.0000000000000000        0.0000000000000000        0.0000000000000000        0.0000000000000000       0.99939999999999996        5.9999999999999995E-004
   68.000000000000000        1.7586625818818060        0.0000000000000000        0.0000000000000000        0.0000000000000000        0.0000000000000000       0.99939999999999996        5.9999999999999995E-004
   69.000000000000000        1.7395011889374956        0.0000000000000000        0.0000000000000000        0.0000000000000000        0.0000000000000000       0.99939999999999996        5.9999999999999995E-004
   70.000000000000000        1.7162964718332701        0.0000000000000000        0.0000000000000000        0.0000000000000000        0.0000000000000000       0.99880000000000002        1.1999999999999999E-003
   71.000000000000000        1.6918501532680505        0.0000000000000000        0.0000000000000000        0.0000000000000000        0.0000000000000000       0.99880000000000002        1.1999999999999999E-003
   72.000000000000000        1.6659386219021173        0.0000000000000000        0.0000000000000000        0.0000000000000000        0.0000000000000000       0.99880000000000002        1.1999999999999999E-003
   73.000000000000000        1.6395355422051356        0.0000000000000000        0.0000000000000000        0.0000000000000000        0.0000000000000000       0.99880000000000002        1.1999999999999999E-003
   74.000000000000000        1.6131221997943497        0.0000000000000000        0.0000000000000000        0.0000000000000000        0.0000000000000000       0.99880000000000002        1.1999999999999999E-003
   75.000000000000000        1.5879159371028087        0.0000000000000000        0.0000000000000000        0.0000000000000000        0.0000000000000000       0.99880000000000002        1.1999999999999999E-003
   76.000000000000000        1.5645591852761194        0.0000000000000000        0.0000000000000000        0.0000000000000000        0.0000000000000000       0.99880000000000002        1.1999999999999999E-003
   77.000000000000000        1.5438398036780931        0.0000000000000000        0.0000000000000000        0.0000000000000000        0.0000000000000000       0.99880000000000002        1.1999999999999999E-003
   78.000000000000000        1.5265857750471836        0.0000000000000000        0.0000000000000000        0.0000000000000000        0.0000000000000000       0.99880000000000002        1.1999999999999999E-003
   79.000000000000000        1.5133882624950321        0.0000000000000000        0.0000000000000000        0.0000000000000000        0.0000000000000000       0.99860000000000004        1.4000000000000000E-003
   80.000000000000000        1.5052642529681859        0.0000000000000000        0.0000000000000000        0.0000000000000000        0.0000000000000000       0.99839999999999995        1.6000000000000001E-003
   81.000000000000000        1.5019457112332262        0.0000000000000000        0.0000000000000000        0.0000000000000000        0.0000000000000000       0.99860000000000004        1.4000000000000000E-003
   82.000000000000000        1.5041534172980819        0.0000000000000000        0.0000000000000000        0.0000000000000000        0.0000000000000000       0.99800000000000000        2.0000000000000000E-003
   83.000000000000000        1.5116713284797727        0.0000000000000000        0.0000000000000000        0.0000000000000000        0.0000000000000000       0.99800000000000000        2.0000000000000000E-003
   84.000000000000000        1.5248477038028534        0.0000000000000000        0.0000000000000000        0.0000000000000000        0.0000000000000000       0.99439999999999995        5.5999999999999999E-003
   85.000000000000000        1.5430346482443875        0.0000000000000000        0.0000000000000000        0.0000000000000000        0.0000000000000000       0.99319999999999997        6.7999999999999996E-003
   86.000000000000000        1.5659453481815253        0.0000000000000000        0.0000000000000000        0.0000000000000000        0.0000000000000000       0.99380000000000002        6.1999999999999998E-003
   87.000000000000000        1.5930027468011110        0.0000000000000000        0.0000000000000000        0.0000000000000000        0.0000000000000000       0.99380000000000002        6.1999999999999998E-003
   88.000000000000000        1.6235725991779615        0.0000000000000000        0.0000000000000000        0.0000000000000000        0.0000000000000000       0.99619999999999997        3.8000000000000000E-003
   89.000000000000000        1.6563744023943923        0.0000000000000000        0.0000000000000000        0.0000000000000000        0.0000000000000000       0.99560000000000004        4.4000000000000003E-003
   90.000000000000000        1.6908410946078434        0.0000000000000000        0.0000000000000000        0.0000000000000000        0.0000000000000000       0.99219999999999997        7.7999999999999996E-003
   91.000000000000000        1.7254385173550002        0.0000000000000000        0.0000000000000000        0.0000000000000000        0.0000000000000000       0.99419999999999997        5.7999999999999996E-003
   92.000000000000000        1.7601341422009651        0.0000000000000000        0.0000000000000000        0.0000000000000000        0.0000000000000000       0.98760000000000003        1.2400000000000000E-002
   93.000000000000000        1.7937047375436921        0.0000000000000000        0.0000000000000000        0.0000000000000000        0.0000000000000000       0.98699999999999999        1.2999999999999999E-002
   94.000000000000000        1.8247279143946651        0.0000000000000000        0.0000000000000000        0.0000000000000000        0.0000000000000000        1.0000000000000000        0.0000000000000000     
   95.000000000000000        1.8516926018959838        0.0000000000000000        0.0000000000000000        0.0000000000000000        0.0000000000000000       0.99880000000000002        1.1999999999999999E-003
   96.000000000000000        1.8796262050202164        0.0000000000000000        0.0000000000000000        0.0000000000000000        0.0000000000000000       0.99660000000000004        3.3999999999999998E-003
   97.000000000000000        1.8956617931597355        0.0000000000000000        0.0000000000000000        0.0000000000000000        0.0000000000000000       0.98560000000000003        1.4400000000000000E-002
   98.000000000000000        1.9094168013498252        0.0000000000000000        0.0000000000000000        0.0000000000000000        0.0000000000000000       0.97380000000000000        2.6200000000000001E-002
   99.000000000000000        1.9186191602553011        0.0000000000000000        0.0000000000000000        0.0000000000000000        0.0000000000000000       0.97440000000000004        2.5600000000000001E-002
   100.00000000000000        1.9217629786052093        0.0000000000000000        0.0000000000000000        0.0000000000000000        0.0000000000000000       0.97460000000000002        2.5399999999999999E-002
   101.00000000000000        1.9187546664414483        0.0000000000000000        0.0000000000000000        0.0000000000000000        0.0000000000000000       0.98180000000000001        1.8200000000000001E-002
   102.00000000000000        1.9108380846007702        0.0000000000000000        0.0000000000000000        0.0000000000000000        0.0000000000000000       0.98380000000000001        1.6199999999999999E-002
   103.00000000000000        1.9004271356783125        0.0000000000000000        0.0000000000000000        0.0000000000000000        0.0000000000000000       0.99019999999999997        9.7999999999999997E-003
   104.00000000000000        1.8810864209734477        0.0000000000000000        0.0000000000000000        0.0000000000000000        0.0000000000000000       0.99060000000000004        9.4000000000000004E-003
   105.00000000000000        1.8552715234184767        0.0000000000000000        0.0000000000000000        0.0000000000000000        0.0000000000000000       0.98740000000000006        1.2600000000000000E-002
   106.00000000000000        1.8292445496673386        0.0000000000000000        0.0000000000000000        0.0000000000000000        0.0000000000000000       0.99019999999999997        9.7999999999999997E-003
   107.00000000000000        1.7961758693600112        0.0000000000000000        0.0000000000000000        0.0000000000000000        0.0000000000000000       0.99160000000000004        8.3999999999999995E-003
   108.00000000000000        1.7610121713343776        0.0000000000000000        0.0000000000000000        0.0000000000000000        0.0000000000000000       0.98660000000000003        1.3400000000000000E-002
   109.00000000000000        1.7253098809947440        0.0000000000000000        0.0000000000000000        0.0000000000000000        0.0000000000000000       0.99360000000000004        6.4000000000000003E-003
   110.00000000000000        1.6889594268527164        0.0000000000000000        0.0000000000000000        0.0000000000000000        0.0000000000000000       0.99319999999999997        6.7999999999999996E-003
   111.00000000000000        1.6524868743647834        0.0000000000000000        0.0000000000000000        0.0000000000000000        0.0000000000000000       0.98719999999999997        1.2800000000000001E-002
   112.00000000000000        1.6176969110804729        0.0000000000000000        0.0000000000000000        0.0000000000000000        0.0000000000000000       0.98719999999999997        1.2800000000000001E-002
   113.00000000000000        1.5843779186446927        0.0000000000000000        0.0000000000000000        0.0000000000000000        0.0000000000000000       0.97819999999999996        2.1800000000000000E-002
   114.00000000000000        1.5541811211842642        0.0000000000000000        0.0000000000000000        0.0000000000000000        0.0000000000000000       0.97599999999999998        2.4000000000000000E-002
   115.00000000000000        1.5283373760098908        0.0000000000000000        0.0000000000000000        0.0000000000000000        0.0000000000000000       0.97740000000000005        2.2599999999999999E-002
   116.00000000000000        1.5053878827915337        0.0000000000000000        0.0000000000000000        0.0000000000000000        0.0000000000000000       0.98219999999999996        1.7800000000000000E-002
   117.00000000000000        1.4899454937148924        0.0000000000000000        0.0000000000000000        0.0000000000000000        0.0000000000000000       0.97540000000000004        2.4600000000000000E-002
   118.00000000000000        1.4944014455139414        0.0000000000000000        0.0000000000000000        0.0000000000000000        0.0000000000000000       0.97540000000000004        2.4600000000000000E-002
   119.00000000000000        1.4939304733880761        0.0000000000000000        0.0000000000000000        0.0000000000000000       0.10600000000000000       0.87039999999999995        2.3599999999999999E-002
   120.00000000000000        1.4836418341391802        0.0000000000000000        0.0000000000000000        0.0000000000000000       0.10620000000000000       0.14460000000000001       0.74919999999999998     
   121.00000000000000        1.5000093980102909        0.0000000000000000        0.0000000000000000        0.0000000000000000       0.10639999999999999       0.14440000000000000       0.74919999999999998     
   122.00000000000000        1.5168824863823687        0.0000000000000000        0.0000000000000000        0.0000000000000000       0.11219999999999999       0.13860000000000000       0.74919999999999998     
   123.00000000000000        1.5167897335873550        0.0000000000000000        0.0000000000000000        0.0000000000000000       0.15500000000000000        9.5600000000000004E-002  0.74939999999999996     
   124.00000000000000        1.5064016180029030        0.0000000000000000        0.0000000000000000        0.0000000000000000       0.79640000000000000       0.20360000000000000        0.0000000000000000     
   125.00000000000000        1.5174199149849334        0.0000000000000000        0.0000000000000000        0.0000000000000000       0.48959999999999998       0.39700000000000002       0.11340000000000000     
   126.00000000000000        1.5602829993277387        0.0000000000000000        0.0000000000000000        7.0000000000000001E-003   0.0000000000000000       0.90380000000000005        8.9200000000000002E-002
   127.00000000000000        1.5642636972274633        0.0000000000000000        0.0000000000000000        7.0000000000000001E-003   0.0000000000000000       0.90339999999999998        8.9599999999999999E-002
   128.00000000000000        1.5883862402888986        0.0000000000000000        0.0000000000000000        7.0000000000000001E-003   0.0000000000000000       0.90380000000000005        8.9200000000000002E-002
   129.00000000000000        1.6584242034011196        0.0000000000000000        0.0000000000000000        7.0000000000000001E-003   0.0000000000000000       0.90380000000000005        8.9200000000000002E-002
   130.00000000000000        1.6262583081752200        0.0000000000000000        0.0000000000000000        7.0000000000000001E-003   0.0000000000000000       0.90400000000000003        8.8999999999999996E-002
   131.00000000000000        1.6447782976304699        0.0000000000000000        0.0000000000000000        7.0000000000000001E-003   0.0000000000000000       0.90320000000000000        8.9800000000000005E-002
   132.00000000000000        1.6623363974080703        0.0000000000000000        0.0000000000000000        7.0000000000000001E-003   0.0000000000000000       0.90059999999999996        9.2399999999999996E-002
   133.00000000000000        1.6768252436531383        0.0000000000000000        0.0000000000000000        7.0000000000000001E-003   0.0000000000000000       0.89980000000000004        9.3200000000000005E-002
   134.00000000000000        1.6885469912023787        0.0000000000000000        0.0000000000000000        7.0000000000000001E-003   0.0000000000000000       0.89939999999999998        9.3600000000000003E-002
   135.00000000000000        1.6982361451421184        0.0000000000000000        0.0000000000000000        7.0000000000000001E-003   0.0000000000000000       0.89339999999999997        9.9599999999999994E-002
   136.00000000000000        1.7028063630949866        0.0000000000000000        0.0000000000000000        7.0000000000000001E-003   0.0000000000000000       0.88139999999999996       0.11160000000000000     
   137.00000000000000        1.7045123117656873        0.0000000000000000        0.0000000000000000        7.0000000000000001E-003   0.0000000000000000       0.92020000000000002        7.2800000000000004E-002
   138.00000000000000        1.7035429646231017        0.0000000000000000        0.0000000000000000        7.0000000000000001E-003   0.0000000000000000       0.88239999999999996       0.11060000000000000     
   139.00000000000000        1.6994903987643157        0.0000000000000000        0.0000000000000000        7.0000000000000001E-003   0.0000000000000000       0.89620000000000000        9.6799999999999997E-002
   140.00000000000000        1.6927803971114377        0.0000000000000000        0.0000000000000000        6.7999999999999996E-003   2.0000000000000001E-004  0.87800000000000000       0.11500000000000000     
   141.00000000000000        1.6837600060002975        0.0000000000000000        0.0000000000000000        6.7999999999999996E-003   2.0000000000000001E-004  0.94420000000000004        4.8800000000000003E-002
   142.00000000000000        1.6730521521651123        0.0000000000000000        0.0000000000000000        6.7999999999999996E-003   2.0000000000000001E-004  0.94579999999999997        4.7199999999999999E-002
   143.00000000000000        1.6614663682491022        0.0000000000000000        0.0000000000000000        6.7999999999999996E-003   2.0000000000000001E-004  0.94520000000000004        4.7800000000000002E-002
   144.00000000000000        1.6498942957302980        0.0000000000000000        0.0000000000000000        6.7999999999999996E-003   2.0000000000000001E-004  0.93620000000000003        5.6800000000000003E-002
   145.00000000000000        1.6388583195489734        0.0000000000000000        0.0000000000000000        6.7999999999999996E-003   2.0000000000000001E-004  0.93020000000000003        6.2799999999999995E-002
   146.00000000000000        1.6292005716547640        0.0000000000000000        0.0000000000000000        6.7999999999999996E-003   2.0000000000000001E-004  0.92379999999999995        6.9199999999999998E-002
   147.00000000000000        1.6206621252554740        0.0000000000000000        0.0000000000000000        6.7999999999999996E-003   2.0000000000000001E-004  0.92059999999999997        7.2400000000000006E-002
   148.00000000000000        1.6146475353629142        0.0000000000000000        0.0000000000000000        6.7999999999999996E-003   2.0000000000000001E-004  0.92059999999999997        7.2400000000000006E-002
   149.00000000000000        1.6112426982589474        0.0000000000000000        0.0000000000000000        6.7999999999999996E-003   2.0000000000000001E-004  0.92079999999999995        7.2200000000000000E-002
   150.00000000000000        1.6104018933020179        0.0000000000000000        0.0000000000000000        6.7999999999999996E-003   2.0000000000000001E-004  0.92340000000000000        6.9599999999999995E-002
   151.00000000000000        1.6123261071978341        0.0000000000000000        0.0000000000000000        6.7999999999999996E-003   2.0000000000000001E-004  0.91979999999999995        7.3200000000000001E-002
   152.00000000000000        1.6167511049438659        0.0000000000000000        0.0000000000000000        6.7999999999999996E-003   2.0000000000000001E-004  0.91979999999999995        7.3200000000000001E-002
   153.00000000000000        1.6233836030317725        0.0000000000000000        0.0000000000000000        6.7999999999999996E-003   2.0000000000000001E-004  0.92059999999999997        7.2400000000000006E-002
   154.00000000000000        1.6318417264222256        0.0000000000000000        0.0000000000000000        6.7999999999999996E-003   2.0000000000000001E-004  0.92259999999999998        7.0400000000000004E-002
   155.00000000000000        1.6416756354821700        0.0000000000000000        0.0000000000000000        6.7999999999999996E-003   2.0000000000000001E-004  0.92259999999999998        7.0400000000000004E-002
   156.00000000000000        1.6509869113128175        0.0000000000000000        0.0000000000000000        6.7999999999999996E-003   2.0000000000000001E-004  0.92140000000000000        7.1599999999999997E-002
   157.00000000000000        1.6634228151371242        0.0000000000000000        0.0000000000000000        6.7999999999999996E-003   2.0000000000000001E-004  0.91900000000000004        7.3999999999999996E-002
   158.00000000000000        1.6740729849353928        0.0000000000000000        0.0000000000000000        6.6000000000000000E-003   4.0000000000000002E-004  0.92120000000000002        7.1800000000000003E-002
   159.00000000000000        1.6845784067102785        0.0000000000000000        0.0000000000000000        6.0000000000000001E-003   1.0000000000000000E-003  0.92120000000000002        7.1800000000000003E-002
   160.00000000000000        1.6926321456254758        0.0000000000000000        0.0000000000000000        6.0000000000000001E-003   1.0000000000000000E-003  0.91940000000000000        7.3599999999999999E-002
   161.00000000000000        1.7016515533637984        0.0000000000000000        0.0000000000000000        5.7999999999999996E-003   1.1999999999999999E-003  0.92259999999999998        7.0400000000000004E-002
   162.00000000000000        1.7033019604541368        0.0000000000000000        0.0000000000000000        5.7999999999999996E-003   1.1999999999999999E-003  0.92340000000000000        6.9599999999999995E-002
   163.00000000000000        1.7053308704073782        0.0000000000000000        0.0000000000000000        5.7999999999999996E-003   1.1999999999999999E-003  0.92659999999999998        6.6400000000000001E-002
   164.00000000000000        1.7045198027676960        0.0000000000000000        0.0000000000000000        5.7999999999999996E-003   1.1999999999999999E-003  0.92479999999999996        6.8199999999999997E-002
   165.00000000000000        1.7010283535205863        0.0000000000000000        0.0000000000000000        5.7999999999999996E-003   1.1999999999999999E-003  0.92500000000000004        6.8000000000000005E-002
   166.00000000000000        1.6952039037566720        0.0000000000000000        0.0000000000000000        5.7999999999999996E-003   1.1999999999999999E-003  0.92459999999999998        6.8400000000000002E-002
   167.00000000000000        1.6865708762549070        0.0000000000000000        0.0000000000000000        5.7999999999999996E-003   1.1999999999999999E-003  0.92679999999999996        6.6199999999999995E-002
   168.00000000000000        1.6756796952962787        0.0000000000000000        0.0000000000000000        5.7999999999999996E-003   1.1999999999999999E-003  0.92679999999999996        6.6199999999999995E-002
   169.00000000000000        1.6631901000165767        0.0000000000000000        0.0000000000000000        5.7999999999999996E-003   1.1999999999999999E-003  0.92459999999999998        6.8400000000000002E-002
   170.00000000000000        1.6487962632819702        0.0000000000000000        0.0000000000000000        5.7999999999999996E-003   1.1999999999999999E-003  0.91959999999999997        7.3400000000000007E-002
   171.00000000000000        1.6336135692641216        0.0000000000000000        0.0000000000000000        5.4000000000000003E-003   1.6000000000000001E-003  0.91959999999999997        7.3400000000000007E-002
   172.00000000000000        1.6175821169388214        0.0000000000000000        0.0000000000000000        5.4000000000000003E-003   1.6000000000000001E-003  0.92740000000000000        6.5600000000000006E-002
   173.00000000000000        1.6017107408808990        0.0000000000000000        0.0000000000000000        5.4000000000000003E-003   1.6000000000000001E-003  0.93899999999999995        5.3999999999999999E-002
   174.00000000000000        1.5867013025467944        0.0000000000000000        0.0000000000000000        5.4000000000000003E-003   1.6000000000000001E-003  0.95379999999999998        3.9199999999999999E-002
   175.00000000000000        1.5738528436974932        0.0000000000000000        0.0000000000000000        4.7999999999999996E-003   2.2000000000000001E-003  0.93179999999999996        6.1199999999999997E-002
   176.00000000000000        1.5629339949462457        0.0000000000000000        0.0000000000000000        4.7999999999999996E-003   2.2000000000000001E-003  0.86880000000000002       0.12420000000000000     
   177.00000000000000        1.5547617679177501        0.0000000000000000        0.0000000000000000        4.7999999999999996E-003   2.2000000000000001E-003  0.99299999999999999        0.0000000000000000     
   178.00000000000000        1.5501441970453933        0.0000000000000000        0.0000000000000000        4.7999999999999996E-003   2.2000000000000001E-003  0.93920000000000003        5.3800000000000001E-002
   179.00000000000000        1.5496327186582282        0.0000000000000000        0.0000000000000000        4.5999999999999999E-003   2.3999999999999998E-003  0.92900000000000005        6.4000000000000001E-002
   180.00000000000000        1.5537993332572260        0.0000000000000000        0.0000000000000000        4.5999999999999999E-003   2.3999999999999998E-003  0.92859999999999998        6.4399999999999999E-002
   181.00000000000000        1.5628559794334778        0.0000000000000000        0.0000000000000000        4.5999999999999999E-003   2.3999999999999998E-003  0.91820000000000002        7.4800000000000005E-002
   182.00000000000000        1.5770325100512310        0.0000000000000000        0.0000000000000000        4.5999999999999999E-003   2.3999999999999998E-003  0.92040000000000000        7.2599999999999998E-002
   183.00000000000000        1.5961173006115681        0.0000000000000000        0.0000000000000000        4.5999999999999999E-003   2.3999999999999998E-003  0.91739999999999999        7.5600000000000001E-002
   184.00000000000000        1.6199687806927023        0.0000000000000000        0.0000000000000000        4.5999999999999999E-003   2.3999999999999998E-003  0.91539999999999999        7.7600000000000002E-002
   185.00000000000000        1.6480154963042575        0.0000000000000000        0.0000000000000000        4.5999999999999999E-003   2.3999999999999998E-003  0.91559999999999997        7.7399999999999997E-002
   186.00000000000000        1.6796291546828777        0.0000000000000000        0.0000000000000000        4.5999999999999999E-003   2.3999999999999998E-003  0.91559999999999997        7.7399999999999997E-002
   187.00000000000000        1.7148500370910960        0.0000000000000000        0.0000000000000000        4.5999999999999999E-003   2.3999999999999998E-003  0.91579999999999995        7.7200000000000005E-002
   188.00000000000000        1.7510828539023837        0.0000000000000000        0.0000000000000000        4.4000000000000003E-003   2.5999999999999999E-003  0.91520000000000001        7.7799999999999994E-002
   189.00000000000000        1.7888161505829685        0.0000000000000000        0.0000000000000000        4.4000000000000003E-003   2.5999999999999999E-003  0.91520000000000001        7.7799999999999994E-002
