#        BMIN =   406
#        BMAX =   411
#     INIBAND =   408
#      NBANDS =   540
#         NSW =  2000
#       POTIM =   1.0
#        TEMP = 300.0
#    NAMDTINI =   776
#    NAMDTIME =  1000
#       NTRAJ =  5000
#        NELM =  1000
#       LHOLE =     T
#        LSHP =     T
#      LCPTXT =     T
#      RUNDIR = ../../run/
   1.0000000000000000       0.21343160247112319        0.0000000000000000        0.0000000000000000        1.0000000000000000        0.0000000000000000        0.0000000000000000        0.0000000000000000     
   2.0000000000000000       0.21025175115460296        0.0000000000000000        0.0000000000000000        1.0000000000000000        0.0000000000000000        0.0000000000000000        0.0000000000000000     
   3.0000000000000000       0.20912006574346989        0.0000000000000000        0.0000000000000000        1.0000000000000000        0.0000000000000000        0.0000000000000000        0.0000000000000000     
   4.0000000000000000       0.22739553124834755        0.0000000000000000        0.0000000000000000        1.0000000000000000        0.0000000000000000        0.0000000000000000        0.0000000000000000     
   5.0000000000000000       0.21148810185526473        0.0000000000000000        0.0000000000000000        1.0000000000000000        0.0000000000000000        0.0000000000000000        0.0000000000000000     
   6.0000000000000000       0.23154085416506681        0.0000000000000000        0.0000000000000000        1.0000000000000000        0.0000000000000000        0.0000000000000000        0.0000000000000000     
   7.0000000000000000       0.21870971356766553        0.0000000000000000        0.0000000000000000        1.0000000000000000        0.0000000000000000        0.0000000000000000        0.0000000000000000     
   8.0000000000000000       0.22306275683186755        0.0000000000000000        0.0000000000000000        1.0000000000000000        0.0000000000000000        0.0000000000000000        0.0000000000000000     
   9.0000000000000000       0.22841911147603705        0.0000000000000000        0.0000000000000000        1.0000000000000000        0.0000000000000000        0.0000000000000000        0.0000000000000000     
   10.000000000000000       0.23218571151815082        0.0000000000000000        0.0000000000000000        1.0000000000000000        0.0000000000000000        0.0000000000000000        0.0000000000000000     
   11.000000000000000       0.23471864196992859        0.0000000000000000        0.0000000000000000        1.0000000000000000        0.0000000000000000        0.0000000000000000        0.0000000000000000     
   12.000000000000000       0.23681616752282586        0.0000000000000000        0.0000000000000000        1.0000000000000000        0.0000000000000000        0.0000000000000000        0.0000000000000000     
   13.000000000000000       0.23745786800407404        0.0000000000000000        0.0000000000000000        1.0000000000000000        0.0000000000000000        0.0000000000000000        0.0000000000000000     
   14.000000000000000       0.23736431177184375        0.0000000000000000        0.0000000000000000        1.0000000000000000        0.0000000000000000        0.0000000000000000        0.0000000000000000     
   15.000000000000000       0.23491951557972734        0.0000000000000000        0.0000000000000000        1.0000000000000000        0.0000000000000000        0.0000000000000000        0.0000000000000000     
   16.000000000000000       0.23178465987405580        0.0000000000000000        0.0000000000000000        1.0000000000000000        0.0000000000000000        0.0000000000000000        0.0000000000000000     
   17.000000000000000       0.22746354355786927        0.0000000000000000        0.0000000000000000        1.0000000000000000        0.0000000000000000        0.0000000000000000        0.0000000000000000     
   18.000000000000000       0.22263676179889577        0.0000000000000000        0.0000000000000000        1.0000000000000000        0.0000000000000000        0.0000000000000000        0.0000000000000000     
   19.000000000000000       0.21698283209801655        0.0000000000000000        0.0000000000000000        1.0000000000000000        0.0000000000000000        0.0000000000000000        0.0000000000000000     
   20.000000000000000       0.21130232567023574        0.0000000000000000        0.0000000000000000        1.0000000000000000        0.0000000000000000        0.0000000000000000        0.0000000000000000     
   21.000000000000000       0.20652429594557919        0.0000000000000000        0.0000000000000000        1.0000000000000000        0.0000000000000000        0.0000000000000000        0.0000000000000000     
   22.000000000000000       0.20264422282808425        0.0000000000000000        0.0000000000000000        1.0000000000000000        0.0000000000000000        0.0000000000000000        0.0000000000000000     
   23.000000000000000       0.20033990943238950        0.0000000000000000        0.0000000000000000        1.0000000000000000        0.0000000000000000        0.0000000000000000        0.0000000000000000     
   24.000000000000000       0.19994204531689691        0.0000000000000000        0.0000000000000000        1.0000000000000000        0.0000000000000000        0.0000000000000000        0.0000000000000000     
   25.000000000000000       0.20222464000411061        0.0000000000000000        0.0000000000000000        1.0000000000000000        0.0000000000000000        0.0000000000000000        0.0000000000000000     
   26.000000000000000       0.20689032829239029        0.0000000000000000        0.0000000000000000        1.0000000000000000        0.0000000000000000        0.0000000000000000        0.0000000000000000     
   27.000000000000000       0.21367433656586754        0.0000000000000000        0.0000000000000000        1.0000000000000000        0.0000000000000000        0.0000000000000000        0.0000000000000000     
   28.000000000000000       0.22291129752640326        0.0000000000000000        0.0000000000000000        1.0000000000000000        0.0000000000000000        0.0000000000000000        0.0000000000000000     
   29.000000000000000       0.23410408743840494        0.0000000000000000        0.0000000000000000        1.0000000000000000        0.0000000000000000        0.0000000000000000        0.0000000000000000     
   30.000000000000000       0.24685691348010874        0.0000000000000000        0.0000000000000000        1.0000000000000000        0.0000000000000000        0.0000000000000000        0.0000000000000000     
   31.000000000000000       0.26054626364102657        0.0000000000000000        0.0000000000000000        1.0000000000000000        0.0000000000000000        0.0000000000000000        0.0000000000000000     
   32.000000000000000       0.27529469377137322        0.0000000000000000        0.0000000000000000       0.99960000000000004        4.0000000000000002E-004   0.0000000000000000        0.0000000000000000     
   33.000000000000000       0.28967921023033666        0.0000000000000000        0.0000000000000000       0.99960000000000004        4.0000000000000002E-004   0.0000000000000000        0.0000000000000000     
   34.000000000000000       0.30424395708973245        0.0000000000000000        0.0000000000000000       0.99960000000000004        4.0000000000000002E-004   0.0000000000000000        0.0000000000000000     
   35.000000000000000       0.31852405726454391        0.0000000000000000        0.0000000000000000       0.99960000000000004        4.0000000000000002E-004   0.0000000000000000        0.0000000000000000     
   36.000000000000000       0.33194181074971257        0.0000000000000000        0.0000000000000000       0.99960000000000004        4.0000000000000002E-004   0.0000000000000000        0.0000000000000000     
   37.000000000000000       0.34505045613030738        0.0000000000000000        0.0000000000000000       0.99939999999999996        5.9999999999999995E-004   0.0000000000000000        0.0000000000000000     
   38.000000000000000       0.35726567158153016        0.0000000000000000        0.0000000000000000       0.99939999999999996        5.9999999999999995E-004   0.0000000000000000        0.0000000000000000     
   39.000000000000000       0.36879287794168331        0.0000000000000000        0.0000000000000000       0.99939999999999996        5.9999999999999995E-004   0.0000000000000000        0.0000000000000000     
   40.000000000000000       0.37984447735417320        0.0000000000000000        0.0000000000000000       0.99939999999999996        5.9999999999999995E-004   0.0000000000000000        0.0000000000000000     
   41.000000000000000       0.39112768212502796        0.0000000000000000        0.0000000000000000       0.99939999999999996        5.9999999999999995E-004   0.0000000000000000        0.0000000000000000     
   42.000000000000000       0.40327725113571616        0.0000000000000000        0.0000000000000000       0.99939999999999996        5.9999999999999995E-004   0.0000000000000000        0.0000000000000000     
   43.000000000000000       0.41828642599601812        0.0000000000000000        0.0000000000000000       0.99880000000000002        1.1999999999999999E-003   0.0000000000000000        0.0000000000000000     
   44.000000000000000       0.43564359878922726        0.0000000000000000        0.0000000000000000       0.99880000000000002        1.1999999999999999E-003   0.0000000000000000        0.0000000000000000     
   45.000000000000000       0.45610072713248434        0.0000000000000000        2.0000000000000001E-004  0.99760000000000004        2.2000000000000001E-003   0.0000000000000000        0.0000000000000000     
   46.000000000000000       0.47711358286804612        0.0000000000000000        2.0000000000000001E-004  0.99760000000000004        2.2000000000000001E-003   0.0000000000000000        0.0000000000000000     
   47.000000000000000       0.49833942448787805        0.0000000000000000        2.0000000000000001E-004  0.99639999999999995        3.3999999999999998E-003   0.0000000000000000        0.0000000000000000     
   48.000000000000000       0.51738456532337829        0.0000000000000000        2.0000000000000001E-004  0.99639999999999995        3.3999999999999998E-003   0.0000000000000000        0.0000000000000000     
   49.000000000000000       0.53520363544199789        0.0000000000000000        2.0000000000000001E-004  0.99519999999999997        4.5999999999999999E-003   0.0000000000000000        0.0000000000000000     
   50.000000000000000       0.54996375213592374        0.0000000000000000        2.0000000000000001E-004  0.99500000000000000        4.7999999999999996E-003   0.0000000000000000        0.0000000000000000     
   51.000000000000000       0.56162261005871694        0.0000000000000000        2.0000000000000001E-004  0.99480000000000002        5.0000000000000001E-003   0.0000000000000000        0.0000000000000000     
   52.000000000000000       0.57095275677797486        0.0000000000000000        2.0000000000000001E-004  0.99439999999999995        5.4000000000000003E-003   0.0000000000000000        0.0000000000000000     
   53.000000000000000       0.57782527886498325        0.0000000000000000        2.0000000000000001E-004  0.99439999999999995        5.4000000000000003E-003   0.0000000000000000        0.0000000000000000     
   54.000000000000000       0.57984147478967518        0.0000000000000000        2.0000000000000001E-004  0.99439999999999995        5.4000000000000003E-003   0.0000000000000000        0.0000000000000000     
   55.000000000000000       0.58031096477826327        0.0000000000000000        2.0000000000000001E-004  0.99399999999999999        5.7999999999999996E-003   0.0000000000000000        0.0000000000000000     
   56.000000000000000       0.57718447505521353        0.0000000000000000        2.0000000000000001E-004  0.99399999999999999        5.7999999999999996E-003   0.0000000000000000        0.0000000000000000     
   57.000000000000000       0.57160550507217289        0.0000000000000000        2.0000000000000001E-004  0.99399999999999999        5.7999999999999996E-003   0.0000000000000000        0.0000000000000000     
   58.000000000000000       0.56311214962258249        0.0000000000000000        2.0000000000000001E-004  0.99380000000000002        6.0000000000000001E-003   0.0000000000000000        0.0000000000000000     
   59.000000000000000       0.55150317397238591        0.0000000000000000        2.0000000000000001E-004  0.99380000000000002        6.0000000000000001E-003   0.0000000000000000        0.0000000000000000     
   60.000000000000000       0.53695102883269663        0.0000000000000000        2.0000000000000001E-004  0.99380000000000002        6.0000000000000001E-003   0.0000000000000000        0.0000000000000000     
   61.000000000000000       0.51948140558327971        0.0000000000000000        2.0000000000000001E-004  0.99380000000000002        6.0000000000000001E-003   0.0000000000000000        0.0000000000000000     
   62.000000000000000       0.49579000028784570        0.0000000000000000        2.0000000000000001E-004  0.99360000000000004        6.1999999999999998E-003   0.0000000000000000        0.0000000000000000     
   63.000000000000000       0.47569292953574926        0.0000000000000000        2.0000000000000001E-004  0.99360000000000004        6.1999999999999998E-003   0.0000000000000000        0.0000000000000000     
   64.000000000000000       0.45883128409773249        0.0000000000000000        2.0000000000000001E-004  0.99319999999999997        6.6000000000000000E-003   0.0000000000000000        0.0000000000000000     
   65.000000000000000       0.42091348515891408        0.0000000000000000        2.0000000000000001E-004  0.99319999999999997        6.6000000000000000E-003   0.0000000000000000        0.0000000000000000     
   66.000000000000000       0.38877850662842078        0.0000000000000000        2.0000000000000001E-004  0.99319999999999997        6.6000000000000000E-003   0.0000000000000000        0.0000000000000000     
   67.000000000000000       0.35576732996951632        0.0000000000000000        2.0000000000000001E-004  0.99260000000000004        7.1999999999999998E-003   0.0000000000000000        0.0000000000000000     
   68.000000000000000       0.32164262822842382        0.0000000000000000        2.0000000000000001E-004  0.99219999999999997        7.6000000000000000E-003   0.0000000000000000        0.0000000000000000     
   69.000000000000000       0.28655145544950328        0.0000000000000000        2.0000000000000001E-004  0.99139999999999995        8.3999999999999995E-003   0.0000000000000000        0.0000000000000000     
   70.000000000000000       0.25056268002737825        0.0000000000000000        2.0000000000000001E-004  0.99139999999999995        8.3999999999999995E-003   0.0000000000000000        0.0000000000000000     
   71.000000000000000       0.21518251719766790        0.0000000000000000        2.0000000000000001E-004  0.99139999999999995        8.3999999999999995E-003   0.0000000000000000        0.0000000000000000     
   72.000000000000000       0.18154420335447552        0.0000000000000000        2.0000000000000001E-004  0.99139999999999995        8.3999999999999995E-003   0.0000000000000000        0.0000000000000000     
   73.000000000000000       0.15131993312928635        0.0000000000000000        2.0000000000000001E-004  0.99139999999999995        8.3999999999999995E-003   0.0000000000000000        0.0000000000000000     
   74.000000000000000       0.12500617311958462        0.0000000000000000        2.0000000000000001E-004  0.99139999999999995        8.3999999999999995E-003   0.0000000000000000        0.0000000000000000     
   75.000000000000000       0.10354348589048870        0.0000000000000000        2.0000000000000001E-004  0.99139999999999995        8.3999999999999995E-003   0.0000000000000000        0.0000000000000000     
   76.000000000000000        8.7735228844795982E-002   0.0000000000000000        2.0000000000000001E-004  0.99139999999999995        8.3999999999999995E-003   0.0000000000000000        0.0000000000000000     
   77.000000000000000        7.7522209040938567E-002   0.0000000000000000        2.0000000000000001E-004  0.99139999999999995        6.7999999999999996E-003   8.0000000000000004E-004   8.0000000000000004E-004
   78.000000000000000        7.3134351141950354E-002   0.0000000000000000        2.0000000000000001E-004  0.99139999999999995        7.0000000000000001E-003   5.9999999999999995E-004   8.0000000000000004E-004
   79.000000000000000        7.6030126215452146E-002   0.0000000000000000        1.5200000000000000E-002  0.97640000000000005        7.0000000000000001E-003   5.9999999999999995E-004   8.0000000000000004E-004
   80.000000000000000        8.7526922436034785E-002   0.0000000000000000        0.0000000000000000       0.99160000000000004        6.7999999999999996E-003   8.0000000000000004E-004   8.0000000000000004E-004
   81.000000000000000       0.10324746342669765        0.0000000000000000        0.0000000000000000       0.99160000000000004        6.7999999999999996E-003   8.0000000000000004E-004   8.0000000000000004E-004
   82.000000000000000       0.12109055314431212        0.0000000000000000        2.0000000000000001E-004  0.99119999999999997        6.7999999999999996E-003   8.0000000000000004E-004   1.0000000000000000E-003
   83.000000000000000       0.14014606699144369        0.0000000000000000        2.0000000000000001E-004  0.99099999999999999        6.7999999999999996E-003   8.0000000000000004E-004   1.1999999999999999E-003
   84.000000000000000       0.15951023560197211        0.0000000000000000        2.0000000000000001E-004  0.99099999999999999        6.7999999999999996E-003   8.0000000000000004E-004   1.1999999999999999E-003
   85.000000000000000       0.17912578372596566        0.0000000000000000        2.0000000000000001E-004  0.99099999999999999        6.7999999999999996E-003   8.0000000000000004E-004   1.1999999999999999E-003
   86.000000000000000       0.19888978597478224        0.0000000000000000        2.0000000000000001E-004  0.99099999999999999        6.7999999999999996E-003   8.0000000000000004E-004   1.1999999999999999E-003
   87.000000000000000       0.21826581101026671        0.0000000000000000        2.0000000000000001E-004  0.99099999999999999        7.0000000000000001E-003   5.9999999999999995E-004   1.1999999999999999E-003
   88.000000000000000       0.23776087880693916        0.0000000000000000        2.0000000000000001E-004  0.99099999999999999        6.0000000000000001E-003   1.6000000000000001E-003   1.1999999999999999E-003
   89.000000000000000       0.25707058737435090        0.0000000000000000        2.0000000000000001E-004  0.99060000000000004        6.4000000000000003E-003   1.1999999999999999E-003   1.6000000000000001E-003
   90.000000000000000       0.27544565180415242        0.0000000000000000        2.0000000000000001E-004  0.99060000000000004        6.1999999999999998E-003   1.4000000000000000E-003   1.6000000000000001E-003
   91.000000000000000       0.29333793527526175        0.0000000000000000        2.0000000000000001E-004  0.99060000000000004        6.1999999999999998E-003   8.0000000000000004E-004   2.2000000000000001E-003
   92.000000000000000       0.31123567369615135        0.0000000000000000        2.0000000000000001E-004  0.99019999999999997        6.6000000000000000E-003   8.0000000000000004E-004   2.2000000000000001E-003
   93.000000000000000       0.32789105620142345        0.0000000000000000        2.0000000000000001E-004  0.99019999999999997        6.6000000000000000E-003   8.0000000000000004E-004   2.2000000000000001E-003
   94.000000000000000       0.34379439297451619        0.0000000000000000        4.0000000000000002E-004  0.98999999999999999        6.6000000000000000E-003   8.0000000000000004E-004   2.2000000000000001E-003
   95.000000000000000       0.36093462794882425        0.0000000000000000        4.0000000000000002E-004  0.98839999999999995        8.2000000000000007E-003   8.0000000000000004E-004   2.2000000000000001E-003
   96.000000000000000       0.37660826398641511        0.0000000000000000        4.0000000000000002E-004  0.98839999999999995        8.2000000000000007E-003   1.0000000000000000E-003   2.0000000000000000E-003
   97.000000000000000       0.39142375957197117        0.0000000000000000        4.0000000000000002E-004  0.98839999999999995        8.2000000000000007E-003   1.0000000000000000E-003   2.0000000000000000E-003
   98.000000000000000       0.40565372477699851        0.0000000000000000        4.0000000000000002E-004  0.98839999999999995        8.2000000000000007E-003   1.0000000000000000E-003   2.0000000000000000E-003
   99.000000000000000       0.41918854853960025        0.0000000000000000        4.0000000000000002E-004  0.98839999999999995        8.2000000000000007E-003   1.1999999999999999E-003   1.8000000000000000E-003
   100.00000000000000       0.43058273799241936        0.0000000000000000        4.0000000000000002E-004  0.98819999999999997        8.3999999999999995E-003   1.4000000000000000E-003   1.6000000000000001E-003
   101.00000000000000       0.44557952093473768        0.0000000000000000        4.0000000000000002E-004  0.98819999999999997        8.3999999999999995E-003   1.0000000000000000E-003   2.0000000000000000E-003
   102.00000000000000       0.45784654104390082        0.0000000000000000        4.0000000000000002E-004  0.98780000000000001        8.8000000000000005E-003   1.0000000000000000E-003   2.0000000000000000E-003
   103.00000000000000       0.46949194081317897        0.0000000000000000        4.0000000000000002E-004  0.98780000000000001        8.8000000000000005E-003   1.1999999999999999E-003   1.8000000000000000E-003
   104.00000000000000       0.48259244760633452        0.0000000000000000        4.0000000000000002E-004  0.98780000000000001        8.8000000000000005E-003   1.1999999999999999E-003   1.8000000000000000E-003
   105.00000000000000       0.49390718334672412        0.0000000000000000        4.0000000000000002E-004  0.98780000000000001        8.8000000000000005E-003   1.1999999999999999E-003   1.8000000000000000E-003
   106.00000000000000       0.50758683071502464        0.0000000000000000        2.0000000000000001E-004  0.98740000000000006        9.4000000000000004E-003   1.1999999999999999E-003   1.8000000000000000E-003
   107.00000000000000       0.52247383012783377        0.0000000000000000        2.0000000000000001E-004  0.98719999999999997        9.5999999999999992E-003   1.1999999999999999E-003   1.8000000000000000E-003
   108.00000000000000       0.53888738828707894        0.0000000000000000        2.0000000000000001E-004  0.98619999999999997        1.0600000000000000E-002   1.1999999999999999E-003   1.8000000000000000E-003
   109.00000000000000       0.55588893632986469        0.0000000000000000        4.0000000000000002E-004  0.98599999999999999        1.0600000000000000E-002   1.1999999999999999E-003   1.8000000000000000E-003
   110.00000000000000       0.57449777125072565        0.0000000000000000        4.0000000000000002E-004  0.98599999999999999        1.0600000000000000E-002   1.1999999999999999E-003   1.8000000000000000E-003
   111.00000000000000       0.59383301861728754        0.0000000000000000        4.0000000000000002E-004  0.98599999999999999        1.0600000000000000E-002   1.1999999999999999E-003   1.8000000000000000E-003
   112.00000000000000       0.61477025188804479        0.0000000000000000        2.0000000000000001E-004  0.98560000000000003        1.1200000000000000E-002   1.1999999999999999E-003   1.8000000000000000E-003
   113.00000000000000       0.63663618737175554        0.0000000000000000        2.0000000000000001E-004  0.98460000000000003        1.2200000000000001E-002   1.1999999999999999E-003   1.8000000000000000E-003
   114.00000000000000       0.65714062478979673        0.0000000000000000        2.0000000000000001E-004  0.98340000000000005        1.3400000000000000E-002   1.0000000000000000E-003   2.0000000000000000E-003
   115.00000000000000       0.67769938181166833        0.0000000000000000        2.0000000000000001E-004  0.98299999999999998        1.3800000000000000E-002   1.0000000000000000E-003   2.0000000000000000E-003
   116.00000000000000       0.70506316696677740        0.0000000000000000        2.0000000000000001E-004  0.98299999999999998        1.3800000000000000E-002   1.0000000000000000E-003   2.0000000000000000E-003
   117.00000000000000       0.71473411569186085        0.0000000000000000        0.0000000000000000       0.98219999999999996        5.0000000000000001E-003   1.0800000000000001E-002   2.0000000000000000E-003
   118.00000000000000       0.74843549393149378        0.0000000000000000        0.0000000000000000       0.98199999999999998        5.0000000000000001E-003   1.0800000000000001E-002   2.2000000000000001E-003
   119.00000000000000       0.75005517518431797        0.0000000000000000        0.0000000000000000       0.98199999999999998        5.0000000000000001E-003   1.0800000000000001E-002   2.2000000000000001E-003
   120.00000000000000       0.77233164948693911        0.0000000000000000        0.0000000000000000       0.98199999999999998        5.1999999999999998E-003   1.0600000000000000E-002   2.2000000000000001E-003
   121.00000000000000       0.80045285286624568        0.0000000000000000        0.0000000000000000       0.98199999999999998        5.1999999999999998E-003   1.0600000000000000E-002   2.2000000000000001E-003
   122.00000000000000       0.82192011468366721        0.0000000000000000        0.0000000000000000       0.98199999999999998        3.8000000000000000E-003   5.4000000000000003E-003   8.8000000000000005E-003
   123.00000000000000       0.74190385024282079        0.0000000000000000        0.0000000000000000       0.98040000000000005        8.0000000000000004E-004   6.4000000000000003E-003   1.2400000000000000E-002
   124.00000000000000       0.83511277943996720        0.0000000000000000        0.0000000000000000       0.97960000000000003        0.0000000000000000        7.4000000000000003E-003   1.2999999999999999E-002
   125.00000000000000       0.66374436224142197        0.0000000000000000        0.0000000000000000       0.97919999999999996        0.0000000000000000        2.0400000000000001E-002   4.0000000000000002E-004
   126.00000000000000       0.87645387369673156        0.0000000000000000        0.0000000000000000       0.97840000000000005        0.0000000000000000        2.0400000000000001E-002   1.1999999999999999E-003
   127.00000000000000       0.88642907380484504        0.0000000000000000        0.0000000000000000       0.97840000000000005        0.0000000000000000        2.0400000000000001E-002   1.1999999999999999E-003
   128.00000000000000       0.87844803187311316        0.0000000000000000        0.0000000000000000       0.97640000000000005        5.9999999999999995E-004   5.9999999999999995E-004   2.2400000000000000E-002
   129.00000000000000       0.86047457771339486        0.0000000000000000        0.0000000000000000       0.97599999999999998        1.4000000000000000E-003   2.0000000000000000E-003   2.0600000000000000E-002
   130.00000000000000       0.96582381084520041        0.0000000000000000        0.0000000000000000       0.97580000000000000        5.9999999999999995E-004   2.0000000000000000E-003   2.1600000000000001E-002
   131.00000000000000       0.87459336884145578        0.0000000000000000        0.0000000000000000       0.97580000000000000        5.9999999999999995E-004   2.2000000000000001E-003   2.1399999999999999E-002
   132.00000000000000       0.87089657506761853        0.0000000000000000        0.0000000000000000       0.97240000000000004        4.0000000000000001E-003   2.2000000000000001E-003   2.1399999999999999E-002
   133.00000000000000       0.84455769572949979        0.0000000000000000        0.0000000000000000       0.97240000000000004        4.0000000000000001E-003   2.2000000000000001E-003   2.1399999999999999E-002
   134.00000000000000       0.64332373551355804        0.0000000000000000        0.0000000000000000       0.97240000000000004        4.0000000000000001E-003   2.3999999999999998E-003   2.1200000000000000E-002
   135.00000000000000        1.1925179074926426        0.0000000000000000        0.0000000000000000       0.73880000000000001       0.22559999999999999        3.3999999999999998E-003   3.2199999999999999E-002
   136.00000000000000        1.6571817401551543        0.0000000000000000        0.0000000000000000       0.22860000000000000       0.69020000000000004        1.6199999999999999E-002   6.5000000000000002E-002
   137.00000000000000        1.4213828975845937        0.0000000000000000        0.0000000000000000       0.22860000000000000       0.69020000000000004        1.6199999999999999E-002   6.5000000000000002E-002
   138.00000000000000        1.4038366086410725        0.0000000000000000        0.0000000000000000       0.22860000000000000       0.69020000000000004        1.6199999999999999E-002   6.5000000000000002E-002
   139.00000000000000        1.3186070710956936        0.0000000000000000        0.0000000000000000       0.22860000000000000       0.69020000000000004        1.6000000000000000E-002   6.5199999999999994E-002
   140.00000000000000        1.3140682157730565        0.0000000000000000        0.0000000000000000       0.22380000000000000       0.69499999999999995        1.6199999999999999E-002   6.5000000000000002E-002
   141.00000000000000        1.3048173537588550        0.0000000000000000        0.0000000000000000       0.22380000000000000       0.69499999999999995        1.6199999999999999E-002   6.5000000000000002E-002
   142.00000000000000        1.2944931258459915        0.0000000000000000        0.0000000000000000       0.22380000000000000       0.69499999999999995        1.6199999999999999E-002   6.5000000000000002E-002
   143.00000000000000        1.2819621761679423        0.0000000000000000        0.0000000000000000       0.22380000000000000       0.69499999999999995        1.6000000000000000E-002   6.5199999999999994E-002
   144.00000000000000        1.2684743680927506        0.0000000000000000        0.0000000000000000       0.22380000000000000       0.69499999999999995        1.6000000000000000E-002   6.5199999999999994E-002
   145.00000000000000        1.2542987889009234        0.0000000000000000        0.0000000000000000       0.22380000000000000       0.69499999999999995        1.6799999999999999E-002   6.4399999999999999E-002
   146.00000000000000        1.2385967069535311        0.0000000000000000        4.0000000000000002E-004  0.22300000000000000       0.69540000000000002        1.7200000000000000E-002   6.4000000000000001E-002
   147.00000000000000        1.2213133455928615        0.0000000000000000        4.0000000000000002E-004  0.22300000000000000       0.69540000000000002        1.6799999999999999E-002   6.4399999999999999E-002
   148.00000000000000        1.2030154209074646        0.0000000000000000        1.1999999999999999E-003  0.22220000000000001       0.69540000000000002        1.6000000000000000E-002   6.5199999999999994E-002
   149.00000000000000        1.1862993410391858        0.0000000000000000        1.0000000000000000E-003  0.22140000000000001       0.69640000000000002        1.4200000000000001E-002   6.7000000000000004E-002
   150.00000000000000        1.1695123125526643        0.0000000000000000        8.0000000000000004E-004  0.22140000000000001       0.69660000000000000        1.4400000000000000E-002   6.6799999999999998E-002
   151.00000000000000        1.1532702032734994        0.0000000000000000        1.0000000000000000E-003  0.22080000000000000       0.69699999999999995        1.4200000000000001E-002   6.7000000000000004E-002
   152.00000000000000        1.1371746586868345        0.0000000000000000        1.0000000000000000E-003  0.22080000000000000       0.69699999999999995        1.5400000000000000E-002   6.5799999999999997E-002
   153.00000000000000        1.1223912296933909        0.0000000000000000        1.0000000000000000E-003  0.22040000000000001       0.69740000000000002        2.3599999999999999E-002   5.7599999999999998E-002
   154.00000000000000        1.1091951496202173        0.0000000000000000        1.0000000000000000E-003  0.21959999999999999       0.69820000000000004        2.7199999999999998E-002   5.3999999999999999E-002
   155.00000000000000        1.0972443689852833        0.0000000000000000        1.0000000000000000E-003  0.21959999999999999       0.69820000000000004        2.9399999999999999E-002   5.1799999999999999E-002
   156.00000000000000        1.0871375081138941        0.0000000000000000        1.0000000000000000E-003  0.21959999999999999       0.69820000000000004        2.8799999999999999E-002   5.2400000000000002E-002
   157.00000000000000        1.0795703488123625        0.0000000000000000        1.0000000000000000E-003  0.21959999999999999       0.69820000000000004        2.8400000000000002E-002   5.2800000000000000E-002
   158.00000000000000        1.0745300167699412        0.0000000000000000        1.0000000000000000E-003  0.21959999999999999       0.69820000000000004        2.8199999999999999E-002   5.2999999999999999E-002
   159.00000000000000        1.0719856949899436        0.0000000000000000        1.0000000000000000E-003  0.21959999999999999       0.69820000000000004        2.8199999999999999E-002   5.2999999999999999E-002
   160.00000000000000        1.0725051497663998        0.0000000000000000        1.0000000000000000E-003  0.21959999999999999       0.69820000000000004        2.8199999999999999E-002   5.2999999999999999E-002
   161.00000000000000        1.0747645704605227        0.0000000000000000        1.0000000000000000E-003  0.21959999999999999       0.69820000000000004        2.8199999999999999E-002   5.2999999999999999E-002
   162.00000000000000        1.0802111848846534        0.0000000000000000        1.0000000000000000E-003  0.21920000000000001       0.69860000000000000        2.8199999999999999E-002   5.2999999999999999E-002
   163.00000000000000        1.0870515042460969        0.0000000000000000        8.0000000000000004E-004  0.21940000000000001       0.69860000000000000        2.8199999999999999E-002   5.2999999999999999E-002
   164.00000000000000        1.0956258082997732        0.0000000000000000        8.0000000000000004E-004  0.21940000000000001       0.69860000000000000        2.8199999999999999E-002   5.2999999999999999E-002
   165.00000000000000        1.1054975900008064        0.0000000000000000        8.0000000000000004E-004  0.21940000000000001       0.69860000000000000        2.8199999999999999E-002   5.2999999999999999E-002
   166.00000000000000        1.1165019666318856        0.0000000000000000        8.0000000000000004E-004  0.21920000000000001       0.69879999999999998        2.8199999999999999E-002   5.2999999999999999E-002
   167.00000000000000        1.1281843778877918        0.0000000000000000        8.0000000000000004E-004  0.21920000000000001       0.69879999999999998        2.8199999999999999E-002   5.2999999999999999E-002
   168.00000000000000        1.1405098245180807        0.0000000000000000        8.0000000000000004E-004  0.21920000000000001       0.69879999999999998        2.8199999999999999E-002   5.2999999999999999E-002
   169.00000000000000        1.1539176406764402        0.0000000000000000        8.0000000000000004E-004  0.21920000000000001       0.69879999999999998        2.8199999999999999E-002   5.2999999999999999E-002
   170.00000000000000        1.1676391524809724        0.0000000000000000        8.0000000000000004E-004  0.21920000000000001       0.69879999999999998        2.8000000000000001E-002   5.3199999999999997E-002
   171.00000000000000        1.1828658133647516        0.0000000000000000        8.0000000000000004E-004  0.21920000000000001       0.69879999999999998        2.8000000000000001E-002   5.3199999999999997E-002
   172.00000000000000        1.1990332123121410        0.0000000000000000        8.0000000000000004E-004  0.21920000000000001       0.69879999999999998        2.8000000000000001E-002   5.3199999999999997E-002
   173.00000000000000        1.2160754511500880        0.0000000000000000        8.0000000000000004E-004  0.21920000000000001       0.69879999999999998        2.8000000000000001E-002   5.3199999999999997E-002
   174.00000000000000        1.2342649343088132        0.0000000000000000        8.0000000000000004E-004  0.21920000000000001       0.69879999999999998        2.8000000000000001E-002   5.3199999999999997E-002
   175.00000000000000        1.2536700032324679        0.0000000000000000        8.0000000000000004E-004  0.21920000000000001       0.69879999999999998        2.8199999999999999E-002   5.2999999999999999E-002
   176.00000000000000        1.2732077278523464        0.0000000000000000        8.0000000000000004E-004  0.21920000000000001       0.69879999999999998        2.8199999999999999E-002   5.2999999999999999E-002
   177.00000000000000        1.2928759732980577        0.0000000000000000        8.0000000000000004E-004  0.21879999999999999       0.69920000000000004        2.8199999999999999E-002   5.2999999999999999E-002
   178.00000000000000        1.3335577533163705        0.0000000000000000        8.0000000000000004E-004  0.21759999999999999       0.15500000000000000       0.12280000000000001       0.50380000000000003     
   179.00000000000000        1.3297203441582703        0.0000000000000000        8.0000000000000004E-004  0.21759999999999999       0.15479999999999999       0.12300000000000000       0.50380000000000003     
   180.00000000000000        1.3391827556349565        0.0000000000000000        8.0000000000000004E-004  0.21740000000000001       0.15479999999999999       0.12300000000000000       0.50400000000000000     
   181.00000000000000        1.3479692184333318        0.0000000000000000        8.0000000000000004E-004  0.21740000000000001       0.15479999999999999       0.12300000000000000       0.50400000000000000     
   182.00000000000000        1.3564909989819613        0.0000000000000000        8.0000000000000004E-004  0.21740000000000001       0.15520000000000000       0.12260000000000000       0.50400000000000000     
   183.00000000000000        1.3648717362323752        0.0000000000000000        8.0000000000000004E-004  0.21659999999999999       0.15520000000000000       0.12260000000000000       0.50480000000000003     
   184.00000000000000        1.3705869174933367        0.0000000000000000        8.0000000000000004E-004  0.21659999999999999       0.15640000000000001       0.12139999999999999       0.50480000000000003     
   185.00000000000000        1.3810212077178630        0.0000000000000000        5.9999999999999995E-004  0.21679999999999999       0.15559999999999999       0.12220000000000000       0.50480000000000003     
   186.00000000000000        1.3843784598305473        0.0000000000000000        5.9999999999999995E-004  0.21679999999999999       0.14160000000000000       0.13619999999999999       0.50480000000000003     
   187.00000000000000        1.3867389609304730        0.0000000000000000        5.9999999999999995E-004  0.21679999999999999       0.13439999999999999       0.14340000000000000       0.50480000000000003     
   188.00000000000000        1.3916951981270120        0.0000000000000000        5.9999999999999995E-004  0.21620000000000000       0.14560000000000001       0.13220000000000001       0.50539999999999996     
   189.00000000000000        1.3965235118136103        0.0000000000000000        5.9999999999999995E-004  0.21500000000000000       0.14940000000000001       0.12839999999999999       0.50660000000000005     
