#        BMIN =   406
#        BMAX =   411
#     INIBAND =   410
#      NBANDS =   540
#         NSW =  2000
#       POTIM =   1.0
#        TEMP = 300.0
#    NAMDTINI =   158
#    NAMDTIME =  1000
#       NTRAJ =  5000
#        NELM =  1000
#       LHOLE =     T
#        LSHP =     T
#      LCPTXT =     T
#      RUNDIR = ../../run/
   1.0000000000000000        1.5003845875579545        0.0000000000000000        0.0000000000000000        0.0000000000000000        0.0000000000000000        1.0000000000000000        0.0000000000000000     
   2.0000000000000000        1.4801210896323180        0.0000000000000000        0.0000000000000000        0.0000000000000000        0.0000000000000000        1.0000000000000000        0.0000000000000000     
   3.0000000000000000        1.4657770834879933        0.0000000000000000        0.0000000000000000        0.0000000000000000        0.0000000000000000        1.0000000000000000        0.0000000000000000     
   4.0000000000000000        1.4555789649987481        0.0000000000000000        0.0000000000000000        0.0000000000000000        0.0000000000000000       0.99399999999999999        6.0000000000000001E-003
   5.0000000000000000        1.4511458610838410        0.0000000000000000        0.0000000000000000        0.0000000000000000        0.0000000000000000        1.0000000000000000        0.0000000000000000     
   6.0000000000000000        1.4522473101261226        0.0000000000000000        0.0000000000000000        0.0000000000000000        0.0000000000000000        1.0000000000000000        0.0000000000000000     
   7.0000000000000000        1.4573988360594174        0.0000000000000000        0.0000000000000000        0.0000000000000000        0.0000000000000000       0.99700000000000000        3.0000000000000001E-003
   8.0000000000000000        1.4676408677061106        0.0000000000000000        0.0000000000000000        0.0000000000000000        0.0000000000000000       0.99900000000000000        1.0000000000000000E-003
   9.0000000000000000        1.4806749749488255        0.0000000000000000        0.0000000000000000        0.0000000000000000        0.0000000000000000       0.99700000000000000        3.0000000000000001E-003
   10.000000000000000        1.4967934247470704        0.0000000000000000        0.0000000000000000        0.0000000000000000        0.0000000000000000       0.99800000000000000        2.0000000000000000E-003
   11.000000000000000        1.5134931518310850        0.0000000000000000        0.0000000000000000        0.0000000000000000        0.0000000000000000       0.99680000000000002        3.2000000000000002E-003
   12.000000000000000        1.5345064209135388        0.0000000000000000        0.0000000000000000        0.0000000000000000        0.0000000000000000       0.99480000000000002        5.1999999999999998E-003
   13.000000000000000        1.5544987255908969        0.0000000000000000        0.0000000000000000        0.0000000000000000        0.0000000000000000       0.99819999999999998        1.8000000000000000E-003
   14.000000000000000        1.5752140342432648        0.0000000000000000        0.0000000000000000        0.0000000000000000        0.0000000000000000       0.99980000000000002        2.0000000000000001E-004
   15.000000000000000        1.5950189365976226        0.0000000000000000        0.0000000000000000        0.0000000000000000        0.0000000000000000       0.99860000000000004        1.4000000000000000E-003
   16.000000000000000        1.6134136296748940        0.0000000000000000        0.0000000000000000        0.0000000000000000        0.0000000000000000       0.99860000000000004        1.4000000000000000E-003
   17.000000000000000        1.6302196277281373        0.0000000000000000        0.0000000000000000        0.0000000000000000        0.0000000000000000       0.99980000000000002        2.0000000000000001E-004
   18.000000000000000        1.6448336320956614        0.0000000000000000        0.0000000000000000        0.0000000000000000        0.0000000000000000       0.99900000000000000        1.0000000000000000E-003
   19.000000000000000        1.6565059092013750        0.0000000000000000        0.0000000000000000        0.0000000000000000        0.0000000000000000       0.99919999999999998        8.0000000000000004E-004
   20.000000000000000        1.6657389572122514        0.0000000000000000        0.0000000000000000        0.0000000000000000        0.0000000000000000        1.0000000000000000        0.0000000000000000     
   21.000000000000000        1.6721689845494216        0.0000000000000000        0.0000000000000000        0.0000000000000000        0.0000000000000000        1.0000000000000000        0.0000000000000000     
   22.000000000000000        1.6755506603360160        0.0000000000000000        0.0000000000000000        0.0000000000000000        0.0000000000000000        1.0000000000000000        0.0000000000000000     
   23.000000000000000        1.6761792886204074        0.0000000000000000        0.0000000000000000        0.0000000000000000        0.0000000000000000        1.0000000000000000        0.0000000000000000     
   24.000000000000000        1.6744248341665577        0.0000000000000000        0.0000000000000000        0.0000000000000000        0.0000000000000000        1.0000000000000000        0.0000000000000000     
   25.000000000000000        1.6709475151693756        0.0000000000000000        0.0000000000000000        0.0000000000000000        0.0000000000000000        1.0000000000000000        0.0000000000000000     
   26.000000000000000        1.6652637195945850        0.0000000000000000        0.0000000000000000        0.0000000000000000        0.0000000000000000       0.99980000000000002        2.0000000000000001E-004
   27.000000000000000        1.6588014845077255        0.0000000000000000        0.0000000000000000        0.0000000000000000        0.0000000000000000        1.0000000000000000        0.0000000000000000     
   28.000000000000000        1.6517434203110193        0.0000000000000000        0.0000000000000000        0.0000000000000000        0.0000000000000000        1.0000000000000000        0.0000000000000000     
   29.000000000000000        1.6449611790568168        0.0000000000000000        0.0000000000000000        0.0000000000000000        0.0000000000000000        1.0000000000000000        0.0000000000000000     
   30.000000000000000        1.6390286404296412        0.0000000000000000        0.0000000000000000        0.0000000000000000        0.0000000000000000       0.99980000000000002        2.0000000000000001E-004
   31.000000000000000        1.6344801811077165        0.0000000000000000        0.0000000000000000        0.0000000000000000        0.0000000000000000       0.99980000000000002        2.0000000000000001E-004
   32.000000000000000        1.6315703650764539        0.0000000000000000        0.0000000000000000        0.0000000000000000        0.0000000000000000       0.99960000000000004        4.0000000000000002E-004
   33.000000000000000        1.6318237363311630        0.0000000000000000        0.0000000000000000        0.0000000000000000        0.0000000000000000        1.0000000000000000        0.0000000000000000     
   34.000000000000000        1.6331976591038218        0.0000000000000000        0.0000000000000000        0.0000000000000000        0.0000000000000000       0.99960000000000004        4.0000000000000002E-004
   35.000000000000000        1.6386102492787769        0.0000000000000000        0.0000000000000000        0.0000000000000000        0.0000000000000000       0.98980000000000001        1.0200000000000001E-002
   36.000000000000000        1.6460403679143347        0.0000000000000000        0.0000000000000000        0.0000000000000000        0.0000000000000000       0.97260000000000002        2.7400000000000001E-002
   37.000000000000000        1.6564419890343207        0.0000000000000000        0.0000000000000000        0.0000000000000000        0.0000000000000000       0.94599999999999995        5.3999999999999999E-002
   38.000000000000000        1.6690129003211827        0.0000000000000000        0.0000000000000000        0.0000000000000000        0.0000000000000000       0.93040000000000000        6.9599999999999995E-002
   39.000000000000000        1.6828798273934336        0.0000000000000000        0.0000000000000000        0.0000000000000000        0.0000000000000000       0.98399999999999999        1.6000000000000000E-002
   40.000000000000000        1.6988688078319840        0.0000000000000000        0.0000000000000000        0.0000000000000000        0.0000000000000000       0.98680000000000001        1.3200000000000000E-002
   41.000000000000000        1.7153925380982704        0.0000000000000000        0.0000000000000000        0.0000000000000000        0.0000000000000000       0.98540000000000005        1.4600000000000000E-002
   42.000000000000000        1.7325019047466310        0.0000000000000000        0.0000000000000000        0.0000000000000000        0.0000000000000000       0.98839999999999995        1.1599999999999999E-002
   43.000000000000000        1.7489556046380368        0.0000000000000000        0.0000000000000000        0.0000000000000000        0.0000000000000000       0.98819999999999997        1.1800000000000000E-002
   44.000000000000000        1.7644330986600398        0.0000000000000000        0.0000000000000000        0.0000000000000000        0.0000000000000000       0.98819999999999997        1.1800000000000000E-002
   45.000000000000000        1.7783198229304109        0.0000000000000000        0.0000000000000000        0.0000000000000000        0.0000000000000000       0.98839999999999995        1.1599999999999999E-002
   46.000000000000000        1.7901274024112872        0.0000000000000000        0.0000000000000000        0.0000000000000000        0.0000000000000000       0.98839999999999995        1.1599999999999999E-002
   47.000000000000000        1.7991268377690628        0.0000000000000000        0.0000000000000000        0.0000000000000000        0.0000000000000000       0.98839999999999995        1.1599999999999999E-002
   48.000000000000000        1.8045765899051314        0.0000000000000000        0.0000000000000000        0.0000000000000000        0.0000000000000000       0.98880000000000001        1.1200000000000000E-002
   49.000000000000000        1.8064011585487478        0.0000000000000000        0.0000000000000000        0.0000000000000000        0.0000000000000000       0.98899999999999999        1.0999999999999999E-002
   50.000000000000000        1.8040624603774678        0.0000000000000000        0.0000000000000000        0.0000000000000000        0.0000000000000000       0.98899999999999999        1.0999999999999999E-002
   51.000000000000000        1.7981780610273068        0.0000000000000000        0.0000000000000000        0.0000000000000000        0.0000000000000000       0.98899999999999999        1.0999999999999999E-002
   52.000000000000000        1.7882712850315567        0.0000000000000000        0.0000000000000000        0.0000000000000000        0.0000000000000000       0.98899999999999999        1.0999999999999999E-002
   53.000000000000000        1.7750331424684656        0.0000000000000000        0.0000000000000000        0.0000000000000000        0.0000000000000000       0.98880000000000001        1.1200000000000000E-002
   54.000000000000000        1.7587819404793752        0.0000000000000000        0.0000000000000000        0.0000000000000000        0.0000000000000000       0.98880000000000001        1.1200000000000000E-002
   55.000000000000000        1.7396231953804089        0.0000000000000000        0.0000000000000000        0.0000000000000000        0.0000000000000000       0.98880000000000001        1.1200000000000000E-002
   56.000000000000000        1.7164249482803065        0.0000000000000000        0.0000000000000000        0.0000000000000000        0.0000000000000000       0.98780000000000001        1.2200000000000001E-002
   57.000000000000000        1.6919794828811980        0.0000000000000000        0.0000000000000000        0.0000000000000000        0.0000000000000000       0.98780000000000001        1.2200000000000001E-002
   58.000000000000000        1.6660678209937660        0.0000000000000000        0.0000000000000000        0.0000000000000000        0.0000000000000000       0.98780000000000001        1.2200000000000001E-002
   59.000000000000000        1.6396636399759781        0.0000000000000000        0.0000000000000000        0.0000000000000000        0.0000000000000000       0.98780000000000001        1.2200000000000001E-002
   60.000000000000000        1.6132482666324046        0.0000000000000000        0.0000000000000000        0.0000000000000000        0.0000000000000000       0.98780000000000001        1.2200000000000001E-002
   61.000000000000000        1.5880368581437292        0.0000000000000000        0.0000000000000000        0.0000000000000000        0.0000000000000000       0.98799999999999999        1.2000000000000000E-002
   62.000000000000000        1.5646764558229818        0.0000000000000000        0.0000000000000000        0.0000000000000000        0.0000000000000000       0.98799999999999999        1.2000000000000000E-002
   63.000000000000000        1.5439568770526955        0.0000000000000000        0.0000000000000000        0.0000000000000000        0.0000000000000000       0.98760000000000003        1.2400000000000000E-002
   64.000000000000000        1.5266976560776935        0.0000000000000000        0.0000000000000000        0.0000000000000000        0.0000000000000000       0.98760000000000003        1.2400000000000000E-002
   65.000000000000000        1.5134943906270140        0.0000000000000000        0.0000000000000000        0.0000000000000000        0.0000000000000000       0.98740000000000006        1.2600000000000000E-002
   66.000000000000000        1.5053641662641850        0.0000000000000000        0.0000000000000000        0.0000000000000000        0.0000000000000000       0.98719999999999997        1.2800000000000001E-002
   67.000000000000000        1.5020357362398626        0.0000000000000000        0.0000000000000000        0.0000000000000000        0.0000000000000000       0.98780000000000001        1.2200000000000001E-002
   68.000000000000000        1.5042384501735031        0.0000000000000000        0.0000000000000000        0.0000000000000000        0.0000000000000000       0.98699999999999999        1.2999999999999999E-002
   69.000000000000000        1.5117566956763253        0.0000000000000000        0.0000000000000000        0.0000000000000000        0.0000000000000000       0.98599999999999999        1.4000000000000000E-002
   70.000000000000000        1.5249217317979329        0.0000000000000000        0.0000000000000000        0.0000000000000000        0.0000000000000000       0.98299999999999998        1.7000000000000001E-002
   71.000000000000000        1.5431051834846670        0.0000000000000000        0.0000000000000000        0.0000000000000000        0.0000000000000000       0.98119999999999996        1.8800000000000001E-002
   72.000000000000000        1.5660054793003018        0.0000000000000000        0.0000000000000000        0.0000000000000000        0.0000000000000000       0.98240000000000005        1.7600000000000001E-002
   73.000000000000000        1.5930562288022803        0.0000000000000000        0.0000000000000000        0.0000000000000000        0.0000000000000000       0.98240000000000005        1.7600000000000001E-002
   74.000000000000000        1.6236147746979863        0.0000000000000000        0.0000000000000000        0.0000000000000000        0.0000000000000000       0.98599999999999999        1.4000000000000000E-002
   75.000000000000000        1.6564148714107572        0.0000000000000000        0.0000000000000000        0.0000000000000000        0.0000000000000000       0.98440000000000005        1.5599999999999999E-002
   76.000000000000000        1.6908749670254306        0.0000000000000000        0.0000000000000000        0.0000000000000000        0.0000000000000000       0.98140000000000005        1.8599999999999998E-002
   77.000000000000000        1.7254613317723879        0.0000000000000000        0.0000000000000000        0.0000000000000000        0.0000000000000000       0.98580000000000001        1.4200000000000001E-002
   78.000000000000000        1.7601535729010893        0.0000000000000000        0.0000000000000000        0.0000000000000000        0.0000000000000000       0.97940000000000005        2.0600000000000000E-002
   79.000000000000000        1.7937242002772316        0.0000000000000000        0.0000000000000000        0.0000000000000000        0.0000000000000000       0.97780000000000000        2.2200000000000001E-002
   80.000000000000000        1.8247448485099611        0.0000000000000000        0.0000000000000000        0.0000000000000000        0.0000000000000000       0.99139999999999995        8.6000000000000000E-003
   81.000000000000000        1.8517096359457579        0.0000000000000000        0.0000000000000000        0.0000000000000000        0.0000000000000000       0.98999999999999999        1.0000000000000000E-002
   82.000000000000000        1.8796457850173420        0.0000000000000000        0.0000000000000000        0.0000000000000000        0.0000000000000000       0.98680000000000001        1.3200000000000000E-002
   83.000000000000000        1.8956857514189287        0.0000000000000000        0.0000000000000000        0.0000000000000000        0.0000000000000000       0.97440000000000004        2.5600000000000001E-002
   84.000000000000000        1.9094571852145299        0.0000000000000000        0.0000000000000000        0.0000000000000000        0.0000000000000000       0.95640000000000003        4.3600000000000000E-002
   85.000000000000000        1.9186640952239267        0.0000000000000000        0.0000000000000000        0.0000000000000000        0.0000000000000000       0.95660000000000001        4.3400000000000001E-002
   86.000000000000000        1.9218122069866115        0.0000000000000000        0.0000000000000000        0.0000000000000000        0.0000000000000000       0.95660000000000001        4.3400000000000001E-002
   87.000000000000000        1.9187970498245257        0.0000000000000000        0.0000000000000000        0.0000000000000000        0.0000000000000000       0.96740000000000004        3.2599999999999997E-002
   88.000000000000000        1.9108840081334073        0.0000000000000000        0.0000000000000000        0.0000000000000000        0.0000000000000000       0.96919999999999995        3.0800000000000001E-002
   89.000000000000000        1.9004692370983387        0.0000000000000000        0.0000000000000000        0.0000000000000000        0.0000000000000000       0.97760000000000002        2.2400000000000000E-002
   90.000000000000000        1.8811316378873615        0.0000000000000000        0.0000000000000000        0.0000000000000000        0.0000000000000000       0.97780000000000000        2.2200000000000001E-002
   91.000000000000000        1.8553251463138376        0.0000000000000000        0.0000000000000000        0.0000000000000000        0.0000000000000000       0.97299999999999998        2.7000000000000000E-002
   92.000000000000000        1.8292978323916600        0.0000000000000000        0.0000000000000000        0.0000000000000000        0.0000000000000000       0.97660000000000002        2.3400000000000001E-002
   93.000000000000000        1.7962279274976212        0.0000000000000000        0.0000000000000000        0.0000000000000000        0.0000000000000000       0.97899999999999998        2.1000000000000001E-002
   94.000000000000000        1.7610810899144926        0.0000000000000000        0.0000000000000000        0.0000000000000000        0.0000000000000000       0.97080000000000000        2.9200000000000000E-002
   95.000000000000000        1.7253625461270141        0.0000000000000000        0.0000000000000000        0.0000000000000000        0.0000000000000000       0.98219999999999996        1.7800000000000000E-002
   96.000000000000000        1.6890144216026806        0.0000000000000000        0.0000000000000000        0.0000000000000000        0.0000000000000000       0.98199999999999998        1.7999999999999999E-002
   97.000000000000000        1.6525486550255997        0.0000000000000000        0.0000000000000000        0.0000000000000000        0.0000000000000000       0.97540000000000004        2.4600000000000000E-002
   98.000000000000000        1.6177618168661645        0.0000000000000000        0.0000000000000000        0.0000000000000000        0.0000000000000000       0.97560000000000002        2.4400000000000002E-002
   99.000000000000000        1.5844521656181985        0.0000000000000000        0.0000000000000000        0.0000000000000000        0.0000000000000000       0.96579999999999999        3.4200000000000001E-002
   100.00000000000000        1.5542682232740517        0.0000000000000000        0.0000000000000000        0.0000000000000000        0.0000000000000000       0.96240000000000003        3.7600000000000001E-002
   101.00000000000000        1.5284317361174469        0.0000000000000000        0.0000000000000000        0.0000000000000000        0.0000000000000000       0.96360000000000001        3.6400000000000002E-002
   102.00000000000000        1.5054980386667973        0.0000000000000000        0.0000000000000000        0.0000000000000000        0.0000000000000000       0.96699999999999997        3.3000000000000002E-002
   103.00000000000000        1.4900721173348952        0.0000000000000000        0.0000000000000000        0.0000000000000000        0.0000000000000000       0.95899999999999996        4.1000000000000002E-002
   104.00000000000000        1.4945353010126610        0.0000000000000000        0.0000000000000000        0.0000000000000000        0.0000000000000000       0.95899999999999996        4.1000000000000002E-002
   105.00000000000000        1.4938326681093534        0.0000000000000000        0.0000000000000000        0.0000000000000000       0.11060000000000000       0.84980000000000000        3.9600000000000003E-002
   106.00000000000000        1.4837725711212202        0.0000000000000000        0.0000000000000000        0.0000000000000000       0.11040000000000000        7.6600000000000001E-002  0.81299999999999994     
   107.00000000000000        1.5023189008611593        0.0000000000000000        0.0000000000000000        0.0000000000000000       0.11060000000000000        7.6399999999999996E-002  0.81299999999999994     
   108.00000000000000        1.5211984052967613        0.0000000000000000        0.0000000000000000        0.0000000000000000       0.11300000000000000        7.3999999999999996E-002  0.81299999999999994     
   109.00000000000000        1.5190657263163094        0.0000000000000000        0.0000000000000000        0.0000000000000000       0.13700000000000001        5.0000000000000003E-002  0.81299999999999994     
   110.00000000000000        1.5064982612039945        0.0000000000000000        0.0000000000000000        0.0000000000000000       0.78500000000000003       0.21500000000000000        0.0000000000000000     
   111.00000000000000        1.5154411943479795        0.0000000000000000        0.0000000000000000        0.0000000000000000       0.49740000000000001       0.41139999999999999        9.1200000000000003E-002
   112.00000000000000        1.5596883359751488        0.0000000000000000        0.0000000000000000        1.0000000000000000E-002   0.0000000000000000       0.91200000000000003        7.8000000000000000E-002
   113.00000000000000        1.5637137418817908        0.0000000000000000        0.0000000000000000        1.0000000000000000E-002   0.0000000000000000       0.91180000000000005        7.8200000000000006E-002
   114.00000000000000        1.5877481333376717        0.0000000000000000        0.0000000000000000        1.0000000000000000E-002   0.0000000000000000       0.91200000000000003        7.8000000000000000E-002
   115.00000000000000        1.6574006385726241        0.0000000000000000        0.0000000000000000        1.0000000000000000E-002   0.0000000000000000       0.91200000000000003        7.8000000000000000E-002
   116.00000000000000        1.6230458861977426        0.0000000000000000        0.0000000000000000        9.7999999999999997E-003   2.0000000000000001E-004  0.91200000000000003        7.8000000000000000E-002
   117.00000000000000        1.6415136478083607        0.0000000000000000        0.0000000000000000        9.7999999999999997E-003   2.0000000000000001E-004  0.91120000000000001        7.8799999999999995E-002
   118.00000000000000        1.6590161753862087        0.0000000000000000        0.0000000000000000        9.7999999999999997E-003   2.0000000000000001E-004  0.90839999999999999        8.1600000000000006E-002
   119.00000000000000        1.6734463955606076        0.0000000000000000        0.0000000000000000        9.7999999999999997E-003   2.0000000000000001E-004  0.90800000000000003        8.2000000000000003E-002
   120.00000000000000        1.6851156320541154        0.0000000000000000        0.0000000000000000        9.7999999999999997E-003   2.0000000000000001E-004  0.90800000000000003        8.2000000000000003E-002
   121.00000000000000        1.6947603017303630        0.0000000000000000        0.0000000000000000        9.7999999999999997E-003   2.0000000000000001E-004  0.90120000000000000        8.8800000000000004E-002
   122.00000000000000        1.6996276059175690        0.0000000000000000        0.0000000000000000        9.4000000000000004E-003   5.9999999999999995E-004  0.88800000000000001       0.10199999999999999     
   123.00000000000000        1.7013273052860407        0.0000000000000000        0.0000000000000000        9.4000000000000004E-003   5.9999999999999995E-004  0.91800000000000004        7.1999999999999995E-002
   124.00000000000000        1.7003038562644608        0.0000000000000000        0.0000000000000000        9.4000000000000004E-003   5.9999999999999995E-004  0.88319999999999999       0.10680000000000001     
   125.00000000000000        1.6962122546608007        0.0000000000000000        0.0000000000000000        9.4000000000000004E-003   5.9999999999999995E-004  0.89820000000000000        9.1800000000000007E-002
   126.00000000000000        1.6893273271170621        0.0000000000000000        0.0000000000000000        9.4000000000000004E-003   5.9999999999999995E-004  0.87939999999999996       0.11060000000000000     
   127.00000000000000        1.6803000098826413        0.0000000000000000        0.0000000000000000        9.4000000000000004E-003   5.9999999999999995E-004  0.94120000000000004        4.8800000000000003E-002
   128.00000000000000        1.6695833487305638        0.0000000000000000        0.0000000000000000        9.4000000000000004E-003   5.9999999999999995E-004  0.94199999999999995        4.8000000000000001E-002
   129.00000000000000        1.6579885233728937        0.0000000000000000        0.0000000000000000        9.4000000000000004E-003   5.9999999999999995E-004  0.94179999999999997        4.8200000000000000E-002
   130.00000000000000        1.6464098883125255        0.0000000000000000        0.0000000000000000        9.4000000000000004E-003   5.9999999999999995E-004  0.93320000000000003        5.6800000000000003E-002
   131.00000000000000        1.6356674608492454        0.0000000000000000        0.0000000000000000        8.9999999999999993E-003   1.0000000000000000E-003  0.92679999999999996        6.3200000000000006E-002
   132.00000000000000        1.6260044725736502        0.0000000000000000        0.0000000000000000        8.9999999999999993E-003   1.0000000000000000E-003  0.92079999999999995        6.9199999999999998E-002
   133.00000000000000        1.6176074480881990        0.0000000000000000        0.0000000000000000        8.8000000000000005E-003   1.1999999999999999E-003  0.91879999999999995        7.1199999999999999E-002
   134.00000000000000        1.6115918034717980        0.0000000000000000        0.0000000000000000        8.8000000000000005E-003   1.1999999999999999E-003  0.91859999999999997        7.1400000000000005E-002
   135.00000000000000        1.6081768924883064        0.0000000000000000        0.0000000000000000        8.8000000000000005E-003   1.1999999999999999E-003  0.91900000000000004        7.0999999999999994E-002
   136.00000000000000        1.6073311879329071        0.0000000000000000        0.0000000000000000        8.8000000000000005E-003   1.1999999999999999E-003  0.92100000000000004        6.9000000000000006E-002
   137.00000000000000        1.6092507797224984        0.0000000000000000        0.0000000000000000        8.8000000000000005E-003   1.1999999999999999E-003  0.91659999999999997        7.3400000000000007E-002
   138.00000000000000        1.6136571965653430        0.0000000000000000        0.0000000000000000        8.8000000000000005E-003   1.1999999999999999E-003  0.91659999999999997        7.3400000000000007E-002
   139.00000000000000        1.6202605415033859        0.0000000000000000        0.0000000000000000        8.8000000000000005E-003   1.1999999999999999E-003  0.91800000000000004        7.1999999999999995E-002
   140.00000000000000        1.6288646894227563        0.0000000000000000        2.0000000000000001E-004   8.3999999999999995E-003   1.4000000000000000E-003  0.92079999999999995        6.9199999999999998E-002
   141.00000000000000        1.6386640710572400        0.0000000000000000        2.0000000000000001E-004   8.3999999999999995E-003   1.4000000000000000E-003  0.92179999999999995        6.8199999999999997E-002
   142.00000000000000        1.6479610656650088        0.0000000000000000        2.0000000000000001E-004   8.3999999999999995E-003   1.4000000000000000E-003  0.92040000000000000        6.9599999999999995E-002
   143.00000000000000        1.6605663081240840        0.0000000000000000        2.0000000000000001E-004   8.2000000000000007E-003   1.6000000000000001E-003  0.91859999999999997        7.1400000000000005E-002
   144.00000000000000        1.6712183707023880        0.0000000000000000        2.0000000000000001E-004   8.0000000000000002E-003   1.8000000000000000E-003  0.91959999999999997        7.0400000000000004E-002
   145.00000000000000        1.6815042335696779        0.0000000000000000        2.0000000000000001E-004   7.6000000000000000E-003   2.2000000000000001E-003  0.91959999999999997        7.0400000000000004E-002
   146.00000000000000        1.6895845523259618        0.0000000000000000        2.0000000000000001E-004   7.6000000000000000E-003   2.2000000000000001E-003  0.91539999999999999        7.4600000000000000E-002
   147.00000000000000        1.6986021797830899        0.0000000000000000        2.0000000000000001E-004   7.4000000000000003E-003   2.3999999999999998E-003  0.91759999999999997        7.2400000000000006E-002
   148.00000000000000        1.7002571080290141        0.0000000000000000        2.0000000000000001E-004   7.4000000000000003E-003   2.3999999999999998E-003  0.91879999999999995        7.1199999999999999E-002
   149.00000000000000        1.7022944664167710        0.0000000000000000        2.0000000000000001E-004   7.4000000000000003E-003   2.3999999999999998E-003  0.92179999999999995        6.8199999999999997E-002
   150.00000000000000        1.7015142261076059        0.0000000000000000        0.0000000000000000        7.6000000000000000E-003   2.3999999999999998E-003  0.92020000000000002        6.9800000000000001E-002
   151.00000000000000        1.6980514621559473        0.0000000000000000        0.0000000000000000        7.6000000000000000E-003   2.3999999999999998E-003  0.92020000000000002        6.9800000000000001E-002
   152.00000000000000        1.6922636312283466        0.0000000000000000        0.0000000000000000        7.6000000000000000E-003   2.3999999999999998E-003  0.91959999999999997        7.0400000000000004E-002
   153.00000000000000        1.6836814617898659        0.0000000000000000        0.0000000000000000        7.6000000000000000E-003   2.3999999999999998E-003  0.92120000000000002        6.8800000000000000E-002
   154.00000000000000        1.6728424271278914        0.0000000000000000        0.0000000000000000        7.6000000000000000E-003   2.3999999999999998E-003  0.92120000000000002        6.8800000000000000E-002
   155.00000000000000        1.6604035450509071        0.0000000000000000        0.0000000000000000        7.6000000000000000E-003   2.3999999999999998E-003  0.91979999999999995        7.0199999999999999E-002
   156.00000000000000        1.6462682974125171        0.0000000000000000        0.0000000000000000        7.4000000000000003E-003   2.5999999999999999E-003  0.91400000000000003        7.5999999999999998E-002
   157.00000000000000        1.6313332311263042        0.0000000000000000        0.0000000000000000        6.7999999999999996E-003   3.2000000000000002E-003  0.91420000000000001        7.5800000000000006E-002
   158.00000000000000        1.6153575041772632        0.0000000000000000        0.0000000000000000        6.7999999999999996E-003   3.2000000000000002E-003  0.92340000000000000        6.6600000000000006E-002
   159.00000000000000        1.5995492364683337        0.0000000000000000        0.0000000000000000        6.7999999999999996E-003   3.2000000000000002E-003  0.93559999999999999        5.4399999999999997E-002
   160.00000000000000        1.5846033703307554        0.0000000000000000        0.0000000000000000        6.7999999999999996E-003   3.2000000000000002E-003  0.95060000000000000        3.9399999999999998E-002
   161.00000000000000        1.5718129736674729        0.0000000000000000        0.0000000000000000        6.1999999999999998E-003   3.8000000000000000E-003  0.92940000000000000        6.0600000000000001E-002
   162.00000000000000        1.5609417652817925        0.0000000000000000        0.0000000000000000        6.1999999999999998E-003   3.8000000000000000E-003  0.86939999999999995       0.12060000000000000     
   163.00000000000000        1.5528180374282776        0.0000000000000000        0.0000000000000000        6.1999999999999998E-003   3.8000000000000000E-003  0.98999999999999999        0.0000000000000000     
   164.00000000000000        1.5482338011219985        0.0000000000000000        0.0000000000000000        6.1999999999999998E-003   3.8000000000000000E-003  0.93459999999999999        5.5399999999999998E-002
   165.00000000000000        1.5475650639482674        0.0000000000000000        0.0000000000000000        6.1999999999999998E-003   3.8000000000000000E-003  0.92620000000000002        6.3799999999999996E-002
   166.00000000000000        1.5517326075762226        0.0000000000000000        0.0000000000000000        6.1999999999999998E-003   3.8000000000000000E-003  0.92600000000000005        6.4000000000000001E-002
   167.00000000000000        1.5609457157955835        0.0000000000000000        0.0000000000000000        6.0000000000000001E-003   4.0000000000000001E-003  0.91739999999999999        7.2599999999999998E-002
   168.00000000000000        1.5750870421342515        0.0000000000000000        0.0000000000000000        6.0000000000000001E-003   4.0000000000000001E-003  0.92059999999999997        6.9400000000000003E-002
   169.00000000000000        1.5941300179157727        0.0000000000000000        0.0000000000000000        6.0000000000000001E-003   4.0000000000000001E-003  0.91700000000000004        7.2999999999999995E-002
   170.00000000000000        1.6179167869267743        0.0000000000000000        0.0000000000000000        6.0000000000000001E-003   4.0000000000000001E-003  0.91559999999999997        7.4399999999999994E-002
   171.00000000000000        1.6458820488675729        0.0000000000000000        0.0000000000000000        6.0000000000000001E-003   4.0000000000000001E-003  0.91679999999999995        7.3200000000000001E-002
   172.00000000000000        1.6774090463535509        0.0000000000000000        0.0000000000000000        6.0000000000000001E-003   4.0000000000000001E-003  0.91679999999999995        7.3200000000000001E-002
   173.00000000000000        1.7125333064052335        0.0000000000000000        0.0000000000000000        6.0000000000000001E-003   4.0000000000000001E-003  0.91679999999999995        7.3200000000000001E-002
   174.00000000000000        1.7484409942997250        0.0000000000000000        0.0000000000000000        6.0000000000000001E-003   4.0000000000000001E-003  0.91679999999999995        7.3200000000000001E-002
   175.00000000000000        1.7860577049672770        0.0000000000000000        0.0000000000000000        6.0000000000000001E-003   4.0000000000000001E-003  0.91679999999999995        7.3200000000000001E-002
   176.00000000000000        1.8240057306465980        0.0000000000000000        0.0000000000000000        6.0000000000000001E-003   4.0000000000000001E-003  0.91700000000000004        7.2999999999999995E-002
   177.00000000000000        1.8603509635728535        0.0000000000000000        0.0000000000000000        6.0000000000000001E-003   4.0000000000000001E-003  0.91739999999999999        7.2599999999999998E-002
   178.00000000000000        1.8953226054801595        0.0000000000000000        0.0000000000000000        6.0000000000000001E-003   4.0000000000000001E-003  0.91700000000000004        7.2999999999999995E-002
   179.00000000000000        1.9275662255855317        0.0000000000000000        0.0000000000000000        6.0000000000000001E-003   4.0000000000000001E-003  0.91700000000000004        7.2999999999999995E-002
   180.00000000000000        1.9564199138630385        0.0000000000000000        0.0000000000000000        6.0000000000000001E-003   4.0000000000000001E-003  0.91759999999999997        7.2400000000000006E-002
   181.00000000000000        1.9812014928089980        0.0000000000000000        0.0000000000000000        6.0000000000000001E-003   4.0000000000000001E-003  0.91679999999999995        7.3200000000000001E-002
   182.00000000000000        2.0017712505376313        0.0000000000000000        0.0000000000000000        6.0000000000000001E-003   4.0000000000000001E-003  0.91659999999999997        7.3400000000000007E-002
   183.00000000000000        2.0178161364796265        0.0000000000000000        0.0000000000000000        6.0000000000000001E-003   4.0000000000000001E-003  0.91720000000000002        7.2800000000000004E-002
   184.00000000000000        2.0240330284321280        0.0000000000000000        0.0000000000000000        6.0000000000000001E-003   4.0000000000000001E-003  0.91859999999999997        7.1400000000000005E-002
   185.00000000000000        2.0266185134723278        0.0000000000000000        0.0000000000000000        6.0000000000000001E-003   4.0000000000000001E-003  0.91579999999999995        7.4200000000000002E-002
   186.00000000000000        2.0253907802738187        0.0000000000000000        0.0000000000000000        6.0000000000000001E-003   4.0000000000000001E-003  0.91659999999999997        7.3400000000000007E-002
   187.00000000000000        2.0137824349878861        0.0000000000000000        0.0000000000000000        6.0000000000000001E-003   4.0000000000000001E-003  0.91679999999999995        7.3200000000000001E-002
   188.00000000000000        1.9999165715942144        0.0000000000000000        0.0000000000000000        6.0000000000000001E-003   4.0000000000000001E-003  0.91720000000000002        7.2800000000000004E-002
   189.00000000000000        1.9814696820035032        0.0000000000000000        0.0000000000000000        6.0000000000000001E-003   4.0000000000000001E-003  0.91559999999999997        7.4399999999999994E-002
