#        BMIN =   406
#        BMAX =   411
#     INIBAND =   411
#      NBANDS =   540
#         NSW =  2000
#       POTIM =   1.0
#        TEMP = 300.0
#    NAMDTINI =   564
#    NAMDTIME =  1000
#       NTRAJ =  5000
#        NELM =  1000
#       LHOLE =     T
#        LSHP =     T
#      LCPTXT =     T
#      RUNDIR = ../../run/
   1.0000000000000000        1.5497270291623031        0.0000000000000000        0.0000000000000000        0.0000000000000000        0.0000000000000000        0.0000000000000000        1.0000000000000000     
   2.0000000000000000        1.5796476734696330        0.0000000000000000        0.0000000000000000        0.0000000000000000        0.0000000000000000        0.0000000000000000        1.0000000000000000     
   3.0000000000000000        1.6132191317870450        0.0000000000000000        0.0000000000000000        0.0000000000000000        0.0000000000000000        0.0000000000000000        1.0000000000000000     
   4.0000000000000000        1.6502357624460688        0.0000000000000000        0.0000000000000000        0.0000000000000000        0.0000000000000000        4.0000000000000002E-004  0.99960000000000004     
   5.0000000000000000        1.6889367732120908        0.0000000000000000        0.0000000000000000        0.0000000000000000        0.0000000000000000        8.0000000000000004E-004  0.99919999999999998     
   6.0000000000000000        1.7286497061619519        0.0000000000000000        0.0000000000000000        0.0000000000000000        0.0000000000000000        4.0000000000000002E-004  0.99960000000000004     
   7.0000000000000000        1.7683951902118846        0.0000000000000000        0.0000000000000000        0.0000000000000000        0.0000000000000000        5.9999999999999995E-004  0.99939999999999996     
   8.0000000000000000        1.8068048591776769        0.0000000000000000        0.0000000000000000        0.0000000000000000        0.0000000000000000        5.9999999999999995E-004  0.99939999999999996     
   9.0000000000000000        1.8433151301177888        0.0000000000000000        0.0000000000000000        0.0000000000000000        0.0000000000000000        5.9999999999999995E-004  0.99939999999999996     
   10.000000000000000        1.8768268681048503        0.0000000000000000        0.0000000000000000        0.0000000000000000        0.0000000000000000        0.0000000000000000        1.0000000000000000     
   11.000000000000000        1.9065763146534138        0.0000000000000000        0.0000000000000000        0.0000000000000000        0.0000000000000000        1.0000000000000000E-003  0.99900000000000000     
   12.000000000000000        1.9326512830959981        0.0000000000000000        0.0000000000000000        0.0000000000000000        0.0000000000000000        0.0000000000000000        1.0000000000000000     
   13.000000000000000        1.9535400962737031        0.0000000000000000        0.0000000000000000        0.0000000000000000        0.0000000000000000        0.0000000000000000        1.0000000000000000     
   14.000000000000000        1.9696743364209870        0.0000000000000000        0.0000000000000000        0.0000000000000000        0.0000000000000000        4.0000000000000002E-004  0.99960000000000004     
   15.000000000000000        1.9800506253735799        0.0000000000000000        0.0000000000000000        0.0000000000000000        0.0000000000000000        1.1400000000000000E-002  0.98860000000000003     
   16.000000000000000        1.9853192987339672        0.0000000000000000        0.0000000000000000        0.0000000000000000        0.0000000000000000        0.0000000000000000        1.0000000000000000     
   17.000000000000000        1.9851162423651187        0.0000000000000000        0.0000000000000000        0.0000000000000000        0.0000000000000000        1.6000000000000001E-003  0.99839999999999995     
   18.000000000000000        1.9798408716461857        0.0000000000000000        0.0000000000000000        0.0000000000000000        0.0000000000000000        0.0000000000000000        1.0000000000000000     
   19.000000000000000        1.9695910614202297        0.0000000000000000        0.0000000000000000        0.0000000000000000        0.0000000000000000        1.1999999999999999E-003  0.99880000000000002     
   20.000000000000000        1.9541850025237153        0.0000000000000000        0.0000000000000000        0.0000000000000000        0.0000000000000000        0.0000000000000000        1.0000000000000000     
   21.000000000000000        1.9348098856297999        0.0000000000000000        0.0000000000000000        0.0000000000000000        0.0000000000000000        4.0000000000000002E-004  0.99960000000000004     
   22.000000000000000        1.9118291130281093        0.0000000000000000        0.0000000000000000        0.0000000000000000        0.0000000000000000        4.0000000000000002E-004  0.99960000000000004     
   23.000000000000000        1.8863227804736973        0.0000000000000000        0.0000000000000000        0.0000000000000000        0.0000000000000000        4.0000000000000002E-004  0.99960000000000004     
   24.000000000000000        1.8588535980786816        0.0000000000000000        0.0000000000000000        0.0000000000000000        0.0000000000000000        4.0000000000000002E-004  0.99960000000000004     
   25.000000000000000        1.8306238477826255        0.0000000000000000        0.0000000000000000        0.0000000000000000        0.0000000000000000        4.0000000000000002E-004  0.99960000000000004     
   26.000000000000000        1.8025654718568109        0.0000000000000000        0.0000000000000000        0.0000000000000000        0.0000000000000000        2.0000000000000001E-004  0.99980000000000002     
   27.000000000000000        1.7751619869321222        0.0000000000000000        0.0000000000000000        0.0000000000000000        0.0000000000000000        2.0000000000000001E-004  0.99980000000000002     
   28.000000000000000        1.7495883285341858        0.0000000000000000        0.0000000000000000        0.0000000000000000        0.0000000000000000        2.0000000000000001E-004  0.99980000000000002     
   29.000000000000000        1.7259576432896713        0.0000000000000000        0.0000000000000000        0.0000000000000000        0.0000000000000000        1.4000000000000000E-003  0.99860000000000004     
   30.000000000000000        1.7059202151621320        0.0000000000000000        0.0000000000000000        0.0000000000000000        0.0000000000000000        1.0000000000000000E-003  0.99900000000000000     
   31.000000000000000        1.6886890488901469        0.0000000000000000        0.0000000000000000        0.0000000000000000        0.0000000000000000        1.0000000000000000E-003  0.99900000000000000     
   32.000000000000000        1.6749132487839904        0.0000000000000000        0.0000000000000000        0.0000000000000000        0.0000000000000000        1.0000000000000000E-003  0.99900000000000000     
   33.000000000000000        1.6643762638483965        0.0000000000000000        0.0000000000000000        0.0000000000000000        0.0000000000000000        1.0000000000000000E-003  0.99900000000000000     
   34.000000000000000        1.6571501632343382        0.0000000000000000        0.0000000000000000        0.0000000000000000        0.0000000000000000        1.0000000000000000E-003  0.99900000000000000     
   35.000000000000000        1.6529223795988948        0.0000000000000000        0.0000000000000000        0.0000000000000000        0.0000000000000000        1.0000000000000000E-003  0.99900000000000000     
   36.000000000000000        1.6512535910508230        0.0000000000000000        0.0000000000000000        0.0000000000000000        0.0000000000000000        1.0000000000000000E-003  0.99900000000000000     
   37.000000000000000        1.6517833746829063        0.0000000000000000        0.0000000000000000        0.0000000000000000        0.0000000000000000        8.0000000000000004E-004  0.99919999999999998     
   38.000000000000000        1.6536506088641461        0.0000000000000000        0.0000000000000000        0.0000000000000000        0.0000000000000000        8.0000000000000004E-004  0.99919999999999998     
   39.000000000000000        1.6566563876311686        0.0000000000000000        0.0000000000000000        0.0000000000000000        0.0000000000000000        1.6000000000000001E-003  0.99839999999999995     
   40.000000000000000        1.6603350973815405        0.0000000000000000        0.0000000000000000        0.0000000000000000        0.0000000000000000        1.0000000000000000E-003  0.99900000000000000     
   41.000000000000000        1.6640409939153098        0.0000000000000000        0.0000000000000000        0.0000000000000000        0.0000000000000000        2.0000000000000001E-004  0.99980000000000002     
   42.000000000000000        1.6673831182724057        0.0000000000000000        0.0000000000000000        0.0000000000000000        0.0000000000000000        0.0000000000000000        1.0000000000000000     
   43.000000000000000        1.6698583388470456        0.0000000000000000        0.0000000000000000        0.0000000000000000        0.0000000000000000        0.0000000000000000        1.0000000000000000     
   44.000000000000000        1.6714949555999181        0.0000000000000000        0.0000000000000000        0.0000000000000000        0.0000000000000000        2.0000000000000001E-004  0.99980000000000002     
   45.000000000000000        1.6718051071462785        0.0000000000000000        0.0000000000000000        0.0000000000000000        0.0000000000000000        2.3999999999999998E-003  0.99760000000000004     
   46.000000000000000        1.6709497049100865        0.0000000000000000        0.0000000000000000        0.0000000000000000        0.0000000000000000        1.1999999999999999E-003  0.99880000000000002     
   47.000000000000000        1.6681702534444032        0.0000000000000000        0.0000000000000000        0.0000000000000000        0.0000000000000000        0.0000000000000000        1.0000000000000000     
   48.000000000000000        1.6641291927063708        0.0000000000000000        0.0000000000000000        0.0000000000000000        0.0000000000000000        0.0000000000000000        1.0000000000000000     
   49.000000000000000        1.6578661541237865        0.0000000000000000        0.0000000000000000        0.0000000000000000        0.0000000000000000        5.9999999999999995E-004  0.99939999999999996     
   50.000000000000000        1.6502143109947724        0.0000000000000000        0.0000000000000000        0.0000000000000000        0.0000000000000000        8.0000000000000004E-004  0.99919999999999998     
   51.000000000000000        1.6419673791972578        0.0000000000000000        0.0000000000000000        0.0000000000000000        0.0000000000000000        0.0000000000000000        1.0000000000000000     
   52.000000000000000        1.6312687875423904        0.0000000000000000        0.0000000000000000        0.0000000000000000        0.0000000000000000        0.0000000000000000        1.0000000000000000     
   53.000000000000000        1.6201528574528024        0.0000000000000000        0.0000000000000000        0.0000000000000000        0.0000000000000000        1.1999999999999999E-003  0.99880000000000002     
   54.000000000000000        1.6078840964233132        0.0000000000000000        0.0000000000000000        0.0000000000000000        0.0000000000000000        1.6000000000000001E-003  0.99839999999999995     
   55.000000000000000        1.5930053178616443        0.0000000000000000        0.0000000000000000        0.0000000000000000       0.17940000000000000       0.14699999999999999       0.67359999999999998     
   56.000000000000000        1.5857072944695558        0.0000000000000000        0.0000000000000000        0.0000000000000000       0.17940000000000000       0.14699999999999999       0.67359999999999998     
   57.000000000000000        1.5814475263322203        0.0000000000000000        0.0000000000000000        0.0000000000000000       0.17040000000000000       0.15600000000000000       0.67359999999999998     
   58.000000000000000        1.5765457417937836        0.0000000000000000        0.0000000000000000        0.0000000000000000       0.17000000000000001       0.15640000000000001       0.67359999999999998     
   59.000000000000000        1.5712682093207508        0.0000000000000000        0.0000000000000000        0.0000000000000000       0.18579999999999999       0.14060000000000000       0.67359999999999998     
   60.000000000000000        1.5663112025427377        0.0000000000000000        0.0000000000000000        0.0000000000000000       0.18620000000000000       0.14019999999999999       0.67359999999999998     
   61.000000000000000        1.5617739946548144        0.0000000000000000        0.0000000000000000        0.0000000000000000       0.18640000000000001       0.14019999999999999       0.67340000000000000     
   62.000000000000000        1.5578267926288740        0.0000000000000000        0.0000000000000000        0.0000000000000000       0.20440000000000000       0.12220000000000000       0.67340000000000000     
   63.000000000000000        1.5551415546626444        0.0000000000000000        0.0000000000000000        0.0000000000000000       0.19239999999999999       0.12440000000000000       0.68320000000000003     
   64.000000000000000        1.5555861917014684        0.0000000000000000        0.0000000000000000        0.0000000000000000       0.17219999999999999       0.13900000000000001       0.68879999999999997     
   65.000000000000000        1.5647785874200255        0.0000000000000000        0.0000000000000000        0.0000000000000000       0.17219999999999999       0.13880000000000001       0.68899999999999995     
   66.000000000000000        1.5771086616959367        0.0000000000000000        0.0000000000000000        0.0000000000000000       0.17219999999999999       0.13980000000000001       0.68799999999999994     
   67.000000000000000        1.5916300058460304        0.0000000000000000        0.0000000000000000        0.0000000000000000       0.17219999999999999       0.17119999999999999       0.65659999999999996     
   68.000000000000000        1.6087795687522246        0.0000000000000000        0.0000000000000000        0.0000000000000000       0.17219999999999999       0.14740000000000000       0.68040000000000000     
   69.000000000000000        1.6273838355047723        0.0000000000000000        0.0000000000000000        0.0000000000000000       0.17219999999999999       0.11520000000000000       0.71260000000000001     
   70.000000000000000        1.6467668492479812        0.0000000000000000        0.0000000000000000        0.0000000000000000       0.17219999999999999        9.7600000000000006E-002  0.73019999999999996     
   71.000000000000000        1.6659089127461015        0.0000000000000000        0.0000000000000000        0.0000000000000000       0.17219999999999999       0.10920000000000001       0.71860000000000002     
   72.000000000000000        1.6843840714759786        0.0000000000000000        0.0000000000000000        0.0000000000000000       0.17219999999999999        8.4800000000000000E-002  0.74299999999999999     
   73.000000000000000        1.7011116442978007        0.0000000000000000        0.0000000000000000        0.0000000000000000       0.17219999999999999        8.6800000000000002E-002  0.74099999999999999     
   74.000000000000000        1.7155523218376993        0.0000000000000000        0.0000000000000000        0.0000000000000000       0.17219999999999999        7.0999999999999994E-002  0.75680000000000003     
   75.000000000000000        1.7271686400316459        0.0000000000000000        0.0000000000000000        0.0000000000000000       0.17219999999999999        7.0999999999999994E-002  0.75680000000000003     
   76.000000000000000        1.7346169098161082        0.0000000000000000        0.0000000000000000        0.0000000000000000       0.17219999999999999        5.9999999999999998E-002  0.76780000000000004     
   77.000000000000000        1.7398431974421085        0.0000000000000000        0.0000000000000000        0.0000000000000000       0.17219999999999999        4.9399999999999999E-002  0.77839999999999998     
   78.000000000000000        1.7395970547839521        0.0000000000000000        0.0000000000000000        0.0000000000000000       0.17219999999999999        4.9200000000000001E-002  0.77859999999999996     
   79.000000000000000        1.7356631546525763        0.0000000000000000        0.0000000000000000        0.0000000000000000       0.17219999999999999        5.2600000000000001E-002  0.77520000000000000     
   80.000000000000000        1.7279595389876161        0.0000000000000000        0.0000000000000000        0.0000000000000000       0.17219999999999999        4.6800000000000001E-002  0.78100000000000003     
   81.000000000000000        1.7149321027832571        0.0000000000000000        0.0000000000000000        0.0000000000000000       0.17219999999999999        5.0799999999999998E-002  0.77700000000000002     
   82.000000000000000        1.6987035648594575        0.0000000000000000        0.0000000000000000        0.0000000000000000       0.17219999999999999        5.2600000000000001E-002  0.77520000000000000     
   83.000000000000000        1.6783768636523175        0.0000000000000000        0.0000000000000000        0.0000000000000000       0.17219999999999999        5.5199999999999999E-002  0.77259999999999995     
   84.000000000000000        1.6555939273624056        0.0000000000000000        0.0000000000000000        0.0000000000000000       0.17219999999999999        5.6399999999999999E-002  0.77139999999999997     
   85.000000000000000        1.6300782060869869        0.0000000000000000        0.0000000000000000        0.0000000000000000       0.17219999999999999        5.6000000000000001E-002  0.77180000000000004     
   86.000000000000000        1.6023102313226443        0.0000000000000000        0.0000000000000000        0.0000000000000000       0.17219999999999999        5.3800000000000001E-002  0.77400000000000002     
   87.000000000000000        1.5738753723803693        0.0000000000000000        0.0000000000000000        0.0000000000000000       0.17219999999999999        4.6600000000000003E-002  0.78120000000000001     
   88.000000000000000        1.5436339687899043        0.0000000000000000        0.0000000000000000        0.0000000000000000       0.17219999999999999        4.9399999999999999E-002  0.77839999999999998     
   89.000000000000000        1.5142734363938446        0.0000000000000000        0.0000000000000000        0.0000000000000000       0.17219999999999999        4.6800000000000001E-002  0.78100000000000003     
   90.000000000000000        1.4859477272720312        0.0000000000000000        0.0000000000000000        0.0000000000000000       0.17219999999999999        4.8399999999999999E-002  0.77939999999999998     
   91.000000000000000        1.4600048665695948        0.0000000000000000        0.0000000000000000        0.0000000000000000       0.17219999999999999        4.6800000000000001E-002  0.78100000000000003     
   92.000000000000000        1.4359520588113701        0.0000000000000000        0.0000000000000000        0.0000000000000000       0.17219999999999999        4.6800000000000001E-002  0.78100000000000003     
   93.000000000000000        1.4167821212120943        0.0000000000000000        0.0000000000000000        0.0000000000000000       0.17219999999999999        4.6399999999999997E-002  0.78139999999999998     
   94.000000000000000        1.3959719373597645        0.0000000000000000        0.0000000000000000        0.0000000000000000       0.39479999999999998       0.10280000000000000       0.50239999999999996     
   95.000000000000000        1.3847093263315049        0.0000000000000000        0.0000000000000000        0.0000000000000000       0.40520000000000000        5.1799999999999999E-002  0.54300000000000004     
   96.000000000000000        1.3846602337186780        0.0000000000000000        0.0000000000000000        0.0000000000000000       0.41299999999999998        5.1799999999999999E-002  0.53520000000000001     
   97.000000000000000        1.3834022298981907        0.0000000000000000        0.0000000000000000        0.0000000000000000       0.43340000000000001       0.31159999999999999       0.25500000000000000     
   98.000000000000000        1.3809326937596638        0.0000000000000000        0.0000000000000000        0.0000000000000000       0.25860000000000000       0.74139999999999995        0.0000000000000000     
   99.000000000000000        1.4007382476689532        0.0000000000000000        0.0000000000000000        8.0000000000000004E-004  0.25760000000000000       0.73999999999999999        1.6000000000000001E-003
   100.00000000000000        1.4204010129618601        0.0000000000000000        0.0000000000000000        6.1999999999999998E-003  0.25219999999999998       0.74060000000000004        1.0000000000000000E-003
   101.00000000000000        1.4263886298894148        0.0000000000000000        0.0000000000000000        6.1999999999999998E-003  0.37359999999999999       0.45619999999999999       0.16400000000000001     
   102.00000000000000        1.4251239338125596        0.0000000000000000        0.0000000000000000        5.5999999999999999E-003  0.34120000000000000       0.45619999999999999       0.19700000000000001     
   103.00000000000000        1.4873818379545716        0.0000000000000000        0.0000000000000000        5.5999999999999999E-003  0.34120000000000000       0.47899999999999998       0.17419999999999999     
   104.00000000000000        1.5078949589188497        0.0000000000000000        0.0000000000000000        5.5999999999999999E-003  0.34120000000000000       0.47880000000000000       0.17440000000000000     
   105.00000000000000        1.5500043767945673        0.0000000000000000        0.0000000000000000        5.5999999999999999E-003  0.26860000000000001       0.56659999999999999       0.15920000000000001     
   106.00000000000000        1.6761487202843379        0.0000000000000000        0.0000000000000000        4.7999999999999996E-003  0.26140000000000002       0.57379999999999998       0.16000000000000000     
   107.00000000000000        1.6926359603233356        0.0000000000000000        0.0000000000000000        2.3999999999999998E-003  0.25300000000000000       0.58220000000000005       0.16239999999999999     
   108.00000000000000        1.7154081543713864        0.0000000000000000        0.0000000000000000        0.0000000000000000       0.29880000000000001       0.31459999999999999       0.38660000000000000     
   109.00000000000000        1.7167183258386158        0.0000000000000000        0.0000000000000000        0.0000000000000000       0.29880000000000001       0.30099999999999999       0.40020000000000000     
   110.00000000000000        1.7715596510256320        0.0000000000000000        0.0000000000000000        0.0000000000000000       0.29880000000000001       0.30080000000000001       0.40039999999999998     
   111.00000000000000        1.7904899303150850        0.0000000000000000        0.0000000000000000        0.0000000000000000       0.29880000000000001       0.29780000000000001       0.40339999999999998     
   112.00000000000000        1.7723914895558579        0.0000000000000000        0.0000000000000000        0.0000000000000000       0.29859999999999998       0.30659999999999998       0.39479999999999998     
   113.00000000000000        1.8064030205796167        0.0000000000000000        0.0000000000000000        0.0000000000000000       0.29859999999999998       0.30840000000000001       0.39300000000000002     
   114.00000000000000        1.8091146488133951        0.0000000000000000        0.0000000000000000        0.0000000000000000       0.29859999999999998       0.30819999999999997       0.39319999999999999     
   115.00000000000000        1.8120292517386898        0.0000000000000000        0.0000000000000000        0.0000000000000000       0.29859999999999998       0.30819999999999997       0.39319999999999999     
   116.00000000000000        1.8092282383424445        0.0000000000000000        0.0000000000000000        0.0000000000000000       0.29859999999999998       0.30840000000000001       0.39300000000000002     
   117.00000000000000        1.8171246817749789        0.0000000000000000        0.0000000000000000        0.0000000000000000       0.29859999999999998       0.30399999999999999       0.39739999999999998     
   118.00000000000000        1.8142862667371846        0.0000000000000000        0.0000000000000000        0.0000000000000000       0.29859999999999998       0.30459999999999998       0.39679999999999999     
   119.00000000000000        1.7812113365736857        0.0000000000000000        0.0000000000000000        0.0000000000000000       0.29859999999999998       0.30480000000000002       0.39660000000000001     
   120.00000000000000        1.7676886431731820        0.0000000000000000        0.0000000000000000        0.0000000000000000       0.29859999999999998       0.29759999999999998       0.40379999999999999     
   121.00000000000000        1.7508565845085200        0.0000000000000000        0.0000000000000000        0.0000000000000000       0.29859999999999998       0.30280000000000001       0.39860000000000001     
   122.00000000000000        1.7255652531129657        0.0000000000000000        0.0000000000000000        0.0000000000000000       0.29859999999999998       0.40339999999999998       0.29799999999999999     
   123.00000000000000        1.9628048241314815        0.0000000000000000        0.0000000000000000        0.0000000000000000       0.32119999999999999       0.38080000000000003       0.29799999999999999     
   124.00000000000000        1.6924457802542503        0.0000000000000000        0.0000000000000000        0.0000000000000000       0.32119999999999999       0.38059999999999999       0.29820000000000002     
   125.00000000000000        1.6727310006238976        0.0000000000000000        0.0000000000000000        0.0000000000000000       0.32119999999999999       0.38740000000000002       0.29139999999999999     
   126.00000000000000        1.6480503748424753        0.0000000000000000        0.0000000000000000        0.0000000000000000       0.32119999999999999       0.38760000000000000       0.29120000000000001     
   127.00000000000000        1.6364112837339955        0.0000000000000000        0.0000000000000000        0.0000000000000000       0.32119999999999999       0.38840000000000002       0.29039999999999999     
   128.00000000000000        1.6206804687732250        0.0000000000000000        0.0000000000000000        0.0000000000000000       0.32119999999999999       0.39000000000000001       0.28880000000000000     
   129.00000000000000        1.6072713784252382        0.0000000000000000        0.0000000000000000        0.0000000000000000       0.32119999999999999       0.39000000000000001       0.28880000000000000     
   130.00000000000000        1.5866453299593657        0.0000000000000000        0.0000000000000000        0.0000000000000000       0.32119999999999999       0.38979999999999998       0.28899999999999998     
   131.00000000000000        1.5786956980682165        0.0000000000000000        0.0000000000000000        0.0000000000000000       0.32119999999999999       0.39140000000000003       0.28739999999999999     
   132.00000000000000        1.5736298668122730        0.0000000000000000        0.0000000000000000        0.0000000000000000       0.32119999999999999       0.39140000000000003       0.28739999999999999     
   133.00000000000000        1.5717701359843539        0.0000000000000000        0.0000000000000000        0.0000000000000000       0.32119999999999999       0.39140000000000003       0.28739999999999999     
   134.00000000000000        1.5723539292130166        0.0000000000000000        0.0000000000000000        0.0000000000000000       0.32119999999999999       0.39879999999999999       0.28000000000000003     
   135.00000000000000        1.5756879893028712        0.0000000000000000        0.0000000000000000        0.0000000000000000       0.32119999999999999       0.51319999999999999       0.16560000000000000     
   136.00000000000000        1.5818254400241130        0.0000000000000000        0.0000000000000000        0.0000000000000000       0.32119999999999999       0.37259999999999999       0.30620000000000003     
   137.00000000000000        1.5894671015376289        0.0000000000000000        0.0000000000000000        0.0000000000000000       0.32119999999999999       0.40720000000000001       0.27160000000000001     
   138.00000000000000        1.5989460660532082        0.0000000000000000        0.0000000000000000        0.0000000000000000       0.32119999999999999       0.39040000000000002       0.28839999999999999     
   139.00000000000000        1.6096099285142957        0.0000000000000000        0.0000000000000000        0.0000000000000000       0.32119999999999999       0.38200000000000001       0.29680000000000001     
   140.00000000000000        1.6206863064830859        0.0000000000000000        0.0000000000000000        0.0000000000000000       0.32119999999999999       0.38140000000000002       0.29740000000000000     
   141.00000000000000        1.6320900618526057        0.0000000000000000        0.0000000000000000        0.0000000000000000       0.32119999999999999       0.38560000000000000       0.29320000000000002     
   142.00000000000000        1.6445424696588917        0.0000000000000000        0.0000000000000000        0.0000000000000000       0.32119999999999999       0.38500000000000001       0.29380000000000001     
   143.00000000000000        1.6545187605714875        0.0000000000000000        0.0000000000000000        0.0000000000000000       0.32119999999999999       0.38460000000000000       0.29420000000000002     
   144.00000000000000        1.6646221956801781        0.0000000000000000        0.0000000000000000        0.0000000000000000       0.32119999999999999       0.38419999999999999       0.29459999999999997     
   145.00000000000000        1.6736488253463511        0.0000000000000000        0.0000000000000000        0.0000000000000000       0.32119999999999999       0.38419999999999999       0.29459999999999997     
   146.00000000000000        1.6823994889026663        0.0000000000000000        0.0000000000000000        0.0000000000000000       0.32119999999999999       0.38260000000000000       0.29620000000000002     
   147.00000000000000        1.6871602759424662        0.0000000000000000        0.0000000000000000        0.0000000000000000       0.32119999999999999       0.38119999999999998       0.29759999999999998     
   148.00000000000000        1.6920319608578915        0.0000000000000000        0.0000000000000000        0.0000000000000000       0.32119999999999999       0.38119999999999998       0.29759999999999998     
   149.00000000000000        1.6956637049345293        0.0000000000000000        0.0000000000000000        0.0000000000000000       0.32119999999999999       0.38540000000000002       0.29339999999999999     
   150.00000000000000        1.6958511028334406        0.0000000000000000        0.0000000000000000        0.0000000000000000       0.32119999999999999       0.38540000000000002       0.29339999999999999     
   151.00000000000000        1.6952456476376838        0.0000000000000000        0.0000000000000000        0.0000000000000000       0.32119999999999999       0.38460000000000000       0.29420000000000002     
   152.00000000000000        1.6926113746488163        0.0000000000000000        0.0000000000000000        0.0000000000000000       0.32119999999999999       0.38600000000000001       0.29280000000000000     
   153.00000000000000        1.6859403870596812        0.0000000000000000        0.0000000000000000        0.0000000000000000       0.32119999999999999       0.38760000000000000       0.29120000000000001     
   154.00000000000000        1.6831881783532596        0.0000000000000000        0.0000000000000000        0.0000000000000000       0.32119999999999999       0.38419999999999999       0.29459999999999997     
   155.00000000000000        1.6763641297759388        0.0000000000000000        0.0000000000000000        0.0000000000000000       0.32119999999999999       0.38640000000000002       0.29239999999999999     
   156.00000000000000        1.6690761780194336        0.0000000000000000        0.0000000000000000        0.0000000000000000       0.32119999999999999       0.38619999999999999       0.29260000000000003     
   157.00000000000000        1.6602179338493110        0.0000000000000000        0.0000000000000000        0.0000000000000000       0.32119999999999999       0.38740000000000002       0.29139999999999999     
   158.00000000000000        1.6515640015349156        0.0000000000000000        0.0000000000000000        0.0000000000000000       0.32119999999999999       0.38800000000000001       0.29080000000000000     
   159.00000000000000        1.6430701892118185        0.0000000000000000        0.0000000000000000        0.0000000000000000       0.32119999999999999       0.36280000000000001       0.31600000000000000     
   160.00000000000000        1.6351531066778289        0.0000000000000000        0.0000000000000000        0.0000000000000000       0.32119999999999999       0.33920000000000000       0.33960000000000001     
   161.00000000000000        1.6284019752327463        0.0000000000000000        0.0000000000000000        0.0000000000000000       0.32119999999999999       0.37219999999999998       0.30659999999999998     
   162.00000000000000        1.6220447459598373        0.0000000000000000        0.0000000000000000        0.0000000000000000       0.32119999999999999       0.35859999999999997       0.32019999999999998     
   163.00000000000000        1.6172846660647835        0.0000000000000000        0.0000000000000000        0.0000000000000000       0.32119999999999999       0.39079999999999998       0.28799999999999998     
   164.00000000000000        1.6144771999283911        0.0000000000000000        0.0000000000000000        0.0000000000000000       0.32119999999999999       0.38300000000000001       0.29580000000000001     
   165.00000000000000        1.6135967219438063        0.0000000000000000        0.0000000000000000        0.0000000000000000       0.32119999999999999       0.37919999999999998       0.29959999999999998     
   166.00000000000000        1.6143206241940136        0.0000000000000000        0.0000000000000000        0.0000000000000000       0.32119999999999999       0.38019999999999998       0.29859999999999998     
   167.00000000000000        1.6164278147524778        0.0000000000000000        0.0000000000000000        0.0000000000000000       0.32119999999999999       0.34799999999999998       0.33079999999999998     
   168.00000000000000        1.6206529594954959        0.0000000000000000        0.0000000000000000        0.0000000000000000       0.32119999999999999       0.33960000000000001       0.33920000000000000     
   169.00000000000000        1.6255268173039732        0.0000000000000000        0.0000000000000000        0.0000000000000000       0.32119999999999999       0.34599999999999997       0.33279999999999998     
   170.00000000000000        1.6304464378470642        0.0000000000000000        0.0000000000000000        0.0000000000000000       0.32119999999999999       0.36259999999999998       0.31619999999999998     
   171.00000000000000        1.6362735829220147        0.0000000000000000        0.0000000000000000        0.0000000000000000       0.32119999999999999       0.36059999999999998       0.31819999999999998     
   172.00000000000000        1.6423931381539254        0.0000000000000000        0.0000000000000000        0.0000000000000000       0.32119999999999999       0.36080000000000001       0.31800000000000000     
   173.00000000000000        1.6473134599088370        0.0000000000000000        0.0000000000000000        0.0000000000000000       0.32119999999999999       0.36059999999999998       0.31819999999999998     
   174.00000000000000        1.6508749319970069        0.0000000000000000        0.0000000000000000        0.0000000000000000       0.32119999999999999       0.36140000000000000       0.31740000000000002     
   175.00000000000000        1.6531471773176940        0.0000000000000000        0.0000000000000000        0.0000000000000000       0.32119999999999999       0.36020000000000002       0.31859999999999999     
   176.00000000000000        1.6531723045555913        0.0000000000000000        0.0000000000000000        0.0000000000000000       0.32119999999999999       0.36020000000000002       0.31859999999999999     
   177.00000000000000        1.8381223237781463        0.0000000000000000        0.0000000000000000        0.0000000000000000        0.0000000000000000       0.66159999999999997       0.33839999999999998     
   178.00000000000000        1.9251796727559869        0.0000000000000000        0.0000000000000000        3.8399999999999997E-002   2.5200000000000000E-002  0.52659999999999996       0.40980000000000000     
   179.00000000000000        2.0131291455717375        0.0000000000000000        0.0000000000000000        2.2599999999999999E-002  0.39900000000000002       0.16839999999999999       0.40999999999999998     
   180.00000000000000        1.8973285505616393        0.0000000000000000        0.0000000000000000        2.2000000000000001E-003  0.58779999999999999        0.0000000000000000       0.40999999999999998     
   181.00000000000000        1.8137996182666387        0.0000000000000000        0.0000000000000000        1.6000000000000001E-003  0.56440000000000001        2.5200000000000000E-002  0.40880000000000000     
   182.00000000000000        1.9152223951782941        0.0000000000000000        0.0000000000000000        1.4000000000000000E-003  0.49140000000000000        2.0000000000000001E-004  0.50700000000000001     
   183.00000000000000        1.5643654628902164        0.0000000000000000        0.0000000000000000        2.0000000000000000E-003  0.49080000000000001        2.0000000000000001E-004  0.50700000000000001     
   184.00000000000000        1.4783789320031016        0.0000000000000000        0.0000000000000000        2.0000000000000000E-003  0.49080000000000001        2.0000000000000001E-004  0.50700000000000001     
   185.00000000000000        1.4640359917049517        0.0000000000000000        0.0000000000000000        2.0000000000000000E-003  0.49080000000000001        2.0000000000000001E-004  0.50700000000000001     
   186.00000000000000        1.4490400364824385        0.0000000000000000        0.0000000000000000        2.0000000000000000E-003  0.49080000000000001        2.0000000000000001E-004  0.50700000000000001     
   187.00000000000000        1.4341585467863087        0.0000000000000000        0.0000000000000000        2.0000000000000000E-003  0.49080000000000001        2.0000000000000001E-004  0.50700000000000001     
   188.00000000000000        1.4193928402836091        0.0000000000000000        0.0000000000000000        2.0000000000000000E-003  0.49080000000000001        2.0000000000000001E-004  0.50700000000000001     
   189.00000000000000        1.4050409672972877        0.0000000000000000        0.0000000000000000        2.0000000000000000E-003  0.49080000000000001        2.0000000000000001E-004  0.50700000000000001     
