#        BMIN =   406
#        BMAX =   411
#     INIBAND =   410
#      NBANDS =   540
#         NSW =  2000
#       POTIM =   1.0
#        TEMP = 300.0
#    NAMDTINI =   856
#    NAMDTIME =  1000
#       NTRAJ =  5000
#        NELM =  1000
#       LHOLE =     T
#        LSHP =     T
#      LCPTXT =     T
#      RUNDIR = ../../run/
   1.0000000000000000        1.5086637762927646        0.0000000000000000        0.0000000000000000        0.0000000000000000        0.0000000000000000        1.0000000000000000        0.0000000000000000     
   2.0000000000000000        1.4863125578359901        0.0000000000000000        0.0000000000000000        0.0000000000000000        4.0000000000000002E-004  0.99960000000000004        0.0000000000000000     
   3.0000000000000000        1.4684617958217163        0.0000000000000000        0.0000000000000000        0.0000000000000000        8.0000000000000004E-004  0.99919999999999998        0.0000000000000000     
   4.0000000000000000        1.4552089534624986        0.0000000000000000        0.0000000000000000        0.0000000000000000        8.0000000000000004E-004  0.99919999999999998        0.0000000000000000     
   5.0000000000000000        1.4477251735846863        0.0000000000000000        0.0000000000000000        0.0000000000000000        1.0000000000000000E-003  0.99900000000000000        0.0000000000000000     
   6.0000000000000000        1.4461809606842304        0.0000000000000000        0.0000000000000000        0.0000000000000000        2.0000000000000000E-003  0.99800000000000000        0.0000000000000000     
   7.0000000000000000        1.4508951054734451        0.0000000000000000        0.0000000000000000        0.0000000000000000        1.6000000000000001E-003  0.99839999999999995        0.0000000000000000     
   8.0000000000000000        1.4611852058082127        0.0000000000000000        0.0000000000000000        0.0000000000000000        8.2000000000000007E-003  0.99180000000000001        0.0000000000000000     
   9.0000000000000000        1.4777629909504895        0.0000000000000000        0.0000000000000000        0.0000000000000000        0.0000000000000000        1.0000000000000000        0.0000000000000000     
   10.000000000000000        1.5000102918879525        0.0000000000000000        0.0000000000000000        0.0000000000000000        3.8000000000000000E-003  0.99619999999999997        0.0000000000000000     
   11.000000000000000        1.5288924234904098        0.0000000000000000        0.0000000000000000        0.0000000000000000        3.0000000000000001E-003  0.95140000000000002        4.5600000000000002E-002
   12.000000000000000        1.5542439072792060        0.0000000000000000        0.0000000000000000        0.0000000000000000        8.0000000000000004E-004  0.94479999999999997        5.4399999999999997E-002
   13.000000000000000        1.5873723790697909        0.0000000000000000        0.0000000000000000        0.0000000000000000        8.0000000000000004E-004  0.93440000000000001        6.4799999999999996E-002
   14.000000000000000        1.6233221508547508        0.0000000000000000        0.0000000000000000        0.0000000000000000        8.0000000000000004E-004  0.93059999999999998        6.8599999999999994E-002
   15.000000000000000        1.6600987985922482        0.0000000000000000        0.0000000000000000        0.0000000000000000        8.0000000000000004E-004  0.95020000000000004        4.9000000000000002E-002
   16.000000000000000        1.6962407032529518        0.0000000000000000        0.0000000000000000        0.0000000000000000        8.0000000000000004E-004  0.97560000000000002        2.3599999999999999E-002
   17.000000000000000        1.7305442423483137        0.0000000000000000        0.0000000000000000        0.0000000000000000        8.0000000000000004E-004  0.98280000000000001        1.6400000000000001E-002
   18.000000000000000        1.7626731206879902        0.0000000000000000        0.0000000000000000        0.0000000000000000        8.0000000000000004E-004  0.97480000000000000        2.4400000000000002E-002
   19.000000000000000        1.7910669920879405        0.0000000000000000        0.0000000000000000        0.0000000000000000        8.0000000000000004E-004  0.99119999999999997        8.0000000000000002E-003
   20.000000000000000        1.8163769502721390        0.0000000000000000        0.0000000000000000        0.0000000000000000        8.0000000000000004E-004  0.99460000000000004        4.5999999999999999E-003
   21.000000000000000        1.8333412252760872        0.0000000000000000        0.0000000000000000        0.0000000000000000        8.0000000000000004E-004  0.98960000000000004        9.5999999999999992E-003
   22.000000000000000        1.8472279632563133        0.0000000000000000        0.0000000000000000        0.0000000000000000        8.0000000000000004E-004  0.99299999999999999        6.1999999999999998E-003
   23.000000000000000        1.8553160494670158        0.0000000000000000        0.0000000000000000        0.0000000000000000        8.0000000000000004E-004  0.99360000000000004        5.5999999999999999E-003
   24.000000000000000        1.8560558967943122        0.0000000000000000        0.0000000000000000        0.0000000000000000        8.0000000000000004E-004  0.99639999999999995        2.8000000000000000E-003
   25.000000000000000        1.8526104038318554        0.0000000000000000        0.0000000000000000        0.0000000000000000        8.0000000000000004E-004  0.99639999999999995        2.8000000000000000E-003
   26.000000000000000        1.8422775725625045        0.0000000000000000        0.0000000000000000        0.0000000000000000        8.0000000000000004E-004  0.99619999999999997        3.0000000000000001E-003
   27.000000000000000        1.8259168134401902        0.0000000000000000        0.0000000000000000        0.0000000000000000        8.0000000000000004E-004  0.99539999999999995        3.8000000000000000E-003
   28.000000000000000        1.8047195070125754        0.0000000000000000        0.0000000000000000        0.0000000000000000        8.0000000000000004E-004  0.99560000000000004        3.5999999999999999E-003
   29.000000000000000        1.7790411441167691        0.0000000000000000        0.0000000000000000        0.0000000000000000        8.0000000000000004E-004  0.99560000000000004        3.5999999999999999E-003
   30.000000000000000        1.7490357607992510        0.0000000000000000        0.0000000000000000        0.0000000000000000        8.0000000000000004E-004  0.99560000000000004        3.5999999999999999E-003
   31.000000000000000        1.7163777550753001        0.0000000000000000        0.0000000000000000        0.0000000000000000        8.0000000000000004E-004  0.99580000000000002        3.3999999999999998E-003
   32.000000000000000        1.6818402167099065        0.0000000000000000        0.0000000000000000        0.0000000000000000        8.0000000000000004E-004  0.99619999999999997        3.0000000000000001E-003
   33.000000000000000        1.6455457720101074        0.0000000000000000        0.0000000000000000        0.0000000000000000        8.0000000000000004E-004  0.99639999999999995        2.8000000000000000E-003
   34.000000000000000        1.6111185663682737        0.0000000000000000        0.0000000000000000        0.0000000000000000        8.0000000000000004E-004  0.99619999999999997        3.0000000000000001E-003
   35.000000000000000        1.5775155792229771        0.0000000000000000        0.0000000000000000        0.0000000000000000        8.0000000000000004E-004  0.99639999999999995        2.8000000000000000E-003
   36.000000000000000        1.5395082876793971        0.0000000000000000        0.0000000000000000        0.0000000000000000        8.0000000000000004E-004  0.99639999999999995        2.8000000000000000E-003
   37.000000000000000        1.5183046840086618        0.0000000000000000        0.0000000000000000        0.0000000000000000        4.0399999999999998E-002  0.78600000000000003       0.17360000000000000     
   38.000000000000000        1.4893057585166507        0.0000000000000000        0.0000000000000000        0.0000000000000000        4.0399999999999998E-002  0.78600000000000003       0.17360000000000000     
   39.000000000000000        1.4814807103738012        0.0000000000000000        0.0000000000000000        0.0000000000000000        4.0399999999999998E-002  0.78620000000000001       0.17340000000000000     
   40.000000000000000        1.4665917600464176        0.0000000000000000        0.0000000000000000        0.0000000000000000        4.0200000000000000E-002  0.78639999999999999       0.17340000000000000     
   41.000000000000000        1.4517549698385290        0.0000000000000000        0.0000000000000000        0.0000000000000000        5.4399999999999997E-002  0.77220000000000000       0.17340000000000000     
   42.000000000000000        1.4517043930342624        0.0000000000000000        0.0000000000000000        0.0000000000000000        3.1800000000000002E-002  0.71619999999999995       0.25200000000000000     
   43.000000000000000        1.5031515435783267        0.0000000000000000        0.0000000000000000        0.0000000000000000        5.7000000000000002E-002  0.53639999999999999       0.40660000000000002     
   44.000000000000000        1.4669763591606286        0.0000000000000000        0.0000000000000000        0.0000000000000000       0.59499999999999997        2.4600000000000000E-002  0.38040000000000002     
   45.000000000000000        1.5044070202799249        0.0000000000000000        0.0000000000000000        0.0000000000000000       0.37700000000000000       0.62300000000000000        0.0000000000000000     
   46.000000000000000        1.4457533123693538        0.0000000000000000        0.0000000000000000        0.0000000000000000       0.37659999999999999       0.62339999999999995        0.0000000000000000     
   47.000000000000000        1.4616986557743139        0.0000000000000000        0.0000000000000000        0.0000000000000000       0.40000000000000002       0.59999999999999998        0.0000000000000000     
   48.000000000000000        1.4988905655308327        0.0000000000000000        0.0000000000000000        0.0000000000000000       0.60180000000000000        0.0000000000000000       0.39820000000000000     
   49.000000000000000        1.5145451062267079        0.0000000000000000        0.0000000000000000        0.0000000000000000       0.41580000000000000        1.8000000000000000E-003  0.58240000000000003     
   50.000000000000000        1.5285997040573562        0.0000000000000000        0.0000000000000000        0.0000000000000000       0.41620000000000001        1.8000000000000000E-003  0.58199999999999996     
   51.000000000000000        1.5379441894314034        0.0000000000000000        0.0000000000000000        0.0000000000000000       0.41620000000000001        3.3999999999999998E-003  0.58040000000000003     
   52.000000000000000        1.5505706494748452        0.0000000000000000        0.0000000000000000        0.0000000000000000       0.41620000000000001        4.1999999999999997E-003  0.57960000000000000     
   53.000000000000000        1.5644066619689134        0.0000000000000000        0.0000000000000000        0.0000000000000000       0.41620000000000001        4.1999999999999997E-003  0.57960000000000000     
   54.000000000000000        1.5910526475656399        0.0000000000000000        0.0000000000000000        0.0000000000000000       0.41620000000000001        4.1999999999999997E-003  0.57960000000000000     
   55.000000000000000        1.6187027839411752        0.0000000000000000        0.0000000000000000        0.0000000000000000       0.25760000000000000       0.16259999999999999       0.57979999999999998     
   56.000000000000000        1.9118443103162632        0.0000000000000000        0.0000000000000000        2.0000000000000001E-004  0.39860000000000001        0.0000000000000000       0.60119999999999996     
   57.000000000000000        1.6187503299038453        0.0000000000000000        0.0000000000000000        2.0000000000000001E-004  0.39860000000000001        3.0000000000000001E-003  0.59819999999999995     
   58.000000000000000        1.6251421767601759        0.0000000000000000        0.0000000000000000        2.0000000000000001E-004  0.39860000000000001        3.2000000000000002E-003  0.59799999999999998     
   59.000000000000000        1.6234559724298923        0.0000000000000000        0.0000000000000000        2.0000000000000001E-004  0.39860000000000001        5.1999999999999998E-003  0.59599999999999997     
   60.000000000000000        1.6280203320824871        0.0000000000000000        0.0000000000000000        2.0000000000000001E-004  0.39860000000000001        5.1999999999999998E-003  0.59599999999999997     
   61.000000000000000        1.6306095232635165        0.0000000000000000        0.0000000000000000        2.0000000000000001E-004  0.39860000000000001        5.7999999999999996E-003  0.59540000000000004     
   62.000000000000000        1.6313092462625098        0.0000000000000000        0.0000000000000000        2.0000000000000001E-004  0.39860000000000001        6.6000000000000000E-003  0.59460000000000002     
   63.000000000000000        1.6304498619855992        0.0000000000000000        0.0000000000000000        0.0000000000000000       0.39879999999999999        8.6000000000000000E-003  0.59260000000000002     
   64.000000000000000        1.6276238408635668        0.0000000000000000        0.0000000000000000        0.0000000000000000       0.39879999999999999        8.0000000000000002E-003  0.59319999999999995     
   65.000000000000000        1.6229776446718751        0.0000000000000000        0.0000000000000000        0.0000000000000000       0.39879999999999999        7.6000000000000000E-003  0.59360000000000002     
   66.000000000000000        1.6171298020434484        0.0000000000000000        0.0000000000000000        0.0000000000000000       0.39879999999999999        6.7999999999999996E-003  0.59440000000000004     
   67.000000000000000        1.6105096422089562        0.0000000000000000        0.0000000000000000        0.0000000000000000       0.39879999999999999        1.0000000000000000E-002  0.59119999999999995     
   68.000000000000000        1.6028149561995630        0.0000000000000000        0.0000000000000000        0.0000000000000000       0.39879999999999999        2.9000000000000001E-002  0.57220000000000004     
   69.000000000000000        1.5952382330560670        0.0000000000000000        0.0000000000000000        0.0000000000000000       0.39879999999999999        7.2400000000000006E-002  0.52880000000000005     
   70.000000000000000        1.5878894937740347        0.0000000000000000        0.0000000000000000        0.0000000000000000       0.39879999999999999        7.2400000000000006E-002  0.52880000000000005     
   71.000000000000000        1.5811751632247035        0.0000000000000000        0.0000000000000000        0.0000000000000000       0.39879999999999999        7.8200000000000006E-002  0.52300000000000002     
   72.000000000000000        1.5758030115588479        0.0000000000000000        0.0000000000000000        0.0000000000000000       0.39879999999999999        7.0000000000000007E-002  0.53120000000000001     
   73.000000000000000        1.5720306833233477        0.0000000000000000        0.0000000000000000        0.0000000000000000       0.39879999999999999        3.5200000000000002E-002  0.56599999999999995     
   74.000000000000000        1.5700329183690034        0.0000000000000000        0.0000000000000000        0.0000000000000000       0.39879999999999999        2.1399999999999999E-002  0.57979999999999998     
   75.000000000000000        1.5698932721967354        0.0000000000000000        0.0000000000000000        0.0000000000000000       0.39879999999999999        1.4800000000000001E-002  0.58640000000000003     
   76.000000000000000        1.5715352501674449        0.0000000000000000        0.0000000000000000        0.0000000000000000       0.39879999999999999        2.0400000000000001E-002  0.58079999999999998     
   77.000000000000000        1.5750950873974539        0.0000000000000000        0.0000000000000000        0.0000000000000000       0.39879999999999999        2.4799999999999999E-002  0.57640000000000002     
   78.000000000000000        1.5802423211506620        0.0000000000000000        0.0000000000000000        0.0000000000000000       0.39879999999999999        2.6200000000000001E-002  0.57499999999999996     
   79.000000000000000        1.5868520806811526        0.0000000000000000        0.0000000000000000        0.0000000000000000       0.39879999999999999        2.5600000000000001E-002  0.57560000000000000     
   80.000000000000000        1.5940471009284440        0.0000000000000000        0.0000000000000000        0.0000000000000000       0.39879999999999999        2.5800000000000000E-002  0.57540000000000002     
   81.000000000000000        1.6023139854225237        0.0000000000000000        0.0000000000000000        0.0000000000000000       0.39879999999999999        2.5800000000000000E-002  0.57540000000000002     
   82.000000000000000        1.6101654992765166        0.0000000000000000        0.0000000000000000        0.0000000000000000       0.39879999999999999        2.5600000000000001E-002  0.57560000000000000     
   83.000000000000000        1.6177550110447041        0.0000000000000000        0.0000000000000000        0.0000000000000000       0.39879999999999999        2.5200000000000000E-002  0.57599999999999996     
   84.000000000000000        1.6251077847456687        0.0000000000000000        0.0000000000000000        0.0000000000000000       0.39879999999999999        2.5200000000000000E-002  0.57599999999999996     
   85.000000000000000        1.6297898779982689        0.0000000000000000        0.0000000000000000        0.0000000000000000       0.39879999999999999        2.5200000000000000E-002  0.57599999999999996     
   86.000000000000000        1.6339963994583884        0.0000000000000000        0.0000000000000000        0.0000000000000000       0.39879999999999999        2.5200000000000000E-002  0.57599999999999996     
   87.000000000000000        1.6359289780545170        0.0000000000000000        0.0000000000000000        0.0000000000000000       0.39879999999999999        2.5200000000000000E-002  0.57599999999999996     
   88.000000000000000        1.6355185126318714        0.0000000000000000        0.0000000000000000        0.0000000000000000       0.39879999999999999        2.5200000000000000E-002  0.57599999999999996     
   89.000000000000000        1.6338345445262132        0.0000000000000000        0.0000000000000000        0.0000000000000000       0.39879999999999999        2.5200000000000000E-002  0.57599999999999996     
   90.000000000000000        1.6304888118493548        0.0000000000000000        0.0000000000000000        0.0000000000000000       0.39879999999999999        2.5399999999999999E-002  0.57579999999999998     
   91.000000000000000        1.6256410734082012        0.0000000000000000        0.0000000000000000        0.0000000000000000       0.39879999999999999        2.4799999999999999E-002  0.57640000000000002     
   92.000000000000000        1.6195393372693636        0.0000000000000000        0.0000000000000000        0.0000000000000000       0.39879999999999999        2.4799999999999999E-002  0.57640000000000002     
   93.000000000000000        1.6127768213925031        0.0000000000000000        0.0000000000000000        0.0000000000000000       0.39879999999999999        2.5200000000000000E-002  0.57599999999999996     
   94.000000000000000        1.6056268884234068        0.0000000000000000        0.0000000000000000        0.0000000000000000       0.39879999999999999        2.5399999999999999E-002  0.57579999999999998     
   95.000000000000000        1.5988396708979180        0.0000000000000000        0.0000000000000000        0.0000000000000000       0.39879999999999999        2.4799999999999999E-002  0.57640000000000002     
   96.000000000000000        1.5913739758033600        0.0000000000000000        0.0000000000000000        0.0000000000000000       0.39879999999999999        2.4400000000000002E-002  0.57679999999999998     
   97.000000000000000        1.5832321672785123        0.0000000000000000        0.0000000000000000        0.0000000000000000       0.39879999999999999        2.4600000000000000E-002  0.57660000000000000     
   98.000000000000000        1.5903747433574771        0.0000000000000000        0.0000000000000000        0.0000000000000000        4.4000000000000003E-003  0.14560000000000001       0.84999999999999998     
   99.000000000000000        1.5761584565353042        0.0000000000000000        0.0000000000000000        0.0000000000000000        5.0000000000000001E-003  0.14499999999999999       0.84999999999999998     
   100.00000000000000        1.5909633399741085        0.0000000000000000        0.0000000000000000        0.0000000000000000        5.1999999999999998E-003  0.14480000000000001       0.84999999999999998     
   101.00000000000000        1.6044368526778801        0.0000000000000000        0.0000000000000000        0.0000000000000000        5.4000000000000003E-003  0.14460000000000001       0.84999999999999998     
   102.00000000000000        1.6167471837801135        0.0000000000000000        0.0000000000000000        0.0000000000000000        5.4000000000000003E-003  0.14460000000000001       0.84999999999999998     
   103.00000000000000        1.6267876950681674        0.0000000000000000        0.0000000000000000        0.0000000000000000        5.4000000000000003E-003  0.14460000000000001       0.84999999999999998     
   104.00000000000000        1.6334985776922051        0.0000000000000000        0.0000000000000000        0.0000000000000000        5.4000000000000003E-003  0.14460000000000001       0.84999999999999998     
   105.00000000000000        1.6458681008257199        0.0000000000000000        0.0000000000000000        0.0000000000000000        6.4000000000000003E-003  0.14360000000000001       0.84999999999999998     
   106.00000000000000        1.6467255682119395        0.0000000000000000        0.0000000000000000        0.0000000000000000        2.9200000000000000E-002  0.12080000000000000       0.84999999999999998     
   107.00000000000000        1.6456999100366321        0.0000000000000000        0.0000000000000000        0.0000000000000000        3.5799999999999998E-002  0.11420000000000000       0.84999999999999998     
   108.00000000000000        1.6462604651140025        0.0000000000000000        0.0000000000000000        0.0000000000000000        3.3799999999999997E-002  0.11620000000000000       0.84999999999999998     
   109.00000000000000        1.6454182217807309        0.0000000000000000        0.0000000000000000        0.0000000000000000        3.3799999999999997E-002  0.11620000000000000       0.84999999999999998     
   110.00000000000000        1.6364843453806621        0.0000000000000000        0.0000000000000000        0.0000000000000000        3.4000000000000002E-002  0.11600000000000001       0.84999999999999998     
   111.00000000000000        1.6314848706906591        0.0000000000000000        0.0000000000000000        0.0000000000000000        3.4000000000000002E-002  0.11600000000000001       0.84999999999999998     
   112.00000000000000        1.6223958612836649        0.0000000000000000        0.0000000000000000        0.0000000000000000       0.16239999999999999        1.9599999999999999E-002  0.81799999999999995     
   113.00000000000000        1.6394305194587551        0.0000000000000000        0.0000000000000000        0.0000000000000000       0.16239999999999999        1.9599999999999999E-002  0.81799999999999995     
   114.00000000000000        1.6671761550874868        0.0000000000000000        0.0000000000000000        0.0000000000000000       0.16239999999999999        1.9599999999999999E-002  0.81799999999999995     
   115.00000000000000        1.6954377079558198        0.0000000000000000        0.0000000000000000        0.0000000000000000       0.16239999999999999        1.9599999999999999E-002  0.81799999999999995     
   116.00000000000000        1.7231423933354966        0.0000000000000000        0.0000000000000000        0.0000000000000000       0.16239999999999999        1.9599999999999999E-002  0.81799999999999995     
   117.00000000000000        1.7495551103726887        0.0000000000000000        0.0000000000000000        0.0000000000000000       0.16239999999999999        1.9199999999999998E-002  0.81840000000000002     
   118.00000000000000        1.7735023732154280        0.0000000000000000        0.0000000000000000        0.0000000000000000       0.16239999999999999        1.9599999999999999E-002  0.81799999999999995     
   119.00000000000000        1.7945979422796572        0.0000000000000000        0.0000000000000000        0.0000000000000000       0.16239999999999999        1.9599999999999999E-002  0.81799999999999995     
   120.00000000000000        1.8125561593770725        0.0000000000000000        0.0000000000000000        0.0000000000000000       0.16239999999999999        1.9199999999999998E-002  0.81840000000000002     
   121.00000000000000        1.8264905292598688        0.0000000000000000        0.0000000000000000        0.0000000000000000       0.16239999999999999        1.8200000000000001E-002  0.81940000000000002     
   122.00000000000000        1.8356049916546440        0.0000000000000000        0.0000000000000000        0.0000000000000000       0.16239999999999999        1.7600000000000001E-002  0.81999999999999995     
   123.00000000000000        1.8399373117583939        0.0000000000000000        0.0000000000000000        0.0000000000000000       0.16239999999999999        1.9599999999999999E-002  0.81799999999999995     
   124.00000000000000        1.8397831898738763        0.0000000000000000        0.0000000000000000        0.0000000000000000       0.16239999999999999        2.0799999999999999E-002  0.81679999999999997     
   125.00000000000000        1.8330342201049603        0.0000000000000000        0.0000000000000000        0.0000000000000000       0.16239999999999999        2.0600000000000000E-002  0.81699999999999995     
   126.00000000000000        1.8227240284544031        0.0000000000000000        0.0000000000000000        0.0000000000000000       0.16239999999999999        1.9800000000000002E-002  0.81779999999999997     
   127.00000000000000        1.8074662307566705        0.0000000000000000        0.0000000000000000        0.0000000000000000       0.16239999999999999        2.9000000000000001E-002  0.80859999999999999     
   128.00000000000000        1.7876291807684401        0.0000000000000000        0.0000000000000000        0.0000000000000000       0.16239999999999999        2.8199999999999999E-002  0.80940000000000001     
   129.00000000000000        1.7638515805694261        0.0000000000000000        0.0000000000000000        0.0000000000000000       0.16239999999999999        2.7600000000000000E-002  0.81000000000000005     
   130.00000000000000        1.7359005758720307        0.0000000000000000        0.0000000000000000        0.0000000000000000       0.16239999999999999        2.7600000000000000E-002  0.81000000000000005     
   131.00000000000000        1.7057935669296647        0.0000000000000000        0.0000000000000000        0.0000000000000000       0.16239999999999999        3.6200000000000003E-002  0.80140000000000000     
   132.00000000000000        1.6734210324304040        0.0000000000000000        0.0000000000000000        0.0000000000000000       0.16239999999999999        3.2599999999999997E-002  0.80500000000000005     
   133.00000000000000        1.6397102573020934        0.0000000000000000        0.0000000000000000        0.0000000000000000       0.16239999999999999        3.3000000000000002E-002  0.80459999999999998     
   134.00000000000000        1.6063367174721856        0.0000000000000000        0.0000000000000000        0.0000000000000000       0.16239999999999999        2.6800000000000001E-002  0.81079999999999997     
   135.00000000000000        1.5722908431500784        0.0000000000000000        0.0000000000000000        0.0000000000000000       0.16239999999999999        2.7400000000000001E-002  0.81020000000000003     
   136.00000000000000        1.5400253525341412        0.0000000000000000        0.0000000000000000        0.0000000000000000       0.16239999999999999        3.1199999999999999E-002  0.80640000000000001     
   137.00000000000000        1.5097004609291569        0.0000000000000000        0.0000000000000000        0.0000000000000000       0.16239999999999999        3.1199999999999999E-002  0.80640000000000001     
   138.00000000000000        1.4824370482138014        0.0000000000000000        0.0000000000000000        0.0000000000000000       0.16239999999999999        3.5600000000000000E-002  0.80200000000000005     
   139.00000000000000        1.4586369349493054        0.0000000000000000        0.0000000000000000        0.0000000000000000       0.16239999999999999        3.5400000000000001E-002  0.80220000000000002     
   140.00000000000000        1.4395842818879583        0.0000000000000000        0.0000000000000000        0.0000000000000000       0.16239999999999999        3.5400000000000001E-002  0.80220000000000002     
   141.00000000000000        1.4208084885730996        0.0000000000000000        0.0000000000000000        0.0000000000000000       0.16239999999999999        6.2600000000000003E-002  0.77500000000000002     
   142.00000000000000        1.4148687998665184        0.0000000000000000        0.0000000000000000        0.0000000000000000       0.16239999999999999        6.2799999999999995E-002  0.77480000000000004     
   143.00000000000000        1.4335887889413030        0.0000000000000000        0.0000000000000000        0.0000000000000000       0.14599999999999999        1.6600000000000000E-002  0.83740000000000003     
   144.00000000000000        1.3999601501111967        0.0000000000000000        0.0000000000000000        0.0000000000000000       0.18659999999999999        2.9200000000000000E-002  0.78420000000000001     
   145.00000000000000        1.4174338017481956        0.0000000000000000        0.0000000000000000        0.0000000000000000        5.8200000000000002E-002   9.9400000000000002E-002  0.84240000000000004     
   146.00000000000000        1.4802397796738298        0.0000000000000000        0.0000000000000000        0.0000000000000000        3.3200000000000000E-002  0.12160000000000000       0.84519999999999995     
   147.00000000000000        1.4291597760502615        0.0000000000000000        0.0000000000000000        0.0000000000000000        3.3200000000000000E-002  0.16940000000000000       0.79740000000000000     
   148.00000000000000        1.4560503704455514        0.0000000000000000        0.0000000000000000        0.0000000000000000        3.3200000000000000E-002  0.23980000000000001       0.72699999999999998     
   149.00000000000000        1.4753408642211456        0.0000000000000000        0.0000000000000000        0.0000000000000000        3.3200000000000000E-002  0.23540000000000000       0.73140000000000005     
   150.00000000000000        1.4984082780417012        0.0000000000000000        0.0000000000000000        0.0000000000000000        3.3200000000000000E-002  0.23999999999999999       0.72680000000000000     
   151.00000000000000        1.5221457966146783        0.0000000000000000        0.0000000000000000        0.0000000000000000        3.3200000000000000E-002  0.23699999999999999       0.72980000000000000     
   152.00000000000000        1.5468973984603043        0.0000000000000000        0.0000000000000000        0.0000000000000000        3.3200000000000000E-002  0.23660000000000000       0.73019999999999996     
   153.00000000000000        1.5714082275712509        0.0000000000000000        0.0000000000000000        0.0000000000000000        3.3200000000000000E-002  0.27639999999999998       0.69040000000000001     
   154.00000000000000        1.5955444380709538        0.0000000000000000        0.0000000000000000        0.0000000000000000        3.3200000000000000E-002  0.26779999999999998       0.69899999999999995     
   155.00000000000000        1.6183760874098796        0.0000000000000000        0.0000000000000000        0.0000000000000000        3.3200000000000000E-002  0.25340000000000001       0.71340000000000003     
   156.00000000000000        1.6427657401063671        0.0000000000000000        0.0000000000000000        0.0000000000000000        3.3200000000000000E-002  0.24779999999999999       0.71899999999999997     
   157.00000000000000        1.6613337564790975        0.0000000000000000        0.0000000000000000        0.0000000000000000        3.3200000000000000E-002  0.24140000000000000       0.72540000000000004     
   158.00000000000000        1.6763553175581074        0.0000000000000000        0.0000000000000000        0.0000000000000000        3.3200000000000000E-002  0.23799999999999999       0.72880000000000000     
   159.00000000000000        1.6906053788213968        0.0000000000000000        0.0000000000000000        0.0000000000000000        3.3200000000000000E-002  0.24900000000000000       0.71779999999999999     
   160.00000000000000        1.7021885699266459        0.0000000000000000        0.0000000000000000        0.0000000000000000        3.3200000000000000E-002  0.24959999999999999       0.71719999999999995     
   161.00000000000000        1.7107578376147321        0.0000000000000000        0.0000000000000000        0.0000000000000000        3.3200000000000000E-002  0.27260000000000001       0.69420000000000004     
   162.00000000000000        1.7171253250016507        0.0000000000000000        0.0000000000000000        0.0000000000000000        3.3200000000000000E-002  0.26939999999999997       0.69740000000000002     
   163.00000000000000        1.7203813111378774        0.0000000000000000        0.0000000000000000        0.0000000000000000        3.3200000000000000E-002  0.26700000000000002       0.69979999999999998     
   164.00000000000000        1.7217607603874976        0.0000000000000000        0.0000000000000000        0.0000000000000000        3.3200000000000000E-002  0.27479999999999999       0.69199999999999995     
   165.00000000000000        1.7211366795096850        0.0000000000000000        0.0000000000000000        0.0000000000000000        3.3200000000000000E-002  0.27560000000000001       0.69120000000000004     
   166.00000000000000        1.7189167154989331        0.0000000000000000        0.0000000000000000        0.0000000000000000        3.3200000000000000E-002  0.27260000000000001       0.69420000000000004     
   167.00000000000000        1.7154090209100219        0.0000000000000000        0.0000000000000000        0.0000000000000000        3.3200000000000000E-002  0.27400000000000002       0.69279999999999997     
   168.00000000000000        1.7114078533215691        0.0000000000000000        0.0000000000000000        0.0000000000000000        3.3200000000000000E-002  0.28699999999999998       0.67979999999999996     
   169.00000000000000        1.7070032125297585        0.0000000000000000        0.0000000000000000        0.0000000000000000        3.3200000000000000E-002  0.28620000000000001       0.68059999999999998     
   170.00000000000000        1.7029431497524246        0.0000000000000000        0.0000000000000000        0.0000000000000000        3.3200000000000000E-002  0.29540000000000000       0.67140000000000000     
   171.00000000000000        1.7001047099377322        0.0000000000000000        0.0000000000000000        0.0000000000000000        3.3200000000000000E-002  0.29480000000000001       0.67200000000000004     
   172.00000000000000        1.6984779790962539        0.0000000000000000        0.0000000000000000        0.0000000000000000        3.3200000000000000E-002  0.28420000000000001       0.68259999999999998     
   173.00000000000000        1.7003617094119194        0.0000000000000000        0.0000000000000000        0.0000000000000000        3.3200000000000000E-002  0.28480000000000000       0.68200000000000005     
   174.00000000000000        1.6995451147093208        0.0000000000000000        0.0000000000000000        0.0000000000000000        3.3200000000000000E-002  0.28039999999999998       0.68640000000000001     
   175.00000000000000        1.7025954829340713        0.0000000000000000        0.0000000000000000        0.0000000000000000        3.3200000000000000E-002  0.28960000000000002       0.67720000000000002     
   176.00000000000000        1.7074188716520426        0.0000000000000000        0.0000000000000000        0.0000000000000000        3.3200000000000000E-002  0.28420000000000001       0.68259999999999998     
   177.00000000000000        1.7143779004331783        0.0000000000000000        0.0000000000000000        0.0000000000000000        3.3200000000000000E-002  0.27820000000000000       0.68859999999999999     
   178.00000000000000        1.7226393871406325        0.0000000000000000        0.0000000000000000        0.0000000000000000        3.3200000000000000E-002  0.27439999999999998       0.69240000000000002     
   179.00000000000000        1.7314312621450347        0.0000000000000000        0.0000000000000000        0.0000000000000000        3.3200000000000000E-002  0.29980000000000001       0.66700000000000004     
   180.00000000000000        1.7412154942352043        0.0000000000000000        0.0000000000000000        0.0000000000000000        3.3200000000000000E-002  0.28480000000000000       0.68200000000000005     
   181.00000000000000        1.7501852969667064        0.0000000000000000        0.0000000000000000        0.0000000000000000        3.3200000000000000E-002  0.28160000000000002       0.68520000000000003     
   182.00000000000000        1.7592377275226621        0.0000000000000000        0.0000000000000000        0.0000000000000000        3.3200000000000000E-002  0.28580000000000000       0.68100000000000005     
   183.00000000000000        1.7671267921694376        0.0000000000000000        0.0000000000000000        0.0000000000000000        3.3200000000000000E-002  0.28780000000000000       0.67900000000000005     
   184.00000000000000        1.7741958165498763        0.0000000000000000        0.0000000000000000        0.0000000000000000        3.3200000000000000E-002  0.25919999999999999       0.70760000000000001     
   185.00000000000000        1.7775943821711788        0.0000000000000000        0.0000000000000000        0.0000000000000000        3.3200000000000000E-002  0.27479999999999999       0.69199999999999995     
   186.00000000000000        1.7793286173834026        0.0000000000000000        0.0000000000000000        0.0000000000000000        3.3200000000000000E-002  0.23180000000000001       0.73499999999999999     
   187.00000000000000        1.7859688592833760        0.0000000000000000        0.0000000000000000        0.0000000000000000        3.3200000000000000E-002  0.23899999999999999       0.72780000000000000     
   188.00000000000000        1.7813934501155768        0.0000000000000000        0.0000000000000000        0.0000000000000000        3.3200000000000000E-002  0.25400000000000000       0.71279999999999999     
   189.00000000000000        1.7707525513833506        0.0000000000000000        0.0000000000000000        0.0000000000000000        3.3200000000000000E-002  0.27239999999999998       0.69440000000000002     
