#        BMIN =   406
#        BMAX =   411
#     INIBAND =   407
#      NBANDS =   540
#         NSW =  2000
#       POTIM =   1.0
#        TEMP = 300.0
#    NAMDTINI =   252
#    NAMDTIME =  1000
#       NTRAJ =  5000
#        NELM =  1000
#       LHOLE =     T
#        LSHP =     T
#      LCPTXT =     T
#      RUNDIR = ../../run/
   1.0000000000000000        6.4026545202133817E-003   0.0000000000000000        1.0000000000000000        0.0000000000000000        0.0000000000000000        0.0000000000000000        0.0000000000000000     
   2.0000000000000000        9.6468950419530890E-004   0.0000000000000000        1.0000000000000000        0.0000000000000000        0.0000000000000000        0.0000000000000000        0.0000000000000000     
   3.0000000000000000        1.3988017457045923E-003   1.0400000000000000E-002  0.98939999999999995        0.0000000000000000        2.0000000000000001E-004   0.0000000000000000        0.0000000000000000     
   4.0000000000000000        1.0313387165906211E-002   1.2400000000000000E-002  0.98740000000000006        0.0000000000000000        2.0000000000000001E-004   0.0000000000000000        0.0000000000000000     
   5.0000000000000000        2.4879601695200721E-002   1.0200000000000001E-002  0.98960000000000004        0.0000000000000000        2.0000000000000001E-004   0.0000000000000000        0.0000000000000000     
   6.0000000000000000        4.2431294478196484E-002   1.2200000000000001E-002  0.98760000000000003        0.0000000000000000        2.0000000000000001E-004   0.0000000000000000        0.0000000000000000     
   7.0000000000000000        6.0412234474438033E-002   1.4200000000000001E-002  0.98560000000000003        0.0000000000000000        2.0000000000000001E-004   0.0000000000000000        0.0000000000000000     
   8.0000000000000000        8.0764589301805953E-002   1.5400000000000000E-002  0.98399999999999999        4.0000000000000002E-004   2.0000000000000001E-004   0.0000000000000000        0.0000000000000000     
   9.0000000000000000        9.6325943831598079E-002   1.7000000000000001E-002  0.98240000000000005        4.0000000000000002E-004   2.0000000000000001E-004   0.0000000000000000        0.0000000000000000     
   10.000000000000000        9.5873747111031360E-002   1.3200000000000000E-002  0.98619999999999997        4.0000000000000002E-004   2.0000000000000001E-004   0.0000000000000000        0.0000000000000000     
   11.000000000000000       0.10067337229678232        1.2400000000000000E-002  0.98680000000000001        5.9999999999999995E-004   2.0000000000000001E-004   0.0000000000000000        0.0000000000000000     
   12.000000000000000       0.14392246094977043        1.2999999999999999E-002  0.98619999999999997        5.9999999999999995E-004   2.0000000000000001E-004   0.0000000000000000        0.0000000000000000     
   13.000000000000000       0.18176042424470348        1.2999999999999999E-002  0.98619999999999997        5.9999999999999995E-004   2.0000000000000001E-004   0.0000000000000000        0.0000000000000000     
   14.000000000000000       0.21857284529400139        8.3999999999999995E-003  0.99060000000000004        8.0000000000000004E-004   2.0000000000000001E-004   0.0000000000000000        0.0000000000000000     
   15.000000000000000       0.22450280958801633        6.7999999999999996E-003  0.99199999999999999        1.0000000000000000E-003   2.0000000000000001E-004   0.0000000000000000        0.0000000000000000     
   16.000000000000000       0.24306864784826918        6.7999999999999996E-003  0.99180000000000001        1.0000000000000000E-003   2.0000000000000001E-004   0.0000000000000000        2.0000000000000001E-004
   17.000000000000000       0.13918789598057077        5.4000000000000003E-003  0.98099999999999998        1.1200000000000000E-002   2.2000000000000001E-003   0.0000000000000000        2.0000000000000001E-004
   18.000000000000000        1.4315941210877832        5.0000000000000001E-003  0.76180000000000003       0.21800000000000000        3.8000000000000000E-003   2.0000000000000001E-004   1.1200000000000000E-002
   19.000000000000000       0.69812669032487717        5.0000000000000001E-003  0.76180000000000003       0.21299999999999999        8.8000000000000005E-003   2.0000000000000001E-004   1.1200000000000000E-002
   20.000000000000000       0.69698860358002823        4.5999999999999999E-003  0.76119999999999999       0.21020000000000000        1.2600000000000000E-002   2.0000000000000001E-004   1.1200000000000000E-002
   21.000000000000000       0.63462141767183400        4.0000000000000001E-003  0.76180000000000003       0.19780000000000000        2.5000000000000001E-002   2.0000000000000001E-004   1.1200000000000000E-002
   22.000000000000000       0.44797913012991364        4.0000000000000001E-003  0.75980000000000003       0.19980000000000001        2.5000000000000001E-002   2.0000000000000001E-004   1.1200000000000000E-002
   23.000000000000000       0.46378524327358955        3.8000000000000000E-003  0.75800000000000001       0.19900000000000001        2.7799999999999998E-002   2.0000000000000001E-004   1.1200000000000000E-002
   24.000000000000000       0.47727506314353713        3.8000000000000000E-003  0.74539999999999995       0.20880000000000001        3.0599999999999999E-002   2.0000000000000001E-004   1.1200000000000000E-002
   25.000000000000000       0.48343683236715973        3.5999999999999999E-003  0.73860000000000003       0.21579999999999999        3.0599999999999999E-002   2.0000000000000001E-004   1.1200000000000000E-002
   26.000000000000000       0.48780430012773818        3.2000000000000002E-003  0.73960000000000004       0.21400000000000000        3.1800000000000002E-002   2.0000000000000001E-004   1.1200000000000000E-002
   27.000000000000000       0.48910480117621591        3.2000000000000002E-003  0.73860000000000003       0.21400000000000000        3.2800000000000003E-002   2.0000000000000001E-004   1.1200000000000000E-002
   28.000000000000000       0.49348998217034673        3.2000000000000002E-003  0.73619999999999997       0.20960000000000001        3.9600000000000003E-002   2.0000000000000001E-004   1.1200000000000000E-002
   29.000000000000000       0.49059643767303013        3.2000000000000002E-003  0.72899999999999998       0.21659999999999999        3.9800000000000002E-002   2.0000000000000001E-004   1.1200000000000000E-002
   30.000000000000000       0.48724697686058283        3.2000000000000002E-003  0.72040000000000004       0.22239999999999999        4.2599999999999999E-002   8.0000000000000004E-004   1.0600000000000000E-002
   31.000000000000000       0.47959220127849234        3.2000000000000002E-003  0.72060000000000002       0.22200000000000000        4.2799999999999998E-002   8.0000000000000004E-004   1.0600000000000000E-002
   32.000000000000000       0.47124051281300788        2.8000000000000000E-003  0.71560000000000001       0.22700000000000001        4.3200000000000002E-002   1.0000000000000000E-003   1.0400000000000000E-002
   33.000000000000000       0.46222330977725051        2.0000000000000000E-003  0.71299999999999997       0.22919999999999999        4.4400000000000002E-002   1.0000000000000000E-003   1.0400000000000000E-002
   34.000000000000000       0.45162532961597823        2.0000000000000000E-003  0.71479999999999999       0.22660000000000000        4.5199999999999997E-002   1.0000000000000000E-003   1.0400000000000000E-002
   35.000000000000000       0.43931775819486152        2.0000000000000000E-003  0.71760000000000002       0.22380000000000000        4.5199999999999997E-002   1.0000000000000000E-003   1.0400000000000000E-002
   36.000000000000000       0.43025164925800846        2.0000000000000000E-003  0.74339999999999995       0.19200000000000000        5.1200000000000002E-002   1.0000000000000000E-003   1.0400000000000000E-002
   37.000000000000000       0.41717750300739687        2.0000000000000000E-003  0.73619999999999997       0.19919999999999999        5.1200000000000002E-002   1.0000000000000000E-003   1.0400000000000000E-002
   38.000000000000000       0.40375201208462208        2.0000000000000000E-003  0.73060000000000003       0.20480000000000001        5.1200000000000002E-002   1.0000000000000000E-003   1.0400000000000000E-002
   39.000000000000000       0.39122165939469405        2.0000000000000000E-003  0.73199999999999998       0.20340000000000000        5.1200000000000002E-002   1.0000000000000000E-003   1.0400000000000000E-002
   40.000000000000000       0.37913081284512246        2.0000000000000000E-003  0.72099999999999997       0.21440000000000001        5.1200000000000002E-002   1.0000000000000000E-003   1.0400000000000000E-002
   41.000000000000000       0.36724773522235010        2.0000000000000000E-003  0.72940000000000005       0.20540000000000000        5.1799999999999999E-002   1.0000000000000000E-003   1.0400000000000000E-002
   42.000000000000000       0.35613552030437645        2.0000000000000000E-003  0.73219999999999996       0.20219999999999999        5.2200000000000003E-002   1.0000000000000000E-003   1.0400000000000000E-002
   43.000000000000000       0.34765654055240275        2.0000000000000000E-003  0.73060000000000003       0.20180000000000001        5.4199999999999998E-002   1.0000000000000000E-003   1.0400000000000000E-002
   44.000000000000000       0.33859720442562430        2.0000000000000000E-003  0.72960000000000003       0.20219999999999999        5.4800000000000001E-002   1.0000000000000000E-003   1.0400000000000000E-002
   45.000000000000000       0.33038701423791222        2.0000000000000000E-003  0.72840000000000005       0.20300000000000001        5.5199999999999999E-002   1.0000000000000000E-003   1.0400000000000000E-002
   46.000000000000000       0.32267436340154648        2.0000000000000000E-003  0.72819999999999996       0.20319999999999999        5.5199999999999999E-002   1.0000000000000000E-003   1.0400000000000000E-002
   47.000000000000000       0.31575395886991919        2.0000000000000000E-003  0.72719999999999996       0.20419999999999999        5.5199999999999999E-002   1.0000000000000000E-003   1.0400000000000000E-002
   48.000000000000000       0.31026371945116105        2.0000000000000000E-003  0.72319999999999995       0.20820000000000000        5.5199999999999999E-002   1.0000000000000000E-003   1.0400000000000000E-002
   49.000000000000000       0.30527524680243306        2.0000000000000000E-003  0.72319999999999995       0.20820000000000000        5.5199999999999999E-002   1.0000000000000000E-003   1.0400000000000000E-002
   50.000000000000000       0.30260826874509056        2.0000000000000000E-003  0.72140000000000004       0.20820000000000000        5.7000000000000002E-002   1.0000000000000000E-003   1.0400000000000000E-002
   51.000000000000000       0.30005782810184167        2.0000000000000000E-003  0.72140000000000004       0.20820000000000000        5.7000000000000002E-002   1.0000000000000000E-003   1.0400000000000000E-002
   52.000000000000000       0.29877402004968356        2.0000000000000000E-003  0.72199999999999998       0.20740000000000000        5.7200000000000001E-002   1.0000000000000000E-003   1.0400000000000000E-002
   53.000000000000000       0.29793621727497849        2.0000000000000000E-003  0.72199999999999998       0.20740000000000000        5.7200000000000001E-002   8.0000000000000004E-004   1.0600000000000000E-002
   54.000000000000000       0.30006279274842207        2.0000000000000000E-003  0.72260000000000002       0.20680000000000001        5.7200000000000001E-002   8.0000000000000004E-004   1.0600000000000000E-002
   55.000000000000000       0.30816412969130846        2.0000000000000000E-003  0.72099999999999997       0.20300000000000001        6.2600000000000003E-002   8.0000000000000004E-004   1.0600000000000000E-002
   56.000000000000000       0.31224706203426333        2.0000000000000000E-003  0.72280000000000000       0.20119999999999999        6.2600000000000003E-002   8.0000000000000004E-004   1.0600000000000000E-002
   57.000000000000000       0.32253490592850231        2.0000000000000000E-003  0.72440000000000004       0.19439999999999999        6.7799999999999999E-002   8.0000000000000004E-004   1.0600000000000000E-002
   58.000000000000000       0.33022574911453878        2.0000000000000000E-003  0.72360000000000002       0.19380000000000000        6.9199999999999998E-002   8.0000000000000004E-004   1.0600000000000000E-002
   59.000000000000000       0.33871937109443684        2.0000000000000000E-003  0.72160000000000002       0.19460000000000000        7.0400000000000004E-002   8.0000000000000004E-004   1.0600000000000000E-002
   60.000000000000000       0.34692312220339061        2.0000000000000000E-003  0.72160000000000002       0.19439999999999999        7.0599999999999996E-002   8.0000000000000004E-004   1.0600000000000000E-002
   61.000000000000000       0.37035559333047080        2.0000000000000000E-003  0.71999999999999997       0.18040000000000000        8.6199999999999999E-002   8.0000000000000004E-004   1.0600000000000000E-002
   62.000000000000000       0.38019642848527729        1.8000000000000000E-003  0.72019999999999995       0.17879999999999999        8.7800000000000003E-002   1.0000000000000000E-003   1.0400000000000000E-002
   63.000000000000000       0.39285096829802152        1.8000000000000000E-003  0.71660000000000001       0.17840000000000000        9.1800000000000007E-002   1.0000000000000000E-003   1.0400000000000000E-002
   64.000000000000000       0.40559559093832248        1.8000000000000000E-003  0.71679999999999999       0.17280000000000001        9.7199999999999995E-002   8.0000000000000004E-004   1.0600000000000000E-002
   65.000000000000000       0.41866364227082131        1.6000000000000001E-003  0.71399999999999997       0.17000000000000001       0.10299999999999999        8.0000000000000004E-004   1.0600000000000000E-002
   66.000000000000000       0.42614917336509450        1.6000000000000001E-003  0.71399999999999997       0.16900000000000001       0.10400000000000000        5.9999999999999995E-004   1.0800000000000001E-002
   67.000000000000000       0.43455863460950400        1.6000000000000001E-003  0.71299999999999997       0.16719999999999999       0.10680000000000001        8.0000000000000004E-004   1.0600000000000000E-002
   68.000000000000000       0.43897293219679540        1.4000000000000000E-003  0.71299999999999997       0.16739999999999999       0.10680000000000001        1.4000000000000000E-003   1.0000000000000000E-002
   69.000000000000000       0.44242555668779782        1.4000000000000000E-003  0.71220000000000006       0.16819999999999999       0.10680000000000001        0.0000000000000000        1.1400000000000000E-002
   70.000000000000000       0.44414860380621274        1.4000000000000000E-003  0.71220000000000006       0.16819999999999999       0.10680000000000001        4.0000000000000002E-004   1.0999999999999999E-002
   71.000000000000000       0.44477338938148403        1.4000000000000000E-003  0.71140000000000003       0.16900000000000001       0.10680000000000001        8.0000000000000004E-004   1.0600000000000000E-002
   72.000000000000000       0.44406427931561587        1.4000000000000000E-003  0.71079999999999999       0.16960000000000000       0.10680000000000001        8.0000000000000004E-004   1.0600000000000000E-002
   73.000000000000000       0.44194019973983772        1.4000000000000000E-003  0.71079999999999999       0.16960000000000000       0.10680000000000001        8.0000000000000004E-004   1.0600000000000000E-002
   74.000000000000000       0.43960580624303569        1.6000000000000001E-003  0.71020000000000005       0.16900000000000001       0.10780000000000001        5.9999999999999995E-004   1.0800000000000001E-002
   75.000000000000000       0.43698124164234831        1.6000000000000001E-003  0.70899999999999996       0.16900000000000001       0.10900000000000000        5.9999999999999995E-004   1.0800000000000001E-002
   76.000000000000000       0.43369685683715609        1.4000000000000000E-003  0.70899999999999996       0.16780000000000000       0.11040000000000000        5.9999999999999995E-004   1.0800000000000001E-002
   77.000000000000000       0.43555937047966897        1.4000000000000000E-003  0.70879999999999999       0.16139999999999999       0.11700000000000001        5.9999999999999995E-004   1.0800000000000001E-002
   78.000000000000000       0.43682251577920733        1.4000000000000000E-003  0.70799999999999996       0.15620000000000001       0.12300000000000000        5.9999999999999995E-004   1.0800000000000001E-002
   79.000000000000000       0.43324981840061572        1.4000000000000000E-003  0.70720000000000005       0.15620000000000001       0.12379999999999999        5.9999999999999995E-004   1.0800000000000001E-002
   80.000000000000000       0.43207068002152527        1.4000000000000000E-003  0.70720000000000005       0.15240000000000001       0.12759999999999999        5.9999999999999995E-004   1.0800000000000001E-002
   81.000000000000000       0.42719860404103066        1.4000000000000000E-003  0.70660000000000001       0.15300000000000000       0.12759999999999999        5.9999999999999995E-004   1.0800000000000001E-002
   82.000000000000000       0.42361694612089523        1.4000000000000000E-003  0.70660000000000001       0.15179999999999999       0.12880000000000000        5.9999999999999995E-004   1.0800000000000001E-002
   83.000000000000000       0.41771413403477953        1.4000000000000000E-003  0.70679999999999998       0.15140000000000001       0.12900000000000000        5.9999999999999995E-004   1.0800000000000001E-002
   84.000000000000000       0.41104895327556989        1.4000000000000000E-003  0.70699999999999996       0.15120000000000000       0.12900000000000000        5.9999999999999995E-004   1.0800000000000001E-002
   85.000000000000000       0.40357504902885660        1.4000000000000000E-003  0.70799999999999996       0.15020000000000000       0.12900000000000000        5.9999999999999995E-004   1.0800000000000001E-002
   86.000000000000000       0.39534463268214942        1.4000000000000000E-003  0.70840000000000003       0.14979999999999999       0.12900000000000000        5.9999999999999995E-004   1.0800000000000001E-002
   87.000000000000000       0.38592084525567122        1.4000000000000000E-003  0.70879999999999999       0.14940000000000001       0.12900000000000000        5.9999999999999995E-004   1.0800000000000001E-002
   88.000000000000000       0.37523316480068203        1.4000000000000000E-003  0.70679999999999998       0.15100000000000000       0.12939999999999999        5.9999999999999995E-004   1.0800000000000001E-002
   89.000000000000000       0.36387954807396372        1.4000000000000000E-003  0.70499999999999996       0.15279999999999999       0.12939999999999999        5.9999999999999995E-004   1.0800000000000001E-002
   90.000000000000000       0.36381863857596247        2.0000000000000000E-003  0.70499999999999996       0.15140000000000001       0.13020000000000001        5.9999999999999995E-004   1.0800000000000001E-002
   91.000000000000000       0.36490244897129365        2.2000000000000001E-003  0.70499999999999996       0.15060000000000001       0.13080000000000000        5.9999999999999995E-004   1.0800000000000001E-002
   92.000000000000000       0.36001228048577655        2.2000000000000001E-003  0.70499999999999996       0.15060000000000001       0.13080000000000000        5.9999999999999995E-004   1.0800000000000001E-002
   93.000000000000000       0.34923720927952739        2.2000000000000001E-003  0.70499999999999996       0.14920000000000000       0.13220000000000001        5.9999999999999995E-004   1.0800000000000001E-002
   94.000000000000000       0.33272479349362616        2.3999999999999998E-003  0.70499999999999996       0.14899999999999999       0.13220000000000001        5.9999999999999995E-004   1.0800000000000001E-002
   95.000000000000000       0.32144602949795165        2.3999999999999998E-003  0.70360000000000000       0.13980000000000001       0.14280000000000001        5.9999999999999995E-004   1.0800000000000001E-002
   96.000000000000000       0.31509399569867286        2.3999999999999998E-003  0.70060000000000000       0.13519999999999999       0.15040000000000001        8.0000000000000004E-004   1.0600000000000000E-002
   97.000000000000000       0.33117471292450656        2.3999999999999998E-003  0.70060000000000000       0.10240000000000000       0.18320000000000000        8.0000000000000004E-004   1.0600000000000000E-002
   98.000000000000000       0.32596406265192290        2.3999999999999998E-003  0.70040000000000002       0.10080000000000000       0.18500000000000000        8.0000000000000004E-004   1.0600000000000000E-002
   99.000000000000000       0.32087289806514940        2.3999999999999998E-003  0.69979999999999998       0.10100000000000001       0.18540000000000001        8.0000000000000004E-004   1.0600000000000000E-002
   100.00000000000000       0.32297870272210188        2.3999999999999998E-003  0.69879999999999998        9.5799999999999996E-002  0.19159999999999999        1.6000000000000001E-003   9.7999999999999997E-003
   101.00000000000000       0.32283832416308988        2.3999999999999998E-003  0.69879999999999998        9.5000000000000001E-002  0.19239999999999999        1.6000000000000001E-003   9.7999999999999997E-003
   102.00000000000000       0.32481572226023031        3.0000000000000001E-003  0.69820000000000004        9.5000000000000001E-002  0.19239999999999999        1.6000000000000001E-003   9.7999999999999997E-003
   103.00000000000000       0.32897508772458139        6.0000000000000001E-003  0.69520000000000004        9.5000000000000001E-002  0.19239999999999999        2.0000000000000000E-003   9.4000000000000004E-003
   104.00000000000000       0.33841578997734584        7.6000000000000000E-003  0.69140000000000001        9.4600000000000004E-002  0.19500000000000001        2.3999999999999998E-003   8.9999999999999993E-003
   105.00000000000000       0.34813552956129884        6.6000000000000000E-003  0.69220000000000004        9.4200000000000006E-002  0.19560000000000000        2.8000000000000000E-003   8.6000000000000000E-003
   106.00000000000000       0.36019145008189180        7.0000000000000001E-003  0.69099999999999995        9.5000000000000001E-002  0.19560000000000000        3.2000000000000002E-003   8.2000000000000007E-003
   107.00000000000000       0.37447464178822820        7.1999999999999998E-003  0.69059999999999999        9.5200000000000007E-002  0.19560000000000000        3.8000000000000000E-003   7.6000000000000000E-003
   108.00000000000000       0.39406308951230301        7.4000000000000003E-003  0.68979999999999997        9.1200000000000003E-002  0.20019999999999999        4.1999999999999997E-003   7.1999999999999998E-003
   109.00000000000000       0.41485122297835481        7.4000000000000003E-003  0.68959999999999999        8.7400000000000005E-002  0.20419999999999999        4.1999999999999997E-003   7.1999999999999998E-003
   110.00000000000000       0.43374206120905517        7.4000000000000003E-003  0.68959999999999999        8.7400000000000005E-002  0.20419999999999999        4.1999999999999997E-003   7.1999999999999998E-003
   111.00000000000000       0.45456188338134118        7.4000000000000003E-003  0.68820000000000003        8.7200000000000000E-002  0.20580000000000001        4.1999999999999997E-003   7.1999999999999998E-003
   112.00000000000000       0.47576101263189940        7.4000000000000003E-003  0.68640000000000001        8.7200000000000000E-002  0.20760000000000001        4.1999999999999997E-003   7.1999999999999998E-003
   113.00000000000000       0.49460063922937653        7.4000000000000003E-003  0.68640000000000001        8.7200000000000000E-002  0.20760000000000001        4.1999999999999997E-003   7.1999999999999998E-003
   114.00000000000000       0.51313513963872781        7.4000000000000003E-003  0.68620000000000003        8.7400000000000005E-002  0.20760000000000001        4.0000000000000001E-003   7.4000000000000003E-003
   115.00000000000000       0.52959274374110366        7.4000000000000003E-003  0.68620000000000003        8.7400000000000005E-002  0.20760000000000001        4.0000000000000001E-003   7.4000000000000003E-003
   116.00000000000000       0.54522662700334568        7.4000000000000003E-003  0.68600000000000005        8.7200000000000000E-002  0.20799999999999999        4.0000000000000001E-003   7.4000000000000003E-003
   117.00000000000000       0.55878639891776860        7.4000000000000003E-003  0.68600000000000005        8.7200000000000000E-002  0.20799999999999999        4.1999999999999997E-003   7.1999999999999998E-003
   118.00000000000000       0.57048032605150278        7.4000000000000003E-003  0.68600000000000005        8.6599999999999996E-002  0.20860000000000001        3.8000000000000000E-003   7.6000000000000000E-003
   119.00000000000000       0.57951733680014417        7.1999999999999998E-003  0.68479999999999996        8.7999999999999995E-002  0.20860000000000001        3.8000000000000000E-003   7.6000000000000000E-003
   120.00000000000000       0.58798987852302553        7.1999999999999998E-003  0.68159999999999998        8.9999999999999997E-002  0.20979999999999999        3.8000000000000000E-003   7.6000000000000000E-003
   121.00000000000000       0.59558130848261981        7.1999999999999998E-003  0.68100000000000005        8.7999999999999995E-002  0.21240000000000001        4.0000000000000001E-003   7.4000000000000003E-003
   122.00000000000000       0.59738101665970267        7.1999999999999998E-003  0.68100000000000005        8.7999999999999995E-002  0.21240000000000001        4.0000000000000001E-003   7.4000000000000003E-003
   123.00000000000000       0.59364319996578963        7.1999999999999998E-003  0.67500000000000004        9.4000000000000000E-002  0.21240000000000001        4.0000000000000001E-003   7.4000000000000003E-003
   124.00000000000000       0.58666556144578796        7.1999999999999998E-003  0.70399999999999996        6.3799999999999996E-002  0.21360000000000001        4.0000000000000001E-003   7.4000000000000003E-003
   125.00000000000000       0.57764821557564339        7.1999999999999998E-003  0.70260000000000000        6.5199999999999994E-002  0.21360000000000001        3.8000000000000000E-003   7.6000000000000000E-003
   126.00000000000000       0.57070642985195386        7.1999999999999998E-003  0.69960000000000000        6.6199999999999995E-002  0.21560000000000001        3.8000000000000000E-003   7.6000000000000000E-003
   127.00000000000000       0.56317831980345212        7.1999999999999998E-003  0.70079999999999998        6.2799999999999995E-002  0.21779999999999999        3.8000000000000000E-003   7.6000000000000000E-003
   128.00000000000000       0.55323750768477475        7.1999999999999998E-003  0.70140000000000002        6.2000000000000000E-002  0.21800000000000000        3.5999999999999999E-003   7.7999999999999996E-003
   129.00000000000000       0.54348379203341735        7.1999999999999998E-003  0.69960000000000000        6.3200000000000006E-002  0.21859999999999999        3.5999999999999999E-003   7.7999999999999996E-003
   130.00000000000000       0.53277600531795555        7.1999999999999998E-003  0.70099999999999996        6.1600000000000002E-002  0.21879999999999999        3.5999999999999999E-003   7.7999999999999996E-003
   131.00000000000000       0.52192273245807197        7.1999999999999998E-003  0.70240000000000002        5.9400000000000001E-002  0.21959999999999999        3.5999999999999999E-003   7.7999999999999996E-003
   132.00000000000000       0.51024778800984461        7.1999999999999998E-003  0.69999999999999996        6.1400000000000003E-002  0.22000000000000000        3.5999999999999999E-003   7.7999999999999996E-003
   133.00000000000000       0.49833196109532241        7.1999999999999998E-003  0.69779999999999998        6.3399999999999998E-002  0.22020000000000001        3.3999999999999998E-003   8.0000000000000002E-003
   134.00000000000000       0.48631547886240428        7.1999999999999998E-003  0.69720000000000004        6.3399999999999998E-002  0.22080000000000000        3.2000000000000002E-003   8.2000000000000007E-003
   135.00000000000000       0.47379114324016425        7.1999999999999998E-003  0.69679999999999997        6.3399999999999998E-002  0.22120000000000001        3.0000000000000001E-003   8.3999999999999995E-003
   136.00000000000000       0.46330872421411512        7.0000000000000001E-003  0.69499999999999995        6.3799999999999996E-002  0.22280000000000000        3.0000000000000001E-003   8.3999999999999995E-003
   137.00000000000000       0.45264150396338571        7.0000000000000001E-003  0.69499999999999995        6.2199999999999998E-002  0.22439999999999999        3.0000000000000001E-003   8.3999999999999995E-003
   138.00000000000000       0.44111832657250777        7.0000000000000001E-003  0.69499999999999995        6.2199999999999998E-002  0.22439999999999999        3.0000000000000001E-003   8.3999999999999995E-003
   139.00000000000000       0.43061101671121937        7.0000000000000001E-003  0.69499999999999995        6.1800000000000001E-002  0.22480000000000000        3.0000000000000001E-003   8.3999999999999995E-003
   140.00000000000000       0.42052059757651761        7.0000000000000001E-003  0.69499999999999995        6.1800000000000001E-002  0.22480000000000000        3.0000000000000001E-003   8.3999999999999995E-003
   141.00000000000000       0.41166685296318595        6.6000000000000000E-003  0.69520000000000004        6.2000000000000000E-002  0.22480000000000000        3.0000000000000001E-003   8.3999999999999995E-003
   142.00000000000000       0.40603514082454994        6.6000000000000000E-003  0.69440000000000002        6.0600000000000001E-002  0.22700000000000001        3.0000000000000001E-003   8.3999999999999995E-003
   143.00000000000000       0.39900275066726776        6.6000000000000000E-003  0.69420000000000004        6.0600000000000001E-002  0.22720000000000001        3.0000000000000001E-003   8.3999999999999995E-003
   144.00000000000000       0.39394604668190247        6.6000000000000000E-003  0.69420000000000004        5.9999999999999998E-002  0.22780000000000000        3.0000000000000001E-003   8.3999999999999995E-003
   145.00000000000000       0.38967298916390508        6.4000000000000003E-003  0.69420000000000004        5.9999999999999998E-002  0.22800000000000001        3.0000000000000001E-003   8.3999999999999995E-003
   146.00000000000000       0.38613574046025728        1.1400000000000000E-002  0.68920000000000003        5.9999999999999998E-002  0.22800000000000001        3.0000000000000001E-003   8.3999999999999995E-003
   147.00000000000000       0.38391861317027232        1.6000000000000000E-002  0.68400000000000005        6.0600000000000001E-002  0.22800000000000001        2.8000000000000000E-003   8.6000000000000000E-003
   148.00000000000000       0.38270591651963115        1.5599999999999999E-002  0.68440000000000001        6.0199999999999997E-002  0.22839999999999999        2.8000000000000000E-003   8.6000000000000000E-003
   149.00000000000000       0.38284695314414480        1.4800000000000001E-002  0.68440000000000001        6.0999999999999999E-002  0.22839999999999999        2.8000000000000000E-003   8.6000000000000000E-003
   150.00000000000000       0.38197645132549340        1.4999999999999999E-002  0.68420000000000003        6.0999999999999999E-002  0.22839999999999999        2.8000000000000000E-003   8.6000000000000000E-003
   151.00000000000000       0.38346748766512578        1.4999999999999999E-002  0.68400000000000005        6.1199999999999997E-002  0.22839999999999999        2.8000000000000000E-003   8.6000000000000000E-003
   152.00000000000000       0.38572773567453661        0.0000000000000000       0.69820000000000004        6.1400000000000003E-002  0.22900000000000001        3.2000000000000002E-003   8.2000000000000007E-003
   153.00000000000000       0.38671353354505156        0.0000000000000000       0.69820000000000004        6.1400000000000003E-002  0.22900000000000001        3.2000000000000002E-003   8.2000000000000007E-003
   154.00000000000000       0.40288993235589315        0.0000000000000000       0.69820000000000004        6.1400000000000003E-002  0.22900000000000001        3.2000000000000002E-003   8.2000000000000007E-003
   155.00000000000000       0.41730050792369555        0.0000000000000000       0.69820000000000004        6.0800000000000000E-002  0.22960000000000000        3.2000000000000002E-003   8.2000000000000007E-003
   156.00000000000000       0.42582099541994700        0.0000000000000000       0.69799999999999995        6.0800000000000000E-002  0.22960000000000000        3.2000000000000002E-003   8.3999999999999995E-003
   157.00000000000000       0.42960436465767116        0.0000000000000000       0.69799999999999995        6.0800000000000000E-002  0.22960000000000000        3.2000000000000002E-003   8.3999999999999995E-003
   158.00000000000000       0.42798215716279114        0.0000000000000000       0.69799999999999995        6.0400000000000002E-002  0.23000000000000001        3.5999999999999999E-003   8.0000000000000002E-003
   159.00000000000000       0.42242137419866022        0.0000000000000000       0.69799999999999995        6.0400000000000002E-002  0.23000000000000001        3.5999999999999999E-003   8.0000000000000002E-003
   160.00000000000000       0.41215575173838981        3.7800000000000000E-002  0.65939999999999999        6.0800000000000000E-002  0.23039999999999999        3.5999999999999999E-003   8.0000000000000002E-003
   161.00000000000000       0.41204688171043247        3.7800000000000000E-002  0.65900000000000003        6.0400000000000002E-002  0.23119999999999999        3.5999999999999999E-003   8.0000000000000002E-003
   162.00000000000000       0.41968099432691469        3.7800000000000000E-002  0.65859999999999996        6.0800000000000000E-002  0.23119999999999999        3.3999999999999998E-003   8.2000000000000007E-003
   163.00000000000000       0.42967937308193516        3.7800000000000000E-002  0.65859999999999996        6.0600000000000001E-002  0.23139999999999999        3.5999999999999999E-003   8.0000000000000002E-003
   164.00000000000000       0.44321888838947437        3.5200000000000002E-002  0.66059999999999997        6.1199999999999997E-002  0.23139999999999999        4.0000000000000001E-003   7.6000000000000000E-003
   165.00000000000000       0.45952201833545936        3.5200000000000002E-002  0.66059999999999997        6.0800000000000000E-002  0.23419999999999999        7.0000000000000001E-003   2.2000000000000001E-003
   166.00000000000000       0.47575952099475805        3.5200000000000002E-002  0.66059999999999997        6.0800000000000000E-002  0.23419999999999999        7.0000000000000001E-003   2.2000000000000001E-003
   167.00000000000000       0.49096701728555486        3.5200000000000002E-002  0.65780000000000005        6.3600000000000004E-002  0.23419999999999999        7.0000000000000001E-003   2.2000000000000001E-003
   168.00000000000000       0.50674169386950996        3.5200000000000002E-002  0.65080000000000005        7.0599999999999996E-002  0.23419999999999999        7.0000000000000001E-003   2.2000000000000001E-003
   169.00000000000000       0.51998715830619080        3.5200000000000002E-002  0.64539999999999997        7.5999999999999998E-002  0.23419999999999999        7.0000000000000001E-003   2.2000000000000001E-003
   170.00000000000000       0.53299800193817559        3.5200000000000002E-002  0.62700000000000000        9.4399999999999998E-002  0.23419999999999999        7.0000000000000001E-003   2.2000000000000001E-003
   171.00000000000000       0.54400189256866127        3.4200000000000001E-002  0.62760000000000005        9.4799999999999995E-002  0.23400000000000001        7.1999999999999998E-003   2.2000000000000001E-003
   172.00000000000000       0.55675798500290585        3.3000000000000002E-002  0.62900000000000000        9.4600000000000004E-002  0.23400000000000001        7.1999999999999998E-003   2.2000000000000001E-003
   173.00000000000000       0.57032641954191132        3.2599999999999997E-002  0.62900000000000000        9.5000000000000001E-002  0.23380000000000001        7.4000000000000003E-003   2.2000000000000001E-003
   174.00000000000000       0.58480203294260269        3.2599999999999997E-002  0.62880000000000003        9.5000000000000001E-002  0.23380000000000001        7.4000000000000003E-003   2.3999999999999998E-003
   175.00000000000000       0.60092410381292549        3.0599999999999999E-002  0.63039999999999996        9.5000000000000001E-002  0.23340000000000000        7.7999999999999996E-003   2.8000000000000000E-003
   176.00000000000000       0.61800693394768380        3.0599999999999999E-002  0.63039999999999996        9.4399999999999998E-002  0.16780000000000000        1.4800000000000001E-002   6.2000000000000000E-002
   177.00000000000000       0.63236019176243807        3.0400000000000000E-002  0.63039999999999996        9.2600000000000002E-002  0.16980000000000001        1.4999999999999999E-002   6.1800000000000001E-002
   178.00000000000000       0.63999231303636084        2.9999999999999999E-002  0.63039999999999996        9.2999999999999999E-002  0.16980000000000001        1.4800000000000001E-002   6.2000000000000000E-002
   179.00000000000000       0.64654889056637288        2.9999999999999999E-002  0.62739999999999996        9.5600000000000004E-002  0.17019999999999999        1.4600000000000000E-002   6.2199999999999998E-002
   180.00000000000000       0.65240723605002215        2.9200000000000000E-002  0.62819999999999998        9.2999999999999999E-002  0.17280000000000001        1.4600000000000000E-002   6.2199999999999998E-002
   181.00000000000000       0.65417051527660963        2.9200000000000000E-002  0.62619999999999998        9.5000000000000001E-002  0.17280000000000001        1.4400000000000000E-002   6.2399999999999997E-002
   182.00000000000000       0.65475422265534156        2.7400000000000001E-002  0.62360000000000004        9.9400000000000002E-002  0.17280000000000001        1.4600000000000000E-002   6.2199999999999998E-002
   183.00000000000000       0.65463581246266012        2.6400000000000000E-002  0.62460000000000004        9.7199999999999995E-002  0.17499999999999999        1.4800000000000001E-002   6.2000000000000000E-002
   184.00000000000000       0.65260353998265930        2.3800000000000002E-002  0.62539999999999996        9.7199999999999995E-002  0.17680000000000001        1.4800000000000001E-002   6.2000000000000000E-002
   185.00000000000000       0.64676507604919486        2.3800000000000002E-002  0.62539999999999996        9.7199999999999995E-002  0.17680000000000001        1.6000000000000000E-002   6.0800000000000000E-002
   186.00000000000000       0.63982295867054739        2.3599999999999999E-002  0.62400000000000000        9.8400000000000001E-002  0.17720000000000000        1.6000000000000000E-002   6.0800000000000000E-002
   187.00000000000000       0.63233397961438165        2.3599999999999999E-002  0.62380000000000002        9.8000000000000004E-002  0.17780000000000001        1.6000000000000000E-002   6.0800000000000000E-002
   188.00000000000000       0.62190696094165310        2.3599999999999999E-002  0.62380000000000002        9.8000000000000004E-002  0.17780000000000001        1.5800000000000002E-002   6.0999999999999999E-002
   189.00000000000000       0.61226256020473768        2.3599999999999999E-002  0.62260000000000004        9.8000000000000004E-002  0.17899999999999999        1.6199999999999999E-002   6.0600000000000001E-002
