#        BMIN =   406
#        BMAX =   411
#     INIBAND =   409
#      NBANDS =   540
#         NSW =  2000
#       POTIM =   1.0
#        TEMP = 300.0
#    NAMDTINI =   249
#    NAMDTIME =  1000
#       NTRAJ =  5000
#        NELM =  1000
#       LHOLE =     T
#        LSHP =     T
#      LCPTXT =     T
#      RUNDIR = ../../run/
   1.0000000000000000        1.4485869635921544        0.0000000000000000        0.0000000000000000        0.0000000000000000        1.0000000000000000        0.0000000000000000        0.0000000000000000     
   2.0000000000000000        1.4426776938623513        0.0000000000000000        0.0000000000000000        0.0000000000000000        1.0000000000000000        0.0000000000000000        0.0000000000000000     
   3.0000000000000000        1.4378312734085288        0.0000000000000000        0.0000000000000000        0.0000000000000000        1.0000000000000000        0.0000000000000000        0.0000000000000000     
   4.0000000000000000        1.4335433413596479        0.0000000000000000        0.0000000000000000        0.0000000000000000        1.0000000000000000        0.0000000000000000        0.0000000000000000     
   5.0000000000000000        1.4307801015671173        0.0000000000000000        0.0000000000000000        0.0000000000000000        1.0000000000000000        0.0000000000000000        0.0000000000000000     
   6.0000000000000000        1.4299505272825561        0.0000000000000000        0.0000000000000000        0.0000000000000000        1.0000000000000000        0.0000000000000000        0.0000000000000000     
   7.0000000000000000        1.4309971345066503        0.0000000000000000        0.0000000000000000        0.0000000000000000        1.0000000000000000        0.0000000000000000        0.0000000000000000     
   8.0000000000000000        1.4338174275242643        0.0000000000000000        0.0000000000000000        0.0000000000000000        1.0000000000000000        0.0000000000000000        0.0000000000000000     
   9.0000000000000000        1.4388522864595839        0.0000000000000000        0.0000000000000000        0.0000000000000000        1.0000000000000000        0.0000000000000000        0.0000000000000000     
   10.000000000000000        1.4447698728745908        0.0000000000000000        0.0000000000000000        0.0000000000000000        1.0000000000000000        0.0000000000000000        0.0000000000000000     
   11.000000000000000        1.4539500244522348        0.0000000000000000        0.0000000000000000        0.0000000000000000        1.0000000000000000        0.0000000000000000        0.0000000000000000     
   12.000000000000000        1.4599549670474614        0.0000000000000000        0.0000000000000000        0.0000000000000000        1.0000000000000000        0.0000000000000000        0.0000000000000000     
   13.000000000000000        1.4509565073854560        0.0000000000000000        0.0000000000000000        0.0000000000000000        1.0000000000000000        0.0000000000000000        0.0000000000000000     
   14.000000000000000        1.4912224056201759        0.0000000000000000        0.0000000000000000        0.0000000000000000       0.15520000000000000       0.84440000000000004        4.0000000000000002E-004
   15.000000000000000        1.4822236165048919        0.0000000000000000        0.0000000000000000        0.0000000000000000       0.16039999999999999       0.52320000000000000       0.31640000000000001     
   16.000000000000000        1.4835833062286958        0.0000000000000000        0.0000000000000000        0.0000000000000000       0.16039999999999999       0.52320000000000000       0.31640000000000001     
   17.000000000000000        1.4871382820201267        0.0000000000000000        0.0000000000000000        0.0000000000000000       0.15620000000000001       0.52739999999999998       0.31640000000000001     
   18.000000000000000        1.5028106000760428        0.0000000000000000        0.0000000000000000        0.0000000000000000       0.12200000000000000       0.56140000000000001       0.31659999999999999     
   19.000000000000000        1.5138666695345060        0.0000000000000000        0.0000000000000000        0.0000000000000000       0.36599999999999999       0.33720000000000000       0.29680000000000001     
   20.000000000000000        1.6112198161749562        0.0000000000000000        0.0000000000000000        0.0000000000000000       0.10199999999999999       0.14440000000000000       0.75360000000000005     
   21.000000000000000        1.5939072968893548        0.0000000000000000        0.0000000000000000        3.0000000000000001E-003   4.6800000000000001E-002   0.0000000000000000       0.95020000000000004     
   22.000000000000000        1.5710833356206921        0.0000000000000000        0.0000000000000000        3.0000000000000001E-003   4.6800000000000001E-002   1.1999999999999999E-003  0.94899999999999995     
   23.000000000000000        1.5934799040017462        0.0000000000000000        0.0000000000000000        3.0000000000000001E-003   4.6800000000000001E-002   1.1999999999999999E-003  0.94899999999999995     
   24.000000000000000        1.6565505884191318        0.0000000000000000        0.0000000000000000        3.0000000000000001E-003   4.6800000000000001E-002   1.1999999999999999E-003  0.94899999999999995     
   25.000000000000000        1.6315786658829705        0.0000000000000000        0.0000000000000000        3.0000000000000001E-003   4.6800000000000001E-002   1.1999999999999999E-003  0.94899999999999995     
   26.000000000000000        1.6479715735657265        0.0000000000000000        0.0000000000000000        3.0000000000000001E-003   4.6800000000000001E-002   1.8000000000000000E-003  0.94840000000000002     
   27.000000000000000        1.6631354170998045        0.0000000000000000        0.0000000000000000        3.0000000000000001E-003   4.6800000000000001E-002   3.8000000000000000E-003  0.94640000000000002     
   28.000000000000000        1.6751215719445791        0.0000000000000000        0.0000000000000000        3.0000000000000001E-003   4.6800000000000001E-002   4.7999999999999996E-003  0.94540000000000002     
   29.000000000000000        1.6843018392524562        0.0000000000000000        0.0000000000000000        3.0000000000000001E-003   4.6800000000000001E-002   5.0000000000000001E-003  0.94520000000000004     
   30.000000000000000        1.6913105771474215        0.0000000000000000        0.0000000000000000        3.0000000000000001E-003   4.6800000000000001E-002   1.1800000000000000E-002  0.93840000000000001     
   31.000000000000000        1.6933718780651366        0.0000000000000000        0.0000000000000000        3.0000000000000001E-003   4.6800000000000001E-002   2.4799999999999999E-002  0.92540000000000000     
   32.000000000000000        1.6930547082539935        0.0000000000000000        0.0000000000000000        3.0000000000000001E-003   4.6800000000000001E-002   1.3200000000000000E-002  0.93700000000000006     
   33.000000000000000        1.6898079840698730        0.0000000000000000        0.0000000000000000        3.0000000000000001E-003   4.6800000000000001E-002   5.3199999999999997E-002  0.89700000000000002     
   34.000000000000000        1.6842710010869988        0.0000000000000000        0.0000000000000000        3.0000000000000001E-003   4.6800000000000001E-002   4.5600000000000002E-002  0.90459999999999996     
   35.000000000000000        1.6763605296429804        0.0000000000000000        0.0000000000000000        3.0000000000000001E-003   4.6800000000000001E-002   6.2399999999999997E-002  0.88780000000000003     
   36.000000000000000        1.6673757351595051        0.0000000000000000        2.0000000000000001E-004   2.8000000000000000E-003   4.6800000000000001E-002   1.0400000000000000E-002  0.93979999999999997     
   37.000000000000000        1.6569604205997026        0.0000000000000000        2.0000000000000001E-004   2.8000000000000000E-003   4.6800000000000001E-002   1.0000000000000000E-002  0.94020000000000004     
   38.000000000000000        1.6460419805413549        0.0000000000000000        2.0000000000000001E-004   2.8000000000000000E-003   4.6800000000000001E-002   1.0600000000000000E-002  0.93959999999999999     
   39.000000000000000        1.6353324028492833        0.0000000000000000        2.0000000000000001E-004   2.8000000000000000E-003   4.6800000000000001E-002   1.7600000000000001E-002  0.93259999999999998     
   40.000000000000000        1.6253523124180567        0.0000000000000000        2.0000000000000001E-004   2.8000000000000000E-003   4.6800000000000001E-002   2.4000000000000000E-002  0.92620000000000002     
   41.000000000000000        1.6168578851896900        0.0000000000000000        2.0000000000000001E-004   2.8000000000000000E-003   4.6800000000000001E-002   3.0200000000000001E-002  0.92000000000000004     
   42.000000000000000        1.6096815110583598        0.0000000000000000        2.0000000000000001E-004   2.8000000000000000E-003   4.6800000000000001E-002   3.1199999999999999E-002  0.91900000000000004     
   43.000000000000000        1.6050843269844144        0.0000000000000000        2.0000000000000001E-004   2.8000000000000000E-003   4.6800000000000001E-002   3.1199999999999999E-002  0.91900000000000004     
   44.000000000000000        1.6030935128391017        0.0000000000000000        2.0000000000000001E-004   2.8000000000000000E-003   4.6800000000000001E-002   3.1199999999999999E-002  0.91900000000000004     
   45.000000000000000        1.6037103100537407        0.0000000000000000        2.0000000000000001E-004   2.8000000000000000E-003   4.6800000000000001E-002   2.9200000000000000E-002  0.92100000000000004     
   46.000000000000000        1.6068931405227520        0.0000000000000000        2.0000000000000001E-004   2.8000000000000000E-003   4.6800000000000001E-002   3.2199999999999999E-002  0.91800000000000004     
   47.000000000000000        1.6125479305300134        0.0000000000000000        2.0000000000000001E-004   2.8000000000000000E-003   4.6800000000000001E-002   3.2199999999999999E-002  0.91800000000000004     
   48.000000000000000        1.6203206218925144        0.0000000000000000        2.0000000000000001E-004   2.8000000000000000E-003   4.6800000000000001E-002   3.1600000000000003E-002  0.91859999999999997     
   49.000000000000000        1.6302129533667808        0.0000000000000000        2.0000000000000001E-004   2.3999999999999998E-003   4.7199999999999999E-002   2.9399999999999999E-002  0.92079999999999995     
   50.000000000000000        1.6408983912355286        0.0000000000000000        2.0000000000000001E-004   2.3999999999999998E-003   4.7199999999999999E-002   2.9200000000000000E-002  0.92100000000000004     
   51.000000000000000        1.6508667417876015        0.0000000000000000        0.0000000000000000        2.5999999999999999E-003   4.7199999999999999E-002   3.0200000000000001E-002  0.92000000000000004     
   52.000000000000000        1.6637178617438040        0.0000000000000000        0.0000000000000000        2.5999999999999999E-003   4.7199999999999999E-002   3.1800000000000002E-002  0.91839999999999999     
   53.000000000000000        1.6746742442323375        0.0000000000000000        0.0000000000000000        2.3999999999999998E-003   4.7399999999999998E-002   3.0599999999999999E-002  0.91959999999999997     
   54.000000000000000        1.6846565341785957        0.0000000000000000        0.0000000000000000        2.3999999999999998E-003   4.7399999999999998E-002   3.0599999999999999E-002  0.91959999999999997     
   55.000000000000000        1.6925671456491600        0.0000000000000000        0.0000000000000000        2.3999999999999998E-003   4.7399999999999998E-002   3.3000000000000002E-002  0.91720000000000002     
   56.000000000000000        1.7010775188234804        0.0000000000000000        0.0000000000000000        2.3999999999999998E-003   4.7399999999999998E-002   3.0599999999999999E-002  0.91959999999999997     
   57.000000000000000        1.7025648288294704        0.0000000000000000        0.0000000000000000        2.3999999999999998E-003   4.7399999999999998E-002   3.0200000000000001E-002  0.92000000000000004     
   58.000000000000000        1.7042026234082124        0.0000000000000000        0.0000000000000000        2.3999999999999998E-003   4.7399999999999998E-002   2.8600000000000000E-002  0.92159999999999997     
   59.000000000000000        1.7028609638007604        0.0000000000000000        0.0000000000000000        2.3999999999999998E-003   4.7399999999999998E-002   2.9600000000000001E-002  0.92059999999999997     
   60.000000000000000        1.6988426406199031        0.0000000000000000        0.0000000000000000        2.3999999999999998E-003   4.7399999999999998E-002   2.9200000000000000E-002  0.92100000000000004     
   61.000000000000000        1.6924445259624097        0.0000000000000000        0.0000000000000000        2.3999999999999998E-003   4.7399999999999998E-002   2.9600000000000001E-002  0.92059999999999997     
   62.000000000000000        1.6833076924803387        0.0000000000000000        0.0000000000000000        2.3999999999999998E-003   4.7399999999999998E-002   2.8199999999999999E-002  0.92200000000000004     
   63.000000000000000        1.6718902322883309        0.0000000000000000        0.0000000000000000        2.3999999999999998E-003   4.7399999999999998E-002   2.8199999999999999E-002  0.92200000000000004     
   64.000000000000000        1.6588596759047425        0.0000000000000000        0.0000000000000000        2.3999999999999998E-003   4.7399999999999998E-002   2.8799999999999999E-002  0.92140000000000000     
   65.000000000000000        1.6441217451767032        0.0000000000000000        0.0000000000000000        2.2000000000000001E-003   4.7600000000000003E-002   3.1600000000000003E-002  0.91859999999999997     
   66.000000000000000        1.6281636526881937        0.0000000000000000        0.0000000000000000        2.2000000000000001E-003   4.7600000000000003E-002   3.1199999999999999E-002  0.91900000000000004     
   67.000000000000000        1.6118269855078395        0.0000000000000000        0.0000000000000000        2.2000000000000001E-003   4.7600000000000003E-002   2.5999999999999999E-002  0.92420000000000002     
   68.000000000000000        1.5956742168126035        0.0000000000000000        0.0000000000000000        2.2000000000000001E-003   4.7600000000000003E-002   2.0199999999999999E-002  0.93000000000000005     
   69.000000000000000        1.5803867379974565        0.0000000000000000        0.0000000000000000        2.2000000000000001E-003   4.7600000000000003E-002   1.2200000000000001E-002  0.93799999999999994     
   70.000000000000000        1.5667131474814211        0.0000000000000000        0.0000000000000000        2.0000000000000000E-003   4.7800000000000002E-002   3.5600000000000000E-002  0.91459999999999997     
   71.000000000000000        1.5554966141842168        0.0000000000000000        0.0000000000000000        1.8000000000000000E-003   4.8000000000000001E-002   9.8400000000000001E-002  0.85180000000000000     
   72.000000000000000        1.5476331959824332        0.0000000000000000        0.0000000000000000        1.8000000000000000E-003   4.8000000000000001E-002   0.0000000000000000       0.95020000000000004     
   73.000000000000000        1.5438360653279837        0.0000000000000000        0.0000000000000000        1.8000000000000000E-003   4.8000000000000001E-002   4.4200000000000003E-002  0.90600000000000003     
   74.000000000000000        1.5443544293769162        0.0000000000000000        0.0000000000000000        1.8000000000000000E-003   4.8000000000000001E-002   5.2400000000000002E-002  0.89780000000000004     
   75.000000000000000        1.5496705109793052        0.0000000000000000        0.0000000000000000        1.8000000000000000E-003   4.8000000000000001E-002   5.2600000000000001E-002  0.89759999999999995     
   76.000000000000000        1.5596709617759468        0.0000000000000000        0.0000000000000000        1.8000000000000000E-003   4.8000000000000001E-002   5.9999999999999998E-002  0.89019999999999999     
   77.000000000000000        1.5747077446225954        0.0000000000000000        0.0000000000000000        1.8000000000000000E-003   4.8000000000000001E-002   5.8599999999999999E-002  0.89159999999999995     
   78.000000000000000        1.5944430870154207        0.0000000000000000        0.0000000000000000        1.8000000000000000E-003   4.8000000000000001E-002   6.1600000000000002E-002  0.88859999999999995     
   79.000000000000000        1.6187683199333587        0.0000000000000000        0.0000000000000000        1.8000000000000000E-003   4.8000000000000001E-002   6.3600000000000004E-002  0.88660000000000005     
   80.000000000000000        1.6471671843112377        0.0000000000000000        0.0000000000000000        1.8000000000000000E-003   4.8000000000000001E-002   6.2600000000000003E-002  0.88759999999999994     
   81.000000000000000        1.6789494885294993        0.0000000000000000        0.0000000000000000        1.8000000000000000E-003   4.8000000000000001E-002   6.2399999999999997E-002  0.88780000000000003     
   82.000000000000000        1.7141347026495859        0.0000000000000000        0.0000000000000000        1.8000000000000000E-003   4.8000000000000001E-002   6.2399999999999997E-002  0.88780000000000003     
   83.000000000000000        1.7499936054053715        0.0000000000000000        0.0000000000000000        1.8000000000000000E-003   4.8000000000000001E-002   6.2600000000000003E-002  0.88759999999999994     
   84.000000000000000        1.7873707313193621        0.0000000000000000        0.0000000000000000        1.8000000000000000E-003   4.8000000000000001E-002   6.2600000000000003E-002  0.88759999999999994     
   85.000000000000000        1.8249072377672051        0.0000000000000000        0.0000000000000000        1.8000000000000000E-003   4.8000000000000001E-002   6.2199999999999998E-002  0.88800000000000001     
   86.000000000000000        1.8606956713864480        0.0000000000000000        0.0000000000000000        1.8000000000000000E-003   4.8000000000000001E-002   6.1400000000000003E-002  0.88880000000000003     
   87.000000000000000        1.8948675777166215        0.0000000000000000        0.0000000000000000        1.8000000000000000E-003   4.8000000000000001E-002   6.1400000000000003E-002  0.88880000000000003     
   88.000000000000000        1.9261030107151280        0.0000000000000000        0.0000000000000000        1.8000000000000000E-003   4.8000000000000001E-002   6.1400000000000003E-002  0.88880000000000003     
   89.000000000000000        1.9537204636801742        0.0000000000000000        0.0000000000000000        1.8000000000000000E-003   4.8000000000000001E-002   6.0999999999999999E-002  0.88919999999999999     
   90.000000000000000        1.9769791404874626        0.0000000000000000        0.0000000000000000        1.8000000000000000E-003   4.8000000000000001E-002   6.1400000000000003E-002  0.88880000000000003     
   91.000000000000000        1.9957239166659204        0.0000000000000000        0.0000000000000000        1.8000000000000000E-003   4.8000000000000001E-002   6.1400000000000003E-002  0.88880000000000003     
   92.000000000000000        2.0097403171342996        0.0000000000000000        0.0000000000000000        1.8000000000000000E-003   4.8000000000000001E-002   5.8799999999999998E-002  0.89139999999999997     
   93.000000000000000        2.0141182785998861        0.0000000000000000        0.0000000000000000        1.8000000000000000E-003   4.8000000000000001E-002   5.6200000000000000E-002  0.89400000000000002     
   94.000000000000000        2.0144851189287820        0.0000000000000000        0.0000000000000000        1.8000000000000000E-003   4.8000000000000001E-002   5.7599999999999998E-002  0.89259999999999995     
   95.000000000000000        2.0108808339599720        0.0000000000000000        0.0000000000000000        1.8000000000000000E-003   4.8000000000000001E-002   5.7599999999999998E-002  0.89259999999999995     
   96.000000000000000        1.9974465650667537        0.0000000000000000        0.0000000000000000        1.8000000000000000E-003   4.8000000000000001E-002   5.6200000000000000E-002  0.89400000000000002     
   97.000000000000000        1.9816047801261201        0.0000000000000000        0.0000000000000000        1.8000000000000000E-003   4.8000000000000001E-002   5.5199999999999999E-002  0.89500000000000002     
   98.000000000000000        1.9613497817608097        0.0000000000000000        0.0000000000000000        1.8000000000000000E-003   4.8000000000000001E-002   5.6000000000000001E-002  0.89419999999999999     
   99.000000000000000        1.9333937172892235        0.0000000000000000        0.0000000000000000        1.8000000000000000E-003   4.8000000000000001E-002   6.4000000000000001E-002  0.88619999999999999     
   100.00000000000000        1.9050531164603017        0.0000000000000000        0.0000000000000000        1.8000000000000000E-003   4.8000000000000001E-002   6.9400000000000003E-002  0.88080000000000003     
   101.00000000000000        1.8717812078851281        0.0000000000000000        0.0000000000000000        1.8000000000000000E-003   4.8000000000000001E-002   5.0599999999999999E-002  0.89959999999999996     
   102.00000000000000        1.8359984518714472        0.0000000000000000        0.0000000000000000        1.8000000000000000E-003   4.8000000000000001E-002   6.5799999999999997E-002  0.88439999999999996     
   103.00000000000000        1.7981154049404966        0.0000000000000000        0.0000000000000000        1.8000000000000000E-003   4.8000000000000001E-002   8.7599999999999997E-002  0.86260000000000003     
   104.00000000000000        1.7593166883351501        0.0000000000000000        0.0000000000000000        1.8000000000000000E-003   4.8000000000000001E-002  0.10160000000000000       0.84860000000000002     
   105.00000000000000        1.7206269691423657        0.0000000000000000        0.0000000000000000        1.8000000000000000E-003   4.8000000000000001E-002  0.13239999999999999       0.81779999999999997     
   106.00000000000000        1.6825579225118230        0.0000000000000000        0.0000000000000000        1.8000000000000000E-003   4.8000000000000001E-002  0.19380000000000000       0.75639999999999996     
   107.00000000000000        1.6466149863457389        0.0000000000000000        0.0000000000000000        1.8000000000000000E-003   4.8000000000000001E-002  0.20999999999999999       0.74019999999999997     
   108.00000000000000        1.6129837879127285        0.0000000000000000        0.0000000000000000        1.8000000000000000E-003   4.8000000000000001E-002  0.26379999999999998       0.68640000000000001     
   109.00000000000000        1.5828140021107606        0.0000000000000000        0.0000000000000000        1.8000000000000000E-003   4.8000000000000001E-002  0.30559999999999998       0.64459999999999995     
   110.00000000000000        1.5566978573196659        0.0000000000000000        0.0000000000000000        1.8000000000000000E-003   4.8000000000000001E-002  0.33500000000000002       0.61519999999999997     
   111.00000000000000        1.5350129522211946        0.0000000000000000        0.0000000000000000        1.8000000000000000E-003   4.8000000000000001E-002  0.35759999999999997       0.59260000000000002     
   112.00000000000000        1.5184121218778825        0.0000000000000000        0.0000000000000000        1.8000000000000000E-003   4.8000000000000001E-002  0.36480000000000001       0.58540000000000003     
   113.00000000000000        1.5071662960837013        0.0000000000000000        0.0000000000000000        1.8000000000000000E-003   4.8000000000000001E-002  0.36340000000000000       0.58679999999999999     
   114.00000000000000        1.5011597356755129        0.0000000000000000        0.0000000000000000        1.8000000000000000E-003   4.8000000000000001E-002  0.37819999999999998       0.57199999999999995     
   115.00000000000000        1.5013220962151146        0.0000000000000000        0.0000000000000000        1.8000000000000000E-003   4.8000000000000001E-002  0.36799999999999999       0.58220000000000005     
   116.00000000000000        1.5056296250030485        0.0000000000000000        0.0000000000000000        1.8000000000000000E-003   4.8000000000000001E-002  0.36820000000000003       0.58199999999999996     
   117.00000000000000        1.5147381367790131        0.0000000000000000        0.0000000000000000        1.8000000000000000E-003   4.8000000000000001E-002  0.35940000000000000       0.59079999999999999     
   118.00000000000000        1.5282283778250090        0.0000000000000000        0.0000000000000000        1.8000000000000000E-003   4.8000000000000001E-002  0.35899999999999999       0.59119999999999995     
   119.00000000000000        1.5449846743402351        0.0000000000000000        0.0000000000000000        1.8000000000000000E-003   4.8000000000000001E-002  0.36320000000000002       0.58699999999999997     
   120.00000000000000        1.5649862161562633        0.0000000000000000        0.0000000000000000        1.8000000000000000E-003   4.8000000000000001E-002  0.37980000000000003       0.57040000000000002     
   121.00000000000000        1.5861550954826007        0.0000000000000000        0.0000000000000000        1.8000000000000000E-003   4.8000000000000001E-002  0.36480000000000001       0.58540000000000003     
   122.00000000000000        1.6090443526780960        0.0000000000000000        0.0000000000000000        1.8000000000000000E-003   4.8000000000000001E-002  0.38260000000000000       0.56759999999999999     
   123.00000000000000        1.6324365700560970        0.0000000000000000        0.0000000000000000        1.6000000000000001E-003   4.8200000000000000E-002  0.39460000000000001       0.55559999999999998     
   124.00000000000000        1.6554057356227942        0.0000000000000000        0.0000000000000000        1.6000000000000001E-003   4.8200000000000000E-002  0.41920000000000002       0.53100000000000003     
   125.00000000000000        1.6772828443948828        0.0000000000000000        0.0000000000000000        1.6000000000000001E-003   4.8200000000000000E-002  0.43780000000000002       0.51239999999999997     
   126.00000000000000        1.6976841184386404        0.0000000000000000        0.0000000000000000        1.6000000000000001E-003   4.8200000000000000E-002  0.43980000000000002       0.51039999999999996     
   127.00000000000000        1.7156836621376634        0.0000000000000000        0.0000000000000000        1.6000000000000001E-003   4.8200000000000000E-002  0.44700000000000001       0.50319999999999998     
   128.00000000000000        1.7314261622848777        0.0000000000000000        0.0000000000000000        1.6000000000000001E-003   4.8200000000000000E-002  0.40320000000000000       0.54700000000000004     
   129.00000000000000        1.7439402832738535        0.0000000000000000        0.0000000000000000        1.6000000000000001E-003   4.8200000000000000E-002  0.39879999999999999       0.55140000000000000     
   130.00000000000000        1.7532936466298559        0.0000000000000000        0.0000000000000000        1.4000000000000000E-003   4.8399999999999999E-002  0.39779999999999999       0.55240000000000000     
   131.00000000000000        1.7587681245129168        0.0000000000000000        0.0000000000000000        1.4000000000000000E-003   4.8399999999999999E-002  0.35840000000000000       0.59179999999999999     
   132.00000000000000        1.7605366322647020        0.0000000000000000        0.0000000000000000        1.4000000000000000E-003   4.8399999999999999E-002  0.34499999999999997       0.60519999999999996     
   133.00000000000000        1.7587739598494103        0.0000000000000000        0.0000000000000000        1.4000000000000000E-003   4.8399999999999999E-002  0.32660000000000000       0.62360000000000004     
   134.00000000000000        1.7532484231999548        0.0000000000000000        0.0000000000000000        1.4000000000000000E-003   4.8399999999999999E-002  0.33620000000000000       0.61399999999999999     
   135.00000000000000        1.7450919718351037        0.0000000000000000        0.0000000000000000        1.4000000000000000E-003   4.8399999999999999E-002  0.33040000000000003       0.61980000000000002     
   136.00000000000000        1.7331508823816997        0.0000000000000000        0.0000000000000000        1.4000000000000000E-003   4.8399999999999999E-002  0.32100000000000001       0.62919999999999998     
   137.00000000000000        1.7195040337634349        0.0000000000000000        0.0000000000000000        1.4000000000000000E-003   4.8399999999999999E-002  0.31680000000000003       0.63339999999999996     
   138.00000000000000        1.7040097799976641        0.0000000000000000        0.0000000000000000        1.4000000000000000E-003   4.8399999999999999E-002  0.30880000000000002       0.64139999999999997     
   139.00000000000000        1.6873409653252485        0.0000000000000000        0.0000000000000000        1.4000000000000000E-003   4.8399999999999999E-002  0.30940000000000001       0.64080000000000004     
   140.00000000000000        1.6703138530512653        0.0000000000000000        0.0000000000000000        1.4000000000000000E-003   4.8399999999999999E-002  0.31059999999999999       0.63959999999999995     
   141.00000000000000        1.6535330638802248        0.0000000000000000        0.0000000000000000        1.4000000000000000E-003   4.8399999999999999E-002  0.31019999999999998       0.64000000000000001     
   142.00000000000000        1.6375519127224676        0.0000000000000000        0.0000000000000000        1.4000000000000000E-003   4.8399999999999999E-002  0.31040000000000001       0.63980000000000004     
   143.00000000000000        1.6232273185548480        0.0000000000000000        0.0000000000000000        1.4000000000000000E-003   4.8399999999999999E-002  0.30940000000000001       0.64080000000000004     
   144.00000000000000        1.6111357308850205        0.0000000000000000        0.0000000000000000        1.4000000000000000E-003   4.8399999999999999E-002  0.30540000000000000       0.64480000000000004     
   145.00000000000000        1.6010486785261937        0.0000000000000000        0.0000000000000000        1.4000000000000000E-003   4.8399999999999999E-002  0.31059999999999999       0.63959999999999995     
   146.00000000000000        1.5934928401318469        0.0000000000000000        0.0000000000000000        1.4000000000000000E-003   4.8399999999999999E-002  0.31040000000000001       0.63980000000000004     
   147.00000000000000        1.5888982429554679        0.0000000000000000        0.0000000000000000        1.4000000000000000E-003   4.8399999999999999E-002  0.30840000000000001       0.64180000000000004     
   148.00000000000000        1.5866857079173475        0.0000000000000000        0.0000000000000000        1.4000000000000000E-003   4.8399999999999999E-002  0.30880000000000002       0.64139999999999997     
   149.00000000000000        1.5867431903528850        0.0000000000000000        0.0000000000000000        1.4000000000000000E-003   4.8399999999999999E-002  0.30919999999999997       0.64100000000000001     
   150.00000000000000        1.5896780168289455        0.0000000000000000        0.0000000000000000        1.4000000000000000E-003   4.8399999999999999E-002  0.29680000000000001       0.65339999999999998     
   151.00000000000000        1.5922372667903908        0.0000000000000000        0.0000000000000000        1.4000000000000000E-003   4.8399999999999999E-002  0.27700000000000002       0.67320000000000002     
   152.00000000000000        1.5970397183337428        0.0000000000000000        0.0000000000000000        1.4000000000000000E-003   4.8399999999999999E-002  0.27260000000000001       0.67759999999999998     
   153.00000000000000        1.6016281911384380        0.0000000000000000        0.0000000000000000        1.4000000000000000E-003   4.8399999999999999E-002  0.28160000000000002       0.66859999999999997     
   154.00000000000000        1.6066890281565240        0.0000000000000000        0.0000000000000000        1.4000000000000000E-003   4.8399999999999999E-002  0.27020000000000000       0.68000000000000005     
   155.00000000000000        1.6109314014650589        0.0000000000000000        0.0000000000000000        1.4000000000000000E-003   4.8399999999999999E-002  0.30380000000000001       0.64639999999999997     
   156.00000000000000        1.6143242005729312        0.0000000000000000        0.0000000000000000        1.4000000000000000E-003   4.8399999999999999E-002  0.33079999999999998       0.61939999999999995     
   157.00000000000000        1.6151397862403858        0.0000000000000000        0.0000000000000000        1.4000000000000000E-003   4.8399999999999999E-002  0.32060000000000000       0.62960000000000005     
   158.00000000000000        1.6171835783307529        0.0000000000000000        0.0000000000000000        1.1999999999999999E-003   4.8599999999999997E-002  0.32579999999999998       0.62439999999999996     
   159.00000000000000        1.6144925206539755        0.0000000000000000        0.0000000000000000        1.1999999999999999E-003   4.8599999999999997E-002  0.32160000000000000       0.62860000000000005     
   160.00000000000000        1.6103261490007714        0.0000000000000000        0.0000000000000000        1.1999999999999999E-003   4.8599999999999997E-002  0.32840000000000003       0.62180000000000002     
   161.00000000000000        1.6027434951183186        0.0000000000000000        0.0000000000000000        1.1999999999999999E-003   4.8599999999999997E-002  0.33400000000000002       0.61619999999999997     
   162.00000000000000        1.5947290518978141        0.0000000000000000        0.0000000000000000        1.1999999999999999E-003   4.8599999999999997E-002  0.32940000000000003       0.62080000000000002     
   163.00000000000000        1.5850202646488949        0.0000000000000000        0.0000000000000000        1.1999999999999999E-003   4.8599999999999997E-002  0.31319999999999998       0.63700000000000001     
   164.00000000000000        1.5736689208186521        0.0000000000000000        0.0000000000000000        1.1999999999999999E-003   4.8599999999999997E-002  0.33160000000000001       0.61860000000000004     
   165.00000000000000        1.5613737629279705        0.0000000000000000        0.0000000000000000        1.1999999999999999E-003   4.8599999999999997E-002  0.31419999999999998       0.63600000000000001     
   166.00000000000000        1.5481925315031109        0.0000000000000000        0.0000000000000000        1.1999999999999999E-003   4.8599999999999997E-002  0.33179999999999998       0.61839999999999995     
   167.00000000000000        1.5347438304942447        0.0000000000000000        0.0000000000000000        1.1999999999999999E-003   4.8599999999999997E-002  0.34200000000000003       0.60819999999999996     
   168.00000000000000        1.5200426415757016        0.0000000000000000        0.0000000000000000        1.1999999999999999E-003   2.3000000000000000E-002  0.59040000000000004       0.38540000000000002     
   169.00000000000000        1.5141061992393827        0.0000000000000000        0.0000000000000000        1.1999999999999999E-003   1.8200000000000001E-002  0.59519999999999995       0.38540000000000002     
   170.00000000000000        1.5111937420810349        0.0000000000000000        0.0000000000000000        1.1999999999999999E-003   1.7800000000000000E-002  0.59560000000000002       0.38540000000000002     
   171.00000000000000        1.5096389896341469        0.0000000000000000        0.0000000000000000        1.1999999999999999E-003   2.0199999999999999E-002  0.59319999999999995       0.38540000000000002     
   172.00000000000000        1.5096227341138770        0.0000000000000000        0.0000000000000000        1.1999999999999999E-003   1.5400000000000000E-002  0.59799999999999998       0.38540000000000002     
   173.00000000000000        1.5115677893027115        0.0000000000000000        0.0000000000000000        1.1999999999999999E-003   1.6600000000000000E-002  0.59680000000000000       0.38540000000000002     
   174.00000000000000        1.5148777346372628        0.0000000000000000        0.0000000000000000        1.1999999999999999E-003   1.8400000000000000E-002  0.59499999999999997       0.38540000000000002     
   175.00000000000000        1.5207165773677087        0.0000000000000000        0.0000000000000000        1.1999999999999999E-003   1.7200000000000000E-002  0.59619999999999995       0.38540000000000002     
   176.00000000000000        1.5286535988576693        0.0000000000000000        0.0000000000000000        1.0000000000000000E-003   1.7800000000000000E-002  0.59560000000000002       0.38560000000000000     
   177.00000000000000        1.5382717698988064        0.0000000000000000        0.0000000000000000        1.0000000000000000E-003   1.7800000000000000E-002  0.59560000000000002       0.38560000000000000     
   178.00000000000000        1.5501733785684775        0.0000000000000000        0.0000000000000000        1.0000000000000000E-003   1.9599999999999999E-002  0.59379999999999999       0.38560000000000000     
   179.00000000000000        1.5653060326250272        0.0000000000000000        0.0000000000000000        1.0000000000000000E-003   4.0599999999999997E-002  0.43459999999999999       0.52380000000000004     
   180.00000000000000        1.5820428509602305        0.0000000000000000        0.0000000000000000        1.0000000000000000E-003   4.0599999999999997E-002  0.44200000000000000       0.51639999999999997     
   181.00000000000000        1.6125230338516574        0.0000000000000000        0.0000000000000000        1.0000000000000000E-003   4.0599999999999997E-002  0.43380000000000002       0.52459999999999996     
   182.00000000000000        1.6453455927040690        0.0000000000000000        0.0000000000000000        1.0000000000000000E-003   4.0599999999999997E-002  0.42199999999999999       0.53639999999999999     
   183.00000000000000        1.6791096342826703        0.0000000000000000        0.0000000000000000        1.0000000000000000E-003   4.0599999999999997E-002  0.41880000000000001       0.53959999999999997     
   184.00000000000000        1.7140073030673371        0.0000000000000000        0.0000000000000000        1.0000000000000000E-003   4.0599999999999997E-002  0.41339999999999999       0.54500000000000004     
   185.00000000000000        1.7482705994323458        0.0000000000000000        0.0000000000000000        1.0000000000000000E-003   4.0599999999999997E-002  0.41339999999999999       0.54500000000000004     
   186.00000000000000        1.7812124640707467        0.0000000000000000        0.0000000000000000        1.0000000000000000E-003   4.0599999999999997E-002  0.41920000000000002       0.53920000000000001     
   187.00000000000000        1.8119433778533978        0.0000000000000000        0.0000000000000000        1.0000000000000000E-003   4.0599999999999997E-002  0.41760000000000003       0.54079999999999995     
   188.00000000000000        1.8397063086213685        0.0000000000000000        0.0000000000000000        1.0000000000000000E-003   4.0599999999999997E-002  0.42899999999999999       0.52939999999999998     
   189.00000000000000        1.8644670808478994        0.0000000000000000        0.0000000000000000        1.0000000000000000E-003   4.0599999999999997E-002  0.43099999999999999       0.52739999999999998     
