#        BMIN =   406
#        BMAX =   411
#     INIBAND =   411
#      NBANDS =   540
#         NSW =  2000
#       POTIM =   1.0
#        TEMP = 300.0
#    NAMDTINI =   162
#    NAMDTIME =  1000
#       NTRAJ =  5000
#        NELM =  1000
#       LHOLE =     T
#        LSHP =     T
#      LCPTXT =     T
#      RUNDIR = ../../run/
   1.0000000000000000        1.4563201290142351        0.0000000000000000        0.0000000000000000        0.0000000000000000        0.0000000000000000        0.0000000000000000        1.0000000000000000     
   2.0000000000000000        1.4573803265375516        0.0000000000000000        0.0000000000000000        0.0000000000000000        0.0000000000000000        2.2000000000000001E-003  0.99780000000000002     
   3.0000000000000000        1.4626262676442652        0.0000000000000000        0.0000000000000000        0.0000000000000000        0.0000000000000000        0.0000000000000000        1.0000000000000000     
   4.0000000000000000        1.4731003781059520        0.0000000000000000        0.0000000000000000        0.0000000000000000        0.0000000000000000        0.0000000000000000        1.0000000000000000     
   5.0000000000000000        1.4864446265710511        0.0000000000000000        0.0000000000000000        0.0000000000000000        0.0000000000000000        2.0000000000000001E-004  0.99980000000000002     
   6.0000000000000000        1.5029661655377882        0.0000000000000000        0.0000000000000000        0.0000000000000000        0.0000000000000000        0.0000000000000000        1.0000000000000000     
   7.0000000000000000        1.5200905056871759        0.0000000000000000        0.0000000000000000        0.0000000000000000        0.0000000000000000        4.0000000000000002E-004  0.99960000000000004     
   8.0000000000000000        1.5415301249575621        0.0000000000000000        0.0000000000000000        0.0000000000000000        0.0000000000000000        1.1999999999999999E-003  0.99880000000000002     
   9.0000000000000000        1.5619897475225102        0.0000000000000000        0.0000000000000000        0.0000000000000000        0.0000000000000000        0.0000000000000000        1.0000000000000000     
   10.000000000000000        1.5831218627895960        0.0000000000000000        0.0000000000000000        0.0000000000000000        0.0000000000000000        2.0000000000000001E-004  0.99980000000000002     
   11.000000000000000        1.6032777785492431        0.0000000000000000        0.0000000000000000        0.0000000000000000        0.0000000000000000        0.0000000000000000        1.0000000000000000     
   12.000000000000000        1.6219748662425877        0.0000000000000000        0.0000000000000000        0.0000000000000000        0.0000000000000000        0.0000000000000000        1.0000000000000000     
   13.000000000000000        1.6390278647203320        0.0000000000000000        0.0000000000000000        0.0000000000000000        0.0000000000000000        2.0000000000000001E-004  0.99980000000000002     
   14.000000000000000        1.6538047535496037        0.0000000000000000        0.0000000000000000        0.0000000000000000        0.0000000000000000        0.0000000000000000        1.0000000000000000     
   15.000000000000000        1.6655717860102481        0.0000000000000000        0.0000000000000000        0.0000000000000000        0.0000000000000000        2.0000000000000001E-004  0.99980000000000002     
   16.000000000000000        1.6748240744289429        0.0000000000000000        0.0000000000000000        0.0000000000000000        0.0000000000000000        1.0000000000000000E-003  0.99900000000000000     
   17.000000000000000        1.6812050478072660        0.0000000000000000        0.0000000000000000        0.0000000000000000        0.0000000000000000        0.0000000000000000        1.0000000000000000     
   18.000000000000000        1.6844507923164804        0.0000000000000000        0.0000000000000000        0.0000000000000000        0.0000000000000000        2.0000000000000001E-004  0.99980000000000002     
   19.000000000000000        1.6848665546039623        0.0000000000000000        0.0000000000000000        0.0000000000000000        0.0000000000000000        5.9999999999999995E-004  0.99939999999999996     
   20.000000000000000        1.6828325392198740        0.0000000000000000        0.0000000000000000        0.0000000000000000        0.0000000000000000        4.0000000000000002E-004  0.99960000000000004     
   21.000000000000000        1.6790064625838026        0.0000000000000000        0.0000000000000000        0.0000000000000000        0.0000000000000000        2.0000000000000001E-004  0.99980000000000002     
   22.000000000000000        1.6729058152526439        0.0000000000000000        0.0000000000000000        0.0000000000000000        0.0000000000000000        2.0000000000000001E-004  0.99980000000000002     
   23.000000000000000        1.6659605268562325        0.0000000000000000        0.0000000000000000        0.0000000000000000        0.0000000000000000        1.6000000000000001E-003  0.99839999999999995     
   24.000000000000000        1.6583754210480091        0.0000000000000000        0.0000000000000000        0.0000000000000000        0.0000000000000000        1.6000000000000001E-003  0.99839999999999995     
   25.000000000000000        1.6510160795854651        0.0000000000000000        0.0000000000000000        0.0000000000000000        0.0000000000000000        2.2000000000000001E-003  0.99780000000000002     
   26.000000000000000        1.6444701422021577        0.0000000000000000        0.0000000000000000        0.0000000000000000        0.0000000000000000        2.2000000000000001E-003  0.99780000000000002     
   27.000000000000000        1.6392867078160525        0.0000000000000000        0.0000000000000000        0.0000000000000000        0.0000000000000000        4.0000000000000002E-004  0.99960000000000004     
   28.000000000000000        1.6357073583031900        0.0000000000000000        0.0000000000000000        0.0000000000000000        0.0000000000000000        0.0000000000000000        1.0000000000000000     
   29.000000000000000        1.6352777115296844        0.0000000000000000        0.0000000000000000        0.0000000000000000        0.0000000000000000        4.0000000000000002E-004  0.99960000000000004     
   30.000000000000000        1.6359634986236449        0.0000000000000000        0.0000000000000000        0.0000000000000000        0.0000000000000000        8.0000000000000004E-004  0.99919999999999998     
   31.000000000000000        1.6406653656116952        0.0000000000000000        0.0000000000000000        0.0000000000000000        0.0000000000000000        1.4200000000000001E-002  0.98580000000000001     
   32.000000000000000        1.6474631152719628        0.0000000000000000        0.0000000000000000        0.0000000000000000        0.0000000000000000        3.6200000000000003E-002  0.96379999999999999     
   33.000000000000000        1.6574562192728466        0.0000000000000000        0.0000000000000000        0.0000000000000000        0.0000000000000000        7.0400000000000004E-002  0.92959999999999998     
   34.000000000000000        1.6700710860497825        0.0000000000000000        0.0000000000000000        0.0000000000000000        0.0000000000000000        8.6999999999999994E-002  0.91300000000000003     
   35.000000000000000        1.6845478787002324        0.0000000000000000        0.0000000000000000        0.0000000000000000        0.0000000000000000        2.5800000000000000E-002  0.97419999999999995     
   36.000000000000000        1.7011748100009096        0.0000000000000000        0.0000000000000000        0.0000000000000000        0.0000000000000000        2.2599999999999999E-002  0.97740000000000005     
   37.000000000000000        1.7183794892179460        0.0000000000000000        0.0000000000000000        0.0000000000000000        0.0000000000000000        2.3599999999999999E-002  0.97640000000000005     
   38.000000000000000        1.7362341123923868        0.0000000000000000        0.0000000000000000        0.0000000000000000        0.0000000000000000        1.7999999999999999E-002  0.98199999999999998     
   39.000000000000000        1.7534157561534167        0.0000000000000000        0.0000000000000000        0.0000000000000000        0.0000000000000000        1.7999999999999999E-002  0.98199999999999998     
   40.000000000000000        1.7696234071551804        0.0000000000000000        0.0000000000000000        0.0000000000000000        0.0000000000000000        1.7999999999999999E-002  0.98199999999999998     
   41.000000000000000        1.7842355777062093        0.0000000000000000        0.0000000000000000        0.0000000000000000        0.0000000000000000        1.7999999999999999E-002  0.98199999999999998     
   42.000000000000000        1.7967535791314451        0.0000000000000000        0.0000000000000000        0.0000000000000000        0.0000000000000000        1.7999999999999999E-002  0.98199999999999998     
   43.000000000000000        1.8064449091102146        0.0000000000000000        0.0000000000000000        0.0000000000000000        0.0000000000000000        1.7999999999999999E-002  0.98199999999999998     
   44.000000000000000        1.8125618233501934        0.0000000000000000        0.0000000000000000        0.0000000000000000        0.0000000000000000        1.7999999999999999E-002  0.98199999999999998     
   45.000000000000000        1.8150205358627924        0.0000000000000000        0.0000000000000000        0.0000000000000000        0.0000000000000000        1.7600000000000001E-002  0.98240000000000005     
   46.000000000000000        1.8132703643878416        0.0000000000000000        0.0000000000000000        0.0000000000000000        0.0000000000000000        1.7200000000000000E-002  0.98280000000000001     
   47.000000000000000        1.8079188850569541        0.0000000000000000        0.0000000000000000        0.0000000000000000        0.0000000000000000        1.7200000000000000E-002  0.98280000000000001     
   48.000000000000000        1.7984838923219337        0.0000000000000000        0.0000000000000000        0.0000000000000000        0.0000000000000000        1.7200000000000000E-002  0.98280000000000001     
   49.000000000000000        1.7856443181029857        0.0000000000000000        0.0000000000000000        0.0000000000000000        0.0000000000000000        1.7399999999999999E-002  0.98260000000000003     
   50.000000000000000        1.7697201425245217        0.0000000000000000        0.0000000000000000        0.0000000000000000        0.0000000000000000        1.7399999999999999E-002  0.98260000000000003     
   51.000000000000000        1.7508109559947160        0.0000000000000000        0.0000000000000000        0.0000000000000000        0.0000000000000000        1.6799999999999999E-002  0.98319999999999996     
   52.000000000000000        1.7277589068443047        0.0000000000000000        0.0000000000000000        0.0000000000000000        0.0000000000000000        1.7399999999999999E-002  0.98260000000000003     
   53.000000000000000        1.7033887062083291        0.0000000000000000        0.0000000000000000        0.0000000000000000        0.0000000000000000        1.7399999999999999E-002  0.98260000000000003     
   54.000000000000000        1.6774655299515886        0.0000000000000000        0.0000000000000000        0.0000000000000000        0.0000000000000000        1.7399999999999999E-002  0.98260000000000003     
   55.000000000000000        1.6509641924146543        0.0000000000000000        0.0000000000000000        0.0000000000000000        0.0000000000000000        1.7399999999999999E-002  0.98260000000000003     
   56.000000000000000        1.6243696538731904        0.0000000000000000        0.0000000000000000        0.0000000000000000        0.0000000000000000        1.7399999999999999E-002  0.98260000000000003     
   57.000000000000000        1.5989040768768472        0.0000000000000000        0.0000000000000000        0.0000000000000000        0.0000000000000000        1.7399999999999999E-002  0.98260000000000003     
   58.000000000000000        1.5752199466566370        0.0000000000000000        0.0000000000000000        0.0000000000000000        0.0000000000000000        1.7000000000000001E-002  0.98299999999999998     
   59.000000000000000        1.5541025393195709        0.0000000000000000        0.0000000000000000        0.0000000000000000        0.0000000000000000        1.7000000000000001E-002  0.98299999999999998     
   60.000000000000000        1.5363953439722415        0.0000000000000000        0.0000000000000000        0.0000000000000000        0.0000000000000000        1.6799999999999999E-002  0.98319999999999996     
   61.000000000000000        1.5226896352051735        0.0000000000000000        0.0000000000000000        0.0000000000000000        0.0000000000000000        1.7000000000000001E-002  0.98299999999999998     
   62.000000000000000        1.5140191555301337        0.0000000000000000        0.0000000000000000        0.0000000000000000        0.0000000000000000        1.7000000000000001E-002  0.98299999999999998     
   63.000000000000000        1.5101329854478989        0.0000000000000000        0.0000000000000000        0.0000000000000000        0.0000000000000000        1.6400000000000001E-002  0.98360000000000003     
   64.000000000000000        1.5117414418902204        0.0000000000000000        0.0000000000000000        0.0000000000000000        0.0000000000000000        1.6400000000000001E-002  0.98360000000000003     
   65.000000000000000        1.5186515195845638        0.0000000000000000        0.0000000000000000        0.0000000000000000        0.0000000000000000        1.6799999999999999E-002  0.98319999999999996     
   66.000000000000000        1.5311712530667394        0.0000000000000000        0.0000000000000000        0.0000000000000000        0.0000000000000000        2.0600000000000000E-002  0.97940000000000005     
   67.000000000000000        1.5487385980083150        0.0000000000000000        0.0000000000000000        0.0000000000000000        0.0000000000000000        2.2800000000000001E-002  0.97719999999999996     
   68.000000000000000        1.5710765369837896        0.0000000000000000        0.0000000000000000        0.0000000000000000        0.0000000000000000        2.1000000000000001E-002  0.97899999999999998     
   69.000000000000000        1.5975665442342291        0.0000000000000000        0.0000000000000000        0.0000000000000000        0.0000000000000000        2.1000000000000001E-002  0.97899999999999998     
   70.000000000000000        1.6276189681873958        0.0000000000000000        0.0000000000000000        0.0000000000000000        0.0000000000000000        1.7600000000000001E-002  0.98240000000000005     
   71.000000000000000        1.6598995427841710        0.0000000000000000        0.0000000000000000        0.0000000000000000        0.0000000000000000        2.0000000000000000E-002  0.97999999999999998     
   72.000000000000000        1.6938808304527766        0.0000000000000000        0.0000000000000000        0.0000000000000000        0.0000000000000000        2.3000000000000000E-002  0.97699999999999998     
   73.000000000000000        1.7280828169703089        0.0000000000000000        0.0000000000000000        0.0000000000000000        0.0000000000000000        2.0600000000000000E-002  0.97940000000000005     
   74.000000000000000        1.7624094297935440        0.0000000000000000        0.0000000000000000        0.0000000000000000        0.0000000000000000        2.7400000000000001E-002  0.97260000000000002     
   75.000000000000000        1.7957322466550090        0.0000000000000000        0.0000000000000000        0.0000000000000000        0.0000000000000000        2.8600000000000000E-002  0.97140000000000004     
   76.000000000000000        1.8266721871206355        0.0000000000000000        0.0000000000000000        0.0000000000000000        0.0000000000000000        1.2600000000000000E-002  0.98740000000000006     
   77.000000000000000        1.8535996411956799        0.0000000000000000        0.0000000000000000        0.0000000000000000        0.0000000000000000        1.3599999999999999E-002  0.98640000000000005     
   78.000000000000000        1.8815850039163569        0.0000000000000000        0.0000000000000000        0.0000000000000000        0.0000000000000000        1.6199999999999999E-002  0.98380000000000001     
   79.000000000000000        1.8976961060608801        0.0000000000000000        0.0000000000000000        0.0000000000000000        0.0000000000000000        3.4599999999999999E-002  0.96540000000000004     
   80.000000000000000        1.9115543610850492        0.0000000000000000        0.0000000000000000        0.0000000000000000        0.0000000000000000        5.2800000000000000E-002  0.94720000000000004     
   81.000000000000000        1.9209477004272129        0.0000000000000000        0.0000000000000000        0.0000000000000000        0.0000000000000000        5.1999999999999998E-002  0.94799999999999995     
   82.000000000000000        1.9242862066430748        0.0000000000000000        0.0000000000000000        0.0000000000000000        0.0000000000000000        5.1999999999999998E-002  0.94799999999999995     
   83.000000000000000        1.9215254801101260        0.0000000000000000        0.0000000000000000        0.0000000000000000        0.0000000000000000        4.0399999999999998E-002  0.95960000000000001     
   84.000000000000000        1.9138155651483326        0.0000000000000000        0.0000000000000000        0.0000000000000000        0.0000000000000000        3.7199999999999997E-002  0.96279999999999999     
   85.000000000000000        1.9036402091304621        0.0000000000000000        0.0000000000000000        0.0000000000000000        0.0000000000000000        2.8600000000000000E-002  0.97140000000000004     
   86.000000000000000        1.8844861676883364        0.0000000000000000        0.0000000000000000        0.0000000000000000        0.0000000000000000        2.8199999999999999E-002  0.97180000000000000     
   87.000000000000000        1.8588285088107621        0.0000000000000000        0.0000000000000000        0.0000000000000000        0.0000000000000000        3.2199999999999999E-002  0.96779999999999999     
   88.000000000000000        1.8330166531214864        0.0000000000000000        0.0000000000000000        0.0000000000000000        0.0000000000000000        2.7400000000000001E-002  0.97260000000000002     
   89.000000000000000        1.8001661669238089        0.0000000000000000        0.0000000000000000        0.0000000000000000        0.0000000000000000        2.5800000000000000E-002  0.97419999999999995     
   90.000000000000000        1.7651752025281724        0.0000000000000000        0.0000000000000000        0.0000000000000000        0.0000000000000000        3.2199999999999999E-002  0.96779999999999999     
   91.000000000000000        1.7297928848855251        0.0000000000000000        0.0000000000000000        0.0000000000000000        0.0000000000000000        2.3199999999999998E-002  0.97680000000000000     
   92.000000000000000        1.6937213829701567        0.0000000000000000        0.0000000000000000        0.0000000000000000        0.0000000000000000        2.3400000000000001E-002  0.97660000000000002     
   93.000000000000000        1.6574952964102727        0.0000000000000000        0.0000000000000000        0.0000000000000000        0.0000000000000000        3.0599999999999999E-002  0.96940000000000004     
   94.000000000000000        1.6230494002694882        0.0000000000000000        0.0000000000000000        0.0000000000000000        0.0000000000000000        3.0599999999999999E-002  0.96940000000000004     
   95.000000000000000        1.5900015281218294        0.0000000000000000        0.0000000000000000        0.0000000000000000        0.0000000000000000        3.9000000000000000E-002  0.96099999999999997     
   96.000000000000000        1.5601604234655468        0.0000000000000000        0.0000000000000000        0.0000000000000000        0.0000000000000000        4.2400000000000000E-002  0.95760000000000001     
   97.000000000000000        1.5347511282481312        0.0000000000000000        0.0000000000000000        0.0000000000000000        0.0000000000000000        3.9399999999999998E-002  0.96060000000000001     
   98.000000000000000        1.5122378389296349        0.0000000000000000        0.0000000000000000        0.0000000000000000        0.0000000000000000        3.6999999999999998E-002  0.96299999999999997     
   99.000000000000000        1.4971259794833576        0.0000000000000000        0.0000000000000000        0.0000000000000000        0.0000000000000000        4.5400000000000003E-002  0.95460000000000000     
   100.00000000000000        1.5019920317218358        0.0000000000000000        0.0000000000000000        0.0000000000000000        0.0000000000000000        4.5400000000000003E-002  0.95460000000000000     
   101.00000000000000        1.5069937299426732        0.0000000000000000        0.0000000000000000        0.0000000000000000        6.4000000000000003E-003   3.6600000000000001E-002  0.95699999999999996     
   102.00000000000000        1.4835077308765947        0.0000000000000000        0.0000000000000000        0.0000000000000000        5.7999999999999996E-003  0.56020000000000003       0.43400000000000000     
   103.00000000000000        1.4893342528079490        0.0000000000000000        0.0000000000000000        0.0000000000000000        5.7999999999999996E-003  0.56020000000000003       0.43400000000000000     
   104.00000000000000        1.4964906253632568        0.0000000000000000        0.0000000000000000        0.0000000000000000        9.5999999999999992E-003  0.55640000000000001       0.43400000000000000     
   105.00000000000000        1.5075085326348121        0.0000000000000000        0.0000000000000000        0.0000000000000000        3.7600000000000001E-002  0.52839999999999998       0.43400000000000000     
   106.00000000000000        1.5219786696013213        0.0000000000000000        0.0000000000000000        0.0000000000000000       0.13200000000000001        9.4600000000000004E-002  0.77339999999999998     
   107.00000000000000        1.6033647312019301        0.0000000000000000        0.0000000000000000        0.0000000000000000       0.13200000000000001       0.22480000000000000       0.64319999999999999     
   108.00000000000000        1.5721519487068294        0.0000000000000000        0.0000000000000000        3.3999999999999998E-003  0.45240000000000002        4.3999999999999997E-002  0.50019999999999998     
   109.00000000000000        1.5480147328639382        0.0000000000000000        0.0000000000000000        3.5999999999999999E-003  0.45219999999999999        4.3600000000000000E-002  0.50060000000000004     
   110.00000000000000        1.5570228988217099        0.0000000000000000        0.0000000000000000        3.8000000000000000E-003  0.45200000000000001        4.3799999999999999E-002  0.50039999999999996     
   111.00000000000000        1.5636604212850718        0.0000000000000000        0.0000000000000000        4.1999999999999997E-003  0.45160000000000000        4.4200000000000003E-002  0.50000000000000000     
   112.00000000000000        1.5679840703821073        0.0000000000000000        0.0000000000000000        4.1999999999999997E-003  0.45160000000000000        4.4999999999999998E-002  0.49919999999999998     
   113.00000000000000        1.5693871935390664        0.0000000000000000        0.0000000000000000        4.1999999999999997E-003  0.45160000000000000        4.4600000000000001E-002  0.49959999999999999     
   114.00000000000000        1.5679758089015277        0.0000000000000000        0.0000000000000000        4.1999999999999997E-003  0.45160000000000000        4.3799999999999999E-002  0.50039999999999996     
   115.00000000000000        1.5632154959114817        0.0000000000000000        0.0000000000000000        3.8000000000000000E-003  0.45200000000000001        4.3799999999999999E-002  0.50039999999999996     
   116.00000000000000        1.5554599396995568        0.0000000000000000        0.0000000000000000        3.8000000000000000E-003  0.45200000000000001        4.3799999999999999E-002  0.50039999999999996     
   117.00000000000000        1.5453953218248873        0.0000000000000000        0.0000000000000000        3.8000000000000000E-003  0.45200000000000001        4.2799999999999998E-002  0.50139999999999996     
   118.00000000000000        1.5327666241236133        0.0000000000000000        0.0000000000000000        3.5999999999999999E-003  0.45219999999999999        4.1000000000000002E-002  0.50319999999999998     
   119.00000000000000        1.5185478828296759        0.0000000000000000        0.0000000000000000        3.5999999999999999E-003  0.45219999999999999        5.3999999999999999E-002  0.49020000000000002     
   120.00000000000000        1.5031510355353896        0.0000000000000000        0.0000000000000000        3.5999999999999999E-003  0.45219999999999999        4.8000000000000001E-002  0.49619999999999997     
   121.00000000000000        1.4873498775131626        0.0000000000000000        0.0000000000000000        3.3999999999999998E-003  0.45240000000000002        4.9799999999999997E-002  0.49440000000000001     
   122.00000000000000        1.4713653738970960        0.0000000000000000        0.0000000000000000        3.3999999999999998E-003  0.45240000000000002        4.8599999999999997E-002  0.49559999999999998     
   123.00000000000000        1.4560000934536670        0.0000000000000000        0.0000000000000000        3.3999999999999998E-003  0.45240000000000002        5.9999999999999998E-002  0.48420000000000002     
   124.00000000000000        1.4416875118286152        0.0000000000000000        0.0000000000000000        3.3999999999999998E-003  0.45240000000000002        6.0600000000000001E-002  0.48359999999999997     
   125.00000000000000        1.4287386609388848        0.0000000000000000        0.0000000000000000        3.3999999999999998E-003  0.45240000000000002        6.0600000000000001E-002  0.48359999999999997     
   126.00000000000000        1.4178125698944499        0.0000000000000000        2.0000000000000001E-004   3.2000000000000002E-003  0.45240000000000002        5.9200000000000003E-002  0.48499999999999999     
   127.00000000000000        1.4090962188726612        0.0000000000000000        2.0000000000000001E-004   3.2000000000000002E-003  0.45240000000000002        5.8599999999999999E-002  0.48559999999999998     
   128.00000000000000        1.4030108173232700        0.0000000000000000        0.0000000000000000        3.3999999999999998E-003  0.45240000000000002        5.7799999999999997E-002  0.48640000000000000     
   129.00000000000000        1.3997014751165027        0.0000000000000000        0.0000000000000000        3.3999999999999998E-003  0.45240000000000002        5.7599999999999998E-002  0.48659999999999998     
   130.00000000000000        1.3993686546234092        0.0000000000000000        0.0000000000000000        3.3999999999999998E-003  0.45240000000000002        5.7599999999999998E-002  0.48659999999999998     
   131.00000000000000        1.4019468169844491        0.0000000000000000        0.0000000000000000        3.3999999999999998E-003  0.45240000000000002        5.7599999999999998E-002  0.48659999999999998     
   132.00000000000000        1.4074603284000324        0.0000000000000000        0.0000000000000000        3.3999999999999998E-003  0.45240000000000002        5.7599999999999998E-002  0.48659999999999998     
   133.00000000000000        1.4156467049813248        0.0000000000000000        0.0000000000000000        3.3999999999999998E-003  0.45240000000000002        5.7599999999999998E-002  0.48659999999999998     
   134.00000000000000        1.4259600688459675        0.0000000000000000        0.0000000000000000        3.3999999999999998E-003  0.45240000000000002        5.7599999999999998E-002  0.48659999999999998     
   135.00000000000000        1.4381583700057825        0.0000000000000000        0.0000000000000000        3.3999999999999998E-003  0.45240000000000002        5.7599999999999998E-002  0.48659999999999998     
   136.00000000000000        1.4519206326362699        0.0000000000000000        0.0000000000000000        3.2000000000000002E-003  0.45260000000000000        5.7599999999999998E-002  0.48659999999999998     
   137.00000000000000        1.4660924988599937        0.0000000000000000        0.0000000000000000        3.2000000000000002E-003  0.45260000000000000        5.7599999999999998E-002  0.48659999999999998     
   138.00000000000000        1.4790054842540328        0.0000000000000000        2.0000000000000001E-004   3.0000000000000001E-003  0.45260000000000000        5.7799999999999997E-002  0.48640000000000000     
   139.00000000000000        1.4938710535627400        0.0000000000000000        2.0000000000000001E-004   3.0000000000000001E-003  0.45260000000000000        5.8200000000000002E-002  0.48599999999999999     
   140.00000000000000        1.5060462146834790        0.0000000000000000        2.0000000000000001E-004   2.5999999999999999E-003  0.45300000000000001        5.8000000000000003E-002  0.48620000000000002     
   141.00000000000000        1.5166354495406704        0.0000000000000000        2.0000000000000001E-004   2.5999999999999999E-003  0.45300000000000001        5.8000000000000003E-002  0.48620000000000002     
   142.00000000000000        1.5247690984084841        0.0000000000000000        2.0000000000000001E-004   2.5999999999999999E-003  0.45300000000000001        5.8400000000000001E-002  0.48580000000000001     
   143.00000000000000        1.5316215629771706        0.0000000000000000        2.0000000000000001E-004   2.5999999999999999E-003  0.45300000000000001        5.8400000000000001E-002  0.48580000000000001     
   144.00000000000000        1.5344954581294550        0.0000000000000000        2.0000000000000001E-004   2.5999999999999999E-003  0.45300000000000001        5.8200000000000002E-002  0.48599999999999999     
   145.00000000000000        1.5359849957433531        0.0000000000000000        2.0000000000000001E-004   2.5999999999999999E-003  0.45300000000000001        5.8000000000000003E-002  0.48620000000000002     
   146.00000000000000        1.5353014617341230        0.0000000000000000        2.0000000000000001E-004   2.5999999999999999E-003  0.45300000000000001        5.8799999999999998E-002  0.48540000000000000     
   147.00000000000000        1.5325191098003983        0.0000000000000000        2.0000000000000001E-004   2.5999999999999999E-003  0.45300000000000001        5.8799999999999998E-002  0.48540000000000000     
   148.00000000000000        1.5280235397902016        0.0000000000000000        2.0000000000000001E-004   2.5999999999999999E-003  0.45300000000000001        5.8999999999999997E-002  0.48520000000000002     
   149.00000000000000        1.5219900327507068        0.0000000000000000        2.0000000000000001E-004   2.3999999999999998E-003  0.45319999999999999        5.8999999999999997E-002  0.48520000000000002     
   150.00000000000000        1.5144403888379470        0.0000000000000000        2.0000000000000001E-004   2.3999999999999998E-003  0.45319999999999999        5.8999999999999997E-002  0.48520000000000002     
   151.00000000000000        1.5060174534771358        0.0000000000000000        2.0000000000000001E-004   2.3999999999999998E-003  0.45319999999999999        5.9200000000000003E-002  0.48499999999999999     
   152.00000000000000        1.4966208685241338        0.0000000000000000        2.0000000000000001E-004   2.3999999999999998E-003  0.45319999999999999        6.1800000000000001E-002  0.48240000000000000     
   153.00000000000000        1.4875170781777549        0.0000000000000000        2.0000000000000001E-004   1.8000000000000000E-003  0.45379999999999998        6.1800000000000001E-002  0.48240000000000000     
   154.00000000000000        1.4778530577720543        0.0000000000000000        2.0000000000000001E-004   1.8000000000000000E-003  0.45379999999999998        6.1400000000000003E-002  0.48280000000000001     
   155.00000000000000        1.4687379145185075        0.0000000000000000        2.0000000000000001E-004   1.8000000000000000E-003  0.45379999999999998        5.9600000000000000E-002  0.48459999999999998     
   156.00000000000000        1.4606010464701580        0.0000000000000000        2.0000000000000001E-004   1.8000000000000000E-003  0.45379999999999998        5.7400000000000000E-002  0.48680000000000001     
   157.00000000000000        1.4538780495370622        0.0000000000000000        2.0000000000000001E-004   1.8000000000000000E-003  0.45379999999999998        7.0400000000000004E-002  0.47380000000000000     
   158.00000000000000        1.4490354639921197        0.0000000000000000        2.0000000000000001E-004   1.8000000000000000E-003  0.45379999999999998       0.10560000000000000       0.43859999999999999     
   159.00000000000000        1.4469627821768127        0.0000000000000000        2.0000000000000001E-004   1.8000000000000000E-003  0.45379999999999998        6.3200000000000006E-002  0.48099999999999998     
   160.00000000000000        1.4479207039242470        0.0000000000000000        0.0000000000000000        1.8000000000000000E-003  0.45400000000000001        6.2199999999999998E-002  0.48199999999999998     
   161.00000000000000        1.4521600407885553        0.0000000000000000        0.0000000000000000        1.6000000000000001E-003  0.45419999999999999        6.2799999999999995E-002  0.48139999999999999     
   162.00000000000000        1.4596700597422407        0.0000000000000000        0.0000000000000000        1.6000000000000001E-003  0.45419999999999999        6.3000000000000000E-002  0.48120000000000002     
   163.00000000000000        1.4705922426742668        0.0000000000000000        0.0000000000000000        1.6000000000000001E-003  0.45419999999999999        6.3200000000000006E-002  0.48099999999999998     
   164.00000000000000        1.4850553760052536        0.0000000000000000        0.0000000000000000        1.6000000000000001E-003  0.45419999999999999        6.3000000000000000E-002  0.48120000000000002     
   165.00000000000000        1.5028859149979041        0.0000000000000000        0.0000000000000000        1.6000000000000001E-003  0.45419999999999999        6.3000000000000000E-002  0.48120000000000002     
   166.00000000000000        1.5237733378549136        0.0000000000000000        0.0000000000000000        1.6000000000000001E-003  0.45419999999999999        6.3200000000000006E-002  0.48099999999999998     
   167.00000000000000        1.5474460031507418        0.0000000000000000        0.0000000000000000        1.6000000000000001E-003  0.45419999999999999        6.3200000000000006E-002  0.48099999999999998     
   168.00000000000000        1.5731143948361579        0.0000000000000000        0.0000000000000000        1.6000000000000001E-003  0.45419999999999999        6.3200000000000006E-002  0.48099999999999998     
   169.00000000000000        1.6006293368813260        0.0000000000000000        0.0000000000000000        1.6000000000000001E-003  0.45419999999999999        6.3200000000000006E-002  0.48099999999999998     
   170.00000000000000        1.6281341399166851        0.0000000000000000        0.0000000000000000        1.6000000000000001E-003  0.45419999999999999        6.3200000000000006E-002  0.48099999999999998     
   171.00000000000000        1.6558429753987043        0.0000000000000000        0.0000000000000000        1.6000000000000001E-003  0.45419999999999999        6.3200000000000006E-002  0.48099999999999998     
   172.00000000000000        1.6826690951615797        0.0000000000000000        0.0000000000000000        1.6000000000000001E-003  0.45419999999999999        6.3200000000000006E-002  0.48099999999999998     
   173.00000000000000        1.7069921668705534        0.0000000000000000        0.0000000000000000        1.6000000000000001E-003  0.45419999999999999        6.3200000000000006E-002  0.48099999999999998     
   174.00000000000000        1.7285131922413532        0.0000000000000000        0.0000000000000000        1.6000000000000001E-003  0.45419999999999999        6.3000000000000000E-002  0.48120000000000002     
   175.00000000000000        1.7460944438403931        0.0000000000000000        0.0000000000000000        1.6000000000000001E-003  0.45419999999999999        6.3000000000000000E-002  0.48120000000000002     
   176.00000000000000        1.7589041639550946        0.0000000000000000        0.0000000000000000        1.6000000000000001E-003  0.45419999999999999        6.3200000000000006E-002  0.48099999999999998     
   177.00000000000000        1.7661517085593779        0.0000000000000000        0.0000000000000000        1.6000000000000001E-003  0.45419999999999999        6.3200000000000006E-002  0.48099999999999998     
   178.00000000000000        1.7671614408450658        0.0000000000000000        0.0000000000000000        1.6000000000000001E-003  0.45419999999999999        6.3200000000000006E-002  0.48099999999999998     
   179.00000000000000        1.7624214462395646        0.0000000000000000        0.0000000000000000        1.6000000000000001E-003  0.45419999999999999        6.3399999999999998E-002  0.48080000000000001     
   180.00000000000000        1.7511625925730967        0.0000000000000000        0.0000000000000000        1.6000000000000001E-003  0.45419999999999999        6.3399999999999998E-002  0.48080000000000001     
   181.00000000000000        1.7346514061186551        0.0000000000000000        0.0000000000000000        1.6000000000000001E-003  0.45419999999999999        6.3000000000000000E-002  0.48120000000000002     
   182.00000000000000        1.7133300004399761        0.0000000000000000        0.0000000000000000        1.4000000000000000E-003  0.45440000000000003        6.3000000000000000E-002  0.48120000000000002     
   183.00000000000000        1.6885021553267738        0.0000000000000000        0.0000000000000000        1.4000000000000000E-003  0.45440000000000003        6.3000000000000000E-002  0.48120000000000002     
   184.00000000000000        1.6605035499386074        0.0000000000000000        0.0000000000000000        1.4000000000000000E-003  0.45440000000000003        6.3399999999999998E-002  0.48080000000000001     
   185.00000000000000        1.6307621129203209        0.0000000000000000        0.0000000000000000        1.4000000000000000E-003  0.45440000000000003        6.3399999999999998E-002  0.48080000000000001     
   186.00000000000000        1.6003937083839754        0.0000000000000000        0.0000000000000000        1.4000000000000000E-003  0.45440000000000003        6.2199999999999998E-002  0.48199999999999998     
   187.00000000000000        1.5693272720520612        0.0000000000000000        0.0000000000000000        1.4000000000000000E-003  0.45440000000000003        6.0999999999999999E-002  0.48320000000000002     
   188.00000000000000        1.5389985361900058        0.0000000000000000        0.0000000000000000        1.4000000000000000E-003  0.45440000000000003        6.6400000000000001E-002  0.47780000000000000     
   189.00000000000000        1.5096121344958935        0.0000000000000000        0.0000000000000000        1.4000000000000000E-003  0.45440000000000003        6.5199999999999994E-002  0.47899999999999998     
