#        BMIN =   406
#        BMAX =   411
#     INIBAND =   411
#      NBANDS =   540
#         NSW =  2000
#       POTIM =   1.0
#        TEMP = 300.0
#    NAMDTINI =   570
#    NAMDTIME =  1000
#       NTRAJ =  5000
#        NELM =  1000
#       LHOLE =     T
#        LSHP =     T
#      LCPTXT =     T
#      RUNDIR = ../../run/
   1.0000000000000000        1.7683994031580976        0.0000000000000000        0.0000000000000000        0.0000000000000000        0.0000000000000000        0.0000000000000000        1.0000000000000000     
   2.0000000000000000        1.8068087242452027        0.0000000000000000        0.0000000000000000        0.0000000000000000        0.0000000000000000        0.0000000000000000        1.0000000000000000     
   3.0000000000000000        1.8433186117902429        0.0000000000000000        0.0000000000000000        0.0000000000000000        0.0000000000000000        0.0000000000000000        1.0000000000000000     
   4.0000000000000000        1.8768268681048503        0.0000000000000000        0.0000000000000000        0.0000000000000000        0.0000000000000000        0.0000000000000000        1.0000000000000000     
   5.0000000000000000        1.9065806906523775        0.0000000000000000        0.0000000000000000        0.0000000000000000        0.0000000000000000        0.0000000000000000        1.0000000000000000     
   6.0000000000000000        1.9326498383413724        0.0000000000000000        0.0000000000000000        0.0000000000000000        0.0000000000000000        4.0000000000000002E-004  0.99960000000000004     
   7.0000000000000000        1.9535389629995441        0.0000000000000000        0.0000000000000000        0.0000000000000000        0.0000000000000000        4.0000000000000002E-004  0.99960000000000004     
   8.0000000000000000        1.9696751672783654        0.0000000000000000        0.0000000000000000        0.0000000000000000        0.0000000000000000        0.0000000000000000        1.0000000000000000     
   9.0000000000000000        1.9800606917776145        0.0000000000000000        0.0000000000000000        0.0000000000000000        0.0000000000000000        4.4000000000000003E-003  0.99560000000000004     
   10.000000000000000        1.9853192987339672        0.0000000000000000        0.0000000000000000        0.0000000000000000        0.0000000000000000        0.0000000000000000        1.0000000000000000     
   11.000000000000000        1.9851186779103343        0.0000000000000000        0.0000000000000000        0.0000000000000000        0.0000000000000000        0.0000000000000000        1.0000000000000000     
   12.000000000000000        1.9798391142270688        0.0000000000000000        0.0000000000000000        0.0000000000000000        0.0000000000000000        8.0000000000000004E-004  0.99919999999999998     
   13.000000000000000        1.9695946310216206        0.0000000000000000        0.0000000000000000        0.0000000000000000        0.0000000000000000        0.0000000000000000        1.0000000000000000     
   14.000000000000000        1.9541850025237153        0.0000000000000000        0.0000000000000000        0.0000000000000000        0.0000000000000000        0.0000000000000000        1.0000000000000000     
   15.000000000000000        1.9348117127560700        0.0000000000000000        0.0000000000000000        0.0000000000000000        0.0000000000000000        0.0000000000000000        1.0000000000000000     
   16.000000000000000        1.9118312471339554        0.0000000000000000        0.0000000000000000        0.0000000000000000        0.0000000000000000        0.0000000000000000        1.0000000000000000     
   17.000000000000000        1.8863252081751911        0.0000000000000000        0.0000000000000000        0.0000000000000000        0.0000000000000000        0.0000000000000000        1.0000000000000000     
   18.000000000000000        1.8588563034150023        0.0000000000000000        0.0000000000000000        0.0000000000000000        0.0000000000000000        0.0000000000000000        1.0000000000000000     
   19.000000000000000        1.8306268130217793        0.0000000000000000        0.0000000000000000        0.0000000000000000        0.0000000000000000        0.0000000000000000        1.0000000000000000     
   20.000000000000000        1.8025670749365763        0.0000000000000000        0.0000000000000000        0.0000000000000000        0.0000000000000000        0.0000000000000000        1.0000000000000000     
   21.000000000000000        1.7751637004473926        0.0000000000000000        0.0000000000000000        0.0000000000000000        0.0000000000000000        0.0000000000000000        1.0000000000000000     
   22.000000000000000        1.7495901422665752        0.0000000000000000        0.0000000000000000        0.0000000000000000        0.0000000000000000        0.0000000000000000        1.0000000000000000     
   23.000000000000000        1.7259709636289109        0.0000000000000000        0.0000000000000000        0.0000000000000000        0.0000000000000000        0.0000000000000000        1.0000000000000000     
   24.000000000000000        1.7059301276557435        0.0000000000000000        0.0000000000000000        0.0000000000000000        0.0000000000000000        0.0000000000000000        1.0000000000000000     
   25.000000000000000        1.6886993028744532        0.0000000000000000        0.0000000000000000        0.0000000000000000        0.0000000000000000        0.0000000000000000        1.0000000000000000     
   26.000000000000000        1.6749237881117010        0.0000000000000000        0.0000000000000000        0.0000000000000000        0.0000000000000000        0.0000000000000000        1.0000000000000000     
   27.000000000000000        1.6643870321659064        0.0000000000000000        0.0000000000000000        0.0000000000000000        0.0000000000000000        0.0000000000000000        1.0000000000000000     
   28.000000000000000        1.6571611021029020        0.0000000000000000        0.0000000000000000        0.0000000000000000        0.0000000000000000        0.0000000000000000        1.0000000000000000     
   29.000000000000000        1.6529334298710663        0.0000000000000000        0.0000000000000000        0.0000000000000000        0.0000000000000000        0.0000000000000000        1.0000000000000000     
   30.000000000000000        1.6512646912685396        0.0000000000000000        0.0000000000000000        0.0000000000000000        0.0000000000000000        0.0000000000000000        1.0000000000000000     
   31.000000000000000        1.6517922465355204        0.0000000000000000        0.0000000000000000        0.0000000000000000        0.0000000000000000        0.0000000000000000        1.0000000000000000     
   32.000000000000000        1.6536594236530382        0.0000000000000000        0.0000000000000000        0.0000000000000000        0.0000000000000000        0.0000000000000000        1.0000000000000000     
   33.000000000000000        1.6566716312099725        0.0000000000000000        0.0000000000000000        0.0000000000000000        0.0000000000000000        2.0000000000000001E-004  0.99980000000000002     
   34.000000000000000        1.6603457997119964        0.0000000000000000        0.0000000000000000        0.0000000000000000        0.0000000000000000        0.0000000000000000        1.0000000000000000     
   35.000000000000000        1.6640430869020106        0.0000000000000000        0.0000000000000000        0.0000000000000000        0.0000000000000000        0.0000000000000000        1.0000000000000000     
   36.000000000000000        1.6673749730835568        0.0000000000000000        0.0000000000000000        0.0000000000000000        0.0000000000000000        8.0000000000000004E-004  0.99919999999999998     
   37.000000000000000        1.6698504498497171        0.0000000000000000        0.0000000000000000        0.0000000000000000        0.0000000000000000        8.0000000000000004E-004  0.99919999999999998     
   38.000000000000000        1.6714968578549250        0.0000000000000000        0.0000000000000000        0.0000000000000000        0.0000000000000000        0.0000000000000000        1.0000000000000000     
   39.000000000000000        1.6718252219267240        0.0000000000000000        0.0000000000000000        0.0000000000000000        0.0000000000000000        2.0000000000000001E-004  0.99980000000000002     
   40.000000000000000        1.6709602264587697        0.0000000000000000        0.0000000000000000        0.0000000000000000        0.0000000000000000        0.0000000000000000        1.0000000000000000     
   41.000000000000000        1.6681702534444032        0.0000000000000000        0.0000000000000000        0.0000000000000000        0.0000000000000000        0.0000000000000000        1.0000000000000000     
   42.000000000000000        1.6641291927063708        0.0000000000000000        0.0000000000000000        0.0000000000000000        0.0000000000000000        0.0000000000000000        1.0000000000000000     
   43.000000000000000        1.6578707770503414        0.0000000000000000        0.0000000000000000        0.0000000000000000        0.0000000000000000        0.0000000000000000        1.0000000000000000     
   44.000000000000000        1.6502202342230086        0.0000000000000000        0.0000000000000000        0.0000000000000000        0.0000000000000000        0.0000000000000000        1.0000000000000000     
   45.000000000000000        1.6419673791972578        0.0000000000000000        0.0000000000000000        0.0000000000000000        0.0000000000000000        0.0000000000000000        1.0000000000000000     
   46.000000000000000        1.6312687875423904        0.0000000000000000        0.0000000000000000        0.0000000000000000        0.0000000000000000        0.0000000000000000        1.0000000000000000     
   47.000000000000000        1.6201609467030118        0.0000000000000000        0.0000000000000000        0.0000000000000000        0.0000000000000000        0.0000000000000000        1.0000000000000000     
   48.000000000000000        1.6078933431756679        0.0000000000000000        0.0000000000000000        0.0000000000000000        0.0000000000000000        2.0000000000000001E-004  0.99980000000000002     
   49.000000000000000        1.5929250634080203        0.0000000000000000        0.0000000000000000        0.0000000000000000       0.17280000000000001       0.16719999999999999       0.66000000000000003     
   50.000000000000000        1.5856660531649875        0.0000000000000000        0.0000000000000000        0.0000000000000000       0.17280000000000001       0.16719999999999999       0.66000000000000003     
   51.000000000000000        1.5812546548872661        0.0000000000000000        0.0000000000000000        0.0000000000000000       0.16339999999999999       0.17660000000000001       0.66000000000000003     
   52.000000000000000        1.5762440660071877        0.0000000000000000        0.0000000000000000        0.0000000000000000       0.16259999999999999       0.17740000000000000       0.66000000000000003     
   53.000000000000000        1.5709151560152965        0.0000000000000000        0.0000000000000000        0.0000000000000000       0.17699999999999999       0.16280000000000000       0.66020000000000001     
   54.000000000000000        1.5659326802484990        0.0000000000000000        0.0000000000000000        0.0000000000000000       0.17780000000000001       0.16200000000000001       0.66020000000000001     
   55.000000000000000        1.5614375613176166        0.0000000000000000        0.0000000000000000        0.0000000000000000       0.17780000000000001       0.16200000000000001       0.66020000000000001     
   56.000000000000000        1.5575786216544194        0.0000000000000000        0.0000000000000000        0.0000000000000000       0.19620000000000001       0.14360000000000001       0.66020000000000001     
   57.000000000000000        1.5550444439541331        0.0000000000000000        0.0000000000000000        0.0000000000000000       0.18459999999999999       0.14499999999999999       0.67040000000000000     
   58.000000000000000        1.5555420123760748        0.0000000000000000        0.0000000000000000        0.0000000000000000       0.16619999999999999       0.15780000000000000       0.67600000000000005     
   59.000000000000000        1.5648074409065891        0.0000000000000000        0.0000000000000000        0.0000000000000000       0.16619999999999999       0.15780000000000000       0.67600000000000005     
   60.000000000000000        1.5772804013087178        0.0000000000000000        0.0000000000000000        0.0000000000000000       0.16619999999999999       0.15880000000000000       0.67500000000000004     
   61.000000000000000        1.5919572182878636        0.0000000000000000        0.0000000000000000        0.0000000000000000       0.16619999999999999       0.19040000000000001       0.64339999999999997     
   62.000000000000000        1.6092950938426820        0.0000000000000000        0.0000000000000000        0.0000000000000000       0.16619999999999999       0.16400000000000001       0.66979999999999995     
   63.000000000000000        1.6280939543310491        0.0000000000000000        0.0000000000000000        0.0000000000000000       0.16619999999999999       0.12939999999999999       0.70440000000000003     
   64.000000000000000        1.6476737447014642        0.0000000000000000        0.0000000000000000        0.0000000000000000       0.16619999999999999       0.10979999999999999       0.72399999999999998     
   65.000000000000000        1.6669729002145453        0.0000000000000000        0.0000000000000000        0.0000000000000000       0.16619999999999999       0.12479999999999999       0.70899999999999996     
   66.000000000000000        1.6856219222377355        0.0000000000000000        0.0000000000000000        0.0000000000000000       0.16619999999999999        9.9800000000000000E-002  0.73399999999999999     
   67.000000000000000        1.7024958998701805        0.0000000000000000        0.0000000000000000        0.0000000000000000       0.16619999999999999       0.10280000000000000       0.73099999999999998     
   68.000000000000000        1.7170915116260377        0.0000000000000000        0.0000000000000000        0.0000000000000000       0.16619999999999999        8.4599999999999995E-002  0.74919999999999998     
   69.000000000000000        1.7288216847437650        0.0000000000000000        0.0000000000000000        0.0000000000000000       0.16619999999999999        8.4599999999999995E-002  0.74919999999999998     
   70.000000000000000        1.7363594356614129        0.0000000000000000        0.0000000000000000        0.0000000000000000       0.16619999999999999        7.2999999999999995E-002  0.76080000000000003     
   71.000000000000000        1.7416744491520011        0.0000000000000000        0.0000000000000000        0.0000000000000000       0.16619999999999999        6.0400000000000002E-002  0.77339999999999998     
   72.000000000000000        1.7414529402406742        0.0000000000000000        0.0000000000000000        0.0000000000000000       0.16619999999999999        6.0400000000000002E-002  0.77339999999999998     
   73.000000000000000        1.7374908301694167        0.0000000000000000        0.0000000000000000        0.0000000000000000       0.16619999999999999        6.6799999999999998E-002  0.76700000000000002     
   74.000000000000000        1.7297891198398314        0.0000000000000000        0.0000000000000000        0.0000000000000000       0.16619999999999999        5.9200000000000003E-002  0.77459999999999996     
   75.000000000000000        1.7166828136972669        0.0000000000000000        0.0000000000000000        0.0000000000000000       0.16619999999999999        6.4399999999999999E-002  0.76939999999999997     
   76.000000000000000        1.7003682122855501        0.0000000000000000        0.0000000000000000        0.0000000000000000       0.16619999999999999        6.6600000000000006E-002  0.76719999999999999     
   77.000000000000000        1.6799447698089680        0.0000000000000000        0.0000000000000000        0.0000000000000000       0.16619999999999999        6.8000000000000005E-002  0.76580000000000004     
   78.000000000000000        1.6570147495233345        0.0000000000000000        0.0000000000000000        0.0000000000000000       0.16619999999999999        7.0999999999999994E-002  0.76280000000000003     
   79.000000000000000        1.6313576216740036        0.0000000000000000        0.0000000000000000        0.0000000000000000       0.16619999999999999        7.0599999999999996E-002  0.76319999999999999     
   80.000000000000000        1.6034225106913196        0.0000000000000000        0.0000000000000000        0.0000000000000000       0.16619999999999999        6.9000000000000006E-002  0.76480000000000004     
   81.000000000000000        1.5748008965807303        0.0000000000000000        0.0000000000000000        0.0000000000000000       0.16619999999999999        6.3600000000000004E-002  0.77020000000000000     
   82.000000000000000        1.5444054809519914        0.0000000000000000        0.0000000000000000        0.0000000000000000       0.16619999999999999        6.4799999999999996E-002  0.76900000000000002     
   83.000000000000000        1.5148666318974759        0.0000000000000000        0.0000000000000000        0.0000000000000000       0.16619999999999999        6.2799999999999995E-002  0.77100000000000002     
   84.000000000000000        1.4863799275898375        0.0000000000000000        0.0000000000000000        0.0000000000000000       0.16619999999999999        6.4199999999999993E-002  0.76959999999999995     
   85.000000000000000        1.4603128165521946        0.0000000000000000        0.0000000000000000        0.0000000000000000       0.16619999999999999        6.0999999999999999E-002  0.77280000000000004     
   86.000000000000000        1.4361139725314049        0.0000000000000000        0.0000000000000000        0.0000000000000000       0.16619999999999999        6.0999999999999999E-002  0.77280000000000004     
   87.000000000000000        1.4168430673983379        0.0000000000000000        0.0000000000000000        0.0000000000000000       0.16619999999999999        6.0400000000000002E-002  0.77339999999999998     
   88.000000000000000        1.3956565407916024        0.0000000000000000        0.0000000000000000        0.0000000000000000       0.40860000000000002       0.10800000000000000       0.48340000000000000     
   89.000000000000000        1.3845243028695817        0.0000000000000000        0.0000000000000000        0.0000000000000000       0.41660000000000003        6.6799999999999998E-002  0.51659999999999995     
   90.000000000000000        1.3844500568214695        0.0000000000000000        0.0000000000000000        0.0000000000000000       0.42280000000000001        6.6799999999999998E-002  0.51039999999999996     
   91.000000000000000        1.3834181161408945        0.0000000000000000        0.0000000000000000        0.0000000000000000       0.44679999999999997       0.28599999999999998       0.26719999999999999     
   92.000000000000000        1.3808417349786144        0.0000000000000000        0.0000000000000000        0.0000000000000000       0.26979999999999998       0.73019999999999996        0.0000000000000000     
   93.000000000000000        1.4007282593662442        0.0000000000000000        0.0000000000000000        8.0000000000000004E-004  0.26900000000000002       0.72619999999999996        4.0000000000000001E-003
   94.000000000000000        1.4199989695143513        0.0000000000000000        0.0000000000000000        8.6000000000000000E-003  0.26119999999999999       0.72780000000000000        2.3999999999999998E-003
   95.000000000000000        1.4242601622773312        0.0000000000000000        0.0000000000000000        8.3999999999999995E-003  0.38159999999999999       0.44119999999999998       0.16880000000000001     
   96.000000000000000        1.4240135993715057        0.0000000000000000        0.0000000000000000        7.7999999999999996E-003  0.34899999999999998       0.44119999999999998       0.20200000000000001     
   97.000000000000000        1.4776713625070481        0.0000000000000000        0.0000000000000000        7.7999999999999996E-003  0.34899999999999998       0.46379999999999999       0.17940000000000000     
   98.000000000000000        1.5049012629782736        0.0000000000000000        0.0000000000000000        7.7999999999999996E-003  0.34899999999999998       0.46320000000000000       0.17999999999999999     
   99.000000000000000        1.5481126210453755        0.0000000000000000        0.0000000000000000        7.7999999999999996E-003  0.26900000000000002       0.56499999999999995       0.15820000000000001     
   100.00000000000000        1.6757633263236695        0.0000000000000000        0.0000000000000000        6.1999999999999998E-003  0.26160000000000000       0.57240000000000002       0.15980000000000000     
   101.00000000000000        1.6927503285410508        0.0000000000000000        0.0000000000000000        2.2000000000000001E-003  0.25119999999999998       0.58279999999999998       0.16380000000000000     
   102.00000000000000        1.7154618488934015        0.0000000000000000        0.0000000000000000        0.0000000000000000       0.29299999999999998       0.32740000000000002       0.37959999999999999     
   103.00000000000000        1.7171770037498524        0.0000000000000000        0.0000000000000000        0.0000000000000000       0.29299999999999998       0.31300000000000000       0.39400000000000002     
   104.00000000000000        1.7719680208882242        0.0000000000000000        0.0000000000000000        0.0000000000000000       0.29299999999999998       0.31259999999999999       0.39439999999999997     
   105.00000000000000        1.7911782462327779        0.0000000000000000        0.0000000000000000        0.0000000000000000       0.29299999999999998       0.31000000000000000       0.39700000000000002     
   106.00000000000000        1.7738882016561162        0.0000000000000000        0.0000000000000000        0.0000000000000000       0.29299999999999998       0.31940000000000002       0.38760000000000000     
   107.00000000000000        1.8076026534472844        0.0000000000000000        0.0000000000000000        0.0000000000000000       0.29299999999999998       0.32219999999999999       0.38479999999999998     
   108.00000000000000        1.8105334170788276        0.0000000000000000        0.0000000000000000        0.0000000000000000       0.29299999999999998       0.32200000000000001       0.38500000000000001     
   109.00000000000000        1.8135693604332512        0.0000000000000000        0.0000000000000000        0.0000000000000000       0.29299999999999998       0.32200000000000001       0.38500000000000001     
   110.00000000000000        1.8108742519242957        0.0000000000000000        0.0000000000000000        0.0000000000000000       0.29299999999999998       0.32200000000000001       0.38500000000000001     
   111.00000000000000        1.8185550660169234        0.0000000000000000        0.0000000000000000        0.0000000000000000       0.29299999999999998       0.31960000000000000       0.38740000000000002     
   112.00000000000000        1.8156874905905949        0.0000000000000000        0.0000000000000000        0.0000000000000000       0.29299999999999998       0.32019999999999998       0.38679999999999998     
   113.00000000000000        1.7830309618163804        0.0000000000000000        0.0000000000000000        0.0000000000000000       0.29299999999999998       0.32060000000000000       0.38640000000000002     
   114.00000000000000        1.7693748363637654        0.0000000000000000        0.0000000000000000        0.0000000000000000       0.29299999999999998       0.31500000000000000       0.39200000000000002     
   115.00000000000000        1.7527117742504512        0.0000000000000000        0.0000000000000000        0.0000000000000000       0.29299999999999998       0.32079999999999997       0.38619999999999999     
   116.00000000000000        1.7273277455219067        0.0000000000000000        0.0000000000000000        0.0000000000000000       0.29299999999999998       0.41460000000000002       0.29239999999999999     
   117.00000000000000        1.9599743300558095        0.0000000000000000        0.0000000000000000        0.0000000000000000       0.31000000000000000       0.39760000000000001       0.29239999999999999     
   118.00000000000000        1.6952018627817531        0.0000000000000000        0.0000000000000000        0.0000000000000000       0.31000000000000000       0.39739999999999998       0.29260000000000003     
   119.00000000000000        1.6752657920928113        0.0000000000000000        0.0000000000000000        0.0000000000000000       0.31000000000000000       0.40400000000000003       0.28599999999999998     
   120.00000000000000        1.6506825156337643        0.0000000000000000        0.0000000000000000        0.0000000000000000       0.31000000000000000       0.40400000000000003       0.28599999999999998     
   121.00000000000000        1.6385037173471331        0.0000000000000000        0.0000000000000000        0.0000000000000000       0.31000000000000000       0.40460000000000002       0.28539999999999999     
   122.00000000000000        1.6225692336411566        0.0000000000000000        0.0000000000000000        0.0000000000000000       0.31000000000000000       0.40699999999999997       0.28299999999999997     
   123.00000000000000        1.6089797744482959        0.0000000000000000        0.0000000000000000        0.0000000000000000       0.31000000000000000       0.40699999999999997       0.28299999999999997     
   124.00000000000000        1.5886654915845888        0.0000000000000000        0.0000000000000000        0.0000000000000000       0.31000000000000000       0.40699999999999997       0.28299999999999997     
   125.00000000000000        1.5805952456818175        0.0000000000000000        0.0000000000000000        0.0000000000000000       0.31000000000000000       0.40799999999999997       0.28199999999999997     
   126.00000000000000        1.5754302692003035        0.0000000000000000        0.0000000000000000        0.0000000000000000       0.31000000000000000       0.40799999999999997       0.28199999999999997     
   127.00000000000000        1.5735013806085745        0.0000000000000000        0.0000000000000000        0.0000000000000000       0.31000000000000000       0.40799999999999997       0.28199999999999997     
   128.00000000000000        1.5740187321799528        0.0000000000000000        0.0000000000000000        0.0000000000000000       0.31000000000000000       0.42059999999999997       0.26939999999999997     
   129.00000000000000        1.5773000350689452        0.0000000000000000        0.0000000000000000        0.0000000000000000       0.31000000000000000       0.55259999999999998       0.13739999999999999     
   130.00000000000000        1.5834645599404120        0.0000000000000000        0.0000000000000000        0.0000000000000000       0.31000000000000000       0.39779999999999999       0.29220000000000002     
   131.00000000000000        1.5910940619319041        0.0000000000000000        0.0000000000000000        0.0000000000000000       0.31000000000000000       0.43300000000000000       0.25700000000000001     
   132.00000000000000        1.6005598630908149        0.0000000000000000        0.0000000000000000        0.0000000000000000       0.31000000000000000       0.41520000000000001       0.27479999999999999     
   133.00000000000000        1.6112207079845797        0.0000000000000000        0.0000000000000000        0.0000000000000000       0.31000000000000000       0.40539999999999998       0.28460000000000002     
   134.00000000000000        1.6223046038247568        0.0000000000000000        0.0000000000000000        0.0000000000000000       0.31000000000000000       0.40339999999999998       0.28660000000000002     
   135.00000000000000        1.6337157815750945        0.0000000000000000        0.0000000000000000        0.0000000000000000       0.31000000000000000       0.40720000000000001       0.28280000000000000     
   136.00000000000000        1.6462135356523859        0.0000000000000000        0.0000000000000000        0.0000000000000000       0.31000000000000000       0.40520000000000000       0.28480000000000000     
   137.00000000000000        1.6561757444185323        0.0000000000000000        0.0000000000000000        0.0000000000000000       0.31000000000000000       0.40439999999999998       0.28560000000000002     
   138.00000000000000        1.6662862835234469        0.0000000000000000        0.0000000000000000        0.0000000000000000       0.31000000000000000       0.40400000000000003       0.28599999999999998     
   139.00000000000000        1.6753197300556153        0.0000000000000000        0.0000000000000000        0.0000000000000000       0.31000000000000000       0.40400000000000003       0.28599999999999998     
   140.00000000000000        1.6841339634951631        0.0000000000000000        0.0000000000000000        0.0000000000000000       0.31000000000000000       0.40200000000000002       0.28799999999999998     
   141.00000000000000        1.6888107724444890        0.0000000000000000        0.0000000000000000        0.0000000000000000       0.31000000000000000       0.40120000000000000       0.28880000000000000     
   142.00000000000000        1.6937027721167417        0.0000000000000000        0.0000000000000000        0.0000000000000000       0.31000000000000000       0.40120000000000000       0.28880000000000000     
   143.00000000000000        1.6973687678188218        0.0000000000000000        0.0000000000000000        0.0000000000000000       0.31000000000000000       0.40500000000000003       0.28499999999999998     
   144.00000000000000        1.6974909648662964        0.0000000000000000        0.0000000000000000        0.0000000000000000       0.31000000000000000       0.40600000000000003       0.28399999999999997     
   145.00000000000000        1.6968628695960108        0.0000000000000000        0.0000000000000000        0.0000000000000000       0.31000000000000000       0.40500000000000003       0.28499999999999998     
   146.00000000000000        1.6942034568222664        0.0000000000000000        0.0000000000000000        0.0000000000000000       0.31000000000000000       0.40760000000000002       0.28239999999999998     
   147.00000000000000        1.6874372345875321        0.0000000000000000        0.0000000000000000        0.0000000000000000       0.31000000000000000       0.40880000000000000       0.28120000000000001     
   148.00000000000000        1.6847654028833838        0.0000000000000000        0.0000000000000000        0.0000000000000000       0.31000000000000000       0.40460000000000002       0.28539999999999999     
   149.00000000000000        1.6779449743773798        0.0000000000000000        0.0000000000000000        0.0000000000000000       0.31000000000000000       0.40660000000000002       0.28339999999999999     
   150.00000000000000        1.6707058107162305        0.0000000000000000        0.0000000000000000        0.0000000000000000       0.31000000000000000       0.40579999999999999       0.28420000000000001     
   151.00000000000000        1.6617974756210394        0.0000000000000000        0.0000000000000000        0.0000000000000000       0.31000000000000000       0.40679999999999999       0.28320000000000001     
   152.00000000000000        1.6531655109199412        0.0000000000000000        0.0000000000000000        0.0000000000000000       0.31000000000000000       0.40799999999999997       0.28199999999999997     
   153.00000000000000        1.6446854373060633        0.0000000000000000        0.0000000000000000        0.0000000000000000       0.31000000000000000       0.38719999999999999       0.30280000000000001     
   154.00000000000000        1.6368405860840411        0.0000000000000000        0.0000000000000000        0.0000000000000000       0.31000000000000000       0.36440000000000000       0.32560000000000000     
   155.00000000000000        1.6302038786790556        0.0000000000000000        0.0000000000000000        0.0000000000000000       0.31000000000000000       0.39739999999999998       0.29260000000000003     
   156.00000000000000        1.6239879278648282        0.0000000000000000        0.0000000000000000        0.0000000000000000       0.31000000000000000       0.38400000000000001       0.30599999999999999     
   157.00000000000000        1.6194232831638598        0.0000000000000000        0.0000000000000000        0.0000000000000000       0.31000000000000000       0.41339999999999999       0.27660000000000001     
   158.00000000000000        1.6168426038985588        0.0000000000000000        0.0000000000000000        0.0000000000000000       0.31000000000000000       0.40520000000000000       0.28480000000000000     
   159.00000000000000        1.6162359246346008        0.0000000000000000        0.0000000000000000        0.0000000000000000       0.31000000000000000       0.40020000000000000       0.28980000000000000     
   160.00000000000000        1.6172646437682818        0.0000000000000000        0.0000000000000000        0.0000000000000000       0.31000000000000000       0.40100000000000002       0.28899999999999998     
   161.00000000000000        1.6197028840683469        0.0000000000000000        0.0000000000000000        0.0000000000000000       0.31000000000000000       0.36959999999999998       0.32040000000000002     
   162.00000000000000        1.6243013876760726        0.0000000000000000        0.0000000000000000        0.0000000000000000       0.31000000000000000       0.36040000000000000       0.32960000000000000     
   163.00000000000000        1.6295574331496185        0.0000000000000000        0.0000000000000000        0.0000000000000000       0.31000000000000000       0.36720000000000003       0.32279999999999998     
   164.00000000000000        1.6348501907843700        0.0000000000000000        0.0000000000000000        0.0000000000000000       0.31000000000000000       0.38640000000000002       0.30359999999999998     
   165.00000000000000        1.6410715013412764        0.0000000000000000        0.0000000000000000        0.0000000000000000       0.31000000000000000       0.38379999999999997       0.30620000000000003     
   166.00000000000000        1.6475783098165220        0.0000000000000000        0.0000000000000000        0.0000000000000000       0.31000000000000000       0.38440000000000002       0.30559999999999998     
   167.00000000000000        1.6528549106236543        0.0000000000000000        0.0000000000000000        0.0000000000000000       0.31000000000000000       0.38419999999999999       0.30580000000000002     
   168.00000000000000        1.6567363931433188        0.0000000000000000        0.0000000000000000        0.0000000000000000       0.31000000000000000       0.38460000000000000       0.30540000000000000     
   169.00000000000000        1.6592948864555099        0.0000000000000000        0.0000000000000000        0.0000000000000000       0.31000000000000000       0.38379999999999997       0.30620000000000003     
   170.00000000000000        1.6595282319618461        0.0000000000000000        0.0000000000000000        0.0000000000000000       0.31000000000000000       0.38379999999999997       0.30620000000000003     
   171.00000000000000        1.8380387159492764        0.0000000000000000        0.0000000000000000        0.0000000000000000        0.0000000000000000       0.67100000000000004       0.32900000000000001     
   172.00000000000000        1.9246935849392863        0.0000000000000000        0.0000000000000000        3.4400000000000000E-002   2.6400000000000000E-002  0.53820000000000001       0.40100000000000002     
   173.00000000000000        2.0093866040172963        0.0000000000000000        0.0000000000000000        1.9599999999999999E-002  0.39219999999999999       0.18720000000000001       0.40100000000000002     
   174.00000000000000        1.8957542929113451        0.0000000000000000        0.0000000000000000        2.3999999999999998E-003  0.59660000000000002        0.0000000000000000       0.40100000000000002     
   175.00000000000000        1.8136515427921316        0.0000000000000000        0.0000000000000000        1.0000000000000000E-003  0.57099999999999995        2.9600000000000001E-002  0.39839999999999998     
   176.00000000000000        1.9136901551786658        0.0000000000000000        0.0000000000000000        1.0000000000000000E-003  0.49819999999999998        0.0000000000000000       0.50080000000000002     
   177.00000000000000        1.5619580725168061        0.0000000000000000        0.0000000000000000        1.0000000000000000E-003  0.49819999999999998        0.0000000000000000       0.50080000000000002     
   178.00000000000000        1.4756588573977698        0.0000000000000000        0.0000000000000000        1.0000000000000000E-003  0.49819999999999998        0.0000000000000000       0.50080000000000002     
   179.00000000000000        1.4615693799543816        0.0000000000000000        0.0000000000000000        1.0000000000000000E-003  0.49819999999999998        0.0000000000000000       0.50080000000000002     
   180.00000000000000        1.4468649025293097        0.0000000000000000        0.0000000000000000        1.0000000000000000E-003  0.49819999999999998        0.0000000000000000       0.50080000000000002     
   181.00000000000000        1.4323102968930974        0.0000000000000000        0.0000000000000000        1.0000000000000000E-003  0.49819999999999998        0.0000000000000000       0.50080000000000002     
   182.00000000000000        1.4180553048242923        0.0000000000000000        0.0000000000000000        8.0000000000000004E-004  0.49840000000000001        0.0000000000000000       0.50080000000000002     
   183.00000000000000        1.4040737036086046        0.0000000000000000        0.0000000000000000        8.0000000000000004E-004  0.49840000000000001        0.0000000000000000       0.50080000000000002     
   184.00000000000000        1.3910563367913804        0.0000000000000000        0.0000000000000000        8.0000000000000004E-004  0.49840000000000001        0.0000000000000000       0.50080000000000002     
   185.00000000000000        1.3795693752484051        0.0000000000000000        0.0000000000000000        8.0000000000000004E-004  0.49840000000000001        4.0000000000000002E-004  0.50039999999999996     
   186.00000000000000        1.3701018938610232        0.0000000000000000        0.0000000000000000        8.0000000000000004E-004  0.49840000000000001        4.4000000000000003E-003  0.49640000000000001     
   187.00000000000000        1.3627311010686056        0.0000000000000000        0.0000000000000000        8.0000000000000004E-004  0.49840000000000001        2.0000000000000000E-003  0.49880000000000002     
   188.00000000000000        1.3579416128737625        0.0000000000000000        0.0000000000000000        8.0000000000000004E-004  0.49840000000000001        0.0000000000000000       0.50080000000000002     
   189.00000000000000        1.3563018870629153        0.0000000000000000        0.0000000000000000        8.0000000000000004E-004  0.49840000000000001        9.4000000000000004E-003  0.49140000000000000     
