#        BMIN =   406
#        BMAX =   411
#     INIBAND =   410
#      NBANDS =   540
#         NSW =  2000
#       POTIM =   1.0
#        TEMP = 300.0
#    NAMDTINI =   228
#    NAMDTIME =  1000
#       NTRAJ =  5000
#        NELM =  1000
#       LHOLE =     T
#        LSHP =     T
#      LCPTXT =     T
#      RUNDIR = ../../run/
   1.0000000000000000        1.5429946782748960        0.0000000000000000        0.0000000000000000        0.0000000000000000        0.0000000000000000        1.0000000000000000        0.0000000000000000     
   2.0000000000000000        1.5659126452923660        0.0000000000000000        0.0000000000000000        0.0000000000000000        0.0000000000000000        1.0000000000000000        0.0000000000000000     
   3.0000000000000000        1.5929736600987205        0.0000000000000000        0.0000000000000000        0.0000000000000000        0.0000000000000000        1.0000000000000000        0.0000000000000000     
   4.0000000000000000        1.6235568867293249        0.0000000000000000        0.0000000000000000        0.0000000000000000        0.0000000000000000        1.0000000000000000        0.0000000000000000     
   5.0000000000000000        1.6563585038522488        0.0000000000000000        0.0000000000000000        0.0000000000000000        0.0000000000000000        1.0000000000000000        0.0000000000000000     
   6.0000000000000000        1.6908166311951418        0.0000000000000000        0.0000000000000000        0.0000000000000000        0.0000000000000000        1.0000000000000000        0.0000000000000000     
   7.0000000000000000        1.7254233077434087        0.0000000000000000        0.0000000000000000        0.0000000000000000        0.0000000000000000       0.99980000000000002        2.0000000000000001E-004
   8.0000000000000000        1.7601061809495668        0.0000000000000000        0.0000000000000000        0.0000000000000000        0.0000000000000000       0.99939999999999996        5.9999999999999995E-004
   9.0000000000000000        1.7936789282666072        0.0000000000000000        0.0000000000000000        0.0000000000000000        0.0000000000000000       0.99919999999999998        8.0000000000000004E-004
   10.000000000000000        1.8247310649277433        0.0000000000000000        0.0000000000000000        0.0000000000000000        0.0000000000000000       0.99839999999999995        1.6000000000000001E-003
   11.000000000000000        1.8516929890334790        0.0000000000000000        0.0000000000000000        0.0000000000000000        0.0000000000000000       0.99860000000000004        1.4000000000000000E-003
   12.000000000000000        1.8796194119599889        0.0000000000000000        0.0000000000000000        0.0000000000000000        0.0000000000000000        1.0000000000000000        0.0000000000000000     
   13.000000000000000        1.8956318453357437        0.0000000000000000        0.0000000000000000        0.0000000000000000        0.0000000000000000       0.99960000000000004        4.0000000000000002E-004
   14.000000000000000        1.9093634203792389        0.0000000000000000        0.0000000000000000        0.0000000000000000        0.0000000000000000       0.99680000000000002        3.2000000000000002E-003
   15.000000000000000        1.9185626128790534        0.0000000000000000        0.0000000000000000        0.0000000000000000        0.0000000000000000       0.99680000000000002        3.2000000000000002E-003
   16.000000000000000        1.9217022636014800        0.0000000000000000        0.0000000000000000        0.0000000000000000        0.0000000000000000       0.99680000000000002        3.2000000000000002E-003
   17.000000000000000        1.9187016872126017        0.0000000000000000        0.0000000000000000        0.0000000000000000        0.0000000000000000       0.99980000000000002        2.0000000000000001E-004
   18.000000000000000        1.9107877574417158        0.0000000000000000        0.0000000000000000        0.0000000000000000        0.0000000000000000       0.99980000000000002        2.0000000000000001E-004
   19.000000000000000        1.9003943901294034        0.0000000000000000        0.0000000000000000        0.0000000000000000        0.0000000000000000        1.0000000000000000        0.0000000000000000     
   20.000000000000000        1.8810532148022923        0.0000000000000000        0.0000000000000000        0.0000000000000000        0.0000000000000000        1.0000000000000000        0.0000000000000000     
   21.000000000000000        1.8552253481474712        0.0000000000000000        0.0000000000000000        0.0000000000000000        0.0000000000000000       0.99980000000000002        2.0000000000000001E-004
   22.000000000000000        1.8292061547630485        0.0000000000000000        0.0000000000000000        0.0000000000000000        0.0000000000000000        1.0000000000000000        0.0000000000000000     
   23.000000000000000        1.7961428165742268        0.0000000000000000        0.0000000000000000        0.0000000000000000        0.0000000000000000       0.99960000000000004        4.0000000000000002E-004
   24.000000000000000        1.7609563385606133        0.0000000000000000        0.0000000000000000        0.0000000000000000        0.0000000000000000       0.99939999999999996        5.9999999999999995E-004
   25.000000000000000        1.7252840104034532        0.0000000000000000        0.0000000000000000        0.0000000000000000        0.0000000000000000       0.99919999999999998        8.0000000000000004E-004
   26.000000000000000        1.6889289833304146        0.0000000000000000        0.0000000000000000        0.0000000000000000        0.0000000000000000       0.99939999999999996        5.9999999999999995E-004
   27.000000000000000        1.6524198580547456        0.0000000000000000        0.0000000000000000        0.0000000000000000        0.0000000000000000        1.0000000000000000        0.0000000000000000     
   28.000000000000000        1.6176252909031581        0.0000000000000000        0.0000000000000000        0.0000000000000000        0.0000000000000000        1.0000000000000000        0.0000000000000000     
   29.000000000000000        1.5842533753342964        0.0000000000000000        0.0000000000000000        0.0000000000000000        0.0000000000000000       0.99900000000000000        1.0000000000000000E-003
   30.000000000000000        1.5540389398318173        0.0000000000000000        0.0000000000000000        0.0000000000000000        0.0000000000000000       0.99819999999999998        1.8000000000000000E-003
   31.000000000000000        1.5281937845418705        0.0000000000000000        0.0000000000000000        0.0000000000000000        0.0000000000000000       0.99839999999999995        1.6000000000000001E-003
   32.000000000000000        1.5052661315609792        0.0000000000000000        0.0000000000000000        0.0000000000000000        0.0000000000000000       0.99900000000000000        1.0000000000000000E-003
   33.000000000000000        1.4897756327612295        0.0000000000000000        0.0000000000000000        0.0000000000000000        0.0000000000000000       0.99739999999999995        2.5999999999999999E-003
   34.000000000000000        1.4942218832595608        0.0000000000000000        0.0000000000000000        0.0000000000000000        0.0000000000000000       0.99739999999999995        2.5999999999999999E-003
   35.000000000000000        1.4929636220828144        0.0000000000000000        0.0000000000000000        0.0000000000000000       0.12139999999999999       0.87619999999999998        2.3999999999999998E-003
   36.000000000000000        1.4829552896517126        0.0000000000000000        0.0000000000000000        0.0000000000000000       0.11840000000000001       0.37840000000000001       0.50319999999999998     
   37.000000000000000        1.4908486428568724        0.0000000000000000        0.0000000000000000        0.0000000000000000       0.11880000000000000       0.37780000000000002       0.50339999999999996     
   38.000000000000000        1.5000407081912175        0.0000000000000000        0.0000000000000000        0.0000000000000000       0.13180000000000000       0.36480000000000001       0.50339999999999996     
   39.000000000000000        1.5080506396107558        0.0000000000000000        0.0000000000000000        0.0000000000000000       0.21800000000000000       0.27860000000000001       0.50339999999999996     
   40.000000000000000        1.5084548621524076        0.0000000000000000        0.0000000000000000        0.0000000000000000       0.55420000000000003       0.44579999999999997        0.0000000000000000     
   41.000000000000000        1.5677135179112502        0.0000000000000000        0.0000000000000000        0.0000000000000000       0.26719999999999999       0.61280000000000001       0.12000000000000000     
   42.000000000000000        1.5600862304998320        0.0000000000000000        0.0000000000000000        7.0000000000000001E-003   0.0000000000000000       0.90880000000000005        8.4199999999999997E-002
   43.000000000000000        1.5642129759823689        0.0000000000000000        0.0000000000000000        7.0000000000000001E-003   0.0000000000000000       0.90859999999999996        8.4400000000000003E-002
   44.000000000000000        1.5883391934968905        0.0000000000000000        0.0000000000000000        7.0000000000000001E-003   0.0000000000000000       0.90880000000000005        8.4199999999999997E-002
   45.000000000000000        1.6583809585352578        0.0000000000000000        0.0000000000000000        7.0000000000000001E-003   0.0000000000000000       0.90900000000000003        8.4000000000000005E-002
   46.000000000000000        1.6262102795621023        0.0000000000000000        0.0000000000000000        7.0000000000000001E-003   0.0000000000000000       0.90939999999999999        8.3599999999999994E-002
   47.000000000000000        1.6447363243252331        0.0000000000000000        0.0000000000000000        7.0000000000000001E-003   0.0000000000000000       0.90820000000000001        8.4800000000000000E-002
   48.000000000000000        1.6622925911312663        0.0000000000000000        0.0000000000000000        7.0000000000000001E-003   0.0000000000000000       0.90620000000000001        8.6800000000000002E-002
   49.000000000000000        1.6767850965254474        0.0000000000000000        0.0000000000000000        7.0000000000000001E-003   0.0000000000000000       0.90539999999999998        8.7599999999999997E-002
   50.000000000000000        1.6885083176410132        0.0000000000000000        0.0000000000000000        7.0000000000000001E-003   0.0000000000000000       0.90539999999999998        8.7599999999999997E-002
   51.000000000000000        1.6982146106787568        0.0000000000000000        0.0000000000000000        7.0000000000000001E-003   0.0000000000000000       0.89720000000000000        9.5799999999999996E-002
   52.000000000000000        1.7027878969498689        0.0000000000000000        0.0000000000000000        7.0000000000000001E-003   0.0000000000000000       0.88519999999999999       0.10780000000000001     
   53.000000000000000        1.7044692012875025        0.0000000000000000        0.0000000000000000        7.0000000000000001E-003   0.0000000000000000       0.93079999999999996        6.2199999999999998E-002
   54.000000000000000        1.7035005062041806        0.0000000000000000        0.0000000000000000        7.0000000000000001E-003   0.0000000000000000       0.89500000000000002        9.8000000000000004E-002
   55.000000000000000        1.6994508444347274        0.0000000000000000        0.0000000000000000        7.0000000000000001E-003   0.0000000000000000       0.90980000000000005        8.3199999999999996E-002
   56.000000000000000        1.6925902594019058        0.0000000000000000        0.0000000000000000        7.0000000000000001E-003   0.0000000000000000       0.89239999999999997       0.10059999999999999     
   57.000000000000000        1.6835374958828060        0.0000000000000000        0.0000000000000000        7.0000000000000001E-003   0.0000000000000000       0.96719999999999995        2.5800000000000000E-002
   58.000000000000000        1.6728172662442951        0.0000000000000000        0.0000000000000000        7.0000000000000001E-003   0.0000000000000000       0.96779999999999999        2.5200000000000000E-002
   59.000000000000000        1.6612109150939021        0.0000000000000000        0.0000000000000000        7.0000000000000001E-003   0.0000000000000000       0.96719999999999995        2.5800000000000000E-002
   60.000000000000000        1.6496191124467405        0.0000000000000000        0.0000000000000000        7.0000000000000001E-003   0.0000000000000000       0.95760000000000001        3.5400000000000001E-002
   61.000000000000000        1.6385659764912364        0.0000000000000000        0.0000000000000000        7.0000000000000001E-003   0.0000000000000000       0.95060000000000000        4.2400000000000000E-002
   62.000000000000000        1.6288858064506295        0.0000000000000000        0.0000000000000000        7.0000000000000001E-003   0.0000000000000000       0.94399999999999995        4.9000000000000002E-002
   63.000000000000000        1.6203140823588327        0.0000000000000000        0.0000000000000000        7.0000000000000001E-003   0.0000000000000000       0.94179999999999997        5.1200000000000002E-002
   64.000000000000000        1.6142744963040279        0.0000000000000000        0.0000000000000000        7.0000000000000001E-003   0.0000000000000000       0.94179999999999997        5.1200000000000002E-002
   65.000000000000000        1.6108429406892382        0.0000000000000000        0.0000000000000000        7.0000000000000001E-003   0.0000000000000000       0.94220000000000004        5.0799999999999998E-002
   66.000000000000000        1.6099830647598306        0.0000000000000000        0.0000000000000000        7.0000000000000001E-003   0.0000000000000000       0.94440000000000002        4.8599999999999997E-002
   67.000000000000000        1.6118774052628924        0.0000000000000000        0.0000000000000000        7.0000000000000001E-003   0.0000000000000000       0.94140000000000001        5.1600000000000000E-002
   68.000000000000000        1.6162733712216562        0.0000000000000000        0.0000000000000000        7.0000000000000001E-003   0.0000000000000000       0.94199999999999995        5.0999999999999997E-002
   69.000000000000000        1.6228895256140401        0.0000000000000000        0.0000000000000000        7.0000000000000001E-003   0.0000000000000000       0.94259999999999999        5.0400000000000000E-002
   70.000000000000000        1.6313160902902872        0.0000000000000000        0.0000000000000000        7.0000000000000001E-003   0.0000000000000000       0.94560000000000000        4.7399999999999998E-002
   71.000000000000000        1.6415111408279537        0.0000000000000000        0.0000000000000000        6.6000000000000000E-003   4.0000000000000002E-004  0.94620000000000004        4.6800000000000001E-002
   72.000000000000000        1.6508162613213830        0.0000000000000000        0.0000000000000000        6.6000000000000000E-003   4.0000000000000002E-004  0.94520000000000004        4.7800000000000002E-002
   73.000000000000000        1.6632513238740061        0.0000000000000000        0.0000000000000000        6.6000000000000000E-003   4.0000000000000002E-004  0.94279999999999997        5.0200000000000002E-002
   74.000000000000000        1.6737174511002899        0.0000000000000000        0.0000000000000000        6.6000000000000000E-003   4.0000000000000002E-004  0.94379999999999997        4.9200000000000001E-002
   75.000000000000000        1.6842201095917404        0.0000000000000000        0.0000000000000000        6.0000000000000001E-003   1.0000000000000000E-003  0.94399999999999995        4.9000000000000002E-002
   76.000000000000000        1.6925026474027356        0.0000000000000000        0.0000000000000000        5.7999999999999996E-003   1.1999999999999999E-003  0.94099999999999995        5.1999999999999998E-002
   77.000000000000000        1.7013602832110510        0.0000000000000000        0.0000000000000000        5.7999999999999996E-003   1.1999999999999999E-003  0.94159999999999999        5.1400000000000001E-002
   78.000000000000000        1.7030175142393358        0.0000000000000000        0.0000000000000000        5.7999999999999996E-003   1.1999999999999999E-003  0.94240000000000002        5.0599999999999999E-002
   79.000000000000000        1.7050728977780956        0.0000000000000000        0.0000000000000000        5.7999999999999996E-003   1.1999999999999999E-003  0.94440000000000002        4.8599999999999997E-002
   80.000000000000000        1.7042723192057394        0.0000000000000000        0.0000000000000000        5.7999999999999996E-003   1.1999999999999999E-003  0.94259999999999999        5.0400000000000000E-002
   81.000000000000000        1.7007959359483520        0.0000000000000000        0.0000000000000000        5.7999999999999996E-003   1.1999999999999999E-003  0.94259999999999999        5.0400000000000000E-002
   82.000000000000000        1.6949880252666827        0.0000000000000000        0.0000000000000000        5.7999999999999996E-003   1.1999999999999999E-003  0.94199999999999995        5.0999999999999997E-002
   83.000000000000000        1.6863682296627414        0.0000000000000000        0.0000000000000000        5.7999999999999996E-003   1.1999999999999999E-003  0.94440000000000002        4.8599999999999997E-002
   84.000000000000000        1.6754920857704065        0.0000000000000000        0.0000000000000000        5.7999999999999996E-003   1.1999999999999999E-003  0.94460000000000000        4.8399999999999999E-002
   85.000000000000000        1.6630172861889068        0.0000000000000000        0.0000000000000000        5.7999999999999996E-003   1.1999999999999999E-003  0.94279999999999997        5.0200000000000002E-002
   86.000000000000000        1.6486653131110196        0.0000000000000000        0.0000000000000000        5.7999999999999996E-003   1.1999999999999999E-003  0.93520000000000003        5.7799999999999997E-002
   87.000000000000000        1.6334975364671260        0.0000000000000000        0.0000000000000000        5.4000000000000003E-003   1.6000000000000001E-003  0.93559999999999999        5.7400000000000000E-002
   88.000000000000000        1.6174896601609818        0.0000000000000000        0.0000000000000000        5.4000000000000003E-003   1.6000000000000001E-003  0.94259999999999999        5.0400000000000000E-002
   89.000000000000000        1.6016479841044968        0.0000000000000000        0.0000000000000000        5.4000000000000003E-003   1.6000000000000001E-003  0.95179999999999998        4.1200000000000001E-002
   90.000000000000000        1.5866617791755246        0.0000000000000000        0.0000000000000000        5.4000000000000003E-003   1.6000000000000001E-003  0.96440000000000003        2.8600000000000000E-002
   91.000000000000000        1.5732951664263515        0.0000000000000000        0.0000000000000000        5.4000000000000003E-003   1.6000000000000001E-003  0.94640000000000002        4.6600000000000003E-002
   92.000000000000000        1.5623794139684508        0.0000000000000000        0.0000000000000000        5.4000000000000003E-003   1.6000000000000001E-003  0.89339999999999997        9.9599999999999994E-002
   93.000000000000000        1.5542455842474197        0.0000000000000000        0.0000000000000000        5.4000000000000003E-003   1.6000000000000001E-003  0.99299999999999999        0.0000000000000000     
   94.000000000000000        1.5496367432009293        0.0000000000000000        0.0000000000000000        5.4000000000000003E-003   1.6000000000000001E-003  0.93159999999999998        6.1400000000000003E-002
   95.000000000000000        1.5491246404648475        0.0000000000000000        0.0000000000000000        5.1999999999999998E-003   1.8000000000000000E-003  0.92300000000000004        7.0000000000000007E-002
   96.000000000000000        1.5532894402889581        0.0000000000000000        0.0000000000000000        5.1999999999999998E-003   1.8000000000000000E-003  0.92300000000000004        7.0000000000000007E-002
   97.000000000000000        1.5623504558863821        0.0000000000000000        0.0000000000000000        5.1999999999999998E-003   1.8000000000000000E-003  0.91080000000000005        8.2199999999999995E-002
   98.000000000000000        1.5765197593787588        0.0000000000000000        0.0000000000000000        5.1999999999999998E-003   1.8000000000000000E-003  0.91359999999999997        7.9399999999999998E-002
   99.000000000000000        1.5955964730088714        0.0000000000000000        0.0000000000000000        5.1999999999999998E-003   1.8000000000000000E-003  0.91080000000000005        8.2199999999999995E-002
   100.00000000000000        1.6194404362629347        0.0000000000000000        0.0000000000000000        5.1999999999999998E-003   1.8000000000000000E-003  0.90859999999999996        8.4400000000000003E-002
   101.00000000000000        1.6474703673635367        0.0000000000000000        0.0000000000000000        5.1999999999999998E-003   1.8000000000000000E-003  0.90959999999999996        8.3400000000000002E-002
   102.00000000000000        1.6790718394467556        0.0000000000000000        0.0000000000000000        5.1999999999999998E-003   1.8000000000000000E-003  0.90959999999999996        8.3400000000000002E-002
   103.00000000000000        1.7144915387992867        0.0000000000000000        0.0000000000000000        5.0000000000000001E-003   2.0000000000000000E-003  0.90959999999999996        8.3400000000000002E-002
   104.00000000000000        1.7505020147079196        0.0000000000000000        0.0000000000000000        5.0000000000000001E-003   2.0000000000000000E-003  0.90900000000000003        8.4000000000000005E-002
   105.00000000000000        1.7882231182001140        0.0000000000000000        0.0000000000000000        5.0000000000000001E-003   2.0000000000000000E-003  0.90900000000000003        8.4000000000000005E-002
   106.00000000000000        1.8262751817008773        0.0000000000000000        0.0000000000000000        5.0000000000000001E-003   2.0000000000000000E-003  0.90959999999999996        8.3400000000000002E-002
   107.00000000000000        1.8627354234815361        0.0000000000000000        0.0000000000000000        5.0000000000000001E-003   2.0000000000000000E-003  0.90959999999999996        8.3400000000000002E-002
   108.00000000000000        1.8978202982857031        0.0000000000000000        0.0000000000000000        5.0000000000000001E-003   2.0000000000000000E-003  0.90920000000000001        8.3799999999999999E-002
   109.00000000000000        1.9301775115860613        0.0000000000000000        0.0000000000000000        5.0000000000000001E-003   2.0000000000000000E-003  0.90920000000000001        8.3799999999999999E-002
   110.00000000000000        1.9591530576210623        0.0000000000000000        0.0000000000000000        5.0000000000000001E-003   2.0000000000000000E-003  0.90920000000000001        8.3799999999999999E-002
   111.00000000000000        1.9840591861301173        0.0000000000000000        0.0000000000000000        5.0000000000000001E-003   2.0000000000000000E-003  0.90759999999999996        8.5400000000000004E-002
   112.00000000000000        2.0047430312973513        0.0000000000000000        0.0000000000000000        5.0000000000000001E-003   2.0000000000000000E-003  0.90759999999999996        8.5400000000000004E-002
   113.00000000000000        2.0208910231889368        0.0000000000000000        0.0000000000000000        5.0000000000000001E-003   2.0000000000000000E-003  0.90900000000000003        8.4000000000000005E-002
   114.00000000000000        2.0271751183960980        0.0000000000000000        0.0000000000000000        5.0000000000000001E-003   2.0000000000000000E-003  0.91159999999999997        8.1400000000000000E-002
   115.00000000000000        2.0298455255933394        0.0000000000000000        0.0000000000000000        5.0000000000000001E-003   2.0000000000000000E-003  0.90880000000000005        8.4199999999999997E-002
   116.00000000000000        2.0287099727389442        0.0000000000000000        0.0000000000000000        5.0000000000000001E-003   2.0000000000000000E-003  0.90920000000000001        8.3799999999999999E-002
   117.00000000000000        2.0171278316197996        0.0000000000000000        0.0000000000000000        5.0000000000000001E-003   2.0000000000000000E-003  0.91020000000000001        8.2799999999999999E-002
   118.00000000000000        2.0032937764925203        0.0000000000000000        0.0000000000000000        5.0000000000000001E-003   2.0000000000000000E-003  0.91139999999999999        8.1600000000000006E-002
   119.00000000000000        1.9848669827326872        0.0000000000000000        0.0000000000000000        5.0000000000000001E-003   2.0000000000000000E-003  0.91000000000000003        8.3000000000000004E-002
   120.00000000000000        1.9581876604424546        0.0000000000000000        0.0000000000000000        5.0000000000000001E-003   2.0000000000000000E-003  0.89820000000000000        9.4799999999999995E-002
   121.00000000000000        1.9310921844085009        0.0000000000000000        0.0000000000000000        5.0000000000000001E-003   2.0000000000000000E-003  0.88700000000000001       0.10600000000000000     
   122.00000000000000        1.8979622371411331        0.0000000000000000        0.0000000000000000        5.0000000000000001E-003   2.0000000000000000E-003  0.90880000000000005        8.4199999999999997E-002
   123.00000000000000        1.8626455634904142        0.0000000000000000        0.0000000000000000        4.7999999999999996E-003   2.2000000000000001E-003  0.89000000000000001       0.10299999999999999     
   124.00000000000000        1.8246182121757113        0.0000000000000000        0.0000000000000000        4.7999999999999996E-003   2.2000000000000001E-003  0.86040000000000005       0.13260000000000000     
   125.00000000000000        1.7850459896073902        0.0000000000000000        0.0000000000000000        4.7999999999999996E-003   2.2000000000000001E-003  0.84560000000000002       0.14740000000000000     
   126.00000000000000        1.7453880540450184        0.0000000000000000        0.0000000000000000        4.7999999999999996E-003   2.2000000000000001E-003  0.79559999999999997       0.19739999999999999     
   127.00000000000000        1.7067466194351155        0.0000000000000000        0.0000000000000000        4.0000000000000001E-003   3.0000000000000001E-003  0.72260000000000002       0.27039999999999997     
   128.00000000000000        1.6688535141991170        0.0000000000000000        0.0000000000000000        4.0000000000000001E-003   3.0000000000000001E-003  0.70440000000000003       0.28860000000000002     
   129.00000000000000        1.6334754128599669        0.0000000000000000        0.0000000000000000        4.0000000000000001E-003   3.0000000000000001E-003  0.64639999999999997       0.34660000000000002     
   130.00000000000000        1.6013558856795058        0.0000000000000000        0.0000000000000000        4.0000000000000001E-003   3.0000000000000001E-003  0.59919999999999995       0.39379999999999998     
   131.00000000000000        1.5731605029814328        0.0000000000000000        0.0000000000000000        4.0000000000000001E-003   3.0000000000000001E-003  0.56020000000000003       0.43280000000000002     
   132.00000000000000        1.5493522211337925        0.0000000000000000        0.0000000000000000        4.0000000000000001E-003   3.0000000000000001E-003  0.53120000000000001       0.46179999999999999     
   133.00000000000000        1.5305061703191032        0.0000000000000000        0.0000000000000000        4.0000000000000001E-003   3.0000000000000001E-003  0.52159999999999995       0.47139999999999999     
   134.00000000000000        1.5170304996588915        0.0000000000000000        0.0000000000000000        4.0000000000000001E-003   3.0000000000000001E-003  0.52320000000000000       0.46980000000000000     
   135.00000000000000        1.5092559225538662        0.0000000000000000        0.0000000000000000        4.0000000000000001E-003   3.0000000000000001E-003  0.50480000000000003       0.48820000000000002     
   136.00000000000000        1.5075904147785764        0.0000000000000000        0.0000000000000000        4.0000000000000001E-003   3.0000000000000001E-003  0.51339999999999997       0.47960000000000003     
   137.00000000000000        1.5104640292826166        0.0000000000000000        0.0000000000000000        4.0000000000000001E-003   3.0000000000000001E-003  0.51319999999999999       0.47980000000000000     
   138.00000000000000        1.5183771609481083        0.0000000000000000        0.0000000000000000        4.0000000000000001E-003   3.0000000000000001E-003  0.51959999999999995       0.47339999999999999     
   139.00000000000000        1.5312130224922536        0.0000000000000000        0.0000000000000000        4.0000000000000001E-003   3.0000000000000001E-003  0.51980000000000004       0.47320000000000001     
   140.00000000000000        1.5478095098232556        0.0000000000000000        0.0000000000000000        4.0000000000000001E-003   3.0000000000000001E-003  0.50960000000000005       0.48340000000000000     
   141.00000000000000        1.5682324289654037        0.0000000000000000        0.0000000000000000        4.0000000000000001E-003   3.0000000000000001E-003  0.48999999999999999       0.50300000000000000     
   142.00000000000000        1.5896609985058423        0.0000000000000000        0.0000000000000000        4.0000000000000001E-003   3.0000000000000001E-003  0.50280000000000002       0.49020000000000002     
   143.00000000000000        1.6138473940754725        0.0000000000000000        0.0000000000000000        3.8000000000000000E-003   3.2000000000000002E-003  0.48280000000000001       0.51019999999999999     
   144.00000000000000        1.6382086755135921        0.0000000000000000        0.0000000000000000        3.8000000000000000E-003   3.2000000000000002E-003  0.47160000000000002       0.52139999999999997     
   145.00000000000000        1.6626729895868400        0.0000000000000000        0.0000000000000000        3.8000000000000000E-003   3.2000000000000002E-003  0.44960000000000000       0.54339999999999999     
   146.00000000000000        1.6860536770860066        0.0000000000000000        0.0000000000000000        3.8000000000000000E-003   3.2000000000000002E-003  0.43040000000000000       0.56259999999999999     
   147.00000000000000        1.7077707555735009        0.0000000000000000        2.0000000000000001E-004   3.5999999999999999E-003   3.2000000000000002E-003  0.42920000000000003       0.56379999999999997     
   148.00000000000000        1.7271209878372658        0.0000000000000000        2.0000000000000001E-004   3.5999999999999999E-003   3.2000000000000002E-003  0.42140000000000000       0.57160000000000000     
   149.00000000000000        1.7435970929496674        0.0000000000000000        2.0000000000000001E-004   3.5999999999999999E-003   3.2000000000000002E-003  0.46139999999999998       0.53159999999999996     
   150.00000000000000        1.7571355637971333        0.0000000000000000        2.0000000000000001E-004   3.5999999999999999E-003   3.2000000000000002E-003  0.46700000000000003       0.52600000000000002     
   151.00000000000000        1.7671992245548833        0.0000000000000000        2.0000000000000001E-004   3.5999999999999999E-003   3.2000000000000002E-003  0.46839999999999998       0.52459999999999996     
   152.00000000000000        1.7729370112330614        0.0000000000000000        2.0000000000000001E-004   3.5999999999999999E-003   3.2000000000000002E-003  0.51100000000000001       0.48199999999999998     
   153.00000000000000        1.7752641287623461        0.0000000000000000        2.0000000000000001E-004   3.3999999999999998E-003   3.3999999999999998E-003  0.52280000000000004       0.47020000000000001     
   154.00000000000000        1.7735412748087653        0.0000000000000000        2.0000000000000001E-004   3.3999999999999998E-003   3.3999999999999998E-003  0.54239999999999999       0.45060000000000000     
   155.00000000000000        1.7681771378509406        0.0000000000000000        2.0000000000000001E-004   3.3999999999999998E-003   3.3999999999999998E-003  0.53259999999999996       0.46039999999999998     
   156.00000000000000        1.7597789670776314        0.0000000000000000        2.0000000000000001E-004   3.3999999999999998E-003   3.3999999999999998E-003  0.54179999999999995       0.45119999999999999     
   157.00000000000000        1.7472945758194713        0.0000000000000000        2.0000000000000001E-004   3.3999999999999998E-003   3.3999999999999998E-003  0.54879999999999995       0.44419999999999998     
   158.00000000000000        1.7330080964588004        0.0000000000000000        2.0000000000000001E-004   3.3999999999999998E-003   3.3999999999999998E-003  0.55379999999999996       0.43919999999999998     
   159.00000000000000        1.7166598432843996        0.0000000000000000        2.0000000000000001E-004   3.3999999999999998E-003   3.3999999999999998E-003  0.56079999999999997       0.43219999999999997     
   160.00000000000000        1.6991331841845088        0.0000000000000000        2.0000000000000001E-004   3.3999999999999998E-003   3.3999999999999998E-003  0.56040000000000001       0.43259999999999998     
   161.00000000000000        1.6811813917881158        0.0000000000000000        2.0000000000000001E-004   3.3999999999999998E-003   3.3999999999999998E-003  0.55879999999999996       0.43419999999999997     
   162.00000000000000        1.6633865132114398        0.0000000000000000        2.0000000000000001E-004   3.3999999999999998E-003   3.3999999999999998E-003  0.55920000000000003       0.43380000000000002     
   163.00000000000000        1.6463851292500649        0.0000000000000000        2.0000000000000001E-004   3.3999999999999998E-003   3.3999999999999998E-003  0.55900000000000005       0.43400000000000000     
   164.00000000000000        1.6310471958104249        0.0000000000000000        2.0000000000000001E-004   3.3999999999999998E-003   3.3999999999999998E-003  0.56020000000000003       0.43280000000000002     
   165.00000000000000        1.6179620139935755        0.0000000000000000        2.0000000000000001E-004   3.3999999999999998E-003   3.3999999999999998E-003  0.56299999999999994       0.42999999999999999     
   166.00000000000000        1.6070948969436185        0.0000000000000000        2.0000000000000001E-004   3.3999999999999998E-003   3.3999999999999998E-003  0.55940000000000001       0.43359999999999999     
   167.00000000000000        1.5988000884537712        0.0000000000000000        2.0000000000000001E-004   3.3999999999999998E-003   3.3999999999999998E-003  0.56000000000000005       0.43300000000000000     
   168.00000000000000        1.5935491575258762        0.0000000000000000        2.0000000000000001E-004   3.3999999999999998E-003   3.3999999999999998E-003  0.56140000000000001       0.43159999999999998     
   169.00000000000000        1.5908561808888559        0.0000000000000000        2.0000000000000001E-004   3.3999999999999998E-003   3.3999999999999998E-003  0.56059999999999999       0.43240000000000001     
   170.00000000000000        1.5905605965775522        0.0000000000000000        2.0000000000000001E-004   3.3999999999999998E-003   3.3999999999999998E-003  0.56000000000000005       0.43300000000000000     
   171.00000000000000        1.5931304314423989        0.0000000000000000        2.0000000000000001E-004   3.3999999999999998E-003   3.3999999999999998E-003  0.56979999999999997       0.42320000000000002     
   172.00000000000000        1.5952383133520813        0.0000000000000000        2.0000000000000001E-004   3.3999999999999998E-003   3.3999999999999998E-003  0.59219999999999995       0.40079999999999999     
   173.00000000000000        1.5999845699549029        0.0000000000000000        2.0000000000000001E-004   3.3999999999999998E-003   3.3999999999999998E-003  0.59580000000000000       0.39720000000000000     
   174.00000000000000        1.6047791805046305        0.0000000000000000        2.0000000000000001E-004   3.3999999999999998E-003   3.3999999999999998E-003  0.58620000000000005       0.40679999999999999     
   175.00000000000000        1.6097925269219346        0.0000000000000000        2.0000000000000001E-004   3.3999999999999998E-003   3.3999999999999998E-003  0.59699999999999998       0.39600000000000002     
   176.00000000000000        1.6146334815562859        0.0000000000000000        2.0000000000000001E-004   3.3999999999999998E-003   3.3999999999999998E-003  0.55520000000000003       0.43780000000000002     
   177.00000000000000        1.6184862840205483        0.0000000000000000        2.0000000000000001E-004   3.3999999999999998E-003   3.3999999999999998E-003  0.52600000000000002       0.46700000000000003     
   178.00000000000000        1.6191262128220467        0.0000000000000000        2.0000000000000001E-004   3.3999999999999998E-003   3.3999999999999998E-003  0.53879999999999995       0.45419999999999999     
   179.00000000000000        1.6211241428249774        0.0000000000000000        2.0000000000000001E-004   3.3999999999999998E-003   3.3999999999999998E-003  0.53359999999999996       0.45939999999999998     
   180.00000000000000        1.6181449070591825        0.0000000000000000        2.0000000000000001E-004   3.3999999999999998E-003   3.3999999999999998E-003  0.53700000000000003       0.45600000000000002     
   181.00000000000000        1.6137480314052333        0.0000000000000000        2.0000000000000001E-004   3.3999999999999998E-003   3.3999999999999998E-003  0.52739999999999998       0.46560000000000001     
   182.00000000000000        1.6056891486779965        0.0000000000000000        2.0000000000000001E-004   3.3999999999999998E-003   3.3999999999999998E-003  0.52239999999999998       0.47060000000000002     
   183.00000000000000        1.5969566061505334        0.0000000000000000        2.0000000000000001E-004   3.3999999999999998E-003   3.3999999999999998E-003  0.52700000000000002       0.46600000000000003     
   184.00000000000000        1.5862701755956614        0.0000000000000000        2.0000000000000001E-004   3.3999999999999998E-003   3.3999999999999998E-003  0.54320000000000002       0.44979999999999998     
   185.00000000000000        1.5742840638193314        0.0000000000000000        2.0000000000000001E-004   3.3999999999999998E-003   3.3999999999999998E-003  0.52239999999999998       0.47060000000000002     
   186.00000000000000        1.5607520190024227        0.0000000000000000        2.0000000000000001E-004   3.3999999999999998E-003   3.3999999999999998E-003  0.53700000000000003       0.45600000000000002     
   187.00000000000000        1.5467559927393468        0.0000000000000000        2.0000000000000001E-004   3.3999999999999998E-003   3.3999999999999998E-003  0.51700000000000002       0.47599999999999998     
   188.00000000000000        1.5323166581367087        0.0000000000000000        2.0000000000000001E-004   3.3999999999999998E-003   3.3999999999999998E-003  0.50460000000000005       0.48840000000000000     
   189.00000000000000        1.5188079617015400        0.0000000000000000        2.0000000000000001E-004   3.3999999999999998E-003   9.2200000000000004E-002  0.19320000000000001       0.71099999999999997     
