#        BMIN =   406
#        BMAX =   411
#     INIBAND =   410
#      NBANDS =   540
#         NSW =  2000
#       POTIM =   1.0
#        TEMP = 300.0
#    NAMDTINI =   141
#    NAMDTIME =  1000
#       NTRAJ =  5000
#        NELM =  1000
#       LHOLE =     T
#        LSHP =     T
#      LCPTXT =     T
#      RUNDIR = ../../run/
   1.0000000000000000        1.8784255143534678        0.0000000000000000        0.0000000000000000        0.0000000000000000        0.0000000000000000        1.0000000000000000        0.0000000000000000     
   2.0000000000000000        1.8882518886129354        0.0000000000000000        0.0000000000000000        0.0000000000000000        0.0000000000000000       0.99900000000000000        1.0000000000000000E-003
   3.0000000000000000        1.8921666351326096        0.0000000000000000        0.0000000000000000        0.0000000000000000        0.0000000000000000       0.99900000000000000        1.0000000000000000E-003
   4.0000000000000000        1.8908410031668970        0.0000000000000000        0.0000000000000000        0.0000000000000000        0.0000000000000000       0.99839999999999995        1.6000000000000001E-003
   5.0000000000000000        1.8833121144695226        0.0000000000000000        0.0000000000000000        0.0000000000000000        0.0000000000000000       0.99260000000000004        7.4000000000000003E-003
   6.0000000000000000        1.8686260965255450        0.0000000000000000        0.0000000000000000        0.0000000000000000        0.0000000000000000       0.98660000000000003        1.3400000000000000E-002
   7.0000000000000000        1.8483723857985892        0.0000000000000000        0.0000000000000000        0.0000000000000000        0.0000000000000000       0.98399999999999999        1.6000000000000000E-002
   8.0000000000000000        1.8255674614203858        0.0000000000000000        0.0000000000000000        0.0000000000000000        0.0000000000000000       0.98340000000000005        1.6600000000000000E-002
   9.0000000000000000        1.7918997726288839        0.0000000000000000        0.0000000000000000        0.0000000000000000        0.0000000000000000       0.98340000000000005        1.6600000000000000E-002
   10.000000000000000        1.7598288477737865        0.0000000000000000        0.0000000000000000        0.0000000000000000        0.0000000000000000       0.98960000000000004        1.0400000000000000E-002
   11.000000000000000        1.7245656725158398        0.0000000000000000        0.0000000000000000        0.0000000000000000        0.0000000000000000       0.99239999999999995        7.6000000000000000E-003
   12.000000000000000        1.6933717479532751        0.0000000000000000        0.0000000000000000        0.0000000000000000        0.0000000000000000       0.99280000000000002        7.1999999999999998E-003
   13.000000000000000        1.6563877526711090        0.0000000000000000        0.0000000000000000        0.0000000000000000        0.0000000000000000       0.99539999999999995        4.5999999999999999E-003
   14.000000000000000        1.6216587073236270        0.0000000000000000        0.0000000000000000        0.0000000000000000        0.0000000000000000       0.99860000000000004        1.4000000000000000E-003
   15.000000000000000        1.5863028158574168        0.0000000000000000        0.0000000000000000        0.0000000000000000        0.0000000000000000       0.99860000000000004        1.4000000000000000E-003
   16.000000000000000        1.5545801732756153        0.0000000000000000        0.0000000000000000        0.0000000000000000        0.0000000000000000       0.99680000000000002        3.2000000000000002E-003
   17.000000000000000        1.5253657939156997        0.0000000000000000        0.0000000000000000        0.0000000000000000        0.0000000000000000       0.99900000000000000        1.0000000000000000E-003
   18.000000000000000        1.5003845875579545        0.0000000000000000        0.0000000000000000        0.0000000000000000        0.0000000000000000        1.0000000000000000        0.0000000000000000     
   19.000000000000000        1.4801210896323180        0.0000000000000000        0.0000000000000000        0.0000000000000000        0.0000000000000000        1.0000000000000000        0.0000000000000000     
   20.000000000000000        1.4657770834879933        0.0000000000000000        0.0000000000000000        0.0000000000000000        0.0000000000000000        1.0000000000000000        0.0000000000000000     
   21.000000000000000        1.4555736459786770        0.0000000000000000        0.0000000000000000        0.0000000000000000        0.0000000000000000       0.99500000000000000        5.0000000000000001E-003
   22.000000000000000        1.4511458610838410        0.0000000000000000        0.0000000000000000        0.0000000000000000        0.0000000000000000        1.0000000000000000        0.0000000000000000     
   23.000000000000000        1.4522473101261226        0.0000000000000000        0.0000000000000000        0.0000000000000000        0.0000000000000000        1.0000000000000000        0.0000000000000000     
   24.000000000000000        1.4574009333238447        0.0000000000000000        0.0000000000000000        0.0000000000000000        0.0000000000000000       0.99660000000000004        3.3999999999999998E-003
   25.000000000000000        1.4676386817159603        0.0000000000000000        0.0000000000000000        0.0000000000000000        0.0000000000000000       0.99939999999999996        5.9999999999999995E-004
   26.000000000000000        1.4806738173140699        0.0000000000000000        0.0000000000000000        0.0000000000000000        0.0000000000000000       0.99719999999999998        2.8000000000000000E-003
   27.000000000000000        1.4967909507026651        0.0000000000000000        0.0000000000000000        0.0000000000000000        0.0000000000000000       0.99839999999999995        1.6000000000000001E-003
   28.000000000000000        1.5134905033550285        0.0000000000000000        0.0000000000000000        0.0000000000000000        0.0000000000000000       0.99719999999999998        2.8000000000000000E-003
   29.000000000000000        1.5345106622807152        0.0000000000000000        0.0000000000000000        0.0000000000000000        0.0000000000000000       0.99419999999999997        5.7999999999999996E-003
   30.000000000000000        1.5544957237788626        0.0000000000000000        0.0000000000000000        0.0000000000000000        0.0000000000000000       0.99860000000000004        1.4000000000000000E-003
   31.000000000000000        1.5752124520446760        0.0000000000000000        0.0000000000000000        0.0000000000000000        0.0000000000000000        1.0000000000000000        0.0000000000000000     
   32.000000000000000        1.5950139743452982        0.0000000000000000        0.0000000000000000        0.0000000000000000        0.0000000000000000       0.99919999999999998        8.0000000000000004E-004
   33.000000000000000        1.6134084857314326        0.0000000000000000        0.0000000000000000        0.0000000000000000        0.0000000000000000       0.99919999999999998        8.0000000000000004E-004
   34.000000000000000        1.6302178653757979        0.0000000000000000        0.0000000000000000        0.0000000000000000        0.0000000000000000        1.0000000000000000        0.0000000000000000     
   35.000000000000000        1.6448354281159723        0.0000000000000000        0.0000000000000000        0.0000000000000000        0.0000000000000000       0.99880000000000002        1.1999999999999999E-003
   36.000000000000000        1.6565059092013750        0.0000000000000000        0.0000000000000000        0.0000000000000000        0.0000000000000000       0.99919999999999998        8.0000000000000004E-004
   37.000000000000000        1.6657389572122514        0.0000000000000000        0.0000000000000000        0.0000000000000000        0.0000000000000000        1.0000000000000000        0.0000000000000000     
   38.000000000000000        1.6721762134000280        0.0000000000000000        0.0000000000000000        0.0000000000000000        0.0000000000000000       0.99919999999999998        8.0000000000000004E-004
   39.000000000000000        1.6755542211009611        0.0000000000000000        0.0000000000000000        0.0000000000000000        0.0000000000000000       0.99960000000000004        4.0000000000000002E-004
   40.000000000000000        1.6761810271167019        0.0000000000000000        0.0000000000000000        0.0000000000000000        0.0000000000000000       0.99980000000000002        2.0000000000000001E-004
   41.000000000000000        1.6744265163804541        0.0000000000000000        0.0000000000000000        0.0000000000000000        0.0000000000000000       0.99980000000000002        2.0000000000000001E-004
   42.000000000000000        1.6709491272812809        0.0000000000000000        0.0000000000000000        0.0000000000000000        0.0000000000000000       0.99980000000000002        2.0000000000000001E-004
   43.000000000000000        1.6652637195945850        0.0000000000000000        0.0000000000000000        0.0000000000000000        0.0000000000000000       0.99980000000000002        2.0000000000000001E-004
   44.000000000000000        1.6588014845077255        0.0000000000000000        0.0000000000000000        0.0000000000000000        0.0000000000000000        1.0000000000000000        0.0000000000000000     
   45.000000000000000        1.6517434203110193        0.0000000000000000        0.0000000000000000        0.0000000000000000        0.0000000000000000        1.0000000000000000        0.0000000000000000     
   46.000000000000000        1.6449611790568168        0.0000000000000000        0.0000000000000000        0.0000000000000000        0.0000000000000000        1.0000000000000000        0.0000000000000000     
   47.000000000000000        1.6390275495110820        0.0000000000000000        0.0000000000000000        0.0000000000000000        0.0000000000000000        1.0000000000000000        0.0000000000000000     
   48.000000000000000        1.6344792192252453        0.0000000000000000        0.0000000000000000        0.0000000000000000        0.0000000000000000        1.0000000000000000        0.0000000000000000     
   49.000000000000000        1.6315687096169793        0.0000000000000000        0.0000000000000000        0.0000000000000000        0.0000000000000000        1.0000000000000000        0.0000000000000000     
   50.000000000000000        1.6318237363311630        0.0000000000000000        0.0000000000000000        0.0000000000000000        0.0000000000000000        1.0000000000000000        0.0000000000000000     
   51.000000000000000        1.6331971052713190        0.0000000000000000        0.0000000000000000        0.0000000000000000        0.0000000000000000       0.99980000000000002        2.0000000000000001E-004
   52.000000000000000        1.6386085640665318        0.0000000000000000        0.0000000000000000        0.0000000000000000        0.0000000000000000       0.99060000000000004        9.4000000000000004E-003
   53.000000000000000        1.6460345942706367        0.0000000000000000        0.0000000000000000        0.0000000000000000        0.0000000000000000       0.97640000000000005        2.3599999999999999E-002
   54.000000000000000        1.6564380507259484        0.0000000000000000        0.0000000000000000        0.0000000000000000        0.0000000000000000       0.94940000000000002        5.0599999999999999E-002
   55.000000000000000        1.6690116456546797        0.0000000000000000        0.0000000000000000        0.0000000000000000        0.0000000000000000       0.93140000000000001        6.8599999999999994E-002
   56.000000000000000        1.6828742567775061        0.0000000000000000        0.0000000000000000        0.0000000000000000        0.0000000000000000       0.98719999999999997        1.2800000000000001E-002
   57.000000000000000        1.6988606763163501        0.0000000000000000        0.0000000000000000        0.0000000000000000        0.0000000000000000       0.99019999999999997        9.7999999999999997E-003
   58.000000000000000        1.7153826002280448        0.0000000000000000        0.0000000000000000        0.0000000000000000        0.0000000000000000       0.98860000000000003        1.1400000000000000E-002
   59.000000000000000        1.7324934434349857        0.0000000000000000        0.0000000000000000        0.0000000000000000        0.0000000000000000       0.99060000000000004        9.4000000000000004E-003
   60.000000000000000        1.7489445714864837        0.0000000000000000        0.0000000000000000        0.0000000000000000        0.0000000000000000       0.99060000000000004        9.4000000000000004E-003
   61.000000000000000        1.7644191893608363        0.0000000000000000        0.0000000000000000        0.0000000000000000        0.0000000000000000       0.99080000000000001        9.1999999999999998E-003
   62.000000000000000        1.7783051920447328        0.0000000000000000        0.0000000000000000        0.0000000000000000        0.0000000000000000       0.99080000000000001        9.1999999999999998E-003
   63.000000000000000        1.7901123801639827        0.0000000000000000        0.0000000000000000        0.0000000000000000        0.0000000000000000       0.99060000000000004        9.4000000000000004E-003
   64.000000000000000        1.7991102469230709        0.0000000000000000        0.0000000000000000        0.0000000000000000        0.0000000000000000       0.99060000000000004        9.4000000000000004E-003
   65.000000000000000        1.8045617841570873        0.0000000000000000        0.0000000000000000        0.0000000000000000        0.0000000000000000       0.99060000000000004        9.4000000000000004E-003
   66.000000000000000        1.8063798629902201        0.0000000000000000        0.0000000000000000        0.0000000000000000        0.0000000000000000       0.99139999999999995        8.6000000000000000E-003
   67.000000000000000        1.8040359300921942        0.0000000000000000        0.0000000000000000        0.0000000000000000        0.0000000000000000       0.99180000000000001        8.2000000000000007E-003
   68.000000000000000        1.7981499952655420        0.0000000000000000        0.0000000000000000        0.0000000000000000        0.0000000000000000       0.99180000000000001        8.2000000000000007E-003
   69.000000000000000        1.7882418599436651        0.0000000000000000        0.0000000000000000        0.0000000000000000        0.0000000000000000       0.99180000000000001        8.2000000000000007E-003
   70.000000000000000        1.7750047411336398        0.0000000000000000        0.0000000000000000        0.0000000000000000        0.0000000000000000       0.99139999999999995        8.6000000000000000E-003
   71.000000000000000        1.7587526638422357        0.0000000000000000        0.0000000000000000        0.0000000000000000        0.0000000000000000       0.99139999999999995        8.6000000000000000E-003
   72.000000000000000        1.7395909672634129        0.0000000000000000        0.0000000000000000        0.0000000000000000        0.0000000000000000       0.99160000000000004        8.3999999999999995E-003
   73.000000000000000        1.7163969170554982        0.0000000000000000        0.0000000000000000        0.0000000000000000        0.0000000000000000       0.99019999999999997        9.7999999999999997E-003
   74.000000000000000        1.6919512655110567        0.0000000000000000        0.0000000000000000        0.0000000000000000        0.0000000000000000       0.99019999999999997        9.7999999999999997E-003
   75.000000000000000        1.6660419811754363        0.0000000000000000        0.0000000000000000        0.0000000000000000        0.0000000000000000       0.98999999999999999        1.0000000000000000E-002
   76.000000000000000        1.6396380204218095        0.0000000000000000        0.0000000000000000        0.0000000000000000        0.0000000000000000       0.98999999999999999        1.0000000000000000E-002
   77.000000000000000        1.6132230532647935        0.0000000000000000        0.0000000000000000        0.0000000000000000        0.0000000000000000       0.98999999999999999        1.0000000000000000E-002
   78.000000000000000        1.5880144653583737        0.0000000000000000        0.0000000000000000        0.0000000000000000        0.0000000000000000       0.98999999999999999        1.0000000000000000E-002
   79.000000000000000        1.5646547390550443        0.0000000000000000        0.0000000000000000        0.0000000000000000        0.0000000000000000       0.98999999999999999        1.0000000000000000E-002
   80.000000000000000        1.5439338804969700        0.0000000000000000        0.0000000000000000        0.0000000000000000        0.0000000000000000       0.98980000000000001        1.0200000000000001E-002
   81.000000000000000        1.5266716836956109        0.0000000000000000        0.0000000000000000        0.0000000000000000        0.0000000000000000       0.99019999999999997        9.7999999999999997E-003
   82.000000000000000        1.5134678585940184        0.0000000000000000        0.0000000000000000        0.0000000000000000        0.0000000000000000       0.99019999999999997        9.7999999999999997E-003
   83.000000000000000        1.5053374037741853        0.0000000000000000        0.0000000000000000        0.0000000000000000        0.0000000000000000       0.99019999999999997        9.7999999999999997E-003
   84.000000000000000        1.5020040607745648        0.0000000000000000        0.0000000000000000        0.0000000000000000        0.0000000000000000       0.99160000000000004        8.3999999999999995E-003
   85.000000000000000        1.5042028909710545        0.0000000000000000        0.0000000000000000        0.0000000000000000        0.0000000000000000       0.99160000000000004        8.3999999999999995E-003
   86.000000000000000        1.5117182804378764        0.0000000000000000        0.0000000000000000        0.0000000000000000        0.0000000000000000       0.99139999999999995        8.6000000000000000E-003
   87.000000000000000        1.5248918608525501        0.0000000000000000        0.0000000000000000        0.0000000000000000        0.0000000000000000       0.98760000000000003        1.2400000000000000E-002
   88.000000000000000        1.5430781449758935        0.0000000000000000        0.0000000000000000        0.0000000000000000        0.0000000000000000       0.98580000000000001        1.4200000000000001E-002
   89.000000000000000        1.5659843806621347        0.0000000000000000        0.0000000000000000        0.0000000000000000        0.0000000000000000       0.98640000000000005        1.3599999999999999E-002
   90.000000000000000        1.5930374631878348        0.0000000000000000        0.0000000000000000        0.0000000000000000        0.0000000000000000       0.98640000000000005        1.3599999999999999E-002
   91.000000000000000        1.6236081589301394        0.0000000000000000        0.0000000000000000        0.0000000000000000        0.0000000000000000       0.98760000000000003        1.2400000000000000E-002
   92.000000000000000        1.6564090901227049        0.0000000000000000        0.0000000000000000        0.0000000000000000        0.0000000000000000       0.98599999999999999        1.4000000000000000E-002
   93.000000000000000        1.6908718306904686        0.0000000000000000        0.0000000000000000        0.0000000000000000        0.0000000000000000       0.98240000000000005        1.7600000000000001E-002
   94.000000000000000        1.7254624181732159        0.0000000000000000        0.0000000000000000        0.0000000000000000        0.0000000000000000       0.98540000000000005        1.4600000000000000E-002
   95.000000000000000        1.7601540468206043        0.0000000000000000        0.0000000000000000        0.0000000000000000        0.0000000000000000       0.97919999999999996        2.0799999999999999E-002
   96.000000000000000        1.7937220847627164        0.0000000000000000        0.0000000000000000        0.0000000000000000        0.0000000000000000       0.97880000000000000        2.1200000000000000E-002
   97.000000000000000        1.8247432732434219        0.0000000000000000        0.0000000000000000        0.0000000000000000        0.0000000000000000       0.99219999999999997        7.7999999999999996E-003
   98.000000000000000        1.8517061517083042        0.0000000000000000        0.0000000000000000        0.0000000000000000        0.0000000000000000       0.99180000000000001        8.2000000000000007E-003
   99.000000000000000        1.8796417890995614        0.0000000000000000        0.0000000000000000        0.0000000000000000        0.0000000000000000       0.98880000000000001        1.1200000000000000E-002
   100.00000000000000        1.8956823288104723        0.0000000000000000        0.0000000000000000        0.0000000000000000        0.0000000000000000       0.97599999999999998        2.4000000000000000E-002
   101.00000000000000        1.9094414030145304        0.0000000000000000        0.0000000000000000        0.0000000000000000        0.0000000000000000       0.96319999999999995        3.6799999999999999E-002
   102.00000000000000        1.9186464241688490        0.0000000000000000        0.0000000000000000        0.0000000000000000        0.0000000000000000       0.96360000000000001        3.6400000000000002E-002
   103.00000000000000        1.9217930626160662        0.0000000000000000        0.0000000000000000        0.0000000000000000        0.0000000000000000       0.96360000000000001        3.6400000000000002E-002
   104.00000000000000        1.9187876312949530        0.0000000000000000        0.0000000000000000        0.0000000000000000        0.0000000000000000       0.97060000000000002        2.9399999999999999E-002
   105.00000000000000        1.9108733136121083        0.0000000000000000        0.0000000000000000        0.0000000000000000        0.0000000000000000       0.97260000000000002        2.7400000000000001E-002
   106.00000000000000        1.9004672322688136        0.0000000000000000        0.0000000000000000        0.0000000000000000        0.0000000000000000       0.97819999999999996        2.1800000000000000E-002
   107.00000000000000        1.8811295183445218        0.0000000000000000        0.0000000000000000        0.0000000000000000        0.0000000000000000       0.97840000000000005        2.1600000000000001E-002
   108.00000000000000        1.8553236567889666        0.0000000000000000        0.0000000000000000        0.0000000000000000        0.0000000000000000       0.97340000000000004        2.6599999999999999E-002
   109.00000000000000        1.8292978323916600        0.0000000000000000        0.0000000000000000        0.0000000000000000        0.0000000000000000       0.97660000000000002        2.3400000000000001E-002
   110.00000000000000        1.7962304064565551        0.0000000000000000        0.0000000000000000        0.0000000000000000        0.0000000000000000       0.97840000000000005        2.1600000000000001E-002
   111.00000000000000        1.7610714936565020        0.0000000000000000        0.0000000000000000        0.0000000000000000        0.0000000000000000       0.97299999999999998        2.7000000000000000E-002
   112.00000000000000        1.7253680898251478        0.0000000000000000        0.0000000000000000        0.0000000000000000        0.0000000000000000       0.98099999999999998        1.9000000000000000E-002
   113.00000000000000        1.6890193318482132        0.0000000000000000        0.0000000000000000        0.0000000000000000        0.0000000000000000       0.98099999999999998        1.9000000000000000E-002
   114.00000000000000        1.6525517964151326        0.0000000000000000        0.0000000000000000        0.0000000000000000        0.0000000000000000       0.97480000000000000        2.5200000000000000E-002
   115.00000000000000        1.6177662931272467        0.0000000000000000        0.0000000000000000        0.0000000000000000        0.0000000000000000       0.97480000000000000        2.5200000000000000E-002
   116.00000000000000        1.5844533631500293        0.0000000000000000        0.0000000000000000        0.0000000000000000        0.0000000000000000       0.96560000000000001        3.4400000000000000E-002
   117.00000000000000        1.5542630996217111        0.0000000000000000        0.0000000000000000        0.0000000000000000        0.0000000000000000       0.96319999999999995        3.6799999999999999E-002
   118.00000000000000        1.5284235308907030        0.0000000000000000        0.0000000000000000        0.0000000000000000        0.0000000000000000       0.96479999999999999        3.5200000000000002E-002
   119.00000000000000        1.5054922409891520        0.0000000000000000        0.0000000000000000        0.0000000000000000        0.0000000000000000       0.96779999999999999        3.2199999999999999E-002
   120.00000000000000        1.4900582196205046        0.0000000000000000        0.0000000000000000        0.0000000000000000        0.0000000000000000       0.96079999999999999        3.9199999999999999E-002
   121.00000000000000        1.4945206095554844        0.0000000000000000        0.0000000000000000        0.0000000000000000        0.0000000000000000       0.96079999999999999        3.9199999999999999E-002
   122.00000000000000        1.4940178899016492        0.0000000000000000        0.0000000000000000        0.0000000000000000       0.10660000000000000       0.85599999999999998        3.7400000000000003E-002
   123.00000000000000        1.4837246026949094        0.0000000000000000        0.0000000000000000        0.0000000000000000       0.10639999999999999       0.11040000000000000       0.78320000000000001     
   124.00000000000000        1.5012589242799650        0.0000000000000000        0.0000000000000000        0.0000000000000000       0.10660000000000000       0.11020000000000001       0.78320000000000001     
   125.00000000000000        1.5192072835008616        0.0000000000000000        0.0000000000000000        0.0000000000000000       0.11000000000000000       0.10680000000000001       0.78320000000000001     
   126.00000000000000        1.5180326293747992        0.0000000000000000        0.0000000000000000        0.0000000000000000       0.14199999999999999        7.4800000000000005E-002  0.78320000000000001     
   127.00000000000000        1.5069000934611643        0.0000000000000000        0.0000000000000000        0.0000000000000000       0.73760000000000003       0.26240000000000002        0.0000000000000000     
   128.00000000000000        1.5229040265383933        0.0000000000000000        0.0000000000000000        0.0000000000000000       0.46439999999999998       0.44340000000000002        9.2200000000000004E-002
   129.00000000000000        1.5597012663739844        0.0000000000000000        0.0000000000000000        7.6000000000000000E-003   0.0000000000000000       0.91720000000000002        7.5200000000000003E-002
   130.00000000000000        1.5640432899093928        0.0000000000000000        0.0000000000000000        7.6000000000000000E-003   0.0000000000000000       0.91639999999999999        7.5999999999999998E-002
   131.00000000000000        1.5881554923305712        0.0000000000000000        0.0000000000000000        7.6000000000000000E-003   0.0000000000000000       0.91639999999999999        7.5999999999999998E-002
   132.00000000000000        1.6581250170361532        0.0000000000000000        0.0000000000000000        7.6000000000000000E-003   0.0000000000000000       0.91679999999999995        7.5600000000000001E-002
   133.00000000000000        1.6254778841374886        0.0000000000000000        0.0000000000000000        7.6000000000000000E-003   0.0000000000000000       0.91679999999999995        7.5600000000000001E-002
   134.00000000000000        1.6439988443117843        0.0000000000000000        0.0000000000000000        7.6000000000000000E-003   0.0000000000000000       0.91539999999999999        7.6999999999999999E-002
   135.00000000000000        1.6615446343005722        0.0000000000000000        0.0000000000000000        7.6000000000000000E-003   0.0000000000000000       0.91379999999999995        7.8600000000000003E-002
   136.00000000000000        1.6760323110887603        0.0000000000000000        0.0000000000000000        7.6000000000000000E-003   0.0000000000000000       0.91279999999999994        7.9600000000000004E-002
   137.00000000000000        1.6877519971974282        0.0000000000000000        0.0000000000000000        7.6000000000000000E-003   0.0000000000000000       0.91259999999999997        7.9799999999999996E-002
   138.00000000000000        1.6974435693627332        0.0000000000000000        0.0000000000000000        7.6000000000000000E-003   0.0000000000000000       0.90620000000000001        8.6199999999999999E-002
   139.00000000000000        1.7020078695347383        0.0000000000000000        0.0000000000000000        7.6000000000000000E-003   0.0000000000000000       0.89600000000000002        9.6400000000000000E-002
   140.00000000000000        1.7037447089785180        0.0000000000000000        0.0000000000000000        7.6000000000000000E-003   0.0000000000000000       0.92840000000000000        6.4000000000000001E-002
   141.00000000000000        1.7027709827063380        0.0000000000000000        0.0000000000000000        7.6000000000000000E-003   0.0000000000000000       0.89180000000000004       0.10059999999999999     
   142.00000000000000        1.6987309941438906        0.0000000000000000        0.0000000000000000        7.6000000000000000E-003   0.0000000000000000       0.90100000000000002        9.1399999999999995E-002
   143.00000000000000        1.6918580354365675        0.0000000000000000        0.0000000000000000        7.6000000000000000E-003   0.0000000000000000       0.88639999999999997       0.10600000000000000     
   144.00000000000000        1.6828628333202318        0.0000000000000000        0.0000000000000000        7.6000000000000000E-003   0.0000000000000000       0.94340000000000002        4.9000000000000002E-002
   145.00000000000000        1.6721582930041798        0.0000000000000000        0.0000000000000000        7.6000000000000000E-003   0.0000000000000000       0.94399999999999995        4.8399999999999999E-002
   146.00000000000000        1.6605715216117931        0.0000000000000000        0.0000000000000000        7.6000000000000000E-003   0.0000000000000000       0.94359999999999999        4.8800000000000003E-002
   147.00000000000000        1.6490133914590361        0.0000000000000000        0.0000000000000000        7.6000000000000000E-003   0.0000000000000000       0.93220000000000003        6.0199999999999997E-002
   148.00000000000000        1.6379841617184783        0.0000000000000000        0.0000000000000000        7.6000000000000000E-003   0.0000000000000000       0.92540000000000000        6.7000000000000004E-002
   149.00000000000000        1.6283397364228531        0.0000000000000000        0.0000000000000000        7.6000000000000000E-003   0.0000000000000000       0.91739999999999999        7.4999999999999997E-002
   150.00000000000000        1.6197929633184105        0.0000000000000000        0.0000000000000000        7.6000000000000000E-003   0.0000000000000000       0.91520000000000001        7.7200000000000005E-002
   151.00000000000000        1.6137775364627256        0.0000000000000000        0.0000000000000000        7.6000000000000000E-003   0.0000000000000000       0.91500000000000004        7.7399999999999997E-002
   152.00000000000000        1.6103673151602618        0.0000000000000000        0.0000000000000000        7.6000000000000000E-003   0.0000000000000000       0.91520000000000001        7.7200000000000005E-002
   153.00000000000000        1.6095258742459233        0.0000000000000000        0.0000000000000000        7.6000000000000000E-003   0.0000000000000000       0.91720000000000002        7.5200000000000003E-002
   154.00000000000000        1.6114460681696576        0.0000000000000000        0.0000000000000000        7.6000000000000000E-003   0.0000000000000000       0.91320000000000001        7.9200000000000007E-002
   155.00000000000000        1.6158604836638426        0.0000000000000000        0.0000000000000000        7.6000000000000000E-003   0.0000000000000000       0.91320000000000001        7.9200000000000007E-002
   156.00000000000000        1.6224842365314824        0.0000000000000000        0.0000000000000000        7.6000000000000000E-003   0.0000000000000000       0.91379999999999995        7.8600000000000003E-002
   157.00000000000000        1.6309350647058580        0.0000000000000000        2.0000000000000001E-004   7.4000000000000003E-003   0.0000000000000000       0.91500000000000004        7.7399999999999997E-002
   158.00000000000000        1.6407504413245599        0.0000000000000000        2.0000000000000001E-004   7.4000000000000003E-003   0.0000000000000000       0.91539999999999999        7.6999999999999999E-002
   159.00000000000000        1.6500504010712775        0.0000000000000000        2.0000000000000001E-004   7.4000000000000003E-003   0.0000000000000000       0.91420000000000001        7.8200000000000006E-002
   160.00000000000000        1.6624611282547530        0.0000000000000000        2.0000000000000001E-004   7.4000000000000003E-003   0.0000000000000000       0.91259999999999997        7.9799999999999996E-002
   161.00000000000000        1.6733104906397553        0.0000000000000000        2.0000000000000001E-004   7.0000000000000001E-003   4.0000000000000002E-004  0.91439999999999999        7.8000000000000000E-002
   162.00000000000000        1.6831885051059374        0.0000000000000000        2.0000000000000001E-004   7.0000000000000001E-003   4.0000000000000002E-004  0.91459999999999997        7.7799999999999994E-002
   163.00000000000000        1.6912488140819635        0.0000000000000000        2.0000000000000001E-004   7.0000000000000001E-003   4.0000000000000002E-004  0.91180000000000005        8.0600000000000005E-002
   164.00000000000000        1.7000657024397992        0.0000000000000000        2.0000000000000001E-004   7.0000000000000001E-003   4.0000000000000002E-004  0.91420000000000001        7.8200000000000006E-002
   165.00000000000000        1.7017225016965933        0.0000000000000000        2.0000000000000001E-004   7.0000000000000001E-003   4.0000000000000002E-004  0.91459999999999997        7.7799999999999994E-002
   166.00000000000000        1.7037680880319033        0.0000000000000000        2.0000000000000001E-004   7.0000000000000001E-003   4.0000000000000002E-004  0.91679999999999995        7.5600000000000001E-002
   167.00000000000000        1.7029938394170845        0.0000000000000000        2.0000000000000001E-004   7.0000000000000001E-003   4.0000000000000002E-004  0.91279999999999994        7.9600000000000004E-002
   168.00000000000000        1.6995104737633215        0.0000000000000000        2.0000000000000001E-004   7.0000000000000001E-003   4.0000000000000002E-004  0.91300000000000003        7.9399999999999998E-002
   169.00000000000000        1.6936944010519102        0.0000000000000000        2.0000000000000001E-004   7.0000000000000001E-003   4.0000000000000002E-004  0.91279999999999994        7.9600000000000004E-002
   170.00000000000000        1.6856706194767779        0.0000000000000000        2.0000000000000001E-004   6.4000000000000003E-003   1.0000000000000000E-003  0.91439999999999999        7.8000000000000000E-002
   171.00000000000000        1.6747848581576243        0.0000000000000000        2.0000000000000001E-004   6.4000000000000003E-003   1.0000000000000000E-003  0.91439999999999999        7.8000000000000000E-002
   172.00000000000000        1.6622918472903665        0.0000000000000000        2.0000000000000001E-004   6.4000000000000003E-003   1.0000000000000000E-003  0.91320000000000001        7.9200000000000007E-002
   173.00000000000000        1.6479091515547266        0.0000000000000000        2.0000000000000001E-004   6.4000000000000003E-003   1.0000000000000000E-003  0.90780000000000005        8.4599999999999995E-002
   174.00000000000000        1.6327311419880248        0.0000000000000000        2.0000000000000001E-004   6.0000000000000001E-003   1.4000000000000000E-003  0.90820000000000001        8.4199999999999997E-002
   175.00000000000000        1.6167058409486565        0.0000000000000000        2.0000000000000001E-004   6.0000000000000001E-003   1.4000000000000000E-003  0.91620000000000001        7.6200000000000004E-002
   176.00000000000000        1.6008489949015732        0.0000000000000000        2.0000000000000001E-004   6.0000000000000001E-003   1.4000000000000000E-003  0.92620000000000002        6.6199999999999995E-002
   177.00000000000000        1.5858330660303019        0.0000000000000000        2.0000000000000001E-004   6.0000000000000001E-003   1.4000000000000000E-003  0.94359999999999999        4.8800000000000003E-002
   178.00000000000000        1.5728104248997752        0.0000000000000000        2.0000000000000001E-004   5.5999999999999999E-003   1.8000000000000000E-003  0.92359999999999998        6.8800000000000000E-002
   179.00000000000000        1.5618918407693463        0.0000000000000000        2.0000000000000001E-004   5.5999999999999999E-003   1.8000000000000000E-003  0.86360000000000003       0.12880000000000000     
   180.00000000000000        1.5537211820528438        0.0000000000000000        2.0000000000000001E-004   5.5999999999999999E-003   1.8000000000000000E-003  0.99239999999999995        0.0000000000000000     
   181.00000000000000        1.5491072112011446        0.0000000000000000        2.0000000000000001E-004   5.5999999999999999E-003   1.8000000000000000E-003  0.93859999999999999        5.3800000000000001E-002
   182.00000000000000        1.5484117164418232        0.0000000000000000        2.0000000000000001E-004   5.5999999999999999E-003   1.8000000000000000E-003  0.93200000000000005        6.0400000000000002E-002
   183.00000000000000        1.5525636142751098        0.0000000000000000        2.0000000000000001E-004   5.5999999999999999E-003   1.8000000000000000E-003  0.93200000000000005        6.0400000000000002E-002
   184.00000000000000        1.5617823818121157        0.0000000000000000        2.0000000000000001E-004   5.4000000000000003E-003   2.0000000000000000E-003  0.92079999999999995        7.1599999999999997E-002
   185.00000000000000        1.5759364677596637        0.0000000000000000        2.0000000000000001E-004   5.4000000000000003E-003   2.0000000000000000E-003  0.92300000000000004        6.9400000000000003E-002
   186.00000000000000        1.5950112947675761        0.0000000000000000        2.0000000000000001E-004   5.4000000000000003E-003   2.0000000000000000E-003  0.91720000000000002        7.5200000000000003E-002
   187.00000000000000        1.6188488239497751        0.0000000000000000        2.0000000000000001E-004   5.4000000000000003E-003   2.0000000000000000E-003  0.91300000000000003        7.9399999999999998E-002
   188.00000000000000        1.6468557599234837        0.0000000000000000        2.0000000000000001E-004   5.4000000000000003E-003   2.0000000000000000E-003  0.91420000000000001        7.8200000000000006E-002
   189.00000000000000        1.6784333892042185        0.0000000000000000        2.0000000000000001E-004   5.4000000000000003E-003   2.0000000000000000E-003  0.91420000000000001        7.8200000000000006E-002
