#        BMIN =   406
#        BMAX =   411
#     INIBAND =   411
#      NBANDS =   540
#         NSW =  2000
#       POTIM =   1.0
#        TEMP = 300.0
#    NAMDTINI =   631
#    NAMDTIME =  1000
#       NTRAJ =  5000
#        NELM =  1000
#       LHOLE =     T
#        LSHP =     T
#      LCPTXT =     T
#      RUNDIR = ../../run/
   1.0000000000000000        1.6274638278849416        0.0000000000000000        0.0000000000000000        0.0000000000000000        0.0000000000000000        0.0000000000000000        1.0000000000000000     
   2.0000000000000000        1.6511239816974419        0.0000000000000000        0.0000000000000000        0.0000000000000000        0.0000000000000000        3.2000000000000002E-003  0.99680000000000002     
   3.0000000000000000        1.6757727167024847        0.0000000000000000        0.0000000000000000        0.0000000000000000        0.0000000000000000        8.6000000000000000E-003  0.99139999999999995     
   4.0000000000000000        1.7004230577227513        0.0000000000000000        0.0000000000000000        0.0000000000000000        0.0000000000000000        2.2000000000000001E-003  0.99780000000000002     
   5.0000000000000000        1.7237904588380997        0.0000000000000000        0.0000000000000000        0.0000000000000000        0.0000000000000000        6.1999999999999998E-003  0.99380000000000002     
   6.0000000000000000        1.7452238181381008        0.0000000000000000        0.0000000000000000        0.0000000000000000        0.0000000000000000        6.0000000000000001E-003  0.99399999999999999     
   7.0000000000000000        1.7636026852415507        0.0000000000000000        0.0000000000000000        0.0000000000000000        0.0000000000000000        1.3200000000000000E-002  0.98680000000000001     
   8.0000000000000000        1.7787326685194016        0.0000000000000000        0.0000000000000000        0.0000000000000000        0.0000000000000000        1.3200000000000000E-002  0.98680000000000001     
   9.0000000000000000        1.7886568641616576        0.0000000000000000        0.0000000000000000        0.0000000000000000        0.0000000000000000        2.0199999999999999E-002  0.97980000000000000     
   10.000000000000000        1.7958747014363423        0.0000000000000000        0.0000000000000000        0.0000000000000000        0.0000000000000000        2.8199999999999999E-002  0.97180000000000000     
   11.000000000000000        1.7965809688168068        0.0000000000000000        0.0000000000000000        0.0000000000000000        0.0000000000000000        2.8199999999999999E-002  0.97180000000000000     
   12.000000000000000        1.7931348980183184        0.0000000000000000        0.0000000000000000        0.0000000000000000        0.0000000000000000        1.9800000000000002E-002  0.98019999999999996     
   13.000000000000000        1.7849797429196159        0.0000000000000000        0.0000000000000000        0.0000000000000000        0.0000000000000000        2.3599999999999999E-002  0.97640000000000005     
   14.000000000000000        1.7703976729774891        0.0000000000000000        0.0000000000000000        0.0000000000000000        0.0000000000000000        1.9199999999999998E-002  0.98080000000000001     
   15.000000000000000        1.7520623330626037        0.0000000000000000        0.0000000000000000        0.0000000000000000        0.0000000000000000        1.8200000000000001E-002  0.98180000000000001     
   16.000000000000000        1.7287316549264395        0.0000000000000000        0.0000000000000000        0.0000000000000000        0.0000000000000000        1.6000000000000000E-002  0.98399999999999999     
   17.000000000000000        1.7025858406915981        0.0000000000000000        0.0000000000000000        0.0000000000000000        0.0000000000000000        1.4400000000000000E-002  0.98560000000000003     
   18.000000000000000        1.6731040812508846        0.0000000000000000        0.0000000000000000        0.0000000000000000        0.0000000000000000        1.4999999999999999E-002  0.98499999999999999     
   19.000000000000000        1.6407995053632254        0.0000000000000000        0.0000000000000000        0.0000000000000000        0.0000000000000000        1.6000000000000000E-002  0.98399999999999999     
   20.000000000000000        1.6076044401863752        0.0000000000000000        0.0000000000000000        0.0000000000000000        0.0000000000000000        1.9000000000000000E-002  0.98099999999999998     
   21.000000000000000        1.5723513861035554        0.0000000000000000        0.0000000000000000        0.0000000000000000        0.0000000000000000        1.6600000000000000E-002  0.98340000000000005     
   22.000000000000000        1.5379641782750151        0.0000000000000000        0.0000000000000000        0.0000000000000000        0.0000000000000000        1.9000000000000000E-002  0.98099999999999998     
   23.000000000000000        1.5048496951626924        0.0000000000000000        0.0000000000000000        0.0000000000000000        0.0000000000000000        1.7600000000000001E-002  0.98240000000000005     
   24.000000000000000        1.4745271069149299        0.0000000000000000        0.0000000000000000        0.0000000000000000        0.0000000000000000        1.8400000000000000E-002  0.98160000000000003     
   25.000000000000000        1.4460713698054768        0.0000000000000000        0.0000000000000000        0.0000000000000000        0.0000000000000000        1.8599999999999998E-002  0.98140000000000005     
   26.000000000000000        1.4236693826247560        0.0000000000000000        0.0000000000000000        0.0000000000000000        0.0000000000000000        1.9199999999999998E-002  0.98080000000000001     
   27.000000000000000        1.4037582095730630        0.0000000000000000        0.0000000000000000        0.0000000000000000        3.8600000000000002E-002   0.0000000000000000       0.96140000000000003     
   28.000000000000000        1.3895278722188478        0.0000000000000000        0.0000000000000000        0.0000000000000000        4.4800000000000000E-002   0.0000000000000000       0.95520000000000005     
   29.000000000000000        1.3886051663910453        0.0000000000000000        0.0000000000000000        0.0000000000000000        4.7800000000000002E-002   0.0000000000000000       0.95220000000000005     
   30.000000000000000        1.3834601861455704        0.0000000000000000        0.0000000000000000        0.0000000000000000        6.0999999999999999E-002  0.92840000000000000        1.0600000000000000E-002
   31.000000000000000        1.3829955089727499        0.0000000000000000        0.0000000000000000        0.0000000000000000        4.5999999999999999E-003  0.99539999999999995        0.0000000000000000     
   32.000000000000000        1.4013969185315784        0.0000000000000000        0.0000000000000000        0.0000000000000000        4.5999999999999999E-003  0.99500000000000000        4.0000000000000002E-004
   33.000000000000000        1.4267551310770972        0.0000000000000000        0.0000000000000000        0.0000000000000000        4.5999999999999999E-003  0.99539999999999995        0.0000000000000000     
   34.000000000000000        1.4447835322547449        0.0000000000000000        0.0000000000000000        0.0000000000000000        3.7400000000000003E-002  0.86580000000000001        9.6799999999999997E-002
   35.000000000000000        1.4225559111388042        0.0000000000000000        0.0000000000000000        0.0000000000000000        2.9399999999999999E-002  0.86580000000000001       0.10480000000000000     
   36.000000000000000        1.7503449163488543        0.0000000000000000        0.0000000000000000        0.0000000000000000        2.9399999999999999E-002  0.92820000000000003        4.2400000000000000E-002
   37.000000000000000        1.5600159932658140        0.0000000000000000        0.0000000000000000        0.0000000000000000        2.9399999999999999E-002  0.93079999999999996        3.9800000000000002E-002
   38.000000000000000        1.5994892498629152        0.0000000000000000        0.0000000000000000        0.0000000000000000        2.8799999999999999E-002  0.73419999999999996       0.23699999999999999     
   39.000000000000000        1.6911310667882096        0.0000000000000000        0.0000000000000000        0.0000000000000000        2.9800000000000000E-002  0.73319999999999996       0.23699999999999999     
   40.000000000000000        1.6974154333258888        0.0000000000000000        0.0000000000000000        0.0000000000000000        3.2399999999999998E-002  0.73060000000000003       0.23699999999999999     
   41.000000000000000        1.7179335228534434        0.0000000000000000        0.0000000000000000        0.0000000000000000        4.1399999999999999E-002  0.26279999999999998       0.69579999999999997     
   42.000000000000000        1.7434409653164842        0.0000000000000000        0.0000000000000000        0.0000000000000000        4.1399999999999999E-002  0.25340000000000001       0.70520000000000005     
   43.000000000000000        1.7968233448372128        0.0000000000000000        0.0000000000000000        0.0000000000000000        4.1399999999999999E-002  0.25340000000000001       0.70520000000000005     
   44.000000000000000        1.8285172080989978        0.0000000000000000        0.0000000000000000        0.0000000000000000        4.1399999999999999E-002  0.25040000000000001       0.70820000000000005     
   45.000000000000000        1.8496699646632662        0.0000000000000000        0.0000000000000000        0.0000000000000000        4.1399999999999999E-002  0.26160000000000000       0.69699999999999995     
   46.000000000000000        1.8711211151176257        0.0000000000000000        0.0000000000000000        0.0000000000000000        4.1399999999999999E-002  0.26440000000000002       0.69420000000000004     
   47.000000000000000        1.8843307073038695        0.0000000000000000        0.0000000000000000        0.0000000000000000        4.1399999999999999E-002  0.26379999999999998       0.69479999999999997     
   48.000000000000000        1.8931675968226678        0.0000000000000000        0.0000000000000000        0.0000000000000000        4.1399999999999999E-002  0.26379999999999998       0.69479999999999997     
   49.000000000000000        1.8953510770488382        0.0000000000000000        0.0000000000000000        0.0000000000000000        4.1399999999999999E-002  0.26379999999999998       0.69479999999999997     
   50.000000000000000        1.8949620892812571        0.0000000000000000        0.0000000000000000        0.0000000000000000        4.1399999999999999E-002  0.26160000000000000       0.69699999999999995     
   51.000000000000000        1.8908896776809101        0.0000000000000000        0.0000000000000000        0.0000000000000000        4.1399999999999999E-002  0.26179999999999998       0.69679999999999997     
   52.000000000000000        1.8771464375691891        0.0000000000000000        0.0000000000000000        0.0000000000000000        4.1399999999999999E-002  0.26200000000000001       0.69660000000000000     
   53.000000000000000        1.8585051160645079        0.0000000000000000        0.0000000000000000        0.0000000000000000        4.1399999999999999E-002  0.25879999999999997       0.69979999999999998     
   54.000000000000000        1.8496321768772730        0.0000000000000000        0.0000000000000000        0.0000000000000000        4.1399999999999999E-002  0.26360000000000000       0.69499999999999995     
   55.000000000000000        1.8149884037012785        0.0000000000000000        0.0000000000000000        0.0000000000000000        4.1399999999999999E-002  0.36320000000000002       0.59540000000000004     
   56.000000000000000        2.1236484030392466        0.0000000000000000        0.0000000000000000        0.0000000000000000       0.19919999999999999       0.20540000000000000       0.59540000000000004     
   57.000000000000000        1.7275145786581496        0.0000000000000000        0.0000000000000000        0.0000000000000000       0.19919999999999999       0.20540000000000000       0.59540000000000004     
   58.000000000000000        1.7051635920531525        0.0000000000000000        0.0000000000000000        0.0000000000000000       0.19919999999999999       0.20640000000000000       0.59440000000000004     
   59.000000000000000        1.6812069292255922        0.0000000000000000        0.0000000000000000        0.0000000000000000       0.19919999999999999       0.20640000000000000       0.59440000000000004     
   60.000000000000000        1.6633223936954573        0.0000000000000000        0.0000000000000000        0.0000000000000000       0.19919999999999999       0.20660000000000001       0.59419999999999995     
   61.000000000000000        1.6451028357205695        0.0000000000000000        0.0000000000000000        0.0000000000000000       0.19919999999999999       0.20699999999999999       0.59379999999999999     
   62.000000000000000        1.6293177753413191        0.0000000000000000        0.0000000000000000        0.0000000000000000       0.19919999999999999       0.20699999999999999       0.59379999999999999     
   63.000000000000000        1.6116689894971290        0.0000000000000000        0.0000000000000000        0.0000000000000000       0.19919999999999999       0.20699999999999999       0.59379999999999999     
   64.000000000000000        1.6019137944390667        0.0000000000000000        0.0000000000000000        0.0000000000000000       0.19919999999999999       0.20740000000000000       0.59340000000000004     
   65.000000000000000        1.5953053284325085        0.0000000000000000        0.0000000000000000        0.0000000000000000       0.19919999999999999       0.20740000000000000       0.59340000000000004     
   66.000000000000000        1.5922215427327999        0.0000000000000000        0.0000000000000000        0.0000000000000000       0.19919999999999999       0.20740000000000000       0.59340000000000004     
   67.000000000000000        1.5918026943349157        0.0000000000000000        0.0000000000000000        0.0000000000000000       0.19919999999999999       0.20820000000000000       0.59260000000000002     
   68.000000000000000        1.5945381185244081        0.0000000000000000        0.0000000000000000        0.0000000000000000       0.19919999999999999       0.22760000000000000       0.57320000000000004     
   69.000000000000000        1.6000372324436807        0.0000000000000000        0.0000000000000000        0.0000000000000000       0.19919999999999999       0.18120000000000000       0.61960000000000004     
   70.000000000000000        1.6077638642526551        0.0000000000000000        0.0000000000000000        0.0000000000000000       0.19919999999999999       0.18500000000000000       0.61580000000000001     
   71.000000000000000        1.6176115976996324        0.0000000000000000        0.0000000000000000        0.0000000000000000       0.19919999999999999       0.18200000000000000       0.61880000000000002     
   72.000000000000000        1.6287183934172154        0.0000000000000000        0.0000000000000000        0.0000000000000000       0.19919999999999999       0.18140000000000001       0.61939999999999995     
   73.000000000000000        1.6403126381427200        0.0000000000000000        0.0000000000000000        0.0000000000000000       0.19919999999999999       0.18120000000000000       0.61960000000000004     
   74.000000000000000        1.6522549700283691        0.0000000000000000        0.0000000000000000        0.0000000000000000       0.19919999999999999       0.18120000000000000       0.61960000000000004     
   75.000000000000000        1.6655210361308113        0.0000000000000000        0.0000000000000000        0.0000000000000000       0.19919999999999999       0.18079999999999999       0.62000000000000000     
   76.000000000000000        1.6756740250518427        0.0000000000000000        0.0000000000000000        0.0000000000000000       0.19919999999999999       0.18079999999999999       0.62000000000000000     
   77.000000000000000        1.6861681313792458        0.0000000000000000        0.0000000000000000        0.0000000000000000       0.19919999999999999       0.18079999999999999       0.62000000000000000     
   78.000000000000000        1.6955378375151848        0.0000000000000000        0.0000000000000000        0.0000000000000000       0.19919999999999999       0.18079999999999999       0.62000000000000000     
   79.000000000000000        1.7051396825267697        0.0000000000000000        0.0000000000000000        0.0000000000000000       0.19919999999999999       0.18079999999999999       0.62000000000000000     
   80.000000000000000        1.7092065277682342        0.0000000000000000        0.0000000000000000        0.0000000000000000       0.19919999999999999       0.18079999999999999       0.62000000000000000     
   81.000000000000000        1.7144173752843468        0.0000000000000000        0.0000000000000000        0.0000000000000000       0.19919999999999999       0.18079999999999999       0.62000000000000000     
   82.000000000000000        1.7184887035361325        0.0000000000000000        0.0000000000000000        0.0000000000000000       0.19919999999999999       0.18079999999999999       0.62000000000000000     
   83.000000000000000        1.7180964592473751        0.0000000000000000        0.0000000000000000        0.0000000000000000       0.19919999999999999       0.18079999999999999       0.62000000000000000     
   84.000000000000000        1.7171865413943035        0.0000000000000000        0.0000000000000000        0.0000000000000000       0.19919999999999999       0.18079999999999999       0.62000000000000000     
   85.000000000000000        1.7143532620156066        0.0000000000000000        0.0000000000000000        0.0000000000000000       0.19919999999999999       0.18079999999999999       0.62000000000000000     
   86.000000000000000        1.7065170586416507        0.0000000000000000        0.0000000000000000        0.0000000000000000       0.19919999999999999       0.18060000000000001       0.62019999999999997     
   87.000000000000000        1.7043634511330705        0.0000000000000000        0.0000000000000000        0.0000000000000000       0.19919999999999999       0.18099999999999999       0.61980000000000002     
   88.000000000000000        1.6974057699679408        0.0000000000000000        0.0000000000000000        0.0000000000000000       0.19919999999999999       0.18079999999999999       0.62000000000000000     
   89.000000000000000        1.6903843553629851        0.0000000000000000        0.0000000000000000        0.0000000000000000       0.19919999999999999       0.18099999999999999       0.61980000000000002     
   90.000000000000000        1.6807617497683467        0.0000000000000000        0.0000000000000000        0.0000000000000000       0.19919999999999999       0.18099999999999999       0.61980000000000002     
   91.000000000000000        1.6721711281954419        0.0000000000000000        0.0000000000000000        0.0000000000000000       0.19919999999999999       0.18099999999999999       0.61980000000000002     
   92.000000000000000        1.6637065449698500        0.0000000000000000        0.0000000000000000        0.0000000000000000       0.19919999999999999       0.18640000000000001       0.61439999999999995     
   93.000000000000000        1.6561943526685976        0.0000000000000000        0.0000000000000000        0.0000000000000000       0.19919999999999999       0.19259999999999999       0.60819999999999996     
   94.000000000000000        1.6506873515263796        0.0000000000000000        0.0000000000000000        0.0000000000000000       0.19919999999999999       0.18640000000000001       0.61439999999999995     
   95.000000000000000        1.6455607824520326        0.0000000000000000        0.0000000000000000        0.0000000000000000       0.19919999999999999       0.19040000000000001       0.61040000000000005     
   96.000000000000000        1.6427815703616457        0.0000000000000000        0.0000000000000000        0.0000000000000000       0.19919999999999999       0.18400000000000000       0.61680000000000001     
   97.000000000000000        1.6422370805026645        0.0000000000000000        0.0000000000000000        0.0000000000000000       0.19919999999999999       0.18620000000000000       0.61460000000000004     
   98.000000000000000        1.6441755023091968        0.0000000000000000        0.0000000000000000        0.0000000000000000       0.19919999999999999       0.18920000000000001       0.61160000000000003     
   99.000000000000000        1.6482083572867225        0.0000000000000000        0.0000000000000000        0.0000000000000000       0.19919999999999999       0.18920000000000001       0.61160000000000003     
   100.00000000000000        1.6538290098089803        0.0000000000000000        0.0000000000000000        0.0000000000000000       0.19919999999999999       0.20000000000000001       0.60080000000000000     
   101.00000000000000        1.6621399323234538        0.0000000000000000        0.0000000000000000        0.0000000000000000       0.19919999999999999       0.20219999999999999       0.59860000000000002     
   102.00000000000000        1.6713866812014619        0.0000000000000000        0.0000000000000000        0.0000000000000000       0.19919999999999999       0.20080000000000001       0.59999999999999998     
   103.00000000000000        1.6808318531976540        0.0000000000000000        0.0000000000000000        0.0000000000000000       0.19919999999999999       0.19620000000000001       0.60460000000000003     
   104.00000000000000        1.6911121080589546        0.0000000000000000        0.0000000000000000        0.0000000000000000       0.19919999999999999       0.19760000000000000       0.60319999999999996     
   105.00000000000000        1.7017035108741068        0.0000000000000000        0.0000000000000000        0.0000000000000000       0.19919999999999999       0.19739999999999999       0.60340000000000005     
   106.00000000000000        1.7107199529639705        0.0000000000000000        0.0000000000000000        0.0000000000000000       0.19919999999999999       0.19780000000000000       0.60299999999999998     
   107.00000000000000        1.7179508676501660        0.0000000000000000        0.0000000000000000        0.0000000000000000       0.19919999999999999       0.19719999999999999       0.60360000000000003     
   108.00000000000000        1.7235501490012881        0.0000000000000000        0.0000000000000000        0.0000000000000000       0.19919999999999999       0.19760000000000000       0.60319999999999996     
   109.00000000000000        1.7260060035421114        0.0000000000000000        0.0000000000000000        0.0000000000000000       0.19919999999999999       0.19760000000000000       0.60319999999999996     
   110.00000000000000        1.7894131959015018        0.0000000000000000        0.0000000000000000        0.0000000000000000       0.12759999999999999       0.26440000000000002       0.60799999999999998     
   111.00000000000000        1.9357762101593192        0.0000000000000000        0.0000000000000000        3.5999999999999999E-003  0.14699999999999999       0.24360000000000001       0.60580000000000001     
   112.00000000000000        2.1245307467716832        0.0000000000000000        0.0000000000000000        2.0000000000000000E-003  0.28699999999999998        7.5399999999999995E-002  0.63560000000000005     
   113.00000000000000        1.9393776428346856        0.0000000000000000        0.0000000000000000        2.0000000000000001E-004  0.28539999999999999        7.9000000000000001E-002  0.63539999999999996     
   114.00000000000000        1.8236584010063379        0.0000000000000000        0.0000000000000000        0.0000000000000000       0.30599999999999999        4.5600000000000002E-002  0.64839999999999998     
   115.00000000000000        1.9745185743854088        0.0000000000000000        0.0000000000000000        6.1999999999999998E-003  0.24720000000000000        0.0000000000000000       0.74660000000000004     
   116.00000000000000        1.6598600481516819        0.0000000000000000        0.0000000000000000        6.1999999999999998E-003  0.24720000000000000        0.0000000000000000       0.74660000000000004     
   117.00000000000000        1.6007840258505195        0.0000000000000000        0.0000000000000000        6.1999999999999998E-003  0.24720000000000000        0.0000000000000000       0.74660000000000004     
   118.00000000000000        1.5780820927007424        0.0000000000000000        0.0000000000000000        6.0000000000000001E-003  0.24740000000000001        0.0000000000000000       0.74660000000000004     
   119.00000000000000        1.5534196257021819        0.0000000000000000        0.0000000000000000        6.0000000000000001E-003  0.24740000000000001        0.0000000000000000       0.74660000000000004     
   120.00000000000000        1.5277671537195945        0.0000000000000000        0.0000000000000000        6.0000000000000001E-003  0.24740000000000001        0.0000000000000000       0.74660000000000004     
   121.00000000000000        1.5013983463238143        0.0000000000000000        0.0000000000000000        6.0000000000000001E-003  0.24740000000000001        0.0000000000000000       0.74660000000000004     
   122.00000000000000        1.4754294220822697        0.0000000000000000        0.0000000000000000        6.0000000000000001E-003  0.24740000000000001        0.0000000000000000       0.74660000000000004     
   123.00000000000000        1.4508870334470696        0.0000000000000000        0.0000000000000000        5.1999999999999998E-003  0.24820000000000000        0.0000000000000000       0.74660000000000004     
   124.00000000000000        1.4270508039110517        0.0000000000000000        0.0000000000000000        5.1999999999999998E-003  0.24820000000000000        5.9999999999999995E-004  0.74600000000000000     
   125.00000000000000        1.4060283276310725        0.0000000000000000        0.0000000000000000        5.1999999999999998E-003  0.24820000000000000        3.0000000000000001E-003  0.74360000000000004     
   126.00000000000000        1.3876530247817889        0.0000000000000000        0.0000000000000000        5.1999999999999998E-003  0.24820000000000000        1.4000000000000000E-003  0.74519999999999997     
   127.00000000000000        1.3730653074686729        0.0000000000000000        0.0000000000000000        5.0000000000000001E-003  0.24840000000000001        9.1999999999999998E-003  0.73740000000000006     
   128.00000000000000        1.3629487430370051        0.0000000000000000        0.0000000000000000        5.0000000000000001E-003  0.24840000000000001        0.0000000000000000       0.74660000000000004     
   129.00000000000000        1.3595168038553054        0.0000000000000000        0.0000000000000000        5.0000000000000001E-003  0.17540000000000000        9.8199999999999996E-002  0.72140000000000004     
   130.00000000000000        1.3595081912740006        0.0000000000000000        0.0000000000000000        5.0000000000000001E-003  0.17540000000000000        9.8400000000000001E-002  0.72119999999999995     
   131.00000000000000        1.3720844007055497        0.0000000000000000        0.0000000000000000        4.7999999999999996E-003  0.17460000000000001        9.9199999999999997E-002  0.72140000000000004     
   132.00000000000000        1.3864832694613489        0.0000000000000000        0.0000000000000000        4.7999999999999996E-003  0.17440000000000000        9.9400000000000002E-002  0.72140000000000004     
   133.00000000000000        1.4026797763826822        0.0000000000000000        0.0000000000000000        4.7999999999999996E-003  0.17440000000000000        9.9400000000000002E-002  0.72140000000000004     
   134.00000000000000        1.4166024334745855        0.0000000000000000        0.0000000000000000        4.7999999999999996E-003  0.17419999999999999       0.41060000000000002       0.41039999999999999     
   135.00000000000000        1.4411366779999755        0.0000000000000000        0.0000000000000000        4.7999999999999996E-003   4.0000000000000002E-004  0.58740000000000003       0.40739999999999998     
   136.00000000000000        1.4705149647373634        0.0000000000000000        0.0000000000000000        4.7999999999999996E-003   4.0000000000000002E-004  0.59419999999999995       0.40060000000000001     
   137.00000000000000        1.5076099091858004        0.0000000000000000        0.0000000000000000        4.7999999999999996E-003   4.0000000000000002E-004  0.59260000000000002       0.40220000000000000     
   138.00000000000000        1.5479232850874500        0.0000000000000000        0.0000000000000000        4.7999999999999996E-003   4.0000000000000002E-004  0.58699999999999997       0.40780000000000000     
   139.00000000000000        1.5886352648746418        0.0000000000000000        0.0000000000000000        4.7999999999999996E-003   4.0000000000000002E-004  0.58599999999999997       0.40880000000000000     
   140.00000000000000        1.6297617792883656        0.0000000000000000        0.0000000000000000        4.7999999999999996E-003   4.0000000000000002E-004  0.58599999999999997       0.40880000000000000     
   141.00000000000000        1.6692248488649590        0.0000000000000000        0.0000000000000000        4.7999999999999996E-003   4.0000000000000002E-004  0.58579999999999999       0.40899999999999997     
   142.00000000000000        1.7078199866747710        0.0000000000000000        0.0000000000000000        4.7999999999999996E-003   4.0000000000000002E-004  0.58599999999999997       0.40880000000000000     
   143.00000000000000        1.7432558543766965        0.0000000000000000        0.0000000000000000        4.7999999999999996E-003   4.0000000000000002E-004  0.58679999999999999       0.40799999999999997     
   144.00000000000000        1.7738298818214759        0.0000000000000000        0.0000000000000000        4.7999999999999996E-003   4.0000000000000002E-004  0.59019999999999995       0.40460000000000002     
   145.00000000000000        1.8008565757387638        0.0000000000000000        0.0000000000000000        4.7999999999999996E-003   4.0000000000000002E-004  0.59419999999999995       0.40060000000000001     
   146.00000000000000        1.8223344399266606        0.0000000000000000        0.0000000000000000        4.7999999999999996E-003   4.0000000000000002E-004  0.58520000000000005       0.40960000000000002     
   147.00000000000000        1.8384359688473886        0.0000000000000000        0.0000000000000000        4.7999999999999996E-003   4.0000000000000002E-004  0.59019999999999995       0.40460000000000002     
   148.00000000000000        1.8488767017569847        0.0000000000000000        0.0000000000000000        4.7999999999999996E-003   4.0000000000000002E-004  0.58699999999999997       0.40780000000000000     
   149.00000000000000        1.8389776185825104        0.0000000000000000        0.0000000000000000        4.7999999999999996E-003   4.0000000000000002E-004  0.60119999999999996       0.39360000000000001     
   150.00000000000000        1.8529300528358128        0.0000000000000000        0.0000000000000000        4.7999999999999996E-003   4.0000000000000002E-004  0.59519999999999995       0.39960000000000001     
   151.00000000000000        1.8326465254431308        0.0000000000000000        0.0000000000000000        4.7999999999999996E-003   4.0000000000000002E-004  0.59519999999999995       0.39960000000000001     
   152.00000000000000        1.8352819219326411        0.0000000000000000        0.0000000000000000        4.7999999999999996E-003   4.0000000000000002E-004  0.58040000000000003       0.41439999999999999     
   153.00000000000000        1.8190035696898115        0.0000000000000000        0.0000000000000000        4.7999999999999996E-003   4.0000000000000002E-004  0.59399999999999997       0.40079999999999999     
   154.00000000000000        1.7975244418321545        0.0000000000000000        0.0000000000000000        4.7999999999999996E-003   4.0000000000000002E-004  0.60619999999999996       0.38860000000000000     
   155.00000000000000        1.7743049097510708        0.0000000000000000        0.0000000000000000        4.7999999999999996E-003   4.0000000000000002E-004  0.61639999999999995       0.37840000000000001     
   156.00000000000000        1.7491150193757661        0.0000000000000000        0.0000000000000000        4.7999999999999996E-003   4.0000000000000002E-004  0.61560000000000004       0.37919999999999998     
   157.00000000000000        1.7224649563688645        0.0000000000000000        0.0000000000000000        4.7999999999999996E-003   4.0000000000000002E-004  0.57740000000000002       0.41739999999999999     
   158.00000000000000        1.6948851793823116        0.0000000000000000        0.0000000000000000        4.7999999999999996E-003   4.0000000000000002E-004  0.60260000000000002       0.39219999999999999     
   159.00000000000000        1.6669395458125977        0.0000000000000000        0.0000000000000000        4.7999999999999996E-003   4.0000000000000002E-004  0.64980000000000004       0.34499999999999997     
   160.00000000000000        1.6430775527351684        0.0000000000000000        0.0000000000000000        4.7999999999999996E-003   4.0000000000000002E-004  0.60260000000000002       0.39219999999999999     
   161.00000000000000        1.6213244645442879        0.0000000000000000        0.0000000000000000        4.7999999999999996E-003   4.0000000000000002E-004  0.54900000000000004       0.44579999999999997     
   162.00000000000000        1.6015303768435003        0.0000000000000000        0.0000000000000000        4.7999999999999996E-003   4.0000000000000002E-004  0.62219999999999998       0.37259999999999999     
   163.00000000000000        1.5865097052926558        0.0000000000000000        0.0000000000000000        4.7999999999999996E-003   4.0000000000000002E-004  0.62219999999999998       0.37259999999999999     
   164.00000000000000        1.5757664836071239        0.0000000000000000        0.0000000000000000        4.7999999999999996E-003   4.0000000000000002E-004  0.62219999999999998       0.37259999999999999     
   165.00000000000000        1.5692669137578257        0.0000000000000000        0.0000000000000000        4.7999999999999996E-003   4.0000000000000002E-004  0.62280000000000002       0.37200000000000000     
   166.00000000000000        1.5670548067595533        0.0000000000000000        0.0000000000000000        4.7999999999999996E-003   4.0000000000000002E-004  0.62639999999999996       0.36840000000000001     
   167.00000000000000        1.5697440267726530        0.0000000000000000        0.0000000000000000        4.7999999999999996E-003   4.0000000000000002E-004  0.57379999999999998       0.42099999999999999     
   168.00000000000000        1.5767716559915310        0.0000000000000000        0.0000000000000000        4.7999999999999996E-003   4.0000000000000002E-004  0.52420000000000000       0.47060000000000002     
   169.00000000000000        1.5860347215308714        0.0000000000000000        0.0000000000000000        4.7999999999999996E-003   4.0000000000000002E-004  0.58199999999999996       0.41280000000000000     
   170.00000000000000        1.5988760290444559        0.0000000000000000        0.0000000000000000        4.7999999999999996E-003   4.0000000000000002E-004  0.57299999999999995       0.42180000000000001     
   171.00000000000000        1.6141512461352254        0.0000000000000000        0.0000000000000000        4.7999999999999996E-003   4.0000000000000002E-004  0.57299999999999995       0.42180000000000001     
   172.00000000000000        1.6316082531637037        0.0000000000000000        0.0000000000000000        4.7999999999999996E-003   4.0000000000000002E-004  0.54620000000000002       0.44860000000000000     
   173.00000000000000        1.6495489545374151        0.0000000000000000        0.0000000000000000        4.7999999999999996E-003   4.0000000000000002E-004  0.57060000000000000       0.42420000000000002     
   174.00000000000000        1.6687083009638650        0.0000000000000000        0.0000000000000000        4.7999999999999996E-003   4.0000000000000002E-004  0.56220000000000003       0.43259999999999998     
   175.00000000000000        1.6881504950087642        0.0000000000000000        0.0000000000000000        4.7999999999999996E-003   4.0000000000000002E-004  0.56120000000000003       0.43359999999999999     
   176.00000000000000        1.7070348672584048        0.0000000000000000        0.0000000000000000        4.7999999999999996E-003   4.0000000000000002E-004  0.55440000000000000       0.44040000000000001     
   177.00000000000000        1.7252682128360530        0.0000000000000000        0.0000000000000000        4.7999999999999996E-003   4.0000000000000002E-004  0.56820000000000004       0.42659999999999998     
   178.00000000000000        1.7420853774004263        0.0000000000000000        0.0000000000000000        4.7999999999999996E-003   4.0000000000000002E-004  0.58779999999999999       0.40699999999999997     
   179.00000000000000        1.7577533767964497        0.0000000000000000        0.0000000000000000        4.7999999999999996E-003   4.0000000000000002E-004  0.57740000000000002       0.41739999999999999     
   180.00000000000000        1.7720796831495553        0.0000000000000000        0.0000000000000000        4.7999999999999996E-003   4.0000000000000002E-004  0.55720000000000003       0.43759999999999999     
   181.00000000000000        1.7839752207501927        0.0000000000000000        0.0000000000000000        4.7999999999999996E-003   4.0000000000000002E-004  0.56079999999999997       0.43400000000000000     
   182.00000000000000        1.7937619788973298        0.0000000000000000        0.0000000000000000        4.7999999999999996E-003   4.0000000000000002E-004  0.56100000000000005       0.43380000000000002     
   183.00000000000000        1.8011993695602584        0.0000000000000000        0.0000000000000000        4.7999999999999996E-003   4.0000000000000002E-004  0.57460000000000000       0.42020000000000002     
   184.00000000000000        1.8060646367555495        0.0000000000000000        0.0000000000000000        4.7999999999999996E-003   4.0000000000000002E-004  0.57860000000000000       0.41620000000000001     
   185.00000000000000        1.8085753313016255        0.0000000000000000        0.0000000000000000        4.7999999999999996E-003   4.0000000000000002E-004  0.59599999999999997       0.39879999999999999     
   186.00000000000000        1.8092081250669372        0.0000000000000000        0.0000000000000000        4.7999999999999996E-003   4.0000000000000002E-004  0.59940000000000004       0.39539999999999997     
   187.00000000000000        1.8077940880103698        0.0000000000000000        0.0000000000000000        4.7999999999999996E-003   4.0000000000000002E-004  0.59460000000000002       0.40020000000000000     
   188.00000000000000        1.8043308744004618        0.0000000000000000        0.0000000000000000        4.7999999999999996E-003   4.0000000000000002E-004  0.61780000000000002       0.37700000000000000     
   189.00000000000000        1.7999495074829734        0.0000000000000000        0.0000000000000000        4.7999999999999996E-003   4.0000000000000002E-004  0.58899999999999997       0.40579999999999999     
