#        BMIN =   406
#        BMAX =   411
#     INIBAND =   410
#      NBANDS =   540
#         NSW =  2000
#       POTIM =   1.0
#        TEMP = 300.0
#    NAMDTINI =   687
#    NAMDTIME =  1000
#       NTRAJ =  5000
#        NELM =  1000
#       LHOLE =     T
#        LSHP =     T
#      LCPTXT =     T
#      RUNDIR = ../../run/
   1.0000000000000000        1.7695474493526153        0.0000000000000000        0.0000000000000000        0.0000000000000000        0.0000000000000000        1.0000000000000000        0.0000000000000000     
   2.0000000000000000        1.7436057851326812        0.0000000000000000        0.0000000000000000        0.0000000000000000        0.0000000000000000        1.0000000000000000        0.0000000000000000     
   3.0000000000000000        1.7217656581786371        0.0000000000000000        0.0000000000000000        0.0000000000000000        0.0000000000000000        1.0000000000000000        0.0000000000000000     
   4.0000000000000000        1.6947316270815738        0.0000000000000000        0.0000000000000000        0.0000000000000000        0.0000000000000000       0.99980000000000002        2.0000000000000001E-004
   5.0000000000000000        1.6735696012392163        0.0000000000000000        0.0000000000000000        0.0000000000000000        0.0000000000000000       0.99980000000000002        2.0000000000000001E-004
   6.0000000000000000        1.6551243534880276        0.0000000000000000        0.0000000000000000        0.0000000000000000        0.0000000000000000       0.99980000000000002        2.0000000000000001E-004
   7.0000000000000000        1.6436272229404494        0.0000000000000000        0.0000000000000000        0.0000000000000000        0.0000000000000000        1.0000000000000000        0.0000000000000000     
   8.0000000000000000        1.6322541248966069        0.0000000000000000        0.0000000000000000        0.0000000000000000        0.0000000000000000        1.0000000000000000        0.0000000000000000     
   9.0000000000000000        1.6245130296156933        0.0000000000000000        0.0000000000000000        0.0000000000000000        0.0000000000000000        1.0000000000000000        0.0000000000000000     
   10.000000000000000        1.6208409638018884        0.0000000000000000        0.0000000000000000        0.0000000000000000        0.0000000000000000        1.0000000000000000        0.0000000000000000     
   11.000000000000000        1.6201723803871360        0.0000000000000000        0.0000000000000000        0.0000000000000000        0.0000000000000000       0.99980000000000002        2.0000000000000001E-004
   12.000000000000000        1.6230938913766984        0.0000000000000000        0.0000000000000000        0.0000000000000000        0.0000000000000000       0.99239999999999995        7.6000000000000000E-003
   13.000000000000000        1.6289635856218032        0.0000000000000000        0.0000000000000000        0.0000000000000000        0.0000000000000000       0.92500000000000004        7.4999999999999997E-002
   14.000000000000000        1.6363569639628786        0.0000000000000000        0.0000000000000000        0.0000000000000000        0.0000000000000000       0.94479999999999997        5.5199999999999999E-002
   15.000000000000000        1.6456280921699331        0.0000000000000000        0.0000000000000000        0.0000000000000000        0.0000000000000000       0.92520000000000002        7.4800000000000005E-002
   16.000000000000000        1.6562763744757771        0.0000000000000000        0.0000000000000000        0.0000000000000000        0.0000000000000000       0.91559999999999997        8.4400000000000003E-002
   17.000000000000000        1.6675444323026307        0.0000000000000000        0.0000000000000000        0.0000000000000000        0.0000000000000000       0.91379999999999995        8.6199999999999999E-002
   18.000000000000000        1.6792119899271540        0.0000000000000000        0.0000000000000000        0.0000000000000000        0.0000000000000000       0.91579999999999995        8.4199999999999997E-002
   19.000000000000000        1.6927901930767109        0.0000000000000000        0.0000000000000000        0.0000000000000000        0.0000000000000000       0.91479999999999995        8.5199999999999998E-002
   20.000000000000000        1.7023203208314968        0.0000000000000000        0.0000000000000000        0.0000000000000000        0.0000000000000000       0.91439999999999999        8.5599999999999996E-002
   21.000000000000000        1.7126545595739762        0.0000000000000000        0.0000000000000000        0.0000000000000000        0.0000000000000000       0.91420000000000001        8.5800000000000001E-002
   22.000000000000000        1.7219009572419448        0.0000000000000000        0.0000000000000000        0.0000000000000000        0.0000000000000000       0.91420000000000001        8.5800000000000001E-002
   23.000000000000000        1.7323853730086163        0.0000000000000000        0.0000000000000000        0.0000000000000000        0.0000000000000000       0.91279999999999994        8.7200000000000000E-002
   24.000000000000000        1.7349217881639181        0.0000000000000000        0.0000000000000000        0.0000000000000000        0.0000000000000000       0.91080000000000005        8.9200000000000002E-002
   25.000000000000000        1.7403884636935583        0.0000000000000000        0.0000000000000000        0.0000000000000000        0.0000000000000000       0.91080000000000005        8.9200000000000002E-002
   26.000000000000000        1.7448970589777597        0.0000000000000000        0.0000000000000000        0.0000000000000000        0.0000000000000000       0.91459999999999997        8.5400000000000004E-002
   27.000000000000000        1.7435029578777999        0.0000000000000000        0.0000000000000000        0.0000000000000000        0.0000000000000000       0.91520000000000001        8.4800000000000000E-002
   28.000000000000000        1.7421840360730276        0.0000000000000000        0.0000000000000000        0.0000000000000000        0.0000000000000000       0.91459999999999997        8.5400000000000004E-002
   29.000000000000000        1.7391715037612243        0.0000000000000000        0.0000000000000000        0.0000000000000000        0.0000000000000000       0.91520000000000001        8.4800000000000000E-002
   30.000000000000000        1.7296480475136866        0.0000000000000000        0.0000000000000000        0.0000000000000000        0.0000000000000000       0.91559999999999997        8.4400000000000003E-002
   31.000000000000000        1.7289657677503032        0.0000000000000000        0.0000000000000000        0.0000000000000000        0.0000000000000000       0.91120000000000001        8.8800000000000004E-002
   32.000000000000000        1.7221647660712116        0.0000000000000000        0.0000000000000000        0.0000000000000000        0.0000000000000000       0.91400000000000003        8.5999999999999993E-002
   33.000000000000000        1.7161064892898523        0.0000000000000000        0.0000000000000000        0.0000000000000000        0.0000000000000000       0.91359999999999997        8.6400000000000005E-002
   34.000000000000000        1.7057499928444693        0.0000000000000000        0.0000000000000000        0.0000000000000000        0.0000000000000000       0.91459999999999997        8.5400000000000004E-002
   35.000000000000000        1.6978336690121010        0.0000000000000000        0.0000000000000000        0.0000000000000000        0.0000000000000000       0.91579999999999995        8.4199999999999997E-002
   36.000000000000000        1.6905540367938487        0.0000000000000000        0.0000000000000000        0.0000000000000000        0.0000000000000000       0.89380000000000004       0.10620000000000000     
   37.000000000000000        1.6848190669720811        0.0000000000000000        0.0000000000000000        0.0000000000000000        0.0000000000000000       0.86060000000000003       0.13940000000000000     
   38.000000000000000        1.6812355601269102        0.0000000000000000        0.0000000000000000        0.0000000000000000        0.0000000000000000       0.89439999999999997       0.10560000000000000     
   39.000000000000000        1.6788847136734832        0.0000000000000000        0.0000000000000000        0.0000000000000000        0.0000000000000000       0.87639999999999996       0.12360000000000000     
   40.000000000000000        1.6792757864147583        0.0000000000000000        0.0000000000000000        0.0000000000000000        0.0000000000000000       0.90339999999999998        9.6600000000000005E-002
   41.000000000000000        1.6828975760070783        0.0000000000000000        0.0000000000000000        0.0000000000000000        0.0000000000000000       0.89119999999999999       0.10879999999999999     
   42.000000000000000        1.6897051116311097        0.0000000000000000        0.0000000000000000        0.0000000000000000        0.0000000000000000       0.88539999999999996       0.11459999999999999     
   43.000000000000000        1.6991443104495623        0.0000000000000000        0.0000000000000000        0.0000000000000000        0.0000000000000000       0.88639999999999997       0.11360000000000001     
   44.000000000000000        1.7108820561328062        0.0000000000000000        0.0000000000000000        0.0000000000000000        0.0000000000000000       0.84980000000000000       0.15020000000000000     
   45.000000000000000        1.7257531869649010        0.0000000000000000        0.0000000000000000        0.0000000000000000        0.0000000000000000       0.83840000000000003       0.16159999999999999     
   46.000000000000000        1.7416866182707051        0.0000000000000000        0.0000000000000000        0.0000000000000000        0.0000000000000000       0.84480000000000000       0.15520000000000000     
   47.000000000000000        1.7577554904137549        0.0000000000000000        0.0000000000000000        0.0000000000000000        0.0000000000000000       0.86619999999999997       0.13380000000000000     
   48.000000000000000        1.7748842302102750        0.0000000000000000        0.0000000000000000        0.0000000000000000        0.0000000000000000       0.86240000000000006       0.13760000000000000     
   49.000000000000000        1.7922713033017859        0.0000000000000000        0.0000000000000000        0.0000000000000000        0.0000000000000000       0.86299999999999999       0.13700000000000001     
   50.000000000000000        1.8075090849399973        0.0000000000000000        0.0000000000000000        0.0000000000000000        0.0000000000000000       0.86160000000000003       0.13840000000000000     
   51.000000000000000        1.8202456563582943        0.0000000000000000        0.0000000000000000        0.0000000000000000        0.0000000000000000       0.86240000000000006       0.13760000000000000     
   52.000000000000000        1.8308994188778003        0.0000000000000000        0.0000000000000000        0.0000000000000000        0.0000000000000000       0.86060000000000003       0.13940000000000000     
   53.000000000000000        1.8369660298890347        0.0000000000000000        0.0000000000000000        0.0000000000000000        0.0000000000000000       0.86040000000000005       0.13960000000000000     
   54.000000000000000        1.8363541071420386        0.0000000000000000        0.0000000000000000        0.0000000000000000        0.0000000000000000       0.86040000000000005       0.13960000000000000     
   55.000000000000000        1.9115065419878354        0.0000000000000000        0.0000000000000000        3.3999999999999998E-003   0.0000000000000000       0.81179999999999997       0.18479999999999999     
   56.000000000000000        1.9127303212531896        0.0000000000000000        0.0000000000000000        0.0000000000000000        7.0999999999999994E-002  0.74419999999999997       0.18479999999999999     
   57.000000000000000        1.8797028720801834        0.0000000000000000        0.0000000000000000        3.8000000000000000E-003  0.20240000000000000       0.59980000000000000       0.19400000000000001     
   58.000000000000000        1.8124118758998053        0.0000000000000000        0.0000000000000000        2.8000000000000000E-003   0.0000000000000000       0.80500000000000005       0.19220000000000001     
   59.000000000000000        1.8367759256994134        0.0000000000000000        0.0000000000000000       0.16580000000000000       0.12520000000000001       0.51680000000000004       0.19220000000000001     
   60.000000000000000        1.6224434760101387        0.0000000000000000        0.0000000000000000       0.11540000000000000       0.17560000000000001       0.51160000000000005       0.19739999999999999     
   61.000000000000000        1.5089407113791238        0.0000000000000000        0.0000000000000000       0.11540000000000000       0.17560000000000001       0.51139999999999997       0.19760000000000000     
   62.000000000000000        1.4847536926531908        0.0000000000000000        0.0000000000000000       0.11480000000000000       0.17620000000000000       0.50780000000000003       0.20119999999999999     
   63.000000000000000        1.4607968789605830        0.0000000000000000        0.0000000000000000       0.11040000000000000       0.18060000000000001       0.50780000000000003       0.20119999999999999     
   64.000000000000000        1.4325164259992929        0.0000000000000000        0.0000000000000000       0.11040000000000000       0.18060000000000001       0.50719999999999998       0.20180000000000001     
   65.000000000000000        1.4030608420352624        0.0000000000000000        0.0000000000000000       0.11040000000000000       0.18060000000000001       0.50500000000000000       0.20399999999999999     
   66.000000000000000        1.3735178543621047        0.0000000000000000        0.0000000000000000       0.11040000000000000       0.18060000000000001       0.50500000000000000       0.20399999999999999     
   67.000000000000000        1.3445982809415244        0.0000000000000000        0.0000000000000000       0.11040000000000000       0.18060000000000001       0.50400000000000000       0.20499999999999999     
   68.000000000000000        1.3169340376729934        0.0000000000000000        0.0000000000000000       0.11040000000000000       0.18060000000000001       0.50580000000000003       0.20319999999999999     
   69.000000000000000        1.2921297249343779        0.0000000000000000        0.0000000000000000       0.11040000000000000       0.18060000000000001       0.51100000000000001       0.19800000000000001     
   70.000000000000000        1.2708845442095966        0.0000000000000000        0.0000000000000000       0.11000000000000000       0.18099999999999999       0.49240000000000000       0.21659999999999999     
   71.000000000000000        1.2535872785854605        0.0000000000000000        0.0000000000000000       0.11000000000000000       0.18099999999999999       0.37840000000000001       0.33060000000000000     
   72.000000000000000        1.2413050148980391        0.0000000000000000        0.0000000000000000       0.11000000000000000       0.18099999999999999       0.44340000000000002       0.26560000000000000     
   73.000000000000000        1.2373475834815677        0.0000000000000000        1.1999999999999999E-003  0.10860000000000000        5.4199999999999998E-002  0.70820000000000005       0.12780000000000000     
   74.000000000000000        1.2360545589497995        0.0000000000000000        1.1999999999999999E-003  0.10860000000000000        5.4199999999999998E-002  0.70820000000000005       0.12780000000000000     
   75.000000000000000        1.2411299362938750        0.0000000000000000        1.1999999999999999E-003  0.10860000000000000        5.3800000000000001E-002  0.70860000000000001       0.12780000000000000     
   76.000000000000000        1.2517776366582551        0.0000000000000000        1.0000000000000000E-003  0.10860000000000000        5.3800000000000001E-002  0.70860000000000001       0.12800000000000000     
   77.000000000000000        1.2692178870355697        0.0000000000000000        1.0000000000000000E-003  0.10760000000000000        5.3800000000000001E-002  0.70860000000000001       0.12900000000000000     
   78.000000000000000        1.2901514422372860        0.0000000000000000        1.0000000000000000E-003  0.10700000000000000        5.3999999999999999E-002  0.75700000000000001        8.1000000000000003E-002
   79.000000000000000        1.3127744573964146        0.0000000000000000        1.0000000000000000E-003  0.10700000000000000       0.33520000000000000       0.47460000000000002        8.2199999999999995E-002
   80.000000000000000        1.3358995756026191        0.0000000000000000        1.0000000000000000E-003  0.10700000000000000       0.33520000000000000       0.47199999999999998        8.4800000000000000E-002
   81.000000000000000        1.3616980413922370        0.0000000000000000        1.0000000000000000E-003  0.10700000000000000       0.33520000000000000       0.47220000000000001        8.4599999999999995E-002
   82.000000000000000        1.3888115652246120        0.0000000000000000        1.0000000000000000E-003  0.10700000000000000       0.33520000000000000       0.47260000000000002        8.4199999999999997E-002
   83.000000000000000        1.4158624154527146        0.0000000000000000        1.0000000000000000E-003  0.10700000000000000       0.33520000000000000       0.47280000000000000        8.4000000000000005E-002
   84.000000000000000        1.4432455913396187        0.0000000000000000        8.0000000000000004E-004  0.10700000000000000       0.33539999999999998       0.47280000000000000        8.4000000000000005E-002
   85.000000000000000        1.4700436865788322        0.0000000000000000        8.0000000000000004E-004  0.10620000000000000       0.33620000000000000       0.47280000000000000        8.4000000000000005E-002
   86.000000000000000        1.4944607993534564        0.0000000000000000        8.0000000000000004E-004  0.10620000000000000       0.33620000000000000       0.47260000000000002        8.4199999999999997E-002
   87.000000000000000        1.5168177409457395        0.0000000000000000        8.0000000000000004E-004  0.10620000000000000       0.33620000000000000       0.47220000000000001        8.4599999999999995E-002
   88.000000000000000        1.5374114405538466        0.0000000000000000        8.0000000000000004E-004  0.10539999999999999       0.33700000000000002       0.47120000000000001        8.5599999999999996E-002
   89.000000000000000        1.5542987518451825        0.0000000000000000        8.0000000000000004E-004  0.10539999999999999       0.33700000000000002       0.46999999999999997        8.6800000000000002E-002
   90.000000000000000        1.5698827191001352        0.0000000000000000        8.0000000000000004E-004  0.10400000000000000       0.33839999999999998       0.47020000000000001        8.6599999999999996E-002
   91.000000000000000        1.5802768784626637        0.0000000000000000        8.0000000000000004E-004  0.10400000000000000       0.33839999999999998       0.46760000000000002        8.9200000000000002E-002
   92.000000000000000        1.5882263517023012        0.0000000000000000        8.0000000000000004E-004  0.10340000000000001       0.33900000000000002       0.46820000000000001        8.8599999999999998E-002
   93.000000000000000        1.5929007955507606        0.0000000000000000        8.0000000000000004E-004  0.10220000000000000       0.34020000000000000       0.46420000000000000        9.2600000000000002E-002
   94.000000000000000        1.5940541316245302        0.0000000000000000        8.0000000000000004E-004  0.10220000000000000       0.34020000000000000       0.46420000000000000        9.2600000000000002E-002
   95.000000000000000        1.5901406185728666        0.0000000000000000        8.0000000000000004E-004  0.10220000000000000       0.34020000000000000       0.46420000000000000        9.2600000000000002E-002
   96.000000000000000        1.5847612930034978        0.0000000000000000        8.0000000000000004E-004  0.10220000000000000       0.34020000000000000       0.46520000000000000        9.1600000000000001E-002
   97.000000000000000        1.5761705994772681        0.0000000000000000        8.0000000000000004E-004  0.10180000000000000       0.34060000000000001       0.46200000000000002        9.4799999999999995E-002
   98.000000000000000        1.5650191348944338        0.0000000000000000        8.0000000000000004E-004  0.10120000000000000       0.34120000000000000       0.46060000000000001        9.6199999999999994E-002
   99.000000000000000        1.5513190214035935        0.0000000000000000        8.0000000000000004E-004  0.10100000000000001       0.34139999999999998       0.45900000000000002        9.7799999999999998E-002
   100.00000000000000        1.5360191952659035        0.0000000000000000        8.0000000000000004E-004  0.10059999999999999       0.34179999999999999       0.45920000000000000        9.7600000000000006E-002
   101.00000000000000        1.5188698563525558        0.0000000000000000        8.0000000000000004E-004  0.10059999999999999       0.34179999999999999       0.46300000000000002        9.3799999999999994E-002
   102.00000000000000        1.5024093929838220        0.0000000000000000        8.0000000000000004E-004   9.9599999999999994E-002  0.34279999999999999       0.45960000000000001        9.7199999999999995E-002
   103.00000000000000        1.4842039206736213        0.0000000000000000        8.0000000000000004E-004   9.9599999999999994E-002  0.34279999999999999       0.45679999999999998       0.10000000000000001     
   104.00000000000000        1.4666663775977065        0.0000000000000000        8.0000000000000004E-004   9.9599999999999994E-002  0.34279999999999999       0.46039999999999998        9.6400000000000000E-002
   105.00000000000000        1.4502616243655919        0.0000000000000000        8.0000000000000004E-004   9.9400000000000002E-002  0.34300000000000003       0.46339999999999998        9.3399999999999997E-002
   106.00000000000000        1.4347749096254707        0.0000000000000000        8.0000000000000004E-004   9.9400000000000002E-002  0.34300000000000003       0.46079999999999999        9.6000000000000002E-002
   107.00000000000000        1.4226867155510681        0.0000000000000000        8.0000000000000004E-004   9.8199999999999996E-002  0.34420000000000001       0.46079999999999999        9.6000000000000002E-002
   108.00000000000000        1.4107868135672890        0.0000000000000000        8.0000000000000004E-004   9.8199999999999996E-002  0.34420000000000001       0.46079999999999999        9.6000000000000002E-002
   109.00000000000000        1.4008751119485021        0.0000000000000000        8.0000000000000004E-004   9.8199999999999996E-002  0.34420000000000001       0.46079999999999999        9.6000000000000002E-002
   110.00000000000000        1.3932049642734572        0.0000000000000000        8.0000000000000004E-004   9.8199999999999996E-002  0.34420000000000001       0.46000000000000002        9.6799999999999997E-002
   111.00000000000000        1.3876895680806198        0.0000000000000000        8.0000000000000004E-004   9.8199999999999996E-002  0.34420000000000001       0.46139999999999998        9.5399999999999999E-002
   112.00000000000000        1.3845089211555233        0.0000000000000000        8.0000000000000004E-004   9.8199999999999996E-002  0.34420000000000001       0.45979999999999999        9.7000000000000003E-002
   113.00000000000000        1.3834883432217133        0.0000000000000000        8.0000000000000004E-004   9.7799999999999998E-002  0.34460000000000002       0.46079999999999999        9.6000000000000002E-002
   114.00000000000000        1.3841191193204241        0.0000000000000000        8.0000000000000004E-004   9.7600000000000006E-002  0.34480000000000000       0.46079999999999999        9.6000000000000002E-002
   115.00000000000000        1.3879681205178886        0.0000000000000000        8.0000000000000004E-004   9.6000000000000002E-002  0.34639999999999999       0.46079999999999999        9.6000000000000002E-002
   116.00000000000000        1.3912023409156622        0.0000000000000000        8.0000000000000004E-004   9.6000000000000002E-002  0.34639999999999999       0.46000000000000002        9.6799999999999997E-002
   117.00000000000000        1.3955182940746371        0.0000000000000000        8.0000000000000004E-004   9.6000000000000002E-002  0.34639999999999999       0.46100000000000002        9.5799999999999996E-002
   118.00000000000000        1.4012979001056380        0.0000000000000000        5.9999999999999995E-004   9.5799999999999996E-002  0.34680000000000000       0.46000000000000002        9.6799999999999997E-002
   119.00000000000000        1.4096107596254965        0.0000000000000000        5.9999999999999995E-004   9.3600000000000003E-002  0.34899999999999998       0.46000000000000002        9.6799999999999997E-002
   120.00000000000000        1.4166111251041531        0.0000000000000000        5.9999999999999995E-004   9.2799999999999994E-002  0.34980000000000000       0.45900000000000002        9.7799999999999998E-002
   121.00000000000000        1.4247484354050235        0.0000000000000000        5.9999999999999995E-004   9.1200000000000003E-002  0.35139999999999999       0.45979999999999999        9.7000000000000003E-002
   122.00000000000000        1.4311016163219570        0.0000000000000000        5.9999999999999995E-004   9.1200000000000003E-002  0.35139999999999999       0.46160000000000001        9.5200000000000007E-002
   123.00000000000000        1.4373459806132773        0.0000000000000000        5.9999999999999995E-004   9.1200000000000003E-002  0.35139999999999999       0.46100000000000002        9.5799999999999996E-002
   124.00000000000000        1.4440288720653136        0.0000000000000000        5.9999999999999995E-004   9.0600000000000000E-002  0.35199999999999998       0.45779999999999998        9.9000000000000005E-002
   125.00000000000000        1.4510554291921935        0.0000000000000000        5.9999999999999995E-004   8.8800000000000004E-002  0.35380000000000000       0.45860000000000001        9.8199999999999996E-002
   126.00000000000000        1.4568155967030021        0.0000000000000000        5.9999999999999995E-004   8.7800000000000003E-002  0.35480000000000000       0.45879999999999999        9.8000000000000004E-002
   127.00000000000000        1.4611236010257651        0.0000000000000000        5.9999999999999995E-004   8.7800000000000003E-002  0.35480000000000000       0.46020000000000000        9.6600000000000005E-002
   128.00000000000000        1.4645805433060282        0.0000000000000000        5.9999999999999995E-004   8.7800000000000003E-002  0.35480000000000000       0.46020000000000000        9.6600000000000005E-002
   129.00000000000000        1.4673852945991746        0.0000000000000000        5.9999999999999995E-004   8.7800000000000003E-002  0.35480000000000000       0.46200000000000002        9.4799999999999995E-002
   130.00000000000000        1.4696881685732019        0.0000000000000000        5.9999999999999995E-004   8.7800000000000003E-002  0.35480000000000000       0.46220000000000000        9.4600000000000004E-002
   131.00000000000000        1.4713738625419188        0.0000000000000000        5.9999999999999995E-004   8.7800000000000003E-002  0.35480000000000000       0.46120000000000000        9.5600000000000004E-002
   132.00000000000000        1.4728001381536318        0.0000000000000000        5.9999999999999995E-004   8.7800000000000003E-002  0.35480000000000000       0.46420000000000000        9.2600000000000002E-002
   133.00000000000000        1.4740789937640630        0.0000000000000000        5.9999999999999995E-004   8.7800000000000003E-002  0.35480000000000000       0.45820000000000000        9.8599999999999993E-002
   134.00000000000000        1.4774870793116597        0.0000000000000000        4.0000000000000002E-004   8.5800000000000001E-002  0.35699999999999998       0.45879999999999999        9.8000000000000004E-002
   135.00000000000000        1.4797333549769980        0.0000000000000000        4.0000000000000002E-004   8.4800000000000000E-002  0.35799999999999998       0.45000000000000001       0.10680000000000001     
   136.00000000000000        1.4864100824286113        0.0000000000000000        2.0000000000000001E-004   7.7600000000000002E-002  0.36540000000000000       0.45000000000000001       0.10680000000000001     
   137.00000000000000        1.4884636566531448        0.0000000000000000        2.0000000000000001E-004   7.7600000000000002E-002  0.36540000000000000       0.45720000000000000        9.9599999999999994E-002
   138.00000000000000        1.4946749090817297        0.0000000000000000        0.0000000000000000        7.2200000000000000E-002  0.37100000000000000       0.46420000000000000        9.2600000000000002E-002
   139.00000000000000        1.4989465000175475        0.0000000000000000        0.0000000000000000        7.0800000000000002E-002  0.37240000000000001       0.46400000000000002        9.2799999999999994E-002
   140.00000000000000        1.5035210553466318        0.0000000000000000        0.0000000000000000        7.0400000000000004E-002  0.37280000000000002       0.45040000000000002       0.10639999999999999     
   141.00000000000000        1.5094505083751681        0.0000000000000000        0.0000000000000000        6.9400000000000003E-002  0.37380000000000002       0.45100000000000001       0.10580000000000001     
   142.00000000000000        1.5148317508785991        0.0000000000000000        0.0000000000000000        6.9400000000000003E-002  0.37380000000000002       0.44319999999999998       0.11360000000000001     
   143.00000000000000        1.5224745717788302        0.0000000000000000        0.0000000000000000        6.9400000000000003E-002  0.37380000000000002       0.45060000000000000       0.10620000000000000     
   144.00000000000000        1.5305412000378309        0.0000000000000000        0.0000000000000000        6.9199999999999998E-002  0.37400000000000000       0.45119999999999999       0.10560000000000000     
   145.00000000000000        1.5390202093787015        0.0000000000000000        0.0000000000000000        6.9199999999999998E-002  0.37400000000000000       0.45500000000000002       0.10180000000000000     
   146.00000000000000        1.5481673911687071        0.0000000000000000        0.0000000000000000        6.9199999999999998E-002  0.37400000000000000       0.45160000000000000       0.10520000000000000     
   147.00000000000000        1.5578658167832458        0.0000000000000000        0.0000000000000000        6.8599999999999994E-002  0.37459999999999999       0.44100000000000000       0.11580000000000000     
   148.00000000000000        1.5668704818291785        0.0000000000000000        0.0000000000000000        6.8400000000000002E-002  0.37480000000000002       0.43980000000000002       0.11700000000000001     
   149.00000000000000        1.5751372490234072        0.0000000000000000        0.0000000000000000        6.8400000000000002E-002  0.37480000000000002       0.43459999999999999       0.12220000000000000     
   150.00000000000000        1.5824334223926677        0.0000000000000000        0.0000000000000000        6.8400000000000002E-002  0.37480000000000002       0.44259999999999999       0.11420000000000000     
   151.00000000000000        1.5886034237938580        0.0000000000000000        0.0000000000000000        6.8400000000000002E-002  0.37480000000000002       0.44259999999999999       0.11420000000000000     
   152.00000000000000        1.5933415256403261        0.0000000000000000        0.0000000000000000        6.8400000000000002E-002  0.37480000000000002       0.44779999999999998       0.10900000000000000     
   153.00000000000000        1.5956429180349969        0.0000000000000000        0.0000000000000000        6.8199999999999997E-002  0.37500000000000000       0.45460000000000000       0.10220000000000000     
   154.00000000000000        1.5976072481656016        0.0000000000000000        0.0000000000000000        6.8199999999999997E-002  0.37500000000000000       0.45179999999999998       0.10500000000000000     
   155.00000000000000        1.5970079575795384        0.0000000000000000        0.0000000000000000        6.8199999999999997E-002  0.37500000000000000       0.44140000000000001       0.11540000000000000     
   156.00000000000000        1.5951032494313229        0.0000000000000000        0.0000000000000000        6.7599999999999993E-002  0.37559999999999999       0.43200000000000000       0.12479999999999999     
   157.00000000000000        1.5915458398806099        0.0000000000000000        0.0000000000000000        6.6799999999999998E-002  0.37640000000000001       0.43219999999999997       0.12460000000000000     
   158.00000000000000        1.5880680911499439        0.0000000000000000        0.0000000000000000        6.4600000000000005E-002  0.37859999999999999       0.42580000000000001       0.13100000000000001     
   159.00000000000000        1.5805778025526520        0.0000000000000000        0.0000000000000000        6.4600000000000005E-002  0.37859999999999999       0.41620000000000001       0.14060000000000000     
   160.00000000000000        1.5717308288245488        0.0000000000000000        0.0000000000000000        6.4600000000000005E-002  0.37859999999999999       0.40460000000000002       0.15220000000000000     
   161.00000000000000        1.5615020754671682        0.0000000000000000        0.0000000000000000        6.4600000000000005E-002  0.37859999999999999       0.40760000000000002       0.14920000000000000     
   162.00000000000000        1.5502788984906954        0.0000000000000000        0.0000000000000000        6.4600000000000005E-002  0.37859999999999999       0.41199999999999998       0.14480000000000001     
   163.00000000000000        1.5398266602755675        0.0000000000000000        0.0000000000000000        6.3799999999999996E-002  0.37940000000000002       0.40760000000000002       0.14920000000000000     
   164.00000000000000        1.5279118864246879        0.0000000000000000        0.0000000000000000        6.3799999999999996E-002  0.37940000000000002       0.40579999999999999       0.15100000000000000     
   165.00000000000000        1.5156336807559470        0.0000000000000000        0.0000000000000000        6.3799999999999996E-002  0.37940000000000002       0.40439999999999998       0.15240000000000001     
   166.00000000000000        1.5151205427667032        0.0000000000000000        2.0000000000000001E-004   6.3600000000000004E-002   0.0000000000000000       0.78920000000000001       0.14699999999999999     
   167.00000000000000        1.4958309955293858        0.0000000000000000        2.0000000000000001E-004   6.3600000000000004E-002   8.8000000000000005E-003  0.78039999999999998       0.14699999999999999     
   168.00000000000000        1.4745194756093174        0.0000000000000000        0.0000000000000000        6.3799999999999996E-002   7.7999999999999996E-003  0.78139999999999998       0.14699999999999999     
   169.00000000000000        1.4540899746659022        0.0000000000000000        2.0000000000000000E-003   6.1800000000000001E-002   7.1999999999999998E-003  0.78200000000000003       0.14699999999999999     
   170.00000000000000        1.4377888413389039        0.0000000000000000        2.2000000000000001E-003   6.0600000000000001E-002   7.0000000000000001E-003  0.78220000000000001       0.14799999999999999     
   171.00000000000000        1.4233200937614829        0.0000000000000000        2.0000000000000000E-003   6.0199999999999997E-002   6.1999999999999998E-003  0.78300000000000003       0.14860000000000001     
   172.00000000000000        1.4117326522346896        0.0000000000000000        2.0000000000000000E-003   5.9799999999999999E-002   6.0000000000000001E-003  0.78320000000000001       0.14899999999999999     
   173.00000000000000        1.4027284313168169        0.0000000000000000        2.0000000000000000E-003   5.9799999999999999E-002   6.0000000000000001E-003  0.78320000000000001       0.14899999999999999     
   174.00000000000000        1.3978135543596222        0.0000000000000000        2.0000000000000000E-003   5.9799999999999999E-002   5.7999999999999996E-003  0.78339999999999999       0.14899999999999999     
   175.00000000000000        1.3971246207044561        0.0000000000000000        2.0000000000000000E-003   5.9799999999999999E-002   4.7999999999999996E-003  0.78439999999999999       0.14899999999999999     
   176.00000000000000        1.4008140551405726        0.0000000000000000        2.0000000000000000E-003   5.9799999999999999E-002   7.7999999999999996E-003  0.78139999999999998       0.14899999999999999     
   177.00000000000000        1.4085800747103092        0.0000000000000000        2.0000000000000000E-003   5.9799999999999999E-002   5.0000000000000001E-003  0.78420000000000001       0.14899999999999999     
   178.00000000000000        1.4230669374087153        0.0000000000000000        2.0000000000000000E-003   5.8000000000000003E-002   2.3199999999999998E-002  0.76600000000000001       0.15079999999999999     
   179.00000000000000        1.4393533813036457        0.0000000000000000        2.0000000000000000E-003   5.8000000000000003E-002   1.6799999999999999E-002  0.77239999999999998       0.15079999999999999     
   180.00000000000000        1.4665194542001692        0.0000000000000000        2.0000000000000000E-003   5.8000000000000003E-002   1.5599999999999999E-002  0.60860000000000003       0.31580000000000003     
   181.00000000000000        1.4812282991075023        0.0000000000000000        2.0000000000000000E-003   5.6800000000000003E-002   2.1200000000000000E-002  0.58779999999999999       0.33220000000000000     
   182.00000000000000        1.5126437598134692        0.0000000000000000        2.0000000000000000E-003   5.6800000000000003E-002   2.1200000000000000E-002  0.57040000000000002       0.34960000000000002     
   183.00000000000000        1.5462472977741635        0.0000000000000000        2.0000000000000000E-003   5.6800000000000003E-002   2.1200000000000000E-002  0.56599999999999995       0.35399999999999998     
   184.00000000000000        1.5819262285462712        0.0000000000000000        2.0000000000000000E-003   5.5599999999999997E-002   2.2400000000000000E-002  0.59219999999999995       0.32779999999999998     
   185.00000000000000        1.6157012020050563        0.0000000000000000        2.0000000000000000E-003   5.5599999999999997E-002   2.2400000000000000E-002  0.62260000000000004       0.29740000000000000     
   186.00000000000000        1.6477625878961237        0.0000000000000000        2.0000000000000000E-003   5.5599999999999997E-002   2.2400000000000000E-002  0.63639999999999997       0.28360000000000002     
   187.00000000000000        1.6779497763182003        0.0000000000000000        2.0000000000000000E-003   5.5599999999999997E-002   2.2400000000000000E-002  0.61380000000000001       0.30620000000000003     
   188.00000000000000        1.7045635813198243        0.0000000000000000        2.0000000000000000E-003   5.5599999999999997E-002   2.2400000000000000E-002  0.64000000000000001       0.28000000000000003     
   189.00000000000000        1.7282012656757060        0.0000000000000000        2.0000000000000000E-003   5.5599999999999997E-002   2.2400000000000000E-002  0.65480000000000005       0.26519999999999999     
