#        BMIN =   406
#        BMAX =   411
#     INIBAND =   411
#      NBANDS =   540
#         NSW =  2000
#       POTIM =   1.0
#        TEMP = 300.0
#    NAMDTINI =   223
#    NAMDTIME =  1000
#       NTRAJ =  5000
#        NELM =  1000
#       LHOLE =     T
#        LSHP =     T
#      LCPTXT =     T
#      RUNDIR = ../../run/
   1.0000000000000000        1.5141708096401327        0.0000000000000000        0.0000000000000000        0.0000000000000000        0.0000000000000000        0.0000000000000000        1.0000000000000000     
   2.0000000000000000        1.5102680229578538        0.0000000000000000        0.0000000000000000        0.0000000000000000        0.0000000000000000        2.0000000000000001E-004  0.99980000000000002     
   3.0000000000000000        1.5118682181772121        0.0000000000000000        0.0000000000000000        0.0000000000000000        0.0000000000000000        0.0000000000000000        1.0000000000000000     
   4.0000000000000000        1.5187710336597378        0.0000000000000000        0.0000000000000000        0.0000000000000000        0.0000000000000000        0.0000000000000000        1.0000000000000000     
   5.0000000000000000        1.5313050229525844        0.0000000000000000        0.0000000000000000        0.0000000000000000        0.0000000000000000        0.0000000000000000        1.0000000000000000     
   6.0000000000000000        1.5488702637901699        0.0000000000000000        0.0000000000000000        0.0000000000000000        0.0000000000000000        4.0000000000000002E-004  0.99960000000000004     
   7.0000000000000000        1.5711851949703508        0.0000000000000000        0.0000000000000000        0.0000000000000000        0.0000000000000000        4.0000000000000002E-004  0.99960000000000004     
   8.0000000000000000        1.5976631871486229        0.0000000000000000        0.0000000000000000        0.0000000000000000        0.0000000000000000        4.0000000000000002E-004  0.99960000000000004     
   9.0000000000000000        1.6276917416337131        0.0000000000000000        0.0000000000000000        0.0000000000000000        0.0000000000000000        0.0000000000000000        1.0000000000000000     
   10.000000000000000        1.6599718088848223        0.0000000000000000        0.0000000000000000        0.0000000000000000        0.0000000000000000        0.0000000000000000        1.0000000000000000     
   11.000000000000000        1.6939517116229124        0.0000000000000000        0.0000000000000000        0.0000000000000000        0.0000000000000000        4.0000000000000002E-004  0.99960000000000004     
   12.000000000000000        1.7281387666129500        0.0000000000000000        0.0000000000000000        0.0000000000000000        0.0000000000000000        0.0000000000000000        1.0000000000000000     
   13.000000000000000        1.7624724610890685        0.0000000000000000        0.0000000000000000        0.0000000000000000        0.0000000000000000        8.0000000000000004E-004  0.99919999999999998     
   14.000000000000000        1.7957910579585301        0.0000000000000000        0.0000000000000000        0.0000000000000000        0.0000000000000000        8.0000000000000004E-004  0.99919999999999998     
   15.000000000000000        1.8266969975686274        0.0000000000000000        0.0000000000000000        0.0000000000000000        0.0000000000000000        0.0000000000000000        1.0000000000000000     
   16.000000000000000        1.8536259665453305        0.0000000000000000        0.0000000000000000        0.0000000000000000        0.0000000000000000        0.0000000000000000        1.0000000000000000     
   17.000000000000000        1.8816173708503812        0.0000000000000000        0.0000000000000000        0.0000000000000000        0.0000000000000000        0.0000000000000000        1.0000000000000000     
   18.000000000000000        1.8977649860560610        0.0000000000000000        0.0000000000000000        0.0000000000000000        0.0000000000000000        2.3999999999999998E-003  0.99760000000000004     
   19.000000000000000        1.9116601946615162        0.0000000000000000        0.0000000000000000        0.0000000000000000        0.0000000000000000        7.1999999999999998E-003  0.99280000000000002     
   20.000000000000000        1.9210613000669960        0.0000000000000000        0.0000000000000000        0.0000000000000000        0.0000000000000000        7.0000000000000001E-003  0.99299999999999999     
   21.000000000000000        1.9244098245785959        0.0000000000000000        0.0000000000000000        0.0000000000000000        0.0000000000000000        6.7999999999999996E-003  0.99319999999999997     
   22.000000000000000        1.9216420344135885        0.0000000000000000        0.0000000000000000        0.0000000000000000        0.0000000000000000        8.0000000000000004E-004  0.99919999999999998     
   23.000000000000000        1.9139306885246699        0.0000000000000000        0.0000000000000000        0.0000000000000000        0.0000000000000000        5.9999999999999995E-004  0.99939999999999996     
   24.000000000000000        1.9037357726711561        0.0000000000000000        0.0000000000000000        0.0000000000000000        0.0000000000000000        0.0000000000000000        1.0000000000000000     
   25.000000000000000        1.8845857862018025        0.0000000000000000        0.0000000000000000        0.0000000000000000        0.0000000000000000        0.0000000000000000        1.0000000000000000     
   26.000000000000000        1.8589476708004535        0.0000000000000000        0.0000000000000000        0.0000000000000000        0.0000000000000000        2.0000000000000001E-004  0.99980000000000002     
   27.000000000000000        1.8331240021396040        0.0000000000000000        0.0000000000000000        0.0000000000000000        0.0000000000000000        0.0000000000000000        1.0000000000000000     
   28.000000000000000        1.8002727621579631        0.0000000000000000        0.0000000000000000        0.0000000000000000        0.0000000000000000        0.0000000000000000        1.0000000000000000     
   29.000000000000000        1.7653086777529523        0.0000000000000000        0.0000000000000000        0.0000000000000000        0.0000000000000000        1.6000000000000001E-003  0.99839999999999995     
   30.000000000000000        1.7299000630494432        0.0000000000000000        0.0000000000000000        0.0000000000000000        0.0000000000000000        0.0000000000000000        1.0000000000000000     
   31.000000000000000        1.6938362827156177        0.0000000000000000        0.0000000000000000        0.0000000000000000        0.0000000000000000        0.0000000000000000        1.0000000000000000     
   32.000000000000000        1.6576544601466126        0.0000000000000000        0.0000000000000000        0.0000000000000000        0.0000000000000000        2.0000000000000001E-004  0.99980000000000002     
   33.000000000000000        1.6232194981906107        0.0000000000000000        0.0000000000000000        0.0000000000000000        0.0000000000000000        2.0000000000000001E-004  0.99980000000000002     
   34.000000000000000        1.5902206764468541        0.0000000000000000        0.0000000000000000        0.0000000000000000        0.0000000000000000        2.3999999999999998E-003  0.99760000000000004     
   35.000000000000000        1.5604089206040577        0.0000000000000000        0.0000000000000000        0.0000000000000000        0.0000000000000000        3.5999999999999999E-003  0.99639999999999995     
   36.000000000000000        1.5349972850504519        0.0000000000000000        0.0000000000000000        0.0000000000000000        0.0000000000000000        3.3999999999999998E-003  0.99660000000000004     
   37.000000000000000        1.5124914873266235        0.0000000000000000        0.0000000000000000        0.0000000000000000        0.0000000000000000        2.0000000000000000E-003  0.99800000000000000     
   38.000000000000000        1.4974440827238529        0.0000000000000000        0.0000000000000000        0.0000000000000000        0.0000000000000000        4.1999999999999997E-003  0.99580000000000002     
   39.000000000000000        1.5023283028527663        0.0000000000000000        0.0000000000000000        0.0000000000000000        0.0000000000000000        4.1999999999999997E-003  0.99580000000000002     
   40.000000000000000        1.5075942289518312        0.0000000000000000        0.0000000000000000        0.0000000000000000        1.1999999999999999E-003   2.5999999999999999E-003  0.99619999999999997     
   41.000000000000000        1.4838883359834183        0.0000000000000000        0.0000000000000000        0.0000000000000000        1.1999999999999999E-003  0.42280000000000001       0.57599999999999996     
   42.000000000000000        1.4946028802304121        0.0000000000000000        0.0000000000000000        0.0000000000000000        1.1999999999999999E-003  0.42280000000000001       0.57599999999999996     
   43.000000000000000        1.5061986414334063        0.0000000000000000        0.0000000000000000        0.0000000000000000        2.0000000000000000E-003  0.42180000000000001       0.57620000000000005     
   44.000000000000000        1.5124415859910321        0.0000000000000000        0.0000000000000000        0.0000000000000000        1.3400000000000000E-002  0.41039999999999999       0.57620000000000005     
   45.000000000000000        1.5215820804997211        0.0000000000000000        0.0000000000000000        0.0000000000000000       0.20760000000000001        0.0000000000000000       0.79239999999999999     
   46.000000000000000        1.5866757490575427        0.0000000000000000        0.0000000000000000        0.0000000000000000       0.20760000000000001       0.10979999999999999       0.68259999999999998     
   47.000000000000000        1.5745281481226860        0.0000000000000000        0.0000000000000000        3.5999999999999999E-003  0.41099999999999998        3.5000000000000003E-002  0.55040000000000000     
   48.000000000000000        1.5504157144148141        0.0000000000000000        0.0000000000000000        3.8000000000000000E-003  0.41060000000000002        3.1600000000000003E-002  0.55400000000000005     
   49.000000000000000        1.5608044498275095        0.0000000000000000        0.0000000000000000        3.8000000000000000E-003  0.41060000000000002        3.1800000000000002E-002  0.55379999999999996     
   50.000000000000000        1.5731483665150447        0.0000000000000000        0.0000000000000000        4.5999999999999999E-003  0.40980000000000000        3.2199999999999999E-002  0.55340000000000000     
   51.000000000000000        1.5740389161137263        0.0000000000000000        0.0000000000000000        4.5999999999999999E-003  0.40980000000000000        3.2599999999999997E-002  0.55300000000000005     
   52.000000000000000        1.5769978430581559        0.0000000000000000        0.0000000000000000        4.5999999999999999E-003  0.40980000000000000        2.9800000000000000E-002  0.55579999999999996     
   53.000000000000000        1.5773140667000400        0.0000000000000000        0.0000000000000000        4.5999999999999999E-003  0.40980000000000000        2.5200000000000000E-002  0.56040000000000001     
   54.000000000000000        1.5739570642116560        0.0000000000000000        0.0000000000000000        4.5999999999999999E-003  0.40980000000000000        2.3400000000000001E-002  0.56220000000000003     
   55.000000000000000        1.5679399255679474        0.0000000000000000        0.0000000000000000        4.5999999999999999E-003  0.40980000000000000        2.3199999999999998E-002  0.56240000000000001     
   56.000000000000000        1.5596642348414105        0.0000000000000000        0.0000000000000000        4.5999999999999999E-003  0.40980000000000000        1.6199999999999999E-002  0.56940000000000002     
   57.000000000000000        1.5487567827346926        0.0000000000000000        0.0000000000000000        4.1999999999999997E-003  0.41020000000000001        7.6000000000000000E-003  0.57799999999999996     
   58.000000000000000        1.5359337289890393        0.0000000000000000        0.0000000000000000        4.1999999999999997E-003  0.41020000000000001        2.1000000000000001E-002  0.56459999999999999     
   59.000000000000000        1.5218355115842139        0.0000000000000000        0.0000000000000000        4.1999999999999997E-003  0.41020000000000001        0.0000000000000000       0.58560000000000001     
   60.000000000000000        1.5069274303797338        0.0000000000000000        0.0000000000000000        4.1999999999999997E-003  0.41020000000000001        3.0000000000000001E-003  0.58260000000000001     
   61.000000000000000        1.4917817419467538        0.0000000000000000        0.0000000000000000        4.1999999999999997E-003  0.41020000000000001        1.4000000000000000E-003  0.58420000000000005     
   62.000000000000000        1.4770495208569390        0.0000000000000000        0.0000000000000000        4.1999999999999997E-003  0.41020000000000001        2.0600000000000000E-002  0.56499999999999995     
   63.000000000000000        1.4631645722254323        0.0000000000000000        0.0000000000000000        4.1999999999999997E-003  0.41020000000000001        2.1200000000000000E-002  0.56440000000000001     
   64.000000000000000        1.4504578072287115        0.0000000000000000        0.0000000000000000        4.1999999999999997E-003  0.41020000000000001        2.1000000000000001E-002  0.56459999999999999     
   65.000000000000000        1.4396471500027230        0.0000000000000000        4.0000000000000002E-004   3.8000000000000000E-003  0.41020000000000001        9.5999999999999992E-003  0.57599999999999996     
   66.000000000000000        1.4308600915577654        0.0000000000000000        2.0000000000000001E-004   4.0000000000000001E-003  0.41020000000000001        8.3999999999999995E-003  0.57720000000000005     
   67.000000000000000        1.4245857573889036        0.0000000000000000        2.0000000000000001E-004   4.0000000000000001E-003  0.41020000000000001        5.7999999999999996E-003  0.57979999999999998     
   68.000000000000000        1.4209242439759939        0.0000000000000000        2.0000000000000001E-004   4.0000000000000001E-003  0.41020000000000001        5.4000000000000003E-003  0.58020000000000005     
   69.000000000000000        1.4201969759254183        0.0000000000000000        0.0000000000000000        4.1999999999999997E-003  0.41020000000000001        5.4000000000000003E-003  0.58020000000000005     
   70.000000000000000        1.4223333398845699        0.0000000000000000        0.0000000000000000        4.1999999999999997E-003  0.41020000000000001        5.7999999999999996E-003  0.57979999999999998     
   71.000000000000000        1.4273623703618910        0.0000000000000000        0.0000000000000000        4.1999999999999997E-003  0.41020000000000001        6.1999999999999998E-003  0.57940000000000003     
   72.000000000000000        1.4350766269709114        0.0000000000000000        0.0000000000000000        4.1999999999999997E-003  0.41020000000000001        4.7999999999999996E-003  0.58079999999999998     
   73.000000000000000        1.4449272868949439        0.0000000000000000        0.0000000000000000        4.1999999999999997E-003  0.41020000000000001        4.7999999999999996E-003  0.58079999999999998     
   74.000000000000000        1.4566780810445339        0.0000000000000000        0.0000000000000000        4.1999999999999997E-003  0.41020000000000001        5.0000000000000001E-003  0.58060000000000000     
   75.000000000000000        1.4698390026533372        0.0000000000000000        0.0000000000000000        4.1999999999999997E-003  0.41020000000000001        5.0000000000000001E-003  0.58060000000000000     
   76.000000000000000        1.4836399289670044        0.0000000000000000        0.0000000000000000        4.1999999999999997E-003  0.41020000000000001        5.5999999999999999E-003  0.57999999999999996     
   77.000000000000000        1.4962591154767326        0.0000000000000000        0.0000000000000000        4.1999999999999997E-003  0.41020000000000001        5.4000000000000003E-003  0.58020000000000005     
   78.000000000000000        1.5109204088611556        0.0000000000000000        0.0000000000000000        4.1999999999999997E-003  0.41020000000000001        5.1999999999999998E-003  0.58040000000000003     
   79.000000000000000        1.5229709572441852        0.0000000000000000        0.0000000000000000        3.8000000000000000E-003  0.41060000000000002        5.5999999999999999E-003  0.57999999999999996     
   80.000000000000000        1.5345165667645548        0.0000000000000000        0.0000000000000000        2.8000000000000000E-003  0.41160000000000002        5.5999999999999999E-003  0.57999999999999996     
   81.000000000000000        1.5426341642438697        0.0000000000000000        0.0000000000000000        2.8000000000000000E-003  0.41160000000000002        5.4000000000000003E-003  0.58020000000000005     
   82.000000000000000        1.5496310494056043        0.0000000000000000        0.0000000000000000        2.8000000000000000E-003  0.41160000000000002        6.0000000000000001E-003  0.57960000000000000     
   83.000000000000000        1.5523435706640045        0.0000000000000000        0.0000000000000000        2.8000000000000000E-003  0.41160000000000002        6.0000000000000001E-003  0.57960000000000000     
   84.000000000000000        1.5538092911558250        0.0000000000000000        0.0000000000000000        2.8000000000000000E-003  0.41160000000000002        6.7999999999999996E-003  0.57879999999999998     
   85.000000000000000        1.5530457554845407        0.0000000000000000        0.0000000000000000        2.8000000000000000E-003  0.41160000000000002        6.6000000000000000E-003  0.57899999999999996     
   86.000000000000000        1.5501039173935551        0.0000000000000000        0.0000000000000000        2.8000000000000000E-003  0.41160000000000002        6.6000000000000000E-003  0.57899999999999996     
   87.000000000000000        1.5453793277487504        0.0000000000000000        0.0000000000000000        2.8000000000000000E-003  0.41160000000000002        6.6000000000000000E-003  0.57899999999999996     
   88.000000000000000        1.5393977390931046        0.0000000000000000        0.0000000000000000        2.2000000000000001E-003  0.41220000000000001        6.6000000000000000E-003  0.57899999999999996     
   89.000000000000000        1.5314005895454459        0.0000000000000000        0.0000000000000000        2.2000000000000001E-003  0.41220000000000001        6.6000000000000000E-003  0.57899999999999996     
   90.000000000000000        1.5224609331737333        0.0000000000000000        0.0000000000000000        2.2000000000000001E-003  0.41220000000000001        5.7999999999999996E-003  0.57979999999999998     
   91.000000000000000        1.5124620520925349        0.0000000000000000        0.0000000000000000        2.2000000000000001E-003  0.41220000000000001        5.7999999999999996E-003  0.57979999999999998     
   92.000000000000000        1.5022839201256237        0.0000000000000000        0.0000000000000000        2.0000000000000000E-003  0.41239999999999999        5.7999999999999996E-003  0.57979999999999998     
   93.000000000000000        1.4918609436680998        0.0000000000000000        0.0000000000000000        2.0000000000000000E-003  0.41239999999999999        7.7999999999999996E-003  0.57779999999999998     
   94.000000000000000        1.4819504112819559        0.0000000000000000        0.0000000000000000        2.0000000000000000E-003  0.41239999999999999        9.5999999999999992E-003  0.57599999999999996     
   95.000000000000000        1.4730037172102957        0.0000000000000000        0.0000000000000000        2.0000000000000000E-003  0.41239999999999999        1.4200000000000001E-002  0.57140000000000002     
   96.000000000000000        1.4657345930981891        0.0000000000000000        0.0000000000000000        1.8000000000000000E-003  0.41260000000000002        8.8000000000000005E-003  0.57679999999999998     
   97.000000000000000        1.4602264963810381        0.0000000000000000        0.0000000000000000        1.8000000000000000E-003  0.41260000000000002        5.4000000000000003E-003  0.58020000000000005     
   98.000000000000000        1.4573743910386781        0.0000000000000000        0.0000000000000000        1.8000000000000000E-003  0.41260000000000002        9.9199999999999997E-002  0.48640000000000000     
   99.000000000000000        1.4575554948541463        0.0000000000000000        0.0000000000000000        1.8000000000000000E-003  0.41260000000000002       0.16800000000000001       0.41760000000000003     
   100.00000000000000        1.4613126954658191        0.0000000000000000        0.0000000000000000        1.6000000000000001E-003  0.41280000000000000       0.17720000000000000       0.40839999999999999     
   101.00000000000000        1.4684828386952100        0.0000000000000000        0.0000000000000000        1.6000000000000001E-003  0.41280000000000000       0.17720000000000000       0.40839999999999999     
   102.00000000000000        1.4791644664231958        0.0000000000000000        0.0000000000000000        1.6000000000000001E-003  0.41280000000000000       0.18520000000000000       0.40039999999999998     
   103.00000000000000        1.4935840942258545        0.0000000000000000        0.0000000000000000        1.6000000000000001E-003  0.41280000000000000       0.18140000000000001       0.40420000000000000     
   104.00000000000000        1.5114768708158752        0.0000000000000000        0.0000000000000000        1.6000000000000001E-003  0.41280000000000000       0.18459999999999999       0.40100000000000002     
   105.00000000000000        1.5325947576359940        0.0000000000000000        0.0000000000000000        1.6000000000000001E-003  0.41280000000000000       0.18600000000000000       0.39960000000000001     
   106.00000000000000        1.5566438603396737        0.0000000000000000        0.0000000000000000        1.6000000000000001E-003  0.41280000000000000       0.18540000000000001       0.40020000000000000     
   107.00000000000000        1.5828313390629039        0.0000000000000000        0.0000000000000000        1.6000000000000001E-003  0.41280000000000000       0.18540000000000001       0.40020000000000000     
   108.00000000000000        1.6110301644574263        0.0000000000000000        0.0000000000000000        1.6000000000000001E-003  0.41280000000000000       0.18540000000000001       0.40020000000000000     
   109.00000000000000        1.6392945741486500        0.0000000000000000        0.0000000000000000        1.6000000000000001E-003  0.41280000000000000       0.18540000000000001       0.40020000000000000     
   110.00000000000000        1.6679049458595254        0.0000000000000000        0.0000000000000000        1.6000000000000001E-003  0.41280000000000000       0.18540000000000001       0.40020000000000000     
   111.00000000000000        1.6957549024623808        0.0000000000000000        0.0000000000000000        1.6000000000000001E-003  0.41280000000000000       0.18479999999999999       0.40079999999999999     
   112.00000000000000        1.7211881993820093        0.0000000000000000        0.0000000000000000        1.6000000000000001E-003  0.41280000000000000       0.18420000000000000       0.40139999999999998     
   113.00000000000000        1.7439437993878335        0.0000000000000000        0.0000000000000000        1.6000000000000001E-003  0.41280000000000000       0.18420000000000000       0.40139999999999998     
   114.00000000000000        1.7628793299471450        0.0000000000000000        0.0000000000000000        1.6000000000000001E-003  0.41280000000000000       0.18400000000000000       0.40160000000000001     
   115.00000000000000        1.7771740507281331        0.0000000000000000        0.0000000000000000        1.6000000000000001E-003  0.41280000000000000       0.18400000000000000       0.40160000000000001     
   116.00000000000000        1.7860263655987607        0.0000000000000000        0.0000000000000000        1.6000000000000001E-003  0.41280000000000000       0.18520000000000000       0.40039999999999998     
   117.00000000000000        1.7888424953224238        0.0000000000000000        0.0000000000000000        1.6000000000000001E-003  0.41280000000000000       0.18559999999999999       0.40000000000000002     
   118.00000000000000        1.7860813293634750        0.0000000000000000        0.0000000000000000        1.6000000000000001E-003  0.41280000000000000       0.18200000000000000       0.40360000000000001     
   119.00000000000000        1.7764871702253111        0.0000000000000000        0.0000000000000000        1.6000000000000001E-003  0.41280000000000000       0.17879999999999999       0.40679999999999999     
   120.00000000000000        1.7617235442491836        0.0000000000000000        0.0000000000000000        1.6000000000000001E-003  0.41280000000000000       0.18020000000000000       0.40539999999999998     
   121.00000000000000        1.7421002566554238        0.0000000000000000        0.0000000000000000        1.6000000000000001E-003  0.41280000000000000       0.17899999999999999       0.40660000000000002     
   122.00000000000000        1.7185227923656519        0.0000000000000000        0.0000000000000000        1.6000000000000001E-003  0.41280000000000000       0.17820000000000000       0.40739999999999998     
   123.00000000000000        1.6918715014508692        0.0000000000000000        0.0000000000000000        1.6000000000000001E-003  0.41280000000000000       0.17680000000000001       0.40880000000000000     
   124.00000000000000        1.6631882247477190        0.0000000000000000        0.0000000000000000        1.6000000000000001E-003  0.41280000000000000       0.17740000000000000       0.40820000000000001     
   125.00000000000000        1.6330912244961331        0.0000000000000000        0.0000000000000000        1.6000000000000001E-003  0.41280000000000000       0.18540000000000001       0.40020000000000000     
   126.00000000000000        1.6023622889604310        0.0000000000000000        0.0000000000000000        1.6000000000000001E-003  0.41280000000000000       0.19080000000000000       0.39479999999999998     
   127.00000000000000        1.5720186250550428        0.0000000000000000        0.0000000000000000        1.6000000000000001E-003  0.41280000000000000       0.17040000000000000       0.41520000000000001     
   128.00000000000000        1.5419854175738501        0.0000000000000000        0.0000000000000000        1.6000000000000001E-003  0.41280000000000000       0.18279999999999999       0.40279999999999999     
   129.00000000000000        1.5133647473349854        0.0000000000000000        0.0000000000000000        1.6000000000000001E-003  0.41280000000000000       0.20440000000000000       0.38119999999999998     
   130.00000000000000        1.4867108009197216        0.0000000000000000        0.0000000000000000        1.4000000000000000E-003  0.41299999999999998       0.21460000000000001       0.37100000000000000     
   131.00000000000000        1.4624822964244262        0.0000000000000000        0.0000000000000000        1.4000000000000000E-003  0.41299999999999998       0.23820000000000000       0.34739999999999999     
   132.00000000000000        1.4410800532916905        0.0000000000000000        0.0000000000000000        1.1999999999999999E-003  0.41320000000000001       0.27679999999999999       0.30880000000000002     
   133.00000000000000        1.4231607978977170        0.0000000000000000        0.0000000000000000        1.1999999999999999E-003  0.41320000000000001       0.28620000000000001       0.29940000000000000     
   134.00000000000000        1.4086369821754690        0.0000000000000000        0.0000000000000000        1.1999999999999999E-003  0.41320000000000001       0.31519999999999998       0.27039999999999997     
   135.00000000000000        1.3982100393753463        0.0000000000000000        0.0000000000000000        1.1999999999999999E-003  0.41320000000000001       0.33820000000000000       0.24740000000000001     
   136.00000000000000        1.3921130238177390        0.0000000000000000        0.0000000000000000        1.1999999999999999E-003  0.41320000000000001       0.35580000000000001       0.22980000000000000     
   137.00000000000000        1.3902328693367496        0.0000000000000000        0.0000000000000000        1.1999999999999999E-003  0.41320000000000001       0.36440000000000000       0.22120000000000001     
   138.00000000000000        1.3927225430054579        0.0000000000000000        0.0000000000000000        1.1999999999999999E-003  0.41320000000000001       0.36780000000000002       0.21779999999999999     
   139.00000000000000        1.3993333783289579        0.0000000000000000        0.0000000000000000        1.1999999999999999E-003  0.41320000000000001       0.36640000000000000       0.21920000000000001     
   140.00000000000000        1.4094694601709732        0.0000000000000000        0.0000000000000000        1.1999999999999999E-003  0.41320000000000001       0.37359999999999999       0.21199999999999999     
   141.00000000000000        1.4231309229952165        0.0000000000000000        0.0000000000000000        1.1999999999999999E-003  0.41320000000000001       0.36940000000000001       0.21620000000000000     
   142.00000000000000        1.4388433313714684        0.0000000000000000        0.0000000000000000        1.1999999999999999E-003  0.41320000000000001       0.36940000000000001       0.21620000000000000     
   143.00000000000000        1.4563872568025227        0.0000000000000000        0.0000000000000000        1.1999999999999999E-003  0.41320000000000001       0.36640000000000000       0.21920000000000001     
   144.00000000000000        1.4747999481079903        0.0000000000000000        0.0000000000000000        1.1999999999999999E-003  0.41320000000000001       0.36640000000000000       0.21920000000000001     
   145.00000000000000        1.4934036002627842        0.0000000000000000        0.0000000000000000        1.1999999999999999E-003  0.41320000000000001       0.36840000000000001       0.21720000000000000     
   146.00000000000000        1.5118705045726761        0.0000000000000000        0.0000000000000000        1.1999999999999999E-003  0.41320000000000001       0.37719999999999998       0.20840000000000000     
   147.00000000000000        1.5288535734439197        0.0000000000000000        0.0000000000000000        1.1999999999999999E-003  0.41320000000000001       0.37059999999999998       0.21500000000000000     
   148.00000000000000        1.5448273996861772        0.0000000000000000        0.0000000000000000        1.1999999999999999E-003  0.41320000000000001       0.37819999999999998       0.20740000000000000     
   149.00000000000000        1.5593979846523345        0.0000000000000000        0.0000000000000000        1.1999999999999999E-003  0.41320000000000001       0.38200000000000001       0.20360000000000000     
   150.00000000000000        1.5724041269553202        0.0000000000000000        2.0000000000000001E-004   1.0000000000000000E-003  0.41320000000000001       0.38960000000000000       0.19600000000000001     
   151.00000000000000        1.5836003177717870        0.0000000000000000        2.0000000000000001E-004   1.0000000000000000E-003  0.41320000000000001       0.39639999999999997       0.18920000000000001     
   152.00000000000000        1.5930414596661240        0.0000000000000000        2.0000000000000001E-004   1.0000000000000000E-003  0.41320000000000001       0.39660000000000001       0.18900000000000000     
   153.00000000000000        1.6004625360244549        0.0000000000000000        2.0000000000000001E-004   1.0000000000000000E-003  0.41320000000000001       0.39939999999999998       0.18620000000000000     
   154.00000000000000        1.6059633835149101        0.0000000000000000        2.0000000000000001E-004   1.0000000000000000E-003  0.41320000000000001       0.38460000000000000       0.20100000000000001     
   155.00000000000000        1.6094901016487522        0.0000000000000000        2.0000000000000001E-004   1.0000000000000000E-003  0.41320000000000001       0.38279999999999997       0.20280000000000001     
   156.00000000000000        1.6108875067561630        0.0000000000000000        2.0000000000000001E-004   1.0000000000000000E-003  0.41320000000000001       0.38260000000000000       0.20300000000000001     
   157.00000000000000        1.6101412989944932        0.0000000000000000        2.0000000000000001E-004   1.0000000000000000E-003  0.41320000000000001       0.36480000000000001       0.22080000000000000     
   158.00000000000000        1.6074062587301938        0.0000000000000000        2.0000000000000001E-004   1.0000000000000000E-003  0.41320000000000001       0.35899999999999999       0.22660000000000000     
   159.00000000000000        1.6028946585205754        0.0000000000000000        2.0000000000000001E-004   1.0000000000000000E-003  0.41320000000000001       0.35280000000000000       0.23280000000000001     
   160.00000000000000        1.5965312543232641        0.0000000000000000        2.0000000000000001E-004   1.0000000000000000E-003  0.41320000000000001       0.35759999999999997       0.22800000000000001     
   161.00000000000000        1.5889599931361627        0.0000000000000000        2.0000000000000001E-004   1.0000000000000000E-003  0.41320000000000001       0.35560000000000003       0.23000000000000001     
   162.00000000000000        1.5799275914047954        0.0000000000000000        2.0000000000000001E-004   1.0000000000000000E-003  0.41320000000000001       0.35299999999999998       0.23260000000000000     
   163.00000000000000        1.5704190727270744        0.0000000000000000        2.0000000000000001E-004   1.0000000000000000E-003  0.41320000000000001       0.34980000000000000       0.23580000000000001     
   164.00000000000000        1.5604503276107691        0.0000000000000000        2.0000000000000001E-004   1.0000000000000000E-003  0.41320000000000001       0.34560000000000002       0.23999999999999999     
   165.00000000000000        1.5504737067371326        0.0000000000000000        2.0000000000000001E-004   1.0000000000000000E-003  0.41320000000000001       0.34599999999999997       0.23960000000000001     
   166.00000000000000        1.5409273496311293        0.0000000000000000        2.0000000000000001E-004   1.0000000000000000E-003  0.41320000000000001       0.34660000000000002       0.23899999999999999     
   167.00000000000000        1.5322239031712104        0.0000000000000000        2.0000000000000001E-004   1.0000000000000000E-003  0.41320000000000001       0.34660000000000002       0.23899999999999999     
   168.00000000000000        1.5245685276073366        0.0000000000000000        2.0000000000000001E-004   1.0000000000000000E-003  0.41320000000000001       0.34699999999999998       0.23860000000000001     
   169.00000000000000        1.5184333582405940        0.0000000000000000        2.0000000000000001E-004   1.0000000000000000E-003  0.41320000000000001       0.34599999999999997       0.23960000000000001     
   170.00000000000000        1.5141106999637746        0.0000000000000000        2.0000000000000001E-004   1.0000000000000000E-003  0.41320000000000001       0.34499999999999997       0.24060000000000001     
   171.00000000000000        1.5113227079911442        0.0000000000000000        2.0000000000000001E-004   1.0000000000000000E-003  0.41320000000000001       0.34520000000000001       0.24040000000000000     
   172.00000000000000        1.5100635825140458        0.0000000000000000        2.0000000000000001E-004   1.0000000000000000E-003  0.41320000000000001       0.34499999999999997       0.24060000000000001     
   173.00000000000000        1.5109691546862569        0.0000000000000000        2.0000000000000001E-004   1.0000000000000000E-003  0.41320000000000001       0.34460000000000002       0.24099999999999999     
   174.00000000000000        1.5132020223155358        0.0000000000000000        2.0000000000000001E-004   1.0000000000000000E-003  0.41320000000000001       0.34480000000000000       0.24079999999999999     
   175.00000000000000        1.5166857830548000        0.0000000000000000        2.0000000000000001E-004   1.0000000000000000E-003  0.41320000000000001       0.34480000000000000       0.24079999999999999     
   176.00000000000000        1.5216563295039518        0.0000000000000000        2.0000000000000001E-004   1.0000000000000000E-003  0.41320000000000001       0.33960000000000001       0.24600000000000000     
   177.00000000000000        1.5258850239348496        0.0000000000000000        2.0000000000000001E-004   1.0000000000000000E-003  0.41320000000000001       0.33220000000000000       0.25340000000000001     
   178.00000000000000        1.5313586717056349        0.0000000000000000        2.0000000000000001E-004   1.0000000000000000E-003  0.41320000000000001       0.33100000000000002       0.25459999999999999     
   179.00000000000000        1.5359526176235700        0.0000000000000000        2.0000000000000001E-004   1.0000000000000000E-003  0.41320000000000001       0.33379999999999999       0.25180000000000002     
   180.00000000000000        1.5407843930632081        0.0000000000000000        2.0000000000000001E-004   1.0000000000000000E-003  0.41320000000000001       0.32919999999999999       0.25640000000000002     
   181.00000000000000        1.5444548617673310        2.0000000000000001E-004   0.0000000000000000        1.0000000000000000E-003  0.41320000000000001       0.34060000000000001       0.24500000000000000     
   182.00000000000000        1.5470667706724750        2.0000000000000001E-004   0.0000000000000000        1.0000000000000000E-003  0.41320000000000001       0.34960000000000002       0.23599999999999999     
   183.00000000000000        1.5482996345793973        2.0000000000000001E-004   0.0000000000000000        1.0000000000000000E-003  0.41320000000000001       0.34580000000000000       0.23980000000000001     
   184.00000000000000        1.5489505415834861        2.0000000000000001E-004   0.0000000000000000        1.0000000000000000E-003  0.41320000000000001       0.34739999999999999       0.23820000000000000     
   185.00000000000000        1.5480794539502998        2.0000000000000001E-004   0.0000000000000000        1.0000000000000000E-003  0.41320000000000001       0.34639999999999999       0.23920000000000000     
   186.00000000000000        1.5462990768854328        2.0000000000000001E-004   0.0000000000000000        1.0000000000000000E-003  0.41320000000000001       0.35020000000000001       0.23540000000000000     
   187.00000000000000        1.5428163116142453        2.0000000000000001E-004   0.0000000000000000        1.0000000000000000E-003  0.41320000000000001       0.35120000000000001       0.23440000000000000     
   188.00000000000000        1.5397974196063007        2.0000000000000001E-004   0.0000000000000000        1.0000000000000000E-003  0.41320000000000001       0.35039999999999999       0.23519999999999999     
   189.00000000000000        1.5358215928908558        0.0000000000000000        2.0000000000000001E-004   1.0000000000000000E-003  0.41320000000000001       0.34620000000000001       0.23940000000000000     
