#        BMIN =   406
#        BMAX =   411
#     INIBAND =   409
#      NBANDS =   540
#         NSW =  2000
#       POTIM =   1.0
#        TEMP = 300.0
#    NAMDTINI =   878
#    NAMDTIME =  1000
#       NTRAJ =  5000
#        NELM =  1000
#       LHOLE =     T
#        LSHP =     T
#      LCPTXT =     T
#      RUNDIR = ../../run/
   1.0000000000000000        1.3712142603056268        0.0000000000000000        0.0000000000000000        0.0000000000000000        1.0000000000000000        0.0000000000000000        0.0000000000000000     
   2.0000000000000000        1.3674667835963530        0.0000000000000000        0.0000000000000000        0.0000000000000000        1.0000000000000000        0.0000000000000000        0.0000000000000000     
   3.0000000000000000        1.3643623267363740        0.0000000000000000        0.0000000000000000        0.0000000000000000        1.0000000000000000        0.0000000000000000        0.0000000000000000     
   4.0000000000000000        1.3649534012858480        0.0000000000000000        0.0000000000000000        0.0000000000000000        1.0000000000000000        0.0000000000000000        0.0000000000000000     
   5.0000000000000000        1.3685445408960066        0.0000000000000000        0.0000000000000000        0.0000000000000000        1.0000000000000000        0.0000000000000000        0.0000000000000000     
   6.0000000000000000        1.3739545363066854        0.0000000000000000        0.0000000000000000        0.0000000000000000        1.0000000000000000        0.0000000000000000        0.0000000000000000     
   7.0000000000000000        1.3814465393516580        0.0000000000000000        0.0000000000000000        0.0000000000000000        1.0000000000000000        0.0000000000000000        0.0000000000000000     
   8.0000000000000000        1.3909039832344141        0.0000000000000000        0.0000000000000000        0.0000000000000000        1.0000000000000000        0.0000000000000000        0.0000000000000000     
   9.0000000000000000        1.4014114759210983        0.0000000000000000        0.0000000000000000        0.0000000000000000        1.0000000000000000        0.0000000000000000        0.0000000000000000     
   10.000000000000000        1.4130923789840435        0.0000000000000000        0.0000000000000000        0.0000000000000000        1.0000000000000000        0.0000000000000000        0.0000000000000000     
   11.000000000000000        1.4257887183547520        0.0000000000000000        0.0000000000000000        0.0000000000000000        1.0000000000000000        0.0000000000000000        0.0000000000000000     
   12.000000000000000        1.4369407386747424        0.0000000000000000        0.0000000000000000        0.0000000000000000        1.0000000000000000        0.0000000000000000        0.0000000000000000     
   13.000000000000000        1.4484795497708414        0.0000000000000000        0.0000000000000000        0.0000000000000000        1.0000000000000000        0.0000000000000000        0.0000000000000000     
   14.000000000000000        1.4671359592872348        0.0000000000000000        0.0000000000000000        0.0000000000000000        1.0000000000000000        0.0000000000000000        0.0000000000000000     
   15.000000000000000        1.4964855573323586        0.0000000000000000        0.0000000000000000        0.0000000000000000       0.46939999999999998       0.22040000000000001       0.31019999999999998     
   16.000000000000000        1.4866703032914301        0.0000000000000000        0.0000000000000000        0.0000000000000000       0.47060000000000002       0.21920000000000001       0.31019999999999998     
   17.000000000000000        1.4791391205946236        0.0000000000000000        0.0000000000000000        0.0000000000000000       0.47080000000000000       0.21940000000000001       0.30980000000000002     
   18.000000000000000        1.4687426683405858        0.0000000000000000        0.0000000000000000        0.0000000000000000       0.47460000000000002       0.21560000000000001       0.30980000000000002     
   19.000000000000000        1.4594456624078826        0.0000000000000000        0.0000000000000000        0.0000000000000000       0.46980000000000000       0.22040000000000001       0.30980000000000002     
   20.000000000000000        1.4943355157890981        0.0000000000000000        0.0000000000000000        0.0000000000000000       0.27300000000000002        0.0000000000000000       0.72699999999999998     
   21.000000000000000        1.4929236355449043        0.0000000000000000        0.0000000000000000        0.0000000000000000       0.22600000000000001        5.7400000000000000E-002  0.71660000000000001     
   22.000000000000000        1.4896262609490181        0.0000000000000000        0.0000000000000000        0.0000000000000000        4.0800000000000003E-002  0.27060000000000001       0.68859999999999999     
   23.000000000000000        1.6065060360000998        0.0000000000000000        0.0000000000000000        0.0000000000000000        3.1600000000000003E-002  0.95920000000000005        9.1999999999999998E-003
   24.000000000000000        1.4477064569703202        0.0000000000000000        0.0000000000000000        0.0000000000000000        3.1600000000000003E-002  0.95920000000000005        9.1999999999999998E-003
   25.000000000000000        1.4635267830997107        0.0000000000000000        0.0000000000000000        0.0000000000000000        3.0599999999999999E-002  0.96020000000000005        9.1999999999999998E-003
   26.000000000000000        1.4944886319181401        0.0000000000000000        0.0000000000000000        0.0000000000000000        2.1399999999999999E-002  0.97860000000000003        0.0000000000000000     
   27.000000000000000        1.5281975363573883        0.0000000000000000        0.0000000000000000        0.0000000000000000        2.1000000000000001E-002  0.97880000000000000        2.0000000000000001E-004
   28.000000000000000        1.4432033790500940        0.0000000000000000        0.0000000000000000        0.0000000000000000        2.0799999999999999E-002  0.97880000000000000        4.0000000000000002E-004
   29.000000000000000        1.5613231171094784        0.0000000000000000        0.0000000000000000        0.0000000000000000        2.0799999999999999E-002  0.97880000000000000        4.0000000000000002E-004
   30.000000000000000        1.5859029884969975        0.0000000000000000        0.0000000000000000        0.0000000000000000        2.0799999999999999E-002  0.97880000000000000        4.0000000000000002E-004
   31.000000000000000        1.6248432343705510        0.0000000000000000        0.0000000000000000        0.0000000000000000        2.0799999999999999E-002  0.97880000000000000        4.0000000000000002E-004
   32.000000000000000        1.8028861897169364        0.0000000000000000        0.0000000000000000        0.0000000000000000        2.0799999999999999E-002  0.97880000000000000        4.0000000000000002E-004
   33.000000000000000        1.6513435634494844        0.0000000000000000        0.0000000000000000        0.0000000000000000        2.1600000000000001E-002  0.97780000000000000        5.9999999999999995E-004
   34.000000000000000        1.6842787344368999        0.0000000000000000        0.0000000000000000        0.0000000000000000        0.0000000000000000       0.99939999999999996        5.9999999999999995E-004
   35.000000000000000        1.6955925078111449        0.0000000000000000        0.0000000000000000        0.0000000000000000        0.0000000000000000       0.99960000000000004        4.0000000000000002E-004
   36.000000000000000        1.7091808224557954        0.0000000000000000        0.0000000000000000        0.0000000000000000        0.0000000000000000       0.99960000000000004        4.0000000000000002E-004
   37.000000000000000        1.7236086217251614        0.0000000000000000        0.0000000000000000        0.0000000000000000        0.0000000000000000       0.99960000000000004        4.0000000000000002E-004
   38.000000000000000        1.7343576873121163        0.0000000000000000        0.0000000000000000        0.0000000000000000        0.0000000000000000       0.99960000000000004        4.0000000000000002E-004
   39.000000000000000        1.7424398895667110        0.0000000000000000        0.0000000000000000        0.0000000000000000        0.0000000000000000       0.99960000000000004        4.0000000000000002E-004
   40.000000000000000        1.7479236041267718        0.0000000000000000        0.0000000000000000        0.0000000000000000        0.0000000000000000       0.99960000000000004        4.0000000000000002E-004
   41.000000000000000        1.7520698876340703        0.0000000000000000        0.0000000000000000        0.0000000000000000        0.0000000000000000       0.99980000000000002        2.0000000000000001E-004
   42.000000000000000        1.7538029202848482        0.0000000000000000        0.0000000000000000        0.0000000000000000        0.0000000000000000       0.99960000000000004        4.0000000000000002E-004
   43.000000000000000        1.7529791845093050        0.0000000000000000        0.0000000000000000        0.0000000000000000        0.0000000000000000       0.99900000000000000        1.0000000000000000E-003
   44.000000000000000        1.7516978960965723        0.0000000000000000        0.0000000000000000        0.0000000000000000        0.0000000000000000       0.99800000000000000        2.0000000000000000E-003
   45.000000000000000        1.7504229479743678        0.0000000000000000        0.0000000000000000        0.0000000000000000        0.0000000000000000       0.99800000000000000        2.0000000000000000E-003
   46.000000000000000        1.7486689180652402        0.0000000000000000        0.0000000000000000        0.0000000000000000        0.0000000000000000       0.99860000000000004        1.4000000000000000E-003
   47.000000000000000        1.7479134947960577        0.0000000000000000        0.0000000000000000        0.0000000000000000        0.0000000000000000       0.99060000000000004        9.4000000000000004E-003
   48.000000000000000        1.7476825029973273        0.0000000000000000        0.0000000000000000        0.0000000000000000        0.0000000000000000       0.99060000000000004        9.4000000000000004E-003
   49.000000000000000        1.7485854366029612        0.0000000000000000        0.0000000000000000        0.0000000000000000        0.0000000000000000       0.98899999999999999        1.0999999999999999E-002
   50.000000000000000        1.7512415810902513        0.0000000000000000        0.0000000000000000        0.0000000000000000        0.0000000000000000       0.99299999999999999        7.0000000000000001E-003
   51.000000000000000        1.7553052508141729        0.0000000000000000        0.0000000000000000        0.0000000000000000        0.0000000000000000       0.99260000000000004        7.4000000000000003E-003
   52.000000000000000        1.7610791824617775        0.0000000000000000        0.0000000000000000        0.0000000000000000        0.0000000000000000       0.97760000000000002        2.2400000000000000E-002
   53.000000000000000        1.7681413566830504        0.0000000000000000        0.0000000000000000        0.0000000000000000        0.0000000000000000       0.96779999999999999        3.2199999999999999E-002
   54.000000000000000        1.7766516982751501        0.0000000000000000        0.0000000000000000        0.0000000000000000        0.0000000000000000       0.97299999999999998        2.7000000000000000E-002
   55.000000000000000        1.7862748478864889        0.0000000000000000        0.0000000000000000        0.0000000000000000        0.0000000000000000       0.97419999999999995        2.5800000000000000E-002
   56.000000000000000        1.7964848980434083        0.0000000000000000        0.0000000000000000        0.0000000000000000        0.0000000000000000       0.97440000000000004        2.5600000000000001E-002
   57.000000000000000        1.8071076881771719        0.0000000000000000        0.0000000000000000        0.0000000000000000        0.0000000000000000       0.97240000000000004        2.7600000000000000E-002
   58.000000000000000        1.8162131883062484        0.0000000000000000        0.0000000000000000        0.0000000000000000        0.0000000000000000       0.97240000000000004        2.7600000000000000E-002
   59.000000000000000        1.8257878216393078        0.0000000000000000        0.0000000000000000        0.0000000000000000        0.0000000000000000       0.97199999999999998        2.8000000000000001E-002
   60.000000000000000        1.8324847050039346        0.0000000000000000        0.0000000000000000        0.0000000000000000        0.0000000000000000       0.97199999999999998        2.8000000000000001E-002
   61.000000000000000        1.8374483246580184        0.0000000000000000        0.0000000000000000        0.0000000000000000        0.0000000000000000       0.97160000000000002        2.8400000000000002E-002
   62.000000000000000        1.8408800639445841        0.0000000000000000        0.0000000000000000        0.0000000000000000        0.0000000000000000       0.97160000000000002        2.8400000000000002E-002
   63.000000000000000        1.8388239443729322        0.0000000000000000        0.0000000000000000        0.0000000000000000        0.0000000000000000       0.97160000000000002        2.8400000000000002E-002
   64.000000000000000        1.8355904358013204        0.0000000000000000        0.0000000000000000        0.0000000000000000        0.0000000000000000       0.97160000000000002        2.8400000000000002E-002
   65.000000000000000        1.8280775108452505        0.0000000000000000        0.0000000000000000        0.0000000000000000        0.0000000000000000       0.97160000000000002        2.8400000000000002E-002
   66.000000000000000        1.8164231049097528        0.0000000000000000        0.0000000000000000        0.0000000000000000        0.0000000000000000       0.97160000000000002        2.8400000000000002E-002
   67.000000000000000        1.8020412088659905        0.0000000000000000        0.0000000000000000        0.0000000000000000        0.0000000000000000       0.97140000000000004        2.8600000000000000E-002
   68.000000000000000        1.7847827457127237        0.0000000000000000        0.0000000000000000        0.0000000000000000        0.0000000000000000       0.97180000000000000        2.8199999999999999E-002
   69.000000000000000        1.7640782096246197        0.0000000000000000        0.0000000000000000        0.0000000000000000        0.0000000000000000       0.97119999999999995        2.8799999999999999E-002
   70.000000000000000        1.7407885538950361        0.0000000000000000        0.0000000000000000        0.0000000000000000        0.0000000000000000       0.97119999999999995        2.8799999999999999E-002
   71.000000000000000        1.7158272818612792        0.0000000000000000        0.0000000000000000        0.0000000000000000        0.0000000000000000       0.97140000000000004        2.8600000000000000E-002
   72.000000000000000        1.6894410062817484        0.0000000000000000        0.0000000000000000        0.0000000000000000        0.0000000000000000       0.97160000000000002        2.8400000000000002E-002
   73.000000000000000        1.6628235251088519        0.0000000000000000        0.0000000000000000        0.0000000000000000        0.0000000000000000       0.97040000000000004        2.9600000000000001E-002
   74.000000000000000        1.6351296519464151        0.0000000000000000        0.0000000000000000        0.0000000000000000        0.0000000000000000       0.96940000000000004        3.0599999999999999E-002
   75.000000000000000        1.6066535540543248        0.0000000000000000        0.0000000000000000        0.0000000000000000        0.0000000000000000       0.96960000000000002        3.0400000000000000E-002
   76.000000000000000        1.5822067380569471        0.0000000000000000        0.0000000000000000        0.0000000000000000        0.0000000000000000       0.86499999999999999       0.13500000000000001     
   77.000000000000000        1.5676646561669514        0.0000000000000000        0.0000000000000000        0.0000000000000000        4.0000000000000002E-004  0.86460000000000004       0.13500000000000001     
   78.000000000000000        1.5499101004302371        0.0000000000000000        0.0000000000000000        0.0000000000000000        1.0000000000000000E-003  0.86399999999999999       0.13500000000000001     
   79.000000000000000        1.5346847016991980        0.0000000000000000        0.0000000000000000        0.0000000000000000        1.0000000000000000E-003  0.86399999999999999       0.13500000000000001     
   80.000000000000000        1.5221642375289210        0.0000000000000000        0.0000000000000000        0.0000000000000000        1.0000000000000000E-003  0.86399999999999999       0.13500000000000001     
   81.000000000000000        1.5128014738193414        0.0000000000000000        0.0000000000000000        0.0000000000000000        1.0000000000000000E-003  0.86399999999999999       0.13500000000000001     
   82.000000000000000        1.5077859492155221        0.0000000000000000        0.0000000000000000        0.0000000000000000        8.0000000000000004E-004  0.86419999999999997       0.13500000000000001     
   83.000000000000000        1.5007283431774516        0.0000000000000000        0.0000000000000000        0.0000000000000000        2.5999999999999999E-003  0.86240000000000006       0.13500000000000001     
   84.000000000000000        1.5061501974063125        0.0000000000000000        0.0000000000000000        0.0000000000000000        4.3200000000000002E-002  0.82179999999999997       0.13500000000000001     
   85.000000000000000        1.5141813176943490        0.0000000000000000        0.0000000000000000        0.0000000000000000        6.5199999999999994E-002  0.79979999999999996       0.13500000000000001     
   86.000000000000000        1.5255033050542384        0.0000000000000000        0.0000000000000000        0.0000000000000000        4.5199999999999997E-002  0.81979999999999997       0.13500000000000001     
   87.000000000000000        1.5396365000992416        0.0000000000000000        0.0000000000000000        0.0000000000000000        4.1000000000000002E-002  0.82399999999999995       0.13500000000000001     
   88.000000000000000        1.5632330663169420        0.0000000000000000        0.0000000000000000        0.0000000000000000        4.1399999999999999E-002  0.82360000000000000       0.13500000000000001     
   89.000000000000000        1.5855270319857122        0.0000000000000000        0.0000000000000000        0.0000000000000000        4.1200000000000001E-002  0.82379999999999998       0.13500000000000001     
   90.000000000000000        1.6098592573062005        0.0000000000000000        0.0000000000000000        0.0000000000000000        6.6799999999999998E-002  0.93000000000000005        3.2000000000000002E-003
   91.000000000000000        1.6369119083800803        0.0000000000000000        0.0000000000000000        0.0000000000000000        6.6799999999999998E-002  0.92940000000000000        3.8000000000000000E-003
   92.000000000000000        1.6690467256894010        0.0000000000000000        0.0000000000000000        0.0000000000000000        6.6799999999999998E-002  0.92940000000000000        3.8000000000000000E-003
   93.000000000000000        1.7019611905285656        0.0000000000000000        0.0000000000000000        0.0000000000000000        6.6799999999999998E-002  0.92940000000000000        3.8000000000000000E-003
   94.000000000000000        1.7344191917692544        0.0000000000000000        0.0000000000000000        0.0000000000000000        6.6799999999999998E-002  0.92940000000000000        3.8000000000000000E-003
   95.000000000000000        1.7655220813217363        0.0000000000000000        0.0000000000000000        0.0000000000000000        6.6799999999999998E-002  0.92920000000000003        4.0000000000000001E-003
   96.000000000000000        1.7938905198345645        0.0000000000000000        0.0000000000000000        0.0000000000000000        6.6799999999999998E-002  0.92920000000000003        4.0000000000000001E-003
   97.000000000000000        1.8190822252763377        0.0000000000000000        0.0000000000000000        0.0000000000000000        6.6799999999999998E-002  0.92900000000000005        4.1999999999999997E-003
   98.000000000000000        1.8408481968002577        0.0000000000000000        0.0000000000000000        0.0000000000000000        6.6799999999999998E-002  0.92879999999999996        4.4000000000000003E-003
   99.000000000000000        1.8581118470570384        0.0000000000000000        0.0000000000000000        0.0000000000000000        6.6799999999999998E-002  0.92779999999999996        5.4000000000000003E-003
   100.00000000000000        1.8698726303653848        0.0000000000000000        0.0000000000000000        0.0000000000000000        6.6799999999999998E-002  0.92659999999999998        6.6000000000000000E-003
   101.00000000000000        1.8762403732466644        0.0000000000000000        0.0000000000000000        0.0000000000000000        6.6799999999999998E-002  0.92659999999999998        6.6000000000000000E-003
   102.00000000000000        1.8776485512430090        0.0000000000000000        0.0000000000000000        0.0000000000000000        6.6799999999999998E-002  0.92659999999999998        6.6000000000000000E-003
   103.00000000000000        1.8712776753115572        0.0000000000000000        0.0000000000000000        0.0000000000000000        6.6799999999999998E-002  0.92640000000000000        6.7999999999999996E-003
   104.00000000000000        1.8611167660474277        0.0000000000000000        0.0000000000000000        0.0000000000000000        6.6799999999999998E-002  0.92420000000000002        8.9999999999999993E-003
   105.00000000000000        1.8454730648504356        0.0000000000000000        0.0000000000000000        0.0000000000000000        6.6799999999999998E-002  0.92479999999999996        8.3999999999999995E-003
   106.00000000000000        1.8244111341180262        0.0000000000000000        0.0000000000000000        0.0000000000000000        6.6799999999999998E-002  0.92400000000000004        9.1999999999999998E-003
   107.00000000000000        1.7989226559996716        0.0000000000000000        0.0000000000000000        0.0000000000000000        6.6799999999999998E-002  0.92379999999999995        9.4000000000000004E-003
   108.00000000000000        1.7684504026381704        0.0000000000000000        0.0000000000000000        0.0000000000000000        6.6799999999999998E-002  0.92379999999999995        9.4000000000000004E-003
   109.00000000000000        1.7359248294382872        0.0000000000000000        0.0000000000000000        0.0000000000000000        6.6799999999999998E-002  0.92440000000000000        8.8000000000000005E-003
   110.00000000000000        1.7004686616197398        0.0000000000000000        0.0000000000000000        0.0000000000000000        6.6799999999999998E-002  0.92359999999999998        9.5999999999999992E-003
   111.00000000000000        1.6635035262196445        0.0000000000000000        0.0000000000000000        0.0000000000000000        6.6799999999999998E-002  0.92359999999999998        9.5999999999999992E-003
   112.00000000000000        1.6269394886971902        0.0000000000000000        0.0000000000000000        0.0000000000000000        6.6799999999999998E-002  0.92240000000000000        1.0800000000000001E-002
   113.00000000000000        1.5893891876462003        0.0000000000000000        0.0000000000000000        0.0000000000000000        6.6799999999999998E-002  0.92240000000000000        1.0800000000000001E-002
   114.00000000000000        1.5538674521724691        0.0000000000000000        0.0000000000000000        0.0000000000000000        6.6799999999999998E-002  0.92240000000000000        1.0800000000000001E-002
   115.00000000000000        1.5203785020821361        0.0000000000000000        0.0000000000000000        0.0000000000000000        6.6600000000000006E-002  0.92259999999999998        1.0800000000000001E-002
   116.00000000000000        1.4901530840373876        0.0000000000000000        0.0000000000000000        0.0000000000000000        6.6600000000000006E-002  0.92300000000000004        1.0400000000000000E-002
   117.00000000000000        1.4635406696124076        0.0000000000000000        0.0000000000000000        0.0000000000000000        6.6600000000000006E-002  0.92300000000000004        1.0400000000000000E-002
   118.00000000000000        1.4423851620131154        0.0000000000000000        0.0000000000000000        0.0000000000000000        6.6600000000000006E-002  0.92300000000000004        1.0400000000000000E-002
   119.00000000000000        1.4207882367883227        0.0000000000000000        0.0000000000000000        0.0000000000000000        6.6600000000000006E-002  0.92300000000000004        1.0400000000000000E-002
   120.00000000000000        1.4146865522701484        0.0000000000000000        0.0000000000000000        0.0000000000000000        6.6600000000000006E-002  0.92300000000000004        1.0400000000000000E-002
   121.00000000000000        1.4384270235710774        0.0000000000000000        0.0000000000000000        0.0000000000000000        6.6000000000000003E-002  0.73540000000000005       0.19860000000000000     
   122.00000000000000        1.3933643799109621        0.0000000000000000        0.0000000000000000        0.0000000000000000        5.4000000000000003E-003  0.65320000000000000       0.34139999999999998     
   123.00000000000000        1.4124607958936484        0.0000000000000000        0.0000000000000000        0.0000000000000000        3.0200000000000001E-002  0.96980000000000000        0.0000000000000000     
   124.00000000000000        1.2622157244355849        0.0000000000000000        0.0000000000000000        0.0000000000000000        4.3999999999999997E-002  0.88519999999999999        7.0800000000000002E-002
   125.00000000000000        1.4241776711697429        0.0000000000000000        0.0000000000000000        0.0000000000000000        4.3999999999999997E-002  0.84760000000000002       0.10840000000000000     
   126.00000000000000        1.4516345835200601        0.0000000000000000        0.0000000000000000        0.0000000000000000        4.3999999999999997E-002  0.79479999999999995       0.16120000000000001     
   127.00000000000000        1.4707036430272864        0.0000000000000000        0.0000000000000000        0.0000000000000000        4.3999999999999997E-002  0.79959999999999998       0.15640000000000001     
   128.00000000000000        1.4935410364338084        0.0000000000000000        0.0000000000000000        0.0000000000000000        4.3999999999999997E-002  0.79579999999999995       0.16020000000000001     
   129.00000000000000        1.5168813080803989        0.0000000000000000        0.0000000000000000        0.0000000000000000        4.3999999999999997E-002  0.79959999999999998       0.15640000000000001     
   130.00000000000000        1.5411999376676699        0.0000000000000000        0.0000000000000000        0.0000000000000000        4.3999999999999997E-002  0.79959999999999998       0.15640000000000001     
   131.00000000000000        1.5658421972383434        0.0000000000000000        0.0000000000000000        0.0000000000000000        4.3999999999999997E-002  0.76019999999999999       0.19580000000000000     
   132.00000000000000        1.5893488524458061        0.0000000000000000        0.0000000000000000        0.0000000000000000        4.3999999999999997E-002  0.76739999999999997       0.18859999999999999     
   133.00000000000000        1.6114010122767470        0.0000000000000000        0.0000000000000000        0.0000000000000000        4.3999999999999997E-002  0.78139999999999998       0.17460000000000001     
   134.00000000000000        1.6350618096405483        0.0000000000000000        0.0000000000000000        0.0000000000000000        4.3999999999999997E-002  0.78620000000000001       0.16980000000000001     
   135.00000000000000        1.6529076691969378        0.0000000000000000        0.0000000000000000        0.0000000000000000        4.3999999999999997E-002  0.79600000000000004       0.16000000000000000     
   136.00000000000000        1.6673528360306737        0.0000000000000000        0.0000000000000000        0.0000000000000000        4.3999999999999997E-002  0.79759999999999998       0.15840000000000001     
   137.00000000000000        1.6812704806393002        0.0000000000000000        0.0000000000000000        0.0000000000000000        4.3999999999999997E-002  0.79020000000000001       0.16580000000000000     
   138.00000000000000        1.6923628793447136        0.0000000000000000        0.0000000000000000        0.0000000000000000        4.3999999999999997E-002  0.79000000000000004       0.16600000000000001     
   139.00000000000000        1.7009984934406452        0.0000000000000000        0.0000000000000000        0.0000000000000000        4.3999999999999997E-002  0.77300000000000002       0.18300000000000000     
   140.00000000000000        1.7069086910241897        0.0000000000000000        0.0000000000000000        0.0000000000000000        4.3999999999999997E-002  0.77559999999999996       0.18040000000000000     
   141.00000000000000        1.7097930574752633        0.0000000000000000        0.0000000000000000        0.0000000000000000        4.3999999999999997E-002  0.77720000000000000       0.17879999999999999     
   142.00000000000000        1.7111353275678733        0.0000000000000000        0.0000000000000000        0.0000000000000000        4.3999999999999997E-002  0.76900000000000002       0.18700000000000000     
   143.00000000000000        1.7103423194121115        0.0000000000000000        0.0000000000000000        0.0000000000000000        4.3999999999999997E-002  0.76800000000000002       0.18800000000000000     
   144.00000000000000        1.7079026573526535        0.0000000000000000        0.0000000000000000        0.0000000000000000        4.3999999999999997E-002  0.77020000000000000       0.18579999999999999     
   145.00000000000000        1.7043555426075152        0.0000000000000000        0.0000000000000000        0.0000000000000000        4.3999999999999997E-002  0.76919999999999999       0.18679999999999999     
   146.00000000000000        1.7007583501175034        0.0000000000000000        0.0000000000000000        0.0000000000000000        4.3999999999999997E-002  0.75539999999999996       0.20060000000000000     
   147.00000000000000        1.6963676912113077        0.0000000000000000        0.0000000000000000        0.0000000000000000        4.3999999999999997E-002  0.75560000000000005       0.20039999999999999     
   148.00000000000000        1.6926382328051774        0.0000000000000000        0.0000000000000000        0.0000000000000000        4.3999999999999997E-002  0.74860000000000004       0.20740000000000000     
   149.00000000000000        1.6898766846683038        0.0000000000000000        0.0000000000000000        0.0000000000000000        4.3999999999999997E-002  0.74860000000000004       0.20740000000000000     
   150.00000000000000        1.6880524352354758        0.0000000000000000        0.0000000000000000        0.0000000000000000        4.3999999999999997E-002  0.75719999999999998       0.19880000000000000     
   151.00000000000000        1.6900617108984473        0.0000000000000000        0.0000000000000000        0.0000000000000000        4.3999999999999997E-002  0.75560000000000005       0.20039999999999999     
   152.00000000000000        1.6893096493768140        0.0000000000000000        0.0000000000000000        0.0000000000000000        4.3999999999999997E-002  0.75919999999999999       0.19680000000000000     
   153.00000000000000        1.6928121768111979        0.0000000000000000        0.0000000000000000        0.0000000000000000        4.3999999999999997E-002  0.74860000000000004       0.20740000000000000     
   154.00000000000000        1.6976421943349567        0.0000000000000000        0.0000000000000000        0.0000000000000000        4.3999999999999997E-002  0.75319999999999998       0.20280000000000001     
   155.00000000000000        1.7045897075294010        0.0000000000000000        0.0000000000000000        0.0000000000000000        4.3999999999999997E-002  0.75839999999999996       0.19760000000000000     
   156.00000000000000        1.7129139380365843        0.0000000000000000        0.0000000000000000        0.0000000000000000        4.3999999999999997E-002  0.76160000000000005       0.19439999999999999     
   157.00000000000000        1.7225086557437439        0.0000000000000000        0.0000000000000000        0.0000000000000000        4.3999999999999997E-002  0.73740000000000006       0.21859999999999999     
   158.00000000000000        1.7320910522363075        0.0000000000000000        0.0000000000000000        0.0000000000000000        4.3999999999999997E-002  0.75080000000000002       0.20519999999999999     
   159.00000000000000        1.7411757690440424        0.0000000000000000        0.0000000000000000        0.0000000000000000        4.3999999999999997E-002  0.75439999999999996       0.20160000000000000     
   160.00000000000000        1.7505124105432044        0.0000000000000000        0.0000000000000000        0.0000000000000000        4.3999999999999997E-002  0.75000000000000000       0.20599999999999999     
   161.00000000000000        1.7586488918989667        0.0000000000000000        0.0000000000000000        0.0000000000000000        4.3999999999999997E-002  0.74819999999999998       0.20780000000000001     
   162.00000000000000        1.7654161301457250        0.0000000000000000        0.0000000000000000        0.0000000000000000        4.3999999999999997E-002  0.77739999999999998       0.17860000000000001     
   163.00000000000000        1.7693489207368105        0.0000000000000000        0.0000000000000000        0.0000000000000000        4.3999999999999997E-002  0.76400000000000001       0.19200000000000000     
   164.00000000000000        1.7706986925356256        0.0000000000000000        0.0000000000000000        0.0000000000000000        4.3999999999999997E-002  0.81440000000000001       0.14160000000000000     
   165.00000000000000        1.7775578985737992        0.0000000000000000        0.0000000000000000        0.0000000000000000        4.3999999999999997E-002  0.81020000000000003       0.14580000000000001     
   166.00000000000000        1.7734163058763159        0.0000000000000000        0.0000000000000000        0.0000000000000000        4.3999999999999997E-002  0.80040000000000000       0.15559999999999999     
   167.00000000000000        1.7632203962175377        0.0000000000000000        0.0000000000000000        0.0000000000000000        4.3999999999999997E-002  0.78620000000000001       0.16980000000000001     
   168.00000000000000        1.7548117645479087        0.0000000000000000        0.0000000000000000        0.0000000000000000        4.3999999999999997E-002  0.80200000000000005       0.15400000000000000     
   169.00000000000000        1.7442409286786440        0.0000000000000000        0.0000000000000000        0.0000000000000000        4.3999999999999997E-002  0.78580000000000005       0.17019999999999999     
   170.00000000000000        1.7308917639703194        0.0000000000000000        0.0000000000000000        0.0000000000000000        4.3999999999999997E-002  0.77759999999999996       0.17840000000000000     
   171.00000000000000        1.7164833041366003        0.0000000000000000        0.0000000000000000        0.0000000000000000        4.3999999999999997E-002  0.77320000000000000       0.18279999999999999     
   172.00000000000000        1.7003865899996993        0.0000000000000000        0.0000000000000000        0.0000000000000000        4.3999999999999997E-002  0.74419999999999997       0.21179999999999999     
   173.00000000000000        1.6837599270330963        0.0000000000000000        0.0000000000000000        0.0000000000000000        4.3999999999999997E-002  0.71679999999999999       0.23920000000000000     
   174.00000000000000        1.6671105842015659        0.0000000000000000        0.0000000000000000        0.0000000000000000        4.3999999999999997E-002  0.71519999999999995       0.24079999999999999     
   175.00000000000000        1.6507119472299900        0.0000000000000000        0.0000000000000000        0.0000000000000000        4.3999999999999997E-002  0.73580000000000001       0.22020000000000001     
   176.00000000000000        1.6340488837787244        0.0000000000000000        0.0000000000000000        0.0000000000000000        4.3999999999999997E-002  0.73699999999999999       0.21900000000000000     
   177.00000000000000        1.6216858378081564        0.0000000000000000        0.0000000000000000        0.0000000000000000        4.3999999999999997E-002  0.72119999999999995       0.23480000000000001     
   178.00000000000000        1.6100979429568771        0.0000000000000000        0.0000000000000000        0.0000000000000000        4.3999999999999997E-002  0.71220000000000006       0.24379999999999999     
   179.00000000000000        1.6012986325104124        0.0000000000000000        0.0000000000000000        0.0000000000000000        4.3999999999999997E-002  0.71560000000000001       0.24040000000000000     
   180.00000000000000        1.5951533655236256        0.0000000000000000        0.0000000000000000        0.0000000000000000        4.3999999999999997E-002  0.71479999999999999       0.24120000000000000     
   181.00000000000000        1.5925245601257021        0.0000000000000000        0.0000000000000000        0.0000000000000000        4.3999999999999997E-002  0.71719999999999995       0.23880000000000001     
   182.00000000000000        1.5943208888390707        0.0000000000000000        0.0000000000000000        0.0000000000000000        4.3999999999999997E-002  0.71999999999999997       0.23599999999999999     
   183.00000000000000        1.5998718519741970        0.0000000000000000        0.0000000000000000        0.0000000000000000        4.3999999999999997E-002  0.72199999999999998       0.23400000000000001     
   184.00000000000000        1.6099896591201523        0.0000000000000000        0.0000000000000000        0.0000000000000000        4.3999999999999997E-002  0.72199999999999998       0.23400000000000001     
   185.00000000000000        1.6242942006710348        0.0000000000000000        0.0000000000000000        0.0000000000000000        4.3999999999999997E-002  0.72199999999999998       0.23400000000000001     
   186.00000000000000        1.6428305977013458        0.0000000000000000        0.0000000000000000        0.0000000000000000        4.3999999999999997E-002  0.72240000000000004       0.23360000000000000     
   187.00000000000000        1.6652264051427181        0.0000000000000000        0.0000000000000000        0.0000000000000000        4.3999999999999997E-002  0.72299999999999998       0.23300000000000001     
   188.00000000000000        1.6910797551470085        0.0000000000000000        0.0000000000000000        0.0000000000000000        4.3999999999999997E-002  0.72299999999999998       0.23300000000000001     
   189.00000000000000        1.7200003904642092        0.0000000000000000        0.0000000000000000        0.0000000000000000        4.3999999999999997E-002  0.72180000000000000       0.23419999999999999     
