#        BMIN =   406
#        BMAX =   411
#     INIBAND =   409
#      NBANDS =   540
#         NSW =  2000
#       POTIM =   1.0
#        TEMP = 300.0
#    NAMDTINI =   960
#    NAMDTIME =  1000
#       NTRAJ =  5000
#        NELM =  1000
#       LHOLE =     T
#        LSHP =     T
#      LCPTXT =     T
#      RUNDIR = ../../run/
   1.0000000000000000        1.4700885364524359        0.0000000000000000        0.0000000000000000        0.0000000000000000        1.0000000000000000        0.0000000000000000        0.0000000000000000     
   2.0000000000000000        1.4778264965514047        0.0000000000000000        0.0000000000000000        0.0000000000000000       0.98319999999999996        1.6799999999999999E-002   0.0000000000000000     
   3.0000000000000000        1.4887998224787358        0.0000000000000000        0.0000000000000000        0.0000000000000000       0.96919999999999995        3.0800000000000001E-002   0.0000000000000000     
   4.0000000000000000        1.5019285386890062        0.0000000000000000        0.0000000000000000        0.0000000000000000       0.98660000000000003        1.3400000000000000E-002   0.0000000000000000     
   5.0000000000000000        1.5177121137049245        0.0000000000000000        0.0000000000000000        0.0000000000000000       0.98960000000000004        1.0400000000000000E-002   0.0000000000000000     
   6.0000000000000000        1.5462976949085121        0.0000000000000000        0.0000000000000000        0.0000000000000000       0.98880000000000001        1.1200000000000000E-002   0.0000000000000000     
   7.0000000000000000        1.5726460508171816        0.0000000000000000        0.0000000000000000        0.0000000000000000       0.98880000000000001        1.1200000000000000E-002   0.0000000000000000     
   8.0000000000000000        1.6089029291940165        0.0000000000000000        0.0000000000000000        0.0000000000000000       0.67620000000000002       0.16960000000000000       0.15420000000000000     
   9.0000000000000000        1.6198446270106537        0.0000000000000000        0.0000000000000000        0.0000000000000000       0.67620000000000002       0.17000000000000001       0.15379999999999999     
   10.000000000000000        1.6191725154523287        0.0000000000000000        0.0000000000000000        0.0000000000000000       0.67620000000000002       0.16980000000000001       0.15400000000000000     
   11.000000000000000        1.6179743915593601        0.0000000000000000        0.0000000000000000        0.0000000000000000       0.67620000000000002       0.16960000000000000       0.15420000000000000     
   12.000000000000000        1.6160572879448376        0.0000000000000000        0.0000000000000000        0.0000000000000000       0.67620000000000002       0.16960000000000000       0.15420000000000000     
   13.000000000000000        1.6135462661457631        0.0000000000000000        0.0000000000000000        0.0000000000000000       0.67620000000000002       0.17040000000000000       0.15340000000000001     
   14.000000000000000        1.6104453998440003        0.0000000000000000        0.0000000000000000        0.0000000000000000       0.67620000000000002       0.17040000000000000       0.15340000000000001     
   15.000000000000000        1.6066021938907356        0.0000000000000000        0.0000000000000000        0.0000000000000000       0.67620000000000002       0.17100000000000001       0.15279999999999999     
   16.000000000000000        1.6015158364674476        0.0000000000000000        0.0000000000000000        0.0000000000000000       0.67620000000000002       0.17180000000000001       0.15200000000000000     
   17.000000000000000        1.5953458717200877        0.0000000000000000        0.0000000000000000        0.0000000000000000       0.67620000000000002       0.17380000000000001       0.14999999999999999     
   18.000000000000000        1.5884416367926808        0.0000000000000000        0.0000000000000000        0.0000000000000000       0.67620000000000002       0.17580000000000001       0.14799999999999999     
   19.000000000000000        1.5805694501439673        0.0000000000000000        0.0000000000000000        0.0000000000000000       0.67620000000000002       0.17540000000000000       0.14840000000000000     
   20.000000000000000        1.5710819303351635        0.0000000000000000        0.0000000000000000        0.0000000000000000       0.67620000000000002       0.17419999999999999       0.14960000000000001     
   21.000000000000000        1.5616070324230917        0.0000000000000000        0.0000000000000000        0.0000000000000000       0.67620000000000002       0.17440000000000000       0.14940000000000001     
   22.000000000000000        1.5502048113643800        0.0000000000000000        0.0000000000000000        0.0000000000000000       0.67620000000000002       0.17940000000000000       0.14440000000000000     
   23.000000000000000        1.5378772992741150        0.0000000000000000        0.0000000000000000        0.0000000000000000       0.67620000000000002       0.17380000000000001       0.14999999999999999     
   24.000000000000000        1.5250020253356946        0.0000000000000000        0.0000000000000000        0.0000000000000000       0.67620000000000002       0.17480000000000001       0.14899999999999999     
   25.000000000000000        1.5111171097597182        0.0000000000000000        0.0000000000000000        0.0000000000000000       0.67620000000000002       0.17540000000000000       0.14840000000000000     
   26.000000000000000        1.4977693021046470        0.0000000000000000        0.0000000000000000        0.0000000000000000       0.67620000000000002       0.17560000000000001       0.14820000000000000     
   27.000000000000000        1.4827373430713982        0.0000000000000000        0.0000000000000000        0.0000000000000000       0.67620000000000002       0.16960000000000000       0.15420000000000000     
   28.000000000000000        1.4682513764401222        0.0000000000000000        0.0000000000000000        0.0000000000000000       0.67620000000000002       0.17360000000000000       0.15020000000000000     
   29.000000000000000        1.4538769922442549        0.0000000000000000        0.0000000000000000        0.0000000000000000       0.67620000000000002       0.17319999999999999       0.15060000000000001     
   30.000000000000000        1.4391857885910988        0.0000000000000000        0.0000000000000000        0.0000000000000000       0.67620000000000002       0.17940000000000000       0.14440000000000000     
   31.000000000000000        1.4261255269944639        0.0000000000000000        0.0000000000000000        0.0000000000000000       0.67620000000000002       0.17920000000000000       0.14460000000000001     
   32.000000000000000        1.4138077151339410        0.0000000000000000        0.0000000000000000        0.0000000000000000       0.67620000000000002       0.17799999999999999       0.14580000000000001     
   33.000000000000000        1.4028912946545731        0.0000000000000000        0.0000000000000000        0.0000000000000000       0.67620000000000002       0.17799999999999999       0.14580000000000001     
   34.000000000000000        1.3939650741640868        0.0000000000000000        0.0000000000000000        0.0000000000000000       0.67620000000000002       0.17419999999999999       0.14960000000000001     
   35.000000000000000        1.3873482710516565        0.0000000000000000        0.0000000000000000        0.0000000000000000       0.67620000000000002       0.17419999999999999       0.14960000000000001     
   36.000000000000000        1.3815991764653479        0.0000000000000000        0.0000000000000000        0.0000000000000000       0.67620000000000002       0.17419999999999999       0.14960000000000001     
   37.000000000000000        1.3814500740664688        0.0000000000000000        0.0000000000000000        0.0000000000000000       0.67620000000000002       0.16539999999999999       0.15840000000000001     
   38.000000000000000        1.3781017506742708        0.0000000000000000        0.0000000000000000        0.0000000000000000       0.67620000000000002       0.16520000000000001       0.15859999999999999     
   39.000000000000000        1.4060795242489807        0.0000000000000000        0.0000000000000000        0.0000000000000000       0.34360000000000002       0.26600000000000001       0.39040000000000002     
   40.000000000000000        1.3940211104555682        0.0000000000000000        0.0000000000000000        0.0000000000000000       0.21759999999999999       0.31680000000000003       0.46560000000000001     
   41.000000000000000        1.4054950705927836        0.0000000000000000        0.0000000000000000        0.0000000000000000       0.30680000000000002       0.25019999999999998       0.44300000000000000     
   42.000000000000000        1.3711606349533141        0.0000000000000000        0.0000000000000000        0.0000000000000000       0.24160000000000001       0.24979999999999999       0.50860000000000005     
   43.000000000000000        1.4230113144613861        0.0000000000000000        0.0000000000000000        0.0000000000000000       0.24160000000000001       0.23419999999999999       0.52420000000000000     
   44.000000000000000        1.4429878966692673        0.0000000000000000        0.0000000000000000        0.0000000000000000       0.24160000000000001       0.21540000000000001       0.54300000000000004     
   45.000000000000000        1.4594575996643551        0.0000000000000000        0.0000000000000000        0.0000000000000000       0.24160000000000001       0.22380000000000000       0.53459999999999996     
   46.000000000000000        1.4783961101492913        0.0000000000000000        0.0000000000000000        0.0000000000000000       0.24160000000000001       0.22220000000000001       0.53620000000000001     
   47.000000000000000        1.4977474229366043        0.0000000000000000        0.0000000000000000        0.0000000000000000       0.24160000000000001       0.22900000000000001       0.52939999999999998     
   48.000000000000000        1.5177174010236012        0.0000000000000000        0.0000000000000000        0.0000000000000000       0.24160000000000001       0.22939999999999999       0.52900000000000003     
   49.000000000000000        1.5377128879254109        0.0000000000000000        0.0000000000000000        0.0000000000000000       0.24160000000000001       0.21579999999999999       0.54259999999999997     
   50.000000000000000        1.5567484009859709        0.0000000000000000        0.0000000000000000        0.0000000000000000       0.24160000000000001       0.22700000000000001       0.53139999999999998     
   51.000000000000000        1.5745522612701381        0.0000000000000000        0.0000000000000000        0.0000000000000000       0.24160000000000001       0.25119999999999998       0.50719999999999998     
   52.000000000000000        1.5929245629231912        0.0000000000000000        0.0000000000000000        0.0000000000000000       0.24160000000000001       0.26060000000000000       0.49780000000000002     
   53.000000000000000        1.6074654889790509        0.0000000000000000        0.0000000000000000        0.0000000000000000       0.24160000000000001       0.26919999999999999       0.48920000000000002     
   54.000000000000000        1.6197067762061366        0.0000000000000000        0.0000000000000000        0.0000000000000000       0.24160000000000001       0.27300000000000002       0.48540000000000000     
   55.000000000000000        1.6311820502376027        0.0000000000000000        0.0000000000000000        0.0000000000000000       0.24160000000000001       0.26819999999999999       0.49020000000000002     
   56.000000000000000        1.6404332805137130        0.0000000000000000        0.0000000000000000        0.0000000000000000       0.24160000000000001       0.26800000000000002       0.49040000000000000     
   57.000000000000000        1.6478482040698761        0.0000000000000000        0.0000000000000000        0.0000000000000000       0.24160000000000001       0.26019999999999999       0.49819999999999998     
   58.000000000000000        1.6532075643959745        0.0000000000000000        0.0000000000000000        0.0000000000000000       0.24160000000000001       0.26360000000000000       0.49480000000000002     
   59.000000000000000        1.6563930721381865        0.0000000000000000        0.0000000000000000        0.0000000000000000       0.24160000000000001       0.26460000000000000       0.49380000000000002     
   60.000000000000000        1.6581804890648235        0.0000000000000000        0.0000000000000000        0.0000000000000000       0.24160000000000001       0.26140000000000002       0.49700000000000000     
   61.000000000000000        1.6584919456164009        0.0000000000000000        0.0000000000000000        0.0000000000000000       0.24160000000000001       0.26100000000000001       0.49740000000000001     
   62.000000000000000        1.6574803371332649        0.0000000000000000        0.0000000000000000        0.0000000000000000       0.24160000000000001       0.26319999999999999       0.49519999999999997     
   63.000000000000000        1.6556306339282063        0.0000000000000000        0.0000000000000000        0.0000000000000000       0.24160000000000001       0.26279999999999998       0.49559999999999998     
   64.000000000000000        1.6534708849318354        0.0000000000000000        0.0000000000000000        0.0000000000000000       0.24160000000000001       0.25960000000000000       0.49880000000000002     
   65.000000000000000        1.6508372354172898        0.0000000000000000        0.0000000000000000        0.0000000000000000       0.24160000000000001       0.25979999999999998       0.49859999999999999     
   66.000000000000000        1.6484962611180232        0.0000000000000000        0.0000000000000000        0.0000000000000000       0.24160000000000001       0.25740000000000002       0.50100000000000000     
   67.000000000000000        1.6467113260244242        0.0000000000000000        0.0000000000000000        0.0000000000000000       0.24160000000000001       0.25760000000000000       0.50080000000000002     
   68.000000000000000        1.6455108943391927        0.0000000000000000        0.0000000000000000        0.0000000000000000       0.24160000000000001       0.26560000000000000       0.49280000000000002     
   69.000000000000000        1.6466330921272201        0.0000000000000000        0.0000000000000000        0.0000000000000000       0.24160000000000001       0.26560000000000000       0.49280000000000002     
   70.000000000000000        1.6463925012902381        0.0000000000000000        0.0000000000000000        0.0000000000000000       0.24160000000000001       0.26800000000000002       0.49040000000000000     
   71.000000000000000        1.6486706245124139        0.0000000000000000        0.0000000000000000        0.0000000000000000       0.24160000000000001       0.26379999999999998       0.49459999999999998     
   72.000000000000000        1.6518862266944034        0.0000000000000000        0.0000000000000000        0.0000000000000000       0.24160000000000001       0.26800000000000002       0.49040000000000000     
   73.000000000000000        1.6564443550765677        0.0000000000000000        0.0000000000000000        0.0000000000000000       0.24160000000000001       0.27139999999999997       0.48699999999999999     
   74.000000000000000        1.6618685409544560        0.0000000000000000        0.0000000000000000        0.0000000000000000       0.24160000000000001       0.27200000000000002       0.48640000000000000     
   75.000000000000000        1.6679023704143685        0.0000000000000000        0.0000000000000000        0.0000000000000000       0.24160000000000001       0.26319999999999999       0.49519999999999997     
   76.000000000000000        1.6739174513715518        0.0000000000000000        0.0000000000000000        0.0000000000000000       0.24160000000000001       0.26979999999999998       0.48859999999999998     
   77.000000000000000        1.6794876133558496        0.0000000000000000        0.0000000000000000        0.0000000000000000       0.24160000000000001       0.27179999999999999       0.48659999999999998     
   78.000000000000000        1.6848431614621546        0.0000000000000000        0.0000000000000000        0.0000000000000000       0.24160000000000001       0.27079999999999999       0.48759999999999998     
   79.000000000000000        1.6891929057041184        0.0000000000000000        0.0000000000000000        0.0000000000000000       0.24160000000000001       0.27020000000000000       0.48820000000000002     
   80.000000000000000        1.6920979847766748        0.0000000000000000        0.0000000000000000        0.0000000000000000       0.24160000000000001       0.28539999999999999       0.47299999999999998     
   81.000000000000000        1.6929352987793400        0.0000000000000000        0.0000000000000000        0.0000000000000000       0.24160000000000001       0.28079999999999999       0.47760000000000002     
   82.000000000000000        1.6915896769266698        0.0000000000000000        0.0000000000000000        0.0000000000000000       0.24160000000000001       0.30719999999999997       0.45119999999999999     
   83.000000000000000        1.6924775912269197        0.0000000000000000        0.0000000000000000        0.0000000000000000       0.24160000000000001       0.30620000000000003       0.45219999999999999     
   84.000000000000000        1.6865871291438572        0.0000000000000000        0.0000000000000000        0.0000000000000000       0.24160000000000001       0.30259999999999998       0.45579999999999998     
   85.000000000000000        1.6765673948321549        0.0000000000000000        0.0000000000000000        0.0000000000000000       0.24160000000000001       0.30059999999999998       0.45779999999999998     
   86.000000000000000        1.6668701895487796        0.0000000000000000        0.0000000000000000        0.0000000000000000       0.24160000000000001       0.30819999999999997       0.45019999999999999     
   87.000000000000000        1.6553659108696457        0.0000000000000000        0.0000000000000000        0.0000000000000000       0.24160000000000001       0.30340000000000000       0.45500000000000002     
   88.000000000000000        1.6418278476163275        0.0000000000000000        0.0000000000000000        0.0000000000000000       0.24160000000000001       0.30180000000000001       0.45660000000000001     
   89.000000000000000        1.6274270579110834        0.0000000000000000        0.0000000000000000        0.0000000000000000       0.24160000000000001       0.30140000000000000       0.45700000000000002     
   90.000000000000000        1.6118908845200761        0.0000000000000000        0.0000000000000000        0.0000000000000000       0.24160000000000001       0.29420000000000002       0.46420000000000000     
   91.000000000000000        1.5957913474469363        0.0000000000000000        0.0000000000000000        0.0000000000000000       0.24160000000000001       0.28760000000000002       0.47080000000000000     
   92.000000000000000        1.5799374715051577        0.0000000000000000        0.0000000000000000        0.0000000000000000       0.24160000000000001       0.28720000000000001       0.47120000000000001     
   93.000000000000000        1.5646170181777914        0.0000000000000000        0.0000000000000000        0.0000000000000000       0.24160000000000001       0.29160000000000003       0.46679999999999999     
   94.000000000000000        1.5496728409471361        0.0000000000000000        0.0000000000000000        0.0000000000000000       0.24160000000000001       0.29220000000000002       0.46620000000000000     
   95.000000000000000        1.5374924687352494        0.0000000000000000        0.0000000000000000        0.0000000000000000       0.24160000000000001       0.28920000000000001       0.46920000000000001     
   96.000000000000000        1.5266160071170720        0.0000000000000000        0.0000000000000000        0.0000000000000000       0.24160000000000001       0.28720000000000001       0.47120000000000001     
   97.000000000000000        1.5182935465398368        0.0000000000000000        0.0000000000000000        0.0000000000000000       0.24160000000000001       0.28799999999999998       0.47039999999999998     
   98.000000000000000        1.5124338710061540        0.0000000000000000        0.0000000000000000        0.0000000000000000       0.24160000000000001       0.28799999999999998       0.47039999999999998     
   99.000000000000000        1.5096716171756850        0.0000000000000000        0.0000000000000000        0.0000000000000000       0.24160000000000001       0.28980000000000000       0.46860000000000002     
   100.00000000000000        1.5106199858001430        0.0000000000000000        0.0000000000000000        0.0000000000000000       0.24160000000000001       0.29060000000000002       0.46779999999999999     
   101.00000000000000        1.5149723491758751        0.0000000000000000        0.0000000000000000        0.0000000000000000       0.24160000000000001       0.29080000000000000       0.46760000000000002     
   102.00000000000000        1.5230344661320427        0.0000000000000000        0.0000000000000000        0.0000000000000000       0.24160000000000001       0.29080000000000000       0.46760000000000002     
   103.00000000000000        1.5347135204170828        0.0000000000000000        0.0000000000000000        0.0000000000000000       0.24160000000000001       0.29080000000000000       0.46760000000000002     
   104.00000000000000        1.5500433757111223        0.0000000000000000        0.0000000000000000        0.0000000000000000       0.24160000000000001       0.29099999999999998       0.46739999999999998     
   105.00000000000000        1.5685619414072909        0.0000000000000000        0.0000000000000000        0.0000000000000000       0.24160000000000001       0.29099999999999998       0.46739999999999998     
   106.00000000000000        1.5900430230868694        0.0000000000000000        0.0000000000000000        0.0000000000000000       0.24160000000000001       0.29099999999999998       0.46739999999999998     
   107.00000000000000        1.6140871139148940        0.0000000000000000        0.0000000000000000        0.0000000000000000       0.24160000000000001       0.29099999999999998       0.46739999999999998     
   108.00000000000000        1.6398104688484980        0.0000000000000000        0.0000000000000000        0.0000000000000000       0.24160000000000001       0.29099999999999998       0.46739999999999998     
   109.00000000000000        1.6669564683230229        0.0000000000000000        0.0000000000000000        0.0000000000000000       0.24160000000000001       0.29099999999999998       0.46739999999999998     
   110.00000000000000        1.6943867655376470        0.0000000000000000        0.0000000000000000        0.0000000000000000       0.24160000000000001       0.29099999999999998       0.46739999999999998     
   111.00000000000000        1.7215254238704245        0.0000000000000000        0.0000000000000000        0.0000000000000000       0.24160000000000001       0.29099999999999998       0.46739999999999998     
   112.00000000000000        1.7474479271846233        0.0000000000000000        0.0000000000000000        0.0000000000000000       0.24160000000000001       0.29099999999999998       0.46739999999999998     
   113.00000000000000        1.7715360166395566        0.0000000000000000        0.0000000000000000        0.0000000000000000       0.24160000000000001       0.29099999999999998       0.46739999999999998     
   114.00000000000000        1.7929511087324779        0.0000000000000000        0.0000000000000000        0.0000000000000000       0.24160000000000001       0.29139999999999999       0.46700000000000003     
   115.00000000000000        1.8111337202569453        0.0000000000000000        0.0000000000000000        0.0000000000000000       0.24160000000000001       0.28939999999999999       0.46899999999999997     
   116.00000000000000        1.8256562180893137        0.0000000000000000        0.0000000000000000        0.0000000000000000       0.24160000000000001       0.29299999999999998       0.46539999999999998     
   117.00000000000000        1.8294808516982559        0.0000000000000000        0.0000000000000000        0.0000000000000000       0.24160000000000001       0.28480000000000000       0.47360000000000002     
   118.00000000000000        1.8424261834737279        0.0000000000000000        0.0000000000000000        0.0000000000000000       0.24160000000000001       0.29520000000000002       0.46320000000000000     
   119.00000000000000        1.8444558783229712        0.0000000000000000        0.0000000000000000        0.0000000000000000       0.24160000000000001       0.29559999999999997       0.46279999999999999     
   120.00000000000000        1.8425336274855040        0.0000000000000000        0.0000000000000000        0.0000000000000000       0.24160000000000001       0.28799999999999998       0.47039999999999998     
   121.00000000000000        1.8367052332349083        0.0000000000000000        0.0000000000000000        0.0000000000000000       0.24160000000000001       0.28780000000000000       0.47060000000000002     
   122.00000000000000        1.8257604944161581        0.0000000000000000        0.0000000000000000        0.0000000000000000       0.24160000000000001       0.28980000000000000       0.46860000000000002     
   123.00000000000000        1.8113235706709259        0.0000000000000000        0.0000000000000000        0.0000000000000000       0.24160000000000001       0.29080000000000000       0.46760000000000002     
   124.00000000000000        1.7940653681893624        0.0000000000000000        0.0000000000000000        0.0000000000000000       0.24160000000000001       0.29080000000000000       0.46760000000000002     
   125.00000000000000        1.7740732629978586        0.0000000000000000        0.0000000000000000        0.0000000000000000       0.24160000000000001       0.29039999999999999       0.46800000000000003     
   126.00000000000000        1.7506094124067149        0.0000000000000000        0.0000000000000000        0.0000000000000000       0.24160000000000001       0.29080000000000000       0.46760000000000002     
   127.00000000000000        1.7258425799612025        0.0000000000000000        0.0000000000000000        0.0000000000000000       0.24160000000000001       0.29099999999999998       0.46739999999999998     
   128.00000000000000        1.6989350354380959        0.0000000000000000        0.0000000000000000        0.0000000000000000       0.24160000000000001       0.29099999999999998       0.46739999999999998     
   129.00000000000000        1.6718983641424252        0.0000000000000000        0.0000000000000000        0.0000000000000000       0.24160000000000001       0.29099999999999998       0.46739999999999998     
   130.00000000000000        1.6444118765698508        0.0000000000000000        0.0000000000000000        0.0000000000000000       0.24160000000000001       0.29099999999999998       0.46739999999999998     
   131.00000000000000        1.6171076662883568        0.0000000000000000        0.0000000000000000        0.0000000000000000       0.24160000000000001       0.29099999999999998       0.46739999999999998     
   132.00000000000000        1.5911015195217344        0.0000000000000000        0.0000000000000000        0.0000000000000000       0.24160000000000001       0.29099999999999998       0.46739999999999998     
   133.00000000000000        1.5691053942856241        0.0000000000000000        0.0000000000000000        0.0000000000000000       0.19700000000000001       0.22620000000000001       0.57679999999999998     
   134.00000000000000        1.5538000711861237        0.0000000000000000        0.0000000000000000        0.0000000000000000       0.19700000000000001       0.22620000000000001       0.57679999999999998     
   135.00000000000000        1.5539017587478661        0.0000000000000000        0.0000000000000000        0.0000000000000000       0.19700000000000001       0.22620000000000001       0.57679999999999998     
   136.00000000000000        1.5628119331428141        0.0000000000000000        0.0000000000000000        0.0000000000000000       0.19700000000000001       0.22620000000000001       0.57679999999999998     
   137.00000000000000        1.5567135949627915        0.0000000000000000        0.0000000000000000        0.0000000000000000       0.19680000000000000       0.22639999999999999       0.57679999999999998     
   138.00000000000000        1.5597592826389790        0.0000000000000000        0.0000000000000000        0.0000000000000000       0.19760000000000000       0.22559999999999999       0.57679999999999998     
   139.00000000000000        1.5626712469462980        0.0000000000000000        0.0000000000000000        0.0000000000000000       0.19739999999999999       0.22580000000000000       0.57679999999999998     
   140.00000000000000        1.5645321987673051        0.0000000000000000        0.0000000000000000        0.0000000000000000       0.19780000000000000       0.22539999999999999       0.57679999999999998     
   141.00000000000000        1.5672294347923965        0.0000000000000000        0.0000000000000000        0.0000000000000000       0.19780000000000000       0.22539999999999999       0.57679999999999998     
   142.00000000000000        1.5700069216814405        0.0000000000000000        0.0000000000000000        0.0000000000000000       0.19780000000000000       0.22539999999999999       0.57679999999999998     
   143.00000000000000        1.5722438663810050        0.0000000000000000        0.0000000000000000        0.0000000000000000       0.19760000000000000       0.22559999999999999       0.57679999999999998     
   144.00000000000000        1.5738888203898060        0.0000000000000000        0.0000000000000000        0.0000000000000000       0.19800000000000001       0.22520000000000001       0.57679999999999998     
   145.00000000000000        1.5748952837311403        0.0000000000000000        0.0000000000000000        0.0000000000000000       0.20460000000000000       0.21859999999999999       0.57679999999999998     
   146.00000000000000        1.5754746241625663        0.0000000000000000        0.0000000000000000        0.0000000000000000       0.19980000000000001       0.22339999999999999       0.57679999999999998     
   147.00000000000000        1.5750088814052092        0.0000000000000000        0.0000000000000000        0.0000000000000000       0.18959999999999999       0.23360000000000000       0.57679999999999998     
   148.00000000000000        1.5758930134682587        0.0000000000000000        0.0000000000000000        0.0000000000000000       0.17119999999999999       0.10560000000000000       0.72319999999999995     
   149.00000000000000        1.5903381208205287        0.0000000000000000        0.0000000000000000        0.0000000000000000       0.17119999999999999        8.6999999999999994E-002  0.74180000000000001     
   150.00000000000000        1.6111962497633123        0.0000000000000000        0.0000000000000000        0.0000000000000000       0.17119999999999999        8.0000000000000002E-002  0.74880000000000002     
   151.00000000000000        1.6311450184521872        0.0000000000000000        0.0000000000000000        0.0000000000000000       0.17119999999999999        7.4399999999999994E-002  0.75439999999999996     
   152.00000000000000        1.6494188585347800        0.0000000000000000        0.0000000000000000        0.0000000000000000       0.17119999999999999        7.5200000000000003E-002  0.75360000000000005     
   153.00000000000000        1.6657483823505852        0.0000000000000000        0.0000000000000000        0.0000000000000000       0.17119999999999999        7.4800000000000005E-002  0.75400000000000000     
   154.00000000000000        1.6793852979549366        0.0000000000000000        0.0000000000000000        0.0000000000000000       0.17119999999999999        7.3999999999999996E-002  0.75480000000000003     
   155.00000000000000        1.6900479413323095        0.0000000000000000        0.0000000000000000        0.0000000000000000       0.17119999999999999        7.4800000000000005E-002  0.75400000000000000     
   156.00000000000000        1.6979540634357306        0.0000000000000000        0.0000000000000000        0.0000000000000000       0.17119999999999999        7.5200000000000003E-002  0.75360000000000005     
   157.00000000000000        1.7040280048635434        0.0000000000000000        0.0000000000000000        0.0000000000000000       0.17119999999999999        7.4800000000000005E-002  0.75400000000000000     
   158.00000000000000        1.7043212762018447        0.0000000000000000        0.0000000000000000        0.0000000000000000       0.17119999999999999        7.4999999999999997E-002  0.75380000000000003     
   159.00000000000000        1.7028106709221147        0.0000000000000000        0.0000000000000000        0.0000000000000000       0.17119999999999999        7.4999999999999997E-002  0.75380000000000003     
   160.00000000000000        1.6977950507387329        0.0000000000000000        0.0000000000000000        0.0000000000000000       0.17119999999999999        7.4999999999999997E-002  0.75380000000000003     
   161.00000000000000        1.6903261867982853        0.0000000000000000        0.0000000000000000        0.0000000000000000       0.17119999999999999        7.4999999999999997E-002  0.75380000000000003     
   162.00000000000000        1.6807077041085949        0.0000000000000000        0.0000000000000000        0.0000000000000000       0.17119999999999999        7.4999999999999997E-002  0.75380000000000003     
   163.00000000000000        1.6680637003113321        0.0000000000000000        0.0000000000000000        0.0000000000000000       0.17119999999999999        7.4999999999999997E-002  0.75380000000000003     
   164.00000000000000        1.6536851981973961        0.0000000000000000        0.0000000000000000        0.0000000000000000       0.17119999999999999        7.4999999999999997E-002  0.75380000000000003     
   165.00000000000000        1.6396098723641108        0.0000000000000000        0.0000000000000000        0.0000000000000000       0.17119999999999999        7.4999999999999997E-002  0.75380000000000003     
   166.00000000000000        1.6242712521989700        0.0000000000000000        0.0000000000000000        0.0000000000000000       0.17119999999999999        7.4999999999999997E-002  0.75380000000000003     
   167.00000000000000        1.6087987391121041        0.0000000000000000        0.0000000000000000        0.0000000000000000       0.17119999999999999        7.4999999999999997E-002  0.75380000000000003     
   168.00000000000000        1.5944961867553453        0.0000000000000000        0.0000000000000000        0.0000000000000000       0.17119999999999999        7.4600000000000000E-002  0.75419999999999998     
   169.00000000000000        1.5808312743053559        0.0000000000000000        0.0000000000000000        0.0000000000000000       0.17119999999999999        7.4600000000000000E-002  0.75419999999999998     
   170.00000000000000        1.5686147602304610        0.0000000000000000        0.0000000000000000        0.0000000000000000       0.17119999999999999        7.5999999999999998E-002  0.75280000000000002     
   171.00000000000000        1.5583580447014269        0.0000000000000000        0.0000000000000000        0.0000000000000000       0.17119999999999999        7.4999999999999997E-002  0.75380000000000003     
   172.00000000000000        1.5499549925726634        0.0000000000000000        0.0000000000000000        0.0000000000000000       0.17119999999999999        7.5600000000000001E-002  0.75319999999999998     
   173.00000000000000        1.5437910871975611        0.0000000000000000        0.0000000000000000        0.0000000000000000       0.17119999999999999        7.5399999999999995E-002  0.75339999999999996     
   174.00000000000000        1.5395988906879408        0.0000000000000000        0.0000000000000000        0.0000000000000000       0.17119999999999999        7.6399999999999996E-002  0.75239999999999996     
   175.00000000000000        1.5372539398392813        0.0000000000000000        0.0000000000000000        0.0000000000000000       0.17119999999999999        7.8600000000000003E-002  0.75019999999999998     
   176.00000000000000        1.5366425017503564        0.0000000000000000        0.0000000000000000        0.0000000000000000       0.17119999999999999        7.7799999999999994E-002  0.75100000000000000     
   177.00000000000000        1.5374229274227305        0.0000000000000000        0.0000000000000000        0.0000000000000000       0.17119999999999999        7.8799999999999995E-002  0.75000000000000000     
   178.00000000000000        1.5393994517884297        0.0000000000000000        0.0000000000000000        0.0000000000000000       0.17119999999999999        8.2000000000000003E-002  0.74680000000000002     
   179.00000000000000        1.5423685493003154        0.0000000000000000        0.0000000000000000        0.0000000000000000       0.17119999999999999        8.0000000000000002E-002  0.74880000000000002     
   180.00000000000000        1.5450289286256638        0.0000000000000000        0.0000000000000000        0.0000000000000000       0.17119999999999999        8.0000000000000002E-002  0.74880000000000002     
   181.00000000000000        1.5479901965464209        0.0000000000000000        0.0000000000000000        0.0000000000000000       0.17119999999999999        7.7399999999999997E-002  0.75139999999999996     
   182.00000000000000        1.5517287610472081        0.0000000000000000        0.0000000000000000        0.0000000000000000       0.17119999999999999        7.7399999999999997E-002  0.75139999999999996     
   183.00000000000000        1.5544715384034626        0.0000000000000000        0.0000000000000000        0.0000000000000000       0.17119999999999999        7.7399999999999997E-002  0.75139999999999996     
   184.00000000000000        1.5546598224886909        0.0000000000000000        0.0000000000000000        0.0000000000000000       0.17119999999999999        7.6999999999999999E-002  0.75180000000000002     
   185.00000000000000        1.5538783970007131        0.0000000000000000        0.0000000000000000        0.0000000000000000       0.17119999999999999        7.6999999999999999E-002  0.75180000000000002     
   186.00000000000000        1.5526163437849494        0.0000000000000000        0.0000000000000000        0.0000000000000000       0.17119999999999999        7.8399999999999997E-002  0.75039999999999996     
   187.00000000000000        1.5508544367007124        0.0000000000000000        0.0000000000000000        0.0000000000000000       0.17119999999999999        7.9399999999999998E-002  0.74939999999999996     
   188.00000000000000        1.5479987232553720        0.0000000000000000        0.0000000000000000        0.0000000000000000       0.17119999999999999        8.0799999999999997E-002  0.74800000000000000     
   189.00000000000000        1.5445675759795643        0.0000000000000000        0.0000000000000000        0.0000000000000000       0.17119999999999999        8.0399999999999999E-002  0.74839999999999995     
