#        BMIN =   406
#        BMAX =   411
#     INIBAND =   409
#      NBANDS =   540
#         NSW =  2000
#       POTIM =   1.0
#        TEMP = 300.0
#    NAMDTINI =   791
#    NAMDTIME =  1000
#       NTRAJ =  5000
#        NELM =  1000
#       LHOLE =     T
#        LSHP =     T
#      LCPTXT =     T
#      RUNDIR = ../../run/
   1.0000000000000000        1.5220126634205533        0.0000000000000000        0.0000000000000000        0.0000000000000000        1.0000000000000000        0.0000000000000000        0.0000000000000000     
   2.0000000000000000        1.5091707500067351        0.0000000000000000        0.0000000000000000        0.0000000000000000        1.0000000000000000        0.0000000000000000        0.0000000000000000     
   3.0000000000000000        1.4952789917772129        0.0000000000000000        0.0000000000000000        0.0000000000000000        1.0000000000000000        0.0000000000000000        0.0000000000000000     
   4.0000000000000000        1.4797118904720707        0.0000000000000000        0.0000000000000000        0.0000000000000000        1.0000000000000000        0.0000000000000000        0.0000000000000000     
   5.0000000000000000        1.4630572094537477        0.0000000000000000        0.0000000000000000        0.0000000000000000        1.0000000000000000        0.0000000000000000        0.0000000000000000     
   6.0000000000000000        1.4456702489973705        0.0000000000000000        0.0000000000000000        0.0000000000000000        1.0000000000000000        0.0000000000000000        0.0000000000000000     
   7.0000000000000000        1.4271906761925379        0.0000000000000000        0.0000000000000000        0.0000000000000000        1.0000000000000000        0.0000000000000000        0.0000000000000000     
   8.0000000000000000        1.4079818257877039        0.0000000000000000        0.0000000000000000        0.0000000000000000        1.0000000000000000        0.0000000000000000        0.0000000000000000     
   9.0000000000000000        1.3880453098279402        0.0000000000000000        0.0000000000000000        0.0000000000000000        1.0000000000000000        0.0000000000000000        0.0000000000000000     
   10.000000000000000        1.3680553821220816        0.0000000000000000        0.0000000000000000        0.0000000000000000        1.0000000000000000        0.0000000000000000        0.0000000000000000     
   11.000000000000000        1.3480671428438713        0.0000000000000000        0.0000000000000000        0.0000000000000000        1.0000000000000000        0.0000000000000000        0.0000000000000000     
   12.000000000000000        1.3280603403159756        0.0000000000000000        0.0000000000000000        0.0000000000000000        1.0000000000000000        0.0000000000000000        0.0000000000000000     
   13.000000000000000        1.3088715023922002        0.0000000000000000        0.0000000000000000        0.0000000000000000        1.0000000000000000        0.0000000000000000        0.0000000000000000     
   14.000000000000000        1.2906104701943717        0.0000000000000000        0.0000000000000000        0.0000000000000000        1.0000000000000000        0.0000000000000000        0.0000000000000000     
   15.000000000000000        1.2735149359973985        0.0000000000000000        0.0000000000000000        0.0000000000000000        1.0000000000000000        0.0000000000000000        0.0000000000000000     
   16.000000000000000        1.2577548379526799        0.0000000000000000        0.0000000000000000        0.0000000000000000        1.0000000000000000        0.0000000000000000        0.0000000000000000     
   17.000000000000000        1.2436211445209899        0.0000000000000000        0.0000000000000000        0.0000000000000000        1.0000000000000000        0.0000000000000000        0.0000000000000000     
   18.000000000000000        1.2310567594671014        0.0000000000000000        0.0000000000000000        0.0000000000000000        1.0000000000000000        0.0000000000000000        0.0000000000000000     
   19.000000000000000        1.2205307345301515        0.0000000000000000        0.0000000000000000        0.0000000000000000        1.0000000000000000        0.0000000000000000        0.0000000000000000     
   20.000000000000000        1.2120368264839168        0.0000000000000000        0.0000000000000000        0.0000000000000000        1.0000000000000000        0.0000000000000000        0.0000000000000000     
   21.000000000000000        1.2052540031917998        0.0000000000000000        0.0000000000000000        0.0000000000000000        1.0000000000000000        0.0000000000000000        0.0000000000000000     
   22.000000000000000        1.2004872664251671        0.0000000000000000        0.0000000000000000        0.0000000000000000        1.0000000000000000        0.0000000000000000        0.0000000000000000     
   23.000000000000000        1.1976466305082412        0.0000000000000000        0.0000000000000000        0.0000000000000000        1.0000000000000000        0.0000000000000000        0.0000000000000000     
   24.000000000000000        1.1967659821838668        0.0000000000000000        0.0000000000000000        0.0000000000000000        1.0000000000000000        0.0000000000000000        0.0000000000000000     
   25.000000000000000        1.1975919095532503        0.0000000000000000        0.0000000000000000        0.0000000000000000        1.0000000000000000        0.0000000000000000        0.0000000000000000     
   26.000000000000000        1.2001539629242175        0.0000000000000000        0.0000000000000000        0.0000000000000000        1.0000000000000000        0.0000000000000000        0.0000000000000000     
   27.000000000000000        1.2041145133963382        0.0000000000000000        0.0000000000000000        0.0000000000000000        1.0000000000000000        0.0000000000000000        0.0000000000000000     
   28.000000000000000        1.2095114240248486        0.0000000000000000        0.0000000000000000        0.0000000000000000        1.0000000000000000        0.0000000000000000        0.0000000000000000     
   29.000000000000000        1.2160558266867210        0.0000000000000000        0.0000000000000000        0.0000000000000000        1.0000000000000000        0.0000000000000000        0.0000000000000000     
   30.000000000000000        1.2234025143070171        0.0000000000000000        0.0000000000000000        0.0000000000000000        1.0000000000000000        0.0000000000000000        0.0000000000000000     
   31.000000000000000        1.2321706234842993        0.0000000000000000        0.0000000000000000        0.0000000000000000        1.0000000000000000        0.0000000000000000        0.0000000000000000     
   32.000000000000000        1.2418838955317755        0.0000000000000000        0.0000000000000000        0.0000000000000000        1.0000000000000000        0.0000000000000000        0.0000000000000000     
   33.000000000000000        1.2520870440810765        0.0000000000000000        0.0000000000000000        0.0000000000000000        1.0000000000000000        0.0000000000000000        0.0000000000000000     
   34.000000000000000        1.2632645605492789        0.0000000000000000        0.0000000000000000        0.0000000000000000        1.0000000000000000        0.0000000000000000        0.0000000000000000     
   35.000000000000000        1.2748776445529781        0.0000000000000000        0.0000000000000000        0.0000000000000000        1.0000000000000000        0.0000000000000000        0.0000000000000000     
   36.000000000000000        1.2864714979446372        0.0000000000000000        0.0000000000000000        0.0000000000000000        1.0000000000000000        0.0000000000000000        0.0000000000000000     
   37.000000000000000        1.2985103496178898        0.0000000000000000        0.0000000000000000        0.0000000000000000        1.0000000000000000        0.0000000000000000        0.0000000000000000     
   38.000000000000000        1.3097576686479213        0.0000000000000000        0.0000000000000000        0.0000000000000000        1.0000000000000000        0.0000000000000000        0.0000000000000000     
   39.000000000000000        1.3224513327953331        0.0000000000000000        0.0000000000000000        0.0000000000000000        1.0000000000000000        0.0000000000000000        0.0000000000000000     
   40.000000000000000        1.3341254408138976        0.0000000000000000        0.0000000000000000        0.0000000000000000        1.0000000000000000        0.0000000000000000        0.0000000000000000     
   41.000000000000000        1.3453086141696369        0.0000000000000000        0.0000000000000000        0.0000000000000000        1.0000000000000000        0.0000000000000000        0.0000000000000000     
   42.000000000000000        1.3561825707122477        0.0000000000000000        0.0000000000000000        0.0000000000000000        1.0000000000000000        0.0000000000000000        0.0000000000000000     
   43.000000000000000        1.3664170633306996        0.0000000000000000        0.0000000000000000        0.0000000000000000        1.0000000000000000        0.0000000000000000        0.0000000000000000     
   44.000000000000000        1.3760757617338557        0.0000000000000000        0.0000000000000000        0.0000000000000000        1.0000000000000000        0.0000000000000000        0.0000000000000000     
   45.000000000000000        1.3851350877092696        0.0000000000000000        0.0000000000000000        0.0000000000000000        1.0000000000000000        0.0000000000000000        0.0000000000000000     
   46.000000000000000        1.3937721303022137        0.0000000000000000        0.0000000000000000        0.0000000000000000        1.0000000000000000        0.0000000000000000        0.0000000000000000     
   47.000000000000000        1.3984035225739455        0.0000000000000000        0.0000000000000000        0.0000000000000000        1.0000000000000000        0.0000000000000000        0.0000000000000000     
   48.000000000000000        1.4097669887639488        0.0000000000000000        0.0000000000000000        0.0000000000000000        1.0000000000000000        0.0000000000000000        0.0000000000000000     
   49.000000000000000        1.4242827899277324        0.0000000000000000        0.0000000000000000        0.0000000000000000        1.0000000000000000        0.0000000000000000        0.0000000000000000     
   50.000000000000000        1.4259562784691062        0.0000000000000000        0.0000000000000000        0.0000000000000000        1.0000000000000000        0.0000000000000000        0.0000000000000000     
   51.000000000000000        1.4338282923246752        0.0000000000000000        0.0000000000000000        0.0000000000000000        1.0000000000000000        0.0000000000000000        0.0000000000000000     
   52.000000000000000        1.4428877761863903        0.0000000000000000        0.0000000000000000        0.0000000000000000        1.0000000000000000        0.0000000000000000        0.0000000000000000     
   53.000000000000000        1.4532971999352777        0.0000000000000000        0.0000000000000000        0.0000000000000000        1.0000000000000000        0.0000000000000000        0.0000000000000000     
   54.000000000000000        1.4641664588036525        0.0000000000000000        0.0000000000000000        0.0000000000000000        1.0000000000000000        0.0000000000000000        0.0000000000000000     
   55.000000000000000        1.4761054600644712        0.0000000000000000        0.0000000000000000        0.0000000000000000        1.0000000000000000        0.0000000000000000        0.0000000000000000     
   56.000000000000000        1.4888060306326782        0.0000000000000000        0.0000000000000000        0.0000000000000000        1.0000000000000000        0.0000000000000000        0.0000000000000000     
   57.000000000000000        1.5024481861986732        0.0000000000000000        0.0000000000000000        0.0000000000000000        1.0000000000000000        0.0000000000000000        0.0000000000000000     
   58.000000000000000        1.5174070818618475        0.0000000000000000        0.0000000000000000        0.0000000000000000        1.0000000000000000        0.0000000000000000        0.0000000000000000     
   59.000000000000000        1.5328943665451380        0.0000000000000000        0.0000000000000000        0.0000000000000000        1.0000000000000000        0.0000000000000000        0.0000000000000000     
   60.000000000000000        1.5488134129119988        0.0000000000000000        0.0000000000000000        0.0000000000000000        1.0000000000000000        0.0000000000000000        0.0000000000000000     
   61.000000000000000        1.5650307811135675        0.0000000000000000        0.0000000000000000        0.0000000000000000        1.0000000000000000        0.0000000000000000        0.0000000000000000     
   62.000000000000000        1.5901247832467629        0.0000000000000000        0.0000000000000000        0.0000000000000000       0.74880000000000002       0.13739999999999999       0.11380000000000000     
   63.000000000000000        1.5840514839152910        0.0000000000000000        0.0000000000000000        0.0000000000000000       0.76060000000000005       0.12559999999999999       0.11380000000000000     
   64.000000000000000        1.5595419252479188        0.0000000000000000        0.0000000000000000        0.0000000000000000       0.75539999999999996       0.13080000000000000       0.11380000000000000     
   65.000000000000000        1.5356905619546435        0.0000000000000000        0.0000000000000000        0.0000000000000000       0.74800000000000000       0.13819999999999999       0.11380000000000000     
   66.000000000000000        1.5144472058059015        0.0000000000000000        0.0000000000000000        0.0000000000000000       0.74719999999999998       0.13900000000000001       0.11380000000000000     
   67.000000000000000        1.4960504626990057        0.0000000000000000        0.0000000000000000        0.0000000000000000       0.73980000000000001       0.14640000000000000       0.11380000000000000     
   68.000000000000000        1.4812955438482958        0.0000000000000000        0.0000000000000000        0.0000000000000000       0.73699999999999999       0.14920000000000000       0.11380000000000000     
   69.000000000000000        1.4702652539015033        0.0000000000000000        0.0000000000000000        0.0000000000000000       0.73440000000000005       0.15179999999999999       0.11380000000000000     
   70.000000000000000        1.4639747554543776        0.0000000000000000        0.0000000000000000        0.0000000000000000       0.73260000000000003       0.15359999999999999       0.11380000000000000     
   71.000000000000000        1.4626875581997314        0.0000000000000000        0.0000000000000000        0.0000000000000000       0.71660000000000001       0.16960000000000000       0.11380000000000000     
   72.000000000000000        1.4663562229760154        0.0000000000000000        0.0000000000000000        0.0000000000000000       0.72319999999999995       0.16300000000000001       0.11380000000000000     
   73.000000000000000        1.4750049515138566        0.0000000000000000        0.0000000000000000        0.0000000000000000       0.67979999999999996       0.20640000000000000       0.11380000000000000     
   74.000000000000000        1.4881902938838245        0.0000000000000000        0.0000000000000000        0.0000000000000000       0.72299999999999998       0.16320000000000001       0.11380000000000000     
   75.000000000000000        1.5065502969439959        0.0000000000000000        0.0000000000000000        0.0000000000000000       0.70099999999999996       0.18520000000000000       0.11380000000000000     
   76.000000000000000        1.5325967048914335        0.0000000000000000        0.0000000000000000        0.0000000000000000       0.68959999999999999       0.10920000000000001       0.20119999999999999     
   77.000000000000000        1.5539516052224225        0.0000000000000000        0.0000000000000000        0.0000000000000000       0.70779999999999998        9.5399999999999999E-002  0.19680000000000000     
   78.000000000000000        1.5500874449159165        0.0000000000000000        0.0000000000000000        0.0000000000000000       0.70779999999999998        8.9399999999999993E-002  0.20280000000000001     
   79.000000000000000        1.5455691017152404        0.0000000000000000        0.0000000000000000        0.0000000000000000       0.70779999999999998        8.8200000000000001E-002  0.20399999999999999     
   80.000000000000000        1.5409647738067636        0.0000000000000000        0.0000000000000000        0.0000000000000000       0.70779999999999998        9.8400000000000001E-002  0.19380000000000000     
   81.000000000000000        1.5374489832593274        0.0000000000000000        0.0000000000000000        0.0000000000000000       0.70779999999999998       0.11180000000000000       0.18040000000000000     
   82.000000000000000        1.5337335972561166        0.0000000000000000        0.0000000000000000        0.0000000000000000       0.70779999999999998       0.11780000000000000       0.17440000000000000     
   83.000000000000000        1.5301496047393035        0.0000000000000000        0.0000000000000000        0.0000000000000000       0.70779999999999998       0.10979999999999999       0.18240000000000001     
   84.000000000000000        1.5265929536984875        0.0000000000000000        0.0000000000000000        0.0000000000000000       0.70779999999999998       0.12360000000000000       0.16860000000000000     
   85.000000000000000        1.5221559689523985        0.0000000000000000        0.0000000000000000        0.0000000000000000       0.70779999999999998       0.13080000000000000       0.16139999999999999     
   86.000000000000000        1.5202638853123966        0.0000000000000000        0.0000000000000000        0.0000000000000000       0.70779999999999998       0.12479999999999999       0.16739999999999999     
   87.000000000000000        1.5170925205524017        0.0000000000000000        0.0000000000000000        0.0000000000000000       0.70779999999999998       0.12959999999999999       0.16259999999999999     
   88.000000000000000        1.5139814361209512        0.0000000000000000        0.0000000000000000        0.0000000000000000       0.70779999999999998       0.13139999999999999       0.16080000000000000     
   89.000000000000000        1.5115579259285425        0.0000000000000000        0.0000000000000000        0.0000000000000000       0.70779999999999998       0.13840000000000000       0.15379999999999999     
   90.000000000000000        1.5083973260774406        0.0000000000000000        0.0000000000000000        0.0000000000000000       0.70779999999999998       0.13960000000000000       0.15260000000000001     
   91.000000000000000        1.5058424446084033        0.0000000000000000        0.0000000000000000        0.0000000000000000       0.70779999999999998       0.13919999999999999       0.15300000000000000     
   92.000000000000000        1.5036562872684132        0.0000000000000000        0.0000000000000000        0.0000000000000000       0.70779999999999998       0.13660000000000000       0.15559999999999999     
   93.000000000000000        1.5013075257713751        0.0000000000000000        0.0000000000000000        0.0000000000000000       0.70779999999999998       0.13719999999999999       0.15500000000000000     
   94.000000000000000        1.4991038023480010        0.0000000000000000        0.0000000000000000        0.0000000000000000       0.70779999999999998       0.13840000000000000       0.15379999999999999     
   95.000000000000000        1.4970350174365468        0.0000000000000000        0.0000000000000000        0.0000000000000000       0.70779999999999998       0.13719999999999999       0.15500000000000000     
   96.000000000000000        1.4949067458792951        0.0000000000000000        0.0000000000000000        0.0000000000000000       0.70779999999999998       0.13760000000000000       0.15459999999999999     
   97.000000000000000        1.4930384017875122        0.0000000000000000        0.0000000000000000        0.0000000000000000       0.70779999999999998       0.13900000000000001       0.15320000000000000     
   98.000000000000000        1.4913712437645450        0.0000000000000000        0.0000000000000000        0.0000000000000000       0.70779999999999998       0.13940000000000000       0.15279999999999999     
   99.000000000000000        1.4891587947495810        0.0000000000000000        0.0000000000000000        0.0000000000000000       0.70779999999999998       0.13819999999999999       0.15400000000000000     
   100.00000000000000        1.4874117351456726        0.0000000000000000        0.0000000000000000        0.0000000000000000       0.70779999999999998       0.14119999999999999       0.15100000000000000     
   101.00000000000000        1.4894419694167700        0.0000000000000000        0.0000000000000000        0.0000000000000000       0.70779999999999998       0.14060000000000000       0.15160000000000001     
   102.00000000000000        1.5118808728983375        0.0000000000000000        0.0000000000000000        0.0000000000000000       0.16139999999999999       0.66420000000000001       0.17440000000000000     
   103.00000000000000        1.4885052966723593        0.0000000000000000        0.0000000000000000        0.0000000000000000       0.16300000000000001       0.66259999999999997       0.17440000000000000     
   104.00000000000000        1.4807723209927985        0.0000000000000000        0.0000000000000000        0.0000000000000000       0.16320000000000001       0.66239999999999999       0.17440000000000000     
   105.00000000000000        1.4659549162963246        0.0000000000000000        0.0000000000000000        0.0000000000000000       0.16439999999999999       0.66120000000000001       0.17440000000000000     
   106.00000000000000        1.4513015237821767        0.0000000000000000        0.0000000000000000        0.0000000000000000       0.15980000000000000       0.66579999999999995       0.17440000000000000     
   107.00000000000000        1.4689735998256259        0.0000000000000000        0.0000000000000000        0.0000000000000000       0.20340000000000000       0.34860000000000002       0.44800000000000001     
   108.00000000000000        1.5080701715121210        0.0000000000000000        0.0000000000000000        0.0000000000000000        5.1999999999999998E-003  0.47460000000000002       0.52020000000000000     
   109.00000000000000        1.4758840103080471        0.0000000000000000        0.0000000000000000        0.0000000000000000        0.0000000000000000       0.52100000000000002       0.47899999999999998     
   110.00000000000000        1.6161119567422233        0.0000000000000000        0.0000000000000000        0.0000000000000000        0.0000000000000000       0.58299999999999996       0.41699999999999998     
   111.00000000000000        1.4812584029134535        0.0000000000000000        0.0000000000000000        0.0000000000000000        0.0000000000000000       0.58299999999999996       0.41699999999999998     
   112.00000000000000        1.4905492824559761        0.0000000000000000        0.0000000000000000        0.0000000000000000        0.0000000000000000       0.58299999999999996       0.41699999999999998     
   113.00000000000000        1.5030071309353743        0.0000000000000000        0.0000000000000000        0.0000000000000000        8.7400000000000005E-002  0.40600000000000003       0.50660000000000005     
   114.00000000000000        1.5274985016862583        0.0000000000000000        0.0000000000000000        0.0000000000000000        9.1600000000000001E-002  0.43700000000000000       0.47139999999999999     
   115.00000000000000        1.5255376501160347        0.0000000000000000        0.0000000000000000        0.0000000000000000        3.0800000000000001E-002  0.43719999999999998       0.53200000000000003     
   116.00000000000000        1.5636208828162561        0.0000000000000000        0.0000000000000000        0.0000000000000000        3.0800000000000001E-002  0.44119999999999998       0.52800000000000002     
   117.00000000000000        1.5881064238421745        0.0000000000000000        0.0000000000000000        0.0000000000000000        3.0800000000000001E-002  0.44379999999999997       0.52539999999999998     
   118.00000000000000        1.6266238376504449        0.0000000000000000        0.0000000000000000        0.0000000000000000        3.0800000000000001E-002  0.44379999999999997       0.52539999999999998     
   119.00000000000000        1.8008504034419195        0.0000000000000000        0.0000000000000000        0.0000000000000000        3.0800000000000001E-002  0.44679999999999997       0.52239999999999998     
   120.00000000000000        1.6533272658372185        0.0000000000000000        0.0000000000000000        0.0000000000000000        3.0800000000000001E-002  0.49099999999999999       0.47820000000000001     
   121.00000000000000        1.8676091529416312        0.0000000000000000        0.0000000000000000        0.0000000000000000        0.0000000000000000       0.52180000000000004       0.47820000000000001     
   122.00000000000000        1.6991483971886843        0.0000000000000000        0.0000000000000000        0.0000000000000000        0.0000000000000000       0.53059999999999996       0.46939999999999998     
   123.00000000000000        1.7127713179696837        0.0000000000000000        0.0000000000000000        0.0000000000000000        0.0000000000000000       0.53220000000000001       0.46779999999999999     
   124.00000000000000        1.7271505838737715        0.0000000000000000        0.0000000000000000        0.0000000000000000        0.0000000000000000       0.54020000000000001       0.45979999999999999     
   125.00000000000000        1.7378815025987773        0.0000000000000000        0.0000000000000000        0.0000000000000000        0.0000000000000000       0.53900000000000003       0.46100000000000002     
   126.00000000000000        1.7458881017815309        0.0000000000000000        0.0000000000000000        0.0000000000000000        0.0000000000000000       0.54020000000000001       0.45979999999999999     
   127.00000000000000        1.7512544602856663        0.0000000000000000        0.0000000000000000        0.0000000000000000        0.0000000000000000       0.54179999999999995       0.45820000000000000     
   128.00000000000000        1.7551924699160111        0.0000000000000000        0.0000000000000000        0.0000000000000000        0.0000000000000000       0.55120000000000002       0.44879999999999998     
   129.00000000000000        1.7567708194386307        0.0000000000000000        0.0000000000000000        0.0000000000000000        0.0000000000000000       0.54740000000000000       0.45260000000000000     
   130.00000000000000        1.7557582236660758        0.0000000000000000        0.0000000000000000        0.0000000000000000        0.0000000000000000       0.54239999999999999       0.45760000000000001     
   131.00000000000000        1.7542493821200504        0.0000000000000000        0.0000000000000000        0.0000000000000000        0.0000000000000000       0.53700000000000003       0.46300000000000002     
   132.00000000000000        1.7526495942909830        0.0000000000000000        0.0000000000000000        0.0000000000000000        0.0000000000000000       0.54500000000000004       0.45500000000000002     
   133.00000000000000        1.7503230314651719        0.0000000000000000        0.0000000000000000        0.0000000000000000        0.0000000000000000       0.60860000000000003       0.39140000000000003     
   134.00000000000000        1.7489063614705609        0.0000000000000000        0.0000000000000000        0.0000000000000000        0.0000000000000000       0.70960000000000001       0.29039999999999999     
   135.00000000000000        1.7484795342261070        0.0000000000000000        0.0000000000000000        0.0000000000000000        0.0000000000000000       0.70940000000000003       0.29060000000000002     
   136.00000000000000        1.7491894561804351        0.0000000000000000        0.0000000000000000        0.0000000000000000        0.0000000000000000       0.71899999999999997       0.28100000000000003     
   137.00000000000000        1.7517999794888468        0.0000000000000000        0.0000000000000000        0.0000000000000000        0.0000000000000000       0.70440000000000003       0.29559999999999997     
   138.00000000000000        1.7560853497168036        0.0000000000000000        0.0000000000000000        0.0000000000000000        0.0000000000000000       0.62700000000000000       0.37300000000000000     
   139.00000000000000        1.7621764376235540        0.0000000000000000        0.0000000000000000        0.0000000000000000        0.0000000000000000       0.58120000000000005       0.41880000000000001     
   140.00000000000000        1.7696621863810575        0.0000000000000000        0.0000000000000000        0.0000000000000000        0.0000000000000000       0.54940000000000000       0.45060000000000000     
   141.00000000000000        1.7785420373462306        0.0000000000000000        0.0000000000000000        0.0000000000000000        0.0000000000000000       0.56299999999999994       0.43700000000000000     
   142.00000000000000        1.7885213996105023        0.0000000000000000        0.0000000000000000        0.0000000000000000        0.0000000000000000       0.57540000000000002       0.42459999999999998     
   143.00000000000000        1.7991242332938957        0.0000000000000000        0.0000000000000000        0.0000000000000000        0.0000000000000000       0.57860000000000000       0.42140000000000000     
   144.00000000000000        1.8101776624249415        0.0000000000000000        0.0000000000000000        0.0000000000000000        0.0000000000000000       0.57340000000000002       0.42659999999999998     
   145.00000000000000        1.8196812512101834        0.0000000000000000        0.0000000000000000        0.0000000000000000        0.0000000000000000       0.57340000000000002       0.42659999999999998     
   146.00000000000000        1.8296372151375471        0.0000000000000000        0.0000000000000000        0.0000000000000000        0.0000000000000000       0.57299999999999995       0.42699999999999999     
   147.00000000000000        1.8367058421973024        0.0000000000000000        0.0000000000000000        0.0000000000000000        0.0000000000000000       0.57199999999999995       0.42799999999999999     
   148.00000000000000        1.8420067104387687        0.0000000000000000        0.0000000000000000        0.0000000000000000        0.0000000000000000       0.57140000000000002       0.42859999999999998     
   149.00000000000000        1.8457433338487528        0.0000000000000000        0.0000000000000000        0.0000000000000000        0.0000000000000000       0.57140000000000002       0.42859999999999998     
   150.00000000000000        1.8439581528309459        0.0000000000000000        0.0000000000000000        0.0000000000000000        0.0000000000000000       0.57160000000000000       0.42840000000000000     
   151.00000000000000        1.8409598292435911        0.0000000000000000        0.0000000000000000        0.0000000000000000        0.0000000000000000       0.57160000000000000       0.42840000000000000     
   152.00000000000000        1.8336452382939206        0.0000000000000000        0.0000000000000000        0.0000000000000000        0.0000000000000000       0.57160000000000000       0.42840000000000000     
   153.00000000000000        1.8221517281312258        0.0000000000000000        0.0000000000000000        0.0000000000000000        0.0000000000000000       0.57160000000000000       0.42840000000000000     
   154.00000000000000        1.8078845421973426        0.0000000000000000        0.0000000000000000        0.0000000000000000        0.0000000000000000       0.57140000000000002       0.42859999999999998     
   155.00000000000000        1.7906892499854163        0.0000000000000000        0.0000000000000000        0.0000000000000000        0.0000000000000000       0.57199999999999995       0.42799999999999999     
   156.00000000000000        1.7700058055928172        0.0000000000000000        0.0000000000000000        0.0000000000000000        0.0000000000000000       0.57140000000000002       0.42859999999999998     
   157.00000000000000        1.7466859549859308        0.0000000000000000        0.0000000000000000        0.0000000000000000        0.0000000000000000       0.57160000000000000       0.42840000000000000     
   158.00000000000000        1.7216298389300781        0.0000000000000000        0.0000000000000000        0.0000000000000000        0.0000000000000000       0.57279999999999998       0.42720000000000002     
   159.00000000000000        1.6951051658361505        0.0000000000000000        0.0000000000000000        0.0000000000000000        0.0000000000000000       0.57340000000000002       0.42659999999999998     
   160.00000000000000        1.6683271466540539        0.0000000000000000        0.0000000000000000        0.0000000000000000        0.0000000000000000       0.57020000000000004       0.42980000000000002     
   161.00000000000000        1.6403970034501643        0.0000000000000000        0.0000000000000000        0.0000000000000000        0.0000000000000000       0.56899999999999995       0.43099999999999999     
   162.00000000000000        1.6116334055661303        0.0000000000000000        0.0000000000000000        0.0000000000000000        0.0000000000000000       0.56920000000000004       0.43080000000000002     
   163.00000000000000        1.5804313756618060        0.0000000000000000        0.0000000000000000        0.0000000000000000        2.1999999999999999E-002  0.94740000000000002        3.0599999999999999E-002
   164.00000000000000        1.5661878757316359        0.0000000000000000        0.0000000000000000        0.0000000000000000        2.1999999999999999E-002  0.94740000000000002        3.0599999999999999E-002
   165.00000000000000        1.5437091461096559        0.0000000000000000        0.0000000000000000        0.0000000000000000        2.1999999999999999E-002  0.94740000000000002        3.0599999999999999E-002
   166.00000000000000        1.5243162354165356        0.0000000000000000        0.0000000000000000        0.0000000000000000        2.2200000000000001E-002  0.94720000000000004        3.0599999999999999E-002
   167.00000000000000        1.5081982740191533        0.0000000000000000        0.0000000000000000        0.0000000000000000        2.1999999999999999E-002  0.94740000000000002        3.0599999999999999E-002
   168.00000000000000        1.4960301410567274        0.0000000000000000        0.0000000000000000        0.0000000000000000        2.1999999999999999E-002  0.94740000000000002        3.0599999999999999E-002
   169.00000000000000        1.4893308287125975        0.0000000000000000        0.0000000000000000        0.0000000000000000        2.1800000000000000E-002  0.94760000000000000        3.0599999999999999E-002
   170.00000000000000        1.4794705686263467        0.0000000000000000        0.0000000000000000        0.0000000000000000        2.2200000000000001E-002  0.94720000000000004        3.0599999999999999E-002
   171.00000000000000        1.4856300128415356        0.0000000000000000        0.0000000000000000        0.0000000000000000        4.2200000000000001E-002  0.92720000000000002        3.0599999999999999E-002
   172.00000000000000        1.4949883366500636        0.0000000000000000        0.0000000000000000        0.0000000000000000        5.2200000000000003E-002  0.91720000000000002        3.0599999999999999E-002
   173.00000000000000        1.5078785450227545        0.0000000000000000        0.0000000000000000        0.0000000000000000        3.7800000000000000E-002  0.93159999999999998        3.0599999999999999E-002
   174.00000000000000        1.5242050051055187        0.0000000000000000        0.0000000000000000        0.0000000000000000        3.5200000000000002E-002  0.93420000000000003        3.0599999999999999E-002
   175.00000000000000        1.5525579672223027        0.0000000000000000        0.0000000000000000        0.0000000000000000        3.6200000000000003E-002  0.93320000000000003        3.0599999999999999E-002
   176.00000000000000        1.5788434273726626        0.0000000000000000        0.0000000000000000        0.0000000000000000        3.6200000000000003E-002  0.93320000000000003        3.0599999999999999E-002
   177.00000000000000        1.6156725504976821        0.0000000000000000        0.0000000000000000        0.0000000000000000        3.1199999999999999E-002  0.61539999999999995       0.35339999999999999     
   178.00000000000000        1.6402718915410324        0.0000000000000000        0.0000000000000000        0.0000000000000000        3.1199999999999999E-002  0.61419999999999997       0.35460000000000003     
   179.00000000000000        1.6746678683691318        0.0000000000000000        0.0000000000000000        0.0000000000000000        3.1199999999999999E-002  0.61419999999999997       0.35460000000000003     
   180.00000000000000        1.7098879774163658        0.0000000000000000        0.0000000000000000        0.0000000000000000        3.1199999999999999E-002  0.61480000000000001       0.35399999999999998     
   181.00000000000000        1.7446499243579692        0.0000000000000000        0.0000000000000000        0.0000000000000000        3.1199999999999999E-002  0.61419999999999997       0.35460000000000003     
   182.00000000000000        1.7780093198534743        0.0000000000000000        0.0000000000000000        0.0000000000000000        3.1199999999999999E-002  0.61099999999999999       0.35780000000000001     
   183.00000000000000        1.8084543960124528        0.0000000000000000        0.0000000000000000        0.0000000000000000        3.1199999999999999E-002  0.61099999999999999       0.35780000000000001     
   184.00000000000000        1.8355950232862686        0.0000000000000000        0.0000000000000000        0.0000000000000000        3.1199999999999999E-002  0.60699999999999998       0.36180000000000001     
   185.00000000000000        1.8591660533782246        0.0000000000000000        0.0000000000000000        0.0000000000000000        3.1199999999999999E-002  0.60240000000000005       0.36640000000000000     
   186.00000000000000        1.8780194991346424        0.0000000000000000        0.0000000000000000        0.0000000000000000        3.1199999999999999E-002  0.59619999999999995       0.37259999999999999     
   187.00000000000000        1.8911300555978507        0.0000000000000000        0.0000000000000000        0.0000000000000000        3.1199999999999999E-002  0.58479999999999999       0.38400000000000001     
   188.00000000000000        1.8984318877021509        0.0000000000000000        0.0000000000000000        0.0000000000000000        3.1199999999999999E-002  0.58540000000000003       0.38340000000000002     
   189.00000000000000        1.9005502037588204        0.0000000000000000        0.0000000000000000        0.0000000000000000        3.1199999999999999E-002  0.58599999999999997       0.38279999999999997     
