#        BMIN =   406
#        BMAX =   411
#     INIBAND =   410
#      NBANDS =   540
#         NSW =  2000
#       POTIM =   1.0
#        TEMP = 300.0
#    NAMDTINI =   179
#    NAMDTIME =  1000
#       NTRAJ =  5000
#        NELM =  1000
#       LHOLE =     T
#        LSHP =     T
#      LCPTXT =     T
#      RUNDIR = ../../run/
   1.0000000000000000        1.6755506603360160        0.0000000000000000        0.0000000000000000        0.0000000000000000        0.0000000000000000        1.0000000000000000        0.0000000000000000     
   2.0000000000000000        1.6761810271167019        0.0000000000000000        0.0000000000000000        0.0000000000000000        0.0000000000000000       0.99980000000000002        2.0000000000000001E-004
   3.0000000000000000        1.6744265163804541        0.0000000000000000        0.0000000000000000        0.0000000000000000        0.0000000000000000       0.99980000000000002        2.0000000000000001E-004
   4.0000000000000000        1.6709475151693756        0.0000000000000000        0.0000000000000000        0.0000000000000000        0.0000000000000000        1.0000000000000000        0.0000000000000000     
   5.0000000000000000        1.6652621905638409        0.0000000000000000        0.0000000000000000        0.0000000000000000        0.0000000000000000        1.0000000000000000        0.0000000000000000     
   6.0000000000000000        1.6588043527137946        0.0000000000000000        0.0000000000000000        0.0000000000000000        0.0000000000000000       0.99960000000000004        4.0000000000000002E-004
   7.0000000000000000        1.6517474058883852        0.0000000000000000        0.0000000000000000        0.0000000000000000        0.0000000000000000       0.99939999999999996        5.9999999999999995E-004
   8.0000000000000000        1.6449672473074970        0.0000000000000000        0.0000000000000000        0.0000000000000000        0.0000000000000000       0.99900000000000000        1.0000000000000000E-003
   9.0000000000000000        1.6390330041038772        0.0000000000000000        0.0000000000000000        0.0000000000000000        0.0000000000000000       0.99900000000000000        1.0000000000000000E-003
   10.000000000000000        1.6344792192252453        0.0000000000000000        0.0000000000000000        0.0000000000000000        0.0000000000000000        1.0000000000000000        0.0000000000000000     
   11.000000000000000        1.6315687096169793        0.0000000000000000        0.0000000000000000        0.0000000000000000        0.0000000000000000        1.0000000000000000        0.0000000000000000     
   12.000000000000000        1.6318258095455676        0.0000000000000000        0.0000000000000000        0.0000000000000000        0.0000000000000000       0.99939999999999996        5.9999999999999995E-004
   13.000000000000000        1.6332004282663368        0.0000000000000000        0.0000000000000000        0.0000000000000000        0.0000000000000000       0.99860000000000004        1.4000000000000000E-003
   14.000000000000000        1.6386148836124510        0.0000000000000000        0.0000000000000000        0.0000000000000000        0.0000000000000000       0.98760000000000003        1.2400000000000000E-002
   15.000000000000000        1.6460497880698426        0.0000000000000000        0.0000000000000000        0.0000000000000000        0.0000000000000000       0.96640000000000004        3.3599999999999998E-002
   16.000000000000000        1.6564507923118594        0.0000000000000000        0.0000000000000000        0.0000000000000000        0.0000000000000000       0.93840000000000001        6.1600000000000002E-002
   17.000000000000000        1.6690214320534027        0.0000000000000000        0.0000000000000000        0.0000000000000000        0.0000000000000000       0.92359999999999998        7.6399999999999996E-002
   18.000000000000000        1.6828860943363522        0.0000000000000000        0.0000000000000000        0.0000000000000000        0.0000000000000000       0.98040000000000005        1.9599999999999999E-002
   19.000000000000000        1.6988798092943125        0.0000000000000000        0.0000000000000000        0.0000000000000000        0.0000000000000000       0.98219999999999996        1.7800000000000000E-002
   20.000000000000000        1.7154055815529414        0.0000000000000000        0.0000000000000000        0.0000000000000000        0.0000000000000000       0.98119999999999996        1.8800000000000001E-002
   21.000000000000000        1.7325180581597721        0.0000000000000000        0.0000000000000000        0.0000000000000000        0.0000000000000000       0.98419999999999996        1.5800000000000002E-002
   22.000000000000000        1.7489749126532548        0.0000000000000000        0.0000000000000000        0.0000000000000000        0.0000000000000000       0.98399999999999999        1.6000000000000000E-002
   23.000000000000000        1.7644534276357993        0.0000000000000000        0.0000000000000000        0.0000000000000000        0.0000000000000000       0.98440000000000005        1.5599999999999999E-002
   24.000000000000000        1.7783442077398743        0.0000000000000000        0.0000000000000000        0.0000000000000000        0.0000000000000000       0.98440000000000005        1.5599999999999999E-002
   25.000000000000000        1.7901547155882047        0.0000000000000000        0.0000000000000000        0.0000000000000000        0.0000000000000000       0.98440000000000005        1.5599999999999999E-002
   26.000000000000000        1.7991570029435935        0.0000000000000000        0.0000000000000000        0.0000000000000000        0.0000000000000000       0.98440000000000005        1.5599999999999999E-002
   27.000000000000000        1.8046127817336834        0.0000000000000000        0.0000000000000000        0.0000000000000000        0.0000000000000000       0.98440000000000005        1.5599999999999999E-002
   28.000000000000000        1.8064384257761712        0.0000000000000000        0.0000000000000000        0.0000000000000000        0.0000000000000000       0.98480000000000001        1.5200000000000000E-002
   29.000000000000000        1.8041003607850017        0.0000000000000000        0.0000000000000000        0.0000000000000000        0.0000000000000000       0.98499999999999999        1.4999999999999999E-002
   30.000000000000000        1.7982181549726850        0.0000000000000000        0.0000000000000000        0.0000000000000000        0.0000000000000000       0.98499999999999999        1.4999999999999999E-002
   31.000000000000000        1.7883112190794095        0.0000000000000000        0.0000000000000000        0.0000000000000000        0.0000000000000000       0.98519999999999996        1.4800000000000001E-002
   32.000000000000000        1.7750790215477998        0.0000000000000000        0.0000000000000000        0.0000000000000000        0.0000000000000000       0.98460000000000003        1.5400000000000000E-002
   33.000000000000000        1.7588269814595898        0.0000000000000000        0.0000000000000000        0.0000000000000000        0.0000000000000000       0.98480000000000001        1.5200000000000000E-002
   34.000000000000000        1.7396692355475460        0.0000000000000000        0.0000000000000000        0.0000000000000000        0.0000000000000000       0.98480000000000001        1.5200000000000000E-002
   35.000000000000000        1.7164716669883193        0.0000000000000000        0.0000000000000000        0.0000000000000000        0.0000000000000000       0.98380000000000001        1.6199999999999999E-002
   36.000000000000000        1.6920265118314337        0.0000000000000000        0.0000000000000000        0.0000000000000000        0.0000000000000000       0.98380000000000001        1.6199999999999999E-002
   37.000000000000000        1.6661148024816383        0.0000000000000000        0.0000000000000000        0.0000000000000000        0.0000000000000000       0.98380000000000001        1.6199999999999999E-002
   38.000000000000000        1.6397102209835570        0.0000000000000000        0.0000000000000000        0.0000000000000000        0.0000000000000000       0.98380000000000001        1.6199999999999999E-002
   39.000000000000000        1.6132941091189699        0.0000000000000000        0.0000000000000000        0.0000000000000000        0.0000000000000000       0.98380000000000001        1.6199999999999999E-002
   40.000000000000000        1.5880838829929762        0.0000000000000000        0.0000000000000000        0.0000000000000000        0.0000000000000000       0.98380000000000001        1.6199999999999999E-002
   41.000000000000000        1.5647220610356507        0.0000000000000000        0.0000000000000000        0.0000000000000000        0.0000000000000000       0.98380000000000001        1.6199999999999999E-002
   42.000000000000000        1.5440049607601214        0.0000000000000000        0.0000000000000000        0.0000000000000000        0.0000000000000000       0.98299999999999998        1.7000000000000001E-002
   43.000000000000000        1.5267396114641347        0.0000000000000000        0.0000000000000000        0.0000000000000000        0.0000000000000000       0.98340000000000005        1.6600000000000000E-002
   44.000000000000000        1.5135322935312934        0.0000000000000000        0.0000000000000000        0.0000000000000000        0.0000000000000000       0.98340000000000005        1.6600000000000000E-002
   45.000000000000000        1.5053980654181851        0.0000000000000000        0.0000000000000000        0.0000000000000000        0.0000000000000000       0.98340000000000005        1.6600000000000000E-002
   46.000000000000000        1.5020690788349131        0.0000000000000000        0.0000000000000000        0.0000000000000000        0.0000000000000000       0.98380000000000001        1.6199999999999999E-002
   47.000000000000000        1.5042709172713913        0.0000000000000000        0.0000000000000000        0.0000000000000000        0.0000000000000000       0.98280000000000001        1.7200000000000000E-002
   48.000000000000000        1.5117851514085097        0.0000000000000000        0.0000000000000000        0.0000000000000000        0.0000000000000000       0.98199999999999998        1.7999999999999999E-002
   49.000000000000000        1.5249542002168273        0.0000000000000000        0.0000000000000000        0.0000000000000000        0.0000000000000000       0.97799999999999998        2.1999999999999999E-002
   50.000000000000000        1.5431322219934409        0.0000000000000000        0.0000000000000000        0.0000000000000000        0.0000000000000000       0.97660000000000002        2.3400000000000001E-002
   51.000000000000000        1.5660329075299189        0.0000000000000000        0.0000000000000000        0.0000000000000000        0.0000000000000000       0.97719999999999996        2.2800000000000001E-002
   52.000000000000000        1.5930806241010591        0.0000000000000000        0.0000000000000000        0.0000000000000000        0.0000000000000000       0.97719999999999996        2.2800000000000001E-002
   53.000000000000000        1.6236428917113361        0.0000000000000000        0.0000000000000000        0.0000000000000000        0.0000000000000000       0.97919999999999996        2.0799999999999999E-002
   54.000000000000000        1.6564416098679979        0.0000000000000000        0.0000000000000000        0.0000000000000000        0.0000000000000000       0.97699999999999998        2.3000000000000000E-002
   55.000000000000000        1.6908969213701628        0.0000000000000000        0.0000000000000000        0.0000000000000000        0.0000000000000000       0.97440000000000004        2.5600000000000001E-002
   56.000000000000000        1.7254819733881193        0.0000000000000000        0.0000000000000000        0.0000000000000000        0.0000000000000000       0.97819999999999996        2.1800000000000000E-002
   57.000000000000000        1.7601767949573350        0.0000000000000000        0.0000000000000000        0.0000000000000000        0.0000000000000000       0.96960000000000002        3.0400000000000000E-002
   58.000000000000000        1.7937445092165769        0.0000000000000000        0.0000000000000000        0.0000000000000000        0.0000000000000000       0.96819999999999995        3.1800000000000002E-002
   59.000000000000000        1.8247558753757354        0.0000000000000000        0.0000000000000000        0.0000000000000000        0.0000000000000000       0.98580000000000001        1.4200000000000001E-002
   60.000000000000000        1.8517185401081397        0.0000000000000000        0.0000000000000000        0.0000000000000000        0.0000000000000000       0.98540000000000005        1.4600000000000000E-002
   61.000000000000000        1.8796529776693476        0.0000000000000000        0.0000000000000000        0.0000000000000000        0.0000000000000000       0.98319999999999996        1.6799999999999999E-002
   62.000000000000000        1.8956981583745824        0.0000000000000000        0.0000000000000000        0.0000000000000000        0.0000000000000000       0.96860000000000002        3.1399999999999997E-002
   63.000000000000000        1.9094618270380592        0.0000000000000000        0.0000000000000000        0.0000000000000000        0.0000000000000000       0.95440000000000003        4.5600000000000002E-002
   64.000000000000000        1.9186681343222298        0.0000000000000000        0.0000000000000000        0.0000000000000000        0.0000000000000000       0.95499999999999996        4.4999999999999998E-002
   65.000000000000000        1.9218165828427360        0.0000000000000000        0.0000000000000000        0.0000000000000000        0.0000000000000000       0.95499999999999996        4.4999999999999998E-002
   66.000000000000000        1.9188029364055088        0.0000000000000000        0.0000000000000000        0.0000000000000000        0.0000000000000000       0.96540000000000004        3.4599999999999999E-002
   67.000000000000000        1.9108890408493131        0.0000000000000000        0.0000000000000000        0.0000000000000000        0.0000000000000000       0.96760000000000002        3.2399999999999998E-002
   68.000000000000000        1.9004785929694554        0.0000000000000000        0.0000000000000000        0.0000000000000000        0.0000000000000000       0.97480000000000000        2.5200000000000000E-002
   69.000000000000000        1.8811394095444405        0.0000000000000000        0.0000000000000000        0.0000000000000000        0.0000000000000000       0.97560000000000002        2.4400000000000002E-002
   70.000000000000000        1.8553333387006290        0.0000000000000000        0.0000000000000000        0.0000000000000000        0.0000000000000000       0.97080000000000000        2.9200000000000000E-002
   71.000000000000000        1.8292939145442833        0.0000000000000000        0.0000000000000000        0.0000000000000000        0.0000000000000000       0.97760000000000002        2.2400000000000000E-002
   72.000000000000000        1.7962246222190428        0.0000000000000000        0.0000000000000000        0.0000000000000000        0.0000000000000000       0.97980000000000000        2.0199999999999999E-002
   73.000000000000000        1.7610758555919523        0.0000000000000000        0.0000000000000000        0.0000000000000000        0.0000000000000000       0.97199999999999998        2.8000000000000001E-002
   74.000000000000000        1.7253736335232814        0.0000000000000000        0.0000000000000000        0.0000000000000000        0.0000000000000000       0.97980000000000000        2.0199999999999999E-002
   75.000000000000000        1.6890262061919588        0.0000000000000000        0.0000000000000000        0.0000000000000000        0.0000000000000000       0.97960000000000003        2.0400000000000001E-002
   76.000000000000000        1.6525591263240431        0.0000000000000000        0.0000000000000000        0.0000000000000000        0.0000000000000000       0.97340000000000004        2.6599999999999999E-002
   77.000000000000000        1.6177741265841405        0.0000000000000000        0.0000000000000000        0.0000000000000000        0.0000000000000000       0.97340000000000004        2.6599999999999999E-002
   78.000000000000000        1.5844833014457977        0.0000000000000000        0.0000000000000000        0.0000000000000000        0.0000000000000000       0.96060000000000001        3.9399999999999998E-002
   79.000000000000000        1.5543079315796902        0.0000000000000000        0.0000000000000000        0.0000000000000000        0.0000000000000000       0.95620000000000005        4.3799999999999999E-002
   80.000000000000000        1.5284754973267485        0.0000000000000000        0.0000000000000000        0.0000000000000000        0.0000000000000000       0.95720000000000005        4.2799999999999998E-002
   81.000000000000000        1.5055400718297272        0.0000000000000000        0.0000000000000000        0.0000000000000000        0.0000000000000000       0.96120000000000005        3.8800000000000001E-002
   82.000000000000000        1.4901261640019696        0.0000000000000000        0.0000000000000000        0.0000000000000000        0.0000000000000000       0.95199999999999996        4.8000000000000001E-002
   83.000000000000000        1.4945924344572366        0.0000000000000000        0.0000000000000000        0.0000000000000000        0.0000000000000000       0.95199999999999996        4.8000000000000001E-002
   84.000000000000000        1.4940777561582876        0.0000000000000000        0.0000000000000000        0.0000000000000000       0.10660000000000000       0.84899999999999998        4.4400000000000002E-002
   85.000000000000000        1.4838486053095643        0.0000000000000000        0.0000000000000000        0.0000000000000000       0.10580000000000001        6.2399999999999997E-002  0.83179999999999998     
   86.000000000000000        1.5030531640669602        0.0000000000000000        0.0000000000000000        0.0000000000000000       0.10600000000000000        6.2199999999999998E-002  0.83179999999999998     
   87.000000000000000        1.5225252369281546        0.0000000000000000        0.0000000000000000        0.0000000000000000       0.10740000000000000        6.0800000000000000E-002  0.83179999999999998     
   88.000000000000000        1.5197858581408601        0.0000000000000000        0.0000000000000000        0.0000000000000000       0.12680000000000000        4.1399999999999999E-002  0.83179999999999998     
   89.000000000000000        1.5067373259645893        0.0000000000000000        0.0000000000000000        0.0000000000000000       0.75680000000000003       0.24320000000000000        0.0000000000000000     
   90.000000000000000        1.5187331134270323        0.0000000000000000        0.0000000000000000        0.0000000000000000       0.48240000000000000       0.43619999999999998        8.1400000000000000E-002
   91.000000000000000        1.5593737868453728        0.0000000000000000        0.0000000000000000        8.0000000000000002E-003   0.0000000000000000       0.92459999999999998        6.7400000000000002E-002
   92.000000000000000        1.5639048052381948        0.0000000000000000        0.0000000000000000        8.0000000000000002E-003   0.0000000000000000       0.92420000000000002        6.7799999999999999E-002
   93.000000000000000        1.5880054241017134        0.0000000000000000        0.0000000000000000        8.0000000000000002E-003   0.0000000000000000       0.92440000000000000        6.7599999999999993E-002
   94.000000000000000        1.6579344302012242        0.0000000000000000        0.0000000000000000        8.0000000000000002E-003   0.0000000000000000       0.92440000000000000        6.7599999999999993E-002
   95.000000000000000        1.6249641238499186        0.0000000000000000        0.0000000000000000        8.0000000000000002E-003   0.0000000000000000       0.92459999999999998        6.7400000000000002E-002
   96.000000000000000        1.6434786491219244        0.0000000000000000        0.0000000000000000        8.0000000000000002E-003   0.0000000000000000       0.92359999999999998        6.8400000000000002E-002
   97.000000000000000        1.6610293083079941        0.0000000000000000        0.0000000000000000        8.0000000000000002E-003   0.0000000000000000       0.92100000000000004        7.0999999999999994E-002
   98.000000000000000        1.6755099026251272        0.0000000000000000        0.0000000000000000        8.0000000000000002E-003   0.0000000000000000       0.92059999999999997        7.1400000000000005E-002
   99.000000000000000        1.6872284467876892        0.0000000000000000        0.0000000000000000        8.0000000000000002E-003   0.0000000000000000       0.92040000000000000        7.1599999999999997E-002
   100.00000000000000        1.6969068739625475        0.0000000000000000        0.0000000000000000        8.0000000000000002E-003   0.0000000000000000       0.91620000000000001        7.5800000000000006E-002
   101.00000000000000        1.7019701431720653        0.0000000000000000        0.0000000000000000        7.4000000000000003E-003   5.9999999999999995E-004  0.90500000000000003        8.6999999999999994E-002
   102.00000000000000        1.7037162506813617        0.0000000000000000        0.0000000000000000        7.4000000000000003E-003   5.9999999999999995E-004  0.93240000000000001        5.9600000000000000E-002
   103.00000000000000        1.7027257167576257        0.0000000000000000        0.0000000000000000        7.4000000000000003E-003   5.9999999999999995E-004  0.89680000000000004        9.5200000000000007E-002
   104.00000000000000        1.6988201978568245        0.0000000000000000        0.0000000000000000        7.1999999999999998E-003   8.0000000000000004E-004  0.90800000000000003        8.4000000000000005E-002
   105.00000000000000        1.6919484843512276        0.0000000000000000        0.0000000000000000        7.1999999999999998E-003   8.0000000000000004E-004  0.88839999999999997       0.10360000000000000     
   106.00000000000000        1.6829536623069137        0.0000000000000000        0.0000000000000000        7.1999999999999998E-003   8.0000000000000004E-004  0.94199999999999995        5.0000000000000003E-002
   107.00000000000000        1.6722433989258494        0.0000000000000000        0.0000000000000000        7.1999999999999998E-003   8.0000000000000004E-004  0.94279999999999997        4.9200000000000001E-002
   108.00000000000000        1.6606541930549810        0.0000000000000000        0.0000000000000000        7.1999999999999998E-003   8.0000000000000004E-004  0.94259999999999999        4.9399999999999999E-002
   109.00000000000000        1.6490942230798671        0.0000000000000000        0.0000000000000000        7.1999999999999998E-003   8.0000000000000004E-004  0.93179999999999996        6.0199999999999997E-002
   110.00000000000000        1.6380862714617064        0.0000000000000000        0.0000000000000000        7.1999999999999998E-003   8.0000000000000004E-004  0.92259999999999998        6.9400000000000003E-002
   111.00000000000000        1.6284432581569979        0.0000000000000000        0.0000000000000000        7.1999999999999998E-003   8.0000000000000004E-004  0.91559999999999997        7.6399999999999996E-002
   112.00000000000000        1.6200658889033830        0.0000000000000000        0.0000000000000000        7.0000000000000001E-003   1.0000000000000000E-003  0.91279999999999994        7.9200000000000007E-002
   113.00000000000000        1.6140681128215537        0.0000000000000000        0.0000000000000000        7.0000000000000001E-003   1.0000000000000000E-003  0.91259999999999997        7.9399999999999998E-002
   114.00000000000000        1.6106800624733024        0.0000000000000000        0.0000000000000000        7.0000000000000001E-003   1.0000000000000000E-003  0.91259999999999997        7.9399999999999998E-002
   115.00000000000000        1.6098319365188700        0.0000000000000000        0.0000000000000000        7.0000000000000001E-003   1.0000000000000000E-003  0.91700000000000004        7.4999999999999997E-002
   116.00000000000000        1.6117810632640339        0.0000000000000000        0.0000000000000000        7.0000000000000001E-003   1.0000000000000000E-003  0.91239999999999999        7.9600000000000004E-002
   117.00000000000000        1.6162173124393733        0.0000000000000000        0.0000000000000000        7.0000000000000001E-003   1.0000000000000000E-003  0.91239999999999999        7.9600000000000004E-002
   118.00000000000000        1.6228597824813038        0.0000000000000000        0.0000000000000000        7.0000000000000001E-003   1.0000000000000000E-003  0.91320000000000001        7.8799999999999995E-002
   119.00000000000000        1.6317100013450099        0.0000000000000000        0.0000000000000000        6.6000000000000000E-003   1.4000000000000000E-003  0.91459999999999997        7.7399999999999997E-002
   120.00000000000000        1.6415428128763088        0.0000000000000000        0.0000000000000000        6.6000000000000000E-003   1.4000000000000000E-003  0.91579999999999995        7.6200000000000004E-002
   121.00000000000000        1.6508678534505896        0.0000000000000000        0.0000000000000000        6.6000000000000000E-003   1.4000000000000000E-003  0.91459999999999997        7.7399999999999997E-002
   122.00000000000000        1.6635430111616418        0.0000000000000000        0.0000000000000000        6.4000000000000003E-003   1.6000000000000001E-003  0.91039999999999999        8.1600000000000006E-002
   123.00000000000000        1.6744281622017856        0.0000000000000000        0.0000000000000000        6.0000000000000001E-003   2.0000000000000000E-003  0.91120000000000001        8.0799999999999997E-002
   124.00000000000000        1.6843206695405073        0.0000000000000000        0.0000000000000000        6.0000000000000001E-003   2.0000000000000000E-003  0.91139999999999999        8.0600000000000005E-002
   125.00000000000000        1.6923922619417560        0.0000000000000000        0.0000000000000000        6.0000000000000001E-003   2.0000000000000000E-003  0.90839999999999999        8.3599999999999994E-002
   126.00000000000000        1.7012128679147638        0.0000000000000000        0.0000000000000000        6.0000000000000001E-003   2.0000000000000000E-003  0.91059999999999997        8.1400000000000000E-002
   127.00000000000000        1.7028717101167445        0.0000000000000000        0.0000000000000000        6.0000000000000001E-003   2.0000000000000000E-003  0.91080000000000005        8.1199999999999994E-002
   128.00000000000000        1.7048808538286448        0.0000000000000000        0.0000000000000000        6.0000000000000001E-003   2.0000000000000000E-003  0.91500000000000004        7.6999999999999999E-002
   129.00000000000000        1.7040745937504314        0.0000000000000000        0.0000000000000000        6.0000000000000001E-003   2.0000000000000000E-003  0.91259999999999997        7.9399999999999998E-002
   130.00000000000000        1.7005798782637398        0.0000000000000000        0.0000000000000000        6.0000000000000001E-003   2.0000000000000000E-003  0.91279999999999994        7.9200000000000007E-002
   131.00000000000000        1.6947529771326439        0.0000000000000000        0.0000000000000000        6.0000000000000001E-003   2.0000000000000000E-003  0.91239999999999999        7.9600000000000004E-002
   132.00000000000000        1.6861214885026730        0.0000000000000000        0.0000000000000000        6.0000000000000001E-003   2.0000000000000000E-003  0.91439999999999999        7.7600000000000002E-002
   133.00000000000000        1.6752309266709415        0.0000000000000000        0.0000000000000000        6.0000000000000001E-003   2.0000000000000000E-003  0.91439999999999999        7.7600000000000002E-002
   134.00000000000000        1.6627335152191851        0.0000000000000000        0.0000000000000000        6.0000000000000001E-003   2.0000000000000000E-003  0.91320000000000001        7.8799999999999995E-002
   135.00000000000000        1.6483473803694644        0.0000000000000000        0.0000000000000000        6.0000000000000001E-003   2.0000000000000000E-003  0.90780000000000005        8.4199999999999997E-002
   136.00000000000000        1.6331699227848275        0.0000000000000000        0.0000000000000000        5.5999999999999999E-003   2.3999999999999998E-003  0.90780000000000005        8.4199999999999997E-002
   137.00000000000000        1.6171392735031282        0.0000000000000000        0.0000000000000000        5.5999999999999999E-003   2.3999999999999998E-003  0.91639999999999999        7.5600000000000001E-002
   138.00000000000000        1.6012552975362682        0.0000000000000000        0.0000000000000000        5.5999999999999999E-003   2.3999999999999998E-003  0.93200000000000005        5.9999999999999998E-002
   139.00000000000000        1.5862574324497896        0.0000000000000000        0.0000000000000000        5.5999999999999999E-003   2.3999999999999998E-003  0.94679999999999997        4.5199999999999997E-002
   140.00000000000000        1.5732487494491247        0.0000000000000000        0.0000000000000000        5.1999999999999998E-003   2.8000000000000000E-003  0.92400000000000004        6.8000000000000005E-002
   141.00000000000000        1.5623322521714500        0.0000000000000000        0.0000000000000000        5.1999999999999998E-003   2.8000000000000000E-003  0.86580000000000001       0.12620000000000001     
   142.00000000000000        1.5541712114957404        0.0000000000000000        0.0000000000000000        5.1999999999999998E-003   2.8000000000000000E-003  0.99199999999999999        0.0000000000000000     
   143.00000000000000        1.5495531004206313        0.0000000000000000        0.0000000000000000        5.1999999999999998E-003   2.8000000000000000E-003  0.94640000000000002        4.5600000000000002E-002
   144.00000000000000        1.5488607652146476        0.0000000000000000        0.0000000000000000        5.1999999999999998E-003   2.8000000000000000E-003  0.93879999999999997        5.3199999999999997E-002
   145.00000000000000        1.5530156362558225        0.0000000000000000        0.0000000000000000        5.1999999999999998E-003   2.8000000000000000E-003  0.93859999999999999        5.3400000000000003E-002
   146.00000000000000        1.5620561991062578        0.0000000000000000        0.0000000000000000        5.1999999999999998E-003   2.8000000000000000E-003  0.92800000000000005        6.4000000000000001E-002
   147.00000000000000        1.5762060447170301        0.0000000000000000        0.0000000000000000        5.1999999999999998E-003   2.8000000000000000E-003  0.93100000000000005        6.0999999999999999E-002
   148.00000000000000        1.5952663106931719        0.0000000000000000        0.0000000000000000        5.1999999999999998E-003   2.8000000000000000E-003  0.92740000000000000        6.4600000000000005E-002
   149.00000000000000        1.6190776696073201        0.0000000000000000        0.0000000000000000        5.1999999999999998E-003   2.8000000000000000E-003  0.92640000000000000        6.5600000000000006E-002
   150.00000000000000        1.6470848656401871        0.0000000000000000        0.0000000000000000        5.1999999999999998E-003   2.8000000000000000E-003  0.92679999999999996        6.5199999999999994E-002
   151.00000000000000        1.6786565327380931        0.0000000000000000        0.0000000000000000        5.1999999999999998E-003   2.8000000000000000E-003  0.92679999999999996        6.5199999999999994E-002
   152.00000000000000        1.7138338852154675        0.0000000000000000        0.0000000000000000        5.1999999999999998E-003   2.8000000000000000E-003  0.92679999999999996        6.5199999999999994E-002
   153.00000000000000        1.7498027273621675        0.0000000000000000        0.0000000000000000        5.1999999999999998E-003   2.8000000000000000E-003  0.92640000000000000        6.5600000000000006E-002
   154.00000000000000        1.7874824217647598        0.0000000000000000        0.0000000000000000        5.1999999999999998E-003   2.8000000000000000E-003  0.92640000000000000        6.5600000000000006E-002
   155.00000000000000        1.8254924050436776        0.0000000000000000        0.0000000000000000        5.1999999999999998E-003   2.8000000000000000E-003  0.92700000000000005        6.5000000000000002E-002
   156.00000000000000        1.8619082672342488        0.0000000000000000        0.0000000000000000        5.1999999999999998E-003   2.8000000000000000E-003  0.92720000000000002        6.4799999999999996E-002
   157.00000000000000        1.8969458194546489        0.0000000000000000        0.0000000000000000        5.1999999999999998E-003   2.8000000000000000E-003  0.92720000000000002        6.4799999999999996E-002
   158.00000000000000        1.9292613224191104        0.0000000000000000        0.0000000000000000        5.1999999999999998E-003   2.8000000000000000E-003  0.92720000000000002        6.4799999999999996E-002
   159.00000000000000        1.9581932000292301        0.0000000000000000        0.0000000000000000        5.1999999999999998E-003   2.8000000000000000E-003  0.92740000000000000        6.4600000000000005E-002
   160.00000000000000        1.9830645321575635        0.0000000000000000        0.0000000000000000        5.1999999999999998E-003   2.8000000000000000E-003  0.92540000000000000        6.6600000000000006E-002
   161.00000000000000        2.0037080234720110        0.0000000000000000        0.0000000000000000        5.1999999999999998E-003   2.8000000000000000E-003  0.92540000000000000        6.6600000000000006E-002
   162.00000000000000        2.0198147805062163        0.0000000000000000        0.0000000000000000        5.1999999999999998E-003   2.8000000000000000E-003  0.92700000000000005        6.5000000000000002E-002
   163.00000000000000        2.0260974582909421        0.0000000000000000        0.0000000000000000        5.1999999999999998E-003   2.8000000000000000E-003  0.92759999999999998        6.4399999999999999E-002
   164.00000000000000        2.0287351802538849        0.0000000000000000        0.0000000000000000        5.1999999999999998E-003   2.8000000000000000E-003  0.92520000000000002        6.6799999999999998E-002
   165.00000000000000        2.0277806189089507        0.0000000000000000        0.0000000000000000        5.0000000000000001E-003   3.0000000000000001E-003  0.92540000000000000        6.6600000000000006E-002
   166.00000000000000        2.0163777272613022        0.0000000000000000        0.0000000000000000        4.7999999999999996E-003   3.2000000000000002E-003  0.92640000000000000        6.5600000000000006E-002
   167.00000000000000        2.0025207610088680        0.0000000000000000        0.0000000000000000        4.7999999999999996E-003   3.2000000000000002E-003  0.92720000000000002        6.4799999999999996E-002
   168.00000000000000        1.9840742333674930        0.0000000000000000        0.0000000000000000        4.7999999999999996E-003   3.2000000000000002E-003  0.92579999999999996        6.6199999999999995E-002
   169.00000000000000        1.9573861344071588        0.0000000000000000        0.0000000000000000        4.7999999999999996E-003   3.2000000000000002E-003  0.91479999999999995        7.7200000000000005E-002
   170.00000000000000        1.9302786417660278        0.0000000000000000        0.0000000000000000        4.7999999999999996E-003   3.2000000000000002E-003  0.90500000000000003        8.6999999999999994E-002
   171.00000000000000        1.8973317034283421        0.0000000000000000        0.0000000000000000        4.5999999999999999E-003   3.3999999999999998E-003  0.92540000000000000        6.6600000000000006E-002
   172.00000000000000        1.8618416668079105        0.0000000000000000        0.0000000000000000        4.5999999999999999E-003   3.3999999999999998E-003  0.91239999999999999        7.9600000000000004E-002
   173.00000000000000        1.8238219901636330        0.0000000000000000        0.0000000000000000        4.5999999999999999E-003   3.3999999999999998E-003  0.88739999999999997       0.10460000000000000     
   174.00000000000000        1.7844158409248208        0.0000000000000000        0.0000000000000000        4.4000000000000003E-003   3.5999999999999999E-003  0.87619999999999998       0.11580000000000000     
   175.00000000000000        1.7447547278435569        0.0000000000000000        0.0000000000000000        4.4000000000000003E-003   3.5999999999999999E-003  0.83560000000000001       0.15640000000000001     
   176.00000000000000        1.7055771738943313        0.0000000000000000        0.0000000000000000        4.4000000000000003E-003   3.5999999999999999E-003  0.76880000000000004       0.22320000000000001     
   177.00000000000000        1.6677428322848709        0.0000000000000000        0.0000000000000000        4.4000000000000003E-003   3.5999999999999999E-003  0.74860000000000004       0.24340000000000001     
   178.00000000000000        1.6323594385857072        0.0000000000000000        0.0000000000000000        4.4000000000000003E-003   3.5999999999999999E-003  0.69979999999999998       0.29220000000000002     
   179.00000000000000        1.6003031503362528        0.0000000000000000        0.0000000000000000        4.4000000000000003E-003   3.5999999999999999E-003  0.64739999999999998       0.34460000000000002     
   180.00000000000000        1.5721108885778938        0.0000000000000000        0.0000000000000000        4.4000000000000003E-003   3.5999999999999999E-003  0.61339999999999995       0.37859999999999999     
   181.00000000000000        1.5482887555212774        0.0000000000000000        0.0000000000000000        4.4000000000000003E-003   3.5999999999999999E-003  0.59099999999999997       0.40100000000000002     
   182.00000000000000        1.5294457704531976        0.0000000000000000        0.0000000000000000        4.4000000000000003E-003   3.5999999999999999E-003  0.58420000000000005       0.40780000000000000     
   183.00000000000000        1.5159903147885463        0.0000000000000000        0.0000000000000000        4.4000000000000003E-003   3.5999999999999999E-003  0.58540000000000003       0.40660000000000002     
   184.00000000000000        1.5082413072423702        0.0000000000000000        0.0000000000000000        4.4000000000000003E-003   3.5999999999999999E-003  0.56540000000000001       0.42659999999999998     
   185.00000000000000        1.5065816520218491        0.0000000000000000        0.0000000000000000        4.4000000000000003E-003   3.5999999999999999E-003  0.57460000000000000       0.41739999999999999     
   186.00000000000000        1.5094613817473728        0.0000000000000000        0.0000000000000000        4.4000000000000003E-003   3.5999999999999999E-003  0.57460000000000000       0.41739999999999999     
   187.00000000000000        1.5173799612726802        0.0000000000000000        0.0000000000000000        4.4000000000000003E-003   3.5999999999999999E-003  0.58079999999999998       0.41120000000000001     
   188.00000000000000        1.5302164670222227        0.0000000000000000        0.0000000000000000        4.4000000000000003E-003   3.5999999999999999E-003  0.58079999999999998       0.41120000000000001     
   189.00000000000000        1.5467880234569078        0.0000000000000000        0.0000000000000000        4.4000000000000003E-003   3.5999999999999999E-003  0.57340000000000002       0.41860000000000003     
