#        BMIN =   406
#        BMAX =   411
#     INIBAND =   411
#      NBANDS =   540
#         NSW =  2000
#       POTIM =   1.0
#        TEMP = 300.0
#    NAMDTINI =   845
#    NAMDTIME =  1000
#       NTRAJ =  5000
#        NELM =  1000
#       LHOLE =     T
#        LSHP =     T
#      LCPTXT =     T
#      RUNDIR = ../../run/
   1.0000000000000000        1.8172538782782244        0.0000000000000000        0.0000000000000000        0.0000000000000000        0.0000000000000000        0.0000000000000000        1.0000000000000000     
   2.0000000000000000        1.7967012253164867        0.0000000000000000        0.0000000000000000        0.0000000000000000        0.0000000000000000        5.9999999999999995E-004  0.99939999999999996     
   3.0000000000000000        1.7731469720369755        0.0000000000000000        0.0000000000000000        0.0000000000000000        0.0000000000000000        0.0000000000000000        1.0000000000000000     
   4.0000000000000000        1.7464838511459941        0.0000000000000000        0.0000000000000000        0.0000000000000000        0.0000000000000000        0.0000000000000000        1.0000000000000000     
   5.0000000000000000        1.7180647466236367        0.0000000000000000        0.0000000000000000        0.0000000000000000        0.0000000000000000        8.0000000000000004E-004  0.99919999999999998     
   6.0000000000000000        1.6881618129393909        0.0000000000000000        0.0000000000000000        0.0000000000000000        0.0000000000000000        8.0000000000000004E-004  0.99919999999999998     
   7.0000000000000000        1.6566946391510997        0.0000000000000000        0.0000000000000000        0.0000000000000000        0.0000000000000000        1.1999999999999999E-003  0.99880000000000002     
   8.0000000000000000        1.6240200764121142        0.0000000000000000        0.0000000000000000        0.0000000000000000        2.1200000000000000E-002   0.0000000000000000       0.97880000000000000     
   9.0000000000000000        1.5956422603174722        0.0000000000000000        0.0000000000000000        0.0000000000000000        2.1200000000000000E-002   0.0000000000000000       0.97880000000000000     
   10.000000000000000        1.6085865363807528        0.0000000000000000        0.0000000000000000        0.0000000000000000        2.1200000000000000E-002   0.0000000000000000       0.97880000000000000     
   11.000000000000000        1.6200213360494502        0.0000000000000000        0.0000000000000000        0.0000000000000000        2.1000000000000001E-002   2.0000000000000001E-004  0.97880000000000000     
   12.000000000000000        1.6294740197993152        0.0000000000000000        0.0000000000000000        0.0000000000000000        2.1000000000000001E-002   2.0000000000000001E-004  0.97880000000000000     
   13.000000000000000        1.6364832173120087        0.0000000000000000        0.0000000000000000        0.0000000000000000        2.1000000000000001E-002   2.0000000000000001E-004  0.97880000000000000     
   14.000000000000000        1.6408763237618313        0.0000000000000000        0.0000000000000000        0.0000000000000000        2.1000000000000001E-002   2.0000000000000001E-004  0.97880000000000000     
   15.000000000000000        1.6423091170234905        0.0000000000000000        0.0000000000000000        0.0000000000000000        2.1000000000000001E-002   2.0000000000000001E-004  0.97880000000000000     
   16.000000000000000        1.6407029472626498        0.0000000000000000        0.0000000000000000        0.0000000000000000        2.0799999999999999E-002   4.0000000000000002E-004  0.97880000000000000     
   17.000000000000000        1.6360681297648099        0.0000000000000000        0.0000000000000000        0.0000000000000000        2.0199999999999999E-002   1.0000000000000000E-003  0.97880000000000000     
   18.000000000000000        1.6282964372367514        0.0000000000000000        0.0000000000000000        0.0000000000000000        2.0400000000000001E-002   8.0000000000000004E-004  0.97880000000000000     
   19.000000000000000        1.6179687545563315        0.0000000000000000        0.0000000000000000        0.0000000000000000        1.9400000000000001E-002   1.8000000000000000E-003  0.97880000000000000     
   20.000000000000000        1.6048662139111620        0.0000000000000000        0.0000000000000000        0.0000000000000000        1.9599999999999999E-002   1.6000000000000001E-003  0.97880000000000000     
   21.000000000000000        1.5895936114483922        0.0000000000000000        0.0000000000000000        0.0000000000000000        1.9400000000000001E-002   1.8000000000000000E-003  0.97880000000000000     
   22.000000000000000        1.5715377776237960        0.0000000000000000        0.0000000000000000        0.0000000000000000        2.3199999999999998E-002   1.7000000000000001E-002  0.95979999999999999     
   23.000000000000000        1.5575783037947855        0.0000000000000000        0.0000000000000000        0.0000000000000000        2.2200000000000001E-002   3.1800000000000002E-002  0.94599999999999995     
   24.000000000000000        1.5903942998972576        0.0000000000000000        0.0000000000000000        0.0000000000000000        2.2200000000000001E-002   4.2999999999999997E-002  0.93479999999999996     
   25.000000000000000        1.6250594590809182        0.0000000000000000        0.0000000000000000        0.0000000000000000        2.2200000000000001E-002   4.6199999999999998E-002  0.93159999999999998     
   26.000000000000000        1.6607985297022143        0.0000000000000000        0.0000000000000000        0.0000000000000000        2.2200000000000001E-002   3.4400000000000000E-002  0.94340000000000002     
   27.000000000000000        1.6960844351055662        0.0000000000000000        0.0000000000000000        0.0000000000000000        2.2200000000000001E-002   2.1399999999999999E-002  0.95640000000000003     
   28.000000000000000        1.7295262578886041        0.0000000000000000        0.0000000000000000        0.0000000000000000        2.2200000000000001E-002   1.7200000000000000E-002  0.96060000000000001     
   29.000000000000000        1.7607606140419905        0.0000000000000000        0.0000000000000000        0.0000000000000000        2.2200000000000001E-002   2.7799999999999998E-002  0.94999999999999996     
   30.000000000000000        1.7886887674219225        0.0000000000000000        0.0000000000000000        0.0000000000000000        2.2200000000000001E-002   1.4600000000000000E-002  0.96319999999999995     
   31.000000000000000        1.8135294796285071        0.0000000000000000        0.0000000000000000        0.0000000000000000        2.2200000000000001E-002   8.0000000000000002E-003  0.96980000000000000     
   32.000000000000000        1.8302372649171215        0.0000000000000000        0.0000000000000000        0.0000000000000000        2.2200000000000001E-002   1.4600000000000000E-002  0.96319999999999995     
   33.000000000000000        1.8440378126354970        0.0000000000000000        0.0000000000000000        0.0000000000000000        2.2200000000000001E-002   1.2600000000000000E-002  0.96519999999999995     
   34.000000000000000        1.8521845324373891        0.0000000000000000        0.0000000000000000        0.0000000000000000        2.2200000000000001E-002   1.2000000000000000E-002  0.96579999999999999     
   35.000000000000000        1.8532475995631157        0.0000000000000000        0.0000000000000000        0.0000000000000000        2.2200000000000001E-002   8.0000000000000002E-003  0.96980000000000000     
   36.000000000000000        1.8501493062509256        0.0000000000000000        0.0000000000000000        0.0000000000000000        2.2200000000000001E-002   7.7999999999999996E-003  0.96999999999999997     
   37.000000000000000        1.8403396024892624        0.0000000000000000        0.0000000000000000        0.0000000000000000        2.2200000000000001E-002   7.7999999999999996E-003  0.96999999999999997     
   38.000000000000000        1.8246205881408959        0.0000000000000000        0.0000000000000000        0.0000000000000000        2.2200000000000001E-002   8.9999999999999993E-003  0.96879999999999999     
   39.000000000000000        1.8041706507464859        0.0000000000000000        0.0000000000000000        0.0000000000000000        2.2200000000000001E-002   8.2000000000000007E-003  0.96960000000000002     
   40.000000000000000        1.7793024218673530        0.0000000000000000        0.0000000000000000        0.0000000000000000        2.2200000000000001E-002   7.7999999999999996E-003  0.96999999999999997     
   41.000000000000000        1.7501564980676492        0.0000000000000000        0.0000000000000000        0.0000000000000000        2.2200000000000001E-002   8.3999999999999995E-003  0.96940000000000004     
   42.000000000000000        1.7183643845611443        0.0000000000000000        0.0000000000000000        0.0000000000000000        2.2200000000000001E-002   8.3999999999999995E-003  0.96940000000000004     
   43.000000000000000        1.6846889949260353        0.0000000000000000        0.0000000000000000        0.0000000000000000        2.2200000000000001E-002   7.6000000000000000E-003  0.97019999999999995     
   44.000000000000000        1.6492297949922143        0.0000000000000000        0.0000000000000000        0.0000000000000000        2.2200000000000001E-002   7.6000000000000000E-003  0.97019999999999995     
   45.000000000000000        1.6154748464457238        0.0000000000000000        0.0000000000000000        0.0000000000000000        2.2200000000000001E-002   9.4000000000000004E-003  0.96840000000000004     
   46.000000000000000        1.5824609496987823        0.0000000000000000        0.0000000000000000        0.0000000000000000        2.2200000000000001E-002   8.3999999999999995E-003  0.96940000000000004     
   47.000000000000000        1.5452774001417013        0.0000000000000000        0.0000000000000000        0.0000000000000000        2.2200000000000001E-002   8.6000000000000000E-003  0.96919999999999995     
   48.000000000000000        1.5245804999345332        0.0000000000000000        0.0000000000000000        0.0000000000000000        1.9800000000000002E-002   8.1799999999999998E-002  0.89839999999999998     
   49.000000000000000        1.4903781810747834        0.0000000000000000        0.0000000000000000        0.0000000000000000        2.0000000000000000E-002   8.1600000000000006E-002  0.89839999999999998     
   50.000000000000000        1.4823676927528859        0.0000000000000000        0.0000000000000000        0.0000000000000000        2.0199999999999999E-002   8.1600000000000006E-002  0.89820000000000000     
   51.000000000000000        1.4905762724980551        0.0000000000000000        0.0000000000000000        0.0000000000000000        2.0400000000000001E-002   8.1400000000000000E-002  0.89820000000000000     
   52.000000000000000        1.5037917917079606        0.0000000000000000        0.0000000000000000        0.0000000000000000        1.9199999999999998E-002   8.2600000000000007E-002  0.89820000000000000     
   53.000000000000000        1.5099468037691912        0.0000000000000000        0.0000000000000000        0.0000000000000000        4.9200000000000001E-002   6.5000000000000002E-002  0.88580000000000003     
   54.000000000000000        1.5102636418704818        0.0000000000000000        0.0000000000000000        0.0000000000000000        0.0000000000000000       0.26960000000000001       0.73040000000000005     
   55.000000000000000        1.5091991755993204        0.0000000000000000        0.0000000000000000        0.0000000000000000        0.0000000000000000        1.8800000000000001E-002  0.98119999999999996     
   56.000000000000000        1.6164836176894724        0.0000000000000000        0.0000000000000000        0.0000000000000000        0.0000000000000000        1.2400000000000000E-002  0.98760000000000003     
   57.000000000000000        1.5280511753377908        0.0000000000000000        0.0000000000000000        0.0000000000000000        0.0000000000000000        1.2400000000000000E-002  0.98760000000000003     
   58.000000000000000        1.5282180803992207        0.0000000000000000        0.0000000000000000        0.0000000000000000        0.0000000000000000        1.2400000000000000E-002  0.98760000000000003     
   59.000000000000000        1.5055734322261007        0.0000000000000000        0.0000000000000000        0.0000000000000000       0.10240000000000000       0.23960000000000001       0.65800000000000003     
   60.000000000000000        1.5266158401661118        0.0000000000000000        0.0000000000000000        0.0000000000000000       0.13180000000000000       0.23060000000000000       0.63759999999999994     
   61.000000000000000        1.5539314785580849        0.0000000000000000        0.0000000000000000        0.0000000000000000        5.2999999999999999E-002  0.23019999999999999       0.71679999999999999     
   62.000000000000000        1.5631983776338678        0.0000000000000000        0.0000000000000000        0.0000000000000000        5.2999999999999999E-002  0.22839999999999999       0.71860000000000002     
   63.000000000000000        1.5871050218494445        0.0000000000000000        0.0000000000000000        0.0000000000000000        5.2999999999999999E-002  0.22720000000000001       0.71980000000000000     
   64.000000000000000        1.6242789137046461        0.0000000000000000        0.0000000000000000        0.0000000000000000        5.2999999999999999E-002  0.22739999999999999       0.71960000000000002     
   65.000000000000000        1.7900389676688482        0.0000000000000000        0.0000000000000000        0.0000000000000000        5.2999999999999999E-002  0.22680000000000000       0.72019999999999995     
   66.000000000000000        1.6580429758825479        0.0000000000000000        0.0000000000000000        0.0000000000000000        1.2400000000000000E-002  0.25119999999999998       0.73640000000000005     
   67.000000000000000        1.9691909262853273        0.0000000000000000        0.0000000000000000        0.0000000000000000       0.12320000000000000       0.13159999999999999       0.74519999999999997     
   68.000000000000000        1.6761515918711896        0.0000000000000000        0.0000000000000000        0.0000000000000000       0.12320000000000000       0.12800000000000000       0.74880000000000002     
   69.000000000000000        1.6875805482442070        0.0000000000000000        0.0000000000000000        0.0000000000000000       0.12320000000000000       0.12759999999999999       0.74919999999999998     
   70.000000000000000        1.6970894556839302        0.0000000000000000        0.0000000000000000        0.0000000000000000       0.12320000000000000       0.12479999999999999       0.75200000000000000     
   71.000000000000000        1.7058923399601433        0.0000000000000000        0.0000000000000000        0.0000000000000000       0.12320000000000000       0.12520000000000001       0.75160000000000005     
   72.000000000000000        1.7122013375870191        0.0000000000000000        0.0000000000000000        0.0000000000000000       0.12320000000000000       0.12479999999999999       0.75200000000000000     
   73.000000000000000        1.7160826117751040        0.0000000000000000        0.0000000000000000        0.0000000000000000       0.12320000000000000       0.12440000000000000       0.75239999999999996     
   74.000000000000000        1.7184782913252468        0.0000000000000000        0.0000000000000000        0.0000000000000000       0.12320000000000000       0.12180000000000001       0.75500000000000000     
   75.000000000000000        1.7185354422541890        0.0000000000000000        0.0000000000000000        0.0000000000000000       0.12320000000000000       0.12759999999999999       0.74919999999999998     
   76.000000000000000        1.7162261716675071        0.0000000000000000        0.0000000000000000        0.0000000000000000       0.12320000000000000       0.13280000000000000       0.74399999999999999     
   77.000000000000000        1.7131868388360056        0.0000000000000000        0.0000000000000000        0.0000000000000000       0.12320000000000000       0.13880000000000001       0.73799999999999999     
   78.000000000000000        1.7099337930556966        0.0000000000000000        0.0000000000000000        0.0000000000000000       0.12320000000000000       0.13660000000000000       0.74019999999999997     
   79.000000000000000        1.7060692641800421        0.0000000000000000        0.0000000000000000        0.0000000000000000       0.12320000000000000       0.11940000000000001       0.75739999999999996     
   80.000000000000000        1.7029384845533164        0.0000000000000000        0.0000000000000000        0.0000000000000000       0.12320000000000000        8.6999999999999994E-002  0.78979999999999995     
   81.000000000000000        1.7000736256379723        0.0000000000000000        0.0000000000000000        0.0000000000000000       0.12320000000000000        8.7599999999999997E-002  0.78920000000000001     
   82.000000000000000        1.6982617050684152        0.0000000000000000        0.0000000000000000        0.0000000000000000       0.12320000000000000        8.4599999999999995E-002  0.79220000000000002     
   83.000000000000000        1.6982146115675358        0.0000000000000000        0.0000000000000000        0.0000000000000000       0.12320000000000000       0.10280000000000000       0.77400000000000002     
   84.000000000000000        1.6997435331106394        0.0000000000000000        0.0000000000000000        0.0000000000000000       0.12320000000000000       0.20160000000000000       0.67520000000000002     
   85.000000000000000        1.7032573454449333        0.0000000000000000        0.0000000000000000        0.0000000000000000       0.12320000000000000       0.24959999999999999       0.62719999999999998     
   86.000000000000000        1.7083053367054413        0.0000000000000000        0.0000000000000000        0.0000000000000000       0.12320000000000000       0.28599999999999998       0.59079999999999999     
   87.000000000000000        1.7151397252094795        0.0000000000000000        0.0000000000000000        0.0000000000000000       0.12320000000000000       0.27660000000000001       0.60019999999999996     
   88.000000000000000        1.7233606463957125        0.0000000000000000        0.0000000000000000        0.0000000000000000       0.12320000000000000       0.26819999999999999       0.60860000000000003     
   89.000000000000000        1.7324469796389468        0.0000000000000000        0.0000000000000000        0.0000000000000000       0.12320000000000000       0.26679999999999998       0.60999999999999999     
   90.000000000000000        1.7422218133922880        0.0000000000000000        0.0000000000000000        0.0000000000000000       0.12320000000000000       0.26960000000000001       0.60719999999999996     
   91.000000000000000        1.7511470231059039        0.0000000000000000        0.0000000000000000        0.0000000000000000       0.12320000000000000       0.26960000000000001       0.60719999999999996     
   92.000000000000000        1.7606956107937761        0.0000000000000000        0.0000000000000000        0.0000000000000000       0.12320000000000000       0.27079999999999999       0.60599999999999998     
   93.000000000000000        1.7681144641182764        0.0000000000000000        0.0000000000000000        0.0000000000000000       0.12320000000000000       0.27120000000000000       0.60560000000000003     
   94.000000000000000        1.7742244894641250        0.0000000000000000        0.0000000000000000        0.0000000000000000       0.12320000000000000       0.27139999999999997       0.60540000000000005     
   95.000000000000000        1.7791782394609963        0.0000000000000000        0.0000000000000000        0.0000000000000000       0.12320000000000000       0.27139999999999997       0.60540000000000005     
   96.000000000000000        1.7794850227163270        0.0000000000000000        0.0000000000000000        0.0000000000000000       0.12320000000000000       0.27120000000000000       0.60560000000000003     
   97.000000000000000        1.7787925306842418        0.0000000000000000        0.0000000000000000        0.0000000000000000       0.12320000000000000       0.27100000000000002       0.60580000000000001     
   98.000000000000000        1.7743999902983161        0.0000000000000000        0.0000000000000000        0.0000000000000000       0.12320000000000000       0.27100000000000002       0.60580000000000001     
   99.000000000000000        1.7663833455889582        0.0000000000000000        0.0000000000000000        0.0000000000000000       0.12320000000000000       0.27100000000000002       0.60580000000000001     
   100.00000000000000        1.7560392312110256        0.0000000000000000        0.0000000000000000        0.0000000000000000       0.12320000000000000       0.27100000000000002       0.60580000000000001     
   101.00000000000000        1.7431689717684264        0.0000000000000000        0.0000000000000000        0.0000000000000000       0.12320000000000000       0.26979999999999998       0.60699999999999998     
   102.00000000000000        1.7273757396546814        0.0000000000000000        0.0000000000000000        0.0000000000000000       0.12320000000000000       0.26979999999999998       0.60699999999999998     
   103.00000000000000        1.7093680202925201        0.0000000000000000        0.0000000000000000        0.0000000000000000       0.12320000000000000       0.26979999999999998       0.60699999999999998     
   104.00000000000000        1.6899766638495177        0.0000000000000000        0.0000000000000000        0.0000000000000000       0.12320000000000000       0.26800000000000002       0.60880000000000001     
   105.00000000000000        1.6694160565669542        0.0000000000000000        0.0000000000000000        0.0000000000000000       0.12320000000000000       0.26679999999999998       0.60999999999999999     
   106.00000000000000        1.6487076778369603        0.0000000000000000        0.0000000000000000        0.0000000000000000       0.12320000000000000       0.26740000000000003       0.60940000000000005     
   107.00000000000000        1.6269989447771778        0.0000000000000000        0.0000000000000000        0.0000000000000000       0.12320000000000000       0.26800000000000002       0.60880000000000001     
   108.00000000000000        1.6045205948113064        0.0000000000000000        0.0000000000000000        0.0000000000000000       0.12320000000000000       0.26740000000000003       0.60940000000000005     
   109.00000000000000        1.5801193941804423        0.0000000000000000        0.0000000000000000        0.0000000000000000       0.32440000000000002        0.0000000000000000       0.67559999999999998     
   110.00000000000000        1.5706821379280380        0.0000000000000000        0.0000000000000000        0.0000000000000000       0.32440000000000002        0.0000000000000000       0.67559999999999998     
   111.00000000000000        1.5778886796329488        0.0000000000000000        0.0000000000000000        0.0000000000000000       0.32440000000000002        0.0000000000000000       0.67559999999999998     
   112.00000000000000        1.5847316351632337        0.0000000000000000        0.0000000000000000        0.0000000000000000       0.32440000000000002        0.0000000000000000       0.67559999999999998     
   113.00000000000000        1.5913767204806053        0.0000000000000000        0.0000000000000000        0.0000000000000000       0.32440000000000002        0.0000000000000000       0.67559999999999998     
   114.00000000000000        1.5970953070282841        0.0000000000000000        0.0000000000000000        0.0000000000000000       0.32440000000000002        0.0000000000000000       0.67559999999999998     
   115.00000000000000        1.6013681665092383        0.0000000000000000        0.0000000000000000        0.0000000000000000       0.32440000000000002        0.0000000000000000       0.67559999999999998     
   116.00000000000000        1.6094322506320835        0.0000000000000000        0.0000000000000000        0.0000000000000000       0.32440000000000002        0.0000000000000000       0.67559999999999998     
   117.00000000000000        1.6118896425691076        0.0000000000000000        0.0000000000000000        0.0000000000000000       0.32060000000000000        3.8000000000000000E-003  0.67559999999999998     
   118.00000000000000        1.6134526236846094        0.0000000000000000        0.0000000000000000        0.0000000000000000       0.31740000000000002        7.0000000000000001E-003  0.67559999999999998     
   119.00000000000000        1.6165738051452099        0.0000000000000000        0.0000000000000000        0.0000000000000000       0.31800000000000000        6.4000000000000003E-003  0.67559999999999998     
   120.00000000000000        1.6190344353207649        0.0000000000000000        0.0000000000000000        0.0000000000000000       0.31800000000000000        6.4000000000000003E-003  0.67559999999999998     
   121.00000000000000        1.6176910373266544        0.0000000000000000        0.0000000000000000        0.0000000000000000       0.31800000000000000        6.4000000000000003E-003  0.67559999999999998     
   122.00000000000000        1.6190211604713920        0.0000000000000000        0.0000000000000000        0.0000000000000000       0.31800000000000000        6.4000000000000003E-003  0.67559999999999998     
   123.00000000000000        1.6208365116124819        0.0000000000000000        0.0000000000000000        0.0000000000000000        7.3400000000000007E-002  0.23660000000000000       0.68999999999999995     
   124.00000000000000        1.6412101287801915        0.0000000000000000        0.0000000000000000        0.0000000000000000        7.3400000000000007E-002  0.23899999999999999       0.68759999999999999     
   125.00000000000000        1.6736433177141339        0.0000000000000000        0.0000000000000000        0.0000000000000000        7.3400000000000007E-002  0.23899999999999999       0.68759999999999999     
   126.00000000000000        1.7067946015473956        0.0000000000000000        0.0000000000000000        0.0000000000000000        7.3400000000000007E-002  0.23860000000000001       0.68799999999999994     
   127.00000000000000        1.7394267165425963        0.0000000000000000        0.0000000000000000        0.0000000000000000        7.3400000000000007E-002  0.23920000000000000       0.68740000000000001     
   128.00000000000000        1.7706316694609041        0.0000000000000000        0.0000000000000000        0.0000000000000000        7.3400000000000007E-002  0.24240000000000000       0.68420000000000003     
   129.00000000000000        1.7991052622608694        0.0000000000000000        0.0000000000000000        0.0000000000000000        7.3400000000000007E-002  0.24240000000000000       0.68420000000000003     
   130.00000000000000        1.8243233472634737        0.0000000000000000        0.0000000000000000        0.0000000000000000        7.3400000000000007E-002  0.24700000000000000       0.67959999999999998     
   131.00000000000000        1.8461119586597503        0.0000000000000000        0.0000000000000000        0.0000000000000000        7.3400000000000007E-002  0.24920000000000000       0.67740000000000000     
   132.00000000000000        1.8633123713012791        0.0000000000000000        0.0000000000000000        0.0000000000000000        7.3400000000000007E-002  0.25640000000000002       0.67020000000000002     
   133.00000000000000        1.8749737360020082        0.0000000000000000        0.0000000000000000        0.0000000000000000        7.3400000000000007E-002  0.26600000000000001       0.66059999999999997     
   134.00000000000000        1.8813802633101027        0.0000000000000000        0.0000000000000000        0.0000000000000000        7.3400000000000007E-002  0.26540000000000002       0.66120000000000001     
   135.00000000000000        1.8828145979970947        0.0000000000000000        0.0000000000000000        0.0000000000000000        7.3400000000000007E-002  0.26479999999999998       0.66180000000000005     
   136.00000000000000        1.8764656860301767        0.0000000000000000        0.0000000000000000        0.0000000000000000        7.3400000000000007E-002  0.26719999999999999       0.65939999999999999     
   137.00000000000000        1.8661825892077395        0.0000000000000000        0.0000000000000000        0.0000000000000000        7.3400000000000007E-002  0.27639999999999998       0.65020000000000000     
   138.00000000000000        1.8507121169094853        0.0000000000000000        0.0000000000000000        0.0000000000000000        7.3400000000000007E-002  0.26600000000000001       0.66059999999999997     
   139.00000000000000        1.8296392036068527        0.0000000000000000        0.0000000000000000        0.0000000000000000        7.3400000000000007E-002  0.26879999999999998       0.65780000000000005     
   140.00000000000000        1.8041565678008340        0.0000000000000000        0.0000000000000000        0.0000000000000000        7.3400000000000007E-002  0.27039999999999997       0.65620000000000001     
   141.00000000000000        1.7737326264705962        0.0000000000000000        0.0000000000000000        0.0000000000000000        7.3400000000000007E-002  0.27039999999999997       0.65620000000000001     
   142.00000000000000        1.7413634361359025        0.0000000000000000        0.0000000000000000        0.0000000000000000        7.3400000000000007E-002  0.25940000000000002       0.66720000000000002     
   143.00000000000000        1.7057889543595568        0.0000000000000000        0.0000000000000000        0.0000000000000000        7.3400000000000007E-002  0.26960000000000001       0.65700000000000003     
   144.00000000000000        1.6688405424945221        0.0000000000000000        0.0000000000000000        0.0000000000000000        7.3400000000000007E-002  0.26879999999999998       0.65780000000000005     
   145.00000000000000        1.6319929272531186        0.0000000000000000        0.0000000000000000        0.0000000000000000        7.3400000000000007E-002  0.29060000000000002       0.63600000000000001     
   146.00000000000000        1.5944497332218623        0.0000000000000000        0.0000000000000000        0.0000000000000000        7.3400000000000007E-002  0.28999999999999998       0.63660000000000005     
   147.00000000000000        1.5589342354945772        0.0000000000000000        0.0000000000000000        0.0000000000000000        7.3400000000000007E-002  0.28720000000000001       0.63939999999999997     
   148.00000000000000        1.5253745002800969        0.0000000000000000        0.0000000000000000        0.0000000000000000        7.3400000000000007E-002  0.28699999999999998       0.63959999999999995     
   149.00000000000000        1.4951489267963700        0.0000000000000000        0.0000000000000000        0.0000000000000000        7.3400000000000007E-002  0.28339999999999999       0.64319999999999999     
   150.00000000000000        1.4684873788844612        0.0000000000000000        0.0000000000000000        0.0000000000000000        7.3400000000000007E-002  0.28339999999999999       0.64319999999999999     
   151.00000000000000        1.4472392533022185        0.0000000000000000        0.0000000000000000        0.0000000000000000        7.3400000000000007E-002  0.28380000000000000       0.64280000000000004     
   152.00000000000000        1.4257653826428185        0.0000000000000000        0.0000000000000000        0.0000000000000000        7.3400000000000007E-002  0.26719999999999999       0.65939999999999999     
   153.00000000000000        1.4194612321247846        0.0000000000000000        0.0000000000000000        0.0000000000000000        7.3400000000000007E-002  0.26700000000000002       0.65959999999999996     
   154.00000000000000        1.4481339977927354        0.0000000000000000        0.0000000000000000        0.0000000000000000        0.0000000000000000       0.58460000000000001       0.41539999999999999     
   155.00000000000000        1.3942660553104218        0.0000000000000000        0.0000000000000000        0.0000000000000000       0.12340000000000000       0.43619999999999998       0.44040000000000001     
   156.00000000000000        1.4087225713659415        0.0000000000000000        0.0000000000000000        0.0000000000000000       0.21940000000000001       0.33339999999999997       0.44719999999999999     
   157.00000000000000        1.3920623608915998        0.0000000000000000        0.0000000000000000        0.0000000000000000       0.24120000000000000       0.17580000000000001       0.58299999999999996     
   158.00000000000000        1.4236248487380925        0.0000000000000000        0.0000000000000000        0.0000000000000000       0.24120000000000000       0.14699999999999999       0.61180000000000001     
   159.00000000000000        1.4436934833721931        0.0000000000000000        0.0000000000000000        0.0000000000000000       0.24120000000000000       0.11420000000000000       0.64459999999999995     
   160.00000000000000        1.4602175589805184        0.0000000000000000        0.0000000000000000        0.0000000000000000       0.24120000000000000       0.11580000000000000       0.64300000000000002     
   161.00000000000000        1.4791750234328773        0.0000000000000000        0.0000000000000000        0.0000000000000000       0.24120000000000000       0.11459999999999999       0.64419999999999999     
   162.00000000000000        1.4985957784366408        0.0000000000000000        0.0000000000000000        0.0000000000000000       0.24120000000000000       0.11620000000000000       0.64259999999999995     
   163.00000000000000        1.5186144650503621        0.0000000000000000        0.0000000000000000        0.0000000000000000       0.24120000000000000       0.11620000000000000       0.64259999999999995     
   164.00000000000000        1.5386429426835317        0.0000000000000000        0.0000000000000000        0.0000000000000000       0.24120000000000000       0.10560000000000000       0.65320000000000000     
   165.00000000000000        1.5578261651151522        0.0000000000000000        0.0000000000000000        0.0000000000000000       0.24120000000000000       0.10680000000000001       0.65200000000000002     
   166.00000000000000        1.5758851918990928        0.0000000000000000        0.0000000000000000        0.0000000000000000       0.24120000000000000       0.11100000000000000       0.64780000000000004     
   167.00000000000000        1.5944275269303689        0.0000000000000000        0.0000000000000000        0.0000000000000000       0.24120000000000000       0.11280000000000000       0.64600000000000002     
   168.00000000000000        1.6091267888527803        0.0000000000000000        0.0000000000000000        0.0000000000000000       0.24120000000000000       0.11620000000000000       0.64259999999999995     
   169.00000000000000        1.6215093344167359        0.0000000000000000        0.0000000000000000        0.0000000000000000       0.24120000000000000       0.11720000000000000       0.64159999999999995     
   170.00000000000000        1.6330835759138860        0.0000000000000000        0.0000000000000000        0.0000000000000000       0.24120000000000000       0.11380000000000000       0.64500000000000002     
   171.00000000000000        1.6424452174280009        0.0000000000000000        0.0000000000000000        0.0000000000000000       0.24120000000000000       0.11380000000000000       0.64500000000000002     
   172.00000000000000        1.6499512685849715        0.0000000000000000        0.0000000000000000        0.0000000000000000       0.24120000000000000       0.10740000000000000       0.65139999999999998     
   173.00000000000000        1.6554486833542441        0.0000000000000000        0.0000000000000000        0.0000000000000000       0.24120000000000000       0.10820000000000000       0.65059999999999996     
   174.00000000000000        1.6587332687474721        0.0000000000000000        0.0000000000000000        0.0000000000000000       0.24120000000000000       0.10900000000000000       0.64980000000000004     
   175.00000000000000        1.6605899120901373        0.0000000000000000        0.0000000000000000        0.0000000000000000       0.24120000000000000       0.10700000000000000       0.65180000000000005     
   176.00000000000000        1.6609696257309783        0.0000000000000000        0.0000000000000000        0.0000000000000000       0.24120000000000000       0.10700000000000000       0.65180000000000005     
   177.00000000000000        1.6600446619991851        0.0000000000000000        0.0000000000000000        0.0000000000000000       0.24120000000000000       0.10760000000000000       0.65120000000000000     
   178.00000000000000        1.6582425575649109        0.0000000000000000        0.0000000000000000        0.0000000000000000       0.24120000000000000       0.10720000000000000       0.65159999999999996     
   179.00000000000000        1.6561025422265816        0.0000000000000000        0.0000000000000000        0.0000000000000000       0.24120000000000000       0.10480000000000000       0.65400000000000003     
   180.00000000000000        1.6534892575433990        0.0000000000000000        0.0000000000000000        0.0000000000000000       0.24120000000000000       0.10480000000000000       0.65400000000000003     
   181.00000000000000        1.6511206771821882        0.0000000000000000        0.0000000000000000        0.0000000000000000       0.24120000000000000       0.10420000000000000       0.65459999999999996     
   182.00000000000000        1.6493263822439399        0.0000000000000000        0.0000000000000000        0.0000000000000000       0.24120000000000000       0.10420000000000000       0.65459999999999996     
   183.00000000000000        1.6482221500587211        0.0000000000000000        0.0000000000000000        0.0000000000000000       0.24120000000000000       0.10460000000000000       0.65420000000000000     
   184.00000000000000        1.6493046881482676        0.0000000000000000        0.0000000000000000        0.0000000000000000       0.24120000000000000       0.10440000000000001       0.65439999999999998     
   185.00000000000000        1.6490476026074097        0.0000000000000000        0.0000000000000000        0.0000000000000000       0.24120000000000000       0.10440000000000001       0.65439999999999998     
   186.00000000000000        1.6512221818579866        0.0000000000000000        0.0000000000000000        0.0000000000000000       0.24120000000000000       0.10260000000000000       0.65620000000000001     
   187.00000000000000        1.6544218864856419        0.0000000000000000        0.0000000000000000        0.0000000000000000       0.24120000000000000       0.10260000000000000       0.65620000000000001     
   188.00000000000000        1.6589337119828773        0.0000000000000000        0.0000000000000000        0.0000000000000000       0.24120000000000000       0.10299999999999999       0.65580000000000005     
   189.00000000000000        1.6642630818890405        0.0000000000000000        0.0000000000000000        0.0000000000000000       0.24120000000000000       0.10320000000000000       0.65559999999999996     
