#        BMIN =   406
#        BMAX =   411
#     INIBAND =   409
#      NBANDS =   540
#         NSW =  2000
#       POTIM =   1.0
#        TEMP = 300.0
#    NAMDTINI =   986
#    NAMDTIME =  1000
#       NTRAJ =  5000
#        NELM =  1000
#       LHOLE =     T
#        LSHP =     T
#      LCPTXT =     T
#      RUNDIR = ../../run/
   1.0000000000000000        1.3453253390564957        0.0000000000000000        0.0000000000000000        0.0000000000000000        1.0000000000000000        0.0000000000000000        0.0000000000000000     
   2.0000000000000000        1.3421361153297087        0.0000000000000000        0.0000000000000000        0.0000000000000000        1.0000000000000000        0.0000000000000000        0.0000000000000000     
   3.0000000000000000        1.3398405801246194        0.0000000000000000        0.0000000000000000        0.0000000000000000        1.0000000000000000        0.0000000000000000        0.0000000000000000     
   4.0000000000000000        1.3369771467417264        0.0000000000000000        0.0000000000000000        0.0000000000000000        1.0000000000000000        0.0000000000000000        0.0000000000000000     
   5.0000000000000000        1.3370175210966875        0.0000000000000000        0.0000000000000000        0.0000000000000000        1.0000000000000000        0.0000000000000000        0.0000000000000000     
   6.0000000000000000        1.3371044153469711        0.0000000000000000        0.0000000000000000        0.0000000000000000        1.0000000000000000        0.0000000000000000        0.0000000000000000     
   7.0000000000000000        1.3382991214065645        0.0000000000000000        0.0000000000000000        0.0000000000000000        1.0000000000000000        0.0000000000000000        0.0000000000000000     
   8.0000000000000000        1.3407239851500174        0.0000000000000000        0.0000000000000000        0.0000000000000000        1.0000000000000000        0.0000000000000000        0.0000000000000000     
   9.0000000000000000        1.3448245960156293        0.0000000000000000        0.0000000000000000        0.0000000000000000        1.0000000000000000        0.0000000000000000        0.0000000000000000     
   10.000000000000000        1.3473513087042277        0.0000000000000000        0.0000000000000000        0.0000000000000000        1.0000000000000000        0.0000000000000000        0.0000000000000000     
   11.000000000000000        1.3585719660538005        0.0000000000000000        0.0000000000000000        0.0000000000000000        1.0000000000000000        0.0000000000000000        0.0000000000000000     
   12.000000000000000        1.3567696420332704        0.0000000000000000        0.0000000000000000        0.0000000000000000        1.0000000000000000        0.0000000000000000        0.0000000000000000     
   13.000000000000000        1.3736999046582967        0.0000000000000000        0.0000000000000000        0.0000000000000000       0.59640000000000004       0.21879999999999999       0.18479999999999999     
   14.000000000000000        1.3871975582569682        0.0000000000000000        0.0000000000000000        0.0000000000000000       0.71140000000000003        0.0000000000000000       0.28860000000000002     
   15.000000000000000        1.3876240643539983        0.0000000000000000        0.0000000000000000        0.0000000000000000       0.74299999999999999        8.2600000000000007E-002  0.17440000000000000     
   16.000000000000000        1.2617355455533721        0.0000000000000000        0.0000000000000000        0.0000000000000000       0.52520000000000000       0.28520000000000001       0.18959999999999999     
   17.000000000000000        1.4149550656695407        0.0000000000000000        0.0000000000000000        0.0000000000000000       0.52520000000000000       0.27739999999999998       0.19739999999999999     
   18.000000000000000        1.4246392112295179        0.0000000000000000        0.0000000000000000        0.0000000000000000       0.52520000000000000       0.26740000000000003       0.20740000000000000     
   19.000000000000000        1.4374122011732089        0.0000000000000000        0.0000000000000000        0.0000000000000000       0.52520000000000000       0.27179999999999999       0.20300000000000001     
   20.000000000000000        1.4506616525818288        0.0000000000000000        0.0000000000000000        0.0000000000000000       0.52520000000000000       0.27079999999999999       0.20399999999999999     
   21.000000000000000        1.4641294954304025        0.0000000000000000        0.0000000000000000        0.0000000000000000       0.52520000000000000       0.27660000000000001       0.19819999999999999     
   22.000000000000000        1.4775830411961786        0.0000000000000000        0.0000000000000000        0.0000000000000000       0.52520000000000000       0.27679999999999999       0.19800000000000001     
   23.000000000000000        1.4907709894919057        0.0000000000000000        0.0000000000000000        0.0000000000000000       0.52520000000000000       0.27200000000000002       0.20280000000000001     
   24.000000000000000        1.5030628025120754        0.0000000000000000        0.0000000000000000        0.0000000000000000       0.52520000000000000       0.27820000000000000       0.19660000000000000     
   25.000000000000000        1.5145461471456398        0.0000000000000000        0.0000000000000000        0.0000000000000000       0.52520000000000000       0.28960000000000002       0.18520000000000000     
   26.000000000000000        1.5249481816806436        0.0000000000000000        0.0000000000000000        0.0000000000000000       0.52520000000000000       0.29380000000000001       0.18099999999999999     
   27.000000000000000        1.5342429971958085        0.0000000000000000        0.0000000000000000        0.0000000000000000       0.52520000000000000       0.29880000000000001       0.17599999999999999     
   28.000000000000000        1.5428412959522235        0.0000000000000000        0.0000000000000000        0.0000000000000000       0.52520000000000000       0.29999999999999999       0.17480000000000001     
   29.000000000000000        1.5502643569426025        0.0000000000000000        0.0000000000000000        0.0000000000000000       0.52520000000000000       0.29880000000000001       0.17599999999999999     
   30.000000000000000        1.5563256408126191        0.0000000000000000        0.0000000000000000        0.0000000000000000       0.52520000000000000       0.29859999999999998       0.17620000000000000     
   31.000000000000000        1.5615495308191223        0.0000000000000000        0.0000000000000000        0.0000000000000000       0.52520000000000000       0.29640000000000000       0.17840000000000000     
   32.000000000000000        1.5656571063900702        0.0000000000000000        0.0000000000000000        0.0000000000000000       0.52520000000000000       0.29740000000000000       0.17740000000000000     
   33.000000000000000        1.5687953832329535        0.0000000000000000        0.0000000000000000        0.0000000000000000       0.52520000000000000       0.29780000000000001       0.17699999999999999     
   34.000000000000000        1.5708661288922301        0.0000000000000000        0.0000000000000000        0.0000000000000000       0.52520000000000000       0.29659999999999997       0.17820000000000000     
   35.000000000000000        1.5723932443309374        0.0000000000000000        0.0000000000000000        0.0000000000000000       0.52520000000000000       0.29659999999999997       0.17820000000000000     
   36.000000000000000        1.5731330934030521        0.0000000000000000        0.0000000000000000        0.0000000000000000       0.52520000000000000       0.29759999999999998       0.17720000000000000     
   37.000000000000000        1.5734785509717679        0.0000000000000000        0.0000000000000000        0.0000000000000000       0.52520000000000000       0.29759999999999998       0.17720000000000000     
   38.000000000000000        1.5734315670327137        0.0000000000000000        0.0000000000000000        0.0000000000000000       0.52520000000000000       0.29580000000000001       0.17899999999999999     
   39.000000000000000        1.5732238380765207        0.0000000000000000        0.0000000000000000        0.0000000000000000       0.52520000000000000       0.29580000000000001       0.17899999999999999     
   40.000000000000000        1.5729308707928205        0.0000000000000000        0.0000000000000000        0.0000000000000000       0.52520000000000000       0.29520000000000002       0.17960000000000001     
   41.000000000000000        1.5726068723533626        0.0000000000000000        0.0000000000000000        0.0000000000000000       0.52520000000000000       0.29520000000000002       0.17960000000000001     
   42.000000000000000        1.5725054287490798        0.0000000000000000        0.0000000000000000        0.0000000000000000       0.52520000000000000       0.29740000000000000       0.17740000000000000     
   43.000000000000000        1.5725971985475584        0.0000000000000000        0.0000000000000000        0.0000000000000000       0.52520000000000000       0.29720000000000002       0.17760000000000001     
   44.000000000000000        1.5733286588461166        0.0000000000000000        0.0000000000000000        0.0000000000000000       0.52520000000000000       0.29799999999999999       0.17680000000000001     
   45.000000000000000        1.5742562844380730        0.0000000000000000        0.0000000000000000        0.0000000000000000       0.52520000000000000       0.29659999999999997       0.17820000000000000     
   46.000000000000000        1.5755536658787512        0.0000000000000000        0.0000000000000000        0.0000000000000000       0.52520000000000000       0.29780000000000001       0.17699999999999999     
   47.000000000000000        1.5770938678208848        0.0000000000000000        0.0000000000000000        0.0000000000000000       0.52520000000000000       0.29840000000000000       0.17640000000000000     
   48.000000000000000        1.5787658465397791        0.0000000000000000        0.0000000000000000        0.0000000000000000       0.52520000000000000       0.29859999999999998       0.17620000000000000     
   49.000000000000000        1.5803732265784389        0.0000000000000000        0.0000000000000000        0.0000000000000000       0.52520000000000000       0.29740000000000000       0.17740000000000000     
   50.000000000000000        1.5817409831481140        0.0000000000000000        0.0000000000000000        0.0000000000000000       0.52520000000000000       0.29859999999999998       0.17620000000000000     
   51.000000000000000        1.5828257418472034        0.0000000000000000        0.0000000000000000        0.0000000000000000       0.52520000000000000       0.29859999999999998       0.17620000000000000     
   52.000000000000000        1.5830987682213329        0.0000000000000000        0.0000000000000000        0.0000000000000000       0.52520000000000000       0.29859999999999998       0.17620000000000000     
   53.000000000000000        1.5826332423215437        0.0000000000000000        0.0000000000000000        0.0000000000000000       0.52520000000000000       0.29859999999999998       0.17620000000000000     
   54.000000000000000        1.5805721915772240        0.0000000000000000        0.0000000000000000        0.0000000000000000       0.52520000000000000       0.29859999999999998       0.17620000000000000     
   55.000000000000000        1.5776450994751332        0.0000000000000000        0.0000000000000000        0.0000000000000000       0.52520000000000000       0.29940000000000000       0.17540000000000000     
   56.000000000000000        1.5729879509275180        0.0000000000000000        0.0000000000000000        0.0000000000000000       0.52520000000000000       0.29680000000000001       0.17799999999999999     
   57.000000000000000        1.5658764201904403        0.0000000000000000        0.0000000000000000        0.0000000000000000       0.52520000000000000       0.29799999999999999       0.17680000000000001     
   58.000000000000000        1.5579588228305474        0.0000000000000000        0.0000000000000000        0.0000000000000000       0.52520000000000000       0.29980000000000001       0.17499999999999999     
   59.000000000000000        1.5485822010092132        0.0000000000000000        0.0000000000000000        0.0000000000000000       0.52520000000000000       0.30299999999999999       0.17180000000000001     
   60.000000000000000        1.5371582030114683        0.0000000000000000        0.0000000000000000        0.0000000000000000       0.52520000000000000       0.30299999999999999       0.17180000000000001     
   61.000000000000000        1.5242982544217629        0.0000000000000000        0.0000000000000000        0.0000000000000000       0.52520000000000000       0.30499999999999999       0.16980000000000001     
   62.000000000000000        1.5102652674379025        0.0000000000000000        0.0000000000000000        0.0000000000000000       0.52520000000000000       0.30620000000000003       0.16860000000000000     
   63.000000000000000        1.4954953978075161        0.0000000000000000        0.0000000000000000        0.0000000000000000       0.52520000000000000       0.30640000000000001       0.16839999999999999     
   64.000000000000000        1.4804023542899376        0.0000000000000000        0.0000000000000000        0.0000000000000000       0.52520000000000000       0.30880000000000002       0.16600000000000001     
   65.000000000000000        1.4646703629065849        0.0000000000000000        0.0000000000000000        0.0000000000000000       0.52520000000000000       0.30959999999999999       0.16520000000000001     
   66.000000000000000        1.4494026269894928        0.0000000000000000        0.0000000000000000        0.0000000000000000       0.52520000000000000       0.30959999999999999       0.16520000000000001     
   67.000000000000000        1.4348784700836794        0.0000000000000000        0.0000000000000000        0.0000000000000000       0.52520000000000000       0.30959999999999999       0.16520000000000001     
   68.000000000000000        1.4218176723900355        0.0000000000000000        0.0000000000000000        0.0000000000000000       0.52520000000000000       0.30959999999999999       0.16520000000000001     
   69.000000000000000        1.4095001682347319        0.0000000000000000        0.0000000000000000        0.0000000000000000       0.52520000000000000       0.31040000000000001       0.16439999999999999     
   70.000000000000000        1.3992200871836928        0.0000000000000000        0.0000000000000000        0.0000000000000000       0.52520000000000000       0.31080000000000002       0.16400000000000001     
   71.000000000000000        1.3910785135550690        0.0000000000000000        0.0000000000000000        0.0000000000000000       0.52520000000000000       0.31059999999999999       0.16420000000000001     
   72.000000000000000        1.3852238620250485        0.0000000000000000        0.0000000000000000        0.0000000000000000       0.52520000000000000       0.31059999999999999       0.16420000000000001     
   73.000000000000000        1.3819261216790717        0.0000000000000000        0.0000000000000000        0.0000000000000000       0.52520000000000000       0.31019999999999998       0.16460000000000000     
   74.000000000000000        1.3813340557433442        0.0000000000000000        0.0000000000000000        0.0000000000000000       0.52520000000000000       0.31019999999999998       0.16460000000000000     
   75.000000000000000        1.3837205820776513        0.0000000000000000        0.0000000000000000        0.0000000000000000       0.52520000000000000       0.30940000000000001       0.16539999999999999     
   76.000000000000000        1.3886936058824118        0.0000000000000000        0.0000000000000000        0.0000000000000000       0.52520000000000000       0.30940000000000001       0.16539999999999999     
   77.000000000000000        1.3965518312749754        0.0000000000000000        0.0000000000000000        0.0000000000000000       0.52520000000000000       0.30940000000000001       0.16539999999999999     
   78.000000000000000        1.4073173797499678        0.0000000000000000        0.0000000000000000        0.0000000000000000       0.52520000000000000       0.30940000000000001       0.16539999999999999     
   79.000000000000000        1.4203921689917287        0.0000000000000000        0.0000000000000000        0.0000000000000000       0.52520000000000000       0.30940000000000001       0.16539999999999999     
   80.000000000000000        1.4358270328909040        0.0000000000000000        0.0000000000000000        0.0000000000000000       0.52520000000000000       0.30940000000000001       0.16539999999999999     
   81.000000000000000        1.4532135463899780        0.0000000000000000        0.0000000000000000        0.0000000000000000       0.52520000000000000       0.30980000000000002       0.16500000000000001     
   82.000000000000000        1.4718000014737114        0.0000000000000000        0.0000000000000000        0.0000000000000000       0.52520000000000000       0.30980000000000002       0.16500000000000001     
   83.000000000000000        1.4913717398622750        0.0000000000000000        0.0000000000000000        0.0000000000000000       0.52520000000000000       0.31019999999999998       0.16460000000000000     
   84.000000000000000        1.5111099897702900        0.0000000000000000        0.0000000000000000        0.0000000000000000       0.52520000000000000       0.31019999999999998       0.16460000000000000     
   85.000000000000000        1.5305614935846656        0.0000000000000000        0.0000000000000000        0.0000000000000000       0.52520000000000000       0.31019999999999998       0.16460000000000000     
   86.000000000000000        1.5489624143105292        0.0000000000000000        0.0000000000000000        0.0000000000000000       0.52520000000000000       0.31019999999999998       0.16460000000000000     
   87.000000000000000        1.5658742815121671        0.0000000000000000        0.0000000000000000        0.0000000000000000       0.52520000000000000       0.31100000000000000       0.16380000000000000     
   88.000000000000000        1.5807141483591050        0.0000000000000000        0.0000000000000000        0.0000000000000000       0.52520000000000000       0.31400000000000000       0.16080000000000000     
   89.000000000000000        1.5931827227421262        0.0000000000000000        0.0000000000000000        0.0000000000000000       0.52520000000000000       0.31159999999999999       0.16320000000000001     
   90.000000000000000        1.6033145914347531        0.0000000000000000        0.0000000000000000        0.0000000000000000       0.52520000000000000       0.32219999999999999       0.15260000000000001     
   91.000000000000000        1.6120674788595406        0.0000000000000000        0.0000000000000000        0.0000000000000000       0.52520000000000000       0.29820000000000002       0.17660000000000001     
   92.000000000000000        1.6165005412285218        0.0000000000000000        0.0000000000000000        0.0000000000000000       0.52520000000000000       0.31619999999999998       0.15859999999999999     
   93.000000000000000        1.6197064208506458        0.0000000000000000        0.0000000000000000        0.0000000000000000       0.52520000000000000       0.31680000000000003       0.15800000000000000     
   94.000000000000000        1.6205475157838105        0.0000000000000000        0.0000000000000000        0.0000000000000000       0.52520000000000000       0.29859999999999998       0.17620000000000000     
   95.000000000000000        1.6198819995312204        0.0000000000000000        0.0000000000000000        0.0000000000000000       0.52520000000000000       0.29699999999999999       0.17780000000000001     
   96.000000000000000        1.6178253057744756        0.0000000000000000        0.0000000000000000        0.0000000000000000       0.52520000000000000       0.29920000000000002       0.17560000000000001     
   97.000000000000000        1.6143305912387753        0.0000000000000000        0.0000000000000000        0.0000000000000000       0.52520000000000000       0.30120000000000002       0.17360000000000000     
   98.000000000000000        1.6094699017777223        0.0000000000000000        0.0000000000000000        0.0000000000000000       0.52520000000000000       0.30120000000000002       0.17360000000000000     
   99.000000000000000        1.6037911364393536        0.0000000000000000        0.0000000000000000        0.0000000000000000       0.52520000000000000       0.30020000000000002       0.17460000000000001     
   100.00000000000000        1.5977477010093992        0.0000000000000000        0.0000000000000000        0.0000000000000000       0.52520000000000000       0.30059999999999998       0.17419999999999999     
   101.00000000000000        1.5908591996374022        0.0000000000000000        0.0000000000000000        0.0000000000000000       0.52520000000000000       0.30080000000000001       0.17399999999999999     
   102.00000000000000        1.5845081316528709        0.0000000000000000        0.0000000000000000        0.0000000000000000       0.52520000000000000       0.30080000000000001       0.17399999999999999     
   103.00000000000000        1.5774002733104577        0.0000000000000000        0.0000000000000000        0.0000000000000000       0.52520000000000000       0.30099999999999999       0.17380000000000001     
   104.00000000000000        1.5711314267297651        0.0000000000000000        0.0000000000000000        0.0000000000000000       0.52520000000000000       0.30099999999999999       0.17380000000000001     
   105.00000000000000        1.5649092901110917        0.0000000000000000        0.0000000000000000        0.0000000000000000       0.52520000000000000       0.30099999999999999       0.17380000000000001     
   106.00000000000000        1.5595687613902744        0.0000000000000000        0.0000000000000000        0.0000000000000000       0.52520000000000000       0.30099999999999999       0.17380000000000001     
   107.00000000000000        1.5643929200219970        0.0000000000000000        0.0000000000000000        0.0000000000000000       0.26479999999999998       0.39779999999999999       0.33739999999999998     
   108.00000000000000        1.5472059500694437        0.0000000000000000        0.0000000000000000        0.0000000000000000       0.26479999999999998       0.39779999999999999       0.33739999999999998     
   109.00000000000000        1.5336688376725562        0.0000000000000000        0.0000000000000000        0.0000000000000000       0.26460000000000000       0.39800000000000002       0.33739999999999998     
   110.00000000000000        1.5151741967691099        0.0000000000000000        0.0000000000000000        0.0000000000000000       0.26460000000000000       0.39800000000000002       0.33739999999999998     
   111.00000000000000        1.5138156706838743        0.0000000000000000        0.0000000000000000        0.0000000000000000       0.26419999999999999       0.39839999999999998       0.33739999999999998     
   112.00000000000000        1.5072811510630524        0.0000000000000000        0.0000000000000000        0.0000000000000000       0.26560000000000000       0.39700000000000002       0.33739999999999998     
   113.00000000000000        1.5041705919554444        0.0000000000000000        0.0000000000000000        0.0000000000000000       0.26400000000000001       0.39860000000000001       0.33739999999999998     
   114.00000000000000        1.5043366549671324        0.0000000000000000        0.0000000000000000        0.0000000000000000       0.26440000000000002       0.39820000000000000       0.33739999999999998     
   115.00000000000000        1.5066844040942562        0.0000000000000000        0.0000000000000000        0.0000000000000000       0.26419999999999999       0.39839999999999998       0.33739999999999998     
   116.00000000000000        1.5112363299907772        0.0000000000000000        0.0000000000000000        0.0000000000000000       0.26440000000000002       0.39820000000000000       0.33739999999999998     
   117.00000000000000        1.5180714034927489        0.0000000000000000        0.0000000000000000        0.0000000000000000       0.26440000000000002       0.39820000000000000       0.33739999999999998     
   118.00000000000000        1.5264598211868008        0.0000000000000000        0.0000000000000000        0.0000000000000000       0.26500000000000001       0.39760000000000001       0.33739999999999998     
   119.00000000000000        1.5362729621975113        0.0000000000000000        0.0000000000000000        0.0000000000000000       0.28239999999999998       0.38019999999999998       0.33739999999999998     
   120.00000000000000        1.5475217068350093        0.0000000000000000        0.0000000000000000        0.0000000000000000       0.26000000000000001       0.40260000000000001       0.33739999999999998     
   121.00000000000000        1.5589677305775189        0.0000000000000000        0.0000000000000000        0.0000000000000000       0.22239999999999999       0.44019999999999998       0.33739999999999998     
   122.00000000000000        1.5685165876374960        0.0000000000000000        0.0000000000000000        0.0000000000000000       0.72660000000000002        0.0000000000000000       0.27339999999999998     
   123.00000000000000        1.5663740472687724        0.0000000000000000        0.0000000000000000        0.0000000000000000       0.72660000000000002        1.0000000000000000E-003  0.27239999999999998     
   124.00000000000000        1.5554309274170472        0.0000000000000000        0.0000000000000000        0.0000000000000000       0.72660000000000002        2.2000000000000001E-003  0.27120000000000000     
   125.00000000000000        1.5440774707992102        0.0000000000000000        0.0000000000000000        0.0000000000000000       0.72660000000000002        4.0000000000000001E-003  0.26939999999999997     
   126.00000000000000        1.5322596158063249        0.0000000000000000        0.0000000000000000        0.0000000000000000       0.72660000000000002        4.0000000000000001E-003  0.26939999999999997     
   127.00000000000000        1.5202162176277187        0.0000000000000000        0.0000000000000000        0.0000000000000000       0.72660000000000002        4.5999999999999999E-003  0.26879999999999998     
   128.00000000000000        1.5082081637987406        0.0000000000000000        0.0000000000000000        0.0000000000000000       0.72660000000000002        5.5999999999999999E-003  0.26779999999999998     
   129.00000000000000        1.4963880217063337        0.0000000000000000        0.0000000000000000        0.0000000000000000       0.72660000000000002        5.5999999999999999E-003  0.26779999999999998     
   130.00000000000000        1.4843188154079532        0.0000000000000000        0.0000000000000000        0.0000000000000000       0.72660000000000002        5.5999999999999999E-003  0.26779999999999998     
   131.00000000000000        1.4692651039784623        0.0000000000000000        0.0000000000000000        0.0000000000000000       0.72660000000000002        5.5999999999999999E-003  0.26779999999999998     
   132.00000000000000        1.4594652507448687        0.0000000000000000        0.0000000000000000        0.0000000000000000       0.72660000000000002        5.5999999999999999E-003  0.26779999999999998     
   133.00000000000000        1.4470222866442086        0.0000000000000000        0.0000000000000000        0.0000000000000000       0.72660000000000002        5.5999999999999999E-003  0.26779999999999998     
   134.00000000000000        1.4346010733744914        0.0000000000000000        0.0000000000000000        0.0000000000000000       0.72660000000000002        5.5999999999999999E-003  0.26779999999999998     
   135.00000000000000        1.4223124841936068        0.0000000000000000        0.0000000000000000        0.0000000000000000       0.72660000000000002        5.7999999999999996E-003  0.26760000000000000     
   136.00000000000000        1.4098430852273056        0.0000000000000000        0.0000000000000000        0.0000000000000000       0.72660000000000002        6.0000000000000001E-003  0.26740000000000003     
   137.00000000000000        1.3970312323654450        0.0000000000000000        0.0000000000000000        0.0000000000000000       0.72660000000000002        6.1999999999999998E-003  0.26719999999999999     
   138.00000000000000        1.3839738754581934        0.0000000000000000        0.0000000000000000        0.0000000000000000       0.72660000000000002        6.1999999999999998E-003  0.26719999999999999     
   139.00000000000000        1.3712963707412462        0.0000000000000000        0.0000000000000000        0.0000000000000000       0.72660000000000002        6.1999999999999998E-003  0.26719999999999999     
   140.00000000000000        1.3582489303497864        0.0000000000000000        0.0000000000000000        0.0000000000000000       0.72660000000000002        7.1999999999999998E-003  0.26619999999999999     
   141.00000000000000        1.3448490554209700        0.0000000000000000        0.0000000000000000        0.0000000000000000       0.72660000000000002        7.1999999999999998E-003  0.26619999999999999     
   142.00000000000000        1.3321808399409369        0.0000000000000000        0.0000000000000000        0.0000000000000000       0.72660000000000002        7.1999999999999998E-003  0.26619999999999999     
   143.00000000000000        1.3191304514983260        0.0000000000000000        0.0000000000000000        0.0000000000000000       0.72660000000000002        8.2000000000000007E-003  0.26519999999999999     
   144.00000000000000        1.3064935129999853        0.0000000000000000        0.0000000000000000        0.0000000000000000       0.72660000000000002        1.0200000000000001E-002  0.26319999999999999     
   145.00000000000000        1.2940001352118446        0.0000000000000000        0.0000000000000000        0.0000000000000000       0.72660000000000002        9.4000000000000004E-003  0.26400000000000001     
   146.00000000000000        1.2823700210189957        0.0000000000000000        0.0000000000000000        0.0000000000000000       0.72660000000000002        1.1400000000000000E-002  0.26200000000000001     
   147.00000000000000        1.2719324407586989        0.0000000000000000        0.0000000000000000        0.0000000000000000       0.72660000000000002        1.0600000000000000E-002  0.26279999999999998     
   148.00000000000000        1.2628093630258606        0.0000000000000000        0.0000000000000000        0.0000000000000000       0.72660000000000002        9.1999999999999998E-003  0.26419999999999999     
   149.00000000000000        1.2555792595414097        0.0000000000000000        0.0000000000000000        0.0000000000000000       0.72660000000000002        8.9999999999999993E-003  0.26440000000000002     
   150.00000000000000        1.2505305176586949        0.0000000000000000        0.0000000000000000        0.0000000000000000       0.72660000000000002        1.1200000000000000E-002  0.26219999999999999     
   151.00000000000000        1.2479824436316829        0.0000000000000000        0.0000000000000000        0.0000000000000000       0.72660000000000002        1.0999999999999999E-002  0.26240000000000002     
   152.00000000000000        1.2480420619763719        0.0000000000000000        0.0000000000000000        0.0000000000000000       0.72660000000000002        1.0200000000000001E-002  0.26319999999999999     
   153.00000000000000        1.2505626029139125        0.0000000000000000        0.0000000000000000        0.0000000000000000       0.72660000000000002        1.1200000000000000E-002  0.26219999999999999     
   154.00000000000000        1.2563630972118600        0.0000000000000000        0.0000000000000000        0.0000000000000000       0.72660000000000002        1.1200000000000000E-002  0.26219999999999999     
   155.00000000000000        1.2646052805265717        0.0000000000000000        0.0000000000000000        0.0000000000000000       0.72660000000000002        1.4999999999999999E-002  0.25840000000000002     
   156.00000000000000        1.2747938230015730        0.0000000000000000        0.0000000000000000        0.0000000000000000       0.72660000000000002        1.4999999999999999E-002  0.25840000000000002     
   157.00000000000000        1.2875790961482720        0.0000000000000000        0.0000000000000000        0.0000000000000000       0.72660000000000002        1.4999999999999999E-002  0.25840000000000002     
   158.00000000000000        1.3039966420799149        0.0000000000000000        0.0000000000000000        0.0000000000000000       0.72660000000000002        1.7399999999999999E-002  0.25600000000000001     
   159.00000000000000        1.3227530005047163        0.0000000000000000        0.0000000000000000        0.0000000000000000       0.72660000000000002        1.7000000000000001E-002  0.25640000000000002     
   160.00000000000000        1.3424037358237801        0.0000000000000000        0.0000000000000000        0.0000000000000000       0.72660000000000002        1.6199999999999999E-002  0.25719999999999998     
   161.00000000000000        1.3632365784012959        0.0000000000000000        0.0000000000000000        0.0000000000000000       0.72660000000000002        1.5400000000000000E-002  0.25800000000000001     
   162.00000000000000        1.3850458846951714        0.0000000000000000        0.0000000000000000        0.0000000000000000       0.72660000000000002        1.4800000000000001E-002  0.25860000000000000     
   163.00000000000000        1.4074492444478648        0.0000000000000000        0.0000000000000000        0.0000000000000000       0.72660000000000002        1.5400000000000000E-002  0.25800000000000001     
   164.00000000000000        1.4299287883156573        0.0000000000000000        0.0000000000000000        0.0000000000000000       0.72660000000000002        1.5400000000000000E-002  0.25800000000000001     
   165.00000000000000        1.4519943969636988        0.0000000000000000        0.0000000000000000        0.0000000000000000       0.72660000000000002        1.5400000000000000E-002  0.25800000000000001     
   166.00000000000000        1.4730871632687870        0.0000000000000000        0.0000000000000000        0.0000000000000000       0.72660000000000002        1.6199999999999999E-002  0.25719999999999998     
   167.00000000000000        1.4930831081543379        0.0000000000000000        0.0000000000000000        0.0000000000000000       0.72660000000000002        1.6000000000000000E-002  0.25740000000000002     
   168.00000000000000        1.5098724653872515        0.0000000000000000        0.0000000000000000        0.0000000000000000       0.75519999999999998        6.7400000000000002E-002  0.17740000000000000     
   169.00000000000000        1.5107693637514146        0.0000000000000000        0.0000000000000000        0.0000000000000000       0.75500000000000000        6.7599999999999993E-002  0.17740000000000000     
   170.00000000000000        1.5091687486317689        0.0000000000000000        0.0000000000000000        0.0000000000000000       0.75300000000000000        6.9599999999999995E-002  0.17740000000000000     
   171.00000000000000        1.5079920554179731        0.0000000000000000        0.0000000000000000        0.0000000000000000       0.75239999999999996        7.0199999999999999E-002  0.17740000000000000     
   172.00000000000000        1.5143033416742913        0.0000000000000000        0.0000000000000000        0.0000000000000000       0.75519999999999998        6.7400000000000002E-002  0.17740000000000000     
   173.00000000000000        1.4859412229554869        0.0000000000000000        0.0000000000000000        0.0000000000000000       0.41420000000000001       0.40839999999999999       0.17740000000000000     
   174.00000000000000        1.6424059006341627        0.0000000000000000        0.0000000000000000        0.0000000000000000       0.26300000000000001       0.55959999999999999       0.17740000000000000     
   175.00000000000000        1.5377651191318733        0.0000000000000000        0.0000000000000000        0.0000000000000000       0.26300000000000001       0.55959999999999999       0.17740000000000000     
   176.00000000000000        1.5480134386272331        0.0000000000000000        0.0000000000000000        0.0000000000000000       0.38619999999999999       0.41039999999999999       0.20340000000000000     
   177.00000000000000        1.5557180832083828        0.0000000000000000        0.0000000000000000        0.0000000000000000       0.38619999999999999       0.39820000000000000       0.21560000000000001     
   178.00000000000000        1.5633295055368530        0.0000000000000000        0.0000000000000000        0.0000000000000000       0.38619999999999999       0.40699999999999997       0.20680000000000001     
   179.00000000000000        1.5720582280205477        0.0000000000000000        0.0000000000000000        0.0000000000000000       0.38619999999999999       0.42580000000000001       0.18800000000000000     
   180.00000000000000        1.5817510216061890        0.0000000000000000        0.0000000000000000        0.0000000000000000       0.38619999999999999       0.42220000000000002       0.19159999999999999     
   181.00000000000000        1.5943816349519511        0.0000000000000000        0.0000000000000000        0.0000000000000000       0.38619999999999999       0.39800000000000002       0.21579999999999999     
   182.00000000000000        1.6073536595408116        0.0000000000000000        0.0000000000000000        0.0000000000000000       0.38619999999999999       0.37740000000000001       0.23640000000000000     
   183.00000000000000        1.6202895067424605        0.0000000000000000        0.0000000000000000        0.0000000000000000       0.38619999999999999       0.36359999999999998       0.25019999999999998     
   184.00000000000000        1.6353384011934677        0.0000000000000000        0.0000000000000000        0.0000000000000000       0.38619999999999999       0.36380000000000001       0.25000000000000000     
   185.00000000000000        1.6498925237004849        0.0000000000000000        0.0000000000000000        0.0000000000000000       0.38619999999999999       0.35780000000000001       0.25600000000000001     
   186.00000000000000        1.6638402508851167        0.0000000000000000        0.0000000000000000        0.0000000000000000       0.38619999999999999       0.39439999999999997       0.21940000000000001     
   187.00000000000000        1.6776260884022847        0.0000000000000000        0.0000000000000000        0.0000000000000000       0.38619999999999999       0.40560000000000002       0.20820000000000000     
   188.00000000000000        1.6902683162720409        0.0000000000000000        0.0000000000000000        0.0000000000000000       0.38619999999999999       0.42120000000000002       0.19259999999999999     
   189.00000000000000        1.7020491293825022        0.0000000000000000        0.0000000000000000        0.0000000000000000       0.38619999999999999       0.38879999999999998       0.22500000000000001     
