#        BMIN =   406
#        BMAX =   411
#     INIBAND =   411
#      NBANDS =   540
#         NSW =  2000
#       POTIM =   1.0
#        TEMP = 300.0
#    NAMDTINI =   985
#    NAMDTIME =  1000
#       NTRAJ =  5000
#        NELM =  1000
#       LHOLE =     T
#        LSHP =     T
#      LCPTXT =     T
#      RUNDIR = ../../run/
   1.0000000000000000        1.8109240990071860        0.0000000000000000        0.0000000000000000        0.0000000000000000        0.0000000000000000        0.0000000000000000        1.0000000000000000     
   2.0000000000000000        1.7762170812455020        0.0000000000000000        0.0000000000000000        0.0000000000000000        0.0000000000000000        4.0000000000000002E-004  0.99960000000000004     
   3.0000000000000000        1.7381251255836652        0.0000000000000000        0.0000000000000000        0.0000000000000000        0.0000000000000000        0.0000000000000000        1.0000000000000000     
   4.0000000000000000        1.6983146525059978        0.0000000000000000        0.0000000000000000        0.0000000000000000        0.0000000000000000        0.0000000000000000        1.0000000000000000     
   5.0000000000000000        1.6589188293829145        0.0000000000000000        0.0000000000000000        0.0000000000000000        0.0000000000000000        5.9999999999999995E-004  0.99939999999999996     
   6.0000000000000000        1.6182585773966274        0.0000000000000000        0.0000000000000000        0.0000000000000000        0.0000000000000000        5.9999999999999995E-004  0.99939999999999996     
   7.0000000000000000        1.5797601864713524        0.0000000000000000        0.0000000000000000        0.0000000000000000        0.0000000000000000        0.0000000000000000        1.0000000000000000     
   8.0000000000000000        1.5433074919920355        0.0000000000000000        0.0000000000000000        0.0000000000000000        0.0000000000000000        0.0000000000000000        1.0000000000000000     
   9.0000000000000000        1.5103220285938008        0.0000000000000000        0.0000000000000000        0.0000000000000000        0.0000000000000000        0.0000000000000000        1.0000000000000000     
   10.000000000000000        1.4810918004834805        0.0000000000000000        0.0000000000000000        0.0000000000000000        0.0000000000000000        0.0000000000000000        1.0000000000000000     
   11.000000000000000        1.4578377101509066        0.0000000000000000        0.0000000000000000        0.0000000000000000        0.0000000000000000        0.0000000000000000        1.0000000000000000     
   12.000000000000000        1.4334822334566832        0.0000000000000000        0.0000000000000000        0.0000000000000000        0.0000000000000000        2.2000000000000001E-003  0.99780000000000002     
   13.000000000000000        1.4267159676101457        0.0000000000000000        0.0000000000000000        0.0000000000000000        0.0000000000000000        2.2000000000000001E-003  0.99780000000000002     
   14.000000000000000        1.4511432873880798        0.0000000000000000        0.0000000000000000        0.0000000000000000        1.6000000000000001E-003  0.16600000000000001       0.83240000000000003     
   15.000000000000000        1.3979719560482153        0.0000000000000000        0.0000000000000000        0.0000000000000000       0.12780000000000000       0.22320000000000001       0.64900000000000002     
   16.000000000000000        1.4181764373360182        0.0000000000000000        0.0000000000000000        0.0000000000000000        5.7400000000000000E-002   0.0000000000000000       0.94259999999999999     
   17.000000000000000        1.5200552551302879        0.0000000000000000        0.0000000000000000        0.0000000000000000        0.0000000000000000        2.1200000000000000E-002  0.97880000000000000     
   18.000000000000000        1.4310022379705101        0.0000000000000000        0.0000000000000000        0.0000000000000000        0.0000000000000000        3.4200000000000001E-002  0.96579999999999999     
   19.000000000000000        1.4593753746632292        0.0000000000000000        0.0000000000000000        0.0000000000000000        0.0000000000000000        5.8599999999999999E-002  0.94140000000000001     
   20.000000000000000        1.4790924760632178        0.0000000000000000        0.0000000000000000        0.0000000000000000        0.0000000000000000        5.6399999999999999E-002  0.94359999999999999     
   21.000000000000000        1.5028597749787036        0.0000000000000000        0.0000000000000000        0.0000000000000000        0.0000000000000000        5.9200000000000003E-002  0.94079999999999997     
   22.000000000000000        1.5273163257418487        0.0000000000000000        0.0000000000000000        0.0000000000000000        0.0000000000000000        5.7599999999999998E-002  0.94240000000000002     
   23.000000000000000        1.5528873046058853        0.0000000000000000        0.0000000000000000        0.0000000000000000        0.0000000000000000        5.7200000000000001E-002  0.94279999999999997     
   24.000000000000000        1.5784208386789722        0.0000000000000000        0.0000000000000000        0.0000000000000000        0.0000000000000000        7.6399999999999996E-002  0.92359999999999998     
   25.000000000000000        1.6034291602748878        0.0000000000000000        0.0000000000000000        0.0000000000000000        0.0000000000000000        7.0000000000000007E-002  0.93000000000000005     
   26.000000000000000        1.6270851584017123        0.0000000000000000        0.0000000000000000        0.0000000000000000        0.0000000000000000        5.9799999999999999E-002  0.94020000000000004     
   27.000000000000000        1.6524920744856211        0.0000000000000000        0.0000000000000000        0.0000000000000000        0.0000000000000000        5.8200000000000002E-002  0.94179999999999997     
   28.000000000000000        1.6717690059488821        0.0000000000000000        0.0000000000000000        0.0000000000000000        0.0000000000000000        5.5000000000000000E-002  0.94499999999999995     
   29.000000000000000        1.6873162210077712        0.0000000000000000        0.0000000000000000        0.0000000000000000        0.0000000000000000        5.4399999999999997E-002  0.94560000000000000     
   30.000000000000000        1.7022483429780388        0.0000000000000000        0.0000000000000000        0.0000000000000000        0.0000000000000000        5.8000000000000003E-002  0.94199999999999995     
   31.000000000000000        1.7143439175411872        0.0000000000000000        0.0000000000000000        0.0000000000000000        0.0000000000000000        5.8000000000000003E-002  0.94199999999999995     
   32.000000000000000        1.7235113376153608        0.0000000000000000        0.0000000000000000        0.0000000000000000        0.0000000000000000        6.4000000000000001E-002  0.93600000000000005     
   33.000000000000000        1.7301449751328255        0.0000000000000000        0.0000000000000000        0.0000000000000000        0.0000000000000000        6.2199999999999998E-002  0.93779999999999997     
   34.000000000000000        1.7335076302168879        0.0000000000000000        0.0000000000000000        0.0000000000000000        0.0000000000000000        6.1600000000000002E-002  0.93840000000000001     
   35.000000000000000        1.7350377828173884        0.0000000000000000        0.0000000000000000        0.0000000000000000        0.0000000000000000        6.4399999999999999E-002  0.93559999999999999     
   36.000000000000000        1.7343785006740386        0.0000000000000000        0.0000000000000000        0.0000000000000000        0.0000000000000000        6.4799999999999996E-002  0.93520000000000003     
   37.000000000000000        1.7320163702493485        0.0000000000000000        0.0000000000000000        0.0000000000000000        0.0000000000000000        6.3399999999999998E-002  0.93659999999999999     
   38.000000000000000        1.7283370794624702        0.0000000000000000        0.0000000000000000        0.0000000000000000        0.0000000000000000        6.3600000000000004E-002  0.93640000000000001     
   39.000000000000000        1.7242798409448323        0.0000000000000000        0.0000000000000000        0.0000000000000000        0.0000000000000000        6.7599999999999993E-002  0.93240000000000001     
   40.000000000000000        1.7196168121643778        0.0000000000000000        0.0000000000000000        0.0000000000000000        0.0000000000000000        6.7000000000000004E-002  0.93300000000000005     
   41.000000000000000        1.7154222874681564        0.0000000000000000        0.0000000000000000        0.0000000000000000        0.0000000000000000        7.0000000000000007E-002  0.93000000000000005     
   42.000000000000000        1.7123881182767402        0.0000000000000000        0.0000000000000000        0.0000000000000000        0.0000000000000000        7.0000000000000007E-002  0.93000000000000005     
   43.000000000000000        1.7105486883569461        0.0000000000000000        0.0000000000000000        0.0000000000000000        0.0000000000000000        6.3000000000000000E-002  0.93700000000000006     
   44.000000000000000        1.7124935585872358        0.0000000000000000        0.0000000000000000        0.0000000000000000        0.0000000000000000        6.3600000000000004E-002  0.93640000000000001     
   45.000000000000000        1.7114451612212278        0.0000000000000000        0.0000000000000000        0.0000000000000000        0.0000000000000000        6.2399999999999997E-002  0.93759999999999999     
   46.000000000000000        1.7146553905106616        0.0000000000000000        0.0000000000000000        0.0000000000000000        0.0000000000000000        6.5199999999999994E-002  0.93479999999999996     
   47.000000000000000        1.7195427494250874        0.0000000000000000        0.0000000000000000        0.0000000000000000        0.0000000000000000        6.3600000000000004E-002  0.93640000000000001     
   48.000000000000000        1.7266783177278391        0.0000000000000000        0.0000000000000000        0.0000000000000000        0.0000000000000000        6.1800000000000001E-002  0.93820000000000003     
   49.000000000000000        1.7352109696906353        0.0000000000000000        0.0000000000000000        0.0000000000000000        0.0000000000000000        6.0600000000000001E-002  0.93940000000000001     
   50.000000000000000        1.7446167339446352        0.0000000000000000        0.0000000000000000        0.0000000000000000        0.0000000000000000        6.6400000000000001E-002  0.93359999999999999     
   51.000000000000000        1.7546754029605207        0.0000000000000000        0.0000000000000000        0.0000000000000000        0.0000000000000000        6.0400000000000002E-002  0.93959999999999999     
   52.000000000000000        1.7639775853369823        0.0000000000000000        0.0000000000000000        0.0000000000000000        0.0000000000000000        5.9200000000000003E-002  0.94079999999999997     
   53.000000000000000        1.7734752058569117        0.0000000000000000        0.0000000000000000        0.0000000000000000        0.0000000000000000        6.0400000000000002E-002  0.93959999999999999     
   54.000000000000000        1.7817537127453691        0.0000000000000000        0.0000000000000000        0.0000000000000000        0.0000000000000000        6.0800000000000000E-002  0.93920000000000003     
   55.000000000000000        1.7890750550285697        0.0000000000000000        0.0000000000000000        0.0000000000000000        0.0000000000000000        4.9399999999999999E-002  0.95060000000000000     
   56.000000000000000        1.7928257396190879        0.0000000000000000        0.0000000000000000        0.0000000000000000        0.0000000000000000        5.2800000000000000E-002  0.94720000000000004     
   57.000000000000000        1.7945535591412127        0.0000000000000000        0.0000000000000000        0.0000000000000000        0.0000000000000000        4.2999999999999997E-002  0.95699999999999996     
   58.000000000000000        1.8020242130532729        0.0000000000000000        0.0000000000000000        0.0000000000000000        0.0000000000000000        4.3400000000000001E-002  0.95660000000000001     
   59.000000000000000        1.7976318639666209        0.0000000000000000        0.0000000000000000        0.0000000000000000        0.0000000000000000        4.4800000000000000E-002  0.95520000000000005     
   60.000000000000000        1.7869022790967104        0.0000000000000000        0.0000000000000000        0.0000000000000000        0.0000000000000000        4.6600000000000003E-002  0.95340000000000003     
   61.000000000000000        1.7787083638481722        0.0000000000000000        0.0000000000000000        0.0000000000000000        0.0000000000000000        4.3799999999999999E-002  0.95620000000000005     
   62.000000000000000        1.7683107357738399        0.0000000000000000        0.0000000000000000        0.0000000000000000        0.0000000000000000        4.7600000000000003E-002  0.95240000000000002     
   63.000000000000000        1.7552527747372553        0.0000000000000000        0.0000000000000000        0.0000000000000000        0.0000000000000000        5.0400000000000000E-002  0.94960000000000000     
   64.000000000000000        1.7413005975538740        0.0000000000000000        0.0000000000000000        0.0000000000000000        0.0000000000000000        5.1799999999999999E-002  0.94820000000000004     
   65.000000000000000        1.7254221294028180        0.0000000000000000        0.0000000000000000        0.0000000000000000        0.0000000000000000        5.8200000000000002E-002  0.94179999999999997     
   66.000000000000000        1.7090381499386349        0.0000000000000000        0.0000000000000000        0.0000000000000000        0.0000000000000000        6.6400000000000001E-002  0.93359999999999999     
   67.000000000000000        1.6928567896619828        0.0000000000000000        0.0000000000000000        0.0000000000000000        0.0000000000000000        6.6600000000000006E-002  0.93340000000000001     
   68.000000000000000        1.6771614634550660        0.0000000000000000        0.0000000000000000        0.0000000000000000        0.0000000000000000        6.1800000000000001E-002  0.93820000000000003     
   69.000000000000000        1.6608184526057452        0.0000000000000000        0.0000000000000000        0.0000000000000000        0.0000000000000000        6.1400000000000003E-002  0.93859999999999999     
   70.000000000000000        1.6488123258701026        0.0000000000000000        0.0000000000000000        0.0000000000000000        0.0000000000000000        6.6600000000000006E-002  0.93340000000000001     
   71.000000000000000        1.6374938113975168        0.0000000000000000        0.0000000000000000        0.0000000000000000        0.0000000000000000        7.0800000000000002E-002  0.92920000000000003     
   72.000000000000000        1.6291987297185262        0.0000000000000000        0.0000000000000000        0.0000000000000000        0.0000000000000000        6.9599999999999995E-002  0.93040000000000000     
   73.000000000000000        1.6234662896010819        0.0000000000000000        0.0000000000000000        0.0000000000000000        0.0000000000000000        6.9599999999999995E-002  0.93040000000000000     
   74.000000000000000        1.6213362685395356        0.0000000000000000        0.0000000000000000        0.0000000000000000        0.0000000000000000        6.8800000000000000E-002  0.93120000000000003     
   75.000000000000000        1.6237269985438352        0.0000000000000000        0.0000000000000000        0.0000000000000000        0.0000000000000000        6.7799999999999999E-002  0.93220000000000003     
   76.000000000000000        1.6298534081741238        0.0000000000000000        0.0000000000000000        0.0000000000000000        0.0000000000000000        6.7000000000000004E-002  0.93300000000000005     
   77.000000000000000        1.6405923894039105        0.0000000000000000        0.0000000000000000        0.0000000000000000        0.0000000000000000        6.7000000000000004E-002  0.93300000000000005     
   78.000000000000000        1.6555436054530026        0.0000000000000000        0.0000000000000000        0.0000000000000000        0.0000000000000000        6.7000000000000004E-002  0.93300000000000005     
   79.000000000000000        1.6747606039306746        0.0000000000000000        0.0000000000000000        0.0000000000000000        0.0000000000000000        6.6600000000000006E-002  0.93340000000000001     
   80.000000000000000        1.6978729886406472        0.0000000000000000        0.0000000000000000        0.0000000000000000        0.0000000000000000        6.6600000000000006E-002  0.93340000000000001     
   81.000000000000000        1.7244300110973956        0.0000000000000000        0.0000000000000000        0.0000000000000000        0.0000000000000000        6.6600000000000006E-002  0.93340000000000001     
   82.000000000000000        1.7540353914382341        0.0000000000000000        0.0000000000000000        0.0000000000000000        0.0000000000000000        6.6600000000000006E-002  0.93340000000000001     
   83.000000000000000        1.7857035823628022        0.0000000000000000        0.0000000000000000        0.0000000000000000        0.0000000000000000        6.6600000000000006E-002  0.93340000000000001     
   84.000000000000000        1.8191347932535200        0.0000000000000000        0.0000000000000000        0.0000000000000000        0.0000000000000000        6.6600000000000006E-002  0.93340000000000001     
   85.000000000000000        1.8529287044319249        0.0000000000000000        0.0000000000000000        0.0000000000000000        0.0000000000000000        6.6600000000000006E-002  0.93340000000000001     
   86.000000000000000        1.8864030828454159        0.0000000000000000        0.0000000000000000        0.0000000000000000        0.0000000000000000        6.6600000000000006E-002  0.93340000000000001     
   87.000000000000000        1.9184993651987621        0.0000000000000000        0.0000000000000000        0.0000000000000000        0.0000000000000000        6.6600000000000006E-002  0.93340000000000001     
   88.000000000000000        1.9484435241509916        0.0000000000000000        0.0000000000000000        0.0000000000000000        0.0000000000000000        6.6600000000000006E-002  0.93340000000000001     
   89.000000000000000        1.9751806477799698        0.0000000000000000        0.0000000000000000        0.0000000000000000        0.0000000000000000        6.6799999999999998E-002  0.93320000000000003     
   90.000000000000000        1.9979504722440524        0.0000000000000000        0.0000000000000000        0.0000000000000000        0.0000000000000000        6.6400000000000001E-002  0.93359999999999999     
   91.000000000000000        2.0159189314918287        0.0000000000000000        0.0000000000000000        0.0000000000000000        0.0000000000000000        6.8000000000000005E-002  0.93200000000000005     
   92.000000000000000        2.0152793887403542        0.0000000000000000        0.0000000000000000        0.0000000000000000        0.0000000000000000        7.1800000000000003E-002  0.92820000000000003     
   93.000000000000000        2.0352398661640829        0.0000000000000000        0.0000000000000000        0.0000000000000000        0.0000000000000000        6.8400000000000002E-002  0.93159999999999998     
   94.000000000000000        2.0361537895908519        0.0000000000000000        0.0000000000000000        0.0000000000000000        0.0000000000000000        6.8199999999999997E-002  0.93179999999999996     
   95.000000000000000        2.0320306530938668        0.0000000000000000        0.0000000000000000        0.0000000000000000        0.0000000000000000        7.8200000000000006E-002  0.92179999999999995     
   96.000000000000000        2.0220440326990028        0.0000000000000000        0.0000000000000000        0.0000000000000000        0.0000000000000000        7.9000000000000001E-002  0.92100000000000004     
   97.000000000000000        2.0037986227249864        0.0000000000000000        0.0000000000000000        0.0000000000000000        0.0000000000000000        7.8600000000000003E-002  0.92140000000000000     
   98.000000000000000        1.9802829666784643        0.0000000000000000        0.0000000000000000        0.0000000000000000        0.0000000000000000        7.8000000000000000E-002  0.92200000000000004     
   99.000000000000000        1.9526915163769483        0.0000000000000000        0.0000000000000000        0.0000000000000000        0.0000000000000000        7.8000000000000000E-002  0.92200000000000004     
   100.00000000000000        1.9207135339838628        0.0000000000000000        0.0000000000000000        0.0000000000000000        0.0000000000000000        7.8399999999999997E-002  0.92159999999999997     
   101.00000000000000        1.8826036101669021        0.0000000000000000        0.0000000000000000        0.0000000000000000        0.0000000000000000        7.8000000000000000E-002  0.92200000000000004     
   102.00000000000000        1.8427731702552477        0.0000000000000000        0.0000000000000000        0.0000000000000000        0.0000000000000000        7.7799999999999994E-002  0.92220000000000002     
   103.00000000000000        1.7984900964228083        0.0000000000000000        0.0000000000000000        0.0000000000000000        0.0000000000000000        7.7799999999999994E-002  0.92220000000000002     
   104.00000000000000        1.7545830209755424        0.0000000000000000        0.0000000000000000        0.0000000000000000        0.0000000000000000        7.7799999999999994E-002  0.92220000000000002     
   105.00000000000000        1.7091009682969498        0.0000000000000000        0.0000000000000000        0.0000000000000000        0.0000000000000000        7.7799999999999994E-002  0.92220000000000002     
   106.00000000000000        1.6638883224169707        0.0000000000000000        0.0000000000000000        0.0000000000000000        0.0000000000000000        7.7799999999999994E-002  0.92220000000000002     
   107.00000000000000        1.6202999063524732        0.0000000000000000        0.0000000000000000        0.0000000000000000        0.0000000000000000        7.7799999999999994E-002  0.92220000000000002     
   108.00000000000000        1.5755390460600958        0.0000000000000000        0.0000000000000000        0.0000000000000000        2.1399999999999999E-002  0.28839999999999999       0.69020000000000004     
   109.00000000000000        1.5585374254282731        0.0000000000000000        0.0000000000000000        0.0000000000000000        2.1399999999999999E-002  0.28839999999999999       0.69020000000000004     
   110.00000000000000        1.5650634574741045        0.0000000000000000        0.0000000000000000        0.0000000000000000        2.1399999999999999E-002  0.28839999999999999       0.69020000000000004     
   111.00000000000000        1.5869023072612407        0.0000000000000000        0.0000000000000000        0.0000000000000000        2.1600000000000001E-002  0.28820000000000001       0.69020000000000004     
   112.00000000000000        1.5784868437418202        0.0000000000000000        0.0000000000000000        0.0000000000000000        2.1600000000000001E-002  0.28820000000000001       0.69020000000000004     
   113.00000000000000        1.5860060609169655        0.0000000000000000        0.0000000000000000        0.0000000000000000        2.1399999999999999E-002  0.28839999999999999       0.69020000000000004     
   114.00000000000000        1.5916334105193335        0.0000000000000000        0.0000000000000000        0.0000000000000000        2.2400000000000000E-002  0.28739999999999999       0.69020000000000004     
   115.00000000000000        1.5942426716532418        0.0000000000000000        0.0000000000000000        0.0000000000000000        2.2400000000000000E-002  0.28739999999999999       0.69020000000000004     
   116.00000000000000        1.5969997883714946        0.0000000000000000        0.0000000000000000        0.0000000000000000        2.2800000000000001E-002  0.28699999999999998       0.69020000000000004     
   117.00000000000000        1.5988208036661220        0.0000000000000000        0.0000000000000000        0.0000000000000000        2.2800000000000001E-002  0.28699999999999998       0.69020000000000004     
   118.00000000000000        1.5987687562902371        0.0000000000000000        0.0000000000000000        0.0000000000000000        2.2800000000000001E-002  0.28699999999999998       0.69020000000000004     
   119.00000000000000        1.5971098106548911        0.0000000000000000        0.0000000000000000        0.0000000000000000        2.2599999999999999E-002  0.28720000000000001       0.69020000000000004     
   120.00000000000000        1.5938558265232603        0.0000000000000000        0.0000000000000000        0.0000000000000000        2.0000000000000000E-002  0.28980000000000000       0.69020000000000004     
   121.00000000000000        1.5892614598551484        0.0000000000000000        0.0000000000000000        0.0000000000000000        2.9200000000000000E-002  0.28060000000000002       0.69020000000000004     
   122.00000000000000        1.5830271508976248        0.0000000000000000        0.0000000000000000        0.0000000000000000        4.8000000000000001E-002  0.26179999999999998       0.69020000000000004     
   123.00000000000000        1.5664012366341145        0.0000000000000000        0.0000000000000000        0.0000000000000000       0.29020000000000001       0.70979999999999999        0.0000000000000000     
   124.00000000000000        1.5833344108712437        0.0000000000000000        0.0000000000000000        0.0000000000000000       0.29020000000000001       0.67320000000000002        3.6600000000000001E-002
   125.00000000000000        1.5972621365784694        0.0000000000000000        0.0000000000000000        0.0000000000000000       0.29020000000000001       0.64659999999999995        6.3200000000000006E-002
   126.00000000000000        1.6103253326347275        0.0000000000000000        0.0000000000000000        0.0000000000000000       0.29020000000000001       0.61260000000000003        9.7199999999999995E-002
   127.00000000000000        1.6218096124201176        0.0000000000000000        0.0000000000000000        0.0000000000000000       0.29020000000000001       0.61380000000000001        9.6000000000000002E-002
   128.00000000000000        1.6317230151683604        0.0000000000000000        0.0000000000000000        0.0000000000000000       0.29020000000000001       0.60860000000000003       0.10120000000000000     
   129.00000000000000        1.6395661007914466        0.0000000000000000        0.0000000000000000        0.0000000000000000       0.29020000000000001       0.59780000000000000       0.11200000000000000     
   130.00000000000000        1.6450552023794771        0.0000000000000000        0.0000000000000000        0.0000000000000000       0.29020000000000001       0.60119999999999996       0.10860000000000000     
   131.00000000000000        1.6483571787638589        0.0000000000000000        0.0000000000000000        0.0000000000000000       0.29020000000000001       0.60280000000000000       0.10700000000000000     
   132.00000000000000        1.6496239155286745        0.0000000000000000        0.0000000000000000        0.0000000000000000       0.29020000000000001       0.60160000000000002       0.10820000000000000     
   133.00000000000000        1.6475028184017790        0.0000000000000000        0.0000000000000000        0.0000000000000000       0.29020000000000001       0.60380000000000000       0.10600000000000000     
   134.00000000000000        1.6434548911944740        0.0000000000000000        0.0000000000000000        0.0000000000000000       0.29020000000000001       0.60360000000000003       0.10620000000000000     
   135.00000000000000        1.6367054960742722        0.0000000000000000        0.0000000000000000        0.0000000000000000       0.29020000000000001       0.60360000000000003       0.10620000000000000     
   136.00000000000000        1.6281170656207946        0.0000000000000000        0.0000000000000000        0.0000000000000000       0.29020000000000001       0.60280000000000000       0.10700000000000000     
   137.00000000000000        1.6178590865332658        0.0000000000000000        0.0000000000000000        0.0000000000000000       0.29020000000000001       0.60160000000000002       0.10820000000000000     
   138.00000000000000        1.6052156049551194        0.0000000000000000        0.0000000000000000        0.0000000000000000       0.29020000000000001       0.59899999999999998       0.11080000000000000     
   139.00000000000000        1.5911654573883136        0.0000000000000000        0.0000000000000000        0.0000000000000000       0.29020000000000001       0.60119999999999996       0.10860000000000000     
   140.00000000000000        1.5775215731693006        0.0000000000000000        0.0000000000000000        0.0000000000000000       0.29020000000000001       0.59980000000000000       0.11000000000000000     
   141.00000000000000        1.5628869204843763        0.0000000000000000        0.0000000000000000        0.0000000000000000       0.29020000000000001       0.59419999999999995       0.11559999999999999     
   142.00000000000000        1.5480604034655356        0.0000000000000000        0.0000000000000000        0.0000000000000000       0.29020000000000001       0.59419999999999995       0.11559999999999999     
   143.00000000000000        1.5343148490758296        0.0000000000000000        0.0000000000000000        0.0000000000000000       0.29020000000000001       0.59980000000000000       0.11000000000000000     
   144.00000000000000        1.5210736627974621        0.0000000000000000        0.0000000000000000        0.0000000000000000       0.29020000000000001       0.59860000000000002       0.11119999999999999     
   145.00000000000000        1.5091657013108219        0.0000000000000000        0.0000000000000000        0.0000000000000000       0.29020000000000001       0.58579999999999999       0.12400000000000000     
   146.00000000000000        1.4986579667512414        0.0000000000000000        0.0000000000000000        0.0000000000000000       0.29020000000000001       0.60119999999999996       0.10860000000000000     
   147.00000000000000        1.4899602051404974        0.0000000000000000        0.0000000000000000        0.0000000000000000       0.29020000000000001       0.59119999999999995       0.11860000000000000     
   148.00000000000000        1.4831534388715299        0.0000000000000000        0.0000000000000000        0.0000000000000000       0.29020000000000001       0.60519999999999996       0.10460000000000000     
   149.00000000000000        1.4781506171597125        0.0000000000000000        0.0000000000000000        0.0000000000000000       0.29020000000000001       0.62760000000000005        8.2199999999999995E-002
   150.00000000000000        1.4750402687531157        0.0000000000000000        0.0000000000000000        0.0000000000000000       0.29020000000000001       0.63480000000000003        7.4999999999999997E-002
   151.00000000000000        1.4737142289515652        0.0000000000000000        0.0000000000000000        0.0000000000000000       0.29020000000000001       0.62960000000000005        8.0199999999999994E-002
   152.00000000000000        1.4738582703397280        0.0000000000000000        0.0000000000000000        0.0000000000000000       0.29020000000000001       0.63660000000000005        7.3200000000000001E-002
   153.00000000000000        1.4753284956743880        0.0000000000000000        0.0000000000000000        0.0000000000000000       0.29020000000000001       0.65120000000000000        5.8599999999999999E-002
   154.00000000000000        1.4780202350676899        0.0000000000000000        0.0000000000000000        0.0000000000000000       0.29020000000000001       0.64159999999999995        6.8199999999999997E-002
   155.00000000000000        1.4810449610431142        0.0000000000000000        0.0000000000000000        0.0000000000000000       0.29020000000000001       0.64200000000000002        6.7799999999999999E-002
   156.00000000000000        1.4848064518531021        0.0000000000000000        0.0000000000000000        0.0000000000000000       0.29020000000000001       0.63139999999999996        7.8399999999999997E-002
   157.00000000000000        1.4895237585635708        0.0000000000000000        0.0000000000000000        0.0000000000000000       0.29020000000000001       0.63139999999999996        7.8399999999999997E-002
   158.00000000000000        1.4939913689496507        0.0000000000000000        0.0000000000000000        0.0000000000000000       0.29020000000000001       0.63139999999999996        7.8399999999999997E-002
   159.00000000000000        1.4972856058888306        0.0000000000000000        0.0000000000000000        0.0000000000000000       0.29020000000000001       0.62080000000000002        8.8999999999999996E-002
   160.00000000000000        1.5002255388130505        0.0000000000000000        0.0000000000000000        0.0000000000000000       0.29020000000000001       0.62380000000000002        8.5999999999999993E-002
   161.00000000000000        1.5029083311459910        0.0000000000000000        0.0000000000000000        0.0000000000000000       0.29020000000000001       0.63560000000000005        7.4200000000000002E-002
   162.00000000000000        1.5055310693142523        0.0000000000000000        0.0000000000000000        0.0000000000000000       0.29020000000000001       0.63660000000000005        7.3200000000000001E-002
   163.00000000000000        1.5074931724004441        0.0000000000000000        0.0000000000000000        0.0000000000000000       0.29020000000000001       0.63980000000000004        7.0000000000000007E-002
   164.00000000000000        1.5091863214736301        0.0000000000000000        0.0000000000000000        0.0000000000000000       0.29020000000000001       0.63759999999999994        7.2200000000000000E-002
   165.00000000000000        1.5103290916150218        0.0000000000000000        0.0000000000000000        0.0000000000000000       0.29020000000000001       0.63839999999999997        7.1400000000000005E-002
   166.00000000000000        1.5111888686503607        0.0000000000000000        0.0000000000000000        0.0000000000000000       0.29020000000000001       0.64400000000000002        6.5799999999999997E-002
   167.00000000000000        1.5117453440213897        0.0000000000000000        0.0000000000000000        0.0000000000000000       0.29020000000000001       0.63900000000000001        7.0800000000000002E-002
   168.00000000000000        1.5123547608586494        0.0000000000000000        0.0000000000000000        0.0000000000000000       0.29020000000000001       0.63980000000000004        7.0000000000000007E-002
   169.00000000000000        1.5145473604668793        0.0000000000000000        0.0000000000000000        0.0000000000000000       0.21379999999999999       0.66659999999999997       0.11960000000000000     
   170.00000000000000        1.5175555156656468        0.0000000000000000        0.0000000000000000        0.0000000000000000       0.21379999999999999       0.66659999999999997       0.11960000000000000     
   171.00000000000000        1.5142938062815121        0.0000000000000000        0.0000000000000000        0.0000000000000000       0.21460000000000001       0.66579999999999995       0.11960000000000000     
   172.00000000000000        1.5119998853877670        0.0000000000000000        0.0000000000000000        0.0000000000000000       0.21520000000000000       0.66520000000000001       0.11960000000000000     
   173.00000000000000        1.5188918699838565        0.0000000000000000        0.0000000000000000        0.0000000000000000       0.20619999999999999       0.67420000000000002       0.11960000000000000     
   174.00000000000000        1.4761206507682776        0.0000000000000000        0.0000000000000000        0.0000000000000000       0.33060000000000000       0.54979999999999996       0.11960000000000000     
   175.00000000000000        1.5956891545714313        0.0000000000000000        0.0000000000000000        1.4000000000000000E-002  0.31659999999999999       0.54979999999999996       0.11960000000000000     
   176.00000000000000        1.5198946497722410        0.0000000000000000        0.0000000000000000        1.4000000000000000E-002  0.31659999999999999       0.54979999999999996       0.11960000000000000     
   177.00000000000000        1.5343580334475067        0.0000000000000000        0.0000000000000000        1.3599999999999999E-002  0.37380000000000002       0.30580000000000002       0.30680000000000002     
   178.00000000000000        1.5441073495491930        0.0000000000000000        0.0000000000000000        1.2200000000000001E-002  0.37519999999999998       0.29420000000000002       0.31840000000000002     
   179.00000000000000        1.5530406677009982        0.0000000000000000        0.0000000000000000        1.1200000000000000E-002  0.37619999999999998       0.29940000000000000       0.31319999999999998     
   180.00000000000000        1.5619906248549600        0.0000000000000000        0.0000000000000000        1.1200000000000000E-002  0.37619999999999998       0.31780000000000003       0.29480000000000001     
   181.00000000000000        1.5719044441265531        0.0000000000000000        0.0000000000000000        1.1200000000000000E-002  0.37619999999999998       0.31359999999999999       0.29899999999999999     
   182.00000000000000        1.5877042934612220        0.0000000000000000        0.0000000000000000        8.0000000000000002E-003  0.37940000000000002       0.29080000000000000       0.32179999999999997     
   183.00000000000000        1.6007070492524504        0.0000000000000000        0.0000000000000000        8.0000000000000002E-003  0.37940000000000002       0.27460000000000001       0.33800000000000002     
   184.00000000000000        1.6152912448613084        0.0000000000000000        0.0000000000000000        6.1999999999999998E-003  0.38119999999999998       0.26300000000000001       0.34960000000000002     
   185.00000000000000        1.6306848728010732        0.0000000000000000        0.0000000000000000        5.7999999999999996E-003  0.38159999999999999       0.26360000000000000       0.34899999999999998     
   186.00000000000000        1.6453984177506602        0.0000000000000000        0.0000000000000000        5.5999999999999999E-003  0.38179999999999997       0.25740000000000002       0.35520000000000002     
   187.00000000000000        1.6593478444094711        0.0000000000000000        0.0000000000000000        5.5999999999999999E-003  0.38179999999999997       0.29120000000000001       0.32140000000000002     
   188.00000000000000        1.6731366228735540        0.0000000000000000        0.0000000000000000        5.5999999999999999E-003  0.38179999999999997       0.29880000000000001       0.31380000000000002     
   189.00000000000000        1.6857645853432892        0.0000000000000000        0.0000000000000000        5.5999999999999999E-003  0.38179999999999997       0.31280000000000002       0.29980000000000001     
