#        BMIN =   406
#        BMAX =   411
#     INIBAND =   409
#      NBANDS =   540
#         NSW =  2000
#       POTIM =   1.0
#        TEMP = 300.0
#    NAMDTINI =   419
#    NAMDTIME =  1000
#       NTRAJ =  5000
#        NELM =  1000
#       LHOLE =     T
#        LSHP =     T
#      LCPTXT =     T
#      RUNDIR = ../../run/
   1.0000000000000000        1.4828701502598376        0.0000000000000000        0.0000000000000000        0.0000000000000000        1.0000000000000000        0.0000000000000000        0.0000000000000000     
   2.0000000000000000        1.4761392978316654        0.0000000000000000        0.0000000000000000        0.0000000000000000       0.99939999999999996        5.9999999999999995E-004   0.0000000000000000     
   3.0000000000000000        1.4732531832706013        0.0000000000000000        0.0000000000000000        0.0000000000000000       0.99960000000000004        4.0000000000000002E-004   0.0000000000000000     
   4.0000000000000000        1.4740531515724267        0.0000000000000000        0.0000000000000000        0.0000000000000000        1.0000000000000000        0.0000000000000000        0.0000000000000000     
   5.0000000000000000        1.4797853550998350        0.0000000000000000        0.0000000000000000        0.0000000000000000        1.0000000000000000        0.0000000000000000        0.0000000000000000     
   6.0000000000000000        1.4901266141913869        0.0000000000000000        0.0000000000000000        0.0000000000000000        1.0000000000000000        0.0000000000000000        0.0000000000000000     
   7.0000000000000000        1.5050434337626633        0.0000000000000000        0.0000000000000000        0.0000000000000000        1.0000000000000000        0.0000000000000000        0.0000000000000000     
   8.0000000000000000        1.5251918372399997        0.0000000000000000        0.0000000000000000        0.0000000000000000        1.0000000000000000        0.0000000000000000        0.0000000000000000     
   9.0000000000000000        1.5549280052965666        0.0000000000000000        0.0000000000000000        0.0000000000000000       0.72880000000000000        7.7799999999999994E-002  0.19339999999999999     
   10.000000000000000        1.5717792875514496        0.0000000000000000        0.0000000000000000        0.0000000000000000       0.72880000000000000        8.0600000000000005E-002  0.19059999999999999     
   11.000000000000000        1.5743491690335976        0.0000000000000000        0.0000000000000000        0.0000000000000000       0.72880000000000000        7.2999999999999995E-002  0.19819999999999999     
   12.000000000000000        1.5759401425701485        0.0000000000000000        0.0000000000000000        0.0000000000000000       0.72880000000000000        6.7000000000000004E-002  0.20419999999999999     
   13.000000000000000        1.5764969164279474        0.0000000000000000        0.0000000000000000        0.0000000000000000       0.72880000000000000        6.5400000000000000E-002  0.20580000000000001     
   14.000000000000000        1.5762731226204441        0.0000000000000000        0.0000000000000000        0.0000000000000000       0.72880000000000000        6.0600000000000001E-002  0.21060000000000001     
   15.000000000000000        1.5748062111688244        0.0000000000000000        0.0000000000000000        0.0000000000000000       0.72880000000000000        6.0600000000000001E-002  0.21060000000000001     
   16.000000000000000        1.5726432137632753        0.0000000000000000        0.0000000000000000        0.0000000000000000       0.72880000000000000        6.2199999999999998E-002  0.20899999999999999     
   17.000000000000000        1.5691398337549387        0.0000000000000000        0.0000000000000000        0.0000000000000000       0.72880000000000000        6.0199999999999997E-002  0.21099999999999999     
   18.000000000000000        1.5647135355907038        0.0000000000000000        0.0000000000000000        0.0000000000000000       0.72880000000000000        6.3399999999999998E-002  0.20780000000000001     
   19.000000000000000        1.5591125463600837        0.0000000000000000        0.0000000000000000        0.0000000000000000       0.72880000000000000        6.4000000000000001E-002  0.20720000000000000     
   20.000000000000000        1.5532003841677358        0.0000000000000000        0.0000000000000000        0.0000000000000000       0.72880000000000000        5.8400000000000001E-002  0.21279999999999999     
   21.000000000000000        1.5458757465509645        0.0000000000000000        0.0000000000000000        0.0000000000000000       0.72880000000000000        5.3199999999999997E-002  0.21800000000000000     
   22.000000000000000        1.5381338606650732        0.0000000000000000        0.0000000000000000        0.0000000000000000       0.72880000000000000        5.4600000000000003E-002  0.21659999999999999     
   23.000000000000000        1.5298797487501568        0.0000000000000000        0.0000000000000000        0.0000000000000000       0.72880000000000000        5.3999999999999999E-002  0.21720000000000000     
   24.000000000000000        1.5212010291761149        0.0000000000000000        0.0000000000000000        0.0000000000000000       0.72880000000000000        5.7799999999999997E-002  0.21340000000000001     
   25.000000000000000        1.5121328442680471        0.0000000000000000        0.0000000000000000        0.0000000000000000       0.72880000000000000        5.8400000000000001E-002  0.21279999999999999     
   26.000000000000000        1.5027990620142189        0.0000000000000000        0.0000000000000000        0.0000000000000000       0.72880000000000000        6.2600000000000003E-002  0.20860000000000001     
   27.000000000000000        1.4945588467408981        0.0000000000000000        0.0000000000000000        0.0000000000000000       0.72880000000000000        6.2000000000000000E-002  0.20920000000000000     
   28.000000000000000        1.4862982971731835        0.0000000000000000        0.0000000000000000        0.0000000000000000       0.72880000000000000        5.7200000000000001E-002  0.21400000000000000     
   29.000000000000000        1.4783736120159188        0.0000000000000000        0.0000000000000000        0.0000000000000000       0.72880000000000000        6.0400000000000002E-002  0.21079999999999999     
   30.000000000000000        1.4716399088883556        0.0000000000000000        0.0000000000000000        0.0000000000000000       0.72880000000000000        6.2600000000000003E-002  0.20860000000000001     
   31.000000000000000        1.4657819442556774        0.0000000000000000        0.0000000000000000        0.0000000000000000       0.72880000000000000        6.9400000000000003E-002  0.20180000000000001     
   32.000000000000000        1.4608216744451850        0.0000000000000000        0.0000000000000000        0.0000000000000000       0.72880000000000000        6.3200000000000006E-002  0.20799999999999999     
   33.000000000000000        1.4574758451556904        0.0000000000000000        0.0000000000000000        0.0000000000000000       0.72880000000000000        7.5399999999999995E-002  0.19580000000000000     
   34.000000000000000        1.4549739193390798        0.0000000000000000        0.0000000000000000        0.0000000000000000       0.72880000000000000        9.0200000000000002E-002  0.18099999999999999     
   35.000000000000000        1.4537713877651408        0.0000000000000000        0.0000000000000000        0.0000000000000000       0.72880000000000000        8.1600000000000006E-002  0.18959999999999999     
   36.000000000000000        1.4537468484324318        0.0000000000000000        0.0000000000000000        0.0000000000000000       0.72880000000000000        8.1400000000000000E-002  0.18980000000000000     
   37.000000000000000        1.4547323434083008        0.0000000000000000        0.0000000000000000        0.0000000000000000       0.72880000000000000        8.0799999999999997E-002  0.19040000000000001     
   38.000000000000000        1.4566886036706594        0.0000000000000000        0.0000000000000000        0.0000000000000000       0.72880000000000000        8.3599999999999994E-002  0.18759999999999999     
   39.000000000000000        1.4595919249722886        0.0000000000000000        0.0000000000000000        0.0000000000000000       0.72880000000000000        7.0999999999999994E-002  0.20019999999999999     
   40.000000000000000        1.4631143130704136        0.0000000000000000        0.0000000000000000        0.0000000000000000       0.72880000000000000        6.3000000000000000E-002  0.20820000000000000     
   41.000000000000000        1.4673565565080411        0.0000000000000000        0.0000000000000000        0.0000000000000000       0.72880000000000000        5.3999999999999999E-002  0.21720000000000000     
   42.000000000000000        1.4721561769561518        0.0000000000000000        0.0000000000000000        0.0000000000000000       0.72880000000000000        4.4999999999999998E-002  0.22620000000000001     
   43.000000000000000        1.4771410731224015        0.0000000000000000        0.0000000000000000        0.0000000000000000       0.72880000000000000        5.0799999999999998E-002  0.22040000000000001     
   44.000000000000000        1.4824900600962161        0.0000000000000000        0.0000000000000000        0.0000000000000000       0.72880000000000000        5.0200000000000002E-002  0.22100000000000000     
   45.000000000000000        1.4878195902834896        0.0000000000000000        0.0000000000000000        0.0000000000000000       0.72880000000000000        5.0400000000000000E-002  0.22080000000000000     
   46.000000000000000        1.4935291405293616        0.0000000000000000        0.0000000000000000        0.0000000000000000       0.72880000000000000        5.0000000000000003E-002  0.22120000000000001     
   47.000000000000000        1.4990639432224646        0.0000000000000000        0.0000000000000000        0.0000000000000000       0.72880000000000000        4.8800000000000003E-002  0.22239999999999999     
   48.000000000000000        1.5052824743117823        0.0000000000000000        0.0000000000000000        0.0000000000000000       0.72880000000000000        4.8800000000000003E-002  0.22239999999999999     
   49.000000000000000        1.5112035916501561        0.0000000000000000        0.0000000000000000        0.0000000000000000       0.72880000000000000        4.8399999999999999E-002  0.22280000000000000     
   50.000000000000000        1.5172907902830277        0.0000000000000000        0.0000000000000000        0.0000000000000000       0.72880000000000000        4.9399999999999999E-002  0.22180000000000000     
   51.000000000000000        1.5240970981622612        0.0000000000000000        0.0000000000000000        0.0000000000000000       0.72880000000000000        4.8800000000000003E-002  0.22239999999999999     
   52.000000000000000        1.5311837712917939        0.0000000000000000        0.0000000000000000        0.0000000000000000       0.72880000000000000        4.8599999999999997E-002  0.22259999999999999     
   53.000000000000000        1.5389425646755974        0.0000000000000000        0.0000000000000000        0.0000000000000000       0.72880000000000000        4.8800000000000003E-002  0.22239999999999999     
   54.000000000000000        1.5471701060913621        0.0000000000000000        0.0000000000000000        0.0000000000000000       0.72880000000000000        4.6399999999999997E-002  0.22480000000000000     
   55.000000000000000        1.5559224788589281        0.0000000000000000        0.0000000000000000        0.0000000000000000       0.72880000000000000        4.5999999999999999E-002  0.22520000000000001     
   56.000000000000000        1.5646211675796948        0.0000000000000000        0.0000000000000000        0.0000000000000000       0.72880000000000000        4.6800000000000001E-002  0.22439999999999999     
   57.000000000000000        1.5735193884455385        0.0000000000000000        0.0000000000000000        0.0000000000000000       0.72880000000000000        4.7199999999999999E-002  0.22400000000000000     
   58.000000000000000        1.5816303318016185        0.0000000000000000        0.0000000000000000        0.0000000000000000       0.72880000000000000        4.8200000000000000E-002  0.22300000000000000     
   59.000000000000000        1.5891683126225249        0.0000000000000000        0.0000000000000000        0.0000000000000000       0.72880000000000000        4.9200000000000001E-002  0.22200000000000000     
   60.000000000000000        1.5961124393380448        0.0000000000000000        0.0000000000000000        0.0000000000000000       0.72880000000000000        4.9200000000000001E-002  0.22200000000000000     
   61.000000000000000        1.6008336172693014        0.0000000000000000        0.0000000000000000        0.0000000000000000       0.72880000000000000        4.9200000000000001E-002  0.22200000000000000     
   62.000000000000000        1.6033535584338825        0.0000000000000000        0.0000000000000000        0.0000000000000000       0.72880000000000000        4.9799999999999997E-002  0.22140000000000001     
   63.000000000000000        1.6033955726946321        0.0000000000000000        0.0000000000000000        0.0000000000000000       0.72880000000000000        4.8599999999999997E-002  0.22259999999999999     
   64.000000000000000        1.6001960072962249        0.0000000000000000        0.0000000000000000        0.0000000000000000       0.72880000000000000        4.9200000000000001E-002  0.22200000000000000     
   65.000000000000000        1.5942307300658856        0.0000000000000000        0.0000000000000000        0.0000000000000000       0.72880000000000000        5.0599999999999999E-002  0.22059999999999999     
   66.000000000000000        1.5848551534021673        0.0000000000000000        0.0000000000000000        0.0000000000000000       0.72880000000000000        5.1600000000000000E-002  0.21959999999999999     
   67.000000000000000        1.5723455300157816        0.0000000000000000        0.0000000000000000        0.0000000000000000       0.72880000000000000        5.1600000000000000E-002  0.21959999999999999     
   68.000000000000000        1.5566438256068849        0.0000000000000000        0.0000000000000000        0.0000000000000000       0.72880000000000000        5.1400000000000001E-002  0.21980000000000000     
   69.000000000000000        1.5390576953585975        0.0000000000000000        0.0000000000000000        0.0000000000000000       0.72880000000000000        5.1200000000000002E-002  0.22000000000000000     
   70.000000000000000        1.5191885128966622        0.0000000000000000        0.0000000000000000        0.0000000000000000       0.72860000000000003        5.0999999999999997E-002  0.22040000000000001     
   71.000000000000000        1.4980588249599287        0.0000000000000000        0.0000000000000000        0.0000000000000000       0.72860000000000003        5.5800000000000002E-002  0.21560000000000001     
   72.000000000000000        1.4763149247104861        0.0000000000000000        0.0000000000000000        0.0000000000000000       0.72860000000000003        6.0600000000000001E-002  0.21079999999999999     
   73.000000000000000        1.4553567053918728        0.0000000000000000        0.0000000000000000        0.0000000000000000       0.72860000000000003        4.0599999999999997E-002  0.23080000000000001     
   74.000000000000000        1.4348128501138613        0.0000000000000000        0.0000000000000000        0.0000000000000000       0.72860000000000003        3.7800000000000000E-002  0.23360000000000000     
   75.000000000000000        1.4157941245884271        0.0000000000000000        0.0000000000000000        0.0000000000000000       0.72860000000000003        3.7600000000000001E-002  0.23380000000000001     
   76.000000000000000        1.3989900848002761        0.0000000000000000        0.0000000000000000        0.0000000000000000       0.72860000000000003        3.7400000000000003E-002  0.23400000000000001     
   77.000000000000000        1.3842017776457731        0.0000000000000000        0.0000000000000000        0.0000000000000000       0.72860000000000003        3.8199999999999998E-002  0.23319999999999999     
   78.000000000000000        1.3720449902673661        0.0000000000000000        0.0000000000000000        0.0000000000000000       0.72860000000000003        3.8199999999999998E-002  0.23319999999999999     
   79.000000000000000        1.3626083182080335        0.0000000000000000        0.0000000000000000        0.0000000000000000       0.72860000000000003        3.8199999999999998E-002  0.23319999999999999     
   80.000000000000000        1.3557510460584448        0.0000000000000000        0.0000000000000000        0.0000000000000000       0.72860000000000003        3.7999999999999999E-002  0.23340000000000000     
   81.000000000000000        1.3515550565240950        0.0000000000000000        0.0000000000000000        0.0000000000000000       0.72860000000000003        3.7999999999999999E-002  0.23340000000000000     
   82.000000000000000        1.3505707213762137        0.0000000000000000        0.0000000000000000        0.0000000000000000       0.72860000000000003        3.7999999999999999E-002  0.23340000000000000     
   83.000000000000000        1.3510467576459413        0.0000000000000000        0.0000000000000000        0.0000000000000000       0.72860000000000003        3.7999999999999999E-002  0.23340000000000000     
   84.000000000000000        1.3541352528446879        0.0000000000000000        0.0000000000000000        0.0000000000000000       0.72860000000000003        3.7600000000000001E-002  0.23380000000000001     
   85.000000000000000        1.3587467877051065        0.0000000000000000        0.0000000000000000        0.0000000000000000       0.72860000000000003        3.7600000000000001E-002  0.23380000000000001     
   86.000000000000000        1.3650443605884666        0.0000000000000000        0.0000000000000000        0.0000000000000000       0.72860000000000003        3.7199999999999997E-002  0.23419999999999999     
   87.000000000000000        1.3724680574968338        0.0000000000000000        0.0000000000000000        0.0000000000000000       0.72860000000000003        3.7199999999999997E-002  0.23419999999999999     
   88.000000000000000        1.3816308442409087        0.0000000000000000        0.0000000000000000        0.0000000000000000       0.72860000000000003        3.6600000000000001E-002  0.23480000000000001     
   89.000000000000000        1.3907525131915532        0.0000000000000000        0.0000000000000000        0.0000000000000000       0.72860000000000003        3.6600000000000001E-002  0.23480000000000001     
   90.000000000000000        1.3998996510907782        0.0000000000000000        0.0000000000000000        0.0000000000000000       0.72860000000000003        3.6799999999999999E-002  0.23460000000000000     
   91.000000000000000        1.4097548079656146        0.0000000000000000        0.0000000000000000        0.0000000000000000       0.72860000000000003        3.5999999999999997E-002  0.23540000000000000     
   92.000000000000000        1.4203913995560729        0.0000000000000000        0.0000000000000000        0.0000000000000000       0.72860000000000003        3.5999999999999997E-002  0.23540000000000000     
   93.000000000000000        1.4293156658030739        0.0000000000000000        0.0000000000000000        0.0000000000000000       0.72860000000000003        3.6200000000000003E-002  0.23519999999999999     
   94.000000000000000        1.4381377812739029        0.0000000000000000        0.0000000000000000        0.0000000000000000       0.72860000000000003        3.6200000000000003E-002  0.23519999999999999     
   95.000000000000000        1.4461706841045896        0.0000000000000000        0.0000000000000000        0.0000000000000000       0.72860000000000003        3.6200000000000003E-002  0.23519999999999999     
   96.000000000000000        1.4533136478021522        0.0000000000000000        0.0000000000000000        0.0000000000000000       0.72860000000000003        3.5400000000000001E-002  0.23599999999999999     
   97.000000000000000        1.4596205642352182        0.0000000000000000        0.0000000000000000        0.0000000000000000       0.72860000000000003        3.5600000000000000E-002  0.23580000000000001     
   98.000000000000000        1.4648848478938330        0.0000000000000000        0.0000000000000000        0.0000000000000000       0.72860000000000003        3.6200000000000003E-002  0.23519999999999999     
   99.000000000000000        1.4689827140530884        0.0000000000000000        0.0000000000000000        0.0000000000000000       0.72860000000000003        3.6200000000000003E-002  0.23519999999999999     
   100.00000000000000        1.4717498767695221        0.0000000000000000        0.0000000000000000        0.0000000000000000       0.72860000000000003        3.5799999999999998E-002  0.23560000000000000     
   101.00000000000000        1.4734706650729761        0.0000000000000000        0.0000000000000000        0.0000000000000000       0.72860000000000003        3.5799999999999998E-002  0.23560000000000000     
   102.00000000000000        1.4744528922881401        0.0000000000000000        0.0000000000000000        0.0000000000000000       0.72860000000000003        3.5799999999999998E-002  0.23560000000000000     
   103.00000000000000        1.4743809839186111        0.0000000000000000        0.0000000000000000        0.0000000000000000       0.72860000000000003        3.6200000000000003E-002  0.23519999999999999     
   104.00000000000000        1.4739097202047557        0.0000000000000000        0.0000000000000000        0.0000000000000000       0.72860000000000003        3.5799999999999998E-002  0.23560000000000000     
   105.00000000000000        1.4723298264533917        0.0000000000000000        0.0000000000000000        0.0000000000000000       0.72860000000000003        3.6200000000000003E-002  0.23519999999999999     
   106.00000000000000        1.4704943268278075        0.0000000000000000        0.0000000000000000        0.0000000000000000       0.72860000000000003        3.8399999999999997E-002  0.23300000000000001     
   107.00000000000000        1.4688149329031912        0.0000000000000000        0.0000000000000000        0.0000000000000000       0.72860000000000003        4.0399999999999998E-002  0.23100000000000001     
   108.00000000000000        1.4671212632084083        0.0000000000000000        0.0000000000000000        0.0000000000000000       0.72860000000000003        3.8800000000000001E-002  0.23260000000000000     
   109.00000000000000        1.4659778521546933        0.0000000000000000        0.0000000000000000        0.0000000000000000       0.72860000000000003        3.7400000000000003E-002  0.23400000000000001     
   110.00000000000000        1.4654518815935225        0.0000000000000000        0.0000000000000000        0.0000000000000000       0.72860000000000003        3.7199999999999997E-002  0.23419999999999999     
   111.00000000000000        1.4649031336985407        0.0000000000000000        0.0000000000000000        0.0000000000000000       0.72860000000000003        3.7199999999999997E-002  0.23419999999999999     
   112.00000000000000        1.4664767886208803        0.0000000000000000        0.0000000000000000        0.0000000000000000       0.72860000000000003        3.7199999999999997E-002  0.23419999999999999     
   113.00000000000000        1.4686068729044175        0.0000000000000000        0.0000000000000000        0.0000000000000000       0.72860000000000003        3.7199999999999997E-002  0.23419999999999999     
   114.00000000000000        1.4715873483508797        0.0000000000000000        0.0000000000000000        0.0000000000000000       0.72860000000000003        3.7199999999999997E-002  0.23419999999999999     
   115.00000000000000        1.4755844501478024        0.0000000000000000        0.0000000000000000        0.0000000000000000       0.72860000000000003        3.7999999999999999E-002  0.23340000000000000     
   116.00000000000000        1.4806558184213858        0.0000000000000000        0.0000000000000000        0.0000000000000000       0.72860000000000003        3.6799999999999999E-002  0.23460000000000000     
   117.00000000000000        1.4860601735144749        0.0000000000000000        0.0000000000000000        0.0000000000000000       0.72860000000000003        3.6799999999999999E-002  0.23460000000000000     
   118.00000000000000        1.4921316718113740        0.0000000000000000        0.0000000000000000        0.0000000000000000       0.72860000000000003        3.6799999999999999E-002  0.23460000000000000     
   119.00000000000000        1.4984190024542405        0.0000000000000000        0.0000000000000000        0.0000000000000000       0.72860000000000003        3.6799999999999999E-002  0.23460000000000000     
   120.00000000000000        1.5048217191148177        0.0000000000000000        0.0000000000000000        0.0000000000000000       0.72860000000000003        3.6999999999999998E-002  0.23440000000000000     
   121.00000000000000        1.5107343100347674        0.0000000000000000        0.0000000000000000        0.0000000000000000       0.72860000000000003        3.6999999999999998E-002  0.23440000000000000     
   122.00000000000000        1.5151213550462335        0.0000000000000000        0.0000000000000000        0.0000000000000000       0.72860000000000003        3.6799999999999999E-002  0.23460000000000000     
   123.00000000000000        1.5183300633741443        0.0000000000000000        0.0000000000000000        0.0000000000000000       0.72860000000000003        3.6799999999999999E-002  0.23460000000000000     
   124.00000000000000        1.5201514120314241        0.0000000000000000        0.0000000000000000        0.0000000000000000       0.72860000000000003        3.6799999999999999E-002  0.23460000000000000     
   125.00000000000000        1.5207431264509708        0.0000000000000000        0.0000000000000000        0.0000000000000000       0.72860000000000003        3.6799999999999999E-002  0.23460000000000000     
   126.00000000000000        1.5189863957879168        0.0000000000000000        0.0000000000000000        0.0000000000000000       0.72860000000000003        3.6799999999999999E-002  0.23460000000000000     
   127.00000000000000        1.5148315408105968        0.0000000000000000        0.0000000000000000        0.0000000000000000       0.72860000000000003        3.6400000000000002E-002  0.23499999999999999     
   128.00000000000000        1.5081326152393291        0.0000000000000000        0.0000000000000000        0.0000000000000000       0.72860000000000003        3.6400000000000002E-002  0.23499999999999999     
   129.00000000000000        1.5002265799145116        0.0000000000000000        0.0000000000000000        0.0000000000000000       0.72860000000000003        3.6400000000000002E-002  0.23499999999999999     
   130.00000000000000        1.4913323285610001        0.0000000000000000        0.0000000000000000        0.0000000000000000       0.72860000000000003        3.5999999999999997E-002  0.23540000000000000     
   131.00000000000000        1.4811974898553786        0.0000000000000000        0.0000000000000000        0.0000000000000000       0.72860000000000003        3.5200000000000002E-002  0.23619999999999999     
   132.00000000000000        1.4704346606260048        0.0000000000000000        0.0000000000000000        0.0000000000000000       0.72860000000000003        3.5200000000000002E-002  0.23619999999999999     
   133.00000000000000        1.4601773420552857        0.0000000000000000        0.0000000000000000        0.0000000000000000       0.72860000000000003        3.5200000000000002E-002  0.23619999999999999     
   134.00000000000000        1.4511202594771997        0.0000000000000000        0.0000000000000000        0.0000000000000000       0.72860000000000003        3.5200000000000002E-002  0.23619999999999999     
   135.00000000000000        1.4424257472028774        0.0000000000000000        0.0000000000000000        0.0000000000000000       0.72860000000000003        3.5799999999999998E-002  0.23560000000000000     
   136.00000000000000        1.4355026061781533        0.0000000000000000        0.0000000000000000        0.0000000000000000       0.72860000000000003        3.5600000000000000E-002  0.23580000000000001     
   137.00000000000000        1.4304486196555231        0.0000000000000000        0.0000000000000000        0.0000000000000000       0.72860000000000003        3.5400000000000001E-002  0.23599999999999999     
   138.00000000000000        1.4276462137854138        0.0000000000000000        0.0000000000000000        0.0000000000000000       0.72860000000000003        3.5400000000000001E-002  0.23599999999999999     
   139.00000000000000        1.4272230138481494        0.0000000000000000        0.0000000000000000        0.0000000000000000       0.72860000000000003        3.5400000000000001E-002  0.23599999999999999     
   140.00000000000000        1.4269595406510307        0.0000000000000000        0.0000000000000000        0.0000000000000000       0.72860000000000003        3.6600000000000001E-002  0.23480000000000001     
   141.00000000000000        1.4329048461347469        0.0000000000000000        0.0000000000000000        0.0000000000000000       0.72860000000000003        3.5799999999999998E-002  0.23560000000000000     
   142.00000000000000        1.4403974675840832        0.0000000000000000        0.0000000000000000        0.0000000000000000       0.72860000000000003        3.5799999999999998E-002  0.23560000000000000     
   143.00000000000000        1.4482249546866108        0.0000000000000000        0.0000000000000000        0.0000000000000000       0.72860000000000003        3.5799999999999998E-002  0.23560000000000000     
   144.00000000000000        1.4582737030598070        0.0000000000000000        0.0000000000000000        0.0000000000000000       0.72860000000000003        3.5600000000000000E-002  0.23580000000000001     
   145.00000000000000        1.4703655032213416        0.0000000000000000        0.0000000000000000        0.0000000000000000       0.72860000000000003        3.5600000000000000E-002  0.23580000000000001     
   146.00000000000000        1.4834826383394477        0.0000000000000000        0.0000000000000000        0.0000000000000000       0.72860000000000003        3.5999999999999997E-002  0.23540000000000000     
   147.00000000000000        1.4973039606004401        0.0000000000000000        0.0000000000000000        0.0000000000000000       0.72860000000000003        3.5600000000000000E-002  0.23580000000000001     
   148.00000000000000        1.5116326139780007        0.0000000000000000        0.0000000000000000        0.0000000000000000       0.72860000000000003        3.5000000000000003E-002  0.23640000000000000     
   149.00000000000000        1.5258097671511746        0.0000000000000000        0.0000000000000000        0.0000000000000000       0.72860000000000003        3.4599999999999999E-002  0.23680000000000001     
   150.00000000000000        1.5394996101215448        0.0000000000000000        0.0000000000000000        0.0000000000000000       0.72860000000000003        3.3799999999999997E-002  0.23760000000000001     
   151.00000000000000        1.5523197906111008        0.0000000000000000        0.0000000000000000        0.0000000000000000       0.72860000000000003        3.3799999999999997E-002  0.23760000000000001     
   152.00000000000000        1.5637304456150796        0.0000000000000000        0.0000000000000000        0.0000000000000000       0.72860000000000003        3.3799999999999997E-002  0.23760000000000001     
   153.00000000000000        1.5734159991889469        0.0000000000000000        0.0000000000000000        0.0000000000000000       0.72860000000000003        3.3799999999999997E-002  0.23760000000000001     
   154.00000000000000        1.5812225855808006        0.0000000000000000        0.0000000000000000        0.0000000000000000       0.72860000000000003        3.3799999999999997E-002  0.23760000000000001     
   155.00000000000000        1.5868784370157161        0.0000000000000000        0.0000000000000000        0.0000000000000000       0.72860000000000003        3.4799999999999998E-002  0.23660000000000000     
   156.00000000000000        1.5897970991385628        0.0000000000000000        0.0000000000000000        0.0000000000000000       0.72860000000000003        3.4000000000000002E-002  0.23740000000000000     
   157.00000000000000        1.5908834638487448        0.0000000000000000        0.0000000000000000        0.0000000000000000       0.72860000000000003        3.6999999999999998E-002  0.23440000000000000     
   158.00000000000000        1.5889759666555723        0.0000000000000000        0.0000000000000000        0.0000000000000000       0.72860000000000003        3.7199999999999997E-002  0.23419999999999999     
   159.00000000000000        1.5844698292729837        0.0000000000000000        0.0000000000000000        0.0000000000000000       0.72860000000000003        3.6600000000000001E-002  0.23480000000000001     
   160.00000000000000        1.5774624334522027        0.0000000000000000        0.0000000000000000        0.0000000000000000       0.72860000000000003        3.3399999999999999E-002  0.23799999999999999     
   161.00000000000000        1.5678113596013343        0.0000000000000000        0.0000000000000000        0.0000000000000000       0.72860000000000003        3.7999999999999999E-002  0.23340000000000000     
   162.00000000000000        1.5558023248593498        0.0000000000000000        0.0000000000000000        0.0000000000000000       0.72860000000000003        3.7199999999999997E-002  0.23419999999999999     
   163.00000000000000        1.5413930284973949        0.0000000000000000        0.0000000000000000        0.0000000000000000       0.72860000000000003        3.9399999999999998E-002  0.23200000000000001     
   164.00000000000000        1.5252056876149309        0.0000000000000000        0.0000000000000000        0.0000000000000000       0.72860000000000003        3.6400000000000002E-002  0.23499999999999999     
   165.00000000000000        1.5075491984231983        0.0000000000000000        0.0000000000000000        0.0000000000000000       0.72860000000000003        3.7800000000000000E-002  0.23360000000000000     
   166.00000000000000        1.4880826708183073        0.0000000000000000        0.0000000000000000        0.0000000000000000       0.72860000000000003        3.7400000000000003E-002  0.23400000000000001     
   167.00000000000000        1.4674141893855155        0.0000000000000000        0.0000000000000000        0.0000000000000000       0.72860000000000003        3.7600000000000001E-002  0.23380000000000001     
   168.00000000000000        1.4462813345374788        0.0000000000000000        0.0000000000000000        0.0000000000000000       0.72860000000000003        3.7600000000000001E-002  0.23380000000000001     
   169.00000000000000        1.4248680995995113        0.0000000000000000        0.0000000000000000        0.0000000000000000       0.72860000000000003        3.7600000000000001E-002  0.23380000000000001     
   170.00000000000000        1.4038272643260736        0.0000000000000000        0.0000000000000000        0.0000000000000000       0.72860000000000003        3.7600000000000001E-002  0.23380000000000001     
   171.00000000000000        1.3836487885642519        0.0000000000000000        0.0000000000000000        0.0000000000000000       0.72860000000000003        3.7600000000000001E-002  0.23380000000000001     
   172.00000000000000        1.3652004604830068        0.0000000000000000        0.0000000000000000        0.0000000000000000       0.72860000000000003        3.7600000000000001E-002  0.23380000000000001     
   173.00000000000000        1.3484927582416038        0.0000000000000000        0.0000000000000000        0.0000000000000000       0.72860000000000003        3.7600000000000001E-002  0.23380000000000001     
   174.00000000000000        1.3337232040080838        0.0000000000000000        0.0000000000000000        0.0000000000000000       0.72860000000000003        3.7400000000000003E-002  0.23400000000000001     
   175.00000000000000        1.3230052611188010        0.0000000000000000        0.0000000000000000        0.0000000000000000       0.72860000000000003        3.7600000000000001E-002  0.23380000000000001     
   176.00000000000000        1.3150558469555023        0.0000000000000000        0.0000000000000000        0.0000000000000000       0.72860000000000003        3.7600000000000001E-002  0.23380000000000001     
   177.00000000000000        1.3102284049229396        0.0000000000000000        0.0000000000000000        0.0000000000000000       0.72860000000000003        3.7600000000000001E-002  0.23380000000000001     
   178.00000000000000        1.3090473860189094        0.0000000000000000        0.0000000000000000        0.0000000000000000       0.72860000000000003        3.7600000000000001E-002  0.23380000000000001     
   179.00000000000000        1.3118318825237087        0.0000000000000000        0.0000000000000000        0.0000000000000000       0.72860000000000003        3.6600000000000001E-002  0.23480000000000001     
   180.00000000000000        1.3179912514415171        0.0000000000000000        0.0000000000000000        0.0000000000000000       0.72860000000000003        3.6600000000000001E-002  0.23480000000000001     
   181.00000000000000        1.3274347759665739        0.0000000000000000        0.0000000000000000        0.0000000000000000       0.72860000000000003        3.6600000000000001E-002  0.23480000000000001     
   182.00000000000000        1.3399845604142442        0.0000000000000000        0.0000000000000000        0.0000000000000000       0.72860000000000003        3.6799999999999999E-002  0.23460000000000000     
   183.00000000000000        1.3553525066796035        0.0000000000000000        0.0000000000000000        0.0000000000000000       0.72860000000000003        3.6799999999999999E-002  0.23460000000000000     
   184.00000000000000        1.3730905991018449        0.0000000000000000        0.0000000000000000        0.0000000000000000       0.72860000000000003        3.5999999999999997E-002  0.23540000000000000     
   185.00000000000000        1.3926179571927668        0.0000000000000000        0.0000000000000000        0.0000000000000000       0.72860000000000003        3.7400000000000003E-002  0.23400000000000001     
   186.00000000000000        1.4138059838526811        0.0000000000000000        0.0000000000000000        0.0000000000000000       0.72860000000000003        3.9000000000000000E-002  0.23240000000000000     
   187.00000000000000        1.4355567313966131        0.0000000000000000        0.0000000000000000        0.0000000000000000       0.72860000000000003        4.0399999999999998E-002  0.23100000000000001     
   188.00000000000000        1.4574243523014863        0.0000000000000000        0.0000000000000000        0.0000000000000000       0.72860000000000003        4.0800000000000003E-002  0.23060000000000000     
   189.00000000000000        1.4793138194333513        0.0000000000000000        0.0000000000000000        0.0000000000000000       0.72860000000000003        3.8199999999999998E-002  0.23319999999999999     
