#        BMIN =   406
#        BMAX =   411
#     INIBAND =   411
#      NBANDS =   540
#         NSW =  2000
#       POTIM =   1.0
#        TEMP = 300.0
#    NAMDTINI =   875
#    NAMDTIME =  1000
#       NTRAJ =  5000
#        NELM =  1000
#       LHOLE =     T
#        LSHP =     T
#      LCPTXT =     T
#      RUNDIR = ../../run/
   1.0000000000000000        1.8229896496018747        0.0000000000000000        0.0000000000000000        0.0000000000000000        0.0000000000000000        0.0000000000000000        1.0000000000000000     
   2.0000000000000000        1.8403484169847215        0.0000000000000000        0.0000000000000000        0.0000000000000000        0.0000000000000000        0.0000000000000000        1.0000000000000000     
   3.0000000000000000        1.8546872450079732        0.0000000000000000        0.0000000000000000        0.0000000000000000        0.0000000000000000        0.0000000000000000        1.0000000000000000     
   4.0000000000000000        1.8631969755254911        0.0000000000000000        0.0000000000000000        0.0000000000000000        0.0000000000000000        0.0000000000000000        1.0000000000000000     
   5.0000000000000000        1.8643352193603566        0.0000000000000000        0.0000000000000000        0.0000000000000000        0.0000000000000000        8.0000000000000004E-004  0.99919999999999998     
   6.0000000000000000        1.8612379569914796        0.0000000000000000        0.0000000000000000        0.0000000000000000        0.0000000000000000        8.0000000000000004E-004  0.99919999999999998     
   7.0000000000000000        1.8511942717329257        0.0000000000000000        0.0000000000000000        0.0000000000000000        0.0000000000000000        8.0000000000000004E-004  0.99919999999999998     
   8.0000000000000000        1.8350564138442689        0.0000000000000000        0.0000000000000000        0.0000000000000000        0.0000000000000000        0.0000000000000000        1.0000000000000000     
   9.0000000000000000        1.8140118148138622        0.0000000000000000        0.0000000000000000        0.0000000000000000        0.0000000000000000        2.0000000000000001E-004  0.99980000000000002     
   10.000000000000000        1.7884059775993604        0.0000000000000000        0.0000000000000000        0.0000000000000000        0.0000000000000000        2.0000000000000001E-004  0.99980000000000002     
   11.000000000000000        1.7583893455063926        0.0000000000000000        0.0000000000000000        0.0000000000000000        0.0000000000000000        2.0000000000000001E-004  0.99980000000000002     
   12.000000000000000        1.7256363361553735        0.0000000000000000        0.0000000000000000        0.0000000000000000        0.0000000000000000        2.0000000000000001E-004  0.99980000000000002     
   13.000000000000000        1.6909191380494957        0.0000000000000000        0.0000000000000000        0.0000000000000000        0.0000000000000000        5.9999999999999995E-004  0.99939999999999996     
   14.000000000000000        1.6543632793315504        0.0000000000000000        0.0000000000000000        0.0000000000000000        0.0000000000000000        8.0000000000000004E-004  0.99919999999999998     
   15.000000000000000        1.6196021107396545        0.0000000000000000        0.0000000000000000        0.0000000000000000        0.0000000000000000        8.0000000000000004E-004  0.99919999999999998     
   16.000000000000000        1.5855602120952617        0.0000000000000000        0.0000000000000000        0.0000000000000000        0.0000000000000000        1.4000000000000000E-003  0.99860000000000004     
   17.000000000000000        1.5471090455147964        0.0000000000000000        0.0000000000000000        0.0000000000000000        0.0000000000000000        1.1999999999999999E-003  0.99880000000000002     
   18.000000000000000        1.5233239918932915        0.0000000000000000        0.0000000000000000        0.0000000000000000        2.0199999999999999E-002  0.25419999999999998       0.72560000000000002     
   19.000000000000000        1.4901529923342753        0.0000000000000000        0.0000000000000000        0.0000000000000000        2.0199999999999999E-002  0.25419999999999998       0.72560000000000002     
   20.000000000000000        1.4821844747076018        0.0000000000000000        0.0000000000000000        0.0000000000000000        2.0199999999999999E-002  0.25400000000000000       0.72580000000000000     
   21.000000000000000        1.4848956665285487        0.0000000000000000        0.0000000000000000        0.0000000000000000        2.0600000000000000E-002  0.25359999999999999       0.72580000000000000     
   22.000000000000000        1.4914590726647683        0.0000000000000000        0.0000000000000000        0.0000000000000000        1.8599999999999998E-002  0.25559999999999999       0.72580000000000000     
   23.000000000000000        1.4931781323859932        0.0000000000000000        0.0000000000000000        0.0000000000000000        9.9400000000000002E-002  0.19460000000000000       0.70599999999999996     
   24.000000000000000        1.5077567796693447        0.0000000000000000        0.0000000000000000        0.0000000000000000        0.0000000000000000       0.56279999999999997       0.43719999999999998     
   25.000000000000000        1.4972423995139894        0.0000000000000000        0.0000000000000000        0.0000000000000000        2.4000000000000000E-002  0.17360000000000000       0.80240000000000000     
   26.000000000000000        1.6093821634671321        0.0000000000000000        0.0000000000000000        0.0000000000000000        2.4000000000000000E-002   0.0000000000000000       0.97599999999999998     
   27.000000000000000        1.5270165157904318        0.0000000000000000        0.0000000000000000        0.0000000000000000        2.4000000000000000E-002   0.0000000000000000       0.97599999999999998     
   28.000000000000000        1.5273762838875320        0.0000000000000000        0.0000000000000000        0.0000000000000000        2.3000000000000000E-002   1.0000000000000000E-003  0.97599999999999998     
   29.000000000000000        1.5084467001867008        0.0000000000000000        0.0000000000000000        0.0000000000000000       0.15720000000000001        5.7999999999999996E-003  0.83699999999999997     
   30.000000000000000        1.5250051670928169        0.0000000000000000        0.0000000000000000        0.0000000000000000       0.18959999999999999        5.7999999999999996E-003  0.80459999999999998     
   31.000000000000000        1.5851245794237898        0.0000000000000000        0.0000000000000000        0.0000000000000000        7.4600000000000000E-002   5.7999999999999996E-003  0.91959999999999997     
   32.000000000000000        1.5628748830699239        0.0000000000000000        0.0000000000000000        0.0000000000000000        7.4600000000000000E-002   5.7999999999999996E-003  0.91959999999999997     
   33.000000000000000        1.5861953378943168        0.0000000000000000        0.0000000000000000        0.0000000000000000        7.4600000000000000E-002   5.7999999999999996E-003  0.91959999999999997     
   34.000000000000000        1.6220690049965980        0.0000000000000000        0.0000000000000000        0.0000000000000000        7.4600000000000000E-002   5.7999999999999996E-003  0.91959999999999997     
   35.000000000000000        1.7795652084142242        0.0000000000000000        0.0000000000000000        0.0000000000000000        7.4600000000000000E-002   5.7999999999999996E-003  0.91959999999999997     
   36.000000000000000        1.6552758644553394        0.0000000000000000        0.0000000000000000        0.0000000000000000        3.8600000000000002E-002   4.1000000000000002E-002  0.92040000000000000     
   37.000000000000000        2.0375879465485482        0.0000000000000000        0.0000000000000000        0.0000000000000000        7.1999999999999995E-002   5.5999999999999999E-003  0.92240000000000000     
   38.000000000000000        1.6879067934643979        0.0000000000000000        0.0000000000000000        0.0000000000000000        7.1999999999999995E-002   5.4000000000000003E-003  0.92259999999999998     
   39.000000000000000        1.7002798290580989        0.0000000000000000        0.0000000000000000        0.0000000000000000        7.1999999999999995E-002   5.4000000000000003E-003  0.92259999999999998     
   40.000000000000000        1.7118339648784235        0.0000000000000000        0.0000000000000000        0.0000000000000000        7.1999999999999995E-002   5.4000000000000003E-003  0.92259999999999998     
   41.000000000000000        1.7214187116874931        0.0000000000000000        0.0000000000000000        0.0000000000000000        7.1999999999999995E-002   5.4000000000000003E-003  0.92259999999999998     
   42.000000000000000        1.7283945103399763        0.0000000000000000        0.0000000000000000        0.0000000000000000        7.1999999999999995E-002   5.1999999999999998E-003  0.92279999999999995     
   43.000000000000000        1.7328288521696580        0.0000000000000000        0.0000000000000000        0.0000000000000000        7.1999999999999995E-002   5.1999999999999998E-003  0.92279999999999995     
   44.000000000000000        1.7357926922291798        0.0000000000000000        0.0000000000000000        0.0000000000000000        7.1999999999999995E-002   4.7999999999999996E-003  0.92320000000000002     
   45.000000000000000        1.7363699112882809        0.0000000000000000        0.0000000000000000        0.0000000000000000        7.1999999999999995E-002   5.7999999999999996E-003  0.92220000000000002     
   46.000000000000000        1.7344458304118673        0.0000000000000000        0.0000000000000000        0.0000000000000000        7.1999999999999995E-002   8.8000000000000005E-003  0.91920000000000002     
   47.000000000000000        1.7318683919274178        0.0000000000000000        0.0000000000000000        0.0000000000000000        7.1999999999999995E-002   1.2200000000000001E-002  0.91579999999999995     
   48.000000000000000        1.7291344845750543        0.0000000000000000        0.0000000000000000        0.0000000000000000        7.1999999999999995E-002   1.1599999999999999E-002  0.91639999999999999     
   49.000000000000000        1.7257943507302211        0.0000000000000000        0.0000000000000000        0.0000000000000000        7.1999999999999995E-002   8.2000000000000007E-003  0.91979999999999995     
   50.000000000000000        1.7232417359223335        0.0000000000000000        0.0000000000000000        0.0000000000000000        7.1999999999999995E-002   6.1999999999999998E-003  0.92179999999999995     
   51.000000000000000        1.7211535229589610        0.0000000000000000        0.0000000000000000        0.0000000000000000        7.1999999999999995E-002   6.1999999999999998E-003  0.92179999999999995     
   52.000000000000000        1.7201921282301769        0.0000000000000000        0.0000000000000000        0.0000000000000000        7.1999999999999995E-002   6.0000000000000001E-003  0.92200000000000004     
   53.000000000000000        1.7211467659599717        0.0000000000000000        0.0000000000000000        0.0000000000000000        7.1999999999999995E-002   1.0200000000000001E-002  0.91779999999999995     
   54.000000000000000        1.7238718177799881        0.0000000000000000        0.0000000000000000        0.0000000000000000        7.1999999999999995E-002   4.3999999999999997E-002  0.88400000000000001     
   55.000000000000000        1.7286334284989966        0.0000000000000000        0.0000000000000000        0.0000000000000000        7.1999999999999995E-002   6.5799999999999997E-002  0.86219999999999997     
   56.000000000000000        1.7349306060431617        0.0000000000000000        0.0000000000000000        0.0000000000000000        7.1999999999999995E-002   8.5599999999999996E-002  0.84240000000000004     
   57.000000000000000        1.7429559333678792        0.0000000000000000        0.0000000000000000        0.0000000000000000        7.1999999999999995E-002   7.7399999999999997E-002  0.85060000000000002     
   58.000000000000000        1.7522671294683740        0.0000000000000000        0.0000000000000000        0.0000000000000000        7.1999999999999995E-002   7.1599999999999997E-002  0.85640000000000005     
   59.000000000000000        1.7623254178952494        0.0000000000000000        0.0000000000000000        0.0000000000000000        7.1999999999999995E-002   7.1199999999999999E-002  0.85680000000000001     
   60.000000000000000        1.7729457644598989        0.0000000000000000        0.0000000000000000        0.0000000000000000        7.1999999999999995E-002   7.3200000000000001E-002  0.85480000000000000     
   61.000000000000000        1.7824332570819470        0.0000000000000000        0.0000000000000000        0.0000000000000000        7.1999999999999995E-002   7.3200000000000001E-002  0.85480000000000000     
   62.000000000000000        1.7924588835575506        0.0000000000000000        0.0000000000000000        0.0000000000000000        7.1999999999999995E-002   7.3800000000000004E-002  0.85419999999999996     
   63.000000000000000        1.8000201801305808        0.0000000000000000        0.0000000000000000        0.0000000000000000        7.1999999999999995E-002   7.3999999999999996E-002  0.85399999999999998     
   64.000000000000000        1.8060599707895051        0.0000000000000000        0.0000000000000000        0.0000000000000000        7.1999999999999995E-002   7.4200000000000002E-002  0.85380000000000000     
   65.000000000000000        1.8107531160285646        0.0000000000000000        0.0000000000000000        0.0000000000000000        7.1999999999999995E-002   7.4200000000000002E-002  0.85380000000000000     
   66.000000000000000        1.8104126220488654        0.0000000000000000        0.0000000000000000        0.0000000000000000        7.1999999999999995E-002   7.3999999999999996E-002  0.85399999999999998     
   67.000000000000000        1.8089496417259745        0.0000000000000000        0.0000000000000000        0.0000000000000000        7.1999999999999995E-002   7.3999999999999996E-002  0.85399999999999998     
   68.000000000000000        1.8035023641907468        0.0000000000000000        0.0000000000000000        0.0000000000000000        7.1999999999999995E-002   7.3999999999999996E-002  0.85399999999999998     
   69.000000000000000        1.7941702791824499        0.0000000000000000        0.0000000000000000        0.0000000000000000        7.1999999999999995E-002   7.3999999999999996E-002  0.85399999999999998     
   70.000000000000000        1.7822869032427060        0.0000000000000000        0.0000000000000000        0.0000000000000000        7.1999999999999995E-002   7.3999999999999996E-002  0.85399999999999998     
   71.000000000000000        1.7676657556354645        0.0000000000000000        0.0000000000000000        0.0000000000000000        7.1999999999999995E-002   7.3999999999999996E-002  0.85399999999999998     
   72.000000000000000        1.7498475550822885        0.0000000000000000        0.0000000000000000        0.0000000000000000        7.1999999999999995E-002   7.4399999999999994E-002  0.85360000000000003     
   73.000000000000000        1.7296115674962300        0.0000000000000000        0.0000000000000000        0.0000000000000000        7.1999999999999995E-002   7.4399999999999994E-002  0.85360000000000003     
   74.000000000000000        1.7078051582443554        0.0000000000000000        0.0000000000000000        0.0000000000000000        7.1999999999999995E-002   7.3599999999999999E-002  0.85440000000000005     
   75.000000000000000        1.6846668785011374        0.0000000000000000        0.0000000000000000        0.0000000000000000        7.1999999999999995E-002   7.2599999999999998E-002  0.85540000000000005     
   76.000000000000000        1.6612569551351308        0.0000000000000000        0.0000000000000000        0.0000000000000000        7.1999999999999995E-002   7.3599999999999999E-002  0.85440000000000005     
   77.000000000000000        1.6367620503533937        0.0000000000000000        0.0000000000000000        0.0000000000000000        7.1999999999999995E-002   7.4200000000000002E-002  0.85380000000000000     
   78.000000000000000        1.6114443229681039        0.0000000000000000        0.0000000000000000        0.0000000000000000        7.1999999999999995E-002   7.3800000000000004E-002  0.85419999999999996     
   79.000000000000000        1.5802014934453088        0.0000000000000000        0.0000000000000000        0.0000000000000000       0.32219999999999999        0.0000000000000000       0.67779999999999996     
   80.000000000000000        1.5707360399082124        0.0000000000000000        0.0000000000000000        0.0000000000000000       0.32179999999999997        4.0000000000000002E-004  0.67779999999999996     
   81.000000000000000        1.5780514460895672        0.0000000000000000        0.0000000000000000        0.0000000000000000       0.32060000000000000        1.6000000000000001E-003  0.67779999999999996     
   82.000000000000000        1.5849783258093473        0.0000000000000000        0.0000000000000000        0.0000000000000000       0.32060000000000000        1.6000000000000001E-003  0.67779999999999996     
   83.000000000000000        1.5916951503906529        0.0000000000000000        0.0000000000000000        0.0000000000000000       0.32060000000000000        1.6000000000000001E-003  0.67779999999999996     
   84.000000000000000        1.5974685442636221        0.0000000000000000        0.0000000000000000        0.0000000000000000       0.32060000000000000        1.6000000000000001E-003  0.67779999999999996     
   85.000000000000000        1.6017724543868246        0.0000000000000000        0.0000000000000000        0.0000000000000000       0.32060000000000000        1.6000000000000001E-003  0.67779999999999996     
   86.000000000000000        1.6098944335245224        0.0000000000000000        0.0000000000000000        0.0000000000000000       0.31960000000000000        2.5999999999999999E-003  0.67779999999999996     
   87.000000000000000        1.6123711346238281        0.0000000000000000        0.0000000000000000        0.0000000000000000       0.29480000000000001        2.7400000000000001E-002  0.67779999999999996     
   88.000000000000000        1.6138759498678783        0.0000000000000000        0.0000000000000000        0.0000000000000000       0.28680000000000000        3.5400000000000001E-002  0.67779999999999996     
   89.000000000000000        1.6169661155584876        0.0000000000000000        0.0000000000000000        0.0000000000000000       0.29280000000000000        2.9399999999999999E-002  0.67779999999999996     
   90.000000000000000        1.6194084953273378        0.0000000000000000        0.0000000000000000        0.0000000000000000       0.29440000000000000        2.7799999999999998E-002  0.67779999999999996     
   91.000000000000000        1.6179951173531517        0.0000000000000000        0.0000000000000000        0.0000000000000000       0.29399999999999998        2.8199999999999999E-002  0.67779999999999996     
   92.000000000000000        1.6192690896045847        0.0000000000000000        0.0000000000000000        0.0000000000000000       0.29399999999999998        2.8199999999999999E-002  0.67779999999999996     
   93.000000000000000        1.6231439797146396        0.0000000000000000        0.0000000000000000        0.0000000000000000       0.14199999999999999        4.0000000000000002E-004  0.85760000000000003     
   94.000000000000000        1.6402872088312392        0.0000000000000000        0.0000000000000000        0.0000000000000000       0.14199999999999999        1.6000000000000001E-003  0.85640000000000005     
   95.000000000000000        1.6691727335357438        0.0000000000000000        0.0000000000000000        0.0000000000000000       0.14199999999999999        1.6000000000000001E-003  0.85640000000000005     
   96.000000000000000        1.6986146631921457        0.0000000000000000        0.0000000000000000        0.0000000000000000       0.14199999999999999        1.6000000000000001E-003  0.85640000000000005     
   97.000000000000000        1.7275033518118879        0.0000000000000000        0.0000000000000000        0.0000000000000000       0.14199999999999999        1.8000000000000000E-003  0.85619999999999996     
   98.000000000000000        1.7550487759146114        0.0000000000000000        0.0000000000000000        0.0000000000000000       0.14199999999999999        3.8000000000000000E-003  0.85419999999999996     
   99.000000000000000        1.7800805514345686        0.0000000000000000        0.0000000000000000        0.0000000000000000       0.14199999999999999        3.8000000000000000E-003  0.85419999999999996     
   100.00000000000000        1.8021560598336186        0.0000000000000000        0.0000000000000000        0.0000000000000000       0.14199999999999999        5.1999999999999998E-003  0.85280000000000000     
   101.00000000000000        1.8210025141032364        0.0000000000000000        0.0000000000000000        0.0000000000000000       0.14199999999999999        7.4000000000000003E-003  0.85060000000000002     
   102.00000000000000        1.8356851870069408        0.0000000000000000        0.0000000000000000        0.0000000000000000       0.14199999999999999        1.0600000000000000E-002  0.84740000000000004     
   103.00000000000000        1.8453699315303229        0.0000000000000000        0.0000000000000000        0.0000000000000000       0.14199999999999999        1.5200000000000000E-002  0.84279999999999999     
   104.00000000000000        1.8502201475981446        0.0000000000000000        0.0000000000000000        0.0000000000000000       0.14199999999999999        1.4600000000000000E-002  0.84340000000000004     
   105.00000000000000        1.8504557656816236        0.0000000000000000        0.0000000000000000        0.0000000000000000       0.14199999999999999        1.4400000000000000E-002  0.84360000000000002     
   106.00000000000000        1.8438069886770199        0.0000000000000000        0.0000000000000000        0.0000000000000000       0.14199999999999999        1.4800000000000001E-002  0.84319999999999995     
   107.00000000000000        1.8334342792021796        0.0000000000000000        0.0000000000000000        0.0000000000000000       0.14199999999999999        2.1800000000000000E-002  0.83620000000000005     
   108.00000000000000        1.8182181220898479        0.0000000000000000        0.0000000000000000        0.0000000000000000       0.14199999999999999        1.9599999999999999E-002  0.83840000000000003     
   109.00000000000000        1.7980667751355721        0.0000000000000000        0.0000000000000000        0.0000000000000000       0.14199999999999999        2.1600000000000001E-002  0.83640000000000003     
   110.00000000000000        1.7738775433678564        0.0000000000000000        0.0000000000000000        0.0000000000000000       0.14199999999999999        2.2400000000000000E-002  0.83560000000000001     
   111.00000000000000        1.7453467719126676        0.0000000000000000        0.0000000000000000        0.0000000000000000       0.14199999999999999        2.2400000000000000E-002  0.83560000000000001     
   112.00000000000000        1.7147906118563112        0.0000000000000000        0.0000000000000000        0.0000000000000000       0.14199999999999999        1.9599999999999999E-002  0.83840000000000003     
   113.00000000000000        1.6815331756655494        0.0000000000000000        0.0000000000000000        0.0000000000000000       0.14199999999999999        2.9800000000000000E-002  0.82820000000000005     
   114.00000000000000        1.6470631253449515        0.0000000000000000        0.0000000000000000        0.0000000000000000       0.14199999999999999        2.9600000000000001E-002  0.82840000000000003     
   115.00000000000000        1.6127135909272143        0.0000000000000000        0.0000000000000000        0.0000000000000000       0.14199999999999999        4.3600000000000000E-002  0.81440000000000001     
   116.00000000000000        1.5778511095089502        0.0000000000000000        0.0000000000000000        0.0000000000000000       0.14199999999999999        4.3600000000000000E-002  0.81440000000000001     
   117.00000000000000        1.5448684509571480        0.0000000000000000        0.0000000000000000        0.0000000000000000       0.14199999999999999        4.1399999999999999E-002  0.81659999999999999     
   118.00000000000000        1.5137820958942931        0.0000000000000000        0.0000000000000000        0.0000000000000000       0.14199999999999999        4.1200000000000001E-002  0.81679999999999997     
   119.00000000000000        1.4858737747186122        0.0000000000000000        0.0000000000000000        0.0000000000000000       0.14199999999999999        3.7999999999999999E-002  0.81999999999999995     
   120.00000000000000        1.4613929106104395        0.0000000000000000        0.0000000000000000        0.0000000000000000       0.14199999999999999        3.7999999999999999E-002  0.81999999999999995     
   121.00000000000000        1.4418154040442268        0.0000000000000000        0.0000000000000000        0.0000000000000000       0.14199999999999999        3.7999999999999999E-002  0.81999999999999995     
   122.00000000000000        1.4226298562143265        0.0000000000000000        0.0000000000000000        0.0000000000000000       0.14199999999999999        2.7600000000000000E-002  0.83040000000000003     
   123.00000000000000        1.4165793954943986        0.0000000000000000        0.0000000000000000        0.0000000000000000       0.14199999999999999        2.7400000000000001E-002  0.83060000000000000     
   124.00000000000000        1.4419553674414700        0.0000000000000000        0.0000000000000000        0.0000000000000000        5.3400000000000003E-002  0.48859999999999998       0.45800000000000002     
   125.00000000000000        1.3928570205298798        0.0000000000000000        0.0000000000000000        0.0000000000000000       0.19180000000000000       0.41820000000000002       0.39000000000000001     
   126.00000000000000        1.4108047678844706        0.0000000000000000        0.0000000000000000        0.0000000000000000       0.22180000000000000        2.6200000000000001E-002  0.75200000000000000     
   127.00000000000000        1.4491602964727188        0.0000000000000000        0.0000000000000000        0.0000000000000000       0.20799999999999999        1.3800000000000000E-002  0.77820000000000000     
   128.00000000000000        1.4254811315873357        0.0000000000000000        0.0000000000000000        0.0000000000000000       0.20799999999999999        9.7999999999999997E-003  0.78220000000000001     
   129.00000000000000        1.4465251409528141        0.0000000000000000        0.0000000000000000        0.0000000000000000       0.20799999999999999        6.4000000000000003E-003  0.78559999999999997     
   130.00000000000000        1.4634856567854586        0.0000000000000000        0.0000000000000000        0.0000000000000000       0.20799999999999999        8.3999999999999995E-003  0.78359999999999996     
   131.00000000000000        1.4831146627771155        0.0000000000000000        0.0000000000000000        0.0000000000000000       0.20799999999999999        8.2000000000000007E-003  0.78380000000000005     
   132.00000000000000        1.5032405555954118        0.0000000000000000        0.0000000000000000        0.0000000000000000       0.20799999999999999        1.0800000000000001E-002  0.78120000000000001     
   133.00000000000000        1.5240531453675967        0.0000000000000000        0.0000000000000000        0.0000000000000000       0.20799999999999999        1.0999999999999999E-002  0.78100000000000003     
   134.00000000000000        1.5448522732128445        0.0000000000000000        0.0000000000000000        0.0000000000000000       0.20799999999999999        8.0000000000000002E-003  0.78400000000000003     
   135.00000000000000        1.5648600559846844        0.0000000000000000        0.0000000000000000        0.0000000000000000       0.20799999999999999        1.0999999999999999E-002  0.78100000000000003     
   136.00000000000000        1.5837071137645897        0.0000000000000000        0.0000000000000000        0.0000000000000000       0.20799999999999999        1.7000000000000001E-002  0.77500000000000002     
   137.00000000000000        1.6032339172042631        0.0000000000000000        0.0000000000000000        0.0000000000000000       0.20799999999999999        1.9800000000000002E-002  0.77220000000000000     
   138.00000000000000        1.6186045596079355        0.0000000000000000        0.0000000000000000        0.0000000000000000       0.20799999999999999        2.3800000000000002E-002  0.76819999999999999     
   139.00000000000000        1.6314783011999676        0.0000000000000000        0.0000000000000000        0.0000000000000000       0.20799999999999999        2.4799999999999999E-002  0.76719999999999999     
   140.00000000000000        1.6435708921907342        0.0000000000000000        0.0000000000000000        0.0000000000000000       0.20799999999999999        2.2599999999999999E-002  0.76939999999999997     
   141.00000000000000        1.6533674821684530        0.0000000000000000        0.0000000000000000        0.0000000000000000       0.20799999999999999        2.2599999999999999E-002  0.76939999999999997     
   142.00000000000000        1.6611508121008622        0.0000000000000000        0.0000000000000000        0.0000000000000000       0.20799999999999999        1.8599999999999998E-002  0.77339999999999998     
   143.00000000000000        1.6668544025381982        0.0000000000000000        0.0000000000000000        0.0000000000000000       0.20799999999999999        1.9400000000000001E-002  0.77259999999999995     
   144.00000000000000        1.6702037282311486        0.0000000000000000        0.0000000000000000        0.0000000000000000       0.20799999999999999        1.9800000000000002E-002  0.77220000000000000     
   145.00000000000000        1.6720598435056624        0.0000000000000000        0.0000000000000000        0.0000000000000000       0.20799999999999999        1.8599999999999998E-002  0.77339999999999998     
   146.00000000000000        1.6723380816708908        0.0000000000000000        0.0000000000000000        0.0000000000000000       0.20799999999999999        1.8599999999999998E-002  0.77339999999999998     
   147.00000000000000        1.6712484156760592        0.0000000000000000        0.0000000000000000        0.0000000000000000       0.20799999999999999        1.9000000000000000E-002  0.77300000000000002     
   148.00000000000000        1.6692097295014992        0.0000000000000000        0.0000000000000000        0.0000000000000000       0.20799999999999999        1.9000000000000000E-002  0.77300000000000002     
   149.00000000000000        1.6668195249260895        0.0000000000000000        0.0000000000000000        0.0000000000000000       0.20799999999999999        1.7800000000000000E-002  0.77420000000000000     
   150.00000000000000        1.6639335946474354        0.0000000000000000        0.0000000000000000        0.0000000000000000       0.20799999999999999        1.7800000000000000E-002  0.77420000000000000     
   151.00000000000000        1.6613441534451261        0.0000000000000000        0.0000000000000000        0.0000000000000000       0.20799999999999999        1.6000000000000000E-002  0.77600000000000002     
   152.00000000000000        1.6593734288429762        0.0000000000000000        0.0000000000000000        0.0000000000000000       0.20799999999999999        1.6000000000000000E-002  0.77600000000000002     
   153.00000000000000        1.6580954546490940        0.0000000000000000        0.0000000000000000        0.0000000000000000       0.20799999999999999        1.9000000000000000E-002  0.77300000000000002     
   154.00000000000000        1.6592732711002116        0.0000000000000000        0.0000000000000000        0.0000000000000000       0.20799999999999999        1.9000000000000000E-002  0.77300000000000002     
   155.00000000000000        1.6588692816617741        0.0000000000000000        0.0000000000000000        0.0000000000000000       0.20799999999999999        1.9599999999999999E-002  0.77239999999999998     
   156.00000000000000        1.6611566402361737        0.0000000000000000        0.0000000000000000        0.0000000000000000       0.20799999999999999        1.8200000000000001E-002  0.77380000000000004     
   157.00000000000000        1.6645253448087320        0.0000000000000000        0.0000000000000000        0.0000000000000000       0.20799999999999999        1.9599999999999999E-002  0.77239999999999998     
   158.00000000000000        1.6693362673743883        0.0000000000000000        0.0000000000000000        0.0000000000000000       0.20799999999999999        2.1000000000000001E-002  0.77100000000000002     
   159.00000000000000        1.6750318273569549        0.0000000000000000        0.0000000000000000        0.0000000000000000       0.20799999999999999        2.3000000000000000E-002  0.76900000000000002     
   160.00000000000000        1.6813695330322891        0.0000000000000000        0.0000000000000000        0.0000000000000000       0.20799999999999999        1.7399999999999999E-002  0.77459999999999996     
   161.00000000000000        1.6877628909826146        0.0000000000000000        0.0000000000000000        0.0000000000000000       0.20799999999999999        2.4199999999999999E-002  0.76780000000000004     
   162.00000000000000        1.6936755816987432        0.0000000000000000        0.0000000000000000        0.0000000000000000       0.20799999999999999        2.6400000000000000E-002  0.76559999999999995     
   163.00000000000000        1.6994269189475393        0.0000000000000000        0.0000000000000000        0.0000000000000000       0.20799999999999999        2.5999999999999999E-002  0.76600000000000001     
   164.00000000000000        1.7041448709515494        0.0000000000000000        0.0000000000000000        0.0000000000000000       0.20799999999999999        2.5000000000000001E-002  0.76700000000000002     
   165.00000000000000        1.7074005207695251        0.0000000000000000        0.0000000000000000        0.0000000000000000       0.20799999999999999        4.5199999999999997E-002  0.74680000000000002     
   166.00000000000000        1.7084995183008065        0.0000000000000000        0.0000000000000000        0.0000000000000000       0.20799999999999999        3.7199999999999997E-002  0.75480000000000003     
   167.00000000000000        1.7073573576582186        0.0000000000000000        0.0000000000000000        0.0000000000000000       0.20799999999999999        6.5199999999999994E-002  0.72680000000000000     
   168.00000000000000        1.7090093075937220        0.0000000000000000        0.0000000000000000        0.0000000000000000       0.20799999999999999        6.3200000000000006E-002  0.72880000000000000     
   169.00000000000000        1.7032131735639233        0.0000000000000000        0.0000000000000000        0.0000000000000000       0.20799999999999999        5.6800000000000003E-002  0.73519999999999996     
   170.00000000000000        1.6930445793815514        0.0000000000000000        0.0000000000000000        0.0000000000000000       0.20799999999999999        4.6399999999999997E-002  0.74560000000000004     
   171.00000000000000        1.6834984356348084        0.0000000000000000        0.0000000000000000        0.0000000000000000       0.20799999999999999        5.5199999999999999E-002  0.73680000000000001     
   172.00000000000000        1.6721921183633390        0.0000000000000000        0.0000000000000000        0.0000000000000000       0.20799999999999999        4.6800000000000001E-002  0.74519999999999997     
   173.00000000000000        1.6588080751111640        0.0000000000000000        0.0000000000000000        0.0000000000000000       0.20799999999999999        4.4999999999999998E-002  0.74700000000000000     
   174.00000000000000        1.6446099160193517        0.0000000000000000        0.0000000000000000        0.0000000000000000       0.20799999999999999        4.3600000000000000E-002  0.74839999999999995     
   175.00000000000000        1.6292377713672612        0.0000000000000000        0.0000000000000000        0.0000000000000000       0.20799999999999999        3.1600000000000003E-002  0.76039999999999996     
   176.00000000000000        1.6133398086198665        0.0000000000000000        0.0000000000000000        0.0000000000000000       0.20799999999999999        2.1000000000000001E-002  0.77100000000000002     
   177.00000000000000        1.5976523184096805        0.0000000000000000        0.0000000000000000        0.0000000000000000       0.20799999999999999        2.0400000000000001E-002  0.77159999999999995     
   178.00000000000000        1.5824559322790641        0.0000000000000000        0.0000000000000000        0.0000000000000000       0.20799999999999999        2.7400000000000001E-002  0.76459999999999995     
   179.00000000000000        1.5675195292529724        0.0000000000000000        0.0000000000000000        0.0000000000000000       0.20799999999999999        2.8199999999999999E-002  0.76380000000000003     
   180.00000000000000        1.5556060744543332        0.0000000000000000        0.0000000000000000        0.0000000000000000       0.20799999999999999        2.2400000000000000E-002  0.76959999999999995     
   181.00000000000000        1.5448826626977110        0.0000000000000000        0.0000000000000000        0.0000000000000000       0.20799999999999999        1.9199999999999998E-002  0.77280000000000004     
   182.00000000000000        1.5367441305057801        0.0000000000000000        0.0000000000000000        0.0000000000000000       0.20799999999999999        1.9400000000000001E-002  0.77259999999999995     
   183.00000000000000        1.5310648194019372        0.0000000000000000        0.0000000000000000        0.0000000000000000       0.20799999999999999        1.9000000000000000E-002  0.77300000000000002     
   184.00000000000000        1.5285161131967011        0.0000000000000000        0.0000000000000000        0.0000000000000000       0.20799999999999999        2.1200000000000000E-002  0.77080000000000004     
   185.00000000000000        1.5297630197112264        0.0000000000000000        0.0000000000000000        0.0000000000000000       0.20799999999999999        2.2599999999999999E-002  0.76939999999999997     
   186.00000000000000        1.5344310849399201        0.0000000000000000        0.0000000000000000        0.0000000000000000       0.20799999999999999        2.3599999999999999E-002  0.76839999999999997     
   187.00000000000000        1.5429198469741583        0.0000000000000000        0.0000000000000000        0.0000000000000000       0.20799999999999999        2.3400000000000001E-002  0.76859999999999995     
   188.00000000000000        1.5550734920981688        0.0000000000000000        0.0000000000000000        0.0000000000000000       0.20799999999999999        2.3400000000000001E-002  0.76859999999999995     
   189.00000000000000        1.5709222056174355        0.0000000000000000        0.0000000000000000        0.0000000000000000       0.20799999999999999        2.4000000000000000E-002  0.76800000000000002     
