#        BMIN =   406
#        BMAX =   411
#     INIBAND =   410
#      NBANDS =   540
#         NSW =  2000
#       POTIM =   1.0
#        TEMP = 300.0
#    NAMDTINI =   444
#    NAMDTIME =  1000
#       NTRAJ =  5000
#        NELM =  1000
#       LHOLE =     T
#        LSHP =     T
#      LCPTXT =     T
#      RUNDIR = ../../run/
   1.0000000000000000        1.9174778138591488        0.0000000000000000        0.0000000000000000        0.0000000000000000        0.0000000000000000        1.0000000000000000        0.0000000000000000     
   2.0000000000000000        1.9004264959694068        0.0000000000000000        0.0000000000000000        0.0000000000000000        0.0000000000000000        1.0000000000000000        0.0000000000000000     
   3.0000000000000000        1.8790821114729890        0.0000000000000000        0.0000000000000000        0.0000000000000000        0.0000000000000000       0.99980000000000002        2.0000000000000001E-004
   4.0000000000000000        1.8553090680058109        0.0000000000000000        0.0000000000000000        0.0000000000000000        0.0000000000000000        1.0000000000000000        0.0000000000000000     
   5.0000000000000000        1.8244692212185818        0.0000000000000000        0.0000000000000000        0.0000000000000000        0.0000000000000000        1.0000000000000000        0.0000000000000000     
   6.0000000000000000        1.7937384202247617        0.0000000000000000        0.0000000000000000        0.0000000000000000        0.0000000000000000       0.99639999999999995        3.5999999999999999E-003
   7.0000000000000000        1.7583526214471699        0.0000000000000000        0.0000000000000000        0.0000000000000000        0.0000000000000000       0.99960000000000004        4.0000000000000002E-004
   8.0000000000000000        1.7235666342595894        0.0000000000000000        0.0000000000000000        0.0000000000000000        0.0000000000000000       0.99039999999999995        9.5999999999999992E-003
   9.0000000000000000        1.6875523820058758        0.0000000000000000        0.0000000000000000        0.0000000000000000        0.0000000000000000       0.96819999999999995        3.1800000000000002E-002
   10.000000000000000        1.6522601504997709        0.0000000000000000        0.0000000000000000        0.0000000000000000        0.0000000000000000       0.98080000000000001        1.9199999999999998E-002
   11.000000000000000        1.6185476297458519        0.0000000000000000        0.0000000000000000        0.0000000000000000        0.0000000000000000       0.98160000000000003        1.8400000000000000E-002
   12.000000000000000        1.5871686733896895        0.0000000000000000        0.0000000000000000        0.0000000000000000        0.0000000000000000       0.98219999999999996        1.7800000000000000E-002
   13.000000000000000        1.5593721722937504        0.0000000000000000        0.0000000000000000        0.0000000000000000        0.0000000000000000       0.97599999999999998        2.4000000000000000E-002
   14.000000000000000        1.5354029931623983        0.0000000000000000        0.0000000000000000        0.0000000000000000        0.0000000000000000       0.99639999999999995        3.5999999999999999E-003
   15.000000000000000        1.5163754514222605        0.0000000000000000        0.0000000000000000        0.0000000000000000        0.0000000000000000       0.99939999999999996        5.9999999999999995E-004
   16.000000000000000        1.5027686048387050        0.0000000000000000        0.0000000000000000        0.0000000000000000        0.0000000000000000        1.0000000000000000        0.0000000000000000     
   17.000000000000000        1.4948316568967202        0.0000000000000000        0.0000000000000000        0.0000000000000000        0.0000000000000000       0.99700000000000000        3.0000000000000001E-003
   18.000000000000000        1.4927266330566864        0.0000000000000000        0.0000000000000000        0.0000000000000000        0.0000000000000000       0.99980000000000002        2.0000000000000001E-004
   19.000000000000000        1.4962724205230666        0.0000000000000000        0.0000000000000000        0.0000000000000000        0.0000000000000000       0.99980000000000002        2.0000000000000001E-004
   20.000000000000000        1.5058018642408406        0.0000000000000000        0.0000000000000000        0.0000000000000000        0.0000000000000000       0.99980000000000002        2.0000000000000001E-004
   21.000000000000000        1.5209126685865215        0.0000000000000000        0.0000000000000000        0.0000000000000000        0.0000000000000000       0.99980000000000002        2.0000000000000001E-004
   22.000000000000000        1.5401369053821496        0.0000000000000000        0.0000000000000000        0.0000000000000000        0.0000000000000000       0.99919999999999998        8.0000000000000004E-004
   23.000000000000000        1.5635565026513396        0.0000000000000000        0.0000000000000000        0.0000000000000000        0.0000000000000000       0.99919999999999998        8.0000000000000004E-004
   24.000000000000000        1.5908128504512391        0.0000000000000000        0.0000000000000000        0.0000000000000000        0.0000000000000000       0.99900000000000000        1.0000000000000000E-003
   25.000000000000000        1.6204119107077779        0.0000000000000000        0.0000000000000000        0.0000000000000000        0.0000000000000000       0.99960000000000004        4.0000000000000002E-004
   26.000000000000000        1.6519646957568310        0.0000000000000000        0.0000000000000000        0.0000000000000000        0.0000000000000000       0.99960000000000004        4.0000000000000002E-004
   27.000000000000000        1.6839551743508241        0.0000000000000000        0.0000000000000000        0.0000000000000000        0.0000000000000000       0.99960000000000004        4.0000000000000002E-004
   28.000000000000000        1.7158936198956358        0.0000000000000000        0.0000000000000000        0.0000000000000000        0.0000000000000000       0.99960000000000004        4.0000000000000002E-004
   29.000000000000000        1.7468622776358520        0.0000000000000000        0.0000000000000000        0.0000000000000000        0.0000000000000000       0.99839999999999995        1.6000000000000001E-003
   30.000000000000000        1.7763405438876660        0.0000000000000000        0.0000000000000000        0.0000000000000000        0.0000000000000000       0.99819999999999998        1.8000000000000000E-003
   31.000000000000000        1.8034408199335155        0.0000000000000000        0.0000000000000000        0.0000000000000000        0.0000000000000000       0.99860000000000004        1.4000000000000000E-003
   32.000000000000000        1.8275987805096994        0.0000000000000000        0.0000000000000000        0.0000000000000000        0.0000000000000000       0.99900000000000000        1.0000000000000000E-003
   33.000000000000000        1.8475235066242459        0.0000000000000000        0.0000000000000000        0.0000000000000000        0.0000000000000000       0.99900000000000000        1.0000000000000000E-003
   34.000000000000000        1.8639107279165039        0.0000000000000000        0.0000000000000000        0.0000000000000000        0.0000000000000000       0.99980000000000002        2.0000000000000001E-004
   35.000000000000000        1.8765684090815404        0.0000000000000000        0.0000000000000000        0.0000000000000000        0.0000000000000000       0.99980000000000002        2.0000000000000001E-004
   36.000000000000000        1.8839785214084992        0.0000000000000000        0.0000000000000000        0.0000000000000000        0.0000000000000000       0.99980000000000002        2.0000000000000001E-004
   37.000000000000000        1.8867662058623649        0.0000000000000000        0.0000000000000000        0.0000000000000000        0.0000000000000000       0.99980000000000002        2.0000000000000001E-004
   38.000000000000000        1.8849131168212592        0.0000000000000000        0.0000000000000000        0.0000000000000000        0.0000000000000000       0.99980000000000002        2.0000000000000001E-004
   39.000000000000000        1.8776455853790490        0.0000000000000000        0.0000000000000000        0.0000000000000000        0.0000000000000000       0.99980000000000002        2.0000000000000001E-004
   40.000000000000000        1.8676725105425971        0.0000000000000000        0.0000000000000000        0.0000000000000000        0.0000000000000000        1.0000000000000000        0.0000000000000000     
   41.000000000000000        1.8528729444925716        0.0000000000000000        0.0000000000000000        0.0000000000000000        0.0000000000000000        1.0000000000000000        0.0000000000000000     
   42.000000000000000        1.8344035704884196        0.0000000000000000        0.0000000000000000        0.0000000000000000        0.0000000000000000        1.0000000000000000        0.0000000000000000     
   43.000000000000000        1.8143664633404142        0.0000000000000000        0.0000000000000000        0.0000000000000000        0.0000000000000000        1.0000000000000000        0.0000000000000000     
   44.000000000000000        1.7917371075510471        0.0000000000000000        0.0000000000000000        0.0000000000000000        0.0000000000000000        1.0000000000000000        0.0000000000000000     
   45.000000000000000        1.7681311962988646        0.0000000000000000        0.0000000000000000        0.0000000000000000        0.0000000000000000        1.0000000000000000        0.0000000000000000     
   46.000000000000000        1.7442830809660597        0.0000000000000000        0.0000000000000000        0.0000000000000000        0.0000000000000000       0.99900000000000000        1.0000000000000000E-003
   47.000000000000000        1.7207816075661073        0.0000000000000000        0.0000000000000000        0.0000000000000000        0.0000000000000000       0.99560000000000004        4.4000000000000003E-003
   48.000000000000000        1.6994161781471373        0.0000000000000000        0.0000000000000000        0.0000000000000000        0.0000000000000000       0.99399999999999999        6.0000000000000001E-003
   49.000000000000000        1.6788377932013705        0.0000000000000000        0.0000000000000000        0.0000000000000000        0.0000000000000000       0.98740000000000006        1.2600000000000000E-002
   50.000000000000000        1.6611725461649582        0.0000000000000000        0.0000000000000000        0.0000000000000000        0.0000000000000000       0.98719999999999997        1.2800000000000001E-002
   51.000000000000000        1.6463220384676223        0.0000000000000000        0.0000000000000000        0.0000000000000000        0.0000000000000000       0.98719999999999997        1.2800000000000001E-002
   52.000000000000000        1.6349072952474182        0.0000000000000000        0.0000000000000000        0.0000000000000000        0.0000000000000000       0.98839999999999995        1.1599999999999999E-002
   53.000000000000000        1.6267645970537263        0.0000000000000000        0.0000000000000000        0.0000000000000000        0.0000000000000000       0.98839999999999995        1.1599999999999999E-002
   54.000000000000000        1.6205164991722862        0.0000000000000000        0.0000000000000000        0.0000000000000000        0.0000000000000000       0.98839999999999995        1.1599999999999999E-002
   55.000000000000000        1.6210874801928505        0.0000000000000000        0.0000000000000000        0.0000000000000000        0.0000000000000000       0.98839999999999995        1.1599999999999999E-002
   56.000000000000000        1.6214844765939314        0.0000000000000000        0.0000000000000000        0.0000000000000000        0.0000000000000000       0.98839999999999995        1.1599999999999999E-002
   57.000000000000000        1.6211001583719304        0.0000000000000000        0.0000000000000000        0.0000000000000000        0.0000000000000000       0.98839999999999995        1.1599999999999999E-002
   58.000000000000000        1.6245912925847792        0.0000000000000000        0.0000000000000000        0.0000000000000000        0.0000000000000000       0.98839999999999995        1.1599999999999999E-002
   59.000000000000000        1.6281258385389152        0.0000000000000000        0.0000000000000000        0.0000000000000000        0.0000000000000000       0.98819999999999997        1.1800000000000000E-002
   60.000000000000000        1.6321528880593421        0.0000000000000000        0.0000000000000000        0.0000000000000000        0.0000000000000000       0.98780000000000001        1.2200000000000001E-002
   61.000000000000000        1.6357002649710550        0.0000000000000000        0.0000000000000000        0.0000000000000000        0.0000000000000000       0.98740000000000006        1.2600000000000000E-002
   62.000000000000000        1.6385105044152972        0.0000000000000000        0.0000000000000000        0.0000000000000000        0.0000000000000000       0.98680000000000001        1.3200000000000000E-002
   63.000000000000000        1.6391460401031561        0.0000000000000000        0.0000000000000000        0.0000000000000000        0.0000000000000000       0.98599999999999999        1.4000000000000000E-002
   64.000000000000000        1.6393125069087318        0.0000000000000000        0.0000000000000000        0.0000000000000000        0.0000000000000000       0.98640000000000005        1.3599999999999999E-002
   65.000000000000000        1.6383699152087645        0.0000000000000000        0.0000000000000000        0.0000000000000000        0.0000000000000000       0.98760000000000003        1.2400000000000000E-002
   66.000000000000000        1.6349700878540681        0.0000000000000000        0.0000000000000000        0.0000000000000000        0.0000000000000000       0.98640000000000005        1.3599999999999999E-002
   67.000000000000000        1.6277395994270214        0.0000000000000000        0.0000000000000000        0.0000000000000000        0.0000000000000000       0.98640000000000005        1.3599999999999999E-002
   68.000000000000000        1.6217221631611414        0.0000000000000000        0.0000000000000000        0.0000000000000000        0.0000000000000000       0.98640000000000005        1.3599999999999999E-002
   69.000000000000000        1.6129087092947645        0.0000000000000000        0.0000000000000000        0.0000000000000000        0.0000000000000000       0.98680000000000001        1.3200000000000000E-002
   70.000000000000000        1.6028663686345050        0.0000000000000000        0.0000000000000000        0.0000000000000000        0.0000000000000000       0.98719999999999997        1.2800000000000001E-002
   71.000000000000000        1.5919514414406366        0.0000000000000000        0.0000000000000000        0.0000000000000000        0.0000000000000000       0.98440000000000005        1.5599999999999999E-002
   72.000000000000000        1.5797117239667606        0.0000000000000000        0.0000000000000000        0.0000000000000000        0.0000000000000000       0.98640000000000005        1.3599999999999999E-002
   73.000000000000000        1.5670559003538693        0.0000000000000000        0.0000000000000000        0.0000000000000000        0.0000000000000000       0.98799999999999999        1.2000000000000000E-002
   74.000000000000000        1.5539156881718514        0.0000000000000000        0.0000000000000000        0.0000000000000000        0.0000000000000000       0.98780000000000001        1.2200000000000001E-002
   75.000000000000000        1.5412050643714565        0.0000000000000000        0.0000000000000000        0.0000000000000000        0.0000000000000000       0.98099999999999998        1.9000000000000000E-002
   76.000000000000000        1.5301601258804574        0.0000000000000000        0.0000000000000000        0.0000000000000000        0.0000000000000000       0.97480000000000000        2.5200000000000000E-002
   77.000000000000000        1.5208428146893418        0.0000000000000000        0.0000000000000000        0.0000000000000000        0.0000000000000000       0.97160000000000002        2.8400000000000002E-002
   78.000000000000000        1.5135068980455595        0.0000000000000000        0.0000000000000000        0.0000000000000000        0.0000000000000000       0.98380000000000001        1.6199999999999999E-002
   79.000000000000000        1.5093368813348174        0.0000000000000000        0.0000000000000000        0.0000000000000000        0.0000000000000000       0.97940000000000005        2.0600000000000000E-002
   80.000000000000000        1.5091419275650917        0.0000000000000000        0.0000000000000000        0.0000000000000000        0.0000000000000000       0.98860000000000003        1.1400000000000000E-002
   81.000000000000000        1.5130979731296859        0.0000000000000000        0.0000000000000000        0.0000000000000000        0.0000000000000000        1.0000000000000000        0.0000000000000000     
   82.000000000000000        1.5210898234826624        0.0000000000000000        0.0000000000000000        0.0000000000000000        0.0000000000000000        1.0000000000000000        0.0000000000000000     
   83.000000000000000        1.5336180143773563        0.0000000000000000        0.0000000000000000        0.0000000000000000        0.0000000000000000        1.0000000000000000        0.0000000000000000     
   84.000000000000000        1.5508436080341264        0.0000000000000000        0.0000000000000000        0.0000000000000000        0.0000000000000000       0.99439999999999995        5.5999999999999999E-003
   85.000000000000000        1.5716566753517154        0.0000000000000000        0.0000000000000000        0.0000000000000000        0.0000000000000000       0.98819999999999997        1.1800000000000000E-002
   86.000000000000000        1.5946401147724059        0.0000000000000000        0.0000000000000000        0.0000000000000000        0.0000000000000000       0.98999999999999999        1.0000000000000000E-002
   87.000000000000000        1.6230824203109284        0.0000000000000000        0.0000000000000000        0.0000000000000000        0.0000000000000000       0.98319999999999996        1.6799999999999999E-002
   88.000000000000000        1.6516426082060582        0.0000000000000000        0.0000000000000000        0.0000000000000000        0.0000000000000000       0.99299999999999999        7.0000000000000001E-003
   89.000000000000000        1.6817534470238158        0.0000000000000000        0.0000000000000000        0.0000000000000000        0.0000000000000000       0.99299999999999999        7.0000000000000001E-003
   90.000000000000000        1.7125719703805333        0.0000000000000000        0.0000000000000000        0.0000000000000000        0.0000000000000000       0.99739999999999995        2.5999999999999999E-003
   91.000000000000000        1.7435714121890791        0.0000000000000000        0.0000000000000000        0.0000000000000000        0.0000000000000000       0.99500000000000000        5.0000000000000001E-003
   92.000000000000000        1.7714673577580680        0.0000000000000000        0.0000000000000000        0.0000000000000000        0.0000000000000000       0.99139999999999995        8.6000000000000000E-003
   93.000000000000000        1.7968368847626945        0.0000000000000000        0.0000000000000000        0.0000000000000000        0.0000000000000000       0.99180000000000001        8.2000000000000007E-003
   94.000000000000000        1.8197490523715718        0.0000000000000000        0.0000000000000000        0.0000000000000000        0.0000000000000000       0.99180000000000001        8.2000000000000007E-003
   95.000000000000000        1.8376021158219826        0.0000000000000000        0.0000000000000000        0.0000000000000000        0.0000000000000000       0.98999999999999999        1.0000000000000000E-002
   96.000000000000000        1.8513722479790344        0.0000000000000000        0.0000000000000000        0.0000000000000000        0.0000000000000000       0.99039999999999995        9.5999999999999992E-003
   97.000000000000000        1.8609031079953660        0.0000000000000000        0.0000000000000000        0.0000000000000000        0.0000000000000000       0.99380000000000002        6.1999999999999998E-003
   98.000000000000000        1.8651591044165183        0.0000000000000000        0.0000000000000000        0.0000000000000000        0.0000000000000000       0.99380000000000002        6.1999999999999998E-003
   99.000000000000000        1.8642558502385511        0.0000000000000000        0.0000000000000000        0.0000000000000000        0.0000000000000000       0.99380000000000002        6.1999999999999998E-003
   100.00000000000000        1.8560799511771684        0.0000000000000000        0.0000000000000000        0.0000000000000000        0.0000000000000000       0.99099999999999999        8.9999999999999993E-003
   101.00000000000000        1.8429890456520048        0.0000000000000000        0.0000000000000000        0.0000000000000000        0.0000000000000000       0.99039999999999995        9.5999999999999992E-003
   102.00000000000000        1.8251975215583645        0.0000000000000000        0.0000000000000000        0.0000000000000000        0.0000000000000000       0.99119999999999997        8.8000000000000005E-003
   103.00000000000000        1.8048162179902334        0.0000000000000000        0.0000000000000000        0.0000000000000000        0.0000000000000000       0.99119999999999997        8.8000000000000005E-003
   104.00000000000000        1.7796741729374523        0.0000000000000000        0.0000000000000000        0.0000000000000000        0.0000000000000000       0.99119999999999997        8.8000000000000005E-003
   105.00000000000000        1.7493039939414836        0.0000000000000000        0.0000000000000000        0.0000000000000000        0.0000000000000000       0.99239999999999995        7.6000000000000000E-003
   106.00000000000000        1.7183008480628248        0.0000000000000000        0.0000000000000000        0.0000000000000000        0.0000000000000000       0.99560000000000004        4.4000000000000003E-003
   107.00000000000000        1.6855139715449319        0.0000000000000000        0.0000000000000000        0.0000000000000000        0.0000000000000000       0.99519999999999997        4.7999999999999996E-003
   108.00000000000000        1.6522461334191678        0.0000000000000000        0.0000000000000000        0.0000000000000000        0.0000000000000000       0.99539999999999995        4.5999999999999999E-003
   109.00000000000000        1.6195200594396406        0.0000000000000000        0.0000000000000000        0.0000000000000000        0.0000000000000000       0.99539999999999995        4.5999999999999999E-003
   110.00000000000000        1.5872821603609504        0.0000000000000000        0.0000000000000000        0.0000000000000000        0.0000000000000000       0.99339999999999995        6.6000000000000000E-003
   111.00000000000000        1.5577712543403623        0.0000000000000000        0.0000000000000000        0.0000000000000000        0.0000000000000000       0.99380000000000002        6.1999999999999998E-003
   112.00000000000000        1.5313495067004352        0.0000000000000000        0.0000000000000000        0.0000000000000000        0.0000000000000000       0.99519999999999997        4.7999999999999996E-003
   113.00000000000000        1.5092324415497680        0.0000000000000000        0.0000000000000000        0.0000000000000000        0.0000000000000000       0.99500000000000000        5.0000000000000001E-003
   114.00000000000000        1.4921314531218379        0.0000000000000000        0.0000000000000000        0.0000000000000000        0.0000000000000000       0.99439999999999995        5.5999999999999999E-003
   115.00000000000000        1.4850308072350127        0.0000000000000000        0.0000000000000000        0.0000000000000000        0.0000000000000000       0.99299999999999999        7.0000000000000001E-003
   116.00000000000000        1.4750482673169316        0.0000000000000000        0.0000000000000000        0.0000000000000000        0.0000000000000000       0.99439999999999995        5.5999999999999999E-003
   117.00000000000000        1.4742745738953624        0.0000000000000000        0.0000000000000000        0.0000000000000000        0.0000000000000000       0.99439999999999995        5.5999999999999999E-003
   118.00000000000000        1.4824381398866362        0.0000000000000000        0.0000000000000000        0.0000000000000000        0.0000000000000000       0.99439999999999995        5.5999999999999999E-003
   119.00000000000000        1.4965294713497674        0.0000000000000000        0.0000000000000000        0.0000000000000000        0.0000000000000000       0.99439999999999995        5.5999999999999999E-003
   120.00000000000000        1.5160311843757588        0.0000000000000000        0.0000000000000000        0.0000000000000000        0.0000000000000000       0.99399999999999999        6.0000000000000001E-003
   121.00000000000000        1.5407166699246573        0.0000000000000000        0.0000000000000000        0.0000000000000000        0.0000000000000000       0.99339999999999995        6.6000000000000000E-003
   122.00000000000000        1.5707981453381636        0.0000000000000000        0.0000000000000000        0.0000000000000000        0.0000000000000000       0.99380000000000002        6.1999999999999998E-003
   123.00000000000000        1.6045994204409728        0.0000000000000000        0.0000000000000000        0.0000000000000000        0.0000000000000000       0.99419999999999997        5.7999999999999996E-003
   124.00000000000000        1.6419242970449055        0.0000000000000000        0.0000000000000000        0.0000000000000000        0.0000000000000000       0.99419999999999997        5.7999999999999996E-003
   125.00000000000000        1.6810040984612007        0.0000000000000000        0.0000000000000000        0.0000000000000000        0.0000000000000000       0.99419999999999997        5.7999999999999996E-003
   126.00000000000000        1.7211592116582592        0.0000000000000000        0.0000000000000000        0.0000000000000000        0.0000000000000000       0.99419999999999997        5.7999999999999996E-003
   127.00000000000000        1.7614199555985255        0.0000000000000000        0.0000000000000000        0.0000000000000000        0.0000000000000000       0.99399999999999999        6.0000000000000001E-003
   128.00000000000000        1.8004068840669620        0.0000000000000000        0.0000000000000000        0.0000000000000000        0.0000000000000000       0.99380000000000002        6.1999999999999998E-003
   129.00000000000000        1.8375518016491401        0.0000000000000000        0.0000000000000000        0.0000000000000000        0.0000000000000000       0.99380000000000002        6.1999999999999998E-003
   130.00000000000000        1.8717436047261202        0.0000000000000000        0.0000000000000000        0.0000000000000000        0.0000000000000000       0.99439999999999995        5.5999999999999999E-003
   131.00000000000000        1.9022291972830492        0.0000000000000000        0.0000000000000000        0.0000000000000000        0.0000000000000000       0.99439999999999995        5.5999999999999999E-003
   132.00000000000000        1.9290589007187688        0.0000000000000000        0.0000000000000000        0.0000000000000000        0.0000000000000000       0.99460000000000004        5.4000000000000003E-003
   133.00000000000000        1.9507227767141093        0.0000000000000000        0.0000000000000000        0.0000000000000000        0.0000000000000000       0.99439999999999995        5.5999999999999999E-003
   134.00000000000000        1.9676088249778312        0.0000000000000000        0.0000000000000000        0.0000000000000000        0.0000000000000000       0.99480000000000002        5.1999999999999998E-003
   135.00000000000000        1.9786465058165392        0.0000000000000000        0.0000000000000000        0.0000000000000000        0.0000000000000000       0.98780000000000001        1.2200000000000001E-002
   136.00000000000000        1.9841409441691442        0.0000000000000000        0.0000000000000000        0.0000000000000000        0.0000000000000000        1.0000000000000000        0.0000000000000000     
   137.00000000000000        1.9835964621507634        0.0000000000000000        0.0000000000000000        0.0000000000000000        0.0000000000000000        1.0000000000000000        0.0000000000000000     
   138.00000000000000        1.9776440977499692        0.0000000000000000        0.0000000000000000        0.0000000000000000        0.0000000000000000        1.0000000000000000        0.0000000000000000     
   139.00000000000000        1.9666199631959418        0.0000000000000000        0.0000000000000000        0.0000000000000000        0.0000000000000000        1.0000000000000000        0.0000000000000000     
   140.00000000000000        1.9504086223847250        0.0000000000000000        0.0000000000000000        0.0000000000000000        0.0000000000000000        1.0000000000000000        0.0000000000000000     
   141.00000000000000        1.9302438970807052        0.0000000000000000        0.0000000000000000        0.0000000000000000        0.0000000000000000        1.0000000000000000        0.0000000000000000     
   142.00000000000000        1.9064959825186416        0.0000000000000000        0.0000000000000000        0.0000000000000000        0.0000000000000000        1.0000000000000000        0.0000000000000000     
   143.00000000000000        1.8802559544405191        0.0000000000000000        0.0000000000000000        0.0000000000000000        0.0000000000000000        1.0000000000000000        0.0000000000000000     
   144.00000000000000        1.8520929626131628        0.0000000000000000        0.0000000000000000        0.0000000000000000        0.0000000000000000        1.0000000000000000        0.0000000000000000     
   145.00000000000000        1.8232137151369332        0.0000000000000000        0.0000000000000000        0.0000000000000000        0.0000000000000000        1.0000000000000000        0.0000000000000000     
   146.00000000000000        1.7945516761098390        0.0000000000000000        0.0000000000000000        0.0000000000000000        0.0000000000000000        1.0000000000000000        0.0000000000000000     
   147.00000000000000        1.7665961240948209        0.0000000000000000        0.0000000000000000        0.0000000000000000        0.0000000000000000        1.0000000000000000        0.0000000000000000     
   148.00000000000000        1.7405214803190823        0.0000000000000000        0.0000000000000000        0.0000000000000000        0.0000000000000000        1.0000000000000000        0.0000000000000000     
   149.00000000000000        1.7164583385061751        0.0000000000000000        0.0000000000000000        0.0000000000000000        0.0000000000000000       0.99980000000000002        2.0000000000000001E-004
   150.00000000000000        1.6960196165430459        0.0000000000000000        0.0000000000000000        0.0000000000000000        0.0000000000000000       0.99980000000000002        2.0000000000000001E-004
   151.00000000000000        1.6784473693648556        0.0000000000000000        0.0000000000000000        0.0000000000000000        0.0000000000000000       0.99980000000000002        2.0000000000000001E-004
   152.00000000000000        1.6643865682666545        0.0000000000000000        0.0000000000000000        0.0000000000000000        0.0000000000000000       0.99980000000000002        2.0000000000000001E-004
   153.00000000000000        1.6536208683196902        0.0000000000000000        0.0000000000000000        0.0000000000000000        0.0000000000000000       0.99980000000000002        2.0000000000000001E-004
   154.00000000000000        1.6462309846341134        0.0000000000000000        0.0000000000000000        0.0000000000000000        0.0000000000000000       0.99919999999999998        8.0000000000000004E-004
   155.00000000000000        1.6418919979173179        0.0000000000000000        0.0000000000000000        0.0000000000000000        0.0000000000000000       0.99919999999999998        8.0000000000000004E-004
   156.00000000000000        1.6401733537261372        0.0000000000000000        0.0000000000000000        0.0000000000000000        0.0000000000000000       0.99919999999999998        8.0000000000000004E-004
   157.00000000000000        1.6407113026205005        0.0000000000000000        0.0000000000000000        0.0000000000000000        0.0000000000000000       0.99919999999999998        8.0000000000000004E-004
   158.00000000000000        1.6426497523268149        0.0000000000000000        0.0000000000000000        0.0000000000000000        0.0000000000000000       0.99919999999999998        8.0000000000000004E-004
   159.00000000000000        1.6457964265605363        0.0000000000000000        0.0000000000000000        0.0000000000000000        0.0000000000000000       0.99900000000000000        1.0000000000000000E-003
   160.00000000000000        1.6496541715864803        0.0000000000000000        0.0000000000000000        0.0000000000000000        0.0000000000000000       0.99900000000000000        1.0000000000000000E-003
   161.00000000000000        1.6535886183312014        0.0000000000000000        0.0000000000000000        0.0000000000000000        0.0000000000000000       0.99900000000000000        1.0000000000000000E-003
   162.00000000000000        1.6572118136974949        0.0000000000000000        0.0000000000000000        0.0000000000000000        0.0000000000000000       0.99900000000000000        1.0000000000000000E-003
   163.00000000000000        1.6600069534333499        0.0000000000000000        0.0000000000000000        0.0000000000000000        0.0000000000000000       0.99900000000000000        1.0000000000000000E-003
   164.00000000000000        1.6619969963504835        0.0000000000000000        0.0000000000000000        0.0000000000000000        0.0000000000000000       0.99880000000000002        1.1999999999999999E-003
   165.00000000000000        1.6627241980832532        0.0000000000000000        0.0000000000000000        0.0000000000000000        0.0000000000000000       0.99560000000000004        4.4000000000000003E-003
   166.00000000000000        1.6622255874602700        0.0000000000000000        0.0000000000000000        0.0000000000000000        0.0000000000000000       0.99619999999999997        3.8000000000000000E-003
   167.00000000000000        1.6598003862328401        0.0000000000000000        0.0000000000000000        0.0000000000000000        0.0000000000000000       0.99700000000000000        3.0000000000000001E-003
   168.00000000000000        1.6561158358101973        0.0000000000000000        0.0000000000000000        0.0000000000000000        0.0000000000000000       0.99700000000000000        3.0000000000000001E-003
   169.00000000000000        1.6501936370185228        0.0000000000000000        0.0000000000000000        0.0000000000000000        0.0000000000000000       0.99639999999999995        3.5999999999999999E-003
   170.00000000000000        1.6428502574901835        0.0000000000000000        0.0000000000000000        0.0000000000000000        0.0000000000000000       0.99539999999999995        4.5999999999999999E-003
   171.00000000000000        1.6348478572521064        0.0000000000000000        0.0000000000000000        0.0000000000000000        0.0000000000000000       0.99719999999999998        2.8000000000000000E-003
   172.00000000000000        1.6243653327191809        0.0000000000000000        0.0000000000000000        0.0000000000000000        0.0000000000000000       0.99760000000000004        2.3999999999999998E-003
   173.00000000000000        1.6134428244039201        0.0000000000000000        0.0000000000000000        0.0000000000000000        0.0000000000000000       0.99660000000000004        3.3999999999999998E-003
   174.00000000000000        1.6013162603222990        0.0000000000000000        0.0000000000000000        0.0000000000000000        0.0000000000000000       0.99600000000000000        4.0000000000000001E-003
   175.00000000000000        1.5901003597796255        0.0000000000000000        0.0000000000000000        0.0000000000000000        4.5999999999999999E-003  0.80179999999999996       0.19359999999999999     
   176.00000000000000        1.5838775443754618        0.0000000000000000        0.0000000000000000        0.0000000000000000        4.5999999999999999E-003  0.80179999999999996       0.19359999999999999     
   177.00000000000000        1.5741214949018545        0.0000000000000000        0.0000000000000000        0.0000000000000000        4.5999999999999999E-003  0.80179999999999996       0.19359999999999999     
   178.00000000000000        1.5652895280614318        0.0000000000000000        0.0000000000000000        0.0000000000000000        4.7999999999999996E-003  0.80159999999999998       0.19359999999999999     
   179.00000000000000        1.5577727812251181        0.0000000000000000        0.0000000000000000        0.0000000000000000        5.1999999999999998E-003  0.80120000000000002       0.19359999999999999     
   180.00000000000000        1.5520015345611964        0.0000000000000000        0.0000000000000000        0.0000000000000000        5.1999999999999998E-003  0.80120000000000002       0.19359999999999999     
   181.00000000000000        1.5487293297168740        0.0000000000000000        0.0000000000000000        0.0000000000000000        5.1999999999999998E-003  0.80120000000000002       0.19359999999999999     
   182.00000000000000        1.5481701525914437        0.0000000000000000        0.0000000000000000        0.0000000000000000        9.7999999999999997E-003  0.79659999999999997       0.19359999999999999     
   183.00000000000000        1.5508622082676109        0.0000000000000000        0.0000000000000000        0.0000000000000000        1.4000000000000000E-002  0.77780000000000005       0.20820000000000000     
   184.00000000000000        1.5538043329380147        0.0000000000000000        0.0000000000000000        0.0000000000000000        0.0000000000000000       0.79879999999999995       0.20119999999999999     
   185.00000000000000        1.5649187442996928        0.0000000000000000        0.0000000000000000        0.0000000000000000        0.0000000000000000       0.79879999999999995       0.20119999999999999     
   186.00000000000000        1.5813662272751907        0.0000000000000000        0.0000000000000000        0.0000000000000000        0.0000000000000000       0.79679999999999995       0.20319999999999999     
   187.00000000000000        1.6007851821402297        0.0000000000000000        0.0000000000000000        0.0000000000000000        0.0000000000000000       0.76100000000000001       0.23899999999999999     
   188.00000000000000        1.6225741358579135        0.0000000000000000        0.0000000000000000        0.0000000000000000        0.0000000000000000       0.78439999999999999       0.21560000000000001     
   189.00000000000000        1.6458522861818454        0.0000000000000000        0.0000000000000000        0.0000000000000000        0.0000000000000000       0.81840000000000002       0.18160000000000001     
