#        BMIN =   406
#        BMAX =   411
#     INIBAND =   410
#      NBANDS =   540
#         NSW =  2000
#       POTIM =   1.0
#        TEMP = 300.0
#    NAMDTINI =   792
#    NAMDTIME =  1000
#       NTRAJ =  5000
#        NELM =  1000
#       LHOLE =     T
#        LSHP =     T
#      LCPTXT =     T
#      RUNDIR = ../../run/
   1.0000000000000000        1.6050436709518534        0.0000000000000000        0.0000000000000000        0.0000000000000000        0.0000000000000000        1.0000000000000000        0.0000000000000000     
   2.0000000000000000        1.5900556348042802        0.0000000000000000        0.0000000000000000        0.0000000000000000        0.0000000000000000        1.0000000000000000        0.0000000000000000     
   3.0000000000000000        1.5793291866296530        0.0000000000000000        0.0000000000000000        0.0000000000000000        0.0000000000000000        1.0000000000000000        0.0000000000000000     
   4.0000000000000000        1.5728278788674754        0.0000000000000000        0.0000000000000000        0.0000000000000000        0.0000000000000000        1.0000000000000000        0.0000000000000000     
   5.0000000000000000        1.5706103398237925        0.0000000000000000        0.0000000000000000        0.0000000000000000        0.0000000000000000        1.0000000000000000        0.0000000000000000     
   6.0000000000000000        1.5727903395439355        0.0000000000000000        0.0000000000000000        0.0000000000000000        0.0000000000000000        1.0000000000000000        0.0000000000000000     
   7.0000000000000000        1.5793176699015623        0.0000000000000000        0.0000000000000000        0.0000000000000000        0.0000000000000000       0.99460000000000004        5.4000000000000003E-003
   8.0000000000000000        1.5889119288332423        0.0000000000000000        0.0000000000000000        0.0000000000000000        0.0000000000000000        1.0000000000000000        0.0000000000000000     
   9.0000000000000000        1.6015038621484783        0.0000000000000000        0.0000000000000000        0.0000000000000000        0.0000000000000000       0.99960000000000004        4.0000000000000002E-004
   10.000000000000000        1.6165915485752884        0.0000000000000000        0.0000000000000000        0.0000000000000000        0.0000000000000000       0.99939999999999996        5.9999999999999995E-004
   11.000000000000000        1.6335631816346126        0.0000000000000000        0.0000000000000000        0.0000000000000000        0.0000000000000000       0.99780000000000002        2.2000000000000001E-003
   12.000000000000000        1.6515333317158825        0.0000000000000000        0.0000000000000000        0.0000000000000000        0.0000000000000000        1.0000000000000000        0.0000000000000000     
   13.000000000000000        1.6703769175068477        0.0000000000000000        0.0000000000000000        0.0000000000000000        0.0000000000000000       0.99919999999999998        8.0000000000000004E-004
   14.000000000000000        1.6895831949230942        0.0000000000000000        0.0000000000000000        0.0000000000000000        0.0000000000000000       0.99919999999999998        8.0000000000000004E-004
   15.000000000000000        1.7081676481330459        0.0000000000000000        0.0000000000000000        0.0000000000000000        0.0000000000000000       0.99860000000000004        1.4000000000000000E-003
   16.000000000000000        1.7263806148948313        0.0000000000000000        0.0000000000000000        0.0000000000000000        0.0000000000000000       0.99960000000000004        4.0000000000000002E-004
   17.000000000000000        1.7433041993459344        0.0000000000000000        0.0000000000000000        0.0000000000000000        0.0000000000000000        1.0000000000000000        0.0000000000000000     
   18.000000000000000        1.7586714784547866        0.0000000000000000        0.0000000000000000        0.0000000000000000        0.0000000000000000        1.0000000000000000        0.0000000000000000     
   19.000000000000000        1.7726076755662141        0.0000000000000000        0.0000000000000000        0.0000000000000000        0.0000000000000000       0.99739999999999995        2.5999999999999999E-003
   20.000000000000000        1.7844587020962208        0.0000000000000000        0.0000000000000000        0.0000000000000000        0.0000000000000000       0.99800000000000000        2.0000000000000000E-003
   21.000000000000000        1.7941915496278296        0.0000000000000000        0.0000000000000000        0.0000000000000000        0.0000000000000000       0.99800000000000000        2.0000000000000000E-003
   22.000000000000000        1.8018030434828702        0.0000000000000000        0.0000000000000000        0.0000000000000000        0.0000000000000000       0.99919999999999998        8.0000000000000004E-004
   23.000000000000000        1.8067353260109171        0.0000000000000000        0.0000000000000000        0.0000000000000000        0.0000000000000000       0.99960000000000004        4.0000000000000002E-004
   24.000000000000000        1.8095635138865165        0.0000000000000000        0.0000000000000000        0.0000000000000000        0.0000000000000000       0.99919999999999998        8.0000000000000004E-004
   25.000000000000000        1.8103165088061579        0.0000000000000000        0.0000000000000000        0.0000000000000000        0.0000000000000000       0.99900000000000000        1.0000000000000000E-003
   26.000000000000000        1.8089075240801014        0.0000000000000000        0.0000000000000000        0.0000000000000000        0.0000000000000000       0.99960000000000004        4.0000000000000002E-004
   27.000000000000000        1.8059037444345478        0.0000000000000000        0.0000000000000000        0.0000000000000000        0.0000000000000000       0.99739999999999995        2.5999999999999999E-003
   28.000000000000000        1.8011800329226981        0.0000000000000000        0.0000000000000000        0.0000000000000000        0.0000000000000000        1.0000000000000000        0.0000000000000000     
   29.000000000000000        1.7965430212712403        0.0000000000000000        0.0000000000000000        0.0000000000000000        0.0000000000000000        1.0000000000000000        0.0000000000000000     
   30.000000000000000        1.7902618948962088        0.0000000000000000        0.0000000000000000        0.0000000000000000        0.0000000000000000        1.0000000000000000        0.0000000000000000     
   31.000000000000000        1.7830621730011611        0.0000000000000000        0.0000000000000000        0.0000000000000000        0.0000000000000000        1.0000000000000000        0.0000000000000000     
   32.000000000000000        1.7776745364088067        0.0000000000000000        0.0000000000000000        0.0000000000000000        0.0000000000000000       0.99880000000000002        1.1999999999999999E-003
   33.000000000000000        1.7720428931232393        0.0000000000000000        0.0000000000000000        0.0000000000000000        0.0000000000000000       0.98980000000000001        1.0200000000000001E-002
   34.000000000000000        1.7683225441521873        0.0000000000000000        0.0000000000000000        0.0000000000000000        0.0000000000000000       0.99019999999999997        9.7999999999999997E-003
   35.000000000000000        1.7665345403417385        0.0000000000000000        0.0000000000000000        0.0000000000000000        0.0000000000000000        1.0000000000000000        0.0000000000000000     
   36.000000000000000        1.7667495991939288        0.0000000000000000        0.0000000000000000        0.0000000000000000        0.0000000000000000       0.99960000000000004        4.0000000000000002E-004
   37.000000000000000        1.7679233233503480        0.0000000000000000        0.0000000000000000        0.0000000000000000        0.0000000000000000        1.0000000000000000        0.0000000000000000     
   38.000000000000000        1.7730506235852508        0.0000000000000000        0.0000000000000000        0.0000000000000000        0.0000000000000000       0.99780000000000002        2.2000000000000001E-003
   39.000000000000000        1.7794343503362404        0.0000000000000000        0.0000000000000000        0.0000000000000000        0.0000000000000000       0.99719999999999998        2.8000000000000000E-003
   40.000000000000000        1.7876162800070017        0.0000000000000000        0.0000000000000000        0.0000000000000000        0.0000000000000000       0.99500000000000000        5.0000000000000001E-003
   41.000000000000000        1.7973360206066995        0.0000000000000000        0.0000000000000000        0.0000000000000000        0.0000000000000000       0.99760000000000004        2.3999999999999998E-003
   42.000000000000000        1.8078518740100797        0.0000000000000000        0.0000000000000000        0.0000000000000000        0.0000000000000000        1.0000000000000000        0.0000000000000000     
   43.000000000000000        1.8185921378358287        0.0000000000000000        0.0000000000000000        0.0000000000000000        0.0000000000000000        1.0000000000000000        0.0000000000000000     
   44.000000000000000        1.8289814241376536        0.0000000000000000        0.0000000000000000        0.0000000000000000        0.0000000000000000        1.0000000000000000        0.0000000000000000     
   45.000000000000000        1.8385077674401511        0.0000000000000000        0.0000000000000000        0.0000000000000000        0.0000000000000000       0.99980000000000002        2.0000000000000001E-004
   46.000000000000000        1.8493456266201191        0.0000000000000000        0.0000000000000000        0.0000000000000000        0.0000000000000000       0.99980000000000002        2.0000000000000001E-004
   47.000000000000000        1.8527436573764187        0.0000000000000000        0.0000000000000000        0.0000000000000000        0.0000000000000000       0.99780000000000002        2.2000000000000001E-003
   48.000000000000000        1.8490084746448252        0.0000000000000000        0.0000000000000000        0.0000000000000000        0.0000000000000000       0.99380000000000002        6.1999999999999998E-003
   49.000000000000000        1.8559501870089179        0.0000000000000000        0.0000000000000000        0.0000000000000000        0.0000000000000000       0.99439999999999995        5.5999999999999999E-003
   50.000000000000000        1.8531831159720793        0.0000000000000000        0.0000000000000000        0.0000000000000000        0.0000000000000000       0.99900000000000000        1.0000000000000000E-003
   51.000000000000000        1.8463396476882692        0.0000000000000000        0.0000000000000000        0.0000000000000000        0.0000000000000000        1.0000000000000000        0.0000000000000000     
   52.000000000000000        1.8354633221791192        0.0000000000000000        0.0000000000000000        0.0000000000000000        0.0000000000000000        1.0000000000000000        0.0000000000000000     
   53.000000000000000        1.8213373973164464        0.0000000000000000        0.0000000000000000        0.0000000000000000        0.0000000000000000       0.99960000000000004        4.0000000000000002E-004
   54.000000000000000        1.8037226830370969        0.0000000000000000        0.0000000000000000        0.0000000000000000        0.0000000000000000       0.99839999999999995        1.6000000000000001E-003
   55.000000000000000        1.7830819594389686        0.0000000000000000        0.0000000000000000        0.0000000000000000        0.0000000000000000       0.99439999999999995        5.5999999999999999E-003
   56.000000000000000        1.7594342730415384        0.0000000000000000        0.0000000000000000        0.0000000000000000        0.0000000000000000       0.99460000000000004        5.4000000000000003E-003
   57.000000000000000        1.7327345845652171        0.0000000000000000        0.0000000000000000        0.0000000000000000        0.0000000000000000       0.99680000000000002        3.2000000000000002E-003
   58.000000000000000        1.7044145203114087        0.0000000000000000        0.0000000000000000        0.0000000000000000        0.0000000000000000       0.99539999999999995        4.5999999999999999E-003
   59.000000000000000        1.6746712539771669        0.0000000000000000        0.0000000000000000        0.0000000000000000        0.0000000000000000       0.99460000000000004        5.4000000000000003E-003
   60.000000000000000        1.6434515218742360        0.0000000000000000        0.0000000000000000        0.0000000000000000        0.0000000000000000       0.99380000000000002        6.1999999999999998E-003
   61.000000000000000        1.6104635159490264        0.0000000000000000        0.0000000000000000        0.0000000000000000        4.7000000000000000E-002  0.95299999999999996        0.0000000000000000     
   62.000000000000000        1.5928586643002536        0.0000000000000000        0.0000000000000000        0.0000000000000000        4.0800000000000003E-002  0.95920000000000005        0.0000000000000000     
   63.000000000000000        1.5629151971712287        0.0000000000000000        0.0000000000000000        0.0000000000000000        4.5999999999999999E-002  0.95399999999999996        0.0000000000000000     
   64.000000000000000        1.5338449280668813        0.0000000000000000        0.0000000000000000        0.0000000000000000        5.0999999999999997E-002  0.94899999999999995        0.0000000000000000     
   65.000000000000000        1.5080890931221727        0.0000000000000000        0.0000000000000000        0.0000000000000000        5.1799999999999999E-002  0.94820000000000004        0.0000000000000000     
   66.000000000000000        1.4857090780928148        0.0000000000000000        0.0000000000000000        0.0000000000000000        5.8000000000000003E-002  0.94199999999999995        0.0000000000000000     
   67.000000000000000        1.4678642780327016        0.0000000000000000        0.0000000000000000        0.0000000000000000        6.1600000000000002E-002  0.93840000000000001        0.0000000000000000     
   68.000000000000000        1.4546484784642200        0.0000000000000000        0.0000000000000000        0.0000000000000000        6.2000000000000000E-002  0.93799999999999994        0.0000000000000000     
   69.000000000000000        1.4471890212472089        0.0000000000000000        0.0000000000000000        0.0000000000000000        6.4199999999999993E-002  0.93579999999999997        0.0000000000000000     
   70.000000000000000        1.4456195880621234        0.0000000000000000        0.0000000000000000        0.0000000000000000        7.3800000000000004E-002  0.92620000000000002        0.0000000000000000     
   71.000000000000000        1.4504069579873273        0.0000000000000000        0.0000000000000000        0.0000000000000000        6.9599999999999995E-002  0.93040000000000000        0.0000000000000000     
   72.000000000000000        1.4604788174887982        0.0000000000000000        0.0000000000000000        0.0000000000000000       0.11559999999999999       0.88439999999999996        0.0000000000000000     
   73.000000000000000        1.4772619964519951        0.0000000000000000        0.0000000000000000        0.0000000000000000        8.3000000000000004E-002  0.91700000000000004        0.0000000000000000     
   74.000000000000000        1.4994563363656743        0.0000000000000000        0.0000000000000000        0.0000000000000000       0.10320000000000000       0.89680000000000004        0.0000000000000000     
   75.000000000000000        1.5279606802479944        0.0000000000000000        0.0000000000000000        0.0000000000000000       0.10120000000000000       0.86219999999999997        3.6600000000000001E-002
   76.000000000000000        1.5541152850277922        0.0000000000000000        0.0000000000000000        0.0000000000000000        9.3799999999999994E-002  0.85699999999999998        4.9200000000000001E-002
   77.000000000000000        1.5823453624260482        0.0000000000000000        0.0000000000000000        0.0000000000000000        9.3799999999999994E-002  0.84880000000000000        5.7400000000000000E-002
   78.000000000000000        1.6129676383472016        0.0000000000000000        0.0000000000000000        0.0000000000000000        9.3799999999999994E-002  0.84640000000000004        5.9799999999999999E-002
   79.000000000000000        1.6442968529282562        0.0000000000000000        0.0000000000000000        0.0000000000000000        9.3799999999999994E-002  0.86519999999999997        4.1000000000000002E-002
   80.000000000000000        1.6752275710423765        0.0000000000000000        0.0000000000000000        0.0000000000000000        9.3799999999999994E-002  0.88700000000000001        1.9199999999999998E-002
   81.000000000000000        1.7045335368568695        0.0000000000000000        0.0000000000000000        0.0000000000000000        9.3799999999999994E-002  0.89219999999999999        1.4000000000000000E-002
   82.000000000000000        1.7319430530028690        0.0000000000000000        0.0000000000000000        0.0000000000000000        9.3799999999999994E-002  0.88680000000000003        1.9400000000000001E-002
   83.000000000000000        1.7561466123334326        0.0000000000000000        0.0000000000000000        0.0000000000000000        9.3799999999999994E-002  0.89920000000000000        7.0000000000000001E-003
   84.000000000000000        1.7775331604491487        0.0000000000000000        0.0000000000000000        0.0000000000000000        9.3799999999999994E-002  0.90339999999999998        2.8000000000000000E-003
   85.000000000000000        1.7919962463844792        0.0000000000000000        0.0000000000000000        0.0000000000000000        9.3799999999999994E-002  0.90000000000000002        6.1999999999999998E-003
   86.000000000000000        1.8036418871271567        0.0000000000000000        0.0000000000000000        0.0000000000000000        9.3799999999999994E-002  0.90180000000000005        4.4000000000000003E-003
   87.000000000000000        1.8102519149362553        0.0000000000000000        0.0000000000000000        0.0000000000000000        9.3799999999999994E-002  0.90200000000000002        4.1999999999999997E-003
   88.000000000000000        1.8105859589429381        0.0000000000000000        0.0000000000000000        0.0000000000000000        9.3799999999999994E-002  0.90300000000000002        3.2000000000000002E-003
   89.000000000000000        1.8071724387881976        0.0000000000000000        0.0000000000000000        0.0000000000000000        9.3799999999999994E-002  0.90300000000000002        3.2000000000000002E-003
   90.000000000000000        1.7978549888416056        0.0000000000000000        0.0000000000000000        0.0000000000000000        9.3799999999999994E-002  0.90300000000000002        3.2000000000000002E-003
   91.000000000000000        1.7833484898226593        0.0000000000000000        0.0000000000000000        0.0000000000000000        9.3799999999999994E-002  0.90259999999999996        3.5999999999999999E-003
   92.000000000000000        1.7646221143419420        0.0000000000000000        0.0000000000000000        0.0000000000000000        9.3799999999999994E-002  0.90339999999999998        2.8000000000000000E-003
   93.000000000000000        1.7420292028794746        0.0000000000000000        0.0000000000000000        0.0000000000000000        9.3799999999999994E-002  0.90359999999999996        2.5999999999999999E-003
   94.000000000000000        1.7156986075881118        0.0000000000000000        0.0000000000000000        0.0000000000000000        9.3799999999999994E-002  0.90339999999999998        2.8000000000000000E-003
   95.000000000000000        1.6870562603007970        0.0000000000000000        0.0000000000000000        0.0000000000000000        9.3799999999999994E-002  0.90380000000000005        2.3999999999999998E-003
   96.000000000000000        1.6568202450709681        0.0000000000000000        0.0000000000000000        0.0000000000000000        9.3799999999999994E-002  0.90420000000000000        2.0000000000000000E-003
   97.000000000000000        1.6250873249689164        0.0000000000000000        0.0000000000000000        0.0000000000000000        9.3799999999999994E-002  0.90420000000000000        2.0000000000000000E-003
   98.000000000000000        1.5949010220058493        0.0000000000000000        0.0000000000000000        0.0000000000000000        9.3799999999999994E-002  0.90420000000000000        2.0000000000000000E-003
   99.000000000000000        1.5654997239926967        0.0000000000000000        0.0000000000000000        0.0000000000000000        9.3799999999999994E-002  0.90439999999999998        1.8000000000000000E-003
   100.00000000000000        1.5327666728237046        0.0000000000000000        0.0000000000000000        0.0000000000000000        9.3799999999999994E-002  0.90439999999999998        1.8000000000000000E-003
   101.00000000000000        1.5107301650750502        0.0000000000000000        0.0000000000000000        0.0000000000000000       0.17380000000000001       0.72060000000000002       0.10560000000000000     
   102.00000000000000        1.4883510428255677        0.0000000000000000        0.0000000000000000        0.0000000000000000       0.17299999999999999       0.72119999999999995       0.10580000000000001     
   103.00000000000000        1.4806437417588147        0.0000000000000000        0.0000000000000000        0.0000000000000000       0.17280000000000001       0.72160000000000002       0.10560000000000000     
   104.00000000000000        1.4636527837767048        0.0000000000000000        0.0000000000000000        0.0000000000000000       0.17100000000000001       0.72340000000000004       0.10560000000000000     
   105.00000000000000        1.4461973802612638        0.0000000000000000        0.0000000000000000        0.0000000000000000       0.19620000000000001       0.69820000000000004       0.10560000000000000     
   106.00000000000000        1.4404071754984340        0.0000000000000000        0.0000000000000000        0.0000000000000000       0.13020000000000001       0.73580000000000001       0.13400000000000001     
   107.00000000000000        1.4922241079864966        0.0000000000000000        0.0000000000000000        0.0000000000000000       0.17999999999999999       0.59519999999999995       0.22480000000000000     
   108.00000000000000        1.4554588991795689        0.0000000000000000        0.0000000000000000        0.0000000000000000       0.77539999999999998        7.0000000000000001E-003  0.21759999999999999     
   109.00000000000000        1.4326404132886457        0.0000000000000000        0.0000000000000000        0.0000000000000000       0.61980000000000002       0.38019999999999998        0.0000000000000000     
   110.00000000000000        1.4449090197857486        0.0000000000000000        0.0000000000000000        0.0000000000000000       0.61960000000000004       0.38040000000000002        0.0000000000000000     
   111.00000000000000        1.4608837015047191        0.0000000000000000        0.0000000000000000        0.0000000000000000       0.64659999999999995       0.35339999999999999        0.0000000000000000     
   112.00000000000000        1.4949634962676583        0.0000000000000000        0.0000000000000000        0.0000000000000000       0.78259999999999996        0.0000000000000000       0.21740000000000001     
   113.00000000000000        1.5064201658450869        0.0000000000000000        0.0000000000000000        0.0000000000000000       0.59099999999999997        3.5999999999999999E-003  0.40539999999999998     
   114.00000000000000        1.4990811381588522        0.0000000000000000        0.0000000000000000        0.0000000000000000       0.59079999999999999        3.8000000000000000E-003  0.40539999999999998     
   115.00000000000000        1.5251934747950902        0.0000000000000000        0.0000000000000000        0.0000000000000000       0.59079999999999999        3.5999999999999999E-003  0.40560000000000002     
   116.00000000000000        1.5323606902025984        0.0000000000000000        0.0000000000000000        0.0000000000000000       0.59079999999999999        3.5999999999999999E-003  0.40560000000000002     
   117.00000000000000        1.5349326353333386        0.0000000000000000        0.0000000000000000        0.0000000000000000       0.59079999999999999        3.5999999999999999E-003  0.40560000000000002     
   118.00000000000000        1.4946979045161282        0.0000000000000000        0.0000000000000000        0.0000000000000000       0.59079999999999999        3.5999999999999999E-003  0.40560000000000002     
   119.00000000000000        1.5734678073349462        0.0000000000000000        0.0000000000000000        0.0000000000000000       0.54059999999999997        3.6600000000000001E-002  0.42280000000000001     
   120.00000000000000        1.8573851511930246        0.0000000000000000        0.0000000000000000        2.0000000000000001E-004  0.53779999999999994        0.0000000000000000       0.46200000000000002     
   121.00000000000000        1.5893407951258123        0.0000000000000000        0.0000000000000000        2.0000000000000001E-004  0.53779999999999994        0.0000000000000000       0.46200000000000002     
   122.00000000000000        1.5931927387511791        0.0000000000000000        0.0000000000000000        2.0000000000000001E-004  0.53779999999999994        0.0000000000000000       0.46200000000000002     
   123.00000000000000        1.5859122321113519        0.0000000000000000        0.0000000000000000        2.0000000000000001E-004  0.53779999999999994        0.0000000000000000       0.46200000000000002     
   124.00000000000000        1.5883396036126749        0.0000000000000000        0.0000000000000000        2.0000000000000001E-004  0.53779999999999994        0.0000000000000000       0.46200000000000002     
   125.00000000000000        1.5890685075343773        0.0000000000000000        0.0000000000000000        2.0000000000000001E-004  0.53779999999999994        0.0000000000000000       0.46200000000000002     
   126.00000000000000        1.5881863266846667        0.0000000000000000        0.0000000000000000        2.0000000000000001E-004  0.53779999999999994        0.0000000000000000       0.46200000000000002     
   127.00000000000000        1.5854887358945247        0.0000000000000000        0.0000000000000000        2.0000000000000001E-004  0.53779999999999994        0.0000000000000000       0.46200000000000002     
   128.00000000000000        1.5811907155028235        0.0000000000000000        0.0000000000000000        2.0000000000000001E-004  0.53779999999999994        8.0000000000000004E-004  0.46120000000000000     
   129.00000000000000        1.5753519076093769        0.0000000000000000        0.0000000000000000        2.0000000000000001E-004  0.53779999999999994        3.0000000000000001E-003  0.45900000000000002     
   130.00000000000000        1.5680789730628844        0.0000000000000000        0.0000000000000000        2.0000000000000001E-004  0.53779999999999994        5.0000000000000001E-003  0.45700000000000002     
   131.00000000000000        1.5598243774817098        0.0000000000000000        0.0000000000000000        2.0000000000000001E-004  0.53779999999999994        4.7999999999999996E-003  0.45720000000000000     
   132.00000000000000        1.5503953324881583        0.0000000000000000        0.0000000000000000        2.0000000000000001E-004  0.53779999999999994        3.3999999999999998E-003  0.45860000000000001     
   133.00000000000000        1.5408842720525948        0.0000000000000000        0.0000000000000000        2.0000000000000001E-004  0.53779999999999994        4.0000000000000002E-004  0.46160000000000001     
   134.00000000000000        1.5312237640830559        0.0000000000000000        0.0000000000000000        2.0000000000000001E-004  0.53779999999999994        4.0000000000000002E-004  0.46160000000000001     
   135.00000000000000        1.5220172280396080        0.0000000000000000        0.0000000000000000        2.0000000000000001E-004  0.53779999999999994        4.0000000000000002E-004  0.46160000000000001     
   136.00000000000000        1.5138877180357930        0.0000000000000000        0.0000000000000000        2.0000000000000001E-004  0.53779999999999994        2.0000000000000000E-003  0.46000000000000002     
   137.00000000000000        1.5071843525805679        0.0000000000000000        0.0000000000000000        2.0000000000000001E-004  0.53779999999999994        2.3000000000000000E-002  0.43900000000000000     
   138.00000000000000        1.5021830267515885        0.0000000000000000        0.0000000000000000        2.0000000000000001E-004  0.53779999999999994        4.0599999999999997E-002  0.42140000000000000     
   139.00000000000000        1.4991712788556522        0.0000000000000000        0.0000000000000000        2.0000000000000001E-004  0.53779999999999994        4.9200000000000001E-002  0.41280000000000000     
   140.00000000000000        1.4980984458323283        0.0000000000000000        0.0000000000000000        2.0000000000000001E-004  0.53779999999999994        4.5800000000000000E-002  0.41620000000000001     
   141.00000000000000        1.4992265612885991        0.0000000000000000        0.0000000000000000        2.0000000000000001E-004  0.53779999999999994        4.2000000000000003E-002  0.41999999999999998     
   142.00000000000000        1.5022598510094074        0.0000000000000000        0.0000000000000000        2.0000000000000001E-004  0.53779999999999994        4.1399999999999999E-002  0.42059999999999997     
   143.00000000000000        1.5070966569600130        0.0000000000000000        0.0000000000000000        2.0000000000000001E-004  0.53779999999999994        4.3200000000000002E-002  0.41880000000000001     
   144.00000000000000        1.5132772171316826        0.0000000000000000        0.0000000000000000        2.0000000000000001E-004  0.53779999999999994        4.3200000000000002E-002  0.41880000000000001     
   145.00000000000000        1.5207498867618405        0.0000000000000000        0.0000000000000000        2.0000000000000001E-004  0.53779999999999994        4.3600000000000000E-002  0.41839999999999999     
   146.00000000000000        1.5286835900954348        0.0000000000000000        0.0000000000000000        2.0000000000000001E-004  0.53779999999999994        4.3600000000000000E-002  0.41839999999999999     
   147.00000000000000        1.5368882500384204        0.0000000000000000        0.0000000000000000        2.0000000000000001E-004  0.53779999999999994        4.3799999999999999E-002  0.41820000000000002     
   148.00000000000000        1.5453411401975932        0.0000000000000000        0.0000000000000000        2.0000000000000001E-004  0.53779999999999994        4.3799999999999999E-002  0.41820000000000002     
   149.00000000000000        1.5521367836214530        0.0000000000000000        0.0000000000000000        2.0000000000000001E-004  0.53779999999999994        4.3600000000000000E-002  0.41839999999999999     
   150.00000000000000        1.5587330081850517        0.0000000000000000        0.0000000000000000        2.0000000000000001E-004  0.53779999999999994        4.3600000000000000E-002  0.41839999999999999     
   151.00000000000000        1.5637878201625082        0.0000000000000000        0.0000000000000000        2.0000000000000001E-004  0.53779999999999994        4.3600000000000000E-002  0.41839999999999999     
   152.00000000000000        1.5671604450623757        0.0000000000000000        0.0000000000000000        2.0000000000000001E-004  0.53779999999999994        4.3600000000000000E-002  0.41839999999999999     
   153.00000000000000        1.5698086490535514        0.0000000000000000        0.0000000000000000        2.0000000000000001E-004  0.53779999999999994        4.3600000000000000E-002  0.41839999999999999     
   154.00000000000000        1.5712626061721868        0.0000000000000000        0.0000000000000000        2.0000000000000001E-004  0.53779999999999994        4.3600000000000000E-002  0.41839999999999999     
   155.00000000000000        1.5719218746711472        0.0000000000000000        0.0000000000000000        2.0000000000000001E-004  0.53779999999999994        4.3600000000000000E-002  0.41839999999999999     
   156.00000000000000        1.5718431174017620        0.0000000000000000        0.0000000000000000        2.0000000000000001E-004  0.53779999999999994        4.3600000000000000E-002  0.41839999999999999     
   157.00000000000000        1.5715154694248972        0.0000000000000000        0.0000000000000000        2.0000000000000001E-004  0.53779999999999994        4.3200000000000002E-002  0.41880000000000001     
   158.00000000000000        1.5711985799447905        0.0000000000000000        0.0000000000000000        2.0000000000000001E-004  0.53779999999999994        4.3200000000000002E-002  0.41880000000000001     
   159.00000000000000        1.5714835813935701        0.0000000000000000        0.0000000000000000        2.0000000000000001E-004  0.53779999999999994        4.3799999999999999E-002  0.41820000000000002     
   160.00000000000000        1.5712789742058879        0.0000000000000000        0.0000000000000000        2.0000000000000001E-004  0.53779999999999994        4.4200000000000003E-002  0.41780000000000000     
   161.00000000000000        1.5704883050338310        0.0000000000000000        0.0000000000000000        2.0000000000000001E-004  0.53779999999999994        4.4200000000000003E-002  0.41780000000000000     
   162.00000000000000        1.5918816333732040        0.0000000000000000        0.0000000000000000        2.0000000000000001E-004   0.0000000000000000        9.7999999999999997E-003  0.98999999999999999     
   163.00000000000000        1.5776618134645994        0.0000000000000000        0.0000000000000000        2.0000000000000001E-004   2.0000000000000001E-004   9.5999999999999992E-003  0.98999999999999999     
   164.00000000000000        1.5988462710726212        0.0000000000000000        0.0000000000000000        2.0000000000000001E-004   2.0000000000000001E-004   9.5999999999999992E-003  0.98999999999999999     
   165.00000000000000        1.6179427433583369        0.0000000000000000        0.0000000000000000        2.0000000000000001E-004   2.0000000000000001E-004   9.5999999999999992E-003  0.98999999999999999     
   166.00000000000000        1.6351150154481682        0.0000000000000000        0.0000000000000000        2.0000000000000001E-004   2.0000000000000001E-004   9.5999999999999992E-003  0.98999999999999999     
   167.00000000000000        1.6489530890704498        0.0000000000000000        0.0000000000000000        2.0000000000000001E-004   2.0000000000000001E-004   9.5999999999999992E-003  0.98999999999999999     
   168.00000000000000        1.6579563486708100        0.0000000000000000        0.0000000000000000        2.0000000000000001E-004   2.0000000000000001E-004   9.5999999999999992E-003  0.98999999999999999     
   169.00000000000000        1.6741264211909892        0.0000000000000000        0.0000000000000000        2.0000000000000001E-004   1.6000000000000001E-003   8.2000000000000007E-003  0.98999999999999999     
   170.00000000000000        1.6741038596423590        0.0000000000000000        0.0000000000000000        2.0000000000000001E-004   9.7999999999999997E-003   0.0000000000000000       0.98999999999999999     
   171.00000000000000        1.6712845198540252        0.0000000000000000        0.0000000000000000        2.0000000000000001E-004   9.7999999999999997E-003   0.0000000000000000       0.98999999999999999     
   172.00000000000000        1.6697422195230882        0.0000000000000000        0.0000000000000000        2.0000000000000001E-004   9.7999999999999997E-003   0.0000000000000000       0.98999999999999999     
   173.00000000000000        1.6659938435211310        0.0000000000000000        0.0000000000000000        2.0000000000000001E-004   9.7999999999999997E-003   0.0000000000000000       0.98999999999999999     
   174.00000000000000        1.6507112422369661        0.0000000000000000        0.0000000000000000        2.0000000000000001E-004   9.7999999999999997E-003   0.0000000000000000       0.98999999999999999     
   175.00000000000000        1.6403883342428369        0.0000000000000000        0.0000000000000000        2.0000000000000001E-004   9.7999999999999997E-003   0.0000000000000000       0.98999999999999999     
   176.00000000000000        1.6215295993315819        0.0000000000000000        0.0000000000000000        2.0000000000000001E-004  0.17360000000000000        4.5600000000000002E-002  0.78059999999999996     
   177.00000000000000        1.6386396489896347        0.0000000000000000        0.0000000000000000        2.0000000000000001E-004  0.17360000000000000        4.5800000000000000E-002  0.78039999999999998     
   178.00000000000000        1.6657341950979618        0.0000000000000000        0.0000000000000000        2.0000000000000001E-004  0.17360000000000000        4.5800000000000000E-002  0.78039999999999998     
   179.00000000000000        1.6933246756279468        0.0000000000000000        0.0000000000000000        2.0000000000000001E-004  0.17360000000000000        4.5600000000000002E-002  0.78059999999999996     
   180.00000000000000        1.7203546421203233        0.0000000000000000        0.0000000000000000        2.0000000000000001E-004  0.17360000000000000        4.5600000000000002E-002  0.78059999999999996     
   181.00000000000000        1.7460979178381484        0.0000000000000000        0.0000000000000000        2.0000000000000001E-004  0.17360000000000000        4.6399999999999997E-002  0.77980000000000005     
   182.00000000000000        1.7694338563308534        0.0000000000000000        0.0000000000000000        2.0000000000000001E-004  0.17360000000000000        4.6399999999999997E-002  0.77980000000000005     
   183.00000000000000        1.7899604374176410        0.0000000000000000        0.0000000000000000        2.0000000000000001E-004  0.17360000000000000        4.6600000000000003E-002  0.77959999999999996     
   184.00000000000000        1.8073884581709136        0.0000000000000000        0.0000000000000000        2.0000000000000001E-004  0.17360000000000000        4.6800000000000001E-002  0.77939999999999998     
   185.00000000000000        1.8208327598223819        0.0000000000000000        0.0000000000000000        2.0000000000000001E-004  0.17360000000000000        4.8599999999999997E-002  0.77759999999999996     
   186.00000000000000        1.8295498704382014        0.0000000000000000        0.0000000000000000        2.0000000000000001E-004  0.17360000000000000        5.0599999999999999E-002  0.77559999999999996     
   187.00000000000000        1.8336374308174663        0.0000000000000000        0.0000000000000000        2.0000000000000001E-004  0.17360000000000000        4.9799999999999997E-002  0.77639999999999998     
   188.00000000000000        1.8332899490999812        0.0000000000000000        0.0000000000000000        2.0000000000000001E-004  0.17360000000000000        4.9399999999999999E-002  0.77680000000000005     
   189.00000000000000        1.8264711320435572        0.0000000000000000        0.0000000000000000        2.0000000000000001E-004  0.17360000000000000        4.9599999999999998E-002  0.77659999999999996     
