#        BMIN =   406
#        BMAX =   411
#     INIBAND =   411
#      NBANDS =   540
#         NSW =  2000
#       POTIM =   1.0
#        TEMP = 300.0
#    NAMDTINI =   971
#    NAMDTIME =  1000
#       NTRAJ =  5000
#        NELM =  1000
#       LHOLE =     T
#        LSHP =     T
#      LCPTXT =     T
#      RUNDIR = ../../run/
   1.0000000000000000        1.7567329678597741        0.0000000000000000        0.0000000000000000        0.0000000000000000        0.0000000000000000        0.0000000000000000        1.0000000000000000     
   2.0000000000000000        1.7922596504414057        0.0000000000000000        0.0000000000000000        0.0000000000000000        0.0000000000000000        0.0000000000000000        1.0000000000000000     
   3.0000000000000000        1.8247429821227419        0.0000000000000000        0.0000000000000000        0.0000000000000000        0.0000000000000000        0.0000000000000000        1.0000000000000000     
   4.0000000000000000        1.8537026696586449        0.0000000000000000        0.0000000000000000        0.0000000000000000        0.0000000000000000        0.0000000000000000        1.0000000000000000     
   5.0000000000000000        1.8789212958240933        0.0000000000000000        0.0000000000000000        0.0000000000000000        0.0000000000000000        0.0000000000000000        1.0000000000000000     
   6.0000000000000000        1.8991691555242618        0.0000000000000000        0.0000000000000000        0.0000000000000000        0.0000000000000000        4.0000000000000002E-004  0.99960000000000004     
   7.0000000000000000        1.9133127722118708        0.0000000000000000        0.0000000000000000        0.0000000000000000        0.0000000000000000        8.0000000000000004E-004  0.99919999999999998     
   8.0000000000000000        1.9215284504409116        0.0000000000000000        0.0000000000000000        0.0000000000000000        0.0000000000000000        8.0000000000000004E-004  0.99919999999999998     
   9.0000000000000000        1.9243434571615061        0.0000000000000000        0.0000000000000000        0.0000000000000000        0.0000000000000000        8.0000000000000004E-004  0.99919999999999998     
   10.000000000000000        1.9184452755305195        0.0000000000000000        0.0000000000000000        0.0000000000000000        0.0000000000000000        1.0000000000000000E-003  0.99900000000000000     
   11.000000000000000        1.9084410950804944        0.0000000000000000        0.0000000000000000        0.0000000000000000        0.0000000000000000        1.1999999999999999E-003  0.99880000000000002     
   12.000000000000000        1.8924560393388123        0.0000000000000000        0.0000000000000000        0.0000000000000000        0.0000000000000000        0.0000000000000000        1.0000000000000000     
   13.000000000000000        1.8704019767543016        0.0000000000000000        0.0000000000000000        0.0000000000000000        0.0000000000000000        0.0000000000000000        1.0000000000000000     
   14.000000000000000        1.8434849807433369        0.0000000000000000        0.0000000000000000        0.0000000000000000        0.0000000000000000        2.0000000000000001E-004  0.99980000000000002     
   15.000000000000000        1.8109215532673890        0.0000000000000000        0.0000000000000000        0.0000000000000000        0.0000000000000000        2.0000000000000001E-004  0.99980000000000002     
   16.000000000000000        1.7762220632154730        0.0000000000000000        0.0000000000000000        0.0000000000000000        0.0000000000000000        0.0000000000000000        1.0000000000000000     
   17.000000000000000        1.7381202730942418        0.0000000000000000        0.0000000000000000        0.0000000000000000        0.0000000000000000        4.0000000000000002E-004  0.99960000000000004     
   18.000000000000000        1.6983099469805534        0.0000000000000000        0.0000000000000000        0.0000000000000000        0.0000000000000000        4.0000000000000002E-004  0.99960000000000004     
   19.000000000000000        1.6589120123851431        0.0000000000000000        0.0000000000000000        0.0000000000000000        0.0000000000000000        1.1999999999999999E-003  0.99880000000000002     
   20.000000000000000        1.6182520149868937        0.0000000000000000        0.0000000000000000        0.0000000000000000        0.0000000000000000        1.1999999999999999E-003  0.99880000000000002     
   21.000000000000000        1.5797496884999866        0.0000000000000000        0.0000000000000000        0.0000000000000000        0.0000000000000000        1.0000000000000000E-003  0.99900000000000000     
   22.000000000000000        1.5432974384125548        0.0000000000000000        0.0000000000000000        0.0000000000000000        0.0000000000000000        1.0000000000000000E-003  0.99900000000000000     
   23.000000000000000        1.5103201057953473        0.0000000000000000        0.0000000000000000        0.0000000000000000        0.0000000000000000        2.0000000000000001E-004  0.99980000000000002     
   24.000000000000000        1.4810899639211721        0.0000000000000000        0.0000000000000000        0.0000000000000000        0.0000000000000000        2.0000000000000001E-004  0.99980000000000002     
   25.000000000000000        1.4578359562714265        0.0000000000000000        0.0000000000000000        0.0000000000000000        0.0000000000000000        2.0000000000000001E-004  0.99980000000000002     
   26.000000000000000        1.4335006394552101        0.0000000000000000        0.0000000000000000        0.0000000000000000        0.0000000000000000        0.0000000000000000        1.0000000000000000     
   27.000000000000000        1.4267335757749766        0.0000000000000000        0.0000000000000000        0.0000000000000000        0.0000000000000000        0.0000000000000000        1.0000000000000000     
   28.000000000000000        1.4509970696718955        0.0000000000000000        0.0000000000000000        0.0000000000000000        1.4000000000000000E-003  0.18840000000000001       0.81020000000000003     
   29.000000000000000        1.3973541501674855        0.0000000000000000        0.0000000000000000        0.0000000000000000       0.13039999999999999       0.25400000000000000       0.61560000000000004     
   30.000000000000000        1.4180802858225514        0.0000000000000000        0.0000000000000000        0.0000000000000000        5.9600000000000000E-002   0.0000000000000000       0.94040000000000001     
   31.000000000000000        1.5215141641018504        0.0000000000000000        0.0000000000000000        0.0000000000000000        0.0000000000000000        1.6000000000000000E-002  0.98399999999999999     
   32.000000000000000        1.4310008558776106        0.0000000000000000        0.0000000000000000        0.0000000000000000        0.0000000000000000        3.4400000000000000E-002  0.96560000000000001     
   33.000000000000000        1.4593699975881660        0.0000000000000000        0.0000000000000000        0.0000000000000000        0.0000000000000000        5.9400000000000001E-002  0.94059999999999999     
   34.000000000000000        1.4790938266610867        0.0000000000000000        0.0000000000000000        0.0000000000000000        0.0000000000000000        5.6200000000000000E-002  0.94379999999999997     
   35.000000000000000        1.5028694067075998        0.0000000000000000        0.0000000000000000        0.0000000000000000        0.0000000000000000        5.7799999999999997E-002  0.94220000000000004     
   36.000000000000000        1.5273419028646358        0.0000000000000000        0.0000000000000000        0.0000000000000000        0.0000000000000000        5.3999999999999999E-002  0.94599999999999995     
   37.000000000000000        1.5529140487161557        0.0000000000000000        0.0000000000000000        0.0000000000000000        0.0000000000000000        5.3600000000000002E-002  0.94640000000000002     
   38.000000000000000        1.5784271143084909        0.0000000000000000        0.0000000000000000        0.0000000000000000        0.0000000000000000        7.5600000000000001E-002  0.92440000000000000     
   39.000000000000000        1.6034324968683560        0.0000000000000000        0.0000000000000000        0.0000000000000000        0.0000000000000000        6.9599999999999995E-002  0.93040000000000000     
   40.000000000000000        1.6270922840975059        0.0000000000000000        0.0000000000000000        0.0000000000000000        0.0000000000000000        5.8999999999999997E-002  0.94099999999999995     
   41.000000000000000        1.6525244534706962        0.0000000000000000        0.0000000000000000        0.0000000000000000        0.0000000000000000        5.4800000000000001E-002  0.94520000000000004     
   42.000000000000000        1.6718280844227635        0.0000000000000000        0.0000000000000000        0.0000000000000000        0.0000000000000000        4.9200000000000001E-002  0.95079999999999998     
   43.000000000000000        1.6873793046992771        0.0000000000000000        0.0000000000000000        0.0000000000000000        0.0000000000000000        4.8599999999999997E-002  0.95140000000000002     
   44.000000000000000        1.7023178208064835        0.0000000000000000        0.0000000000000000        0.0000000000000000        0.0000000000000000        5.1999999999999998E-002  0.94799999999999995     
   45.000000000000000        1.7144126950720131        0.0000000000000000        0.0000000000000000        0.0000000000000000        0.0000000000000000        5.2400000000000002E-002  0.94760000000000000     
   46.000000000000000        1.7235580341374397        0.0000000000000000        0.0000000000000000        0.0000000000000000        0.0000000000000000        6.0400000000000002E-002  0.93959999999999999     
   47.000000000000000        1.7301967735922805        0.0000000000000000        0.0000000000000000        0.0000000000000000        0.0000000000000000        5.8400000000000001E-002  0.94159999999999999     
   48.000000000000000        1.7335646305471921        0.0000000000000000        0.0000000000000000        0.0000000000000000        0.0000000000000000        5.7599999999999998E-002  0.94240000000000002     
   49.000000000000000        1.7351266561459640        0.0000000000000000        0.0000000000000000        0.0000000000000000        0.0000000000000000        5.8400000000000001E-002  0.94159999999999999     
   50.000000000000000        1.7344733933569758        0.0000000000000000        0.0000000000000000        0.0000000000000000        0.0000000000000000        5.8599999999999999E-002  0.94140000000000001     
   51.000000000000000        1.7321232701440425        0.0000000000000000        0.0000000000000000        0.0000000000000000        0.0000000000000000        5.6599999999999998E-002  0.94340000000000002     
   52.000000000000000        1.7284461959026327        0.0000000000000000        0.0000000000000000        0.0000000000000000        0.0000000000000000        5.6800000000000003E-002  0.94320000000000004     
   53.000000000000000        1.7243807550726820        0.0000000000000000        0.0000000000000000        0.0000000000000000        0.0000000000000000        6.1400000000000003E-002  0.93859999999999999     
   54.000000000000000        1.7197119840454471        0.0000000000000000        0.0000000000000000        0.0000000000000000        0.0000000000000000        6.1199999999999997E-002  0.93879999999999997     
   55.000000000000000        1.7155275078274705        0.0000000000000000        0.0000000000000000        0.0000000000000000        0.0000000000000000        6.3600000000000004E-002  0.93640000000000001     
   56.000000000000000        1.7124961708937518        0.0000000000000000        0.0000000000000000        0.0000000000000000        0.0000000000000000        6.3399999999999998E-002  0.93659999999999999     
   57.000000000000000        1.7106232315832253        0.0000000000000000        0.0000000000000000        0.0000000000000000        0.0000000000000000        5.8400000000000001E-002  0.94159999999999999     
   58.000000000000000        1.7125732075645326        0.0000000000000000        0.0000000000000000        0.0000000000000000        0.0000000000000000        5.8599999999999999E-002  0.94140000000000001     
   59.000000000000000        1.7115419020488312        0.0000000000000000        0.0000000000000000        0.0000000000000000        0.0000000000000000        5.6200000000000000E-002  0.94379999999999997     
   60.000000000000000        1.7147464811905933        0.0000000000000000        0.0000000000000000        0.0000000000000000        0.0000000000000000        5.9200000000000003E-002  0.94079999999999997     
   61.000000000000000        1.7196425957351145        0.0000000000000000        0.0000000000000000        0.0000000000000000        0.0000000000000000        5.6800000000000003E-002  0.94320000000000004     
   62.000000000000000        1.7267771647019616        0.0000000000000000        0.0000000000000000        0.0000000000000000        0.0000000000000000        5.4800000000000001E-002  0.94520000000000004     
   63.000000000000000        1.7353054297173915        0.0000000000000000        0.0000000000000000        0.0000000000000000        0.0000000000000000        5.3600000000000002E-002  0.94640000000000002     
   64.000000000000000        1.7446833503103412        0.0000000000000000        0.0000000000000000        0.0000000000000000        0.0000000000000000        6.1199999999999997E-002  0.93879999999999997     
   65.000000000000000        1.7547237071678985        0.0000000000000000        0.0000000000000000        0.0000000000000000        0.0000000000000000        5.6399999999999999E-002  0.94359999999999999     
   66.000000000000000        1.7640227629709369        0.0000000000000000        0.0000000000000000        0.0000000000000000        0.0000000000000000        5.5199999999999999E-002  0.94479999999999997     
   67.000000000000000        1.7735170998234338        0.0000000000000000        0.0000000000000000        0.0000000000000000        0.0000000000000000        5.6399999999999999E-002  0.94359999999999999     
   68.000000000000000        1.7817864301622739        0.0000000000000000        0.0000000000000000        0.0000000000000000        0.0000000000000000        5.7400000000000000E-002  0.94259999999999999     
   69.000000000000000        1.7890873124147868        0.0000000000000000        0.0000000000000000        0.0000000000000000        0.0000000000000000        4.8000000000000001E-002  0.95199999999999996     
   70.000000000000000        1.7928446795650885        0.0000000000000000        0.0000000000000000        0.0000000000000000        0.0000000000000000        5.0400000000000000E-002  0.94960000000000000     
   71.000000000000000        1.7945775480066459        0.0000000000000000        0.0000000000000000        0.0000000000000000        0.0000000000000000        3.9600000000000003E-002  0.96040000000000003     
   72.000000000000000        1.8020443127627026        0.0000000000000000        0.0000000000000000        0.0000000000000000        0.0000000000000000        4.0200000000000000E-002  0.95979999999999999     
   73.000000000000000        1.7976465110714721        0.0000000000000000        0.0000000000000000        0.0000000000000000        0.0000000000000000        4.2200000000000001E-002  0.95779999999999998     
   74.000000000000000        1.7869084886433058        0.0000000000000000        0.0000000000000000        0.0000000000000000        0.0000000000000000        4.5400000000000003E-002  0.95460000000000000     
   75.000000000000000        1.7787143274812582        0.0000000000000000        0.0000000000000000        0.0000000000000000        0.0000000000000000        4.2599999999999999E-002  0.95740000000000003     
   76.000000000000000        1.7683157969579837        0.0000000000000000        0.0000000000000000        0.0000000000000000        0.0000000000000000        4.6600000000000003E-002  0.95340000000000003     
   77.000000000000000        1.7552669082608623        0.0000000000000000        0.0000000000000000        0.0000000000000000        0.0000000000000000        4.7800000000000002E-002  0.95220000000000005     
   78.000000000000000        1.7413126658335760        0.0000000000000000        0.0000000000000000        0.0000000000000000        0.0000000000000000        4.9799999999999997E-002  0.95020000000000004     
   79.000000000000000        1.7254207735133567        0.0000000000000000        0.0000000000000000        0.0000000000000000        0.0000000000000000        5.8400000000000001E-002  0.94159999999999999     
   80.000000000000000        1.7090259455418506        0.0000000000000000        0.0000000000000000        0.0000000000000000        0.0000000000000000        6.8000000000000005E-002  0.93200000000000005     
   81.000000000000000        1.6928397573795986        0.0000000000000000        0.0000000000000000        0.0000000000000000        0.0000000000000000        6.8599999999999994E-002  0.93140000000000001     
   82.000000000000000        1.6771708805564582        0.0000000000000000        0.0000000000000000        0.0000000000000000        0.0000000000000000        6.0800000000000000E-002  0.93920000000000003     
   83.000000000000000        1.6608349378570779        0.0000000000000000        0.0000000000000000        0.0000000000000000        0.0000000000000000        5.9799999999999999E-002  0.94020000000000004     
   84.000000000000000        1.6488525024070619        0.0000000000000000        0.0000000000000000        0.0000000000000000        0.0000000000000000        6.3000000000000000E-002  0.93700000000000006     
   85.000000000000000        1.6375177416886226        0.0000000000000000        0.0000000000000000        0.0000000000000000        0.0000000000000000        6.8800000000000000E-002  0.93120000000000003     
   86.000000000000000        1.6292190578311068        0.0000000000000000        0.0000000000000000        0.0000000000000000        0.0000000000000000        6.8000000000000005E-002  0.93200000000000005     
   87.000000000000000        1.6234850012506483        0.0000000000000000        0.0000000000000000        0.0000000000000000        0.0000000000000000        6.8199999999999997E-002  0.93179999999999996     
   88.000000000000000        1.6213697158447364        0.0000000000000000        0.0000000000000000        0.0000000000000000        0.0000000000000000        6.6400000000000001E-002  0.93359999999999999     
   89.000000000000000        1.6237673174777112        0.0000000000000000        0.0000000000000000        0.0000000000000000        0.0000000000000000        6.5000000000000002E-002  0.93500000000000005     
   90.000000000000000        1.6298888060002592        0.0000000000000000        0.0000000000000000        0.0000000000000000        0.0000000000000000        6.4600000000000005E-002  0.93540000000000001     
   91.000000000000000        1.6406283094961891        0.0000000000000000        0.0000000000000000        0.0000000000000000        0.0000000000000000        6.4600000000000005E-002  0.93540000000000001     
   92.000000000000000        1.6555797238424519        0.0000000000000000        0.0000000000000000        0.0000000000000000        0.0000000000000000        6.4600000000000005E-002  0.93540000000000001     
   93.000000000000000        1.6747935775169844        0.0000000000000000        0.0000000000000000        0.0000000000000000        0.0000000000000000        6.4399999999999999E-002  0.93559999999999999     
   94.000000000000000        1.6979055010262025        0.0000000000000000        0.0000000000000000        0.0000000000000000        0.0000000000000000        6.4399999999999999E-002  0.93559999999999999     
   95.000000000000000        1.7244617344774884        0.0000000000000000        0.0000000000000000        0.0000000000000000        0.0000000000000000        6.4399999999999999E-002  0.93559999999999999     
   96.000000000000000        1.7540660019165588        0.0000000000000000        0.0000000000000000        0.0000000000000000        0.0000000000000000        6.4399999999999999E-002  0.93559999999999999     
   97.000000000000000        1.7857327663414300        0.0000000000000000        0.0000000000000000        0.0000000000000000        0.0000000000000000        6.4399999999999999E-002  0.93559999999999999     
   98.000000000000000        1.8191622555393065        0.0000000000000000        0.0000000000000000        0.0000000000000000        0.0000000000000000        6.4399999999999999E-002  0.93559999999999999     
   99.000000000000000        1.8529541652140094        0.0000000000000000        0.0000000000000000        0.0000000000000000        0.0000000000000000        6.4399999999999999E-002  0.93559999999999999     
   100.00000000000000        1.8864262912313277        0.0000000000000000        0.0000000000000000        0.0000000000000000        0.0000000000000000        6.4399999999999999E-002  0.93559999999999999     
   101.00000000000000        1.9185201002865524        0.0000000000000000        0.0000000000000000        0.0000000000000000        0.0000000000000000        6.4399999999999999E-002  0.93559999999999999     
   102.00000000000000        1.9484615966840353        0.0000000000000000        0.0000000000000000        0.0000000000000000        0.0000000000000000        6.4399999999999999E-002  0.93559999999999999     
   103.00000000000000        1.9751945170317664        0.0000000000000000        0.0000000000000000        0.0000000000000000        0.0000000000000000        6.4799999999999996E-002  0.93520000000000003     
   104.00000000000000        1.9979639182937186        0.0000000000000000        0.0000000000000000        0.0000000000000000        0.0000000000000000        6.4000000000000001E-002  0.93600000000000005     
   105.00000000000000        2.0159223252697638        0.0000000000000000        0.0000000000000000        0.0000000000000000        0.0000000000000000        6.7199999999999996E-002  0.93279999999999996     
   106.00000000000000        2.0152938540262442        0.0000000000000000        0.0000000000000000        0.0000000000000000        0.0000000000000000        6.6799999999999998E-002  0.93320000000000003     
   107.00000000000000        2.0352461725878013        0.0000000000000000        0.0000000000000000        0.0000000000000000        0.0000000000000000        6.4600000000000005E-002  0.93540000000000001     
   108.00000000000000        2.0361580177955192        0.0000000000000000        0.0000000000000000        0.0000000000000000        0.0000000000000000        6.4399999999999999E-002  0.93559999999999999     
   109.00000000000000        2.0320391157996820        0.0000000000000000        0.0000000000000000        0.0000000000000000        0.0000000000000000        7.3800000000000004E-002  0.92620000000000002     
   110.00000000000000        2.0220558735124605        0.0000000000000000        0.0000000000000000        0.0000000000000000        0.0000000000000000        7.5200000000000003E-002  0.92479999999999996     
   111.00000000000000        2.0038180530009906        0.0000000000000000        0.0000000000000000        0.0000000000000000        0.0000000000000000        7.4200000000000002E-002  0.92579999999999996     
   112.00000000000000        1.9803109226942328        0.0000000000000000        0.0000000000000000        0.0000000000000000        0.0000000000000000        7.2999999999999995E-002  0.92700000000000005     
   113.00000000000000        1.9527250682544990        0.0000000000000000        0.0000000000000000        0.0000000000000000        0.0000000000000000        7.2999999999999995E-002  0.92700000000000005     
   114.00000000000000        1.9207537812050897        0.0000000000000000        0.0000000000000000        0.0000000000000000        0.0000000000000000        7.3200000000000001E-002  0.92679999999999996     
   115.00000000000000        1.8826451812652654        0.0000000000000000        0.0000000000000000        0.0000000000000000        0.0000000000000000        7.3200000000000001E-002  0.92679999999999996     
   116.00000000000000        1.8428166818271146        0.0000000000000000        0.0000000000000000        0.0000000000000000        0.0000000000000000        7.3200000000000001E-002  0.92679999999999996     
   117.00000000000000        1.7985366757745738        0.0000000000000000        0.0000000000000000        0.0000000000000000        0.0000000000000000        7.3200000000000001E-002  0.92679999999999996     
   118.00000000000000        1.7546320445633059        0.0000000000000000        0.0000000000000000        0.0000000000000000        0.0000000000000000        7.3200000000000001E-002  0.92679999999999996     
   119.00000000000000        1.7091517859850995        0.0000000000000000        0.0000000000000000        0.0000000000000000        0.0000000000000000        7.3200000000000001E-002  0.92679999999999996     
   120.00000000000000        1.6639380370668306        0.0000000000000000        0.0000000000000000        0.0000000000000000        0.0000000000000000        7.3400000000000007E-002  0.92659999999999998     
   121.00000000000000        1.6203501123185300        0.0000000000000000        0.0000000000000000        0.0000000000000000        0.0000000000000000        7.3400000000000007E-002  0.92659999999999998     
   122.00000000000000        1.5755608671910830        0.0000000000000000        0.0000000000000000        0.0000000000000000        2.2599999999999999E-002  0.28220000000000001       0.69520000000000004     
   123.00000000000000        1.5586457236271507        0.0000000000000000        0.0000000000000000        0.0000000000000000        2.2599999999999999E-002  0.28220000000000001       0.69520000000000004     
   124.00000000000000        1.5654573332603223        0.0000000000000000        0.0000000000000000        0.0000000000000000        2.2599999999999999E-002  0.28220000000000001       0.69520000000000004     
   125.00000000000000        1.5878715923196920        0.0000000000000000        0.0000000000000000        0.0000000000000000        2.2599999999999999E-002  0.28220000000000001       0.69520000000000004     
   126.00000000000000        1.5793583699725107        0.0000000000000000        0.0000000000000000        0.0000000000000000        2.2599999999999999E-002  0.28220000000000001       0.69520000000000004     
   127.00000000000000        1.5870826112932361        0.0000000000000000        0.0000000000000000        0.0000000000000000        2.1999999999999999E-002  0.28280000000000000       0.69520000000000004     
   128.00000000000000        1.5928413507285226        0.0000000000000000        0.0000000000000000        0.0000000000000000        2.2599999999999999E-002  0.28220000000000001       0.69520000000000004     
   129.00000000000000        1.5954883161690525        0.0000000000000000        0.0000000000000000        0.0000000000000000        2.2400000000000000E-002  0.28239999999999998       0.69520000000000004     
   130.00000000000000        1.5982568036269935        0.0000000000000000        0.0000000000000000        0.0000000000000000        2.2400000000000000E-002  0.28239999999999998       0.69520000000000004     
   131.00000000000000        1.6000415230396399        0.0000000000000000        0.0000000000000000        0.0000000000000000        2.2400000000000000E-002  0.28239999999999998       0.69520000000000004     
   132.00000000000000        1.5998917552204033        0.0000000000000000        0.0000000000000000        0.0000000000000000        2.2800000000000001E-002  0.28199999999999997       0.69520000000000004     
   133.00000000000000        1.5980919904163966        0.0000000000000000        0.0000000000000000        0.0000000000000000        2.2800000000000001E-002  0.28199999999999997       0.69520000000000004     
   134.00000000000000        1.5946488444735274        0.0000000000000000        0.0000000000000000        0.0000000000000000        2.1399999999999999E-002  0.28339999999999999       0.69520000000000004     
   135.00000000000000        1.5898296810009422        0.0000000000000000        0.0000000000000000        0.0000000000000000        3.2000000000000001E-002  0.27279999999999999       0.69520000000000004     
   136.00000000000000        1.5833525710077354        0.0000000000000000        0.0000000000000000        0.0000000000000000        5.0200000000000002E-002  0.25459999999999999       0.69520000000000004     
   137.00000000000000        1.5664477453314440        0.0000000000000000        0.0000000000000000        0.0000000000000000       0.27500000000000002       0.72499999999999998        0.0000000000000000     
   138.00000000000000        1.5839851618665906        0.0000000000000000        0.0000000000000000        0.0000000000000000       0.27500000000000002       0.67720000000000002        4.7800000000000002E-002
   139.00000000000000        1.5988132565920370        0.0000000000000000        0.0000000000000000        0.0000000000000000       0.27500000000000002       0.64139999999999997        8.3599999999999994E-002
   140.00000000000000        1.6127470037564888        0.0000000000000000        0.0000000000000000        0.0000000000000000       0.27500000000000002       0.60460000000000003       0.12039999999999999     
   141.00000000000000        1.6250555824923270        0.0000000000000000        0.0000000000000000        0.0000000000000000       0.27500000000000002       0.60699999999999998       0.11799999999999999     
   142.00000000000000        1.6357541853064548        0.0000000000000000        0.0000000000000000        0.0000000000000000       0.27500000000000002       0.60119999999999996       0.12379999999999999     
   143.00000000000000        1.6443177768626080        0.0000000000000000        0.0000000000000000        0.0000000000000000       0.27500000000000002       0.58819999999999995       0.13680000000000000     
   144.00000000000000        1.6504114296408936        0.0000000000000000        0.0000000000000000        0.0000000000000000       0.27500000000000002       0.59440000000000004       0.13059999999999999     
   145.00000000000000        1.6542694524339479        0.0000000000000000        0.0000000000000000        0.0000000000000000       0.27500000000000002       0.59540000000000004       0.12959999999999999     
   146.00000000000000        1.6561162142380006        0.0000000000000000        0.0000000000000000        0.0000000000000000       0.27500000000000002       0.59460000000000002       0.13039999999999999     
   147.00000000000000        1.6542864685111951        0.0000000000000000        0.0000000000000000        0.0000000000000000       0.27500000000000002       0.59540000000000004       0.12959999999999999     
   148.00000000000000        1.6505431340106631        0.0000000000000000        0.0000000000000000        0.0000000000000000       0.27500000000000002       0.59499999999999997       0.13000000000000000     
   149.00000000000000        1.6439992535824111        0.0000000000000000        0.0000000000000000        0.0000000000000000       0.27500000000000002       0.59499999999999997       0.13000000000000000     
   150.00000000000000        1.6355427382694694        0.0000000000000000        0.0000000000000000        0.0000000000000000       0.27500000000000002       0.59440000000000004       0.13059999999999999     
   151.00000000000000        1.6253794895986582        0.0000000000000000        0.0000000000000000        0.0000000000000000       0.27500000000000002       0.59140000000000004       0.13360000000000000     
   152.00000000000000        1.6127526745956224        0.0000000000000000        0.0000000000000000        0.0000000000000000       0.27500000000000002       0.58740000000000003       0.13760000000000000     
   153.00000000000000        1.5986542595198630        0.0000000000000000        0.0000000000000000        0.0000000000000000       0.27500000000000002       0.59079999999999999       0.13420000000000001     
   154.00000000000000        1.5849693951968638        0.0000000000000000        0.0000000000000000        0.0000000000000000       0.27500000000000002       0.58940000000000003       0.13560000000000000     
   155.00000000000000        1.5702746255265516        0.0000000000000000        0.0000000000000000        0.0000000000000000       0.27500000000000002       0.58299999999999996       0.14199999999999999     
   156.00000000000000        1.5553864462468459        0.0000000000000000        0.0000000000000000        0.0000000000000000       0.27500000000000002       0.58299999999999996       0.14199999999999999     
   157.00000000000000        1.5416061737072164        0.0000000000000000        0.0000000000000000        0.0000000000000000       0.27500000000000002       0.58640000000000003       0.13860000000000000     
   158.00000000000000        1.5283495917486536        0.0000000000000000        0.0000000000000000        0.0000000000000000       0.27500000000000002       0.58379999999999999       0.14119999999999999     
   159.00000000000000        1.5164359725434235        0.0000000000000000        0.0000000000000000        0.0000000000000000       0.27500000000000002       0.57220000000000004       0.15279999999999999     
   160.00000000000000        1.5059675326031843        0.0000000000000000        0.0000000000000000        0.0000000000000000       0.27500000000000002       0.58979999999999999       0.13519999999999999     
   161.00000000000000        1.4973565850004129        0.0000000000000000        0.0000000000000000        0.0000000000000000       0.27500000000000002       0.57840000000000003       0.14660000000000001     
   162.00000000000000        1.4906541019181736        0.0000000000000000        0.0000000000000000        0.0000000000000000       0.27500000000000002       0.59319999999999995       0.13180000000000000     
   163.00000000000000        1.4857781433634361        0.0000000000000000        0.0000000000000000        0.0000000000000000       0.27500000000000002       0.61560000000000004       0.10940000000000000     
   164.00000000000000        1.4827878608584577        0.0000000000000000        0.0000000000000000        0.0000000000000000       0.27500000000000002       0.62480000000000002       0.10020000000000000     
   165.00000000000000        1.4815738079027183        0.0000000000000000        0.0000000000000000        0.0000000000000000       0.27500000000000002       0.62119999999999997       0.10380000000000000     
   166.00000000000000        1.4818078803593757        0.0000000000000000        0.0000000000000000        0.0000000000000000       0.27500000000000002       0.62800000000000000        9.7000000000000003E-002
   167.00000000000000        1.4833269267953355        0.0000000000000000        0.0000000000000000        0.0000000000000000       0.27500000000000002       0.64439999999999997        8.0600000000000005E-002
   168.00000000000000        1.4860261874362082        0.0000000000000000        0.0000000000000000        0.0000000000000000       0.27500000000000002       0.63719999999999999        8.7800000000000003E-002
   169.00000000000000        1.4889698025718336        0.0000000000000000        0.0000000000000000        0.0000000000000000       0.27500000000000002       0.63719999999999999        8.7800000000000003E-002
   170.00000000000000        1.4925998771138012        0.0000000000000000        0.0000000000000000        0.0000000000000000       0.27500000000000002       0.62439999999999996       0.10059999999999999     
   171.00000000000000        1.4971468515978901        0.0000000000000000        0.0000000000000000        0.0000000000000000       0.27500000000000002       0.62439999999999996       0.10059999999999999     
   172.00000000000000        1.5013461737881997        0.0000000000000000        0.0000000000000000        0.0000000000000000       0.27500000000000002       0.62439999999999996       0.10059999999999999     
   173.00000000000000        1.5041959511662513        0.0000000000000000        0.0000000000000000        0.0000000000000000       0.27500000000000002       0.61480000000000001       0.11020000000000001     
   174.00000000000000        1.5066043688265474        0.0000000000000000        0.0000000000000000        0.0000000000000000       0.27500000000000002       0.61819999999999997       0.10680000000000001     
   175.00000000000000        1.5087538303275942        0.0000000000000000        0.0000000000000000        0.0000000000000000       0.27500000000000002       0.62600000000000000        9.9000000000000005E-002
   176.00000000000000        1.5107442831305358        0.0000000000000000        0.0000000000000000        0.0000000000000000       0.27500000000000002       0.62960000000000005        9.5399999999999999E-002
   177.00000000000000        1.5119938449749666        0.0000000000000000        0.0000000000000000        0.0000000000000000       0.27500000000000002       0.63739999999999997        8.7599999999999997E-002
   178.00000000000000        1.5129912556901370        0.0000000000000000        0.0000000000000000        0.0000000000000000       0.27500000000000002       0.63439999999999996        9.0600000000000000E-002
   179.00000000000000        1.5134089702719928        0.0000000000000000        0.0000000000000000        0.0000000000000000       0.27500000000000002       0.63519999999999999        8.9800000000000005E-002
   180.00000000000000        1.5135323638236773        0.0000000000000000        0.0000000000000000        0.0000000000000000       0.27500000000000002       0.64219999999999999        8.2799999999999999E-002
   181.00000000000000        1.5133527480218614        0.0000000000000000        0.0000000000000000        0.0000000000000000       0.27500000000000002       0.63980000000000004        8.5199999999999998E-002
   182.00000000000000        1.5132983040025989        0.0000000000000000        0.0000000000000000        0.0000000000000000       0.27500000000000002       0.64059999999999995        8.4400000000000003E-002
   183.00000000000000        1.5150660247978633        0.0000000000000000        0.0000000000000000        0.0000000000000000       0.18820000000000001       0.67279999999999995       0.13900000000000001     
   184.00000000000000        1.5181319104237463        0.0000000000000000        0.0000000000000000        0.0000000000000000       0.18840000000000001       0.67259999999999998       0.13900000000000001     
   185.00000000000000        1.5154736370647797        0.0000000000000000        0.0000000000000000        0.0000000000000000       0.18880000000000000       0.67220000000000002       0.13900000000000001     
   186.00000000000000        1.5135707647392875        0.0000000000000000        0.0000000000000000        0.0000000000000000       0.18940000000000001       0.67159999999999997       0.13900000000000001     
   187.00000000000000        1.5202812619831483        0.0000000000000000        0.0000000000000000        0.0000000000000000       0.18360000000000001       0.67740000000000000       0.13900000000000001     
   188.00000000000000        1.4802779180544394        0.0000000000000000        0.0000000000000000        0.0000000000000000       0.29759999999999998       0.56340000000000001       0.13900000000000001     
   189.00000000000000        1.6181746278534934        0.0000000000000000        0.0000000000000000        1.2600000000000000E-002  0.28499999999999998       0.56340000000000001       0.13900000000000001     
