#        BMIN =   406
#        BMAX =   411
#     INIBAND =   407
#      NBANDS =   540
#         NSW =  2000
#       POTIM =   1.0
#        TEMP = 300.0
#    NAMDTINI =   862
#    NAMDTIME =  1000
#       NTRAJ =  5000
#        NELM =  1000
#       LHOLE =     T
#        LSHP =     T
#      LCPTXT =     T
#      RUNDIR = ../../run/
   1.0000000000000000       0.10732629267307309        0.0000000000000000        1.0000000000000000        0.0000000000000000        0.0000000000000000        0.0000000000000000        0.0000000000000000     
   2.0000000000000000       0.11992723161369147        0.0000000000000000        1.0000000000000000        0.0000000000000000        0.0000000000000000        0.0000000000000000        0.0000000000000000     
   3.0000000000000000       0.13258739607566419        0.0000000000000000       0.99980000000000002        2.0000000000000001E-004   0.0000000000000000        0.0000000000000000        0.0000000000000000     
   4.0000000000000000       0.14557377796026738        0.0000000000000000       0.99980000000000002        2.0000000000000001E-004   0.0000000000000000        0.0000000000000000        0.0000000000000000     
   5.0000000000000000       0.15862906543740157        0.0000000000000000       0.99980000000000002        2.0000000000000001E-004   0.0000000000000000        0.0000000000000000        0.0000000000000000     
   6.0000000000000000       0.17190124188458883        0.0000000000000000       0.99980000000000002        2.0000000000000001E-004   0.0000000000000000        0.0000000000000000        0.0000000000000000     
   7.0000000000000000       0.18536061027689343        0.0000000000000000       0.99980000000000002        2.0000000000000001E-004   0.0000000000000000        0.0000000000000000        0.0000000000000000     
   8.0000000000000000       0.19894862950784328        0.0000000000000000       0.99919999999999998        8.0000000000000004E-004   0.0000000000000000        0.0000000000000000        0.0000000000000000     
   9.0000000000000000       0.21269936298555489        0.0000000000000000       0.99919999999999998        8.0000000000000004E-004   0.0000000000000000        0.0000000000000000        0.0000000000000000     
   10.000000000000000       0.22816714911286526        0.0000000000000000       0.99919999999999998        8.0000000000000004E-004   0.0000000000000000        0.0000000000000000        0.0000000000000000     
   11.000000000000000       0.24407647326649462        0.0000000000000000       0.99919999999999998        8.0000000000000004E-004   0.0000000000000000        0.0000000000000000        0.0000000000000000     
   12.000000000000000       0.26111455613612350        0.0000000000000000       0.99919999999999998        8.0000000000000004E-004   0.0000000000000000        0.0000000000000000        0.0000000000000000     
   13.000000000000000       0.27887998032587941        0.0000000000000000       0.99900000000000000        8.0000000000000004E-004   2.0000000000000001E-004   0.0000000000000000        0.0000000000000000     
   14.000000000000000       0.29501321871918407        0.0000000000000000       0.99900000000000000        8.0000000000000004E-004   2.0000000000000001E-004   0.0000000000000000        0.0000000000000000     
   15.000000000000000       0.31670003703306021        0.0000000000000000       0.99860000000000004        8.0000000000000004E-004   5.9999999999999995E-004   0.0000000000000000        0.0000000000000000     
   16.000000000000000       0.33625349541750138        0.0000000000000000       0.99760000000000004        8.0000000000000004E-004   1.6000000000000001E-003   0.0000000000000000        0.0000000000000000     
   17.000000000000000       0.35482681999167598        0.0000000000000000       0.99739999999999995        8.0000000000000004E-004   1.8000000000000000E-003   0.0000000000000000        0.0000000000000000     
   18.000000000000000       0.37449336521051435        0.0000000000000000       0.99739999999999995        8.0000000000000004E-004   1.8000000000000000E-003   0.0000000000000000        0.0000000000000000     
   19.000000000000000       0.39144151206900918        0.0000000000000000       0.99680000000000002        1.4000000000000000E-003   1.8000000000000000E-003   0.0000000000000000        0.0000000000000000     
   20.000000000000000       0.40855814921260264        0.0000000000000000       0.99700000000000000        1.1999999999999999E-003   1.8000000000000000E-003   0.0000000000000000        0.0000000000000000     
   21.000000000000000       0.42526165749759526        0.0000000000000000       0.99639999999999995        1.4000000000000000E-003   2.2000000000000001E-003   0.0000000000000000        0.0000000000000000     
   22.000000000000000       0.43945796635163331        0.0000000000000000       0.99639999999999995        1.4000000000000000E-003   2.2000000000000001E-003   0.0000000000000000        0.0000000000000000     
   23.000000000000000       0.45224233306864425        0.0000000000000000       0.99560000000000004        1.8000000000000000E-003   2.5999999999999999E-003   0.0000000000000000        0.0000000000000000     
   24.000000000000000       0.46302641718241877        0.0000000000000000       0.99560000000000004        1.8000000000000000E-003   2.5999999999999999E-003   0.0000000000000000        0.0000000000000000     
   25.000000000000000       0.47442039076228526        0.0000000000000000       0.99280000000000002        1.8000000000000000E-003   5.4000000000000003E-003   0.0000000000000000        0.0000000000000000     
   26.000000000000000       0.48202213970496949        0.0000000000000000       0.99260000000000004        2.0000000000000000E-003   5.4000000000000003E-003   0.0000000000000000        0.0000000000000000     
   27.000000000000000       0.49009504059087627        0.0000000000000000       0.99099999999999999        2.0000000000000000E-003   7.0000000000000001E-003   0.0000000000000000        0.0000000000000000     
   28.000000000000000       0.49484474966650360        0.0000000000000000       0.98939999999999995        2.8000000000000000E-003   7.7999999999999996E-003   0.0000000000000000        0.0000000000000000     
   29.000000000000000       0.49857513505891410        0.0000000000000000       0.98939999999999995        2.8000000000000000E-003   7.7999999999999996E-003   0.0000000000000000        0.0000000000000000     
   30.000000000000000       0.51118806720887011        0.0000000000000000       0.98740000000000006        2.5999999999999999E-003   1.0000000000000000E-002   0.0000000000000000        0.0000000000000000     
   31.000000000000000       0.50345163770870105        0.0000000000000000       0.98680000000000001        2.8000000000000000E-003   4.5999999999999999E-003   1.4000000000000000E-003   4.4000000000000003E-003
   32.000000000000000       0.52096903660996807        0.0000000000000000       0.98660000000000003        2.8000000000000000E-003   4.5999999999999999E-003   1.4000000000000000E-003   4.5999999999999999E-003
   33.000000000000000       0.50766919633786833        0.0000000000000000       0.98560000000000003        2.8000000000000000E-003   4.5999999999999999E-003   1.4000000000000000E-003   5.5999999999999999E-003
   34.000000000000000       0.51581041480688483        0.0000000000000000       0.98560000000000003        2.8000000000000000E-003   4.5999999999999999E-003   1.4000000000000000E-003   5.5999999999999999E-003
   35.000000000000000       0.53123800618772410        0.0000000000000000       0.98560000000000003        2.8000000000000000E-003   4.5999999999999999E-003   1.4000000000000000E-003   5.5999999999999999E-003
   36.000000000000000       0.54260571821941195        0.0000000000000000       0.98440000000000005        2.5999999999999999E-003   3.5999999999999999E-003   0.0000000000000000        9.4000000000000004E-003
   37.000000000000000       0.45130242607411875        0.0000000000000000       0.98419999999999996        2.8000000000000000E-003   3.2000000000000002E-003   8.0000000000000004E-004   8.9999999999999993E-003
   38.000000000000000       0.53727412721930734        0.0000000000000000       0.98340000000000005        2.5999999999999999E-003   1.0000000000000000E-003   3.0000000000000001E-003   1.0000000000000000E-002
   39.000000000000000       0.35219534126636065        0.0000000000000000       0.98299999999999998        2.3999999999999998E-003   8.0000000000000004E-004   9.5999999999999992E-003   4.1999999999999997E-003
   40.000000000000000       0.56929207049234209        0.0000000000000000       0.98180000000000001        2.3999999999999998E-003   8.0000000000000004E-004   9.5999999999999992E-003   5.4000000000000003E-003
   41.000000000000000       0.57646177150920330        0.0000000000000000       0.98140000000000005        2.3999999999999998E-003   8.0000000000000004E-004   9.5999999999999992E-003   5.7999999999999996E-003
   42.000000000000000       0.56575729958314169        0.0000000000000000       0.98140000000000005        2.2000000000000001E-003   3.0000000000000001E-003   1.2400000000000000E-002   1.0000000000000000E-003
   43.000000000000000       0.54901583154185674        0.0000000000000000       0.98080000000000001        2.2000000000000001E-003   3.8000000000000000E-003   1.2200000000000001E-002   1.0000000000000000E-003
   44.000000000000000       0.65530215900655664        0.0000000000000000       0.98080000000000001        2.2000000000000001E-003   3.2000000000000002E-003   1.2200000000000001E-002   1.6000000000000001E-003
   45.000000000000000       0.56950017958133659        0.0000000000000000       0.98080000000000001        2.2000000000000001E-003   3.2000000000000002E-003   1.2200000000000001E-002   1.6000000000000001E-003
   46.000000000000000       0.56937462512226156        0.0000000000000000       0.98080000000000001        2.2000000000000001E-003   3.2000000000000002E-003   1.2200000000000001E-002   1.6000000000000001E-003
   47.000000000000000       0.55038071932716282        0.0000000000000000       0.98080000000000001        2.0000000000000000E-003   3.3999999999999998E-003   1.2200000000000001E-002   1.6000000000000001E-003
   48.000000000000000       0.38609399533701561        1.1999999999999999E-003  0.87400000000000000       0.10760000000000000        3.3999999999999998E-003   1.2200000000000001E-002   1.6000000000000001E-003
   49.000000000000000       0.82844419063929464        1.1999999999999999E-003  0.87400000000000000        9.6799999999999997E-002   1.0400000000000000E-002   1.2400000000000000E-002   5.1999999999999998E-003
   50.000000000000000       0.85385658109782991        1.1999999999999999E-003  0.86419999999999997        3.9199999999999999E-002   6.6400000000000001E-002   7.4000000000000003E-003   2.1600000000000001E-002
   51.000000000000000       0.83963901239181438        1.1999999999999999E-003  0.86419999999999997        3.9199999999999999E-002   6.6400000000000001E-002   7.4000000000000003E-003   2.1600000000000001E-002
   52.000000000000000       0.83606765287006302        1.1999999999999999E-003  0.80120000000000002       0.10220000000000000        6.6400000000000001E-002   7.4000000000000003E-003   2.1600000000000001E-002
   53.000000000000000       0.65155051524562324        1.1999999999999999E-003  0.80120000000000002       0.10220000000000000        6.6400000000000001E-002   7.4000000000000003E-003   2.1600000000000001E-002
   54.000000000000000       0.64534554782970410        1.1999999999999999E-003  0.80059999999999998       0.10140000000000000        6.7799999999999999E-002   7.4000000000000003E-003   2.1600000000000001E-002
   55.000000000000000       0.63677708338234273        1.1999999999999999E-003  0.80020000000000002       0.10180000000000000        6.7799999999999999E-002   7.4000000000000003E-003   2.1600000000000001E-002
   56.000000000000000       0.62750719843649472        1.1999999999999999E-003  0.79979999999999996       0.10180000000000000        6.8199999999999997E-002   7.4000000000000003E-003   2.1600000000000001E-002
   57.000000000000000       0.61570801451023516        1.1999999999999999E-003  0.79979999999999996       0.10180000000000000        6.8199999999999997E-002   7.4000000000000003E-003   2.1600000000000001E-002
   58.000000000000000       0.60338992614101272        1.1999999999999999E-003  0.79720000000000002       0.10440000000000001        6.8199999999999997E-002   7.4000000000000003E-003   2.1600000000000001E-002
   59.000000000000000       0.59005274423737342        1.1999999999999999E-003  0.79759999999999998       0.10400000000000000        6.8199999999999997E-002   7.4000000000000003E-003   2.1600000000000001E-002
   60.000000000000000       0.57665872261569073        1.1999999999999999E-003  0.79600000000000004       0.10360000000000000        7.0199999999999999E-002   7.4000000000000003E-003   2.1600000000000001E-002
   61.000000000000000       0.56150612104622422        1.1999999999999999E-003  0.79079999999999995       0.10700000000000000        7.1999999999999995E-002   7.4000000000000003E-003   2.1600000000000001E-002
   62.000000000000000       0.54162293064505573        1.1999999999999999E-003  0.79079999999999995       0.10639999999999999        7.2599999999999998E-002   8.3999999999999995E-003   2.0600000000000000E-002
   63.000000000000000       0.52040943306564458        1.1999999999999999E-003  0.67979999999999996       0.21740000000000001        7.2599999999999998E-002   1.0000000000000000E-002   1.9000000000000000E-002
   64.000000000000000       0.49262070052531326        1.1999999999999999E-003  0.67979999999999996       0.21740000000000001        7.2599999999999998E-002   1.0000000000000000E-002   1.9000000000000000E-002
   65.000000000000000       0.46529935805371209        1.1999999999999999E-003  0.64920000000000000       0.24800000000000000        7.2599999999999998E-002   1.0000000000000000E-002   1.9000000000000000E-002
   66.000000000000000       0.43843770418843409        1.1999999999999999E-003  0.64259999999999995       0.25380000000000003        7.3400000000000007E-002   1.0000000000000000E-002   1.9000000000000000E-002
   67.000000000000000       0.41203993259510496        1.1999999999999999E-003  0.63980000000000004       0.25600000000000001        7.3999999999999996E-002   8.9999999999999993E-003   2.0000000000000000E-002
   68.000000000000000       0.38638356092598103        1.0000000000000000E-003  0.64000000000000001       0.25580000000000003        7.4200000000000002E-002   8.0000000000000002E-003   2.1000000000000001E-002
   69.000000000000000       0.36246789804218305        1.0000000000000000E-003  0.64000000000000001       0.25580000000000003        7.4200000000000002E-002   7.6000000000000000E-003   2.1399999999999999E-002
   70.000000000000000       0.34046221515045899        1.0000000000000000E-003  0.64039999999999997       0.25540000000000002        7.4200000000000002E-002   7.6000000000000000E-003   2.1399999999999999E-002
   71.000000000000000       0.32152793984464495        1.0000000000000000E-003  0.63619999999999999       0.25960000000000000        7.4200000000000002E-002   7.7999999999999996E-003   2.1200000000000000E-002
   72.000000000000000       0.30467151209371668        1.0000000000000000E-003  0.63619999999999999       0.25960000000000000        7.4200000000000002E-002   7.7999999999999996E-003   2.1200000000000000E-002
   73.000000000000000       0.29254054487656556        1.0000000000000000E-003  0.63119999999999998       0.26300000000000001        7.5800000000000006E-002   7.7999999999999996E-003   2.1200000000000000E-002
   74.000000000000000       0.28245346294587664        1.0000000000000000E-003  0.63019999999999998       0.26300000000000001        7.6799999999999993E-002   7.7999999999999996E-003   2.1200000000000000E-002
   75.000000000000000       0.27329973826417148        1.0000000000000000E-003  0.63019999999999998       0.26300000000000001        7.6799999999999993E-002   7.7999999999999996E-003   2.1200000000000000E-002
   76.000000000000000       0.26743162911608287        1.0000000000000000E-003  0.63019999999999998       0.26300000000000001        7.6799999999999993E-002   7.7999999999999996E-003   2.1200000000000000E-002
   77.000000000000000       0.26422853447143435        1.0000000000000000E-003  0.63019999999999998       0.26300000000000001        7.6799999999999993E-002   7.7999999999999996E-003   2.1200000000000000E-002
   78.000000000000000       0.26741408090136365        1.0000000000000000E-003  0.62719999999999998       0.26319999999999999        7.9600000000000004E-002   7.7999999999999996E-003   2.1200000000000000E-002
   79.000000000000000       0.27221522848426055        1.0000000000000000E-003  0.62519999999999998       0.26319999999999999        8.1600000000000006E-002   7.7999999999999996E-003   2.1200000000000000E-002
   80.000000000000000       0.27727363559263812        1.0000000000000000E-003  0.62439999999999996       0.26379999999999998        8.1799999999999998E-002   7.7999999999999996E-003   2.1200000000000000E-002
   81.000000000000000       0.28819644454101007        1.0000000000000000E-003  0.62160000000000004       0.26379999999999998        8.4599999999999995E-002   7.7999999999999996E-003   2.1200000000000000E-002
   82.000000000000000       0.29837095211237741        1.0000000000000000E-003  0.62160000000000004       0.26379999999999998        8.4599999999999995E-002   7.7999999999999996E-003   2.1200000000000000E-002
   83.000000000000000       0.31130301412784417        1.0000000000000000E-003  0.61980000000000002       0.26519999999999999        8.5000000000000006E-002   7.7999999999999996E-003   2.1200000000000000E-002
   84.000000000000000       0.32550350608879736        1.0000000000000000E-003  0.61280000000000001       0.27220000000000000        8.5000000000000006E-002   7.7999999999999996E-003   2.1200000000000000E-002
   85.000000000000000       0.34149194024214191        1.0000000000000000E-003  0.61280000000000001       0.27220000000000000        8.5000000000000006E-002   7.7999999999999996E-003   2.1200000000000000E-002
   86.000000000000000       0.36002350340961026        1.0000000000000000E-003  0.60860000000000003       0.27639999999999998        8.5000000000000006E-002   7.7999999999999996E-003   2.1200000000000000E-002
   87.000000000000000       0.37864068793185979        1.0000000000000000E-003  0.60860000000000003       0.27639999999999998        8.5000000000000006E-002   7.7999999999999996E-003   2.1200000000000000E-002
   88.000000000000000       0.39814980971695013        1.0000000000000000E-003  0.60880000000000001       0.27620000000000000        8.5000000000000006E-002   7.7999999999999996E-003   2.1200000000000000E-002
   89.000000000000000       0.41836192216851464        8.0000000000000004E-004  0.60880000000000001       0.27620000000000000        8.5199999999999998E-002   7.7999999999999996E-003   2.1200000000000000E-002
   90.000000000000000       0.43861008999706214        8.0000000000000004E-004  0.60880000000000001       0.27620000000000000        8.5199999999999998E-002   7.7999999999999996E-003   2.1200000000000000E-002
   91.000000000000000       0.45974439235314757        8.0000000000000004E-004  0.60799999999999998       0.27600000000000002        8.6199999999999999E-002   7.7999999999999996E-003   2.1200000000000000E-002
   92.000000000000000       0.48196896685000296        8.0000000000000004E-004  0.60799999999999998       0.27579999999999999        1.0400000000000000E-002   1.3599999999999999E-002   9.1399999999999995E-002
   93.000000000000000       0.49794735742972518        8.0000000000000004E-004  0.60619999999999996       0.27760000000000001        1.0400000000000000E-002   1.3599999999999999E-002   9.1399999999999995E-002
   94.000000000000000       0.51545988488545924        8.0000000000000004E-004  0.60619999999999996       0.27739999999999998        1.0400000000000000E-002   1.3599999999999999E-002   9.1600000000000001E-002
   95.000000000000000       0.53106612315557666        8.0000000000000004E-004  0.60619999999999996       0.27739999999999998        1.0400000000000000E-002   1.3599999999999999E-002   9.1600000000000001E-002
   96.000000000000000       0.54568218534313107        8.0000000000000004E-004  0.60619999999999996       0.27720000000000000        1.0400000000000000E-002   1.3599999999999999E-002   9.1800000000000007E-002
   97.000000000000000       0.56004317760879629        8.0000000000000004E-004  0.60380000000000000       0.27800000000000002        1.0400000000000000E-002   1.3599999999999999E-002   9.3399999999999997E-002
   98.000000000000000       0.56932168808789541        8.0000000000000004E-004  0.59919999999999995       0.28260000000000002        1.0400000000000000E-002   1.3599999999999999E-002   9.3399999999999997E-002
   99.000000000000000       0.58660639732863151        8.0000000000000004E-004  0.59919999999999995       0.28260000000000002        1.0400000000000000E-002   1.3599999999999999E-002   9.3399999999999997E-002
   100.00000000000000       0.58982223012310997        8.0000000000000004E-004  0.59860000000000002       0.28280000000000000        1.1400000000000000E-002   1.2600000000000000E-002   9.3799999999999994E-002
   101.00000000000000       0.59120306411684598        8.0000000000000004E-004  0.59860000000000002       0.28280000000000000        1.1400000000000000E-002   1.2600000000000000E-002   9.3799999999999994E-002
   102.00000000000000       0.59601598319718774        8.0000000000000004E-004  0.59840000000000004       0.28280000000000000        1.0600000000000000E-002   1.3400000000000000E-002   9.4000000000000000E-002
   103.00000000000000       0.59932703056938386        8.0000000000000004E-004  0.59840000000000004       0.28280000000000000        1.0400000000000000E-002   1.3599999999999999E-002   9.4000000000000000E-002
   104.00000000000000       0.59499685510169287        8.0000000000000004E-004  0.59640000000000004       0.28320000000000001        1.0400000000000000E-002   1.3599999999999999E-002   9.5600000000000004E-002
   105.00000000000000       0.59472792246355122        8.0000000000000004E-004  0.59640000000000004       0.28260000000000002        1.0400000000000000E-002   1.3599999999999999E-002   9.6199999999999994E-002
   106.00000000000000       0.59078113006992172        8.0000000000000004E-004  0.59419999999999995       0.28399999999999997        5.2600000000000001E-002   1.2200000000000001E-002   5.6200000000000000E-002
   107.00000000000000       0.58715333380867596        8.0000000000000004E-004  0.59419999999999995       0.28399999999999997        5.2600000000000001E-002   1.2000000000000000E-002   5.6399999999999999E-002
   108.00000000000000       0.58211149008814844        8.0000000000000004E-004  0.59419999999999995       0.28399999999999997        5.2600000000000001E-002   1.2000000000000000E-002   5.6399999999999999E-002
   109.00000000000000       0.57563707444907031        8.0000000000000004E-004  0.59419999999999995       0.28399999999999997        5.2600000000000001E-002   1.2000000000000000E-002   5.6399999999999999E-002
   110.00000000000000       0.56943996260535601        8.0000000000000004E-004  0.58520000000000005       0.29280000000000000        5.2800000000000000E-002   1.2000000000000000E-002   5.6399999999999999E-002
   111.00000000000000       0.56080001343957175        8.0000000000000004E-004  0.58299999999999996       0.29499999999999998        5.2800000000000000E-002   1.2000000000000000E-002   5.6399999999999999E-002
   112.00000000000000       0.55108548504501131        8.0000000000000004E-004  0.58299999999999996       0.29499999999999998        5.2800000000000000E-002   1.2000000000000000E-002   5.6399999999999999E-002
   113.00000000000000       0.54328508455879176        8.0000000000000004E-004  0.57979999999999998       0.29599999999999999        5.5000000000000000E-002   1.1800000000000000E-002   5.6599999999999998E-002
   114.00000000000000       0.53168752947685705        8.0000000000000004E-004  0.57940000000000003       0.29599999999999999        5.5399999999999998E-002   1.1599999999999999E-002   5.6800000000000003E-002
   115.00000000000000       0.51923049854875680        8.0000000000000004E-004  0.57920000000000005       0.29599999999999999        5.5599999999999997E-002   1.1400000000000000E-002   5.7000000000000002E-002
   116.00000000000000       0.50957592982865629        8.0000000000000004E-004  0.57679999999999998       0.29599999999999999        5.8000000000000003E-002   1.0600000000000000E-002   5.7799999999999997E-002
   117.00000000000000       0.49693936654043946        8.0000000000000004E-004  0.57740000000000002       0.29540000000000000        5.8000000000000003E-002   1.0800000000000001E-002   5.7599999999999998E-002
   118.00000000000000       0.48467504639157222        8.0000000000000004E-004  0.56679999999999997       0.30580000000000002        5.8200000000000002E-002   1.0800000000000001E-002   5.7599999999999998E-002
   119.00000000000000       0.47647450345943881        8.0000000000000004E-004  0.55300000000000005       0.31819999999999998        5.9600000000000000E-002   1.0800000000000001E-002   5.7599999999999998E-002
   120.00000000000000       0.46501260647560894        8.0000000000000004E-004  0.54859999999999998       0.32179999999999997        6.0400000000000002E-002   1.0600000000000000E-002   5.7799999999999997E-002
   121.00000000000000       0.45238563500815610        8.0000000000000004E-004  0.54979999999999996       0.32060000000000000        6.0400000000000002E-002   1.1599999999999999E-002   5.6800000000000003E-002
   122.00000000000000       0.44241133615265571        8.0000000000000004E-004  0.54600000000000004       0.32379999999999998        6.0999999999999999E-002   1.1599999999999999E-002   5.6800000000000003E-002
   123.00000000000000       0.43254083331105814        8.0000000000000004E-004  0.54620000000000002       0.32279999999999998        6.1800000000000001E-002   1.1599999999999999E-002   5.6800000000000003E-002
   124.00000000000000       0.42601557739239010        8.0000000000000004E-004  0.53879999999999995       0.32960000000000000        6.2399999999999997E-002   1.1599999999999999E-002   5.6800000000000003E-002
   125.00000000000000       0.41706186257720113        8.0000000000000004E-004  0.53700000000000003       0.33119999999999999        6.2600000000000003E-002   1.2200000000000001E-002   5.6200000000000000E-002
   126.00000000000000       0.41272789350568839        8.0000000000000004E-004  0.52959999999999996       0.33679999999999999        6.4399999999999999E-002   1.1800000000000000E-002   5.6599999999999998E-002
   127.00000000000000       0.40899758405377051        8.0000000000000004E-004  0.52859999999999996       0.33579999999999999        6.6400000000000001E-002   1.1800000000000000E-002   5.6599999999999998E-002
   128.00000000000000       0.40292789208404040        8.0000000000000004E-004  0.52880000000000005       0.33560000000000001        6.6400000000000001E-002   1.1599999999999999E-002   5.6800000000000003E-002
   129.00000000000000       0.39963056073910369        8.0000000000000004E-004  0.52920000000000000       0.33520000000000000        6.6400000000000001E-002   1.1800000000000000E-002   5.6599999999999998E-002
   130.00000000000000       0.39757227755588581        8.0000000000000004E-004  0.52559999999999996       0.33860000000000001        6.6600000000000006E-002   1.2000000000000000E-002   5.6399999999999999E-002
   131.00000000000000       0.39660471947495085        8.0000000000000004E-004  0.52559999999999996       0.33860000000000001        6.6600000000000006E-002   1.2000000000000000E-002   5.6399999999999999E-002
   132.00000000000000       0.39726004128050996        8.0000000000000004E-004  0.52559999999999996       0.33839999999999998        6.6799999999999998E-002   1.2999999999999999E-002   5.5399999999999998E-002
   133.00000000000000       0.40338600607565478        8.0000000000000004E-004  0.52480000000000004       0.33600000000000002        7.0000000000000007E-002   1.2999999999999999E-002   5.5399999999999998E-002
   134.00000000000000       0.40523978289144336        8.0000000000000004E-004  0.52439999999999998       0.33600000000000002        7.0400000000000004E-002   1.2999999999999999E-002   5.5399999999999998E-002
   135.00000000000000       0.41502256343300570        8.0000000000000004E-004  0.52459999999999996       0.33579999999999999        7.0400000000000004E-002   1.7399999999999999E-002   5.0999999999999997E-002
   136.00000000000000       0.41331768476531505        8.0000000000000004E-004  0.52459999999999996       0.33579999999999999        7.0400000000000004E-002   1.7999999999999999E-002   5.0400000000000000E-002
   137.00000000000000       0.38516497730664112        8.0000000000000004E-004  0.51500000000000001       0.34480000000000000        7.1400000000000005E-002   0.0000000000000000        6.8000000000000005E-002
   138.00000000000000       0.45700199025244626        8.0000000000000004E-004  0.51359999999999995       0.34620000000000001        8.5000000000000006E-002   4.7999999999999996E-003   4.9599999999999998E-002
   139.00000000000000       0.43467430796938900        8.0000000000000004E-004  0.51200000000000001       0.34780000000000000        2.1200000000000000E-002   7.2999999999999995E-002   4.5199999999999997E-002
   140.00000000000000       0.52118605611759972        8.0000000000000004E-004  0.51359999999999995       0.34560000000000002        5.9999999999999995E-004   9.4200000000000006E-002   4.5199999999999997E-002
   141.00000000000000       0.45825452873574629        8.0000000000000004E-004  0.51359999999999995       0.34560000000000002        5.9999999999999995E-004  0.10420000000000000        3.5200000000000002E-002
   142.00000000000000       0.45509116409294498        8.0000000000000004E-004  0.51500000000000001       0.34220000000000000        2.5999999999999999E-003  0.11580000000000000        2.3599999999999999E-002
   143.00000000000000       0.46133597084423317        8.0000000000000004E-004  0.51580000000000004       0.34139999999999998        2.5999999999999999E-003  0.11540000000000000        2.4000000000000000E-002
   144.00000000000000       0.46675349104424713        8.0000000000000004E-004  0.50560000000000005       0.35160000000000002        2.5999999999999999E-003  0.11660000000000000        2.2800000000000001E-002
   145.00000000000000       0.47177110155282864        8.0000000000000004E-004  0.49859999999999999       0.35859999999999997        2.5999999999999999E-003  0.11660000000000000        2.2800000000000001E-002
   146.00000000000000       0.47594577023038109        8.0000000000000004E-004  0.49880000000000002       0.35759999999999997        3.3999999999999998E-003  0.11660000000000000        2.2800000000000001E-002
   147.00000000000000       0.47853485755684011        8.0000000000000004E-004  0.49880000000000002       0.35759999999999997        3.3999999999999998E-003  0.12280000000000001        1.6600000000000000E-002
   148.00000000000000       0.48101109622823596        8.0000000000000004E-004  0.49480000000000002       0.36120000000000002        3.8000000000000000E-003  0.12180000000000001        1.7600000000000001E-002
   149.00000000000000       0.48217352925732954        8.0000000000000004E-004  0.49519999999999997       0.36059999999999998        4.0000000000000001E-003  0.12039999999999999        1.9000000000000000E-002
   150.00000000000000       0.48010379068142156        8.0000000000000004E-004  0.49259999999999998       0.36320000000000002        4.0000000000000001E-003  0.12039999999999999        1.9000000000000000E-002
   151.00000000000000       0.48095620336037193        8.0000000000000004E-004  0.48399999999999999       0.37100000000000000        4.7999999999999996E-003  0.11980000000000000        1.9599999999999999E-002
   152.00000000000000       0.48053455390690830        8.0000000000000004E-004  0.48459999999999998       0.37040000000000001        4.7999999999999996E-003  0.11940000000000001        2.0000000000000000E-002
   153.00000000000000       0.47788368796210234        8.0000000000000004E-004  0.48480000000000001       0.37019999999999997        4.7999999999999996E-003  0.12039999999999999        1.9000000000000000E-002
   154.00000000000000       0.47413478696804512        8.0000000000000004E-004  0.48480000000000001       0.37019999999999997        4.7999999999999996E-003  0.12039999999999999        1.9000000000000000E-002
   155.00000000000000       0.47049938549717557        8.0000000000000004E-004  0.48440000000000000       0.37040000000000001        5.0000000000000001E-003  0.12220000000000000        1.7200000000000000E-002
   156.00000000000000       0.46666744809250149        8.0000000000000004E-004  0.48440000000000000       0.36959999999999998        5.7999999999999996E-003  0.12139999999999999        1.7999999999999999E-002
   157.00000000000000       0.46167213828284170        8.0000000000000004E-004  0.48540000000000000       0.36859999999999998        5.7999999999999996E-003  0.12100000000000000        1.8400000000000000E-002
   158.00000000000000       0.45544294299538052        8.0000000000000004E-004  0.48640000000000000       0.36759999999999998        5.7999999999999996E-003  0.12180000000000001        1.7600000000000001E-002
   159.00000000000000       0.45001649866016119        8.0000000000000004E-004  0.47760000000000002       0.37640000000000001        5.7999999999999996E-003  0.12180000000000001        1.7600000000000001E-002
   160.00000000000000       0.44351797203218640        8.0000000000000004E-004  0.47660000000000002       0.37740000000000001        5.7999999999999996E-003  0.12080000000000000        1.8599999999999998E-002
   161.00000000000000       0.43731095343329973        8.0000000000000004E-004  0.46980000000000000       0.38419999999999999        5.7999999999999996E-003  0.12100000000000000        1.8400000000000000E-002
   162.00000000000000       0.42961207694705128        8.0000000000000004E-004  0.47239999999999999       0.38159999999999999        5.7999999999999996E-003  0.12220000000000000        1.7200000000000000E-002
   163.00000000000000       0.42245324255591232        8.0000000000000004E-004  0.47320000000000001       0.38080000000000003        5.7999999999999996E-003  0.12200000000000000        1.7399999999999999E-002
   164.00000000000000       0.41574164419284748        8.0000000000000004E-004  0.46579999999999999       0.38819999999999999        5.7999999999999996E-003  0.12300000000000000        1.6400000000000001E-002
   165.00000000000000       0.40857492207686497        8.0000000000000004E-004  0.47060000000000002       0.38279999999999997        6.4000000000000003E-003  0.12300000000000000        1.6400000000000001E-002
   166.00000000000000       0.40280179789534798        5.9999999999999995E-004  0.47220000000000001       0.38040000000000002        7.4000000000000003E-003  0.12260000000000000        1.6799999999999999E-002
   167.00000000000000       0.39432766646891665        5.9999999999999995E-004  0.47499999999999998       0.37759999999999999        7.4000000000000003E-003  0.12280000000000001        1.6600000000000000E-002
   168.00000000000000       0.39310867570188790        5.9999999999999995E-004  0.46720000000000000       0.38400000000000001        8.8000000000000005E-003  0.12260000000000000        1.6799999999999999E-002
   169.00000000000000       0.38859851159581049        5.9999999999999995E-004  0.46660000000000001       0.38460000000000000        8.8000000000000005E-003  0.12400000000000000        1.5400000000000000E-002
   170.00000000000000       0.38653774756951925        5.9999999999999995E-004  0.46779999999999999       0.38260000000000000        9.5999999999999992E-003  0.12340000000000000        1.6000000000000000E-002
   171.00000000000000       0.38477686830444918        5.9999999999999995E-004  0.46420000000000000       0.38619999999999999        9.5999999999999992E-003  0.12300000000000000        1.6400000000000001E-002
   172.00000000000000       0.38483461135290292        5.9999999999999995E-004  0.46360000000000001       0.38640000000000002        1.0000000000000000E-002  0.12280000000000001        1.6600000000000000E-002
   173.00000000000000       0.38535636131909773        5.9999999999999995E-004  0.46860000000000002       0.38140000000000002        1.0000000000000000E-002  0.12540000000000001        1.4000000000000000E-002
   174.00000000000000       0.38834209620334592        5.9999999999999995E-004  0.46839999999999998       0.38119999999999998        1.0400000000000000E-002  0.12500000000000000        1.4400000000000000E-002
   175.00000000000000       0.39289073648716066        5.9999999999999995E-004  0.46720000000000000       0.38240000000000002        1.0400000000000000E-002  0.12440000000000000        1.4999999999999999E-002
   176.00000000000000       0.40218444395150554        5.9999999999999995E-004  0.46339999999999998       0.38279999999999997        1.3800000000000000E-002  0.12500000000000000        1.4400000000000000E-002
   177.00000000000000       0.40845139767643374        5.9999999999999995E-004  0.46899999999999997       0.37719999999999998        1.3800000000000000E-002  0.12520000000000001        1.4200000000000001E-002
   178.00000000000000       0.41473196520526895        5.9999999999999995E-004  0.46560000000000001       0.38059999999999999        1.3800000000000000E-002  0.12320000000000000        1.6199999999999999E-002
   179.00000000000000       0.42426971223971777        5.9999999999999995E-004  0.47260000000000002       0.37280000000000002        1.4600000000000000E-002  0.12440000000000000        1.4999999999999999E-002
   180.00000000000000       0.43250782963414597        5.9999999999999995E-004  0.51600000000000001       0.32940000000000003        1.4600000000000000E-002  0.11880000000000000        2.0600000000000000E-002
   181.00000000000000       0.43685734165194690        5.9999999999999995E-004  0.42399999999999999       0.42020000000000002        1.5800000000000002E-002  0.11940000000000001        2.0000000000000000E-002
   182.00000000000000       0.44680973287948383        5.9999999999999995E-004  0.59940000000000004       0.24420000000000000        1.6400000000000001E-002  0.12120000000000000        1.8200000000000001E-002
   183.00000000000000       0.45931191699153412        5.9999999999999995E-004  0.59660000000000002       0.24700000000000000        1.6400000000000001E-002  0.12239999999999999        1.7000000000000001E-002
   184.00000000000000       0.46936572284109435        5.9999999999999995E-004  0.59480000000000000       0.24679999999999999        1.8400000000000000E-002  0.12100000000000000        1.8400000000000000E-002
   185.00000000000000       0.47702973672169313        5.9999999999999995E-004  0.59240000000000004       0.24900000000000000        1.8599999999999998E-002  0.12260000000000000        1.6799999999999999E-002
   186.00000000000000       0.48948610335571863        5.9999999999999995E-004  0.58179999999999998       0.25540000000000002        2.2800000000000001E-002  0.12300000000000000        1.6400000000000001E-002
   187.00000000000000       0.49662540553112805        5.9999999999999995E-004  0.58740000000000003       0.24940000000000001        2.3199999999999998E-002  0.12300000000000000        1.6400000000000001E-002
   188.00000000000000       0.50384611677528746        5.9999999999999995E-004  0.59460000000000002       0.24199999999999999        2.3400000000000001E-002  0.12640000000000001        1.2999999999999999E-002
   189.00000000000000       0.51221195649804918        5.9999999999999995E-004  0.59260000000000002       0.24140000000000000        2.5999999999999999E-002  0.12700000000000000        1.2400000000000000E-002
