#        BMIN =   406
#        BMAX =   411
#     INIBAND =   411
#      NBANDS =   540
#         NSW =  2000
#       POTIM =   1.0
#        TEMP = 300.0
#    NAMDTINI =    67
#    NAMDTIME =  1000
#       NTRAJ =  5000
#        NELM =  1000
#       LHOLE =     T
#        LSHP =     T
#      LCPTXT =     T
#      RUNDIR = ../../run/
   1.0000000000000000        1.5661877919052616        0.0000000000000000        0.0000000000000000        0.0000000000000000        0.0000000000000000        0.0000000000000000        1.0000000000000000     
   2.0000000000000000        1.5867957614309873        0.0000000000000000        0.0000000000000000        0.0000000000000000        0.0000000000000000        2.5999999999999999E-003  0.99739999999999995     
   3.0000000000000000        1.6082965090756574        0.0000000000000000        0.0000000000000000        0.0000000000000000        0.0000000000000000        3.5999999999999999E-003  0.99639999999999995     
   4.0000000000000000        1.6299457348862934        0.0000000000000000        0.0000000000000000        0.0000000000000000        0.0000000000000000        5.4000000000000003E-003  0.99460000000000004     
   5.0000000000000000        1.6506490972861922        0.0000000000000000        0.0000000000000000        0.0000000000000000        0.0000000000000000        6.1999999999999998E-003  0.99380000000000002     
   6.0000000000000000        1.6704445242401638        0.0000000000000000        0.0000000000000000        0.0000000000000000        0.0000000000000000        3.5999999999999999E-003  0.99639999999999995     
   7.0000000000000000        1.6887689858321966        0.0000000000000000        0.0000000000000000        0.0000000000000000        0.0000000000000000        1.2800000000000001E-002  0.98719999999999997     
   8.0000000000000000        1.7037389810689820        0.0000000000000000        0.0000000000000000        0.0000000000000000        0.0000000000000000        1.6799999999999999E-002  0.98319999999999996     
   9.0000000000000000        1.7181220081310433        0.0000000000000000        0.0000000000000000        0.0000000000000000        0.0000000000000000        7.1999999999999998E-003  0.99280000000000002     
   10.000000000000000        1.7298568633759566        0.0000000000000000        0.0000000000000000        0.0000000000000000        0.0000000000000000        6.1999999999999998E-003  0.99380000000000002     
   11.000000000000000        1.7388910782925542        0.0000000000000000        0.0000000000000000        0.0000000000000000        0.0000000000000000        8.6000000000000000E-003  0.99139999999999995     
   12.000000000000000        1.7464855914500006        0.0000000000000000        0.0000000000000000        0.0000000000000000        0.0000000000000000        1.0200000000000001E-002  0.98980000000000001     
   13.000000000000000        1.7506324677189273        0.0000000000000000        0.0000000000000000        0.0000000000000000        0.0000000000000000        9.4000000000000004E-003  0.99060000000000004     
   14.000000000000000        1.7525945884072029        0.0000000000000000        0.0000000000000000        0.0000000000000000        0.0000000000000000        9.4000000000000004E-003  0.99060000000000004     
   15.000000000000000        1.7527759116716091        0.0000000000000000        0.0000000000000000        0.0000000000000000        0.0000000000000000        8.3999999999999995E-003  0.99160000000000004     
   16.000000000000000        1.7515844376468523        0.0000000000000000        0.0000000000000000        0.0000000000000000        0.0000000000000000        4.7999999999999996E-003  0.99519999999999997     
   17.000000000000000        1.7484831419131168        0.0000000000000000        0.0000000000000000        0.0000000000000000        0.0000000000000000        4.7999999999999996E-003  0.99519999999999997     
   18.000000000000000        1.7450270585118086        0.0000000000000000        0.0000000000000000        0.0000000000000000        0.0000000000000000        4.1999999999999997E-003  0.99580000000000002     
   19.000000000000000        1.7417292468811243        0.0000000000000000        0.0000000000000000        0.0000000000000000        0.0000000000000000        4.1999999999999997E-003  0.99580000000000002     
   20.000000000000000        1.7378396894149162        0.0000000000000000        0.0000000000000000        0.0000000000000000        0.0000000000000000        3.8000000000000000E-003  0.99619999999999997     
   21.000000000000000        1.7352089533022745        0.0000000000000000        0.0000000000000000        0.0000000000000000        0.0000000000000000        3.3999999999999998E-003  0.99660000000000004     
   22.000000000000000        1.7338472713126514        0.0000000000000000        0.0000000000000000        0.0000000000000000        0.0000000000000000        3.3999999999999998E-003  0.99660000000000004     
   23.000000000000000        1.7342568347704623        0.0000000000000000        0.0000000000000000        0.0000000000000000        0.0000000000000000        5.4000000000000003E-003  0.99460000000000004     
   24.000000000000000        1.7364690557741655        0.0000000000000000        0.0000000000000000        0.0000000000000000        0.0000000000000000        5.0000000000000001E-003  0.99500000000000000     
   25.000000000000000        1.7422599682705631        0.0000000000000000        0.0000000000000000        0.0000000000000000        0.0000000000000000        3.0000000000000001E-003  0.99700000000000000     
   26.000000000000000        1.7497422009178805        0.0000000000000000        0.0000000000000000        0.0000000000000000        0.0000000000000000        1.1999999999999999E-003  0.99880000000000002     
   27.000000000000000        1.7593698381594924        0.0000000000000000        0.0000000000000000        0.0000000000000000        0.0000000000000000        1.4000000000000000E-003  0.99860000000000004     
   28.000000000000000        1.7725910251605104        0.0000000000000000        0.0000000000000000        0.0000000000000000        0.0000000000000000        5.9999999999999995E-004  0.99939999999999996     
   29.000000000000000        1.7858478129149076        0.0000000000000000        0.0000000000000000        0.0000000000000000        0.0000000000000000        1.1999999999999999E-003  0.99880000000000002     
   30.000000000000000        1.8038673763688897        0.0000000000000000        0.0000000000000000        0.0000000000000000        0.0000000000000000        1.4000000000000000E-003  0.99860000000000004     
   31.000000000000000        1.8223578006484222        0.0000000000000000        0.0000000000000000        0.0000000000000000        0.0000000000000000        5.9999999999999995E-004  0.99939999999999996     
   32.000000000000000        1.8418251209086403        0.0000000000000000        0.0000000000000000        0.0000000000000000        0.0000000000000000        4.0000000000000002E-004  0.99960000000000004     
   33.000000000000000        1.8617035704961820        0.0000000000000000        0.0000000000000000        0.0000000000000000        0.0000000000000000        4.0000000000000002E-004  0.99960000000000004     
   34.000000000000000        1.8814533862436336        0.0000000000000000        0.0000000000000000        0.0000000000000000        0.0000000000000000        4.0000000000000002E-004  0.99960000000000004     
   35.000000000000000        1.9001827329116314        0.0000000000000000        0.0000000000000000        0.0000000000000000        0.0000000000000000        4.0000000000000002E-004  0.99960000000000004     
   36.000000000000000        1.9172069349134335        0.0000000000000000        0.0000000000000000        0.0000000000000000        0.0000000000000000        1.6000000000000001E-003  0.99839999999999995     
   37.000000000000000        1.9314354185914768        0.0000000000000000        0.0000000000000000        0.0000000000000000        0.0000000000000000        8.0000000000000004E-004  0.99919999999999998     
   38.000000000000000        1.9427338851007159        0.0000000000000000        0.0000000000000000        0.0000000000000000        0.0000000000000000        5.9999999999999995E-004  0.99939999999999996     
   39.000000000000000        1.9511560350394375        0.0000000000000000        0.0000000000000000        0.0000000000000000        0.0000000000000000        5.9999999999999995E-004  0.99939999999999996     
   40.000000000000000        1.9549600385516632        0.0000000000000000        0.0000000000000000        0.0000000000000000        0.0000000000000000        8.0000000000000004E-004  0.99919999999999998     
   41.000000000000000        1.9546004583330678        0.0000000000000000        0.0000000000000000        0.0000000000000000        0.0000000000000000        2.0000000000000000E-003  0.99800000000000000     
   42.000000000000000        1.9496764122959429        0.0000000000000000        0.0000000000000000        0.0000000000000000        0.0000000000000000        2.3999999999999998E-003  0.99760000000000004     
   43.000000000000000        1.9399792071402924        0.0000000000000000        0.0000000000000000        0.0000000000000000        0.0000000000000000        5.1999999999999998E-003  0.99480000000000002     
   44.000000000000000        1.9260237946488568        0.0000000000000000        0.0000000000000000        0.0000000000000000        0.0000000000000000        1.4400000000000000E-002  0.98560000000000003     
   45.000000000000000        1.9075368268485051        0.0000000000000000        0.0000000000000000        0.0000000000000000        0.0000000000000000        1.0999999999999999E-002  0.98899999999999999     
   46.000000000000000        1.8841167197539879        0.0000000000000000        0.0000000000000000        0.0000000000000000        0.0000000000000000        7.1999999999999998E-003  0.99280000000000002     
   47.000000000000000        1.8588243914756091        0.0000000000000000        0.0000000000000000        0.0000000000000000        0.0000000000000000        1.8200000000000001E-002  0.98180000000000001     
   48.000000000000000        1.8302162205465242        0.0000000000000000        0.0000000000000000        0.0000000000000000        0.0000000000000000        1.8400000000000000E-002  0.98160000000000003     
   49.000000000000000        1.7990342278106077        0.0000000000000000        0.0000000000000000        0.0000000000000000        0.0000000000000000        1.8200000000000001E-002  0.98180000000000001     
   50.000000000000000        1.7664724015631110        0.0000000000000000        0.0000000000000000        0.0000000000000000        0.0000000000000000        2.0000000000000000E-002  0.97999999999999998     
   51.000000000000000        1.7323715076498507        0.0000000000000000        0.0000000000000000        0.0000000000000000        0.0000000000000000        1.9400000000000001E-002  0.98060000000000003     
   52.000000000000000        1.6995835942541946        0.0000000000000000        0.0000000000000000        0.0000000000000000        0.0000000000000000        1.5400000000000000E-002  0.98460000000000003     
   53.000000000000000        1.6657918743946216        0.0000000000000000        0.0000000000000000        0.0000000000000000        0.0000000000000000        1.4400000000000000E-002  0.98560000000000003     
   54.000000000000000        1.6347535254156271        0.0000000000000000        0.0000000000000000        0.0000000000000000        0.0000000000000000        1.2999999999999999E-002  0.98699999999999999     
   55.000000000000000        1.6069835743666163        0.0000000000000000        0.0000000000000000        0.0000000000000000        0.0000000000000000        1.2999999999999999E-002  0.98699999999999999     
   56.000000000000000        1.5826770301164845        0.0000000000000000        0.0000000000000000        0.0000000000000000        0.0000000000000000        1.2999999999999999E-002  0.98699999999999999     
   57.000000000000000        1.5635039211062305        0.0000000000000000        0.0000000000000000        0.0000000000000000        0.0000000000000000        1.3599999999999999E-002  0.98640000000000005     
   58.000000000000000        1.5495868157786725        0.0000000000000000        0.0000000000000000        0.0000000000000000        0.0000000000000000        1.3599999999999999E-002  0.98640000000000005     
   59.000000000000000        1.5411576479890283        0.0000000000000000        0.0000000000000000        0.0000000000000000        0.0000000000000000        1.3400000000000000E-002  0.98660000000000003     
   60.000000000000000        1.5388100773761162        0.0000000000000000        0.0000000000000000        0.0000000000000000        0.0000000000000000        1.2999999999999999E-002  0.98699999999999999     
   61.000000000000000        1.5424370404760319        0.0000000000000000        0.0000000000000000        0.0000000000000000        0.0000000000000000        1.2200000000000001E-002  0.98780000000000001     
   62.000000000000000        1.5523252879149223        0.0000000000000000        0.0000000000000000        0.0000000000000000        0.0000000000000000        1.2200000000000001E-002  0.98780000000000001     
   63.000000000000000        1.5677371127274813        0.0000000000000000        0.0000000000000000        0.0000000000000000        0.0000000000000000        1.2200000000000001E-002  0.98780000000000001     
   64.000000000000000        1.5880427999418967        0.0000000000000000        0.0000000000000000        0.0000000000000000        0.0000000000000000        9.7999999999999997E-003  0.99019999999999997     
   65.000000000000000        1.6127657555216766        0.0000000000000000        0.0000000000000000        0.0000000000000000        0.0000000000000000        9.7999999999999997E-003  0.99019999999999997     
   66.000000000000000        1.6410386241552712        0.0000000000000000        0.0000000000000000        0.0000000000000000        0.0000000000000000        8.0000000000000002E-003  0.99199999999999999     
   67.000000000000000        1.6720931275089235        0.0000000000000000        0.0000000000000000        0.0000000000000000        0.0000000000000000        5.7999999999999996E-003  0.99419999999999997     
   68.000000000000000        1.7041417713354672        0.0000000000000000        0.0000000000000000        0.0000000000000000        0.0000000000000000        6.0000000000000001E-003  0.99399999999999999     
   69.000000000000000        1.7366265786029000        0.0000000000000000        0.0000000000000000        0.0000000000000000        0.0000000000000000        4.4000000000000003E-003  0.99560000000000004     
   70.000000000000000        1.7688080391539167        0.0000000000000000        0.0000000000000000        0.0000000000000000        0.0000000000000000        4.1999999999999997E-003  0.99580000000000002     
   71.000000000000000        1.7996964088306695        0.0000000000000000        0.0000000000000000        0.0000000000000000        0.0000000000000000        3.5999999999999999E-003  0.99639999999999995     
   72.000000000000000        1.8264339395267322        0.0000000000000000        0.0000000000000000        0.0000000000000000        0.0000000000000000        6.1999999999999998E-003  0.99380000000000002     
   73.000000000000000        1.8507130771381326        0.0000000000000000        0.0000000000000000        0.0000000000000000        0.0000000000000000        5.4000000000000003E-003  0.99460000000000004     
   74.000000000000000        1.8705734589813066        0.0000000000000000        0.0000000000000000        0.0000000000000000        0.0000000000000000        4.4000000000000003E-003  0.99560000000000004     
   75.000000000000000        1.8850939528194024        0.0000000000000000        0.0000000000000000        0.0000000000000000        0.0000000000000000        4.4000000000000003E-003  0.99560000000000004     
   76.000000000000000        1.8949005024369348        0.0000000000000000        0.0000000000000000        0.0000000000000000        0.0000000000000000        6.1999999999999998E-003  0.99380000000000002     
   77.000000000000000        1.8988612555372910        0.0000000000000000        0.0000000000000000        0.0000000000000000        0.0000000000000000        6.1999999999999998E-003  0.99380000000000002     
   78.000000000000000        1.8976112119115640        0.0000000000000000        0.0000000000000000        0.0000000000000000        0.0000000000000000        7.1999999999999998E-003  0.99280000000000002     
   79.000000000000000        1.8901384441329716        0.0000000000000000        0.0000000000000000        0.0000000000000000        0.0000000000000000        9.4000000000000004E-003  0.99060000000000004     
   80.000000000000000        1.8755052138171950        0.0000000000000000        0.0000000000000000        0.0000000000000000        0.0000000000000000        1.3599999999999999E-002  0.98640000000000005     
   81.000000000000000        1.8553399688161827        0.0000000000000000        0.0000000000000000        0.0000000000000000        0.0000000000000000        1.4200000000000001E-002  0.98580000000000001     
   82.000000000000000        1.8326417701550206        0.0000000000000000        0.0000000000000000        0.0000000000000000        0.0000000000000000        1.4400000000000000E-002  0.98560000000000003     
   83.000000000000000        1.7990662177198282        0.0000000000000000        0.0000000000000000        0.0000000000000000        0.0000000000000000        1.4200000000000001E-002  0.98580000000000001     
   84.000000000000000        1.7671303091205943        0.0000000000000000        0.0000000000000000        0.0000000000000000        0.0000000000000000        9.5999999999999992E-003  0.99039999999999995     
   85.000000000000000        1.7319364335273044        0.0000000000000000        0.0000000000000000        0.0000000000000000        0.0000000000000000        7.6000000000000000E-003  0.99239999999999995     
   86.000000000000000        1.7006804126194888        0.0000000000000000        0.0000000000000000        0.0000000000000000        0.0000000000000000        7.6000000000000000E-003  0.99239999999999995     
   87.000000000000000        1.6636496417579827        0.0000000000000000        0.0000000000000000        0.0000000000000000        0.0000000000000000        6.6000000000000000E-003  0.99339999999999995     
   88.000000000000000        1.6288274784213164        0.0000000000000000        0.0000000000000000        0.0000000000000000        0.0000000000000000        2.8000000000000000E-003  0.99719999999999998     
   89.000000000000000        1.5932735829014444        0.0000000000000000        0.0000000000000000        0.0000000000000000        0.0000000000000000        2.8000000000000000E-003  0.99719999999999998     
   90.000000000000000        1.5612859361770377        0.0000000000000000        0.0000000000000000        0.0000000000000000        0.0000000000000000        3.5999999999999999E-003  0.99639999999999995     
   91.000000000000000        1.5318049352939005        0.0000000000000000        0.0000000000000000        0.0000000000000000        0.0000000000000000        3.0000000000000001E-003  0.99700000000000000     
   92.000000000000000        1.5065290434490255        0.0000000000000000        0.0000000000000000        0.0000000000000000        0.0000000000000000        1.6000000000000001E-003  0.99839999999999995     
   93.000000000000000        1.4859526054294865        0.0000000000000000        0.0000000000000000        0.0000000000000000        0.0000000000000000        1.8000000000000000E-003  0.99819999999999998     
   94.000000000000000        1.4713192165417242        0.0000000000000000        0.0000000000000000        0.0000000000000000        0.0000000000000000        1.8000000000000000E-003  0.99819999999999998     
   95.000000000000000        1.4608479862812564        0.0000000000000000        0.0000000000000000        0.0000000000000000        0.0000000000000000        3.3999999999999998E-003  0.99660000000000004     
   96.000000000000000        1.4563159895998907        0.0000000000000000        0.0000000000000000        0.0000000000000000        0.0000000000000000        8.0000000000000004E-004  0.99919999999999998     
   97.000000000000000        1.4573854708714977        0.0000000000000000        0.0000000000000000        0.0000000000000000        0.0000000000000000        1.1999999999999999E-003  0.99880000000000002     
   98.000000000000000        1.4626168299543427        0.0000000000000000        0.0000000000000000        0.0000000000000000        0.0000000000000000        1.8000000000000000E-003  0.99819999999999998     
   99.000000000000000        1.4730938201355017        0.0000000000000000        0.0000000000000000        0.0000000000000000        0.0000000000000000        1.1999999999999999E-003  0.99880000000000002     
   100.00000000000000        1.4864353654930058        0.0000000000000000        0.0000000000000000        0.0000000000000000        0.0000000000000000        1.8000000000000000E-003  0.99819999999999998     
   101.00000000000000        1.5029587434045728        0.0000000000000000        0.0000000000000000        0.0000000000000000        0.0000000000000000        1.1999999999999999E-003  0.99880000000000002     
   102.00000000000000        1.5200852087350636        0.0000000000000000        0.0000000000000000        0.0000000000000000        0.0000000000000000        1.1999999999999999E-003  0.99880000000000002     
   103.00000000000000        1.5415230560122681        0.0000000000000000        0.0000000000000000        0.0000000000000000        0.0000000000000000        2.2000000000000001E-003  0.99780000000000002     
   104.00000000000000        1.5619837438984416        0.0000000000000000        0.0000000000000000        0.0000000000000000        0.0000000000000000        8.0000000000000004E-004  0.99919999999999998     
   105.00000000000000        1.5831171161938298        0.0000000000000000        0.0000000000000000        0.0000000000000000        0.0000000000000000        8.0000000000000004E-004  0.99919999999999998     
   106.00000000000000        1.6032711622128109        0.0000000000000000        0.0000000000000000        0.0000000000000000        0.0000000000000000        8.0000000000000004E-004  0.99919999999999998     
   107.00000000000000        1.6219680076513057        0.0000000000000000        0.0000000000000000        0.0000000000000000        0.0000000000000000        8.0000000000000004E-004  0.99919999999999998     
   108.00000000000000        1.6390225776633138        0.0000000000000000        0.0000000000000000        0.0000000000000000        0.0000000000000000        8.0000000000000004E-004  0.99919999999999998     
   109.00000000000000        1.6537939774277373        0.0000000000000000        0.0000000000000000        0.0000000000000000        0.0000000000000000        1.1999999999999999E-003  0.99880000000000002     
   110.00000000000000        1.6655627110584876        0.0000000000000000        0.0000000000000000        0.0000000000000000        0.0000000000000000        1.1999999999999999E-003  0.99880000000000002     
   111.00000000000000        1.6748186179020859        0.0000000000000000        0.0000000000000000        0.0000000000000000        0.0000000000000000        1.6000000000000001E-003  0.99839999999999995     
   112.00000000000000        1.6811905901060535        0.0000000000000000        0.0000000000000000        0.0000000000000000        0.0000000000000000        1.6000000000000001E-003  0.99839999999999995     
   113.00000000000000        1.6844365492566995        0.0000000000000000        0.0000000000000000        0.0000000000000000        0.0000000000000000        1.8000000000000000E-003  0.99819999999999998     
   114.00000000000000        1.6848543851299012        0.0000000000000000        0.0000000000000000        0.0000000000000000        0.0000000000000000        2.0000000000000000E-003  0.99800000000000000     
   115.00000000000000        1.6828190815087041        0.0000000000000000        0.0000000000000000        0.0000000000000000        0.0000000000000000        2.0000000000000000E-003  0.99800000000000000     
   116.00000000000000        1.6789919535766553        0.0000000000000000        0.0000000000000000        0.0000000000000000        0.0000000000000000        2.0000000000000000E-003  0.99800000000000000     
   117.00000000000000        1.6728920539759489        0.0000000000000000        0.0000000000000000        0.0000000000000000        0.0000000000000000        2.0000000000000000E-003  0.99800000000000000     
   118.00000000000000        1.6659519222380255        0.0000000000000000        0.0000000000000000        0.0000000000000000        0.0000000000000000        2.8000000000000000E-003  0.99719999999999998     
   119.00000000000000        1.6583674498932770        0.0000000000000000        0.0000000000000000        0.0000000000000000        0.0000000000000000        2.8000000000000000E-003  0.99719999999999998     
   120.00000000000000        1.6510124386350571        0.0000000000000000        0.0000000000000000        0.0000000000000000        0.0000000000000000        2.8000000000000000E-003  0.99719999999999998     
   121.00000000000000        1.6444657785279215        0.0000000000000000        0.0000000000000000        0.0000000000000000        0.0000000000000000        3.0000000000000001E-003  0.99700000000000000     
   122.00000000000000        1.6392809365212253        0.0000000000000000        0.0000000000000000        0.0000000000000000        0.0000000000000000        1.6000000000000001E-003  0.99839999999999995     
   123.00000000000000        1.6357023919247664        0.0000000000000000        0.0000000000000000        0.0000000000000000        0.0000000000000000        1.1999999999999999E-003  0.99880000000000002     
   124.00000000000000        1.6352714918864697        0.0000000000000000        0.0000000000000000        0.0000000000000000        0.0000000000000000        2.2000000000000001E-003  0.99780000000000002     
   125.00000000000000        1.6359579602986152        0.0000000000000000        0.0000000000000000        0.0000000000000000        0.0000000000000000        2.8000000000000000E-003  0.99719999999999998     
   126.00000000000000        1.6406535691259794        0.0000000000000000        0.0000000000000000        0.0000000000000000        0.0000000000000000        1.9800000000000002E-002  0.98019999999999996     
   127.00000000000000        1.6474567338762964        0.0000000000000000        0.0000000000000000        0.0000000000000000        0.0000000000000000        4.0399999999999998E-002  0.95960000000000001     
   128.00000000000000        1.6574513543036806        0.0000000000000000        0.0000000000000000        0.0000000000000000        0.0000000000000000        7.4600000000000000E-002  0.92540000000000000     
   129.00000000000000        1.6700650636505685        0.0000000000000000        0.0000000000000000        0.0000000000000000        0.0000000000000000        9.1800000000000007E-002  0.90820000000000001     
   130.00000000000000        1.6845447452287734        0.0000000000000000        0.0000000000000000        0.0000000000000000        0.0000000000000000        2.7600000000000000E-002  0.97240000000000004     
   131.00000000000000        1.7011705050808681        0.0000000000000000        0.0000000000000000        0.0000000000000000        0.0000000000000000        2.4400000000000002E-002  0.97560000000000002     
   132.00000000000000        1.7183757625166114        0.0000000000000000        0.0000000000000000        0.0000000000000000        0.0000000000000000        2.4799999999999999E-002  0.97519999999999996     
   133.00000000000000        1.7362264202908910        0.0000000000000000        0.0000000000000000        0.0000000000000000        0.0000000000000000        2.0000000000000000E-002  0.97999999999999998     
   134.00000000000000        1.7534065618604557        0.0000000000000000        0.0000000000000000        0.0000000000000000        0.0000000000000000        2.0000000000000000E-002  0.97999999999999998     
   135.00000000000000        1.7696148475864399        0.0000000000000000        0.0000000000000000        0.0000000000000000        0.0000000000000000        1.9599999999999999E-002  0.98040000000000005     
   136.00000000000000        1.7842258237824242        0.0000000000000000        0.0000000000000000        0.0000000000000000        0.0000000000000000        1.9599999999999999E-002  0.98040000000000005     
   137.00000000000000        1.7967426538606781        0.0000000000000000        0.0000000000000000        0.0000000000000000        0.0000000000000000        1.9599999999999999E-002  0.98040000000000005     
   138.00000000000000        1.8064328430404024        0.0000000000000000        0.0000000000000000        0.0000000000000000        0.0000000000000000        1.9599999999999999E-002  0.98040000000000005     
   139.00000000000000        1.8125486626852656        0.0000000000000000        0.0000000000000000        0.0000000000000000        0.0000000000000000        1.9599999999999999E-002  0.98040000000000005     
   140.00000000000000        1.8150134373432829        0.0000000000000000        0.0000000000000000        0.0000000000000000        0.0000000000000000        1.8400000000000000E-002  0.98160000000000003     
   141.00000000000000        1.8132608892859581        0.0000000000000000        0.0000000000000000        0.0000000000000000        0.0000000000000000        1.8200000000000001E-002  0.98180000000000001     
   142.00000000000000        1.8079108662678784        0.0000000000000000        0.0000000000000000        0.0000000000000000        0.0000000000000000        1.7999999999999999E-002  0.98199999999999998     
   143.00000000000000        1.7984754851539648        0.0000000000000000        0.0000000000000000        0.0000000000000000        0.0000000000000000        1.7999999999999999E-002  0.98199999999999998     
   144.00000000000000        1.7856312097946048        0.0000000000000000        0.0000000000000000        0.0000000000000000        0.0000000000000000        1.8599999999999998E-002  0.98140000000000005     
   145.00000000000000        1.7697088822794680        0.0000000000000000        0.0000000000000000        0.0000000000000000        0.0000000000000000        1.8400000000000000E-002  0.98160000000000003     
   146.00000000000000        1.7507971439445749        0.0000000000000000        0.0000000000000000        0.0000000000000000        0.0000000000000000        1.7999999999999999E-002  0.98199999999999998     
   147.00000000000000        1.7277472271673016        0.0000000000000000        0.0000000000000000        0.0000000000000000        0.0000000000000000        1.8400000000000000E-002  0.98160000000000003     
   148.00000000000000        1.7033769489707702        0.0000000000000000        0.0000000000000000        0.0000000000000000        0.0000000000000000        1.8400000000000000E-002  0.98160000000000003     
   149.00000000000000        1.6774537845796205        0.0000000000000000        0.0000000000000000        0.0000000000000000        0.0000000000000000        1.8400000000000000E-002  0.98160000000000003     
   150.00000000000000        1.6509525471627595        0.0000000000000000        0.0000000000000000        0.0000000000000000        0.0000000000000000        1.8400000000000000E-002  0.98160000000000003     
   151.00000000000000        1.6243581932515490        0.0000000000000000        0.0000000000000000        0.0000000000000000        0.0000000000000000        1.8400000000000000E-002  0.98160000000000003     
   152.00000000000000        1.5988928804841693        0.0000000000000000        0.0000000000000000        0.0000000000000000        0.0000000000000000        1.8400000000000000E-002  0.98160000000000003     
   153.00000000000000        1.5752090882726684        0.0000000000000000        0.0000000000000000        0.0000000000000000        0.0000000000000000        1.7999999999999999E-002  0.98199999999999998     
   154.00000000000000        1.5540899957437206        0.0000000000000000        0.0000000000000000        0.0000000000000000        0.0000000000000000        1.8200000000000001E-002  0.98180000000000001     
   155.00000000000000        1.5363833567189726        0.0000000000000000        0.0000000000000000        0.0000000000000000        0.0000000000000000        1.7999999999999999E-002  0.98199999999999998     
   156.00000000000000        1.5226801594791040        0.0000000000000000        0.0000000000000000        0.0000000000000000        0.0000000000000000        1.7999999999999999E-002  0.98199999999999998     
   157.00000000000000        1.5140102347001336        0.0000000000000000        0.0000000000000000        0.0000000000000000        0.0000000000000000        1.7999999999999999E-002  0.98199999999999998     
   158.00000000000000        1.5101229826693836        0.0000000000000000        0.0000000000000000        0.0000000000000000        0.0000000000000000        1.7600000000000001E-002  0.98240000000000005     
   159.00000000000000        1.5117306195242577        0.0000000000000000        0.0000000000000000        0.0000000000000000        0.0000000000000000        1.7800000000000000E-002  0.98219999999999996     
   160.00000000000000        1.5186415600782994        0.0000000000000000        0.0000000000000000        0.0000000000000000        0.0000000000000000        1.8200000000000001E-002  0.98180000000000001     
   161.00000000000000        1.5311686555932276        0.0000000000000000        0.0000000000000000        0.0000000000000000        0.0000000000000000        2.1000000000000001E-002  0.97899999999999998     
   162.00000000000000        1.5487280177222733        0.0000000000000000        0.0000000000000000        0.0000000000000000        0.0000000000000000        2.4600000000000000E-002  0.97540000000000004     
   163.00000000000000        1.5710702073923397        0.0000000000000000        0.0000000000000000        0.0000000000000000        0.0000000000000000        2.2200000000000001E-002  0.97780000000000000     
   164.00000000000000        1.5975609145498955        0.0000000000000000        0.0000000000000000        0.0000000000000000        0.0000000000000000        2.2200000000000001E-002  0.97780000000000000     
   165.00000000000000        1.6276164872744534        0.0000000000000000        0.0000000000000000        0.0000000000000000        0.0000000000000000        1.8200000000000001E-002  0.98180000000000001     
   166.00000000000000        1.6598959294791382        0.0000000000000000        0.0000000000000000        0.0000000000000000        0.0000000000000000        2.1000000000000001E-002  0.97899999999999998     
   167.00000000000000        1.6938770668508225        0.0000000000000000        0.0000000000000000        0.0000000000000000        0.0000000000000000        2.4199999999999999E-002  0.97580000000000000     
   168.00000000000000        1.7280801009682389        0.0000000000000000        0.0000000000000000        0.0000000000000000        0.0000000000000000        2.1600000000000001E-002  0.97840000000000005     
   169.00000000000000        1.7623942643690567        0.0000000000000000        0.0000000000000000        0.0000000000000000        0.0000000000000000        3.3799999999999997E-002  0.96619999999999995     
   170.00000000000000        1.7957165918475968        0.0000000000000000        0.0000000000000000        0.0000000000000000        0.0000000000000000        3.5999999999999997E-002  0.96399999999999997     
   171.00000000000000        1.8266643107879397        0.0000000000000000        0.0000000000000000        0.0000000000000000        0.0000000000000000        1.6600000000000000E-002  0.98340000000000005     
   172.00000000000000        1.8535888013458237        0.0000000000000000        0.0000000000000000        0.0000000000000000        0.0000000000000000        1.9199999999999998E-002  0.98080000000000001     
   173.00000000000000        1.8815666226945651        0.0000000000000000        0.0000000000000000        0.0000000000000000        0.0000000000000000        2.5399999999999999E-002  0.97460000000000002     
   174.00000000000000        1.8976789930185991        0.0000000000000000        0.0000000000000000        0.0000000000000000        0.0000000000000000        4.2599999999999999E-002  0.95740000000000003     
   175.00000000000000        1.9115385788850494        0.0000000000000000        0.0000000000000000        0.0000000000000000        0.0000000000000000        5.9600000000000000E-002  0.94040000000000001     
   176.00000000000000        1.9209300293721354        0.0000000000000000        0.0000000000000000        0.0000000000000000        0.0000000000000000        5.8999999999999997E-002  0.94099999999999995     
   177.00000000000000        1.9242676092545454        0.0000000000000000        0.0000000000000000        0.0000000000000000        0.0000000000000000        5.8799999999999998E-002  0.94120000000000004     
   178.00000000000000        1.9215054657347839        0.0000000000000000        0.0000000000000000        0.0000000000000000        0.0000000000000000        4.7199999999999999E-002  0.95279999999999998     
   179.00000000000000        1.9137929179267583        0.0000000000000000        0.0000000000000000        0.0000000000000000        0.0000000000000000        4.4400000000000002E-002  0.95560000000000000     
   180.00000000000000        1.9036121415171112        0.0000000000000000        0.0000000000000000        0.0000000000000000        0.0000000000000000        3.6999999999999998E-002  0.96299999999999997     
   181.00000000000000        1.8844593201457001        0.0000000000000000        0.0000000000000000        0.0000000000000000        0.0000000000000000        3.5799999999999998E-002  0.96419999999999995     
   182.00000000000000        1.8587972287884682        0.0000000000000000        0.0000000000000000        0.0000000000000000        0.0000000000000000        4.0599999999999997E-002  0.95940000000000003     
   183.00000000000000        1.8329860939119493        0.0000000000000000        0.0000000000000000        0.0000000000000000        0.0000000000000000        3.5200000000000002E-002  0.96479999999999999     
   184.00000000000000        1.8001364194166032        0.0000000000000000        0.0000000000000000        0.0000000000000000        0.0000000000000000        3.3000000000000002E-002  0.96699999999999997     
   185.00000000000000        1.7651420518187502        0.0000000000000000        0.0000000000000000        0.0000000000000000        0.0000000000000000        3.9800000000000002E-002  0.96020000000000005     
   186.00000000000000        1.7297910369861471        0.0000000000000000        0.0000000000000000        0.0000000000000000        0.0000000000000000        2.3599999999999999E-002  0.97640000000000005     
   187.00000000000000        1.6937164727246241        0.0000000000000000        0.0000000000000000        0.0000000000000000        0.0000000000000000        2.4400000000000002E-002  0.97560000000000002     
   188.00000000000000        1.6574890136312066        0.0000000000000000        0.0000000000000000        0.0000000000000000        0.0000000000000000        3.1800000000000002E-002  0.96819999999999995     
   189.00000000000000        1.6230438049431355        0.0000000000000000        0.0000000000000000        0.0000000000000000        0.0000000000000000        3.1600000000000003E-002  0.96840000000000004     
