#        BMIN =   406
#        BMAX =   411
#     INIBAND =   410
#      NBANDS =   540
#         NSW =  2000
#       POTIM =   1.0
#        TEMP = 300.0
#    NAMDTINI =   996
#    NAMDTIME =  1000
#       NTRAJ =  5000
#        NELM =  1000
#       LHOLE =     T
#        LSHP =     T
#      LCPTXT =     T
#      RUNDIR = ../../run/
   1.0000000000000000        1.4251342764884130        0.0000000000000000        0.0000000000000000        0.0000000000000000        0.0000000000000000        1.0000000000000000        0.0000000000000000     
   2.0000000000000000        1.4187314652305270        0.0000000000000000        0.0000000000000000        0.0000000000000000        0.0000000000000000       0.99980000000000002        2.0000000000000001E-004
   3.0000000000000000        1.4460064515707778        0.0000000000000000        0.0000000000000000        0.0000000000000000        3.5999999999999999E-003  0.80079999999999996       0.19560000000000000     
   4.0000000000000000        1.3935933958692013        0.0000000000000000        0.0000000000000000        0.0000000000000000        1.6600000000000000E-002  0.62460000000000004       0.35880000000000001     
   5.0000000000000000        1.4126729935498845        0.0000000000000000        0.0000000000000000        0.0000000000000000        2.4400000000000002E-002  0.97560000000000002        0.0000000000000000     
   6.0000000000000000        1.2476829439094048        0.0000000000000000        0.0000000000000000        0.0000000000000000        4.2400000000000000E-002  0.93899999999999995        1.8599999999999998E-002
   7.0000000000000000        1.4237225027231601        0.0000000000000000        0.0000000000000000        0.0000000000000000        4.2400000000000000E-002  0.91979999999999995        3.7800000000000000E-002
   8.0000000000000000        1.4511137339111639        0.0000000000000000        0.0000000000000000        0.0000000000000000        4.2400000000000000E-002  0.88739999999999997        7.0199999999999999E-002
   9.0000000000000000        1.4702035632770725        0.0000000000000000        0.0000000000000000        0.0000000000000000        4.2400000000000000E-002  0.89180000000000004        6.5799999999999997E-002
   10.000000000000000        1.4930434152708434        0.0000000000000000        0.0000000000000000        0.0000000000000000        4.2400000000000000E-002  0.89059999999999995        6.7000000000000004E-002
   11.000000000000000        1.5163983750270473        0.0000000000000000        0.0000000000000000        0.0000000000000000        4.2400000000000000E-002  0.89400000000000002        6.3600000000000004E-002
   12.000000000000000        1.5407201174458378        0.0000000000000000        0.0000000000000000        0.0000000000000000        4.2400000000000000E-002  0.89439999999999997        6.3200000000000006E-002
   13.000000000000000        1.5652322319028429        0.0000000000000000        0.0000000000000000        0.0000000000000000        4.2400000000000000E-002  0.87139999999999995        8.6199999999999999E-002
   14.000000000000000        1.5887334287066719        0.0000000000000000        0.0000000000000000        0.0000000000000000        4.2400000000000000E-002  0.87719999999999998        8.0399999999999999E-002
   15.000000000000000        1.6107827788046938        0.0000000000000000        0.0000000000000000        0.0000000000000000        4.2400000000000000E-002  0.88859999999999995        6.9000000000000006E-002
   16.000000000000000        1.6344397830212927        0.0000000000000000        0.0000000000000000        0.0000000000000000        4.2400000000000000E-002  0.89159999999999995        6.6000000000000003E-002
   17.000000000000000        1.6523065882919865        0.0000000000000000        0.0000000000000000        0.0000000000000000        4.2400000000000000E-002  0.89539999999999997        6.2199999999999998E-002
   18.000000000000000        1.6667037110313625        0.0000000000000000        0.0000000000000000        0.0000000000000000        4.2400000000000000E-002  0.89700000000000002        6.0600000000000001E-002
   19.000000000000000        1.6805739828453137        0.0000000000000000        0.0000000000000000        0.0000000000000000        4.2400000000000000E-002  0.88959999999999995        6.8000000000000005E-002
   20.000000000000000        1.6916169284177225        0.0000000000000000        0.0000000000000000        0.0000000000000000        4.2400000000000000E-002  0.88919999999999999        6.8400000000000002E-002
   21.000000000000000        1.7001337091146780        0.0000000000000000        0.0000000000000000        0.0000000000000000        4.2400000000000000E-002  0.87700000000000000        8.0600000000000005E-002
   22.000000000000000        1.7059823873361262        0.0000000000000000        0.0000000000000000        0.0000000000000000        4.2400000000000000E-002  0.87960000000000005        7.8000000000000000E-002
   23.000000000000000        1.7088111339787289        0.0000000000000000        0.0000000000000000        0.0000000000000000        4.2400000000000000E-002  0.88060000000000005        7.6999999999999999E-002
   24.000000000000000        1.7100252718000795        0.0000000000000000        0.0000000000000000        0.0000000000000000        4.2400000000000000E-002  0.87700000000000000        8.0600000000000005E-002
   25.000000000000000        1.7091628401838994        0.0000000000000000        0.0000000000000000        0.0000000000000000        4.2400000000000000E-002  0.87660000000000005        8.1000000000000003E-002
   26.000000000000000        1.7066870828240415        0.0000000000000000        0.0000000000000000        0.0000000000000000        4.2400000000000000E-002  0.87760000000000005        8.0000000000000002E-002
   27.000000000000000        1.7030956849863186        0.0000000000000000        0.0000000000000000        0.0000000000000000        4.2400000000000000E-002  0.87639999999999996        8.1199999999999994E-002
   28.000000000000000        1.6994064098602604        0.0000000000000000        0.0000000000000000        0.0000000000000000        4.2400000000000000E-002  0.86599999999999999        9.1600000000000001E-002
   29.000000000000000        1.6949874044899946        0.0000000000000000        0.0000000000000000        0.0000000000000000        4.2400000000000000E-002  0.86619999999999997        9.1399999999999995E-002
   30.000000000000000        1.6912164032332979        0.0000000000000000        0.0000000000000000        0.0000000000000000        4.2400000000000000E-002  0.86080000000000001        9.6799999999999997E-002
   31.000000000000000        1.6884543959967968        0.0000000000000000        0.0000000000000000        0.0000000000000000        4.2400000000000000E-002  0.86080000000000001        9.6799999999999997E-002
   32.000000000000000        1.6866820920333054        0.0000000000000000        0.0000000000000000        0.0000000000000000        4.2400000000000000E-002  0.86699999999999999        9.0600000000000000E-002
   33.000000000000000        1.6887242853699593        0.0000000000000000        0.0000000000000000        0.0000000000000000        4.2400000000000000E-002  0.86560000000000004        9.1999999999999998E-002
   34.000000000000000        1.6880215708347153        0.0000000000000000        0.0000000000000000        0.0000000000000000        4.2400000000000000E-002  0.86799999999999999        8.9599999999999999E-002
   35.000000000000000        1.6915318714541190        0.0000000000000000        0.0000000000000000        0.0000000000000000        4.2400000000000000E-002  0.86040000000000005        9.7199999999999995E-002
   36.000000000000000        1.6964522773118660        0.0000000000000000        0.0000000000000000        0.0000000000000000        4.2400000000000000E-002  0.86339999999999995        9.4200000000000006E-002
   37.000000000000000        1.7035242854403638        0.0000000000000000        0.0000000000000000        0.0000000000000000        4.2400000000000000E-002  0.86539999999999995        9.2200000000000004E-002
   38.000000000000000        1.7119530616468455        0.0000000000000000        0.0000000000000000        0.0000000000000000        4.2400000000000000E-002  0.86739999999999995        9.0200000000000002E-002
   39.000000000000000        1.7215062574823383        0.0000000000000000        0.0000000000000000        0.0000000000000000        4.2400000000000000E-002  0.85399999999999998       0.10360000000000000     
   40.000000000000000        1.7312493631451955        0.0000000000000000        0.0000000000000000        0.0000000000000000        4.2400000000000000E-002  0.86339999999999995        9.4200000000000006E-002
   41.000000000000000        1.7404679828930085        0.0000000000000000        0.0000000000000000        0.0000000000000000        4.2400000000000000E-002  0.86519999999999997        9.2399999999999996E-002
   42.000000000000000        1.7498949955479899        0.0000000000000000        0.0000000000000000        0.0000000000000000        4.2400000000000000E-002  0.86360000000000003        9.4000000000000000E-002
   43.000000000000000        1.7581438389933945        0.0000000000000000        0.0000000000000000        0.0000000000000000        4.2400000000000000E-002  0.86299999999999999        9.4600000000000004E-002
   44.000000000000000        1.7651358810213831        0.0000000000000000        0.0000000000000000        0.0000000000000000        4.2400000000000000E-002  0.88119999999999998        7.6399999999999996E-002
   45.000000000000000        1.7691351851031605        0.0000000000000000        0.0000000000000000        0.0000000000000000        4.2400000000000000E-002  0.87339999999999995        8.4199999999999997E-002
   46.000000000000000        1.7707543949432769        0.0000000000000000        0.0000000000000000        0.0000000000000000        4.2400000000000000E-002  0.90139999999999998        5.6200000000000000E-002
   47.000000000000000        1.7777109055455063        0.0000000000000000        0.0000000000000000        0.0000000000000000        4.2400000000000000E-002  0.89959999999999996        5.8000000000000003E-002
   48.000000000000000        1.7736125343038491        0.0000000000000000        0.0000000000000000        0.0000000000000000        4.2400000000000000E-002  0.89439999999999997        6.3200000000000006E-002
   49.000000000000000        1.7634031908546377        0.0000000000000000        0.0000000000000000        0.0000000000000000        4.2400000000000000E-002  0.89039999999999997        6.7199999999999996E-002
   50.000000000000000        1.7550735797321715        0.0000000000000000        0.0000000000000000        0.0000000000000000        4.2400000000000000E-002  0.89659999999999995        6.0999999999999999E-002
   51.000000000000000        1.7444620685481571        0.0000000000000000        0.0000000000000000        0.0000000000000000        4.2400000000000000E-002  0.88819999999999999        6.9400000000000003E-002
   52.000000000000000        1.7310522232208614        0.0000000000000000        0.0000000000000000        0.0000000000000000        4.2400000000000000E-002  0.88460000000000005        7.2999999999999995E-002
   53.000000000000000        1.7165697379811553        0.0000000000000000        0.0000000000000000        0.0000000000000000        4.2400000000000000E-002  0.88219999999999998        7.5399999999999995E-002
   54.000000000000000        1.7002994083953558        0.0000000000000000        0.0000000000000000        0.0000000000000000        4.2400000000000000E-002  0.86639999999999995        9.1200000000000003E-002
   55.000000000000000        1.6834857670313315        0.0000000000000000        0.0000000000000000        0.0000000000000000        4.2400000000000000E-002  0.84960000000000002       0.10800000000000000     
   56.000000000000000        1.6667064931021880        0.0000000000000000        0.0000000000000000        0.0000000000000000        4.2400000000000000E-002  0.84899999999999998       0.10860000000000000     
   57.000000000000000        1.6502865231748789        0.0000000000000000        0.0000000000000000        0.0000000000000000        4.2400000000000000E-002  0.85860000000000003        9.9000000000000005E-002
   58.000000000000000        1.6335101380337265        0.0000000000000000        0.0000000000000000        0.0000000000000000        4.2400000000000000E-002  0.85919999999999996        9.8400000000000001E-002
   59.000000000000000        1.6209401598245945        0.0000000000000000        0.0000000000000000        0.0000000000000000        4.2400000000000000E-002  0.85260000000000002       0.10500000000000000     
   60.000000000000000        1.6092237212922558        0.0000000000000000        0.0000000000000000        0.0000000000000000        4.2400000000000000E-002  0.84519999999999995       0.11240000000000000     
   61.000000000000000        1.6003478226153116        0.0000000000000000        0.0000000000000000        0.0000000000000000        4.2400000000000000E-002  0.84680000000000000       0.11080000000000000     
   62.000000000000000        1.5941104532541723        0.0000000000000000        0.0000000000000000        0.0000000000000000        4.2400000000000000E-002  0.84640000000000004       0.11119999999999999     
   63.000000000000000        1.5914124242190075        0.0000000000000000        0.0000000000000000        0.0000000000000000        4.2400000000000000E-002  0.84860000000000002       0.10900000000000000     
   64.000000000000000        1.5931796247355487        0.0000000000000000        0.0000000000000000        0.0000000000000000        4.2400000000000000E-002  0.84980000000000000       0.10780000000000001     
   65.000000000000000        1.5987022609811428        0.0000000000000000        0.0000000000000000        0.0000000000000000        4.2400000000000000E-002  0.85140000000000005       0.10620000000000000     
   66.000000000000000        1.6088182943532969        0.0000000000000000        0.0000000000000000        0.0000000000000000        4.2400000000000000E-002  0.85080000000000000       0.10680000000000001     
   67.000000000000000        1.6231367513089152        0.0000000000000000        0.0000000000000000        0.0000000000000000        4.2400000000000000E-002  0.85060000000000002       0.10700000000000000     
   68.000000000000000        1.6417038124632015        0.0000000000000000        0.0000000000000000        0.0000000000000000        4.2400000000000000E-002  0.85119999999999996       0.10639999999999999     
   69.000000000000000        1.6641662223086953        0.0000000000000000        0.0000000000000000        0.0000000000000000        4.2400000000000000E-002  0.85119999999999996       0.10639999999999999     
   70.000000000000000        1.6900996982855301        0.0000000000000000        0.0000000000000000        0.0000000000000000        4.2400000000000000E-002  0.85119999999999996       0.10639999999999999     
   71.000000000000000        1.7191116358342522        0.0000000000000000        0.0000000000000000        0.0000000000000000        4.2400000000000000E-002  0.85080000000000000       0.10680000000000001     
   72.000000000000000        1.7502194747390301        0.0000000000000000        0.0000000000000000        0.0000000000000000        4.2400000000000000E-002  0.85080000000000000       0.10680000000000001     
   73.000000000000000        1.7831355307780925        0.0000000000000000        0.0000000000000000        0.0000000000000000        4.2400000000000000E-002  0.85040000000000004       0.10720000000000000     
   74.000000000000000        1.8164899017183562        0.0000000000000000        0.0000000000000000        0.0000000000000000        4.2400000000000000E-002  0.85040000000000004       0.10720000000000000     
   75.000000000000000        1.8496103104744979        0.0000000000000000        0.0000000000000000        0.0000000000000000        4.2400000000000000E-002  0.85080000000000000       0.10680000000000001     
   76.000000000000000        1.8814604597327158        0.0000000000000000        0.0000000000000000        0.0000000000000000        4.2400000000000000E-002  0.85080000000000000       0.10680000000000001     
   77.000000000000000        1.9112799590855010        0.0000000000000000        0.0000000000000000        0.0000000000000000        4.2400000000000000E-002  0.85060000000000002       0.10700000000000000     
   78.000000000000000        1.9380518156310176        0.0000000000000000        0.0000000000000000        0.0000000000000000        4.2400000000000000E-002  0.84860000000000002       0.10900000000000000     
   79.000000000000000        1.9609837900298228        0.0000000000000000        0.0000000000000000        0.0000000000000000        4.2400000000000000E-002  0.85180000000000000       0.10580000000000001     
   80.000000000000000        1.9793955178538800        0.0000000000000000        0.0000000000000000        0.0000000000000000        4.2400000000000000E-002  0.84599999999999997       0.11160000000000000     
   81.000000000000000        1.9804666383619338        0.0000000000000000        0.0000000000000000        0.0000000000000000        4.2400000000000000E-002  0.87160000000000004        8.5999999999999993E-002
   82.000000000000000        2.0001397591263586        0.0000000000000000        0.0000000000000000        0.0000000000000000        4.2400000000000000E-002  0.86860000000000004        8.8999999999999996E-002
   83.000000000000000        2.0016656975652261        0.0000000000000000        0.0000000000000000        0.0000000000000000        4.2400000000000000E-002  0.86819999999999997        8.9399999999999993E-002
   84.000000000000000        1.9973132340846496        0.0000000000000000        0.0000000000000000        0.0000000000000000        4.2400000000000000E-002  0.87480000000000002        8.2799999999999999E-002
   85.000000000000000        1.9871527766057961        0.0000000000000000        0.0000000000000000        0.0000000000000000        4.2400000000000000E-002  0.87460000000000004        8.3000000000000004E-002
   86.000000000000000        1.9692020847257381        0.0000000000000000        0.0000000000000000        0.0000000000000000        4.2400000000000000E-002  0.87460000000000004        8.3000000000000004E-002
   87.000000000000000        1.9463826523629024        0.0000000000000000        0.0000000000000000        0.0000000000000000        4.2400000000000000E-002  0.87519999999999998        8.2400000000000001E-002
   88.000000000000000        1.9197542449050466        0.0000000000000000        0.0000000000000000        0.0000000000000000        4.2400000000000000E-002  0.87519999999999998        8.2400000000000001E-002
   89.000000000000000        1.8891010507263228        0.0000000000000000        0.0000000000000000        0.0000000000000000        4.2400000000000000E-002  0.87500000000000000        8.2600000000000007E-002
   90.000000000000000        1.8528599688976564        0.0000000000000000        0.0000000000000000        0.0000000000000000        4.2400000000000000E-002  0.87500000000000000        8.2600000000000007E-002
   91.000000000000000        1.8150654126003798        0.0000000000000000        0.0000000000000000        0.0000000000000000        4.2400000000000000E-002  0.87500000000000000        8.2600000000000007E-002
   92.000000000000000        1.7733249800165736        0.0000000000000000        0.0000000000000000        0.0000000000000000        4.2400000000000000E-002  0.87500000000000000        8.2600000000000007E-002
   93.000000000000000        1.7320393242521548        0.0000000000000000        0.0000000000000000        0.0000000000000000        4.2200000000000001E-002  0.87519999999999998        8.2600000000000007E-002
   94.000000000000000        1.6894040574492779        0.0000000000000000        0.0000000000000000        0.0000000000000000        4.2200000000000001E-002  0.87519999999999998        8.2600000000000007E-002
   95.000000000000000        1.6471283074531926        0.0000000000000000        0.0000000000000000        0.0000000000000000        4.2200000000000001E-002  0.87519999999999998        8.2600000000000007E-002
   96.000000000000000        1.6065260849330527        0.0000000000000000        0.0000000000000000        0.0000000000000000        4.2200000000000001E-002  0.87519999999999998        8.2600000000000007E-002
   97.000000000000000        1.5691983591197256        0.0000000000000000        0.0000000000000000        0.0000000000000000       0.13080000000000000       0.45440000000000003       0.41480000000000000     
   98.000000000000000        1.5505984882967430        0.0000000000000000        0.0000000000000000        0.0000000000000000       0.13080000000000000       0.45440000000000003       0.41480000000000000     
   99.000000000000000        1.5414381850132626        0.0000000000000000        0.0000000000000000        0.0000000000000000       0.13100000000000001       0.45419999999999999       0.41480000000000000     
   100.00000000000000        1.5317623750779386        0.0000000000000000        0.0000000000000000        0.0000000000000000       0.13120000000000001       0.45400000000000001       0.41480000000000000     
   101.00000000000000        1.5288088250502085        0.0000000000000000        0.0000000000000000        0.0000000000000000       0.13159999999999999       0.45360000000000000       0.41480000000000000     
   102.00000000000000        1.5253338881706444        0.0000000000000000        0.0000000000000000        0.0000000000000000       0.13100000000000001       0.45419999999999999       0.41480000000000000     
   103.00000000000000        1.5240444499239998        0.0000000000000000        0.0000000000000000        0.0000000000000000       0.13239999999999999       0.45279999999999998       0.41480000000000000     
   104.00000000000000        1.5247190812528608        0.0000000000000000        0.0000000000000000        0.0000000000000000       0.13220000000000001       0.45300000000000001       0.41480000000000000     
   105.00000000000000        1.5270962482669672        0.0000000000000000        0.0000000000000000        0.0000000000000000       0.13260000000000000       0.45260000000000000       0.41480000000000000     
   106.00000000000000        1.5309869400301150        0.0000000000000000        0.0000000000000000        0.0000000000000000       0.13260000000000000       0.45260000000000000       0.41480000000000000     
   107.00000000000000        1.5362462788577587        0.0000000000000000        0.0000000000000000        0.0000000000000000       0.13339999999999999       0.45179999999999998       0.41480000000000000     
   108.00000000000000        1.5423714841544069        0.0000000000000000        0.0000000000000000        0.0000000000000000       0.13339999999999999       0.45179999999999998       0.41480000000000000     
   109.00000000000000        1.5493296545660356        0.0000000000000000        0.0000000000000000        0.0000000000000000       0.13080000000000000       0.45440000000000003       0.41480000000000000     
   110.00000000000000        1.5569016380238896        0.0000000000000000        0.0000000000000000        0.0000000000000000       0.15140000000000001       0.43380000000000002       0.41480000000000000     
   111.00000000000000        1.5642325476466215        0.0000000000000000        0.0000000000000000        0.0000000000000000       0.18820000000000001       0.39700000000000002       0.41480000000000000     
   112.00000000000000        1.5795014732166310        0.0000000000000000        0.0000000000000000        0.0000000000000000        0.0000000000000000        3.2399999999999998E-002  0.96760000000000002     
   113.00000000000000        1.5978044365044954        0.0000000000000000        0.0000000000000000        0.0000000000000000        0.0000000000000000        8.7800000000000003E-002  0.91220000000000001     
   114.00000000000000        1.6283311671705407        0.0000000000000000        0.0000000000000000        0.0000000000000000        0.0000000000000000       0.12000000000000000       0.88000000000000000     
   115.00000000000000        1.6577207577261013        0.0000000000000000        0.0000000000000000        0.0000000000000000        0.0000000000000000       0.16320000000000001       0.83679999999999999     
   116.00000000000000        1.6852401486578010        0.0000000000000000        0.0000000000000000        0.0000000000000000        0.0000000000000000       0.16180000000000000       0.83819999999999995     
   117.00000000000000        1.7102363274333656        0.0000000000000000        0.0000000000000000        0.0000000000000000        0.0000000000000000       0.16819999999999999       0.83179999999999998     
   118.00000000000000        1.7316450527944722        0.0000000000000000        0.0000000000000000        0.0000000000000000        0.0000000000000000       0.18160000000000001       0.81840000000000002     
   119.00000000000000        1.7492174701335141        0.0000000000000000        0.0000000000000000        0.0000000000000000        0.0000000000000000       0.17740000000000000       0.82260000000000000     
   120.00000000000000        1.7632443237197781        0.0000000000000000        0.0000000000000000        0.0000000000000000        0.0000000000000000       0.17640000000000000       0.82360000000000000     
   121.00000000000000        1.7757785571483433        0.0000000000000000        0.0000000000000000        0.0000000000000000        0.0000000000000000       0.17720000000000000       0.82279999999999998     
   122.00000000000000        1.7791546585048088        0.0000000000000000        0.0000000000000000        0.0000000000000000        0.0000000000000000       0.17660000000000001       0.82340000000000002     
   123.00000000000000        1.7809849036940946        0.0000000000000000        0.0000000000000000        0.0000000000000000        0.0000000000000000       0.17660000000000001       0.82340000000000002     
   124.00000000000000        1.7782268700562585        0.0000000000000000        0.0000000000000000        0.0000000000000000        0.0000000000000000       0.17699999999999999       0.82299999999999995     
   125.00000000000000        1.7722220810336908        0.0000000000000000        0.0000000000000000        0.0000000000000000        0.0000000000000000       0.17780000000000001       0.82220000000000004     
   126.00000000000000        1.7634598699856121        0.0000000000000000        0.0000000000000000        0.0000000000000000        0.0000000000000000       0.17960000000000001       0.82040000000000002     
   127.00000000000000        1.7508371486386909        0.0000000000000000        0.0000000000000000        0.0000000000000000        0.0000000000000000       0.18320000000000000       0.81679999999999997     
   128.00000000000000        1.7360880678604582        0.0000000000000000        0.0000000000000000        0.0000000000000000        0.0000000000000000       0.18020000000000000       0.81979999999999997     
   129.00000000000000        1.7215919781706628        0.0000000000000000        0.0000000000000000        0.0000000000000000        0.0000000000000000       0.18120000000000000       0.81879999999999997     
   130.00000000000000        1.7055311640187514        0.0000000000000000        0.0000000000000000        0.0000000000000000        0.0000000000000000       0.18600000000000000       0.81399999999999995     
   131.00000000000000        1.6894522856547587        0.0000000000000000        0.0000000000000000        0.0000000000000000        0.0000000000000000       0.18620000000000000       0.81379999999999997     
   132.00000000000000        1.6747227947897072        0.0000000000000000        0.0000000000000000        0.0000000000000000        0.0000000000000000       0.18099999999999999       0.81899999999999995     
   133.00000000000000        1.6608960858828108        0.0000000000000000        0.0000000000000000        0.0000000000000000        0.0000000000000000       0.18320000000000000       0.81679999999999997     
   134.00000000000000        1.6487995837180451        0.0000000000000000        0.0000000000000000        0.0000000000000000        0.0000000000000000       0.19400000000000001       0.80600000000000005     
   135.00000000000000        1.6393914463705745        0.0000000000000000        0.0000000000000000        0.0000000000000000        0.0000000000000000       0.17540000000000000       0.82460000000000000     
   136.00000000000000        1.6319834196069891        0.0000000000000000        0.0000000000000000        0.0000000000000000        0.0000000000000000       0.18559999999999999       0.81440000000000001     
   137.00000000000000        1.6272529016541679        0.0000000000000000        0.0000000000000000        0.0000000000000000        0.0000000000000000       0.17219999999999999       0.82779999999999998     
   138.00000000000000        1.6247352603056666        0.0000000000000000        0.0000000000000000        0.0000000000000000        0.0000000000000000       0.14540000000000000       0.85460000000000003     
   139.00000000000000        1.6239554009844719        0.0000000000000000        0.0000000000000000        0.0000000000000000        0.0000000000000000       0.13800000000000001       0.86199999999999999     
   140.00000000000000        1.6247014123447263        0.0000000000000000        0.0000000000000000        0.0000000000000000        0.0000000000000000       0.14499999999999999       0.85499999999999998     
   141.00000000000000        1.6265371348613562        0.0000000000000000        0.0000000000000000        0.0000000000000000        0.0000000000000000       0.13840000000000000       0.86160000000000003     
   142.00000000000000        1.6291511427096192        0.0000000000000000        0.0000000000000000        0.0000000000000000        0.0000000000000000       0.12479999999999999       0.87519999999999998     
   143.00000000000000        1.6322184637214150        0.0000000000000000        0.0000000000000000        0.0000000000000000        0.0000000000000000       0.13220000000000001       0.86780000000000002     
   144.00000000000000        1.6338981075591918        0.0000000000000000        0.0000000000000000        0.0000000000000000        0.0000000000000000       0.13120000000000001       0.86880000000000002     
   145.00000000000000        1.6351219328327526        0.0000000000000000        0.0000000000000000        0.0000000000000000        0.0000000000000000       0.14740000000000000       0.85260000000000002     
   146.00000000000000        1.6368362364127051        0.0000000000000000        0.0000000000000000        0.0000000000000000        0.0000000000000000       0.14740000000000000       0.85260000000000002     
   147.00000000000000        1.6364452571208805        0.0000000000000000        0.0000000000000000        0.0000000000000000        0.0000000000000000       0.14740000000000000       0.85260000000000002     
   148.00000000000000        1.6315316247444067        0.0000000000000000        0.0000000000000000        0.0000000000000000        0.0000000000000000       0.15520000000000000       0.84480000000000000     
   149.00000000000000        1.6247077230194535        0.0000000000000000        0.0000000000000000        0.0000000000000000        0.0000000000000000       0.15160000000000001       0.84840000000000004     
   150.00000000000000        1.6170566621205820        0.0000000000000000        0.0000000000000000        0.0000000000000000        0.0000000000000000       0.14119999999999999       0.85880000000000001     
   151.00000000000000        1.6083236805352243        0.0000000000000000        0.0000000000000000        0.0000000000000000        0.0000000000000000       0.13960000000000000       0.86040000000000005     
   152.00000000000000        1.5979136634685014        0.0000000000000000        0.0000000000000000        0.0000000000000000        0.0000000000000000       0.13339999999999999       0.86660000000000004     
   153.00000000000000        1.5864642381590064        0.0000000000000000        0.0000000000000000        0.0000000000000000        0.0000000000000000       0.13560000000000000       0.86439999999999995     
   154.00000000000000        1.5741044253137979        0.0000000000000000        0.0000000000000000        0.0000000000000000        0.0000000000000000       0.13420000000000001       0.86580000000000001     
   155.00000000000000        1.5616506159170220        0.0000000000000000        0.0000000000000000        0.0000000000000000        0.0000000000000000       0.12859999999999999       0.87139999999999995     
   156.00000000000000        1.5489741764881102        0.0000000000000000        0.0000000000000000        0.0000000000000000        0.0000000000000000       0.13059999999999999       0.86939999999999995     
   157.00000000000000        1.5372011983928495        0.0000000000000000        0.0000000000000000        0.0000000000000000        0.0000000000000000       0.13000000000000000       0.87000000000000000     
   158.00000000000000        1.5263790752603128        0.0000000000000000        0.0000000000000000        0.0000000000000000        3.6600000000000001E-002   9.6600000000000005E-002  0.86680000000000001     
   159.00000000000000        1.5287100501982216        0.0000000000000000        0.0000000000000000        0.0000000000000000        3.6799999999999999E-002   9.6400000000000000E-002  0.86680000000000001     
   160.00000000000000        1.5482778478074781        0.0000000000000000        0.0000000000000000        0.0000000000000000        3.6799999999999999E-002   9.6400000000000000E-002  0.86680000000000001     
   161.00000000000000        1.5609650287683374        0.0000000000000000        0.0000000000000000        0.0000000000000000        3.6999999999999998E-002   9.6199999999999994E-002  0.86680000000000001     
   162.00000000000000        1.5624885429087887        0.0000000000000000        0.0000000000000000        0.0000000000000000        3.5999999999999997E-002   9.7199999999999995E-002  0.86680000000000001     
   163.00000000000000        1.6218522588242230        0.0000000000000000        0.0000000000000000        0.0000000000000000        7.9799999999999996E-002   5.3400000000000003E-002  0.86680000000000001     
   164.00000000000000        1.7830411532773316        0.0000000000000000        0.0000000000000000        0.0000000000000000        7.9799999999999996E-002   5.3400000000000003E-002  0.86680000000000001     
   165.00000000000000        1.5658029983066721        0.0000000000000000        0.0000000000000000        0.0000000000000000        7.9799999999999996E-002   5.3400000000000003E-002  0.86680000000000001     
   166.00000000000000        1.5564359940403012        0.0000000000000000        0.0000000000000000        0.0000000000000000        0.0000000000000000       0.38260000000000000       0.61739999999999995     
   167.00000000000000        1.5671893327898958        0.0000000000000000        0.0000000000000000        0.0000000000000000        0.0000000000000000       0.39879999999999999       0.60119999999999996     
   168.00000000000000        1.5931033981461002        0.0000000000000000        0.0000000000000000        0.0000000000000000        0.0000000000000000       0.38159999999999999       0.61839999999999995     
   169.00000000000000        1.6229308838949634        0.0000000000000000        0.0000000000000000        0.0000000000000000        0.0000000000000000       0.34660000000000002       0.65339999999999998     
   170.00000000000000        1.6543145319143044        0.0000000000000000        0.0000000000000000        0.0000000000000000        0.0000000000000000       0.35380000000000000       0.64620000000000000     
   171.00000000000000        1.6905332726652060        0.0000000000000000        0.0000000000000000        0.0000000000000000        0.0000000000000000       0.38560000000000000       0.61439999999999995     
   172.00000000000000        1.7276067816834122        0.0000000000000000        0.0000000000000000        0.0000000000000000        0.0000000000000000       0.41180000000000000       0.58819999999999995     
   173.00000000000000        1.7640627578930095        0.0000000000000000        0.0000000000000000        0.0000000000000000        0.0000000000000000       0.43140000000000001       0.56859999999999999     
   174.00000000000000        1.8034803158909314        0.0000000000000000        0.0000000000000000        0.0000000000000000        0.0000000000000000       0.42899999999999999       0.57099999999999995     
   175.00000000000000        1.8406271865390393        0.0000000000000000        0.0000000000000000        0.0000000000000000        0.0000000000000000       0.43740000000000001       0.56259999999999999     
   176.00000000000000        1.8764132350973277        0.0000000000000000        0.0000000000000000        0.0000000000000000        0.0000000000000000       0.36199999999999999       0.63800000000000001     
   177.00000000000000        1.9091631678732632        0.0000000000000000        0.0000000000000000        0.0000000000000000        0.0000000000000000       0.34439999999999998       0.65559999999999996     
   178.00000000000000        1.9380208074108047        0.0000000000000000        0.0000000000000000        0.0000000000000000        0.0000000000000000       0.31540000000000001       0.68459999999999999     
   179.00000000000000        1.9618769439402608        0.0000000000000000        0.0000000000000000        0.0000000000000000        0.0000000000000000       0.36220000000000002       0.63780000000000003     
   180.00000000000000        1.9810709101819666        0.0000000000000000        0.0000000000000000        0.0000000000000000        0.0000000000000000       0.34020000000000000       0.65980000000000005     
   181.00000000000000        1.9952773092346756        0.0000000000000000        0.0000000000000000        0.0000000000000000        0.0000000000000000       0.30599999999999999       0.69399999999999995     
   182.00000000000000        2.0027133303569067        0.0000000000000000        0.0000000000000000        0.0000000000000000        0.0000000000000000       0.31000000000000000       0.68999999999999995     
   183.00000000000000        2.0033611783404814        0.0000000000000000        0.0000000000000000        0.0000000000000000        0.0000000000000000       0.31000000000000000       0.68999999999999995     
   184.00000000000000        1.9963340657830120        0.0000000000000000        0.0000000000000000        0.0000000000000000        0.0000000000000000       0.33479999999999999       0.66520000000000001     
   185.00000000000000        1.9843573740852860        0.0000000000000000        0.0000000000000000        0.0000000000000000        0.0000000000000000       0.35880000000000001       0.64119999999999999     
   186.00000000000000        1.9661385012805868        0.0000000000000000        0.0000000000000000        0.0000000000000000        0.0000000000000000       0.36040000000000000       0.63959999999999995     
   187.00000000000000        1.9419571461162541        0.0000000000000000        0.0000000000000000        0.0000000000000000        0.0000000000000000       0.38200000000000001       0.61799999999999999     
   188.00000000000000        1.9125463155882052        0.0000000000000000        0.0000000000000000        0.0000000000000000        0.0000000000000000       0.39979999999999999       0.60019999999999996     
   189.00000000000000        1.8790289665729982        0.0000000000000000        0.0000000000000000        0.0000000000000000        0.0000000000000000       0.41339999999999999       0.58660000000000001     
