#        BMIN =   406
#        BMAX =   411
#     INIBAND =   411
#      NBANDS =   540
#         NSW =  2000
#       POTIM =   1.0
#        TEMP = 300.0
#    NAMDTINI =   486
#    NAMDTIME =  1000
#       NTRAJ =  5000
#        NELM =  1000
#       LHOLE =     T
#        LSHP =     T
#      LCPTXT =     T
#      RUNDIR = ../../run/
   1.0000000000000000        1.8195575804371469        0.0000000000000000        0.0000000000000000        0.0000000000000000        0.0000000000000000        0.0000000000000000        1.0000000000000000     
   2.0000000000000000        1.7958092895638256        0.0000000000000000        0.0000000000000000        0.0000000000000000        0.0000000000000000        2.0000000000000001E-004  0.99980000000000002     
   3.0000000000000000        1.7710716757693652        0.0000000000000000        0.0000000000000000        0.0000000000000000        0.0000000000000000        2.0000000000000001E-004  0.99980000000000002     
   4.0000000000000000        1.7460892510764980        0.0000000000000000        0.0000000000000000        0.0000000000000000        0.0000000000000000        5.9999999999999995E-004  0.99939999999999996     
   5.0000000000000000        1.7214951879755638        0.0000000000000000        0.0000000000000000        0.0000000000000000        0.0000000000000000        3.2000000000000002E-003  0.99680000000000002     
   6.0000000000000000        1.7000100485828078        0.0000000000000000        0.0000000000000000        0.0000000000000000        0.0000000000000000        5.4000000000000003E-003  0.99460000000000004     
   7.0000000000000000        1.6804428093640615        0.0000000000000000        0.0000000000000000        0.0000000000000000        0.0000000000000000        1.2200000000000001E-002  0.98780000000000001     
   8.0000000000000000        1.6638233536307538        0.0000000000000000        0.0000000000000000        0.0000000000000000        0.0000000000000000        1.2200000000000001E-002  0.98780000000000001     
   9.0000000000000000        1.6499930392377971        0.0000000000000000        0.0000000000000000        0.0000000000000000        0.0000000000000000        1.2200000000000001E-002  0.98780000000000001     
   10.000000000000000        1.6395756343811514        0.0000000000000000        0.0000000000000000        0.0000000000000000        0.0000000000000000        9.7999999999999997E-003  0.99019999999999997     
   11.000000000000000        1.6323663071062688        0.0000000000000000        0.0000000000000000        0.0000000000000000        0.0000000000000000        9.7999999999999997E-003  0.99019999999999997     
   12.000000000000000        1.6269960300814652        0.0000000000000000        0.0000000000000000        0.0000000000000000        0.0000000000000000        9.4000000000000004E-003  0.99060000000000004     
   13.000000000000000        1.6283720774360608        0.0000000000000000        0.0000000000000000        0.0000000000000000        0.0000000000000000        9.7999999999999997E-003  0.99019999999999997     
   14.000000000000000        1.6295038905349974        0.0000000000000000        0.0000000000000000        0.0000000000000000        0.0000000000000000        9.7999999999999997E-003  0.99019999999999997     
   15.000000000000000        1.6297792283822492        0.0000000000000000        0.0000000000000000        0.0000000000000000        0.0000000000000000        9.5999999999999992E-003  0.99039999999999995     
   16.000000000000000        1.6338466866850949        0.0000000000000000        0.0000000000000000        0.0000000000000000        0.0000000000000000        9.4000000000000004E-003  0.99060000000000004     
   17.000000000000000        1.6378696300816518        0.0000000000000000        0.0000000000000000        0.0000000000000000        0.0000000000000000        9.4000000000000004E-003  0.99060000000000004     
   18.000000000000000        1.6422909672003021        0.0000000000000000        0.0000000000000000        0.0000000000000000        0.0000000000000000        1.0000000000000000E-002  0.98999999999999999     
   19.000000000000000        1.6461488510815536        0.0000000000000000        0.0000000000000000        0.0000000000000000        0.0000000000000000        1.0400000000000000E-002  0.98960000000000004     
   20.000000000000000        1.6491871986542201        0.0000000000000000        0.0000000000000000        0.0000000000000000        0.0000000000000000        1.0400000000000000E-002  0.98960000000000004     
   21.000000000000000        1.6499560158390847        0.0000000000000000        0.0000000000000000        0.0000000000000000        0.0000000000000000        1.1400000000000000E-002  0.98860000000000003     
   22.000000000000000        1.6502095954295612        0.0000000000000000        0.0000000000000000        0.0000000000000000        0.0000000000000000        1.0600000000000000E-002  0.98939999999999995     
   23.000000000000000        1.6492894656915196        0.0000000000000000        0.0000000000000000        0.0000000000000000        0.0000000000000000        9.5999999999999992E-003  0.99039999999999995     
   24.000000000000000        1.6457954452987980        0.0000000000000000        0.0000000000000000        0.0000000000000000        0.0000000000000000        1.0200000000000001E-002  0.98980000000000001     
   25.000000000000000        1.6384225089906732        0.0000000000000000        0.0000000000000000        0.0000000000000000        0.0000000000000000        1.0200000000000001E-002  0.98980000000000001     
   26.000000000000000        1.6321999875267077        0.0000000000000000        0.0000000000000000        0.0000000000000000        0.0000000000000000        1.0200000000000001E-002  0.98980000000000001     
   27.000000000000000        1.6231310612101972        0.0000000000000000        0.0000000000000000        0.0000000000000000        0.0000000000000000        9.7999999999999997E-003  0.99019999999999997     
   28.000000000000000        1.6127836135716007        0.0000000000000000        0.0000000000000000        0.0000000000000000        0.0000000000000000        9.1999999999999998E-003  0.99080000000000001     
   29.000000000000000        1.6014654302226792        0.0000000000000000        0.0000000000000000        0.0000000000000000        0.0000000000000000        1.0999999999999999E-002  0.98899999999999999     
   30.000000000000000        1.5888620992608211        0.0000000000000000        0.0000000000000000        0.0000000000000000        0.0000000000000000        9.7999999999999997E-003  0.99019999999999997     
   31.000000000000000        1.5758067059905962        0.0000000000000000        0.0000000000000000        0.0000000000000000        0.0000000000000000        8.8000000000000005E-003  0.99119999999999997     
   32.000000000000000        1.5622231408229603        0.0000000000000000        0.0000000000000000        0.0000000000000000        0.0000000000000000        8.9999999999999993E-003  0.99099999999999999     
   33.000000000000000        1.5489831343058476        0.0000000000000000        0.0000000000000000        0.0000000000000000        0.0000000000000000        1.2000000000000000E-002  0.98799999999999999     
   34.000000000000000        1.5374112309585299        0.0000000000000000        0.0000000000000000        0.0000000000000000        0.0000000000000000        1.7800000000000000E-002  0.98219999999999996     
   35.000000000000000        1.5276106815182322        0.0000000000000000        0.0000000000000000        0.0000000000000000        0.0000000000000000        2.0799999999999999E-002  0.97919999999999996     
   36.000000000000000        1.5200202094308419        0.0000000000000000        0.0000000000000000        0.0000000000000000        0.0000000000000000        8.9999999999999993E-003  0.99099999999999999     
   37.000000000000000        1.5154105635063768        0.0000000000000000        0.0000000000000000        0.0000000000000000        0.0000000000000000        1.3200000000000000E-002  0.98680000000000001     
   38.000000000000000        1.5149619555694021        0.0000000000000000        0.0000000000000000        0.0000000000000000        0.0000000000000000        6.0000000000000001E-003  0.99399999999999999     
   39.000000000000000        1.5187139933836273        0.0000000000000000        0.0000000000000000        0.0000000000000000        0.0000000000000000        0.0000000000000000        1.0000000000000000     
   40.000000000000000        1.5264678205325666        0.0000000000000000        0.0000000000000000        0.0000000000000000        0.0000000000000000        0.0000000000000000        1.0000000000000000     
   41.000000000000000        1.5388302923274710        0.0000000000000000        0.0000000000000000        0.0000000000000000        0.0000000000000000        0.0000000000000000        1.0000000000000000     
   42.000000000000000        1.5559165842846547        0.0000000000000000        0.0000000000000000        0.0000000000000000        0.0000000000000000        5.0000000000000001E-003  0.99500000000000000     
   43.000000000000000        1.5766709761580373        0.0000000000000000        0.0000000000000000        0.0000000000000000        0.0000000000000000        1.0600000000000000E-002  0.98939999999999995     
   44.000000000000000        1.5997682074598163        0.0000000000000000        0.0000000000000000        0.0000000000000000        0.0000000000000000        7.7999999999999996E-003  0.99219999999999997     
   45.000000000000000        1.6282905919308142        0.0000000000000000        0.0000000000000000        0.0000000000000000        0.0000000000000000        1.2999999999999999E-002  0.98699999999999999     
   46.000000000000000        1.6571638611193606        0.0000000000000000        0.0000000000000000        0.0000000000000000        0.0000000000000000        3.0000000000000001E-003  0.99700000000000000     
   47.000000000000000        1.6875191734411432        0.0000000000000000        0.0000000000000000        0.0000000000000000        0.0000000000000000        2.8000000000000000E-003  0.99719999999999998     
   48.000000000000000        1.7186426257073415        0.0000000000000000        0.0000000000000000        0.0000000000000000        0.0000000000000000        0.0000000000000000        1.0000000000000000     
   49.000000000000000        1.7498763119364502        0.0000000000000000        0.0000000000000000        0.0000000000000000        0.0000000000000000        2.2000000000000001E-003  0.99780000000000002     
   50.000000000000000        1.7779719773611216        0.0000000000000000        0.0000000000000000        0.0000000000000000        0.0000000000000000        6.1999999999999998E-003  0.99380000000000002     
   51.000000000000000        1.8035699791931448        0.0000000000000000        0.0000000000000000        0.0000000000000000        0.0000000000000000        6.0000000000000001E-003  0.99399999999999999     
   52.000000000000000        1.8266754503259002        0.0000000000000000        0.0000000000000000        0.0000000000000000        0.0000000000000000        6.0000000000000001E-003  0.99399999999999999     
   53.000000000000000        1.8446708765001789        0.0000000000000000        0.0000000000000000        0.0000000000000000        0.0000000000000000        6.6000000000000000E-003  0.99339999999999995     
   54.000000000000000        1.8585774250444771        0.0000000000000000        0.0000000000000000        0.0000000000000000        0.0000000000000000        5.4000000000000003E-003  0.99460000000000004     
   55.000000000000000        1.8682438356001394        0.0000000000000000        0.0000000000000000        0.0000000000000000        0.0000000000000000        2.8000000000000000E-003  0.99719999999999998     
   56.000000000000000        1.8725624317851097        0.0000000000000000        0.0000000000000000        0.0000000000000000        0.0000000000000000        2.8000000000000000E-003  0.99719999999999998     
   57.000000000000000        1.8716986057076392        0.0000000000000000        0.0000000000000000        0.0000000000000000        0.0000000000000000        2.8000000000000000E-003  0.99719999999999998     
   58.000000000000000        1.8635020843622174        0.0000000000000000        0.0000000000000000        0.0000000000000000        0.0000000000000000        5.7999999999999996E-003  0.99419999999999997     
   59.000000000000000        1.8504201240723626        0.0000000000000000        0.0000000000000000        0.0000000000000000        0.0000000000000000        5.7999999999999996E-003  0.99419999999999997     
   60.000000000000000        1.8326482580917545        0.0000000000000000        0.0000000000000000        0.0000000000000000        0.0000000000000000        5.5999999999999999E-003  0.99439999999999995     
   61.000000000000000        1.8122849850425364        0.0000000000000000        0.0000000000000000        0.0000000000000000        0.0000000000000000        5.1999999999999998E-003  0.99480000000000002     
   62.000000000000000        1.7871676648816412        0.0000000000000000        0.0000000000000000        0.0000000000000000        0.0000000000000000        5.1999999999999998E-003  0.99480000000000002     
   63.000000000000000        1.7568579144396483        0.0000000000000000        0.0000000000000000        0.0000000000000000        0.0000000000000000        3.8000000000000000E-003  0.99619999999999997     
   64.000000000000000        1.7259554160559982        0.0000000000000000        0.0000000000000000        0.0000000000000000        0.0000000000000000        1.4000000000000000E-003  0.99860000000000004     
   65.000000000000000        1.6932419029316856        0.0000000000000000        0.0000000000000000        0.0000000000000000        0.0000000000000000        1.6000000000000001E-003  0.99839999999999995     
   66.000000000000000        1.6600761177131713        0.0000000000000000        0.0000000000000000        0.0000000000000000        0.0000000000000000        1.1999999999999999E-003  0.99880000000000002     
   67.000000000000000        1.6274652891273393        0.0000000000000000        0.0000000000000000        0.0000000000000000        0.0000000000000000        1.1999999999999999E-003  0.99880000000000002     
   68.000000000000000        1.5953339488900169        0.0000000000000000        0.0000000000000000        0.0000000000000000        0.0000000000000000        2.8000000000000000E-003  0.99719999999999998     
   69.000000000000000        1.5659777667042885        0.0000000000000000        0.0000000000000000        0.0000000000000000        0.0000000000000000        2.3999999999999998E-003  0.99760000000000004     
   70.000000000000000        1.5397291961699504        0.0000000000000000        0.0000000000000000        0.0000000000000000        0.0000000000000000        2.0000000000000000E-003  0.99800000000000000     
   71.000000000000000        1.5177733950647414        0.0000000000000000        0.0000000000000000        0.0000000000000000        0.0000000000000000        2.0000000000000000E-003  0.99800000000000000     
   72.000000000000000        1.5008225757159797        0.0000000000000000        0.0000000000000000        0.0000000000000000        0.0000000000000000        2.3999999999999998E-003  0.99760000000000004     
   73.000000000000000        1.4938364202326482        0.0000000000000000        0.0000000000000000        0.0000000000000000        0.0000000000000000        3.5999999999999999E-003  0.99639999999999995     
   74.000000000000000        1.4840140119447731        0.0000000000000000        0.0000000000000000        0.0000000000000000        0.0000000000000000        2.5999999999999999E-003  0.99739999999999995     
   75.000000000000000        1.4833382520079406        0.0000000000000000        0.0000000000000000        0.0000000000000000        0.0000000000000000        2.5999999999999999E-003  0.99739999999999995     
   76.000000000000000        1.4915615455408247        0.0000000000000000        0.0000000000000000        0.0000000000000000        0.0000000000000000        2.3999999999999998E-003  0.99760000000000004     
   77.000000000000000        1.5056637561992805        0.0000000000000000        0.0000000000000000        0.0000000000000000        0.0000000000000000        2.3999999999999998E-003  0.99760000000000004     
   78.000000000000000        1.5251209529377276        0.0000000000000000        0.0000000000000000        0.0000000000000000        0.0000000000000000        2.5999999999999999E-003  0.99739999999999995     
   79.000000000000000        1.5496961904050977        0.0000000000000000        0.0000000000000000        0.0000000000000000        0.0000000000000000        3.3999999999999998E-003  0.99660000000000004     
   80.000000000000000        1.5796191783096203        0.0000000000000000        0.0000000000000000        0.0000000000000000        0.0000000000000000        3.2000000000000002E-003  0.99680000000000002     
   81.000000000000000        1.6131931217950533        0.0000000000000000        0.0000000000000000        0.0000000000000000        0.0000000000000000        3.0000000000000001E-003  0.99700000000000000     
   82.000000000000000        1.6502140178193401        0.0000000000000000        0.0000000000000000        0.0000000000000000        0.0000000000000000        3.0000000000000001E-003  0.99700000000000000     
   83.000000000000000        1.6889208024555962        0.0000000000000000        0.0000000000000000        0.0000000000000000        0.0000000000000000        2.8000000000000000E-003  0.99719999999999998     
   84.000000000000000        1.7286316168212306        0.0000000000000000        0.0000000000000000        0.0000000000000000        0.0000000000000000        2.8000000000000000E-003  0.99719999999999998     
   85.000000000000000        1.7683797427424368        0.0000000000000000        0.0000000000000000        0.0000000000000000        0.0000000000000000        2.8000000000000000E-003  0.99719999999999998     
   86.000000000000000        1.8067906872634165        0.0000000000000000        0.0000000000000000        0.0000000000000000        0.0000000000000000        2.8000000000000000E-003  0.99719999999999998     
   87.000000000000000        1.8433023639854582        0.0000000000000000        0.0000000000000000        0.0000000000000000        0.0000000000000000        2.8000000000000000E-003  0.99719999999999998     
   88.000000000000000        1.8768135771909475        0.0000000000000000        0.0000000000000000        0.0000000000000000        0.0000000000000000        2.5999999999999999E-003  0.99739999999999995     
   89.000000000000000        1.9065684378552796        0.0000000000000000        0.0000000000000000        0.0000000000000000        0.0000000000000000        2.8000000000000000E-003  0.99719999999999998     
   90.000000000000000        1.9326411698136170        0.0000000000000000        0.0000000000000000        0.0000000000000000        0.0000000000000000        2.8000000000000000E-003  0.99719999999999998     
   91.000000000000000        1.9535321633545890        0.0000000000000000        0.0000000000000000        0.0000000000000000        0.0000000000000000        2.8000000000000000E-003  0.99719999999999998     
   92.000000000000000        1.9696701821340941        0.0000000000000000        0.0000000000000000        0.0000000000000000        0.0000000000000000        2.3999999999999998E-003  0.99760000000000004     
   93.000000000000000        1.9800558023813688        0.0000000000000000        0.0000000000000000        0.0000000000000000        0.0000000000000000        7.7999999999999996E-003  0.99219999999999997     
   94.000000000000000        1.9853192987339672        0.0000000000000000        0.0000000000000000        0.0000000000000000        0.0000000000000000        0.0000000000000000        1.0000000000000000     
   95.000000000000000        1.9851186779103343        0.0000000000000000        0.0000000000000000        0.0000000000000000        0.0000000000000000        0.0000000000000000        1.0000000000000000     
   96.000000000000000        1.9798395535818478        0.0000000000000000        0.0000000000000000        0.0000000000000000        0.0000000000000000        5.9999999999999995E-004  0.99939999999999996     
   97.000000000000000        1.9695928462209251        0.0000000000000000        0.0000000000000000        0.0000000000000000        0.0000000000000000        5.9999999999999995E-004  0.99939999999999996     
   98.000000000000000        1.9541834919716599        0.0000000000000000        0.0000000000000000        0.0000000000000000        0.0000000000000000        4.0000000000000002E-004  0.99960000000000004     
   99.000000000000000        1.9348089720666646        0.0000000000000000        0.0000000000000000        0.0000000000000000        0.0000000000000000        5.9999999999999995E-004  0.99939999999999996     
   100.00000000000000        1.9118280459751862        0.0000000000000000        0.0000000000000000        0.0000000000000000        0.0000000000000000        5.9999999999999995E-004  0.99939999999999996     
   101.00000000000000        1.8863215666229503        0.0000000000000000        0.0000000000000000        0.0000000000000000        0.0000000000000000        5.9999999999999995E-004  0.99939999999999996     
   102.00000000000000        1.8588522454105212        0.0000000000000000        0.0000000000000000        0.0000000000000000        0.0000000000000000        5.9999999999999995E-004  0.99939999999999996     
   103.00000000000000        1.8306223651630482        0.0000000000000000        0.0000000000000000        0.0000000000000000        0.0000000000000000        5.9999999999999995E-004  0.99939999999999996     
   104.00000000000000        1.8025622656972802        0.0000000000000000        0.0000000000000000        0.0000000000000000        0.0000000000000000        5.9999999999999995E-004  0.99939999999999996     
   105.00000000000000        1.7751585599015811        0.0000000000000000        0.0000000000000000        0.0000000000000000        0.0000000000000000        5.9999999999999995E-004  0.99939999999999996     
   106.00000000000000        1.7495847010694066        0.0000000000000000        0.0000000000000000        0.0000000000000000        0.0000000000000000        5.9999999999999995E-004  0.99939999999999996     
   107.00000000000000        1.7259633520064883        0.0000000000000000        0.0000000000000000        0.0000000000000000        0.0000000000000000        8.0000000000000004E-004  0.99919999999999998     
   108.00000000000000        1.7059221976608543        0.0000000000000000        0.0000000000000000        0.0000000000000000        0.0000000000000000        8.0000000000000004E-004  0.99919999999999998     
   109.00000000000000        1.6886910996870081        0.0000000000000000        0.0000000000000000        0.0000000000000000        0.0000000000000000        8.0000000000000004E-004  0.99919999999999998     
   110.00000000000000        1.6749153566495325        0.0000000000000000        0.0000000000000000        0.0000000000000000        0.0000000000000000        8.0000000000000004E-004  0.99919999999999998     
   111.00000000000000        1.6643784175118987        0.0000000000000000        0.0000000000000000        0.0000000000000000        0.0000000000000000        8.0000000000000004E-004  0.99919999999999998     
   112.00000000000000        1.6571501632343382        0.0000000000000000        0.0000000000000000        0.0000000000000000        0.0000000000000000        1.0000000000000000E-003  0.99900000000000000     
   113.00000000000000        1.6529223795988948        0.0000000000000000        0.0000000000000000        0.0000000000000000        0.0000000000000000        1.0000000000000000E-003  0.99900000000000000     
   114.00000000000000        1.6512535910508230        0.0000000000000000        0.0000000000000000        0.0000000000000000        0.0000000000000000        1.0000000000000000E-003  0.99900000000000000     
   115.00000000000000        1.6517811567197527        0.0000000000000000        0.0000000000000000        0.0000000000000000        0.0000000000000000        1.0000000000000000E-003  0.99900000000000000     
   116.00000000000000        1.6536484051669229        0.0000000000000000        0.0000000000000000        0.0000000000000000        0.0000000000000000        1.0000000000000000E-003  0.99900000000000000     
   117.00000000000000        1.6566629205935131        0.0000000000000000        0.0000000000000000        0.0000000000000000        0.0000000000000000        1.0000000000000000E-003  0.99900000000000000     
   118.00000000000000        1.6603372378476315        0.0000000000000000        0.0000000000000000        0.0000000000000000        0.0000000000000000        8.0000000000000004E-004  0.99919999999999998     
   119.00000000000000        1.6640347149552073        0.0000000000000000        0.0000000000000000        0.0000000000000000        0.0000000000000000        8.0000000000000004E-004  0.99919999999999998     
   120.00000000000000        1.6673749730835568        0.0000000000000000        0.0000000000000000        0.0000000000000000        0.0000000000000000        8.0000000000000004E-004  0.99919999999999998     
   121.00000000000000        1.6698504498497171        0.0000000000000000        0.0000000000000000        0.0000000000000000        0.0000000000000000        8.0000000000000004E-004  0.99919999999999998     
   122.00000000000000        1.6714873465798905        0.0000000000000000        0.0000000000000000        0.0000000000000000        0.0000000000000000        1.0000000000000000E-003  0.99900000000000000     
   123.00000000000000        1.6718051071462785        0.0000000000000000        0.0000000000000000        0.0000000000000000        0.0000000000000000        2.3999999999999998E-003  0.99760000000000004     
   124.00000000000000        1.6709426905442979        0.0000000000000000        0.0000000000000000        0.0000000000000000        0.0000000000000000        2.0000000000000000E-003  0.99800000000000000     
   125.00000000000000        1.6681551423501395        0.0000000000000000        0.0000000000000000        0.0000000000000000        0.0000000000000000        1.8000000000000000E-003  0.99819999999999998     
   126.00000000000000        1.6641147252616235        0.0000000000000000        0.0000000000000000        0.0000000000000000        0.0000000000000000        1.8000000000000000E-003  0.99819999999999998     
   127.00000000000000        1.6578507443686044        0.0000000000000000        0.0000000000000000        0.0000000000000000        0.0000000000000000        2.5999999999999999E-003  0.99739999999999995     
   128.00000000000000        1.6501980221171231        0.0000000000000000        0.0000000000000000        0.0000000000000000        0.0000000000000000        3.0000000000000001E-003  0.99700000000000000     
   129.00000000000000        1.6419488164645488        0.0000000000000000        0.0000000000000000        0.0000000000000000        0.0000000000000000        2.5999999999999999E-003  0.99739999999999995     
   130.00000000000000        1.6312521793912520        0.0000000000000000        0.0000000000000000        0.0000000000000000        0.0000000000000000        2.3999999999999998E-003  0.99760000000000004     
   131.00000000000000        1.6201339825356462        0.0000000000000000        0.0000000000000000        0.0000000000000000        0.0000000000000000        4.0000000000000001E-003  0.99600000000000000     
   132.00000000000000        1.6078682448478481        0.0000000000000000        0.0000000000000000        0.0000000000000000        0.0000000000000000        4.0000000000000001E-003  0.99600000000000000     
   133.00000000000000        1.5930498063321530        0.0000000000000000        0.0000000000000000        0.0000000000000000       0.17920000000000000       0.14040000000000000       0.68040000000000000     
   134.00000000000000        1.5857466344265909        0.0000000000000000        0.0000000000000000        0.0000000000000000       0.17960000000000001       0.14019999999999999       0.68020000000000003     
   135.00000000000000        1.5815513222696058        0.0000000000000000        0.0000000000000000        0.0000000000000000       0.17219999999999999       0.14760000000000001       0.68020000000000003     
   136.00000000000000        1.5767073118630517        0.0000000000000000        0.0000000000000000        0.0000000000000000       0.17119999999999999       0.14860000000000001       0.68020000000000003     
   137.00000000000000        1.5714858190435108        0.0000000000000000        0.0000000000000000        0.0000000000000000       0.18320000000000000       0.13660000000000000       0.68020000000000003     
   138.00000000000000        1.5665360643376061        0.0000000000000000        0.0000000000000000        0.0000000000000000       0.18420000000000000       0.13560000000000000       0.68020000000000003     
   139.00000000000000        1.5619884752947870        0.0000000000000000        0.0000000000000000        0.0000000000000000       0.18420000000000000       0.13560000000000000       0.68020000000000003     
   140.00000000000000        1.5579953605364429        0.0000000000000000        0.0000000000000000        0.0000000000000000       0.20200000000000001       0.11780000000000000       0.68020000000000003     
   141.00000000000000        1.5552777890403697        0.0000000000000000        0.0000000000000000        0.0000000000000000       0.18820000000000001       0.11880000000000000       0.69299999999999995     
   142.00000000000000        1.5556556846895353        0.0000000000000000        0.0000000000000000        0.0000000000000000       0.16280000000000000       0.13600000000000001       0.70120000000000005     
   143.00000000000000        1.5650191168786631        0.0000000000000000        0.0000000000000000        0.0000000000000000       0.16280000000000000       0.13600000000000001       0.70120000000000005     
   144.00000000000000        1.5775722569280424        0.0000000000000000        0.0000000000000000        0.0000000000000000       0.16280000000000000       0.13719999999999999       0.69999999999999996     
   145.00000000000000        1.5923779727277658        0.0000000000000000        0.0000000000000000        0.0000000000000000       0.16280000000000000       0.16259999999999999       0.67459999999999998     
   146.00000000000000        1.6098004578548513        0.0000000000000000        0.0000000000000000        0.0000000000000000       0.16280000000000000       0.13919999999999999       0.69799999999999995     
   147.00000000000000        1.6287010061164837        0.0000000000000000        0.0000000000000000        0.0000000000000000       0.16280000000000000       0.10580000000000001       0.73140000000000005     
   148.00000000000000        1.6483647361289788        0.0000000000000000        0.0000000000000000        0.0000000000000000       0.16280000000000000        9.0600000000000000E-002  0.74660000000000004     
   149.00000000000000        1.6678041400381924        0.0000000000000000        0.0000000000000000        0.0000000000000000       0.16280000000000000       0.10180000000000000       0.73540000000000005     
   150.00000000000000        1.6865360089264034        0.0000000000000000        0.0000000000000000        0.0000000000000000       0.16280000000000000        8.0399999999999999E-002  0.75680000000000003     
   151.00000000000000        1.7035146680092610        0.0000000000000000        0.0000000000000000        0.0000000000000000       0.16280000000000000        8.3000000000000004E-002  0.75419999999999998     
   152.00000000000000        1.7181393436750336        0.0000000000000000        0.0000000000000000        0.0000000000000000       0.16280000000000000        7.1999999999999995E-002  0.76519999999999999     
   153.00000000000000        1.7299451834364494        0.0000000000000000        0.0000000000000000        0.0000000000000000       0.16280000000000000        7.1999999999999995E-002  0.76519999999999999     
   154.00000000000000        1.7375085399296653        0.0000000000000000        0.0000000000000000        0.0000000000000000       0.16280000000000000        6.3799999999999996E-002  0.77339999999999998     
   155.00000000000000        1.7428321375175160        0.0000000000000000        0.0000000000000000        0.0000000000000000       0.16280000000000000        5.5000000000000000E-002  0.78220000000000001     
   156.00000000000000        1.7426343879472597        0.0000000000000000        0.0000000000000000        0.0000000000000000       0.16280000000000000        5.4800000000000001E-002  0.78239999999999998     
   157.00000000000000        1.7387139145766817        0.0000000000000000        0.0000000000000000        0.0000000000000000       0.16280000000000000        5.8400000000000001E-002  0.77880000000000005     
   158.00000000000000        1.7309975665624298        0.0000000000000000        0.0000000000000000        0.0000000000000000       0.16280000000000000        5.1799999999999999E-002  0.78539999999999999     
   159.00000000000000        1.7178989063075645        0.0000000000000000        0.0000000000000000        0.0000000000000000       0.16280000000000000        5.3999999999999999E-002  0.78320000000000001     
   160.00000000000000        1.7015308202237767        0.0000000000000000        0.0000000000000000        0.0000000000000000       0.16280000000000000        5.7400000000000000E-002  0.77980000000000005     
   161.00000000000000        1.6810605395696854        0.0000000000000000        0.0000000000000000        0.0000000000000000       0.16280000000000000        5.8000000000000003E-002  0.77920000000000000     
   162.00000000000000        1.6581012440972933        0.0000000000000000        0.0000000000000000        0.0000000000000000       0.16280000000000000        5.8400000000000001E-002  0.77880000000000005     
   163.00000000000000        1.6323660450662891        0.0000000000000000        0.0000000000000000        0.0000000000000000       0.16280000000000000        5.8200000000000002E-002  0.77900000000000003     
   164.00000000000000        1.6043383579722703        0.0000000000000000        0.0000000000000000        0.0000000000000000       0.16280000000000000        5.7000000000000002E-002  0.78020000000000000     
   165.00000000000000        1.5756066457527989        0.0000000000000000        0.0000000000000000        0.0000000000000000       0.16280000000000000        5.2999999999999999E-002  0.78420000000000001     
   166.00000000000000        1.5451075479256045        0.0000000000000000        0.0000000000000000        0.0000000000000000       0.16280000000000000        5.4399999999999997E-002  0.78280000000000005     
   167.00000000000000        1.5154637595678919        0.0000000000000000        0.0000000000000000        0.0000000000000000       0.16280000000000000        5.2800000000000000E-002  0.78439999999999999     
   168.00000000000000        1.4868845248528753        0.0000000000000000        0.0000000000000000        0.0000000000000000       0.16280000000000000        5.3800000000000001E-002  0.78339999999999999     
   169.00000000000000        1.4607017641278419        0.0000000000000000        0.0000000000000000        0.0000000000000000       0.16280000000000000        5.2600000000000001E-002  0.78459999999999996     
   170.00000000000000        1.4364122746299879        0.0000000000000000        0.0000000000000000        0.0000000000000000       0.16280000000000000        5.2600000000000001E-002  0.78459999999999996     
   171.00000000000000        1.4170684360961565        0.0000000000000000        0.0000000000000000        0.0000000000000000       0.16280000000000000        5.2400000000000002E-002  0.78480000000000005     
   172.00000000000000        1.3964146585460333        0.0000000000000000        0.0000000000000000        0.0000000000000000       0.38179999999999997        8.5000000000000006E-002  0.53320000000000001     
   173.00000000000000        1.3848343220658874        0.0000000000000000        0.0000000000000000        0.0000000000000000       0.39319999999999999        6.4600000000000005E-002  0.54220000000000002     
   174.00000000000000        1.3846845341427143        0.0000000000000000        0.0000000000000000        0.0000000000000000       0.40039999999999998        6.4600000000000005E-002  0.53500000000000003     
   175.00000000000000        1.3830019203707113        0.0000000000000000        0.0000000000000000        0.0000000000000000       0.42620000000000002       0.39960000000000001       0.17419999999999999     
   176.00000000000000        1.3832769692001945        0.0000000000000000        0.0000000000000000        0.0000000000000000       0.12800000000000000       0.80220000000000002        6.9800000000000001E-002
   177.00000000000000        1.4016048103652659        0.0000000000000000        0.0000000000000000        4.0000000000000002E-004  0.12759999999999999       0.79820000000000002        7.3800000000000004E-002
   178.00000000000000        1.4241001448252304        0.0000000000000000        0.0000000000000000        2.8000000000000000E-003  0.12520000000000001       0.81079999999999997        6.1199999999999997E-002
   179.00000000000000        1.4346832640133358        0.0000000000000000        0.0000000000000000        2.8000000000000000E-003  0.25280000000000002       0.49240000000000000       0.25200000000000000     
   180.00000000000000        1.4337140261918029        0.0000000000000000        0.0000000000000000        2.5999999999999999E-003  0.22700000000000001       0.49240000000000000       0.27800000000000002     
   181.00000000000000        1.5930107136371499        0.0000000000000000        0.0000000000000000        2.5999999999999999E-003  0.22700000000000001       0.52180000000000004       0.24859999999999999     
   182.00000000000000        1.5285858463296391        0.0000000000000000        0.0000000000000000        2.5999999999999999E-003  0.22700000000000001       0.52080000000000004       0.24959999999999999     
   183.00000000000000        1.5713450408423033        0.0000000000000000        0.0000000000000000        2.5999999999999999E-003  0.16600000000000001       0.68479999999999996       0.14660000000000001     
   184.00000000000000        1.6758472230309531        0.0000000000000000        0.0000000000000000        1.6000000000000001E-003  0.15939999999999999       0.69140000000000001       0.14760000000000001     
   185.00000000000000        1.6935886221090524        0.0000000000000000        0.0000000000000000        5.9999999999999995E-004  0.15260000000000001       0.69820000000000004       0.14860000000000001     
   186.00000000000000        1.7164555819065010        0.0000000000000000        0.0000000000000000        0.0000000000000000       0.18880000000000000       0.43080000000000002       0.38040000000000002     
   187.00000000000000        1.7266617378070925        0.0000000000000000        0.0000000000000000        0.0000000000000000       0.18880000000000000       0.41520000000000001       0.39600000000000002     
   188.00000000000000        1.7806774089727422        0.0000000000000000        0.0000000000000000        0.0000000000000000       0.18880000000000000       0.41480000000000000       0.39639999999999997     
   189.00000000000000        1.8050378906135556        0.0000000000000000        0.0000000000000000        0.0000000000000000       0.18880000000000000       0.41160000000000002       0.39960000000000001     
