#        BMIN =   406
#        BMAX =   411
#     INIBAND =   410
#      NBANDS =   540
#         NSW =  2000
#       POTIM =   1.0
#        TEMP = 300.0
#    NAMDTINI =   403
#    NAMDTIME =  1000
#       NTRAJ =  5000
#        NELM =  1000
#       LHOLE =     T
#        LSHP =     T
#      LCPTXT =     T
#      RUNDIR = ../../run/
   1.0000000000000000        1.6174343657079093        0.0000000000000000        0.0000000000000000        0.0000000000000000        0.0000000000000000        1.0000000000000000        0.0000000000000000     
   2.0000000000000000        1.6212869288628522        0.0000000000000000        0.0000000000000000        0.0000000000000000        0.0000000000000000       0.99600000000000000        4.0000000000000001E-003
   3.0000000000000000        1.6220661544565871        0.0000000000000000        0.0000000000000000        0.0000000000000000        0.0000000000000000       0.99880000000000002        1.1999999999999999E-003
   4.0000000000000000        1.6241095655034230        0.0000000000000000        0.0000000000000000        0.0000000000000000        0.0000000000000000       0.99800000000000000        2.0000000000000000E-003
   5.0000000000000000        1.6211202958647464        0.0000000000000000        0.0000000000000000        0.0000000000000000        0.0000000000000000       0.99819999999999998        1.8000000000000000E-003
   6.0000000000000000        1.6165996993606218        0.0000000000000000        0.0000000000000000        0.0000000000000000        0.0000000000000000       0.99660000000000004        3.3999999999999998E-003
   7.0000000000000000        1.6083771927274877        0.0000000000000000        0.0000000000000000        0.0000000000000000        0.0000000000000000       0.99519999999999997        4.7999999999999996E-003
   8.0000000000000000        1.5994806797596837        0.0000000000000000        0.0000000000000000        0.0000000000000000        0.0000000000000000       0.99619999999999997        3.8000000000000000E-003
   9.0000000000000000        1.5886661537186020        0.0000000000000000        0.0000000000000000        0.0000000000000000        0.0000000000000000       0.99919999999999998        8.0000000000000004E-004
   10.000000000000000        1.5763305592125867        0.0000000000000000        0.0000000000000000        0.0000000000000000        0.0000000000000000       0.99399999999999999        6.0000000000000001E-003
   11.000000000000000        1.5626048343793491        0.0000000000000000        0.0000000000000000        0.0000000000000000        0.0000000000000000       0.99819999999999998        1.8000000000000000E-003
   12.000000000000000        1.5482421932644981        0.0000000000000000        0.0000000000000000        0.0000000000000000        0.0000000000000000       0.99039999999999995        9.5999999999999992E-003
   13.000000000000000        1.5334643801271710        0.0000000000000000        0.0000000000000000        0.0000000000000000        0.0000000000000000       0.98460000000000003        1.5400000000000000E-002
   14.000000000000000        1.5211210827444783        0.0000000000000000        0.0000000000000000        0.0000000000000000        3.6600000000000001E-002  0.61719999999999997       0.34620000000000001     
   15.000000000000000        1.5153083945094417        0.0000000000000000        0.0000000000000000        0.0000000000000000        2.8000000000000001E-002  0.62580000000000002       0.34620000000000001     
   16.000000000000000        1.5114478295586080        0.0000000000000000        0.0000000000000000        0.0000000000000000        2.7000000000000000E-002  0.62680000000000002       0.34620000000000001     
   17.000000000000000        1.5090317419310328        0.0000000000000000        0.0000000000000000        0.0000000000000000        3.0800000000000001E-002  0.62300000000000000       0.34620000000000001     
   18.000000000000000        1.5083432432652155        0.0000000000000000        0.0000000000000000        0.0000000000000000        2.4000000000000000E-002  0.62980000000000003       0.34620000000000001     
   19.000000000000000        1.5097484362540297        0.0000000000000000        0.0000000000000000        0.0000000000000000        2.8600000000000000E-002  0.62519999999999998       0.34620000000000001     
   20.000000000000000        1.5127540984077417        0.0000000000000000        0.0000000000000000        0.0000000000000000        3.3799999999999997E-002  0.62000000000000000       0.34620000000000001     
   21.000000000000000        1.5185717968928463        0.0000000000000000        0.0000000000000000        0.0000000000000000        3.2399999999999998E-002  0.62139999999999995       0.34620000000000001     
   22.000000000000000        1.5265331424217843        0.0000000000000000        0.0000000000000000        0.0000000000000000        3.3200000000000000E-002  0.62060000000000004       0.34620000000000001     
   23.000000000000000        1.5366959322824210        0.0000000000000000        0.0000000000000000        0.0000000000000000        3.3200000000000000E-002  0.62060000000000004       0.34620000000000001     
   24.000000000000000        1.5494030780138854        0.0000000000000000        0.0000000000000000        0.0000000000000000        3.9399999999999998E-002  0.61439999999999995       0.34620000000000001     
   25.000000000000000        1.5681384563292915        0.0000000000000000        0.0000000000000000        0.0000000000000000        4.1999999999999997E-003  0.36459999999999998       0.63119999999999998     
   26.000000000000000        1.5846006927497096        0.0000000000000000        0.0000000000000000        0.0000000000000000        4.1999999999999997E-003  0.37800000000000000       0.61780000000000002     
   27.000000000000000        1.6166535409467215        0.0000000000000000        0.0000000000000000        0.0000000000000000        4.1999999999999997E-003  0.36359999999999998       0.63219999999999998     
   28.000000000000000        1.6511952898146085        0.0000000000000000        0.0000000000000000        0.0000000000000000        4.1999999999999997E-003  0.34860000000000002       0.64720000000000000     
   29.000000000000000        1.6867451754696310        0.0000000000000000        0.0000000000000000        0.0000000000000000        4.1999999999999997E-003  0.34620000000000001       0.64959999999999996     
   30.000000000000000        1.7235781249438991        0.0000000000000000        0.0000000000000000        0.0000000000000000        4.1999999999999997E-003  0.33760000000000001       0.65820000000000001     
   31.000000000000000        1.7597662909869802        0.0000000000000000        0.0000000000000000        0.0000000000000000        4.1999999999999997E-003  0.33820000000000000       0.65759999999999996     
   32.000000000000000        1.7945819535555581        0.0000000000000000        0.0000000000000000        0.0000000000000000        4.1999999999999997E-003  0.34620000000000001       0.64959999999999996     
   33.000000000000000        1.8271707759387690        0.0000000000000000        0.0000000000000000        0.0000000000000000        4.1999999999999997E-003  0.34379999999999999       0.65200000000000002     
   34.000000000000000        1.8566329410417048        0.0000000000000000        0.0000000000000000        0.0000000000000000        4.1999999999999997E-003  0.35880000000000001       0.63700000000000001     
   35.000000000000000        1.8829960313816181        0.0000000000000000        0.0000000000000000        0.0000000000000000        4.1999999999999997E-003  0.36380000000000001       0.63200000000000001     
   36.000000000000000        1.9034899922089572        0.0000000000000000        0.0000000000000000        0.0000000000000000        4.1999999999999997E-003  0.35639999999999999       0.63939999999999997     
   37.000000000000000        1.9204317717863963        0.0000000000000000        0.0000000000000000        0.0000000000000000        4.1999999999999997E-003  0.34880000000000000       0.64700000000000002     
   38.000000000000000        1.9314049648162046        0.0000000000000000        0.0000000000000000        0.0000000000000000        4.1999999999999997E-003  0.35560000000000003       0.64019999999999999     
   39.000000000000000        1.9370978898118032        0.0000000000000000        0.0000000000000000        0.0000000000000000        4.1999999999999997E-003  0.35399999999999998       0.64180000000000004     
   40.000000000000000        1.9367704545178341        0.0000000000000000        0.0000000000000000        0.0000000000000000        4.1999999999999997E-003  0.36840000000000001       0.62739999999999996     
   41.000000000000000        1.9319033463717790        0.0000000000000000        0.0000000000000000        0.0000000000000000        4.1999999999999997E-003  0.37100000000000000       0.62480000000000002     
   42.000000000000000        1.9213009393080345        0.0000000000000000        0.0000000000000000        0.0000000000000000        4.1999999999999997E-003  0.38019999999999998       0.61560000000000004     
   43.000000000000000        1.9040779273013755        0.0000000000000000        0.0000000000000000        0.0000000000000000        4.1999999999999997E-003  0.37980000000000003       0.61599999999999999     
   44.000000000000000        1.8826449951209923        0.0000000000000000        0.0000000000000000        0.0000000000000000        4.1999999999999997E-003  0.37040000000000001       0.62539999999999996     
   45.000000000000000        1.8586099079332632        0.0000000000000000        0.0000000000000000        0.0000000000000000        4.1999999999999997E-003  0.37940000000000002       0.61639999999999995     
   46.000000000000000        1.8275760810389767        0.0000000000000000        0.0000000000000000        0.0000000000000000        4.1999999999999997E-003  0.38460000000000000       0.61119999999999997     
   47.000000000000000        1.7965111621237493        0.0000000000000000        0.0000000000000000        0.0000000000000000        4.1999999999999997E-003  0.40360000000000001       0.59219999999999995     
   48.000000000000000        1.7611053166866804        0.0000000000000000        0.0000000000000000        0.0000000000000000        4.1999999999999997E-003  0.39379999999999998       0.60199999999999998     
   49.000000000000000        1.7259748413814613        0.0000000000000000        0.0000000000000000        0.0000000000000000        4.1999999999999997E-003  0.41899999999999998       0.57679999999999998     
   50.000000000000000        1.6895518099648914        0.0000000000000000        0.0000000000000000        0.0000000000000000        4.1999999999999997E-003  0.45160000000000000       0.54420000000000002     
   51.000000000000000        1.6544164424699064        0.0000000000000000        0.0000000000000000        0.0000000000000000        4.1999999999999997E-003  0.44140000000000001       0.55440000000000000     
   52.000000000000000        1.6207893681320371        0.0000000000000000        0.0000000000000000        0.0000000000000000        4.1999999999999997E-003  0.44000000000000000       0.55579999999999996     
   53.000000000000000        1.5895708933572341        0.0000000000000000        0.0000000000000000        0.0000000000000000        4.1999999999999997E-003  0.43880000000000002       0.55700000000000005     
   54.000000000000000        1.5619070154095835        0.0000000000000000        0.0000000000000000        0.0000000000000000        4.1999999999999997E-003  0.44940000000000002       0.54640000000000000     
   55.000000000000000        1.5384889557326988        0.0000000000000000        0.0000000000000000        0.0000000000000000        4.1999999999999997E-003  0.43120000000000003       0.56459999999999999     
   56.000000000000000        1.5199661249089449        0.0000000000000000        0.0000000000000000        0.0000000000000000        4.1999999999999997E-003  0.41660000000000003       0.57920000000000005     
   57.000000000000000        1.5069004642204686        0.0000000000000000        0.0000000000000000        0.0000000000000000        4.1999999999999997E-003  0.40339999999999998       0.59240000000000004     
   58.000000000000000        1.4995435102659507        0.0000000000000000        0.0000000000000000        0.0000000000000000        4.1999999999999997E-003  0.38700000000000001       0.60880000000000001     
   59.000000000000000        1.4978890467360086        0.0000000000000000        0.0000000000000000        0.0000000000000000        4.1999999999999997E-003  0.39340000000000003       0.60240000000000005     
   60.000000000000000        1.5019108231463350        0.0000000000000000        0.0000000000000000        0.0000000000000000        4.1999999999999997E-003  0.39200000000000002       0.60380000000000000     
   61.000000000000000        1.5118633422685515        0.0000000000000000        0.0000000000000000        0.0000000000000000        4.1999999999999997E-003  0.39260000000000000       0.60319999999999996     
   62.000000000000000        1.5273768852799692        0.0000000000000000        0.0000000000000000        0.0000000000000000        4.1999999999999997E-003  0.39100000000000001       0.60480000000000000     
   63.000000000000000        1.5469661408841850        0.0000000000000000        0.0000000000000000        0.0000000000000000        4.1999999999999997E-003  0.38800000000000001       0.60780000000000001     
   64.000000000000000        1.5706652723948682        0.0000000000000000        0.0000000000000000        0.0000000000000000        4.1999999999999997E-003  0.38840000000000002       0.60740000000000005     
   65.000000000000000        1.5981472961515433        0.0000000000000000        0.0000000000000000        0.0000000000000000        4.1999999999999997E-003  0.38760000000000000       0.60819999999999996     
   66.000000000000000        1.6278650543324107        0.0000000000000000        0.0000000000000000        0.0000000000000000        4.1999999999999997E-003  0.39100000000000001       0.60480000000000000     
   67.000000000000000        1.6595158977081974        0.0000000000000000        0.0000000000000000        0.0000000000000000        4.1999999999999997E-003  0.39060000000000000       0.60519999999999996     
   68.000000000000000        1.6915415164226184        0.0000000000000000        0.0000000000000000        0.0000000000000000        4.1999999999999997E-003  0.39040000000000002       0.60540000000000005     
   69.000000000000000        1.7234530722037045        0.0000000000000000        0.0000000000000000        0.0000000000000000        4.1999999999999997E-003  0.39040000000000002       0.60540000000000005     
   70.000000000000000        1.7543347756839394        0.0000000000000000        0.0000000000000000        0.0000000000000000        4.1999999999999997E-003  0.38940000000000002       0.60640000000000005     
   71.000000000000000        1.7836707049453868        0.0000000000000000        0.0000000000000000        0.0000000000000000        4.1999999999999997E-003  0.38940000000000002       0.60640000000000005     
   72.000000000000000        1.8105807435126107        0.0000000000000000        0.0000000000000000        0.0000000000000000        4.1999999999999997E-003  0.38960000000000000       0.60619999999999996     
   73.000000000000000        1.8345003956968522        0.0000000000000000        0.0000000000000000        0.0000000000000000        4.1999999999999997E-003  0.38979999999999998       0.60599999999999998     
   74.000000000000000        1.8541372957245090        0.0000000000000000        0.0000000000000000        0.0000000000000000        4.1999999999999997E-003  0.38979999999999998       0.60599999999999998     
   75.000000000000000        1.8702021774103308        0.0000000000000000        0.0000000000000000        0.0000000000000000        4.1999999999999997E-003  0.38979999999999998       0.60599999999999998     
   76.000000000000000        1.8824867144685822        0.0000000000000000        0.0000000000000000        0.0000000000000000        4.1999999999999997E-003  0.38979999999999998       0.60599999999999998     
   77.000000000000000        1.8894825074684474        0.0000000000000000        0.0000000000000000        0.0000000000000000        4.1999999999999997E-003  0.38979999999999998       0.60599999999999998     
   78.000000000000000        1.8918212382621280        0.0000000000000000        0.0000000000000000        0.0000000000000000        4.1999999999999997E-003  0.38940000000000002       0.60640000000000005     
   79.000000000000000        1.8894761105304128        0.0000000000000000        0.0000000000000000        0.0000000000000000        4.1999999999999997E-003  0.38960000000000000       0.60619999999999996     
   80.000000000000000        1.8816887618764415        0.0000000000000000        0.0000000000000000        0.0000000000000000        4.1999999999999997E-003  0.38940000000000002       0.60640000000000005     
   81.000000000000000        1.8711604198917440        0.0000000000000000        0.0000000000000000        0.0000000000000000        4.1999999999999997E-003  0.38919999999999999       0.60660000000000003     
   82.000000000000000        1.8557773935741682        0.0000000000000000        0.0000000000000000        0.0000000000000000        4.1999999999999997E-003  0.38900000000000001       0.60680000000000001     
   83.000000000000000        1.8367008678838077        0.0000000000000000        0.0000000000000000        0.0000000000000000        4.1999999999999997E-003  0.38879999999999998       0.60699999999999998     
   84.000000000000000        1.8160256666566876        0.0000000000000000        0.0000000000000000        0.0000000000000000        4.1999999999999997E-003  0.38879999999999998       0.60699999999999998     
   85.000000000000000        1.7927472723397293        0.0000000000000000        0.0000000000000000        0.0000000000000000        4.1999999999999997E-003  0.38900000000000001       0.60680000000000001     
   86.000000000000000        1.7684758980655189        0.0000000000000000        0.0000000000000000        0.0000000000000000        4.1999999999999997E-003  0.38940000000000002       0.60640000000000005     
   87.000000000000000        1.7439635704560796        0.0000000000000000        0.0000000000000000        0.0000000000000000        4.1999999999999997E-003  0.38560000000000000       0.61019999999999996     
   88.000000000000000        1.7198094272912596        0.0000000000000000        0.0000000000000000        0.0000000000000000        4.1999999999999997E-003  0.38240000000000002       0.61339999999999995     
   89.000000000000000        1.6983631880742176        0.0000000000000000        0.0000000000000000        0.0000000000000000        4.1999999999999997E-003  0.39939999999999998       0.59640000000000004     
   90.000000000000000        1.6783852484979376        0.0000000000000000        0.0000000000000000        0.0000000000000000        4.1999999999999997E-003  0.40220000000000000       0.59360000000000002     
   91.000000000000000        1.6613325817243207        0.0000000000000000        0.0000000000000000        0.0000000000000000        4.1999999999999997E-003  0.40260000000000001       0.59319999999999995     
   92.000000000000000        1.6470767783524842        0.0000000000000000        0.0000000000000000        0.0000000000000000        4.1999999999999997E-003  0.40260000000000001       0.59319999999999995     
   93.000000000000000        1.6362381271574851        0.0000000000000000        0.0000000000000000        0.0000000000000000        4.1999999999999997E-003  0.40100000000000002       0.59480000000000000     
   94.000000000000000        1.6286273170335717        0.0000000000000000        0.0000000000000000        0.0000000000000000        4.1999999999999997E-003  0.40100000000000002       0.59480000000000000     
   95.000000000000000        1.6228825825777973        0.0000000000000000        0.0000000000000000        0.0000000000000000        4.1999999999999997E-003  0.40079999999999999       0.59499999999999997     
   96.000000000000000        1.6238852503683405        0.0000000000000000        0.0000000000000000        0.0000000000000000        4.1999999999999997E-003  0.40160000000000001       0.59419999999999995     
   97.000000000000000        1.6246922765212313        0.0000000000000000        0.0000000000000000        0.0000000000000000        4.1999999999999997E-003  0.40160000000000001       0.59419999999999995     
   98.000000000000000        1.6246953040238670        0.0000000000000000        0.0000000000000000        0.0000000000000000        4.1999999999999997E-003  0.40160000000000001       0.59419999999999995     
   99.000000000000000        1.6285102208170787        0.0000000000000000        0.0000000000000000        0.0000000000000000        4.1999999999999997E-003  0.40160000000000001       0.59419999999999995     
   100.00000000000000        1.6323313813255766        0.0000000000000000        0.0000000000000000        0.0000000000000000        4.1999999999999997E-003  0.40160000000000001       0.59419999999999995     
   101.00000000000000        1.6365896290618709        0.0000000000000000        0.0000000000000000        0.0000000000000000        4.1999999999999997E-003  0.40239999999999998       0.59340000000000004     
   102.00000000000000        1.6403271196211264        0.0000000000000000        0.0000000000000000        0.0000000000000000        4.1999999999999997E-003  0.40339999999999998       0.59240000000000004     
   103.00000000000000        1.6432876397370411        0.0000000000000000        0.0000000000000000        0.0000000000000000        4.1999999999999997E-003  0.40420000000000000       0.59160000000000001     
   104.00000000000000        1.6440429585900342        0.0000000000000000        0.0000000000000000        0.0000000000000000        4.1999999999999997E-003  0.40520000000000000       0.59060000000000001     
   105.00000000000000        1.6443179362900682        0.0000000000000000        0.0000000000000000        0.0000000000000000        4.1999999999999997E-003  0.40439999999999998       0.59140000000000004     
   106.00000000000000        1.6434701623176848        0.0000000000000000        0.0000000000000000        0.0000000000000000        4.1999999999999997E-003  0.40220000000000000       0.59360000000000002     
   107.00000000000000        1.6400805729319594        0.0000000000000000        0.0000000000000000        0.0000000000000000        4.1999999999999997E-003  0.40300000000000002       0.59279999999999999     
   108.00000000000000        1.6328687481708664        0.0000000000000000        0.0000000000000000        0.0000000000000000        4.1999999999999997E-003  0.40300000000000002       0.59279999999999999     
   109.00000000000000        1.6268289225973587        0.0000000000000000        0.0000000000000000        0.0000000000000000        4.1999999999999997E-003  0.40179999999999999       0.59399999999999997     
   110.00000000000000        1.6179773226974026        0.0000000000000000        0.0000000000000000        0.0000000000000000        4.1999999999999997E-003  0.40060000000000001       0.59519999999999995     
   111.00000000000000        1.6078720534425215        0.0000000000000000        0.0000000000000000        0.0000000000000000        4.1999999999999997E-003  0.39900000000000002       0.59680000000000000     
   112.00000000000000        1.5967716142166215        0.0000000000000000        0.0000000000000000        0.0000000000000000        4.1999999999999997E-003  0.40400000000000003       0.59179999999999999     
   113.00000000000000        1.5844530854164485        0.0000000000000000        0.0000000000000000        0.0000000000000000        4.1999999999999997E-003  0.40100000000000002       0.59480000000000000     
   114.00000000000000        1.5716887640941311        0.0000000000000000        0.0000000000000000        0.0000000000000000        4.1999999999999997E-003  0.39820000000000000       0.59760000000000002     
   115.00000000000000        1.5583820012300675        0.0000000000000000        0.0000000000000000        0.0000000000000000        4.1999999999999997E-003  0.39839999999999998       0.59740000000000004     
   116.00000000000000        1.5453764258399680        0.0000000000000000        0.0000000000000000        0.0000000000000000        4.1999999999999997E-003  0.40600000000000003       0.58979999999999999     
   117.00000000000000        1.5340172142662434        0.0000000000000000        0.0000000000000000        0.0000000000000000        4.1999999999999997E-003  0.41720000000000002       0.57860000000000000     
   118.00000000000000        1.5244533686783861        0.0000000000000000        0.0000000000000000        0.0000000000000000        4.1999999999999997E-003  0.42140000000000000       0.57440000000000002     
   119.00000000000000        1.5171135577929307        0.0000000000000000        0.0000000000000000        0.0000000000000000        4.1999999999999997E-003  0.40479999999999999       0.59099999999999997     
   120.00000000000000        1.5126413460012618        0.0000000000000000        0.0000000000000000        0.0000000000000000        4.1999999999999997E-003  0.41580000000000000       0.57999999999999996     
   121.00000000000000        1.5123645834007433        0.0000000000000000        0.0000000000000000        0.0000000000000000        4.1999999999999997E-003  0.40320000000000000       0.59260000000000002     
   122.00000000000000        1.5163110499604096        0.0000000000000000        0.0000000000000000        0.0000000000000000        4.1999999999999997E-003  0.37859999999999999       0.61719999999999997     
   123.00000000000000        1.5242522839134884        0.0000000000000000        0.0000000000000000        0.0000000000000000        4.1999999999999997E-003  0.35039999999999999       0.64539999999999997     
   124.00000000000000        1.5364645310877476        0.0000000000000000        0.0000000000000000        0.0000000000000000        4.1999999999999997E-003  0.37480000000000002       0.62100000000000000     
   125.00000000000000        1.5533727727064444        0.0000000000000000        0.0000000000000000        0.0000000000000000        4.1999999999999997E-003  0.40020000000000000       0.59560000000000002     
   126.00000000000000        1.5739071557828301        0.0000000000000000        0.0000000000000000        0.0000000000000000        4.1999999999999997E-003  0.42459999999999998       0.57120000000000004     
   127.00000000000000        1.5968406021897683        0.0000000000000000        0.0000000000000000        0.0000000000000000        4.1999999999999997E-003  0.41980000000000001       0.57599999999999996     
   128.00000000000000        1.6250899914656509        0.0000000000000000        0.0000000000000000        0.0000000000000000        4.1999999999999997E-003  0.43559999999999999       0.56020000000000003     
   129.00000000000000        1.6537825249220810        0.0000000000000000        0.0000000000000000        0.0000000000000000        4.1999999999999997E-003  0.41460000000000002       0.58120000000000005     
   130.00000000000000        1.6838847559659602        0.0000000000000000        0.0000000000000000        0.0000000000000000        4.1999999999999997E-003  0.41339999999999999       0.58240000000000003     
   131.00000000000000        1.7148435645180058        0.0000000000000000        0.0000000000000000        0.0000000000000000        4.1999999999999997E-003  0.39419999999999999       0.60160000000000002     
   132.00000000000000        1.7457320675312600        0.0000000000000000        0.0000000000000000        0.0000000000000000        4.1999999999999997E-003  0.41060000000000002       0.58520000000000005     
   133.00000000000000        1.7735108395869421        0.0000000000000000        0.0000000000000000        0.0000000000000000        4.1999999999999997E-003  0.42720000000000002       0.56859999999999999     
   134.00000000000000        1.7989154738377624        0.0000000000000000        0.0000000000000000        0.0000000000000000        4.1999999999999997E-003  0.42480000000000001       0.57099999999999995     
   135.00000000000000        1.8218419103104795        0.0000000000000000        0.0000000000000000        0.0000000000000000        4.1999999999999997E-003  0.42480000000000001       0.57099999999999995     
   136.00000000000000        1.8396739610996122        0.0000000000000000        0.0000000000000000        0.0000000000000000        4.1999999999999997E-003  0.42940000000000000       0.56640000000000001     
   137.00000000000000        1.8534999016692155        0.0000000000000000        0.0000000000000000        0.0000000000000000        4.1999999999999997E-003  0.42559999999999998       0.57020000000000004     
   138.00000000000000        1.8631830587272278        0.0000000000000000        0.0000000000000000        0.0000000000000000        4.1999999999999997E-003  0.41139999999999999       0.58440000000000003     
   139.00000000000000        1.8674694588080132        0.0000000000000000        0.0000000000000000        0.0000000000000000        4.1999999999999997E-003  0.41139999999999999       0.58440000000000003     
   140.00000000000000        1.8666078666718064        0.0000000000000000        0.0000000000000000        0.0000000000000000        4.1999999999999997E-003  0.41099999999999998       0.58479999999999999     
   141.00000000000000        1.8583619718023792        0.0000000000000000        0.0000000000000000        0.0000000000000000        4.1999999999999997E-003  0.42599999999999999       0.56979999999999997     
   142.00000000000000        1.8453289851188235        0.0000000000000000        0.0000000000000000        0.0000000000000000        4.1999999999999997E-003  0.42740000000000000       0.56840000000000002     
   143.00000000000000        1.8276364747642846        0.0000000000000000        0.0000000000000000        0.0000000000000000        4.1999999999999997E-003  0.42640000000000000       0.56940000000000002     
   144.00000000000000        1.8073516451161167        0.0000000000000000        0.0000000000000000        0.0000000000000000        4.1999999999999997E-003  0.42520000000000002       0.57060000000000000     
   145.00000000000000        1.7823230116681557        0.0000000000000000        0.0000000000000000        0.0000000000000000        4.1999999999999997E-003  0.42520000000000002       0.57060000000000000     
   146.00000000000000        1.7521867250520058        0.0000000000000000        0.0000000000000000        0.0000000000000000        4.1999999999999997E-003  0.41499999999999998       0.58079999999999998     
   147.00000000000000        1.7215479364140194        0.0000000000000000        0.0000000000000000        0.0000000000000000        4.1999999999999997E-003  0.39079999999999998       0.60499999999999998     
   148.00000000000000        1.6889086241550593        0.0000000000000000        0.0000000000000000        0.0000000000000000        4.1999999999999997E-003  0.39379999999999998       0.60199999999999998     
   149.00000000000000        1.6558601407292559        0.0000000000000000        0.0000000000000000        0.0000000000000000        4.1999999999999997E-003  0.39040000000000002       0.60540000000000005     
   150.00000000000000        1.6233751577365814        0.0000000000000000        0.0000000000000000        0.0000000000000000        4.1999999999999997E-003  0.38600000000000001       0.60980000000000001     
   151.00000000000000        1.5911605148292525        0.0000000000000000        0.0000000000000000        0.0000000000000000        4.1999999999999997E-003  0.40799999999999997       0.58779999999999999     
   152.00000000000000        1.5618995938294689        0.0000000000000000        0.0000000000000000        0.0000000000000000        4.1999999999999997E-003  0.40439999999999998       0.59140000000000004     
   153.00000000000000        1.5358492314121523        0.0000000000000000        0.0000000000000000        0.0000000000000000        4.1999999999999997E-003  0.38740000000000002       0.60840000000000005     
   154.00000000000000        1.5139131033436448        0.0000000000000000        0.0000000000000000        0.0000000000000000        4.1999999999999997E-003  0.39060000000000000       0.60519999999999996     
   155.00000000000000        1.4969620794493832        0.0000000000000000        0.0000000000000000        0.0000000000000000        4.1999999999999997E-003  0.39479999999999998       0.60099999999999998     
   156.00000000000000        1.4898641419826637        0.0000000000000000        0.0000000000000000        0.0000000000000000        4.1999999999999997E-003  0.40679999999999999       0.58899999999999997     
   157.00000000000000        1.4802118461015263        0.0000000000000000        0.0000000000000000        0.0000000000000000        4.1999999999999997E-003  0.39079999999999998       0.60499999999999998     
   158.00000000000000        1.4795430317069715        0.0000000000000000        0.0000000000000000        0.0000000000000000        4.1999999999999997E-003  0.39100000000000001       0.60480000000000000     
   159.00000000000000        1.4877469139372703        0.0000000000000000        0.0000000000000000        0.0000000000000000        4.1999999999999997E-003  0.39019999999999999       0.60560000000000003     
   160.00000000000000        1.5018288633728574        0.0000000000000000        0.0000000000000000        0.0000000000000000        4.1999999999999997E-003  0.38940000000000002       0.60640000000000005     
   161.00000000000000        1.5212092944079727        0.0000000000000000        0.0000000000000000        0.0000000000000000        4.1999999999999997E-003  0.39500000000000002       0.60080000000000000     
   162.00000000000000        1.5456826769982630        0.0000000000000000        0.0000000000000000        0.0000000000000000        4.1999999999999997E-003  0.40400000000000003       0.59179999999999999     
   163.00000000000000        1.5756236228715428        0.0000000000000000        0.0000000000000000        0.0000000000000000        4.1999999999999997E-003  0.39879999999999999       0.59699999999999998     
   164.00000000000000        1.6092227766362559        0.0000000000000000        0.0000000000000000        0.0000000000000000        4.1999999999999997E-003  0.39360000000000001       0.60219999999999996     
   165.00000000000000        1.6462751927212822        0.0000000000000000        0.0000000000000000        0.0000000000000000        4.1999999999999997E-003  0.38840000000000002       0.60740000000000005     
   166.00000000000000        1.6850280473268331        0.0000000000000000        0.0000000000000000        0.0000000000000000        4.1999999999999997E-003  0.38260000000000000       0.61319999999999997     
   167.00000000000000        1.7247268455696985        0.0000000000000000        0.0000000000000000        0.0000000000000000        4.1999999999999997E-003  0.38619999999999999       0.60960000000000003     
   168.00000000000000        1.7645780395706883        0.0000000000000000        0.0000000000000000        0.0000000000000000        4.1999999999999997E-003  0.37640000000000001       0.61939999999999995     
   169.00000000000000        1.8030424827202740        0.0000000000000000        0.0000000000000000        0.0000000000000000        4.1999999999999997E-003  0.37600000000000000       0.61980000000000002     
   170.00000000000000        1.8396363315356301        0.0000000000000000        0.0000000000000000        0.0000000000000000        4.1999999999999997E-003  0.37440000000000001       0.62139999999999995     
   171.00000000000000        1.8731884140532256        0.0000000000000000        0.0000000000000000        0.0000000000000000        4.1999999999999997E-003  0.38500000000000001       0.61080000000000001     
   172.00000000000000        1.9031205824798108        0.0000000000000000        0.0000000000000000        0.0000000000000000        4.1999999999999997E-003  0.37359999999999999       0.62219999999999998     
   173.00000000000000        1.9292480207951153        0.0000000000000000        0.0000000000000000        0.0000000000000000        4.1999999999999997E-003  0.39700000000000002       0.59880000000000000     
   174.00000000000000        1.9503081736374885        0.0000000000000000        0.0000000000000000        0.0000000000000000        4.1999999999999997E-003  0.39920000000000000       0.59660000000000002     
   175.00000000000000        1.9666441803133610        0.0000000000000000        0.0000000000000000        0.0000000000000000        4.1999999999999997E-003  0.39040000000000002       0.60540000000000005     
   176.00000000000000        1.9772871744586249        0.0000000000000000        0.0000000000000000        0.0000000000000000        4.1999999999999997E-003  0.31940000000000002       0.67640000000000000     
   177.00000000000000        1.9824414989352566        0.0000000000000000        0.0000000000000000        0.0000000000000000        4.1999999999999997E-003  0.40000000000000002       0.59580000000000000     
   178.00000000000000        1.9820505547305800        0.0000000000000000        0.0000000000000000        0.0000000000000000        4.1999999999999997E-003  0.39000000000000001       0.60580000000000001     
   179.00000000000000        1.9763869082485308        0.0000000000000000        0.0000000000000000        0.0000000000000000        4.1999999999999997E-003  0.42199999999999999       0.57379999999999998     
   180.00000000000000        1.9658823876404850        0.0000000000000000        0.0000000000000000        0.0000000000000000        4.1999999999999997E-003  0.38700000000000001       0.60880000000000001     
   181.00000000000000        1.9500840341771282        0.0000000000000000        0.0000000000000000        0.0000000000000000        4.1999999999999997E-003  0.40439999999999998       0.59140000000000004     
   182.00000000000000        1.9304332497975532        0.0000000000000000        0.0000000000000000        0.0000000000000000        4.1999999999999997E-003  0.39500000000000002       0.60080000000000000     
   183.00000000000000        1.9071503362018036        0.0000000000000000        0.0000000000000000        0.0000000000000000        4.1999999999999997E-003  0.39739999999999998       0.59840000000000004     
   184.00000000000000        1.8813767643358954        0.0000000000000000        0.0000000000000000        0.0000000000000000        4.1999999999999997E-003  0.39760000000000001       0.59819999999999995     
   185.00000000000000        1.8536669487838275        0.0000000000000000        0.0000000000000000        0.0000000000000000        4.1999999999999997E-003  0.39760000000000001       0.59819999999999995     
   186.00000000000000        1.8252206946630389        0.0000000000000000        0.0000000000000000        0.0000000000000000        4.1999999999999997E-003  0.39760000000000001       0.59819999999999995     
   187.00000000000000        1.7969606313273130        0.0000000000000000        0.0000000000000000        0.0000000000000000        4.1999999999999997E-003  0.39839999999999998       0.59740000000000004     
   188.00000000000000        1.7693872966623201        0.0000000000000000        0.0000000000000000        0.0000000000000000        4.1999999999999997E-003  0.39860000000000001       0.59719999999999995     
   189.00000000000000        1.7436652214185728        0.0000000000000000        0.0000000000000000        0.0000000000000000        4.1999999999999997E-003  0.39860000000000001       0.59719999999999995     
