#        BMIN =   406
#        BMAX =   411
#     INIBAND =   407
#      NBANDS =   540
#         NSW =  2000
#       POTIM =   1.0
#        TEMP = 300.0
#    NAMDTINI =   545
#    NAMDTIME =  1000
#       NTRAJ =  5000
#        NELM =  1000
#       LHOLE =     T
#        LSHP =     T
#      LCPTXT =     T
#      RUNDIR = ../../run/
   1.0000000000000000       0.24350067777928294        0.0000000000000000        1.0000000000000000        0.0000000000000000        0.0000000000000000        0.0000000000000000        0.0000000000000000     
   2.0000000000000000       0.22830346277327446        0.0000000000000000        1.0000000000000000        0.0000000000000000        0.0000000000000000        0.0000000000000000        0.0000000000000000     
   3.0000000000000000       0.21175931680234758        0.0000000000000000        1.0000000000000000        0.0000000000000000        0.0000000000000000        0.0000000000000000        0.0000000000000000     
   4.0000000000000000       0.19628420229562968        0.0000000000000000       0.99960000000000004        4.0000000000000002E-004   0.0000000000000000        0.0000000000000000        0.0000000000000000     
   5.0000000000000000       0.18101031810151030        0.0000000000000000       0.99880000000000002        1.1999999999999999E-003   0.0000000000000000        0.0000000000000000        0.0000000000000000     
   6.0000000000000000       0.16664799226962540        0.0000000000000000       0.99880000000000002        1.1999999999999999E-003   0.0000000000000000        0.0000000000000000        0.0000000000000000     
   7.0000000000000000       0.15437136560262277        0.0000000000000000       0.99860000000000004        1.1999999999999999E-003   2.0000000000000001E-004   0.0000000000000000        0.0000000000000000     
   8.0000000000000000       0.14461596734992149        0.0000000000000000       0.99860000000000004        1.1999999999999999E-003   2.0000000000000001E-004   0.0000000000000000        0.0000000000000000     
   9.0000000000000000       0.13508908301897588        0.0000000000000000       0.99860000000000004        1.1999999999999999E-003   2.0000000000000001E-004   0.0000000000000000        0.0000000000000000     
   10.000000000000000       0.12748023771099287        0.0000000000000000       0.99860000000000004        1.1999999999999999E-003   2.0000000000000001E-004   0.0000000000000000        0.0000000000000000     
   11.000000000000000       0.12173690275347440        0.0000000000000000       0.99819999999999998        1.1999999999999999E-003   5.9999999999999995E-004   0.0000000000000000        0.0000000000000000     
   12.000000000000000       0.11698500349039721        0.0000000000000000       0.99760000000000004        1.8000000000000000E-003   5.9999999999999995E-004   0.0000000000000000        0.0000000000000000     
   13.000000000000000       0.11427628948243169        0.0000000000000000       0.99680000000000002        1.8000000000000000E-003   1.4000000000000000E-003   0.0000000000000000        0.0000000000000000     
   14.000000000000000       0.10683711363924114        0.0000000000000000       0.99680000000000002        1.8000000000000000E-003   1.4000000000000000E-003   0.0000000000000000        0.0000000000000000     
   15.000000000000000       0.10841822051129461        0.0000000000000000       0.99639999999999995        2.2000000000000001E-003   1.4000000000000000E-003   0.0000000000000000        0.0000000000000000     
   16.000000000000000       0.10866319881111337        0.0000000000000000       0.99639999999999995        2.2000000000000001E-003   1.4000000000000000E-003   0.0000000000000000        0.0000000000000000     
   17.000000000000000       0.10599770863381669        0.0000000000000000       0.99639999999999995        2.2000000000000001E-003   1.4000000000000000E-003   0.0000000000000000        0.0000000000000000     
   18.000000000000000       0.10427415443368229        0.0000000000000000       0.99639999999999995        2.2000000000000001E-003   1.4000000000000000E-003   0.0000000000000000        0.0000000000000000     
   19.000000000000000       0.10395731423908040        0.0000000000000000       0.99619999999999997        2.3999999999999998E-003   1.4000000000000000E-003   0.0000000000000000        0.0000000000000000     
   20.000000000000000       0.10397543869869631        0.0000000000000000       0.99619999999999997        2.3999999999999998E-003   1.4000000000000000E-003   0.0000000000000000        0.0000000000000000     
   21.000000000000000       0.10426951178645302        0.0000000000000000       0.99619999999999997        2.3999999999999998E-003   1.4000000000000000E-003   0.0000000000000000        0.0000000000000000     
   22.000000000000000       0.10574629473104917        0.0000000000000000       0.99600000000000000        2.3999999999999998E-003   1.6000000000000001E-003   0.0000000000000000        0.0000000000000000     
   23.000000000000000       0.10751415567602907        0.0000000000000000       0.99600000000000000        2.3999999999999998E-003   1.6000000000000001E-003   0.0000000000000000        0.0000000000000000     
   24.000000000000000       0.11027276687664013        0.0000000000000000       0.99580000000000002        2.3999999999999998E-003   1.8000000000000000E-003   0.0000000000000000        0.0000000000000000     
   25.000000000000000       0.11380122685529294        0.0000000000000000       0.99560000000000004        2.3999999999999998E-003   2.0000000000000000E-003   0.0000000000000000        0.0000000000000000     
   26.000000000000000       0.11713428838938710        0.0000000000000000       0.99560000000000004        2.3999999999999998E-003   2.0000000000000000E-003   0.0000000000000000        0.0000000000000000     
   27.000000000000000       0.12097506215407793        0.0000000000000000       0.99519999999999997        2.5999999999999999E-003   2.2000000000000001E-003   0.0000000000000000        0.0000000000000000     
   28.000000000000000       0.12467099630039413        0.0000000000000000       0.99519999999999997        2.5999999999999999E-003   2.2000000000000001E-003   0.0000000000000000        0.0000000000000000     
   29.000000000000000       0.12847603499602017        0.0000000000000000       0.99519999999999997        2.5999999999999999E-003   2.2000000000000001E-003   0.0000000000000000        0.0000000000000000     
   30.000000000000000       0.13197404711288924        0.0000000000000000       0.99539999999999995        2.3999999999999998E-003   2.2000000000000001E-003   0.0000000000000000        0.0000000000000000     
   31.000000000000000       0.13579975363204616        0.0000000000000000       0.99519999999999997        2.3999999999999998E-003   2.3999999999999998E-003   0.0000000000000000        0.0000000000000000     
   32.000000000000000       0.13947579653219469        0.0000000000000000       0.99099999999999999        6.4000000000000003E-003   2.5999999999999999E-003   0.0000000000000000        0.0000000000000000     
   33.000000000000000       0.14547286242185326        0.0000000000000000       0.98819999999999997        6.4000000000000003E-003   5.4000000000000003E-003   0.0000000000000000        0.0000000000000000     
   34.000000000000000       0.14795726565094200        0.0000000000000000       0.98099999999999998        1.3599999999999999E-002   5.4000000000000003E-003   0.0000000000000000        0.0000000000000000     
   35.000000000000000       0.14855731478531040        0.0000000000000000       0.98140000000000005        1.3200000000000000E-002   5.4000000000000003E-003   0.0000000000000000        0.0000000000000000     
   36.000000000000000       0.14872653099109912        0.0000000000000000       0.97899999999999998        1.5599999999999999E-002   5.4000000000000003E-003   0.0000000000000000        0.0000000000000000     
   37.000000000000000       0.14868157141049607        0.0000000000000000       0.97919999999999996        1.4999999999999999E-002   5.7999999999999996E-003   0.0000000000000000        0.0000000000000000     
   38.000000000000000       0.14773172666365758        0.0000000000000000       0.97919999999999996        1.4999999999999999E-002   5.7999999999999996E-003   0.0000000000000000        0.0000000000000000     
   39.000000000000000       0.14664562263347583        0.0000000000000000       0.97919999999999996        1.4999999999999999E-002   5.7999999999999996E-003   0.0000000000000000        0.0000000000000000     
   40.000000000000000       0.14618359242662121        0.0000000000000000       0.97919999999999996        1.4999999999999999E-002   5.7999999999999996E-003   0.0000000000000000        0.0000000000000000     
   41.000000000000000       0.14652059815972285        0.0000000000000000       0.97919999999999996        1.4999999999999999E-002   5.7999999999999996E-003   0.0000000000000000        0.0000000000000000     
   42.000000000000000       0.14863930027919672        0.0000000000000000       0.97840000000000005        1.5800000000000002E-002   5.7999999999999996E-003   0.0000000000000000        0.0000000000000000     
   43.000000000000000       0.15247801338557418        0.0000000000000000       0.97840000000000005        1.5800000000000002E-002   5.7999999999999996E-003   0.0000000000000000        0.0000000000000000     
   44.000000000000000       0.15875399869164100        0.0000000000000000       0.97799999999999998        1.6199999999999999E-002   5.7999999999999996E-003   0.0000000000000000        0.0000000000000000     
   45.000000000000000       0.16776323385341921        0.0000000000000000       0.97760000000000002        1.6600000000000000E-002   5.7999999999999996E-003   0.0000000000000000        0.0000000000000000     
   46.000000000000000       0.18007965888993319        0.0000000000000000       0.97760000000000002        1.6600000000000000E-002   5.7999999999999996E-003   0.0000000000000000        0.0000000000000000     
   47.000000000000000       0.19506436453472020        0.0000000000000000       0.97719999999999996        1.7000000000000001E-002   5.7999999999999996E-003   0.0000000000000000        0.0000000000000000     
   48.000000000000000       0.21301497780695047        0.0000000000000000       0.97680000000000000        1.7399999999999999E-002   5.7999999999999996E-003   0.0000000000000000        0.0000000000000000     
   49.000000000000000       0.23213968821630812        0.0000000000000000       0.97699999999999998        1.7200000000000000E-002   5.7999999999999996E-003   0.0000000000000000        0.0000000000000000     
   50.000000000000000       0.25256187910975847        0.0000000000000000       0.97699999999999998        1.7200000000000000E-002   5.7999999999999996E-003   0.0000000000000000        0.0000000000000000     
   51.000000000000000       0.27309101726353691        0.0000000000000000       0.97280000000000000        2.1399999999999999E-002   5.7999999999999996E-003   0.0000000000000000        0.0000000000000000     
   52.000000000000000       0.29260893345903488        0.0000000000000000       0.97180000000000000        2.2400000000000000E-002   5.7999999999999996E-003   0.0000000000000000        0.0000000000000000     
   53.000000000000000       0.31173863297370652        0.0000000000000000       0.97160000000000002        2.2400000000000000E-002   6.0000000000000001E-003   0.0000000000000000        0.0000000000000000     
   54.000000000000000       0.32944812537593454        0.0000000000000000       0.97160000000000002        2.2400000000000000E-002   6.0000000000000001E-003   0.0000000000000000        0.0000000000000000     
   55.000000000000000       0.34585881170964172        0.0000000000000000       0.97140000000000004        2.2599999999999999E-002   6.0000000000000001E-003   0.0000000000000000        0.0000000000000000     
   56.000000000000000       0.36119763232101876        0.0000000000000000       0.97140000000000004        2.2599999999999999E-002   6.0000000000000001E-003   0.0000000000000000        0.0000000000000000     
   57.000000000000000       0.37584846329335259        0.0000000000000000       0.97099999999999997        2.2599999999999999E-002   6.4000000000000003E-003   0.0000000000000000        0.0000000000000000     
   58.000000000000000       0.38909959605580929        0.0000000000000000       0.97099999999999997        2.2599999999999999E-002   6.4000000000000003E-003   0.0000000000000000        0.0000000000000000     
   59.000000000000000       0.40111206022154017        0.0000000000000000       0.97099999999999997        2.2599999999999999E-002   6.4000000000000003E-003   0.0000000000000000        0.0000000000000000     
   60.000000000000000       0.41254008542170967        0.0000000000000000       0.97099999999999997        2.2599999999999999E-002   6.4000000000000003E-003   0.0000000000000000        0.0000000000000000     
   61.000000000000000       0.42258447265515842        0.0000000000000000       0.97099999999999997        2.2599999999999999E-002   6.4000000000000003E-003   0.0000000000000000        0.0000000000000000     
   62.000000000000000       0.43127836423698701        0.0000000000000000       0.97099999999999997        2.2599999999999999E-002   6.4000000000000003E-003   0.0000000000000000        0.0000000000000000     
   63.000000000000000       0.43937090181692978        0.0000000000000000       0.97099999999999997        2.2599999999999999E-002   6.4000000000000003E-003   0.0000000000000000        0.0000000000000000     
   64.000000000000000       0.44598543888643927        0.0000000000000000       0.97099999999999997        2.2599999999999999E-002   6.4000000000000003E-003   0.0000000000000000        0.0000000000000000     
   65.000000000000000       0.45124097975037747        0.0000000000000000       0.97080000000000000        2.2800000000000001E-002   6.4000000000000003E-003   0.0000000000000000        0.0000000000000000     
   66.000000000000000       0.45554085645513076        0.0000000000000000       0.97080000000000000        2.2800000000000001E-002   6.4000000000000003E-003   0.0000000000000000        0.0000000000000000     
   67.000000000000000       0.45805758266482594        0.0000000000000000       0.97080000000000000        2.2800000000000001E-002   6.4000000000000003E-003   0.0000000000000000        0.0000000000000000     
   68.000000000000000       0.45930193446339390        0.0000000000000000       0.97080000000000000        2.2800000000000001E-002   6.4000000000000003E-003   0.0000000000000000        0.0000000000000000     
   69.000000000000000       0.45927521206239030        0.0000000000000000       0.97080000000000000        2.2800000000000001E-002   6.4000000000000003E-003   0.0000000000000000        0.0000000000000000     
   70.000000000000000       0.45770626558249783        0.0000000000000000       0.97080000000000000        2.2800000000000001E-002   6.4000000000000003E-003   0.0000000000000000        0.0000000000000000     
   71.000000000000000       0.45498290493681615        0.0000000000000000       0.97080000000000000        2.2800000000000001E-002   6.4000000000000003E-003   0.0000000000000000        0.0000000000000000     
   72.000000000000000       0.45085821978381202        0.0000000000000000       0.97080000000000000        2.2800000000000001E-002   6.4000000000000003E-003   0.0000000000000000        0.0000000000000000     
   73.000000000000000       0.44520258534136092        0.0000000000000000       0.96999999999999997        2.3599999999999999E-002   6.4000000000000003E-003   0.0000000000000000        0.0000000000000000     
   74.000000000000000       0.43896643186671080        0.0000000000000000       0.97040000000000004        2.3199999999999998E-002   3.8000000000000000E-003   0.0000000000000000        2.5999999999999999E-003
   75.000000000000000       0.43144281443408189        0.0000000000000000       0.97080000000000000        2.2800000000000001E-002   3.8000000000000000E-003   0.0000000000000000        2.5999999999999999E-003
   76.000000000000000       0.42305837775799815        0.0000000000000000       0.97019999999999995        2.3400000000000001E-002   3.8000000000000000E-003   0.0000000000000000        2.5999999999999999E-003
   77.000000000000000       0.41399147231898697        0.0000000000000000       0.96840000000000004        2.5200000000000000E-002   3.8000000000000000E-003   0.0000000000000000        2.5999999999999999E-003
   78.000000000000000       0.40499511470516009        0.0000000000000000       0.95720000000000005        3.6400000000000002E-002   3.8000000000000000E-003   0.0000000000000000        2.5999999999999999E-003
   79.000000000000000       0.39526643645729043        0.0000000000000000       0.95620000000000005        3.7400000000000003E-002   3.5999999999999999E-003   2.0000000000000001E-004   2.5999999999999999E-003
   80.000000000000000       0.38564789798054050        0.0000000000000000       0.95620000000000005        3.7400000000000003E-002   3.5999999999999999E-003   2.0000000000000001E-004   2.5999999999999999E-003
   81.000000000000000       0.37692594791209516        0.0000000000000000       0.95960000000000001        3.3799999999999997E-002   3.3999999999999998E-003   4.0000000000000002E-004   2.8000000000000000E-003
   82.000000000000000       0.36961470759727366        0.0000000000000000       0.95920000000000005        3.4200000000000001E-002   3.3999999999999998E-003   4.0000000000000002E-004   2.8000000000000000E-003
   83.000000000000000       0.36381278093202307        0.0000000000000000       0.95899999999999996        3.4400000000000000E-002   3.8000000000000000E-003   2.0000000000000001E-004   2.5999999999999999E-003
   84.000000000000000       0.35994487093509037        0.0000000000000000       0.93440000000000001        5.8999999999999997E-002   3.8000000000000000E-003   2.0000000000000001E-004   2.5999999999999999E-003
   85.000000000000000       0.35768649901720889        0.0000000000000000       0.86360000000000003       0.12980000000000000        3.8000000000000000E-003   2.0000000000000001E-004   2.5999999999999999E-003
   86.000000000000000       0.35103970832000542        0.0000000000000000       0.86299999999999999       0.13039999999999999        3.8000000000000000E-003   2.0000000000000001E-004   2.5999999999999999E-003
   87.000000000000000       0.34310193476685225        0.0000000000000000       0.86299999999999999       0.13039999999999999        3.8000000000000000E-003   2.0000000000000001E-004   2.5999999999999999E-003
   88.000000000000000       0.33456744170954339        0.0000000000000000       0.86439999999999995       0.12900000000000000        3.8000000000000000E-003   2.0000000000000001E-004   2.5999999999999999E-003
   89.000000000000000       0.32627500776685187        0.0000000000000000       0.86160000000000003       0.13180000000000000        3.8000000000000000E-003   2.0000000000000001E-004   2.5999999999999999E-003
   90.000000000000000       0.31750521564328793        0.0000000000000000       0.86160000000000003       0.13180000000000000        3.8000000000000000E-003   2.0000000000000001E-004   2.5999999999999999E-003
   91.000000000000000       0.30996487107181936        0.0000000000000000       0.85799999999999998       0.13539999999999999        3.8000000000000000E-003   2.0000000000000001E-004   2.5999999999999999E-003
   92.000000000000000       0.30301555033257643        0.0000000000000000       0.85599999999999998       0.13739999999999999        3.8000000000000000E-003   2.0000000000000001E-004   2.5999999999999999E-003
   93.000000000000000       0.29668304130696582        0.0000000000000000       0.85580000000000001       0.13760000000000000        3.8000000000000000E-003   2.0000000000000001E-004   2.5999999999999999E-003
   94.000000000000000       0.29175790407368302        0.0000000000000000       0.85499999999999998       0.13840000000000000        3.8000000000000000E-003   2.0000000000000001E-004   2.5999999999999999E-003
   95.000000000000000       0.28794002223927406        0.0000000000000000       0.85499999999999998       0.13840000000000000        3.8000000000000000E-003   2.0000000000000001E-004   2.5999999999999999E-003
   96.000000000000000       0.28590135038475784        0.0000000000000000       0.85499999999999998       0.13840000000000000        3.8000000000000000E-003   2.0000000000000001E-004   2.5999999999999999E-003
   97.000000000000000       0.28707868150503940        0.0000000000000000       0.85199999999999998       0.14140000000000000        3.8000000000000000E-003   2.0000000000000001E-004   2.5999999999999999E-003
   98.000000000000000       0.28921450356624812        0.0000000000000000       0.85060000000000002       0.14280000000000001        3.8000000000000000E-003   2.0000000000000001E-004   2.5999999999999999E-003
   99.000000000000000       0.29248908456320849        0.0000000000000000       0.85060000000000002       0.14280000000000001        3.8000000000000000E-003   2.0000000000000001E-004   2.5999999999999999E-003
   100.00000000000000       0.29888281087279500        0.0000000000000000       0.85060000000000002       0.14280000000000001        3.8000000000000000E-003   2.0000000000000001E-004   2.5999999999999999E-003
   101.00000000000000       0.30606527050151600        0.0000000000000000       0.85060000000000002       0.14280000000000001        3.8000000000000000E-003   2.0000000000000001E-004   2.5999999999999999E-003
   102.00000000000000       0.31544368780426907        0.0000000000000000       0.84919999999999995       0.14399999999999999        4.0000000000000001E-003   2.0000000000000001E-004   2.5999999999999999E-003
   103.00000000000000       0.32421298440189300        0.0000000000000000       0.84919999999999995       0.14399999999999999        4.0000000000000001E-003   2.0000000000000001E-004   2.5999999999999999E-003
   104.00000000000000       0.33319337284095518        0.0000000000000000       0.84919999999999995       0.14399999999999999        4.0000000000000001E-003   2.0000000000000001E-004   2.5999999999999999E-003
   105.00000000000000       0.34478425744405455        0.0000000000000000       0.83699999999999997       0.15620000000000001        4.0000000000000001E-003   2.0000000000000001E-004   2.5999999999999999E-003
   106.00000000000000       0.35319027607851472        0.0000000000000000       0.83699999999999997       0.15620000000000001        4.0000000000000001E-003   0.0000000000000000        2.8000000000000000E-003
   107.00000000000000       0.36155574392906348        0.0000000000000000       0.83699999999999997       0.15600000000000000        4.1999999999999997E-003   0.0000000000000000        2.8000000000000000E-003
   108.00000000000000       0.37102981462910728        0.0000000000000000       0.81779999999999997       0.17519999999999999        4.1999999999999997E-003   0.0000000000000000        2.8000000000000000E-003
   109.00000000000000       0.37672216793976415        0.0000000000000000       0.82040000000000002       0.17260000000000000        4.1999999999999997E-003   0.0000000000000000        2.8000000000000000E-003
   110.00000000000000       0.38077007494719489        0.0000000000000000       0.82240000000000002       0.17060000000000000        4.1999999999999997E-003   0.0000000000000000        2.8000000000000000E-003
   111.00000000000000       0.38462879307968745        0.0000000000000000       0.81820000000000004       0.17460000000000001        4.4000000000000003E-003   0.0000000000000000        2.8000000000000000E-003
   112.00000000000000       0.38371436100744416        0.0000000000000000       0.77900000000000003       0.21379999999999999        4.4000000000000003E-003   0.0000000000000000        2.8000000000000000E-003
   113.00000000000000       0.38281593587085438        0.0000000000000000       0.73799999999999999       0.25459999999999999        4.7999999999999996E-003   2.0000000000000001E-004   2.3999999999999998E-003
   114.00000000000000       0.38402392466732244        0.0000000000000000       0.72899999999999998       0.26340000000000002        4.7999999999999996E-003   4.0000000000000002E-004   2.3999999999999998E-003
   115.00000000000000       0.37416307099656909        0.0000000000000000       0.72299999999999998       0.26939999999999997        4.7999999999999996E-003   4.0000000000000002E-004   2.3999999999999998E-003
   116.00000000000000       0.38433584312045221        0.0000000000000000       0.69259999999999999       0.29980000000000001        4.7999999999999996E-003   4.0000000000000002E-004   2.3999999999999998E-003
   117.00000000000000       0.45095845766710363        8.0000000000000004E-004  0.47399999999999998       0.51000000000000001        1.6000000000000001E-003   3.5999999999999999E-003   1.0000000000000000E-002
   118.00000000000000       0.93267260112997030        8.0000000000000004E-004  0.47399999999999998       0.49259999999999998        1.9000000000000000E-002   3.5999999999999999E-003   1.0000000000000000E-002
   119.00000000000000        1.3511262022666857        1.4000000000000000E-003   0.0000000000000000       0.85919999999999996       0.12580000000000000        3.3999999999999998E-003   1.0200000000000001E-002
   120.00000000000000       0.72427894425393546        1.4000000000000000E-003   0.0000000000000000       0.85919999999999996        9.0600000000000000E-002   2.2599999999999999E-002   2.6200000000000001E-002
   121.00000000000000       0.83856721964336178        1.4000000000000000E-003   0.0000000000000000       0.85819999999999996        9.0800000000000006E-002   2.2599999999999999E-002   2.7000000000000000E-002
   122.00000000000000       0.34458546550647084        1.4000000000000000E-003   4.0000000000000002E-004  0.85119999999999996        9.7199999999999995E-002   2.4000000000000000E-002   2.5800000000000000E-002
   123.00000000000000       0.84698022309893362        1.4000000000000000E-003   4.0000000000000002E-004  0.84499999999999997       0.10340000000000001        2.4000000000000000E-002   2.5800000000000000E-002
   124.00000000000000       0.91751217042041677        1.4000000000000000E-003   4.0000000000000002E-004  0.79620000000000002       0.15220000000000000        3.0200000000000001E-002   1.9599999999999999E-002
   125.00000000000000        1.4605775936519130        1.4000000000000000E-003   4.0000000000000002E-004  0.77920000000000000       0.15459999999999999        2.7799999999999998E-002   3.6600000000000001E-002
   126.00000000000000        1.4900676565323197        1.4000000000000000E-003   4.0000000000000002E-004  0.69899999999999995       0.16039999999999999        2.1999999999999999E-002  0.11680000000000000     
   127.00000000000000        1.5179054561617038        1.4000000000000000E-003   4.0000000000000002E-004  0.66559999999999997       0.12020000000000000        4.8000000000000001E-002  0.16439999999999999     
   128.00000000000000        1.5312019792448412        1.4000000000000000E-003   4.0000000000000002E-004  0.60799999999999998       0.17780000000000001        5.0000000000000003E-002  0.16239999999999999     
   129.00000000000000        1.5501507731989721        1.4000000000000000E-003   4.0000000000000002E-004  0.60480000000000000       0.18099999999999999        5.0000000000000003E-002  0.16239999999999999     
   130.00000000000000        1.6479889135318020        1.4000000000000000E-003   4.0000000000000002E-004  0.25900000000000001       0.52680000000000005        5.0400000000000000E-002  0.16200000000000001     
   131.00000000000000        1.6282007780366348        1.4000000000000000E-003   4.0000000000000002E-004   0.0000000000000000       0.78580000000000005        4.5999999999999999E-002  0.16639999999999999     
   132.00000000000000        1.6862103984949597        1.4000000000000000E-003   4.0000000000000002E-004   0.0000000000000000       0.78580000000000005        4.5600000000000002E-002  0.16680000000000000     
   133.00000000000000        1.6694732076794017        1.1999999999999999E-003   4.0000000000000002E-004   0.0000000000000000       0.78600000000000003        4.5600000000000002E-002  0.16680000000000000     
   134.00000000000000        1.6613175763866059        1.1999999999999999E-003   4.0000000000000002E-004   0.0000000000000000       0.78600000000000003        4.5600000000000002E-002  0.16680000000000000     
   135.00000000000000        1.6493920232534012        1.0000000000000000E-003   4.0000000000000002E-004   2.0000000000000001E-004  0.78600000000000003        4.5400000000000003E-002  0.16700000000000001     
   136.00000000000000        1.6729563582623592        1.0000000000000000E-003   4.0000000000000002E-004   2.0000000000000001E-004  0.78600000000000003        4.5400000000000003E-002  0.16700000000000001     
   137.00000000000000        1.6725750815284175        1.0000000000000000E-003   4.0000000000000002E-004   2.0000000000000001E-004  0.78600000000000003        4.4999999999999998E-002  0.16739999999999999     
   138.00000000000000        1.6028747788521609        1.0000000000000000E-003   4.0000000000000002E-004   0.0000000000000000       0.78620000000000001        4.4200000000000003E-002  0.16819999999999999     
   139.00000000000000        1.5987131942241308        1.0000000000000000E-003   4.0000000000000002E-004   0.0000000000000000       0.78620000000000001        4.4400000000000002E-002  0.16800000000000001     
   140.00000000000000        1.5667089714482660        1.0000000000000000E-003   2.0000000000000001E-004   2.0000000000000001E-004  0.78620000000000001        4.2799999999999998E-002  0.16960000000000000     
   141.00000000000000        1.5725666772578719        1.0000000000000000E-003   2.0000000000000001E-004   0.0000000000000000       0.75119999999999998        7.6200000000000004E-002  0.17140000000000000     
   142.00000000000000        1.8907345119453867        1.0000000000000000E-003   2.0000000000000001E-004   0.0000000000000000       0.50200000000000000       0.32540000000000002       0.17140000000000000     
   143.00000000000000        1.6431668772317229        1.0000000000000000E-003   2.0000000000000001E-004   0.0000000000000000       0.50200000000000000       0.32540000000000002       0.17140000000000000     
   144.00000000000000        1.6273411136064229        1.0000000000000000E-003   2.0000000000000001E-004   0.0000000000000000       0.50200000000000000       0.32460000000000000       0.17219999999999999     
   145.00000000000000        1.6015587887300833        1.0000000000000000E-003   0.0000000000000000        0.0000000000000000       0.50219999999999998       0.32460000000000000       0.17219999999999999     
   146.00000000000000        1.5988747598330031        1.0000000000000000E-003   0.0000000000000000        0.0000000000000000       0.50219999999999998       0.32460000000000000       0.17219999999999999     
   147.00000000000000        1.5865105911890054        1.0000000000000000E-003   0.0000000000000000        0.0000000000000000       0.50219999999999998       0.32460000000000000       0.17219999999999999     
   148.00000000000000        1.5762427299119253        8.0000000000000004E-004   2.0000000000000001E-004   0.0000000000000000       0.50219999999999998       0.32460000000000000       0.17219999999999999     
   149.00000000000000        1.5505998642197070        8.0000000000000004E-004   2.0000000000000001E-004   0.0000000000000000       0.50219999999999998       0.32479999999999998       0.17199999999999999     
   150.00000000000000        1.5449451850956570        8.0000000000000004E-004   2.0000000000000001E-004   0.0000000000000000       0.50219999999999998       0.32400000000000001       0.17280000000000001     
   151.00000000000000        1.5417354490403150        8.0000000000000004E-004   2.0000000000000001E-004   0.0000000000000000       0.50219999999999998       0.32400000000000001       0.17280000000000001     
   152.00000000000000        1.5412503101939787        8.0000000000000004E-004   2.0000000000000001E-004   0.0000000000000000       0.50219999999999998       0.32400000000000001       0.17280000000000001     
   153.00000000000000        1.5429338178682175        8.0000000000000004E-004   2.0000000000000001E-004   0.0000000000000000       0.50219999999999998       0.32279999999999998       0.17399999999999999     
   154.00000000000000        1.5471810991922881        8.0000000000000004E-004   2.0000000000000001E-004   0.0000000000000000       0.50219999999999998       0.31080000000000002       0.18600000000000000     
   155.00000000000000        1.5533297047670276        8.0000000000000004E-004   2.0000000000000001E-004   0.0000000000000000       0.50219999999999998       0.39660000000000001       0.10020000000000000     
   156.00000000000000        1.5610302520005941        8.0000000000000004E-004   2.0000000000000001E-004   0.0000000000000000       0.50219999999999998       0.39460000000000001       0.10220000000000000     
   157.00000000000000        1.5702508018738821        8.0000000000000004E-004   2.0000000000000001E-004   0.0000000000000000       0.50219999999999998       0.39679999999999999       0.10000000000000001     
   158.00000000000000        1.5805303000109836        8.0000000000000004E-004   2.0000000000000001E-004   0.0000000000000000       0.50219999999999998       0.39700000000000002        9.9800000000000000E-002
   159.00000000000000        1.5911374482275362        8.0000000000000004E-004   2.0000000000000001E-004   0.0000000000000000       0.50219999999999998       0.39700000000000002        9.9800000000000000E-002
   160.00000000000000        1.6020870592204464        8.0000000000000004E-004   2.0000000000000001E-004   0.0000000000000000       0.50219999999999998       0.39639999999999997       0.10040000000000000     
   161.00000000000000        1.6135926752856433        8.0000000000000004E-004   2.0000000000000001E-004   0.0000000000000000       0.50219999999999998       0.39660000000000001       0.10020000000000000     
   162.00000000000000        1.6238427631526116        8.0000000000000004E-004   0.0000000000000000        0.0000000000000000       0.50239999999999996       0.39660000000000001       0.10020000000000000     
   163.00000000000000        1.6335716825557700        8.0000000000000004E-004   0.0000000000000000        0.0000000000000000       0.50239999999999996       0.39660000000000001       0.10020000000000000     
   164.00000000000000        1.6422704270284068        8.0000000000000004E-004   0.0000000000000000        0.0000000000000000       0.50239999999999996       0.39660000000000001       0.10020000000000000     
   165.00000000000000        1.6498597140433293        8.0000000000000004E-004   0.0000000000000000        0.0000000000000000       0.50239999999999996       0.39679999999999999       0.10000000000000001     
   166.00000000000000        1.6557406804232968        8.0000000000000004E-004   0.0000000000000000        0.0000000000000000       0.50239999999999996       0.39679999999999999       0.10000000000000001     
   167.00000000000000        1.6601878550079359        8.0000000000000004E-004   0.0000000000000000        0.0000000000000000       0.50239999999999996       0.39679999999999999       0.10000000000000001     
   168.00000000000000        1.6633303736634404        8.0000000000000004E-004   0.0000000000000000        0.0000000000000000       0.50239999999999996       0.39579999999999999       0.10100000000000001     
   169.00000000000000        1.6644005521775702        8.0000000000000004E-004   0.0000000000000000        0.0000000000000000       0.50239999999999996       0.39579999999999999       0.10100000000000001     
   170.00000000000000        1.6642163895497926        8.0000000000000004E-004   0.0000000000000000        0.0000000000000000       0.50239999999999996       0.39579999999999999       0.10100000000000001     
   171.00000000000000        1.6618758755998810        8.0000000000000004E-004   0.0000000000000000        0.0000000000000000       0.50239999999999996       0.39560000000000001       0.10120000000000000     
   172.00000000000000        1.6569350142232924        8.0000000000000004E-004   0.0000000000000000        0.0000000000000000       0.50239999999999996       0.39539999999999997       0.10140000000000000     
   173.00000000000000        1.6530921526731615        8.0000000000000004E-004   0.0000000000000000        0.0000000000000000       0.50239999999999996       0.39600000000000002       0.10080000000000000     
   174.00000000000000        1.6464168319766608        8.0000000000000004E-004   0.0000000000000000        0.0000000000000000       0.50239999999999996       0.39539999999999997       0.10140000000000000     
   175.00000000000000        1.6385928731000419        8.0000000000000004E-004   0.0000000000000000        0.0000000000000000       0.50239999999999996       0.39539999999999997       0.10140000000000000     
   176.00000000000000        1.6307677980408521        8.0000000000000004E-004   0.0000000000000000        0.0000000000000000       0.50239999999999996       0.39500000000000002       0.10180000000000000     
   177.00000000000000        1.6218842276085963        8.0000000000000004E-004   0.0000000000000000        0.0000000000000000       0.50239999999999996       0.39460000000000001       0.10220000000000000     
   178.00000000000000        1.6126719124768034        8.0000000000000004E-004   0.0000000000000000        0.0000000000000000       0.50239999999999996       0.39939999999999998        9.7400000000000000E-002
   179.00000000000000        1.6035842964627554        8.0000000000000004E-004   0.0000000000000000        0.0000000000000000       0.50239999999999996       0.40339999999999998        9.3399999999999997E-002
   180.00000000000000        1.5954639569368740        8.0000000000000004E-004   0.0000000000000000        0.0000000000000000       0.50239999999999996       0.39879999999999999        9.8000000000000004E-002
   181.00000000000000        1.5869418349762807        8.0000000000000004E-004   0.0000000000000000        0.0000000000000000       0.50239999999999996       0.40060000000000001        9.6199999999999994E-002
   182.00000000000000        1.5796019923064777        8.0000000000000004E-004   0.0000000000000000        0.0000000000000000       0.50239999999999996       0.39779999999999999        9.9000000000000005E-002
   183.00000000000000        1.5732228925899052        8.0000000000000004E-004   0.0000000000000000        0.0000000000000000       0.50239999999999996       0.40000000000000002        9.6799999999999997E-002
   184.00000000000000        1.5680354320104430        8.0000000000000004E-004   0.0000000000000000        0.0000000000000000       0.50239999999999996       0.40079999999999999        9.6000000000000002E-002
   185.00000000000000        1.5638403787659509        8.0000000000000004E-004   0.0000000000000000        0.0000000000000000       0.50239999999999996       0.40079999999999999        9.6000000000000002E-002
   186.00000000000000        1.5602976312416534        8.0000000000000004E-004   0.0000000000000000        0.0000000000000000       0.50239999999999996       0.40600000000000003        9.0800000000000006E-002
   187.00000000000000        1.5583599465582356        8.0000000000000004E-004   0.0000000000000000        0.0000000000000000       0.50239999999999996       0.40780000000000000        8.8999999999999996E-002
   188.00000000000000        1.5568703904697707        8.0000000000000004E-004   0.0000000000000000        0.0000000000000000       0.50239999999999996       0.40739999999999998        8.9399999999999993E-002
   189.00000000000000        1.5554080258251306        8.0000000000000004E-004   0.0000000000000000        0.0000000000000000       0.50239999999999996       0.40520000000000000        9.1600000000000001E-002
