#        BMIN =   406
#        BMAX =   411
#     INIBAND =   409
#      NBANDS =   540
#         NSW =  2000
#       POTIM =   1.0
#        TEMP = 300.0
#    NAMDTINI =   973
#    NAMDTIME =  1000
#       NTRAJ =  5000
#        NELM =  1000
#       LHOLE =     T
#        LSHP =     T
#      LCPTXT =     T
#      RUNDIR = ../../run/
   1.0000000000000000        1.5105028212605380        0.0000000000000000        0.0000000000000000        0.0000000000000000        1.0000000000000000        0.0000000000000000        0.0000000000000000     
   2.0000000000000000        1.4911082928534445        0.0000000000000000        0.0000000000000000        0.0000000000000000        1.0000000000000000        0.0000000000000000        0.0000000000000000     
   3.0000000000000000        1.4716523016139860        0.0000000000000000        0.0000000000000000        0.0000000000000000        1.0000000000000000        0.0000000000000000        0.0000000000000000     
   4.0000000000000000        1.4529752622207275        0.0000000000000000        0.0000000000000000        0.0000000000000000        1.0000000000000000        0.0000000000000000        0.0000000000000000     
   5.0000000000000000        1.4361186094571874        0.0000000000000000        0.0000000000000000        0.0000000000000000        1.0000000000000000        0.0000000000000000        0.0000000000000000     
   6.0000000000000000        1.4206089186628217        0.0000000000000000        0.0000000000000000        0.0000000000000000        1.0000000000000000        0.0000000000000000        0.0000000000000000     
   7.0000000000000000        1.4052614168056474        0.0000000000000000        0.0000000000000000        0.0000000000000000        1.0000000000000000        0.0000000000000000        0.0000000000000000     
   8.0000000000000000        1.3941116986222113        0.0000000000000000        0.0000000000000000        0.0000000000000000        1.0000000000000000        0.0000000000000000        0.0000000000000000     
   9.0000000000000000        1.3821522488980225        0.0000000000000000        0.0000000000000000        0.0000000000000000        1.0000000000000000        0.0000000000000000        0.0000000000000000     
   10.000000000000000        1.3714718774388461        0.0000000000000000        0.0000000000000000        0.0000000000000000        1.0000000000000000        0.0000000000000000        0.0000000000000000     
   11.000000000000000        1.3629904004018689        0.0000000000000000        0.0000000000000000        0.0000000000000000        1.0000000000000000        0.0000000000000000        0.0000000000000000     
   12.000000000000000        1.3553175625997342        0.0000000000000000        0.0000000000000000        0.0000000000000000        1.0000000000000000        0.0000000000000000        0.0000000000000000     
   13.000000000000000        1.3511198438152285        0.0000000000000000        0.0000000000000000        0.0000000000000000        1.0000000000000000        0.0000000000000000        0.0000000000000000     
   14.000000000000000        1.3453253390564957        0.0000000000000000        0.0000000000000000        0.0000000000000000        1.0000000000000000        0.0000000000000000        0.0000000000000000     
   15.000000000000000        1.3421361153297087        0.0000000000000000        0.0000000000000000        0.0000000000000000        1.0000000000000000        0.0000000000000000        0.0000000000000000     
   16.000000000000000        1.3398405801246194        0.0000000000000000        0.0000000000000000        0.0000000000000000        1.0000000000000000        0.0000000000000000        0.0000000000000000     
   17.000000000000000        1.3369771467417264        0.0000000000000000        0.0000000000000000        0.0000000000000000        1.0000000000000000        0.0000000000000000        0.0000000000000000     
   18.000000000000000        1.3370175210966875        0.0000000000000000        0.0000000000000000        0.0000000000000000        1.0000000000000000        0.0000000000000000        0.0000000000000000     
   19.000000000000000        1.3371044153469711        0.0000000000000000        0.0000000000000000        0.0000000000000000        1.0000000000000000        0.0000000000000000        0.0000000000000000     
   20.000000000000000        1.3382991214065645        0.0000000000000000        0.0000000000000000        0.0000000000000000        1.0000000000000000        0.0000000000000000        0.0000000000000000     
   21.000000000000000        1.3407239851500174        0.0000000000000000        0.0000000000000000        0.0000000000000000        1.0000000000000000        0.0000000000000000        0.0000000000000000     
   22.000000000000000        1.3448245960156293        0.0000000000000000        0.0000000000000000        0.0000000000000000        1.0000000000000000        0.0000000000000000        0.0000000000000000     
   23.000000000000000        1.3473513087042277        0.0000000000000000        0.0000000000000000        0.0000000000000000        1.0000000000000000        0.0000000000000000        0.0000000000000000     
   24.000000000000000        1.3585719660538005        0.0000000000000000        0.0000000000000000        0.0000000000000000        1.0000000000000000        0.0000000000000000        0.0000000000000000     
   25.000000000000000        1.3567696420332704        0.0000000000000000        0.0000000000000000        0.0000000000000000        1.0000000000000000        0.0000000000000000        0.0000000000000000     
   26.000000000000000        1.3741132711122948        0.0000000000000000        0.0000000000000000        0.0000000000000000       0.59360000000000002       0.21220000000000000       0.19420000000000001     
   27.000000000000000        1.3873899607913831        0.0000000000000000        0.0000000000000000        0.0000000000000000       0.70379999999999998        0.0000000000000000       0.29620000000000002     
   28.000000000000000        1.3878879173704461        0.0000000000000000        0.0000000000000000        0.0000000000000000       0.73680000000000001        8.3599999999999994E-002  0.17960000000000001     
   29.000000000000000        1.2641073824779676        0.0000000000000000        0.0000000000000000        0.0000000000000000       0.51619999999999999       0.28799999999999998       0.19580000000000000     
   30.000000000000000        1.4151860525296280        0.0000000000000000        0.0000000000000000        0.0000000000000000       0.51619999999999999       0.27960000000000002       0.20419999999999999     
   31.000000000000000        1.4251902481149759        0.0000000000000000        0.0000000000000000        0.0000000000000000       0.51619999999999999       0.27039999999999997       0.21340000000000001     
   32.000000000000000        1.4380691073286638        0.0000000000000000        0.0000000000000000        0.0000000000000000       0.51619999999999999       0.27660000000000001       0.20720000000000000     
   33.000000000000000        1.4514940393242985        0.0000000000000000        0.0000000000000000        0.0000000000000000       0.51619999999999999       0.27620000000000000       0.20760000000000001     
   34.000000000000000        1.4651643083473942        0.0000000000000000        0.0000000000000000        0.0000000000000000       0.51619999999999999       0.27960000000000002       0.20419999999999999     
   35.000000000000000        1.4788232370235854        0.0000000000000000        0.0000000000000000        0.0000000000000000       0.51619999999999999       0.27979999999999999       0.20399999999999999     
   36.000000000000000        1.4922294343285647        0.0000000000000000        0.0000000000000000        0.0000000000000000       0.51619999999999999       0.27420000000000000       0.20960000000000001     
   37.000000000000000        1.5047279283804911        0.0000000000000000        0.0000000000000000        0.0000000000000000       0.51619999999999999       0.28120000000000001       0.20260000000000000     
   38.000000000000000        1.5164057300149403        0.0000000000000000        0.0000000000000000        0.0000000000000000       0.51619999999999999       0.29339999999999999       0.19040000000000001     
   39.000000000000000        1.5270572745461259        0.0000000000000000        0.0000000000000000        0.0000000000000000       0.51619999999999999       0.29780000000000001       0.18600000000000000     
   40.000000000000000        1.5365286122747828        0.0000000000000000        0.0000000000000000        0.0000000000000000       0.51619999999999999       0.30159999999999998       0.18220000000000000     
   41.000000000000000        1.5452473617779461        0.0000000000000000        0.0000000000000000        0.0000000000000000       0.51619999999999999       0.30220000000000002       0.18160000000000001     
   42.000000000000000        1.5528117582791436        0.0000000000000000        0.0000000000000000        0.0000000000000000       0.51619999999999999       0.29959999999999998       0.18420000000000000     
   43.000000000000000        1.5589705748250635        0.0000000000000000        0.0000000000000000        0.0000000000000000       0.51619999999999999       0.29959999999999998       0.18420000000000000     
   44.000000000000000        1.5642655210697045        0.0000000000000000        0.0000000000000000        0.0000000000000000       0.51619999999999999       0.29699999999999999       0.18679999999999999     
   45.000000000000000        1.5684072534924889        0.0000000000000000        0.0000000000000000        0.0000000000000000       0.51619999999999999       0.29840000000000000       0.18540000000000001     
   46.000000000000000        1.5715431677441352        0.0000000000000000        0.0000000000000000        0.0000000000000000       0.51619999999999999       0.29899999999999999       0.18479999999999999     
   47.000000000000000        1.5735938277180741        0.0000000000000000        0.0000000000000000        0.0000000000000000       0.51619999999999999       0.29840000000000000       0.18540000000000001     
   48.000000000000000        1.5750837929297736        0.0000000000000000        0.0000000000000000        0.0000000000000000       0.51619999999999999       0.29820000000000002       0.18559999999999999     
   49.000000000000000        1.5757643806607100        0.0000000000000000        0.0000000000000000        0.0000000000000000       0.51619999999999999       0.29940000000000000       0.18440000000000001     
   50.000000000000000        1.5760454474998489        0.0000000000000000        0.0000000000000000        0.0000000000000000       0.51619999999999999       0.29899999999999999       0.18479999999999999     
   51.000000000000000        1.5759236057241539        0.0000000000000000        0.0000000000000000        0.0000000000000000       0.51619999999999999       0.29759999999999998       0.18620000000000000     
   52.000000000000000        1.5756287587166828        0.0000000000000000        0.0000000000000000        0.0000000000000000       0.51619999999999999       0.29820000000000002       0.18559999999999999     
   53.000000000000000        1.5752796111111991        0.0000000000000000        0.0000000000000000        0.0000000000000000       0.51619999999999999       0.29699999999999999       0.18679999999999999     
   54.000000000000000        1.5749062868606152        0.0000000000000000        0.0000000000000000        0.0000000000000000       0.51619999999999999       0.29720000000000002       0.18659999999999999     
   55.000000000000000        1.5747637586156555        0.0000000000000000        0.0000000000000000        0.0000000000000000       0.51619999999999999       0.29999999999999999       0.18379999999999999     
   56.000000000000000        1.5748861374629675        0.0000000000000000        0.0000000000000000        0.0000000000000000       0.51619999999999999       0.29999999999999999       0.18379999999999999     
   57.000000000000000        1.5755887835268039        0.0000000000000000        0.0000000000000000        0.0000000000000000       0.51619999999999999       0.30080000000000001       0.18300000000000000     
   58.000000000000000        1.5765412815748761        0.0000000000000000        0.0000000000000000        0.0000000000000000       0.51619999999999999       0.30059999999999998       0.18320000000000000     
   59.000000000000000        1.5779093215520710        0.0000000000000000        0.0000000000000000        0.0000000000000000       0.51619999999999999       0.30140000000000000       0.18240000000000001     
   60.000000000000000        1.5795434592348241        0.0000000000000000        0.0000000000000000        0.0000000000000000       0.51619999999999999       0.30240000000000000       0.18140000000000001     
   61.000000000000000        1.5813377287498172        0.0000000000000000        0.0000000000000000        0.0000000000000000       0.51619999999999999       0.30259999999999998       0.18120000000000000     
   62.000000000000000        1.5830755537238286        0.0000000000000000        0.0000000000000000        0.0000000000000000       0.51619999999999999       0.30220000000000002       0.18160000000000001     
   63.000000000000000        1.5845923558780042        0.0000000000000000        0.0000000000000000        0.0000000000000000       0.51619999999999999       0.30380000000000001       0.17999999999999999     
   64.000000000000000        1.5858249539140719        0.0000000000000000        0.0000000000000000        0.0000000000000000       0.51619999999999999       0.30380000000000001       0.17999999999999999     
   65.000000000000000        1.5862639078686676        0.0000000000000000        0.0000000000000000        0.0000000000000000       0.51619999999999999       0.30380000000000001       0.17999999999999999     
   66.000000000000000        1.5859561848448658        0.0000000000000000        0.0000000000000000        0.0000000000000000       0.51619999999999999       0.30380000000000001       0.17999999999999999     
   67.000000000000000        1.5840622495165455        0.0000000000000000        0.0000000000000000        0.0000000000000000       0.51619999999999999       0.30380000000000001       0.17999999999999999     
   68.000000000000000        1.5812612771730628        0.0000000000000000        0.0000000000000000        0.0000000000000000       0.51619999999999999       0.30420000000000003       0.17960000000000001     
   69.000000000000000        1.5767159861317199        0.0000000000000000        0.0000000000000000        0.0000000000000000       0.51619999999999999       0.30220000000000002       0.18160000000000001     
   70.000000000000000        1.5698643165414130        0.0000000000000000        0.0000000000000000        0.0000000000000000       0.51619999999999999       0.30299999999999999       0.18079999999999999     
   71.000000000000000        1.5620007606335691        0.0000000000000000        0.0000000000000000        0.0000000000000000       0.51619999999999999       0.30700000000000000       0.17680000000000001     
   72.000000000000000        1.5526102786762004        0.0000000000000000        0.0000000000000000        0.0000000000000000       0.51619999999999999       0.30940000000000001       0.17440000000000000     
   73.000000000000000        1.5412505634984077        0.0000000000000000        0.0000000000000000        0.0000000000000000       0.51619999999999999       0.30800000000000000       0.17580000000000001     
   74.000000000000000        1.5284219799655470        0.0000000000000000        0.0000000000000000        0.0000000000000000       0.51619999999999999       0.31200000000000000       0.17180000000000001     
   75.000000000000000        1.5144037481318564        0.0000000000000000        0.0000000000000000        0.0000000000000000       0.51619999999999999       0.31280000000000002       0.17100000000000001     
   76.000000000000000        1.4996402380283160        0.0000000000000000        0.0000000000000000        0.0000000000000000       0.51619999999999999       0.31319999999999998       0.17060000000000000     
   77.000000000000000        1.4845272360050514        0.0000000000000000        0.0000000000000000        0.0000000000000000       0.51619999999999999       0.31540000000000001       0.16839999999999999     
   78.000000000000000        1.4687712208599857        0.0000000000000000        0.0000000000000000        0.0000000000000000       0.51619999999999999       0.31680000000000003       0.16700000000000001     
   79.000000000000000        1.4534777591035755        0.0000000000000000        0.0000000000000000        0.0000000000000000       0.51619999999999999       0.31680000000000003       0.16700000000000001     
   80.000000000000000        1.4389281696912928        0.0000000000000000        0.0000000000000000        0.0000000000000000       0.51619999999999999       0.31619999999999998       0.16760000000000000     
   81.000000000000000        1.4258014444343525        0.0000000000000000        0.0000000000000000        0.0000000000000000       0.51619999999999999       0.31619999999999998       0.16760000000000000     
   82.000000000000000        1.4134785858073788        0.0000000000000000        0.0000000000000000        0.0000000000000000       0.51619999999999999       0.31719999999999998       0.16660000000000000     
   83.000000000000000        1.4031726518472645        0.0000000000000000        0.0000000000000000        0.0000000000000000       0.51619999999999999       0.31759999999999999       0.16619999999999999     
   84.000000000000000        1.3950201553444124        0.0000000000000000        0.0000000000000000        0.0000000000000000       0.51619999999999999       0.31740000000000002       0.16639999999999999     
   85.000000000000000        1.3891603800627366        0.0000000000000000        0.0000000000000000        0.0000000000000000       0.51619999999999999       0.31740000000000002       0.16639999999999999     
   86.000000000000000        1.3858707400618533        0.0000000000000000        0.0000000000000000        0.0000000000000000       0.51619999999999999       0.31740000000000002       0.16639999999999999     
   87.000000000000000        1.3854239054819535        0.0000000000000000        0.0000000000000000        0.0000000000000000       0.51600000000000001       0.31680000000000003       0.16719999999999999     
   88.000000000000000        1.3878662537647055        0.0000000000000000        0.0000000000000000        0.0000000000000000       0.51600000000000001       0.31640000000000001       0.16760000000000000     
   89.000000000000000        1.3929348400051424        0.0000000000000000        0.0000000000000000        0.0000000000000000       0.51600000000000001       0.31659999999999999       0.16739999999999999     
   90.000000000000000        1.4009163685570494        0.0000000000000000        0.0000000000000000        0.0000000000000000       0.51600000000000001       0.31659999999999999       0.16739999999999999     
   91.000000000000000        1.4118305592669009        0.0000000000000000        0.0000000000000000        0.0000000000000000       0.51600000000000001       0.31659999999999999       0.16739999999999999     
   92.000000000000000        1.4250835794397849        0.0000000000000000        0.0000000000000000        0.0000000000000000       0.51600000000000001       0.31659999999999999       0.16739999999999999     
   93.000000000000000        1.4407173792550292        0.0000000000000000        0.0000000000000000        0.0000000000000000       0.51600000000000001       0.31659999999999999       0.16739999999999999     
   94.000000000000000        1.4583236285647321        0.0000000000000000        0.0000000000000000        0.0000000000000000       0.51600000000000001       0.31700000000000000       0.16700000000000001     
   95.000000000000000        1.4771466690738562        0.0000000000000000        0.0000000000000000        0.0000000000000000       0.51600000000000001       0.31700000000000000       0.16700000000000001     
   96.000000000000000        1.4969750599946479        0.0000000000000000        0.0000000000000000        0.0000000000000000       0.51600000000000001       0.31700000000000000       0.16700000000000001     
   97.000000000000000        1.5169695934694019        0.0000000000000000        0.0000000000000000        0.0000000000000000       0.51600000000000001       0.31700000000000000       0.16700000000000001     
   98.000000000000000        1.5366780686449828        0.0000000000000000        0.0000000000000000        0.0000000000000000       0.51600000000000001       0.31700000000000000       0.16700000000000001     
   99.000000000000000        1.5553313348974027        0.0000000000000000        0.0000000000000000        0.0000000000000000       0.51600000000000001       0.31700000000000000       0.16700000000000001     
   100.00000000000000        1.5724831265248294        0.0000000000000000        0.0000000000000000        0.0000000000000000       0.51600000000000001       0.31800000000000000       0.16600000000000001     
   101.00000000000000        1.5875538224090719        0.0000000000000000        0.0000000000000000        0.0000000000000000       0.51600000000000001       0.31979999999999997       0.16420000000000001     
   102.00000000000000        1.6002120539980336        0.0000000000000000        0.0000000000000000        0.0000000000000000       0.51600000000000001       0.31819999999999998       0.16580000000000000     
   103.00000000000000        1.6104843194574381        0.0000000000000000        0.0000000000000000        0.0000000000000000       0.51600000000000001       0.33139999999999997       0.15260000000000001     
   104.00000000000000        1.6190878783202531        0.0000000000000000        0.0000000000000000        0.0000000000000000       0.51600000000000001       0.30900000000000000       0.17499999999999999     
   105.00000000000000        1.6238095319601791        0.0000000000000000        0.0000000000000000        0.0000000000000000       0.51600000000000001       0.32760000000000000       0.15640000000000001     
   106.00000000000000        1.6269838560905849        0.0000000000000000        0.0000000000000000        0.0000000000000000       0.51600000000000001       0.32819999999999999       0.15579999999999999     
   107.00000000000000        1.6277215542792256        0.0000000000000000        0.0000000000000000        0.0000000000000000       0.51600000000000001       0.31240000000000001       0.17160000000000000     
   108.00000000000000        1.6268699570475493        0.0000000000000000        0.0000000000000000        0.0000000000000000       0.51600000000000001       0.31140000000000001       0.17260000000000000     
   109.00000000000000        1.6245102144116912        0.0000000000000000        0.0000000000000000        0.0000000000000000       0.51600000000000001       0.31259999999999999       0.17140000000000000     
   110.00000000000000        1.6206408914202157        0.0000000000000000        0.0000000000000000        0.0000000000000000       0.51600000000000001       0.31519999999999998       0.16880000000000001     
   111.00000000000000        1.6153633220169030        0.0000000000000000        0.0000000000000000        0.0000000000000000       0.51600000000000001       0.31500000000000000       0.16900000000000001     
   112.00000000000000        1.6092027317629045        0.0000000000000000        0.0000000000000000        0.0000000000000000       0.51600000000000001       0.31440000000000001       0.16960000000000000     
   113.00000000000000        1.6025790769281936        0.0000000000000000        0.0000000000000000        0.0000000000000000       0.51600000000000001       0.31500000000000000       0.16900000000000001     
   114.00000000000000        1.5950950672108499        0.0000000000000000        0.0000000000000000        0.0000000000000000       0.51600000000000001       0.31559999999999999       0.16839999999999999     
   115.00000000000000        1.5880670637006551        0.0000000000000000        0.0000000000000000        0.0000000000000000       0.51600000000000001       0.31559999999999999       0.16839999999999999     
   116.00000000000000        1.5803067428690698        0.0000000000000000        0.0000000000000000        0.0000000000000000       0.51600000000000001       0.31559999999999999       0.16839999999999999     
   117.00000000000000        1.5733437739756388        0.0000000000000000        0.0000000000000000        0.0000000000000000       0.51600000000000001       0.31559999999999999       0.16839999999999999     
   118.00000000000000        1.5664339807999972        0.0000000000000000        0.0000000000000000        0.0000000000000000       0.51600000000000001       0.31559999999999999       0.16839999999999999     
   119.00000000000000        1.5604213917639345        0.0000000000000000        0.0000000000000000        0.0000000000000000       0.51600000000000001       0.31559999999999999       0.16839999999999999     
   120.00000000000000        1.5643684997283576        0.0000000000000000        0.0000000000000000        0.0000000000000000       0.26400000000000001       0.40279999999999999       0.33320000000000000     
   121.00000000000000        1.5471103906463788        0.0000000000000000        0.0000000000000000        0.0000000000000000       0.26419999999999999       0.40260000000000001       0.33320000000000000     
   122.00000000000000        1.5333313011471912        0.0000000000000000        0.0000000000000000        0.0000000000000000       0.26419999999999999       0.40260000000000001       0.33320000000000000     
   123.00000000000000        1.5143553170132824        0.0000000000000000        0.0000000000000000        0.0000000000000000       0.26419999999999999       0.40260000000000001       0.33320000000000000     
   124.00000000000000        1.5130750687974146        0.0000000000000000        0.0000000000000000        0.0000000000000000       0.26419999999999999       0.40260000000000001       0.33320000000000000     
   125.00000000000000        1.5063681300595075        0.0000000000000000        0.0000000000000000        0.0000000000000000       0.26600000000000001       0.40079999999999999       0.33320000000000000     
   126.00000000000000        1.5031562013134263        0.0000000000000000        0.0000000000000000        0.0000000000000000       0.26379999999999998       0.40300000000000002       0.33320000000000000     
   127.00000000000000        1.5032919774909179        0.0000000000000000        0.0000000000000000        0.0000000000000000       0.26419999999999999       0.40260000000000001       0.33320000000000000     
   128.00000000000000        1.5056341057436342        0.0000000000000000        0.0000000000000000        0.0000000000000000       0.26379999999999998       0.40300000000000002       0.33320000000000000     
   129.00000000000000        1.5102159289920132        0.0000000000000000        0.0000000000000000        0.0000000000000000       0.26400000000000001       0.40279999999999999       0.33320000000000000     
   130.00000000000000        1.5171365362440543        0.0000000000000000        0.0000000000000000        0.0000000000000000       0.26300000000000001       0.40379999999999999       0.33320000000000000     
   131.00000000000000        1.5256391604494741        0.0000000000000000        0.0000000000000000        0.0000000000000000       0.26400000000000001       0.40279999999999999       0.33320000000000000     
   132.00000000000000        1.5355952195017384        0.0000000000000000        0.0000000000000000        0.0000000000000000       0.28380000000000000       0.38300000000000001       0.33320000000000000     
   133.00000000000000        1.5470238352012751        0.0000000000000000        0.0000000000000000        0.0000000000000000       0.26300000000000001       0.40379999999999999       0.33320000000000000     
   134.00000000000000        1.5586888893311226        0.0000000000000000        0.0000000000000000        0.0000000000000000       0.22220000000000001       0.44460000000000000       0.33320000000000000     
   135.00000000000000        1.5684507274470612        0.0000000000000000        0.0000000000000000        0.0000000000000000       0.73080000000000001        0.0000000000000000       0.26919999999999999     
   136.00000000000000        1.5661926725016599        0.0000000000000000        0.0000000000000000        0.0000000000000000       0.73080000000000001        4.0000000000000002E-004  0.26879999999999998     
   137.00000000000000        1.5550065394960202        0.0000000000000000        0.0000000000000000        0.0000000000000000       0.73080000000000001        2.3999999999999998E-003  0.26679999999999998     
   138.00000000000000        1.5434083660131004        0.0000000000000000        0.0000000000000000        0.0000000000000000       0.73080000000000001        6.1999999999999998E-003  0.26300000000000001     
   139.00000000000000        1.5313621551480803        0.0000000000000000        0.0000000000000000        0.0000000000000000       0.73080000000000001        6.0000000000000001E-003  0.26319999999999999     
   140.00000000000000        1.5191036096951822        0.0000000000000000        0.0000000000000000        0.0000000000000000       0.73080000000000001        6.4000000000000003E-003  0.26279999999999998     
   141.00000000000000        1.5068966752006199        0.0000000000000000        0.0000000000000000        0.0000000000000000       0.73080000000000001        8.0000000000000002E-003  0.26119999999999999     
   142.00000000000000        1.4949085219563891        0.0000000000000000        0.0000000000000000        0.0000000000000000       0.73080000000000001        7.4000000000000003E-003  0.26179999999999998     
   143.00000000000000        1.4826868856426791        0.0000000000000000        0.0000000000000000        0.0000000000000000       0.73080000000000001        7.4000000000000003E-003  0.26179999999999998     
   144.00000000000000        1.4674721962199271        0.0000000000000000        0.0000000000000000        0.0000000000000000       0.73080000000000001        7.4000000000000003E-003  0.26179999999999998     
   145.00000000000000        1.4575949955208052        0.0000000000000000        0.0000000000000000        0.0000000000000000       0.73080000000000001        7.4000000000000003E-003  0.26179999999999998     
   146.00000000000000        1.4450685188231085        0.0000000000000000        0.0000000000000000        0.0000000000000000       0.73080000000000001        7.4000000000000003E-003  0.26179999999999998     
   147.00000000000000        1.4325906745391985        0.0000000000000000        0.0000000000000000        0.0000000000000000       0.73080000000000001        7.4000000000000003E-003  0.26179999999999998     
   148.00000000000000        1.4202652478745041        0.0000000000000000        0.0000000000000000        0.0000000000000000       0.73080000000000001        7.6000000000000000E-003  0.26160000000000000     
   149.00000000000000        1.4077759114723289        0.0000000000000000        0.0000000000000000        0.0000000000000000       0.73080000000000001        7.6000000000000000E-003  0.26160000000000000     
   150.00000000000000        1.3949593073330271        0.0000000000000000        0.0000000000000000        0.0000000000000000       0.73080000000000001        8.2000000000000007E-003  0.26100000000000001     
   151.00000000000000        1.3819122429503901        0.0000000000000000        0.0000000000000000        0.0000000000000000       0.73080000000000001        8.2000000000000007E-003  0.26100000000000001     
   152.00000000000000        1.3692458678530781        0.0000000000000000        0.0000000000000000        0.0000000000000000       0.73080000000000001        8.2000000000000007E-003  0.26100000000000001     
   153.00000000000000        1.3562149441213431        0.0000000000000000        0.0000000000000000        0.0000000000000000       0.73080000000000001        9.4000000000000004E-003  0.25979999999999998     
   154.00000000000000        1.3428317689635469        0.0000000000000000        0.0000000000000000        0.0000000000000000       0.73080000000000001        9.4000000000000004E-003  0.25979999999999998     
   155.00000000000000        1.3301772076013045        0.0000000000000000        0.0000000000000000        0.0000000000000000       0.73080000000000001        9.4000000000000004E-003  0.25979999999999998     
   156.00000000000000        1.3171356749856620        0.0000000000000000        0.0000000000000000        0.0000000000000000       0.73080000000000001        1.0000000000000000E-002  0.25919999999999999     
   157.00000000000000        1.3044969061874061        0.0000000000000000        0.0000000000000000        0.0000000000000000       0.73080000000000001        1.2000000000000000E-002  0.25719999999999998     
   158.00000000000000        1.2919846330136706        0.0000000000000000        0.0000000000000000        0.0000000000000000       0.73080000000000001        1.1800000000000000E-002  0.25740000000000002     
   159.00000000000000        1.2803340129806982        0.0000000000000000        0.0000000000000000        0.0000000000000000       0.73080000000000001        1.3400000000000000E-002  0.25580000000000003     
   160.00000000000000        1.2698656713573371        0.0000000000000000        0.0000000000000000        0.0000000000000000       0.73080000000000001        1.2600000000000000E-002  0.25659999999999999     
   161.00000000000000        1.2607044696064609        0.0000000000000000        0.0000000000000000        0.0000000000000000       0.73080000000000001        1.1800000000000000E-002  0.25740000000000002     
   162.00000000000000        1.2534383573922416        0.0000000000000000        0.0000000000000000        0.0000000000000000       0.73080000000000001        1.1800000000000000E-002  0.25740000000000002     
   163.00000000000000        1.2483574162161082        0.0000000000000000        0.0000000000000000        0.0000000000000000       0.73080000000000001        1.4000000000000000E-002  0.25519999999999998     
   164.00000000000000        1.2457852354076295        0.0000000000000000        0.0000000000000000        0.0000000000000000       0.73080000000000001        1.3599999999999999E-002  0.25559999999999999     
   165.00000000000000        1.2458288150905037        0.0000000000000000        0.0000000000000000        0.0000000000000000       0.73080000000000001        1.3200000000000000E-002  0.25600000000000001     
   166.00000000000000        1.2483403435913136        0.0000000000000000        0.0000000000000000        0.0000000000000000       0.73080000000000001        1.5599999999999999E-002  0.25359999999999999     
   167.00000000000000        1.2541619631435381        0.0000000000000000        0.0000000000000000        0.0000000000000000       0.73080000000000001        1.5599999999999999E-002  0.25359999999999999     
   168.00000000000000        1.2624454639963676        0.0000000000000000        0.0000000000000000        0.0000000000000000       0.73080000000000001        1.8400000000000000E-002  0.25080000000000002     
   169.00000000000000        1.2726800302176429        0.0000000000000000        0.0000000000000000        0.0000000000000000       0.73080000000000001        1.8400000000000000E-002  0.25080000000000002     
   170.00000000000000        1.2855383328129060        0.0000000000000000        0.0000000000000000        0.0000000000000000       0.73080000000000001        1.8400000000000000E-002  0.25080000000000002     
   171.00000000000000        1.3020744084341160        0.0000000000000000        0.0000000000000000        0.0000000000000000       0.73080000000000001        2.1000000000000001E-002  0.24820000000000000     
   172.00000000000000        1.3209723212961126        0.0000000000000000        0.0000000000000000        0.0000000000000000       0.73080000000000001        2.1000000000000001E-002  0.24820000000000000     
   173.00000000000000        1.3407775083849840        0.0000000000000000        0.0000000000000000        0.0000000000000000       0.73080000000000001        2.0199999999999999E-002  0.24900000000000000     
   174.00000000000000        1.3617703625136683        0.0000000000000000        0.0000000000000000        0.0000000000000000       0.73080000000000001        2.0199999999999999E-002  0.24900000000000000     
   175.00000000000000        1.3837580186502199        0.0000000000000000        0.0000000000000000        0.0000000000000000       0.73080000000000001        2.0000000000000000E-002  0.24920000000000000     
   176.00000000000000        1.4063504221696326        0.0000000000000000        0.0000000000000000        0.0000000000000000       0.73080000000000001        2.0799999999999999E-002  0.24840000000000001     
   177.00000000000000        1.4290293234087097        0.0000000000000000        0.0000000000000000        0.0000000000000000       0.73080000000000001        2.0600000000000000E-002  0.24859999999999999     
   178.00000000000000        1.4513052059991836        0.0000000000000000        0.0000000000000000        0.0000000000000000       0.73080000000000001        1.9400000000000001E-002  0.24979999999999999     
   179.00000000000000        1.4725877980976332        0.0000000000000000        0.0000000000000000        0.0000000000000000       0.73080000000000001        2.0400000000000001E-002  0.24879999999999999     
   180.00000000000000        1.4927648659383548        0.0000000000000000        0.0000000000000000        0.0000000000000000       0.73080000000000001        2.0199999999999999E-002  0.24900000000000000     
   181.00000000000000        1.5096547361774757        0.0000000000000000        0.0000000000000000        0.0000000000000000       0.76239999999999997        7.0999999999999994E-002  0.16660000000000000     
   182.00000000000000        1.5105413958847995        0.0000000000000000        0.0000000000000000        0.0000000000000000       0.76239999999999997        7.0999999999999994E-002  0.16660000000000000     
   183.00000000000000        1.5086097155988627        0.0000000000000000        0.0000000000000000        0.0000000000000000       0.76039999999999996        7.2999999999999995E-002  0.16660000000000000     
   184.00000000000000        1.5072188886305855        0.0000000000000000        0.0000000000000000        0.0000000000000000       0.75960000000000005        7.3800000000000004E-002  0.16660000000000000     
   185.00000000000000        1.5136089059017694        0.0000000000000000        0.0000000000000000        0.0000000000000000       0.76219999999999999        7.1199999999999999E-002  0.16660000000000000     
   186.00000000000000        1.4838295362439897        0.0000000000000000        0.0000000000000000        0.0000000000000000       0.41820000000000002       0.41520000000000001       0.16660000000000000     
   187.00000000000000        1.6379893539995922        0.0000000000000000        0.0000000000000000        0.0000000000000000       0.26919999999999999       0.56420000000000003       0.16660000000000000     
   188.00000000000000        1.5372805520932529        0.0000000000000000        0.0000000000000000        0.0000000000000000       0.26919999999999999       0.56420000000000003       0.16660000000000000     
   189.00000000000000        1.5478958606386157        0.0000000000000000        0.0000000000000000        0.0000000000000000       0.38879999999999998       0.41820000000000002       0.19300000000000000     
