   0.0000000000000000        1.3042603135108948       -4.0608492098272109E-002  -4.3779972449556226E-002   9.9970215342182200E-003  -1.3042603135108948        0.0000000000000000       -3.3141140214866027E-002   2.6623408804880455E-002  -7.6810293539892882E-003   4.0608492098272109E-002   3.3141140214866027E-002   0.0000000000000000       -2.5294162333011627E-003   1.2341214343905449E-002   4.3779972449556226E-002  -2.6623408804880455E-002   2.5294162333011627E-003   0.0000000000000000        5.3969623520970345E-002  -9.9970215342182200E-003   7.6810293539892882E-003  -1.2341214343905449E-002  -5.3969623520970345E-002   0.0000000000000000     
   0.0000000000000000       -1.2108223563700449E-003  -7.0528839714825153E-003  -1.6292722430080175E-003   3.0380557291209698E-003   1.2108223563700449E-003   0.0000000000000000       -1.9142742576150340E-004   8.0349307609139942E-005   2.9732764232903719E-005   7.0528839714825153E-003   1.9142742576150340E-004   0.0000000000000000       -3.6359599791467190E-002  -3.5672211088240147E-003   1.6292722430080175E-003  -8.0349307609139942E-005   3.6359599791467190E-002   0.0000000000000000        7.0478764246217906E-003  -3.0380557291209698E-003  -2.9732764232903719E-005   3.5672211088240147E-003  -7.0478764246217906E-003   0.0000000000000000     
   0.0000000000000000       -4.9271438911091536E-005  -2.4719607084989548E-002   3.4065192943671718E-002   1.6640466637909412E-003   4.9271438911091536E-005   0.0000000000000000        1.4171565453580115E-005   9.3511471277452074E-007  -4.8309357225662097E-007   2.4719607084989548E-002  -1.4171565453580115E-005   0.0000000000000000        1.7534028738737106E-003  -2.7220100164413452E-003  -3.4065192943671718E-002  -9.3511471277452074E-007  -1.7534028738737106E-003   0.0000000000000000        6.4700816001277417E-003  -1.6640466637909412E-003   4.8309357225662097E-007   2.7220100164413452E-003  -6.4700816001277417E-003   0.0000000000000000     
   0.0000000000000000        4.5802153181284666E-009   7.4141165241599083E-003   3.4615657641552389E-002   5.2890282822772861E-003  -4.5802153181284666E-009   0.0000000000000000       -1.5127575352380518E-006  -1.5829119774934952E-006  -1.4974721125327051E-006  -7.4141165241599083E-003   1.5127575352380518E-006   0.0000000000000000       -3.0163755174726248E-002  -6.1901496956124902E-003  -3.4615657641552389E-002   1.5829119774934952E-006   3.0163755174726248E-002   0.0000000000000000        7.6716330368071795E-003  -5.2890282822772861E-003   1.4974721125327051E-006   6.1901496956124902E-003  -7.6716330368071795E-003   0.0000000000000000     
   0.0000000000000000        6.3283923736889847E-006  -6.0162622481584549E-002   1.6465507447719574E-002   4.0810797363519669E-003  -6.3283923736889847E-006   0.0000000000000000       -7.4399381446710322E-006  -3.1803083402337506E-006   4.8445454012835398E-006   6.0162622481584549E-002   7.4399381446710322E-006   0.0000000000000000       -1.9967742264270782E-003  -1.6703590634278953E-002  -1.6465507447719574E-002   3.1803083402337506E-006   1.9967742264270782E-003   0.0000000000000000        1.1843645130284131E-002  -4.0810797363519669E-003  -4.8445454012835398E-006   1.6703590634278953E-002  -1.1843645130284131E-002   0.0000000000000000     
   0.0000000000000000        3.8714249967597425E-005   9.0556573122739792E-003  -6.0567674227058887E-003   3.9137145504355431E-003  -3.8714249967597425E-005   0.0000000000000000       -3.5983812267659232E-006  -3.4531485653133132E-006  -4.6762579586356878E-008  -9.0556573122739792E-003   3.5983812267659232E-006   0.0000000000000000        1.9171369494870305E-002  -9.6206202870234847E-003   6.0567674227058887E-003   3.4531485653133132E-006  -1.9171369494870305E-002   0.0000000000000000       -4.6518848466803320E-003  -3.9137145504355431E-003   4.6762579586356878E-008   9.6206202870234847E-003   4.6518848466803320E-003   0.0000000000000000     
   0.0000000000000000       -1.4405017282115296E-005   3.2403452787548304E-003  -1.4689818955957890E-002   2.4129417433869094E-003   1.4405017282115296E-005   0.0000000000000000       -8.2353176367178094E-006  -1.8109681150235701E-006   3.5348148230696097E-006  -3.2403452787548304E-003   8.2353176367178094E-006   0.0000000000000000       -4.2186919599771500E-003   1.9241442205384374E-003   1.4689818955957890E-002   1.8109681150235701E-006   4.2186919599771500E-003   0.0000000000000000       -8.3099502371624112E-003  -2.4129417433869094E-003  -3.5348148230696097E-006  -1.9241442205384374E-003   8.3099502371624112E-003   0.0000000000000000     
   0.0000000000000000       -3.1756373573443852E-005   3.6306528374552727E-002  -3.0992146581411362E-002   9.9303269525989890E-003   3.1756373573443852E-005   0.0000000000000000       -1.4162138086248888E-005   3.6594046832760796E-006   9.9626413430087268E-007  -3.6306528374552727E-002   1.4162138086248888E-005   0.0000000000000000       -4.9969114363193512E-002   1.8331735860556364E-002   3.0992146581411362E-002  -3.6594046832760796E-006   4.9969114363193512E-002   0.0000000000000000        6.9891291204839945E-003  -9.9303269525989890E-003  -9.9626413430087268E-007  -1.8331735860556364E-002  -6.9891291204839945E-003   0.0000000000000000     
   0.0000000000000000       -2.5612392164475750E-005  -2.3805874399840832E-002   1.0246386285871267E-002  -1.6097074374556541E-002   2.5612392164475750E-005   0.0000000000000000       -1.3965537618787494E-005   6.7406435846351087E-006  -6.5867498051375151E-006   2.3805874399840832E-002   1.3965537618787494E-005   0.0000000000000000       -6.2140792608261108E-002  -1.7836591228842735E-002  -1.0246386285871267E-002  -6.7406435846351087E-006   6.2140792608261108E-002   0.0000000000000000       -8.8062277063727379E-003   1.6097074374556541E-002   6.5867498051375151E-006   1.7836591228842735E-002   8.8062277063727379E-003   0.0000000000000000     
   0.0000000000000000      -0.26451941905543208       -7.3409249757787620E-003   1.7332823656943219E-002  -3.0157115203110152E-002  0.26451941905543208        0.0000000000000000      -0.25500986515908153       -2.4884605330953491E-002   4.1881639845087193E-006   7.3409249757787620E-003  0.25500986515908153        0.0000000000000000       -6.2594301882199943E-002   1.1588344350457191E-003  -1.7332823656943219E-002   2.4884605330953491E-002   6.2594301882199943E-002   0.0000000000000000       0.16972049814648926        3.0157115203110152E-002  -4.1881639845087193E-006  -1.1588344350457191E-003 -0.16972049814648926        0.0000000000000000     
   0.0000000000000000        1.0492724868527148E-005  -2.7985197448288091E-006  -6.5262865973636508E-006   1.3460230547934771E-005  -1.0492724868527148E-005   0.0000000000000000        4.4721670448780060E-002  -3.8320696912705898E-003  -8.4949862794019282E-003   2.7985197448288091E-006  -4.4721670448780060E-002   0.0000000000000000        1.3225022121332586E-002  -2.6822729967534542E-002   6.5262865973636508E-006   3.8320696912705898E-003  -1.3225022121332586E-002   0.0000000000000000       -4.0895141661167145E-002  -1.3460230547934771E-005   8.4949862794019282E-003   2.6822729967534542E-002   4.0895141661167145E-002   0.0000000000000000     
   0.0000000000000000        2.8671183827100322E-007   8.9660079538589343E-007   4.4550970415002666E-006   6.0982674767728895E-006  -2.8671183827100322E-007   0.0000000000000000      -0.10371845122426748        8.9723896235227585E-003  -3.1269891187548637E-003  -8.9660079538589343E-007  0.10371845122426748        0.0000000000000000        3.2379324547946453E-003  -4.2578663560561836E-003  -4.4550970415002666E-006  -8.9723896235227585E-003  -3.2379324547946453E-003   0.0000000000000000       -4.5091383159160614E-002  -6.0982674767728895E-006   3.1269891187548637E-003   4.2578663560561836E-003   4.5091383159160614E-002   0.0000000000000000     
   0.0000000000000000        1.7006791495077778E-006   2.4412840957666049E-006   1.7000420484691858E-006   6.4159657995332964E-006  -1.7006791495077778E-006   0.0000000000000000        3.8700625300407410E-003  -4.2586580384522676E-003  -4.8511391505599022E-003  -2.4412840957666049E-006  -3.8700625300407410E-003   0.0000000000000000        5.2425642497837543E-003  -1.1147073470056057E-002  -1.7000420484691858E-006   4.2586580384522676E-003  -5.2425642497837543E-003   0.0000000000000000       0.25618171691894531       -6.4159657995332964E-006   4.8511391505599022E-003   1.1147073470056057E-002 -0.25618171691894531        0.0000000000000000     
   0.0000000000000000        8.0707013694336638E-007   7.5218054007564206E-007  -8.8594788394402713E-007   2.6118423193111084E-006  -8.0707013694336638E-007   0.0000000000000000        3.4598335623741150E-002  -1.7767492681741714E-003  -2.3950294591486454E-002  -7.5218054007564206E-007  -3.4598335623741150E-002   0.0000000000000000        7.1945227682590485E-003  -6.1121741309762001E-003   8.8594788394402713E-007   1.7767492681741714E-003  -7.1945227682590485E-003   0.0000000000000000        2.4434059858322144E-002  -2.6118423193111084E-006   2.3950294591486454E-002   6.1121741309762001E-003  -2.4434059858322144E-002   0.0000000000000000     
   0.0000000000000000       -5.8586581371855573E-003   3.1059494409419131E-002   1.5127705250051804E-002   3.7125040278624510E-002   5.8586581371855573E-003   0.0000000000000000        1.6819757223129272       -1.7149570165202022E-002  -1.9917134486604482E-002  -3.1059494409419131E-002  -1.6819757223129272        0.0000000000000000        2.6229564566165209E-002   2.2058756439946592E-002  -1.5127705250051804E-002   1.7149570165202022E-002  -2.6229564566165209E-002   0.0000000000000000       0.13820690475404263       -3.7125040278624510E-002   1.9917134486604482E-002  -2.2058756439946592E-002 -0.13820690475404263        0.0000000000000000     
   0.0000000000000000        5.7865455746650696E-003   1.1593834497034550E-003   2.0748829934746027E-002   4.0904733352363110E-002  -5.7865455746650696E-003   0.0000000000000000       0.22325580567121506      -0.12581900879740715       -6.9364634342491627E-002  -1.1593834497034550E-003 -0.22325580567121506        0.0000000000000000       -1.7305110581219196E-002  -3.9720099652186036E-002  -2.0748829934746027E-002  0.12581900879740715        1.7305110581219196E-002   0.0000000000000000       0.24250316619873047       -4.0904733352363110E-002   6.9364634342491627E-002   3.9720099652186036E-002 -0.24250316619873047        0.0000000000000000     
   0.0000000000000000       -1.0842820629477501E-003   4.5341392979025841E-003   1.8110376782715321E-002   4.7309597954154015E-002   1.0842820629477501E-003   0.0000000000000000       0.30314812064170837       -2.7131539769470692E-002  -7.3518547229468822E-002  -4.5341392979025841E-003 -0.30314812064170837        0.0000000000000000       -3.7386130075901747E-002  -4.0960674174129963E-002  -1.8110376782715321E-002   2.7131539769470692E-002   3.7386130075901747E-002   0.0000000000000000        4.1235744953155518E-002  -4.7309597954154015E-002   7.3518547229468822E-002   4.0960674174129963E-002  -4.1235744953155518E-002   0.0000000000000000     
   0.0000000000000000        1.5022325169411488E-003  -1.0478877229616046E-003  -7.0968032814562321E-003   5.9312749654054642E-003  -1.5022325169411488E-003   0.0000000000000000        8.1735856831073761E-002   8.4228925406932831E-003  -4.1792836738750339E-002   1.0478877229616046E-003  -8.1735856831073761E-002   0.0000000000000000        3.9656534790992737E-003  -1.9139012321829796E-002   7.0968032814562321E-003  -8.4228925406932831E-003  -3.9656534790992737E-003   0.0000000000000000        9.6759878098964691E-002  -5.9312749654054642E-003   4.1792836738750339E-002   1.9139012321829796E-002  -9.6759878098964691E-002   0.0000000000000000     
   0.0000000000000000      -0.56811768002808094        2.6177175226621330E-002   1.5023928135633469E-002   3.5340037662535906E-002  0.56811768002808094        0.0000000000000000       0.40782466903328896       0.12047303561121225       -3.3672587946057320E-002  -2.6177175226621330E-002 -0.40782466903328896        0.0000000000000000       0.42226009070873260        4.7437351197004318E-002  -1.5023928135633469E-002 -0.12047303561121225      -0.42226009070873260        0.0000000000000000      -0.38905163854360580       -3.5340037662535906E-002   3.3672587946057320E-002  -4.7437351197004318E-002  0.38905163854360580        0.0000000000000000     
   0.0000000000000000       0.74381431005895138       -8.2492297515273094E-003   7.2284722700715065E-003   2.0022286102175713E-002 -0.74381431005895138        0.0000000000000000      -0.60715601989068091       -3.5351730883121490E-002  0.10776707436889410        8.2492297515273094E-003  0.60715601989068091        0.0000000000000000       0.12811932526528835        2.7988013345748186E-002  -7.2284722700715065E-003   3.5351730883121490E-002 -0.12811932526528835        0.0000000000000000       0.82565236464142799       -2.0022286102175713E-002 -0.10776707436889410       -2.7988013345748186E-002 -0.82565236464142799        0.0000000000000000     
   0.0000000000000000      -0.64970204606652260        5.4258711752481759E-003  -7.2068627923727036E-003   1.5855802223086357E-002  0.64970204606652260        0.0000000000000000       0.31017498573055491        8.1297885626554489E-002 -0.10703112895134836       -5.4258711752481759E-003 -0.31017498573055491        0.0000000000000000      -0.16342909075319767       -1.9261888344772160E-002   7.2068627923727036E-003  -8.1297885626554489E-002  0.16342909075319767        0.0000000000000000       0.84001859650015831       -1.5855802223086357E-002  0.10703112895134836        1.9261888344772160E-002 -0.84001859650015831        0.0000000000000000     
   0.0000000000000000      -0.19391658157110214       0.43799793661628428       0.16289026523008943        7.7027179300785065E-002  0.19391658157110214        0.0000000000000000       0.76995271154828515      -0.42749302089214325       -9.0524427592754364E-002 -0.43799793661628428      -0.76995271154828515        0.0000000000000000      -0.14485211817191157       0.10762897765107482      -0.16289026523008943       0.42749302089214325       0.14485211817191157        0.0000000000000000        7.0679988712072372E-003  -7.7027179300785065E-002   9.0524427592754364E-002 -0.10762897765107482       -7.0679988712072372E-003   0.0000000000000000     
   0.0000000000000000       0.22482502739876509       0.51604500124540209       0.30392279475927353      -0.21527367457747459      -0.22482502739876509        0.0000000000000000       0.75139562117647074      -0.39014985412359238        7.2447441518306732E-002 -0.51604500124540209      -0.75139562117647074        0.0000000000000000      -0.19648161999793956        8.0123754469241248E-002 -0.30392279475927353       0.39014985412359238       0.19648161999793956        0.0000000000000000       0.18303964287042618       0.21527367457747459       -7.2447441518306732E-002  -8.0123754469241248E-002 -0.18303964287042618        0.0000000000000000     
   0.0000000000000000      -0.84475743770599365      -0.14782993216067553        5.4959094151854515E-002   8.1605341054455494E-002  0.84475743770599365        0.0000000000000000      -0.44839829206466675      -0.15044619143009186        5.2489277641143417E-002  0.14782993216067553       0.44839829206466675        0.0000000000000000       0.75651000533252954      -0.23056486540781407       -5.4959094151854515E-002  0.15044619143009186      -0.75651000533252954        0.0000000000000000      -0.89928387276768262       -8.1605341054455494E-002  -5.2489277641143417E-002  0.23056486540781407       0.89928387276768262        0.0000000000000000     
   0.0000000000000000        8.7384998798370361E-002   8.8774405419826508E-002   3.5084858536720276E-002 -0.10220837016095174       -8.7384998798370361E-002   0.0000000000000000       0.60770562291145325       -3.4336414188146591E-002  0.19740325479790499       -8.8774405419826508E-002 -0.60770562291145325        0.0000000000000000      -0.21815624833106995      -0.12085685522833955       -3.5084858536720276E-002   3.4336414188146591E-002  0.21815624833106995        0.0000000000000000      -0.31506173625348310       0.10220837016095174      -0.19740325479790499       0.12085685522833955       0.31506173625348310        0.0000000000000000     
   0.0000000000000000       -2.3706245236098766E-002  -2.2746487520635128E-002   1.1350938584655523E-003  -1.8044337630271912E-003   2.3706245236098766E-002   0.0000000000000000        1.3602205319330096E-002   1.0408136527985334E-002  -3.1331460922956467E-003   2.2746487520635128E-002  -1.3602205319330096E-002   0.0000000000000000        5.4316813126206398E-002   1.9576909719035029E-002  -1.1350938584655523E-003  -1.0408136527985334E-002  -5.4316813126206398E-002   0.0000000000000000        3.7141200155019760E-003   1.8044337630271912E-003   3.1331460922956467E-003  -1.9576909719035029E-002  -3.7141200155019760E-003   0.0000000000000000     
   0.0000000000000000      -0.11360263455935637      -0.19054561480879784        9.2741472413763404E-002 -0.22431633621454239       0.11360263455935637        0.0000000000000000      -0.93889986523936386       -2.7757578882301459E-003  -7.9938273177504016E-002  0.19054561480879784       0.93889986523936386        0.0000000000000000       0.22561109811067581      -0.15989273041486740       -9.2741472413763404E-002   2.7757578882301459E-003 -0.22561109811067581        0.0000000000000000       0.79468829929828644       0.22431633621454239        7.9938273177504016E-002  0.15989273041486740      -0.79468829929828644        0.0000000000000000     
   0.0000000000000000       0.96106608029913332       -5.1426244899630547E-002  -1.5796404331922531E-003  -3.4692778717726469E-002 -0.96106608029913332        0.0000000000000000       -4.1637277389781957E-002  -9.4211449850263307E-003  -9.8550599705049535E-003   5.1426244899630547E-002   4.1637277389781957E-002   0.0000000000000000       -4.0624430403113365E-002  -4.9114973284304142E-002   1.5796404331922531E-003   9.4211449850263307E-003   4.0624430403113365E-002   0.0000000000000000       -5.0788217224180698E-002   3.4692778717726469E-002   9.8550599705049535E-003   4.9114973284304142E-002   5.0788217224180698E-002   0.0000000000000000     
   0.0000000000000000        3.1369790434837341E-002   2.5729846674948931E-002  -7.0111155509948730E-003   6.6588679328560829E-004  -3.1369790434837341E-002   0.0000000000000000        1.3254575431346893E-002  -3.0495854094624519E-002   2.2474871948361397E-002  -2.5729846674948931E-002  -1.3254575431346893E-002   0.0000000000000000       -2.4976680986583233E-002   2.8102099895477295E-004   7.0111155509948730E-003   3.0495854094624519E-002   2.4976680986583233E-002   0.0000000000000000       -1.4022931456565857E-002  -6.6588679328560829E-004  -2.2474871948361397E-002  -2.8102099895477295E-004   1.4022931456565857E-002   0.0000000000000000     
   0.0000000000000000       -8.0255808308720589E-002  -1.4351696707308292E-002  -3.9443790912628174E-002  -4.3010655790567398E-003   8.0255808308720589E-002   0.0000000000000000       -5.1324665546417236E-003   3.8563573732972145E-002  -1.7069578170776367E-003   1.4351696707308292E-002   5.1324665546417236E-003   0.0000000000000000       -5.6654440239071846E-002   6.0458742082118988E-002   3.9443790912628174E-002  -3.8563573732972145E-002   5.6654440239071846E-002   0.0000000000000000      -0.32495151460170746        4.3010655790567398E-003   1.7069578170776367E-003  -6.0458742082118988E-002  0.32495151460170746        0.0000000000000000     
   0.0000000000000000       -6.2250959221273661E-002  -4.8605598276481032E-003  -2.5770578533411026E-002  -8.5930310888215899E-003   6.2250959221273661E-002   0.0000000000000000        6.5177552402019501E-002  -2.3049672978231683E-002  -7.5207517948001623E-003   4.8605598276481032E-003  -6.5177552402019501E-002   0.0000000000000000        3.5489013418555260E-002  -1.3266533613204956E-002   2.5770578533411026E-002   2.3049672978231683E-002  -3.5489013418555260E-002   0.0000000000000000        6.0493616387248039E-002   8.5930310888215899E-003   7.5207517948001623E-003   1.3266533613204956E-002  -6.0493616387248039E-002   0.0000000000000000     
   0.0000000000000000        4.3086004443466663E-002   1.5602967701852322E-002  -3.8773333653807640E-003  -6.0325077502056956E-003  -4.3086004443466663E-002   0.0000000000000000        1.8463209271430969E-003  -3.6799356748815626E-002  -1.1009609093889594E-002  -1.5602967701852322E-002  -1.8463209271430969E-003   0.0000000000000000      -0.11739090830087662        3.8132583722472191E-002   3.8773333653807640E-003   3.6799356748815626E-002  0.11739090830087662        0.0000000000000000      -0.12011861056089401        6.0325077502056956E-003   1.1009609093889594E-002  -3.8132583722472191E-002  0.12011861056089401        0.0000000000000000     
   0.0000000000000000        6.8889240734279156E-002   4.0586604736745358E-003  -4.1055306792259216E-003   1.5221757115796208E-002  -6.8889240734279156E-002   0.0000000000000000       0.13184463977813721       -4.0975733660161495E-002  -1.3723330921493471E-002  -4.0586604736745358E-003 -0.13184463977813721        0.0000000000000000      -0.11356582865118980        7.3538254946470261E-003   4.1055306792259216E-003   4.0975733660161495E-002  0.11356582865118980        0.0000000000000000        1.7977537587285042E-002  -1.5221757115796208E-002   1.3723330921493471E-002  -7.3538254946470261E-003  -1.7977537587285042E-002   0.0000000000000000     
   0.0000000000000000        4.8179308912949637E-002  -1.0366799644543789E-002   1.1787579482188448E-002  -1.8183564069374825E-002  -4.8179308912949637E-002   0.0000000000000000       0.12822195142507553       -3.2927241831202991E-002   1.8728250404819846E-002   1.0366799644543789E-002 -0.12822195142507553        0.0000000000000000        5.1779938861727715E-002   1.3313814997673035E-004  -1.1787579482188448E-002   3.2927241831202991E-002  -5.1779938861727715E-002   0.0000000000000000       -2.6993963867425919E-002   1.8183564069374825E-002  -1.8728250404819846E-002  -1.3313814997673035E-004   2.6993963867425919E-002   0.0000000000000000     
   0.0000000000000000        1.0587327778921463E-006   1.4307930541690439E-005   2.6366687961854041E-006   1.9430281099630520E-006  -1.0587327778921463E-006   0.0000000000000000      -0.20764143764972687       -3.2457346096634865E-003   1.1027693282812834E-002  -1.4307930541690439E-005  0.20764143764972687        0.0000000000000000        7.8476419672369957E-002  -4.4288409873843193E-002  -2.6366687961854041E-006   3.2457346096634865E-003  -7.8476419672369957E-002   0.0000000000000000        6.0458220541477203E-003  -1.9430281099630520E-006  -1.1027693282812834E-002   4.4288409873843193E-002  -6.0458220541477203E-003   0.0000000000000000     
   0.0000000000000000       -1.5744321942329407       -5.7354416770976968E-002   3.9112764417950530E-002   1.3586969918833347E-002   1.5744321942329407        0.0000000000000000        9.2647948960802751E-002  -9.3026699560141424E-003   6.1260161182872253E-003   5.7354416770976968E-002  -9.2647948960802751E-002   0.0000000000000000       -4.5709328725934029E-002   1.2292745173908770E-002  -3.9112764417950530E-002   9.3026699560141424E-003   4.5709328725934029E-002   0.0000000000000000       -1.8405499868094921E-002  -1.3586969918833347E-002  -6.1260161182872253E-003  -1.2292745173908770E-002   1.8405499868094921E-002   0.0000000000000000     
   0.0000000000000000       0.15078326169168577        1.5888592693954706E-002   1.0621700435876846E-002   5.1212841644883156E-003 -0.15078326169168577        0.0000000000000000       0.89886518567800522        4.7495863909716718E-002  -2.2511449305966380E-002  -1.5888592693954706E-002 -0.89886518567800522        0.0000000000000000       -1.0179133025303599E-002   5.3083013526702416E-003  -1.0621700435876846E-002  -4.7495863909716718E-002   1.0179133025303599E-002   0.0000000000000000        3.4743715077638626E-003  -5.1212841644883156E-003   2.2511449305966380E-002  -5.3083013526702416E-003  -3.4743715077638626E-003   0.0000000000000000     
   0.0000000000000000        9.3671903014183044E-003   2.7008350116375368E-006   4.9236504361033440E-002  -1.0577421635389328E-003  -9.3671903014183044E-003   0.0000000000000000        5.8447763876756653E-005   3.1076164916157722E-002  -1.4478039927780628E-002  -2.7008350116375368E-006  -5.8447763876756653E-005   0.0000000000000000       -2.6635871108737774E-006  -4.6066525101196021E-006  -4.9236504361033440E-002  -3.1076164916157722E-002   2.6635871108737774E-006   0.0000000000000000        5.4301992058753967E-003   1.0577421635389328E-003   1.4478039927780628E-002   4.6066525101196021E-006  -5.4301992058753967E-003   0.0000000000000000     
   0.0000000000000000        2.1200316026806831E-002  -1.4563429431291297E-006  -8.5956677794456482E-003   7.2821690700948238E-003  -2.1200316026806831E-002   0.0000000000000000        4.8714828153606504E-006  -2.5844281073659658E-002  -1.7983281839406118E-002   1.4563429431291297E-006  -4.8714828153606504E-006   0.0000000000000000       -2.5421369173272979E-005  -5.7737979659577832E-006   8.5956677794456482E-003   2.5844281073659658E-002   2.5421369173272979E-005   0.0000000000000000       -8.1374489236623049E-003  -7.2821690700948238E-003   1.7983281839406118E-002   5.7737979659577832E-006   8.1374489236623049E-003   0.0000000000000000     
   0.0000000000000000        7.2242580354213715E-003  -6.7780310928355902E-006  -7.5274249538779259E-003  -1.2095077428966761E-002  -7.2242580354213715E-003   0.0000000000000000       -2.7859832698595710E-006  -2.0255542360246181E-002  -1.0259575676172972E-002   6.7780310928355902E-006   2.7859832698595710E-006   0.0000000000000000       -1.0234701039735228E-004  -6.9784227889613248E-006   7.5274249538779259E-003   2.0255542360246181E-002   1.0234701039735228E-004   0.0000000000000000       -6.8699766416102648E-003   1.2095077428966761E-002   1.0259575676172972E-002   6.9784227889613248E-006   6.8699766416102648E-003   0.0000000000000000     
   0.0000000000000000       -1.0226994752883911E-002   1.7343028047889675E-002  -8.5147769541435991E-003   7.7808322384953499E-003   1.0226994752883911E-002   0.0000000000000000       -1.2823474716242345E-002  -8.9214551735494751E-003  -5.1445644348859787E-003  -1.7343028047889675E-002   1.2823474716242345E-002   0.0000000000000000       0.20895552635192871       -7.1909406915438012E-003   8.5147769541435991E-003   8.9214551735494751E-003 -0.20895552635192871        0.0000000000000000       -8.1105304661832633E-003  -7.7808322384953499E-003   5.1445644348859787E-003   7.1909406915438012E-003   8.1105304661832633E-003   0.0000000000000000     
   0.0000000000000000       -5.9139968219824368E-002  -2.7468022445646056E-002   7.4184042205160949E-005   9.1216902001178823E-004   5.9139968219824368E-002   0.0000000000000000       -1.7049023881554604E-003   1.8251412257086486E-006   6.3155498355627060E-003   2.7468022445646056E-002   1.7049023881554604E-003   0.0000000000000000        3.9411679608747363E-006  -9.1844797134399414E-004  -7.4184042205160949E-005  -1.8251412257086486E-006  -3.9411679608747363E-006   0.0000000000000000        1.4017545709066326E-005  -9.1216902001178823E-004  -6.3155498355627060E-003   9.1844797134399414E-004  -1.4017545709066326E-005   0.0000000000000000     
   0.0000000000000000       -2.0748848328366876E-007   1.6132435121107846E-007   3.6076859614695422E-003  -3.6938217817805707E-008   2.0748848328366876E-007   0.0000000000000000        1.5050375368446112E-003   7.0868109105504118E-006  -7.6876380480825901E-003  -1.6132435121107846E-007  -1.5050375368446112E-003   0.0000000000000000        2.6465842893230729E-005  -5.4816597839817405E-003  -3.6076859614695422E-003  -7.0868109105504118E-006  -2.6465842893230729E-005   0.0000000000000000       -6.2523927226720843E-006   3.6938217817805707E-008   7.6876380480825901E-003   5.4816597839817405E-003   6.2523927226720843E-006   0.0000000000000000     
   0.0000000000000000        2.2317180992104113E-008  -1.7499769455753267E-007   4.9628802808001637E-003   9.0439243649598211E-008  -2.2317180992104113E-008   0.0000000000000000       -3.3217680174857378E-003   1.9309591152705252E-006  -1.5653444919735193E-002   1.7499769455753267E-007   3.3217680174857378E-003   0.0000000000000000       -1.7413582099834457E-005   1.9748865626752377E-002  -4.9628802808001637E-003  -1.9309591152705252E-006   1.7413582099834457E-005   0.0000000000000000       -9.1898573373327963E-006  -9.0439243649598211E-008   1.5653444919735193E-002  -1.9748865626752377E-002   9.1898573373327963E-006   0.0000000000000000     
   0.0000000000000000        3.2522075343877077E-007   5.4253177950158715E-008   1.1457438231445849E-003   2.0438164938241243E-007  -3.2522075343877077E-007   0.0000000000000000        1.1832269839942455E-002  -3.5254070098744705E-006   1.1002495884895325E-003  -5.4253177950158715E-008  -1.1832269839942455E-002   0.0000000000000000       -7.2005059337243438E-005   1.1939940042793751E-002  -1.1457438231445849E-003   3.5254070098744705E-006   7.2005059337243438E-005   0.0000000000000000       -6.0547972680069506E-007  -2.0438164938241243E-007  -1.1002495884895325E-003  -1.1939940042793751E-002   6.0547972680069506E-007   0.0000000000000000     
   0.0000000000000000       -1.4234319678507745E-007   1.4875408214720665E-003   2.2489056300400989E-003   1.9531944417394698E-007   1.4234319678507745E-007   0.0000000000000000        4.2374515269330004E-003  -3.3411280073778471E-003  -3.6836431827396154E-003  -1.4875408214720665E-003  -4.2374515269330004E-003   0.0000000000000000      -0.12539398670196533        8.1781402623164468E-003  -2.2489056300400989E-003   3.3411280073778471E-003  0.12539398670196533        0.0000000000000000       -1.1522146891365992E-002  -1.9531944417394698E-007   3.6836431827396154E-003  -8.1781402623164468E-003   1.1522146891365992E-002   0.0000000000000000     
   0.0000000000000000        3.3283868106082082E-008  -5.6670338381081820E-004   1.1985468518105336E-005   1.1682004696922377E-007  -3.3283868106082082E-008   0.0000000000000000       -8.1148979006684385E-005  -1.2516670161858201E-002   1.3941377867013216E-002   5.6670338381081820E-004   8.1148979006684385E-005   0.0000000000000000        1.4978878898546100E-003  -1.2109627277823165E-005  -1.1985468518105336E-005   1.2516670161858201E-002  -1.4978878898546100E-003   0.0000000000000000       -4.6899562003090978E-003  -1.1682004696922377E-007  -1.3941377867013216E-002   1.2109627277823165E-005   4.6899562003090978E-003   0.0000000000000000     
   0.0000000000000000        4.4965418055653572E-008   7.5415389146655798E-003   5.3340954764280468E-008  -3.1275340006686747E-007  -4.4965418055653572E-008   0.0000000000000000        4.8392994358437136E-006   6.7024892196059227E-003   9.9169556051492691E-003  -7.5415389146655798E-003  -4.8392994358437136E-006   0.0000000000000000       -7.5235108852211852E-005  -7.7282093116082251E-006  -5.3340954764280468E-008  -6.7024892196059227E-003   7.5235108852211852E-005   0.0000000000000000        2.4538184516131878E-004   3.1275340006686747E-007  -9.9169556051492691E-003   7.7282093116082251E-006  -2.4538184516131878E-004   0.0000000000000000     
   0.0000000000000000        4.1184899746440351E-002   2.0767997502844082E-003  -1.9130035847410909E-002  -1.1723897562660568E-002  -4.1184899746440351E-002   0.0000000000000000       -1.1014792107744142E-005  -1.2024424970149994E-002  -1.5585782704874873E-002  -2.0767997502844082E-003   1.1014792107744142E-005   0.0000000000000000       -3.8328465961967595E-005   4.9996933739748783E-006   1.9130035847410909E-002   1.2024424970149994E-002   3.8328465961967595E-005   0.0000000000000000        2.2453021665569395E-003   1.1723897562660568E-002   1.5585782704874873E-002  -4.9996933739748783E-006  -2.2453021665569395E-003   0.0000000000000000     
   0.0000000000000000       -1.1667886748909950E-002   5.6285898608621210E-006  -2.0072451792657375E-002  -8.7516329949721694E-003   1.1667886748909950E-002   0.0000000000000000        7.7439917731680907E-006   1.5802103094756603E-002   4.3909556115977466E-003  -5.6285898608621210E-006  -7.7439917731680907E-006   0.0000000000000000       -6.2128119679982774E-006   1.4396500773727894E-006   2.0072451792657375E-002  -1.5802103094756603E-002   6.2128119679982774E-006   0.0000000000000000       -4.8169338551815599E-003   8.7516329949721694E-003  -4.3909556115977466E-003  -1.4396500773727894E-006   4.8169338551815599E-003   0.0000000000000000     
   0.0000000000000000        3.6594093282474205E-002   1.9973093912994955E-005   2.8766739647835493E-002  -1.9029862305615097E-002  -3.6594093282474205E-002   0.0000000000000000       -6.3202533056028187E-006  -8.3065903745591640E-003   1.9919880869565532E-003  -1.9973093912994955E-005   6.3202533056028187E-006   0.0000000000000000       -4.9701161515258718E-006  -3.5697794373845682E-006  -2.8766739647835493E-002   8.3065903745591640E-003   4.9701161515258718E-006   0.0000000000000000       -2.1932148374617100E-002   1.9029862305615097E-002  -1.9919880869565532E-003   3.5697794373845682E-006   2.1932148374617100E-002   0.0000000000000000     
   0.0000000000000000        4.2369478511318448E-002   2.2906868942300207E-002  -1.0353801771998405E-002   2.0397412881720811E-002  -4.2369478511318448E-002   0.0000000000000000       0.52885429561138153        1.3112263250150136E-002   1.2509241108091373E-002  -2.2906868942300207E-002 -0.52885429561138153        0.0000000000000000        2.9647496442521515E-002   5.2070178322765059E-003   1.0353801771998405E-002  -1.3112263250150136E-002  -2.9647496442521515E-002   0.0000000000000000        4.5286055654287338E-002  -2.0397412881720811E-002  -1.2509241108091373E-002  -5.2070178322765059E-003  -4.5286055654287338E-002   0.0000000000000000     
   0.0000000000000000        1.1654215086309705E-005   2.7199782663956285E-002  -6.6373690497130156E-003   1.2230328517034650E-002  -1.1654215086309705E-005   0.0000000000000000       -5.9508565755095333E-006  -3.3567675927770324E-007   6.4257551457558293E-007  -2.7199782663956285E-002   5.9508565755095333E-006   0.0000000000000000        6.6457156790420413E-003  -8.0306858289986849E-003   6.6373690497130156E-003   3.3567675927770324E-007  -6.6457156790420413E-003   0.0000000000000000        5.0011649727821350E-004  -1.2230328517034650E-002  -6.4257551457558293E-007   8.0306858289986849E-003  -5.0011649727821350E-004   0.0000000000000000     
   0.0000000000000000       -3.9184035813377704E-005  -2.4199046427384019E-002   3.5582771524786949E-003   1.7461010138504207E-003   3.9184035813377704E-005   0.0000000000000000        3.7139766391192097E-006   1.8457908481650520E-006  -8.5488534296018770E-007   2.4199046427384019E-002  -3.7139766391192097E-006   0.0000000000000000       -1.0560158640146255E-002   7.7438544249162078E-003  -3.5582771524786949E-003  -1.8457908481650520E-006   1.0560158640146255E-002   0.0000000000000000        1.4439680147916079E-002  -1.7461010138504207E-003   8.5488534296018770E-007  -7.7438544249162078E-003  -1.4439680147916079E-002   0.0000000000000000     
   0.0000000000000000       -3.4159344795625657E-004  -2.5057251565158367E-002   1.0302268492523581E-002   8.0224613775499165E-003   3.4159344795625657E-004   0.0000000000000000       -9.6928706625476480E-006   7.8027937888691667E-006   4.2746901272039395E-006   2.5057251565158367E-002   9.6928706625476480E-006   0.0000000000000000       -9.1677798191085458E-003   1.4099314808845520E-002  -1.0302268492523581E-002  -7.8027937888691667E-006   9.1677798191085458E-003   0.0000000000000000        2.7164285071194172E-002  -8.0224613775499165E-003  -4.2746901272039395E-006  -1.4099314808845520E-002  -2.7164285071194172E-002   0.0000000000000000     
   0.0000000000000000       0.90697634592652321       -2.6773394831707265E-002   1.1041625598409155E-003  -6.9307857302192133E-004 -0.90697634592652321        0.0000000000000000        3.2174048717024561E-002  -3.0334546766198400E-002  -1.2901224593406369E-002   2.6773394831707265E-002  -3.2174048717024561E-002   0.0000000000000000       -2.2307033403194509E-002   1.6576036810874939E-002  -1.1041625598409155E-003   3.0334546766198400E-002   2.2307033403194509E-002   0.0000000000000000      -0.37190699577331543        6.9307857302192133E-004   1.2901224593406369E-002  -1.6576036810874939E-002  0.37190699577331543        0.0000000000000000     
   0.0000000000000000       -3.5858754966284323E-002  -1.8412998540497938E-002  -1.1529713287018239E-002  -3.9863933143351460E-003   3.5858754966284323E-002   0.0000000000000000       -1.2097135186195374E-003  -3.2675398048013449E-002  -1.1164581868797541E-002   1.8412998540497938E-002   1.2097135186195374E-003   0.0000000000000000        1.7525760456919670E-002  -2.5390547700226307E-002   1.1529713287018239E-002   3.2675398048013449E-002  -1.7525760456919670E-002   0.0000000000000000      -0.33465528488159180        3.9863933143351460E-003   1.1164581868797541E-002   2.5390547700226307E-002  0.33465528488159180        0.0000000000000000     
   0.0000000000000000        1.6387969255447388E-002   1.0152738541364670E-002  -1.1509970296174288E-002  -1.1580766644328833E-002  -1.6387969255447388E-002   0.0000000000000000       -4.1951056569814682E-002   2.4169605225324631E-002   6.2022510683164001E-003  -1.0152738541364670E-002   4.1951056569814682E-002   0.0000000000000000       -1.1943350546061993E-002   3.2395816873759031E-002   1.1509970296174288E-002  -2.4169605225324631E-002   1.1943350546061993E-002   0.0000000000000000        1.0290041565895081E-002   1.1580766644328833E-002  -6.2022510683164001E-003  -3.2395816873759031E-002  -1.0290041565895081E-002   0.0000000000000000     
   0.0000000000000000       0.14777058735489845        7.9125184565782547E-003  -1.3560147956013680E-002   6.3984487787820399E-003 -0.14777058735489845        0.0000000000000000        1.7011119052767754E-002   2.1307179704308510E-002  -1.2649634736590087E-003  -7.9125184565782547E-003  -1.7011119052767754E-002   0.0000000000000000        1.6859839670360088E-002   1.4846772188320756E-002   1.3560147956013680E-002  -2.1307179704308510E-002  -1.6859839670360088E-002   0.0000000000000000       0.10802653431892395       -6.3984487787820399E-003   1.2649634736590087E-003  -1.4846772188320756E-002 -0.10802653431892395        0.0000000000000000     
   0.0000000000000000       0.15622968226671219       -4.0035320445895195E-002   1.6464979387819767E-002  -5.9106223052367568E-003 -0.15622968226671219        0.0000000000000000       -3.8888109847903252E-003   8.8379960507154465E-003   1.1562264990061522E-004   4.0035320445895195E-002   3.8888109847903252E-003   0.0000000000000000        5.0881410017609596E-002   3.3855602028779685E-002  -1.6464979387819767E-002  -8.8379960507154465E-003  -5.0881410017609596E-002   0.0000000000000000       0.12192413583397865        5.9106223052367568E-003  -1.1562264990061522E-004  -3.3855602028779685E-002 -0.12192413583397865        0.0000000000000000     
   0.0000000000000000        3.2058805227279663E-003   6.1039168387651443E-002  -1.1927468702197075E-002  -1.7231564153917134E-002  -3.2058805227279663E-003   0.0000000000000000        9.0223108418285847E-003   1.2341167544946074E-002   4.8863110132515430E-003  -6.1039168387651443E-002  -9.0223108418285847E-003   0.0000000000000000        9.6699930727481842E-003   1.1929379776120186E-002   1.1927468702197075E-002  -1.2341167544946074E-002  -9.6699930727481842E-003   0.0000000000000000        7.1672350168228149E-003   1.7231564153917134E-002  -4.8863110132515430E-003  -1.1929379776120186E-002  -7.1672350168228149E-003   0.0000000000000000     
