#        BMIN =   404
#        BMAX =   408
#     INIBAND =   406
#      NBANDS =   540
#         NSW =  2000
#       POTIM =   1.0
#        TEMP = 300.0
#    NAMDTINI =    97
#    NAMDTIME =  1000
#       NTRAJ =  5000
#        NELM =  1000
#       LHOLE =     T
#        LSHP =     T
#      LCPTXT =     T
#      RUNDIR = ../../run/
   1.0000000000000000       0.14832849628797218        0.0000000000000000        0.0000000000000000        1.0000000000000000        0.0000000000000000        0.0000000000000000     
   2.0000000000000000       0.13591440587279499        0.0000000000000000        0.0000000000000000       0.99960000000000004        2.0000000000000001E-004   2.0000000000000001E-004
   3.0000000000000000       0.12331930418671783        0.0000000000000000        0.0000000000000000       0.99960000000000004        2.0000000000000001E-004   2.0000000000000001E-004
   4.0000000000000000       0.11062541138181750        0.0000000000000000        0.0000000000000000       0.99960000000000004        2.0000000000000001E-004   2.0000000000000001E-004
   5.0000000000000000        9.7930367357888293E-002   0.0000000000000000        0.0000000000000000       0.99960000000000004        2.0000000000000001E-004   2.0000000000000001E-004
   6.0000000000000000        8.5790734485731129E-002   0.0000000000000000        0.0000000000000000       0.99939999999999996        2.0000000000000001E-004   4.0000000000000002E-004
   7.0000000000000000        7.3679961769680127E-002   0.0000000000000000        0.0000000000000000       0.99939999999999996        2.0000000000000001E-004   4.0000000000000002E-004
   8.0000000000000000        6.1412675241181311E-002   0.0000000000000000        2.9399999999999999E-002  0.96919999999999995        1.0000000000000000E-003   4.0000000000000002E-004
   9.0000000000000000        7.1140448761070646E-002   0.0000000000000000        2.9399999999999999E-002  0.96919999999999995        1.0000000000000000E-003   4.0000000000000002E-004
   10.000000000000000        9.0139465912914371E-002   0.0000000000000000        2.9399999999999999E-002  0.96919999999999995        1.0000000000000000E-003   4.0000000000000002E-004
   11.000000000000000       0.10313531315593823        0.0000000000000000        2.9200000000000000E-002  0.96919999999999995        1.0000000000000000E-003   5.9999999999999995E-004
   12.000000000000000       0.10934461382322391        0.0000000000000000        2.9200000000000000E-002  0.96919999999999995        1.0000000000000000E-003   5.9999999999999995E-004
   13.000000000000000       0.10835278037243608        0.0000000000000000        2.9200000000000000E-002  0.96919999999999995        1.0000000000000000E-003   5.9999999999999995E-004
   14.000000000000000       0.10050488115364366        0.0000000000000000        2.9200000000000000E-002  0.96919999999999995        1.0000000000000000E-003   5.9999999999999995E-004
   15.000000000000000        8.5481053928317396E-002   0.0000000000000000        2.9200000000000000E-002  0.96919999999999995        1.0000000000000000E-003   5.9999999999999995E-004
   16.000000000000000        6.3085004681265905E-002   0.0000000000000000        2.9200000000000000E-002  0.96919999999999995        1.0000000000000000E-003   5.9999999999999995E-004
   17.000000000000000        3.6391506551229552E-002   0.0000000000000000        2.9200000000000000E-002  0.96919999999999995        1.0000000000000000E-003   5.9999999999999995E-004
   18.000000000000000        4.4019152518472706E-003   0.0000000000000000        2.0799999999999999E-002  0.97760000000000002        1.0000000000000000E-003   5.9999999999999995E-004
   19.000000000000000       -2.8652637235487496E-002   0.0000000000000000        2.0600000000000000E-002  0.97719999999999996        1.0000000000000000E-003   1.1999999999999999E-003
   20.000000000000000       -3.4274421579509412E-002   0.0000000000000000        2.0600000000000000E-002  0.97640000000000005        1.0000000000000000E-003   2.0000000000000000E-003
   21.000000000000000       -3.9876263814475330E-002   1.1999999999999999E-003   1.9599999999999999E-002  0.97619999999999996        1.0000000000000000E-003   2.0000000000000000E-003
   22.000000000000000       -4.5648364477191700E-002   1.1999999999999999E-003   2.0400000000000001E-002  0.97519999999999996        1.1999999999999999E-003   2.0000000000000000E-003
   23.000000000000000       -4.9438264437849294E-002   1.1999999999999999E-003   1.7200000000000000E-002  0.97819999999999996        1.1999999999999999E-003   2.2000000000000001E-003
   24.000000000000000       -5.3146869112090871E-002   1.0000000000000000E-003   1.5400000000000000E-002  0.98019999999999996        1.1999999999999999E-003   2.2000000000000001E-003
   25.000000000000000       -5.5962071146051395E-002   1.0000000000000000E-003   7.7999999999999996E-003  0.98760000000000003        1.1999999999999999E-003   2.3999999999999998E-003
   26.000000000000000       -5.6146119596926496E-002   1.0000000000000000E-003   7.7999999999999996E-003  0.98760000000000003        1.1999999999999999E-003   2.3999999999999998E-003
   27.000000000000000       -5.2052128903356268E-002   4.0000000000000002E-004   1.8599999999999998E-002  0.97740000000000005        1.1999999999999999E-003   2.3999999999999998E-003
   28.000000000000000       -4.5274384992395215E-002   4.0000000000000002E-004   1.9400000000000001E-002  0.97660000000000002        1.1999999999999999E-003   2.3999999999999998E-003
   29.000000000000000       -3.8250515367205265E-002   4.0000000000000002E-004   1.8800000000000001E-002  0.97719999999999996        1.1999999999999999E-003   2.3999999999999998E-003
   30.000000000000000       -3.1667559453240575E-002   4.0000000000000002E-004   1.3599999999999999E-002  0.98199999999999998        1.4000000000000000E-003   2.5999999999999999E-003
   31.000000000000000       -2.7180743791746939E-002   4.0000000000000002E-004   1.3200000000000000E-002  0.98119999999999996        2.2000000000000001E-003   3.0000000000000001E-003
   32.000000000000000       -2.4736900453847344E-002   0.0000000000000000        1.1400000000000000E-002  0.98299999999999998        2.5999999999999999E-003   3.0000000000000001E-003
   33.000000000000000       -2.5199438418799396E-002   0.0000000000000000        1.1599999999999999E-002  0.98199999999999998        3.2000000000000002E-003   3.2000000000000002E-003
   34.000000000000000       -2.8543714839286718E-002   0.0000000000000000        1.0400000000000000E-002  0.98319999999999996        3.2000000000000002E-003   3.2000000000000002E-003
   35.000000000000000       -3.4651128572638405E-002   0.0000000000000000        1.0600000000000000E-002  0.98260000000000003        3.2000000000000002E-003   3.5999999999999999E-003
   36.000000000000000       -4.3748932525813952E-002   1.1999999999999999E-003   8.0000000000000002E-003  0.98340000000000005        3.3999999999999998E-003   4.0000000000000001E-003
   37.000000000000000       -5.6187317941328141E-002   1.0000000000000000E-003   8.0000000000000002E-003  0.98360000000000003        3.3999999999999998E-003   4.0000000000000001E-003
   38.000000000000000       -7.1202040268007513E-002   1.0000000000000000E-003   1.6600000000000000E-002  0.97499999999999998        3.3999999999999998E-003   4.0000000000000001E-003
   39.000000000000000       -5.5977579720466790E-002   1.0000000000000000E-003   1.6600000000000000E-002  0.97499999999999998        3.3999999999999998E-003   4.0000000000000001E-003
   40.000000000000000       -4.8562393472800815E-003   8.0000000000000004E-004   1.6600000000000000E-002  0.97499999999999998        3.5999999999999999E-003   4.0000000000000001E-003
   41.000000000000000        7.0711812953045600E-002   8.0000000000000004E-004   1.6600000000000000E-002  0.50639999999999996       0.47139999999999999        4.7999999999999996E-003
   42.000000000000000        8.6195929181932793E-002   1.1999999999999999E-003   1.6000000000000000E-002  0.50400000000000000       0.47120000000000001        7.6000000000000000E-003
   43.000000000000000       0.10149242603721918        1.1999999999999999E-003   1.6000000000000000E-002  0.50539999999999996       0.39179999999999998        8.5599999999999996E-002
   44.000000000000000       0.10647704953326051        1.0000000000000000E-003   1.6199999999999999E-002  0.45779999999999998       0.43940000000000001        8.5599999999999996E-002
   45.000000000000000        9.3612592967418640E-002   1.0000000000000000E-003   1.6199999999999999E-002  0.45939999999999998       0.43780000000000002        8.5599999999999996E-002
   46.000000000000000        7.9603526603437322E-002   1.0000000000000000E-003   1.6199999999999999E-002  0.46000000000000002       0.43719999999999998        8.5599999999999996E-002
   47.000000000000000        6.9286157605133750E-002   1.0000000000000000E-003   1.6199999999999999E-002  0.42380000000000001       0.47339999999999999        8.5599999999999996E-002
   48.000000000000000        5.3678952473704626E-002   1.0000000000000000E-003   1.6199999999999999E-002  0.41959999999999997       0.47760000000000002        8.5599999999999996E-002
   49.000000000000000        3.8561752658536730E-002   2.0000000000000000E-003   1.5200000000000000E-002  0.42080000000000001       0.47639999999999999        8.5599999999999996E-002
   50.000000000000000        2.5097641783928877E-002   2.2000000000000001E-003   1.4999999999999999E-002  0.42120000000000002       0.47599999999999998        8.5599999999999996E-002
   51.000000000000000        1.1871182688838149E-002   2.8000000000000000E-003   1.4400000000000000E-002  0.42159999999999997       0.47560000000000002        8.5599999999999996E-002
   52.000000000000000       -2.3522710428069155E-003   3.0000000000000001E-003   1.4200000000000001E-002  0.41980000000000001       0.47739999999999999        8.5599999999999996E-002
   53.000000000000000       -9.2408522357686155E-003   3.3999999999999998E-003   1.3800000000000000E-002  0.41980000000000001       0.47739999999999999        8.5599999999999996E-002
   54.000000000000000       -1.9721622680719350E-002   3.3999999999999998E-003   1.3800000000000000E-002  0.42040000000000000       0.47680000000000000        8.5599999999999996E-002
   55.000000000000000       -2.6759138678939559E-002   3.3999999999999998E-003   1.3800000000000000E-002  0.41339999999999999       0.42480000000000001       0.14460000000000001     
   56.000000000000000       -4.1969991139264216E-002   3.3999999999999998E-003   1.3800000000000000E-002  0.30199999999999999       0.52959999999999996       0.15120000000000000     
   57.000000000000000       -6.2521570879461891E-002   3.3999999999999998E-003   1.3800000000000000E-002  0.30199999999999999       0.52920000000000000       0.15160000000000001     
   58.000000000000000       -7.0455262137257543E-002   2.3999999999999998E-003   1.4000000000000000E-002  0.30199999999999999       0.44579999999999997       0.23580000000000001     
   59.000000000000000       -7.7360486698899680E-002   1.8000000000000000E-003   1.4000000000000000E-002  0.30199999999999999       0.43680000000000002       0.24540000000000001     
   60.000000000000000       -8.2863089643655310E-002   1.8000000000000000E-003   1.3800000000000000E-002  0.30199999999999999       0.43719999999999998       0.24520000000000000     
   61.000000000000000       -8.2226877780105123E-002   1.8000000000000000E-003   1.3800000000000000E-002  0.30199999999999999       0.42020000000000002       0.26219999999999999     
   62.000000000000000       -7.8025216791192842E-002   1.8000000000000000E-003   8.2000000000000007E-003  0.30120000000000002       0.42680000000000001       0.26200000000000001     
   63.000000000000000       -6.7194565051743066E-002   1.8000000000000000E-003   8.2000000000000007E-003  0.28960000000000002       0.43480000000000002       0.26560000000000000     
   64.000000000000000       -4.7914916570546487E-002   1.6000000000000001E-003   8.2000000000000007E-003  0.28960000000000002       0.43419999999999997       0.26640000000000003     
   65.000000000000000       -2.5323248858835197E-002   1.4000000000000000E-003   8.2000000000000007E-003  0.28560000000000002       0.43580000000000002       0.26900000000000002     
   66.000000000000000       -3.6700995336894221E-003   1.4000000000000000E-003   8.2000000000000007E-003  0.28420000000000001       0.43719999999999998       0.26900000000000002     
   67.000000000000000        1.7714855689976199E-002   1.4000000000000000E-003   8.2000000000000007E-003  0.28420000000000001       0.43719999999999998       0.26900000000000002     
   68.000000000000000        4.1233583487203400E-002   1.4000000000000000E-003   8.2000000000000007E-003  0.28000000000000003       0.43319999999999997       0.27720000000000000     
   69.000000000000000        6.3325880150577885E-002   1.4000000000000000E-003   8.2000000000000007E-003  0.27660000000000001       0.42940000000000000       0.28439999999999999     
   70.000000000000000        8.4433546114731112E-002   1.4000000000000000E-003   8.2000000000000007E-003  0.27560000000000001       0.42740000000000000       0.28739999999999999     
   71.000000000000000       0.10519906141843194        1.4000000000000000E-003   8.2000000000000007E-003  0.27500000000000002       0.42259999999999998       0.29280000000000000     
   72.000000000000000       0.12536375047765788        1.4000000000000000E-003   8.2000000000000007E-003  0.27500000000000002       0.40880000000000000       0.30659999999999998     
   73.000000000000000       0.14319165853478280        1.0000000000000000E-003   8.2000000000000007E-003  0.27200000000000002       0.40960000000000002       0.30919999999999997     
   74.000000000000000       0.15956142057129724        1.0000000000000000E-003   8.2000000000000007E-003  0.27200000000000002       0.41099999999999998       0.30780000000000002     
   75.000000000000000       0.17611491212021854        8.0000000000000004E-004   8.2000000000000007E-003  0.26679999999999998       0.41160000000000002       0.31259999999999999     
   76.000000000000000       0.19160995331676001        8.0000000000000004E-004   8.2000000000000007E-003  0.26679999999999998       0.39439999999999997       0.32979999999999998     
   77.000000000000000       0.20506131778295766        8.0000000000000004E-004   8.2000000000000007E-003  0.26479999999999998       0.39779999999999999       0.32840000000000003     
   78.000000000000000       0.21797592213833977        8.0000000000000004E-004   8.2000000000000007E-003  0.26000000000000001       0.40260000000000001       0.32840000000000003     
   79.000000000000000       0.23030833264297507        8.0000000000000004E-004   8.2000000000000007E-003  0.25919999999999999       0.38779999999999998       0.34399999999999997     
   80.000000000000000       0.24089673561705055        8.0000000000000004E-004   8.2000000000000007E-003  0.25919999999999999       0.38879999999999998       0.34300000000000003     
   81.000000000000000       0.25019765725594340        8.0000000000000004E-004   8.2000000000000007E-003  0.25919999999999999       0.38879999999999998       0.34300000000000003     
   82.000000000000000       0.25921144917050271        5.9999999999999995E-004   8.2000000000000007E-003  0.25659999999999999       0.38900000000000001       0.34560000000000002     
   83.000000000000000       0.26788783344578093        5.9999999999999995E-004   8.2000000000000007E-003  0.24520000000000000       0.39860000000000001       0.34739999999999999     
   84.000000000000000       0.27396317100332829        5.9999999999999995E-004   8.2000000000000007E-003  0.24479999999999999       0.39900000000000002       0.34739999999999999     
   85.000000000000000       0.27880555119858541        1.1999999999999999E-003   7.6000000000000000E-003  0.24420000000000000       0.39860000000000001       0.34839999999999999     
   86.000000000000000       0.28216005927208632        1.1999999999999999E-003   7.1999999999999998E-003  0.24460000000000001       0.39860000000000001       0.34839999999999999     
   87.000000000000000       0.28581090229764411        1.1999999999999999E-003   7.0000000000000001E-003  0.23260000000000000       0.41080000000000000       0.34839999999999999     
   88.000000000000000       0.28727096130445884        1.0000000000000000E-003   7.0000000000000001E-003  0.22600000000000001       0.41739999999999999       0.34860000000000002     
   89.000000000000000       0.28702461952672154        1.0000000000000000E-003   7.0000000000000001E-003  0.22380000000000000       0.41739999999999999       0.35080000000000000     
   90.000000000000000       0.28554967166783418        1.0000000000000000E-003   7.0000000000000001E-003  0.21820000000000001       0.42280000000000001       0.35099999999999998     
   91.000000000000000       0.28284679529187029        1.0000000000000000E-003   6.6000000000000000E-003  0.21500000000000000       0.42559999999999998       0.35180000000000000     
   92.000000000000000       0.27891924280947472        1.0000000000000000E-003   6.6000000000000000E-003  0.20740000000000000       0.43020000000000003       0.35480000000000000     
   93.000000000000000       0.27566277293988228        1.0000000000000000E-003   6.1999999999999998E-003  0.19520000000000001       0.42840000000000000       0.36919999999999997     
   94.000000000000000       0.26807601472052212        1.0000000000000000E-003   6.0000000000000001E-003  0.19460000000000000       0.43180000000000002       0.36659999999999998     
   95.000000000000000       0.26189251635516486        8.0000000000000004E-004   6.0000000000000001E-003  0.19460000000000000       0.40539999999999998       0.39319999999999999     
   96.000000000000000       0.25240686315831634        1.0000000000000000E-003   5.4000000000000003E-003  0.19480000000000000       0.40860000000000002       0.39019999999999999     
   97.000000000000000       0.24355755488523345        1.0000000000000000E-003   4.4000000000000003E-003  0.19480000000000000       0.41080000000000000       0.38900000000000001     
   98.000000000000000       0.23437247256362570        8.0000000000000004E-004   4.4000000000000003E-003  0.19480000000000000       0.40860000000000002       0.39140000000000003     
   99.000000000000000       0.22616063743191017        4.0000000000000002E-004   4.5999999999999999E-003  0.19239999999999999       0.40520000000000000       0.39739999999999998     
   100.00000000000000       0.21744012702896082        8.0000000000000004E-004   4.0000000000000001E-003  0.18980000000000000       0.39779999999999999       0.40760000000000002     
   101.00000000000000       0.21036862432895465        8.0000000000000004E-004   4.0000000000000001E-003  0.18020000000000000       0.40060000000000001       0.41439999999999999     
   102.00000000000000       0.20110872124386037        0.0000000000000000        4.7999999999999996E-003  0.17660000000000001       0.40600000000000003       0.41260000000000002     
   103.00000000000000       0.19072850025614632        0.0000000000000000        4.7999999999999996E-003  0.17660000000000001       0.40639999999999998       0.41220000000000001     
   104.00000000000000       0.18064062363089126        0.0000000000000000        4.7999999999999996E-003  0.17440000000000000       0.40860000000000002       0.41220000000000001     
   105.00000000000000       0.16965377426136746        0.0000000000000000        4.7999999999999996E-003  0.17299999999999999       0.41039999999999999       0.41180000000000000     
   106.00000000000000       0.16031514832504443        0.0000000000000000        4.0000000000000001E-003  0.17380000000000001       0.39520000000000000       0.42699999999999999     
   107.00000000000000       0.15533348563324068        0.0000000000000000        3.2000000000000002E-003  0.17380000000000001       0.39620000000000000       0.42680000000000001     
   108.00000000000000       0.15111614687489577        0.0000000000000000        3.0000000000000001E-003  0.17380000000000001       0.39579999999999999       0.42740000000000000     
   109.00000000000000       0.14692800874581718        0.0000000000000000        3.0000000000000001E-003  0.17380000000000001       0.39460000000000001       0.42859999999999998     
   110.00000000000000       0.14263029854397008        0.0000000000000000        3.0000000000000001E-003  0.17380000000000001       0.39360000000000001       0.42959999999999998     
   111.00000000000000       0.13877987801133734        0.0000000000000000        2.3999999999999998E-003  0.17380000000000001       0.39419999999999999       0.42959999999999998     
   112.00000000000000       0.13488355055619070        0.0000000000000000        2.3999999999999998E-003  0.17380000000000001       0.39419999999999999       0.42959999999999998     
   113.00000000000000       0.13188437286133736        0.0000000000000000        2.3999999999999998E-003  0.17380000000000001       0.39219999999999999       0.43159999999999998     
   114.00000000000000       0.12922665126368224        0.0000000000000000        2.3999999999999998E-003  0.17380000000000001       0.39019999999999999       0.43359999999999999     
   115.00000000000000       0.12690887744808060        0.0000000000000000        2.2000000000000001E-003  0.17380000000000001       0.39019999999999999       0.43380000000000002     
   116.00000000000000       0.12697460158095455        0.0000000000000000        2.2000000000000001E-003  0.17380000000000001       0.37800000000000000       0.44600000000000001     
   117.00000000000000       0.12817319955267525        0.0000000000000000        1.8800000000000001E-002  0.15720000000000001       0.37059999999999998       0.45340000000000003     
   118.00000000000000       0.13196445026940234        0.0000000000000000        1.8800000000000001E-002  0.15679999999999999       0.36480000000000001       0.45960000000000001     
   119.00000000000000       0.14198022302617935        0.0000000000000000        1.8800000000000001E-002  0.15679999999999999       0.36480000000000001       0.45960000000000001     
   120.00000000000000       0.15340967150594018        0.0000000000000000        1.8599999999999998E-002  0.15700000000000000       0.36480000000000001       0.45960000000000001     
   121.00000000000000       0.16819354136531869        0.0000000000000000        1.8200000000000001E-002  0.15740000000000001       0.36080000000000001       0.46360000000000001     
   122.00000000000000       0.18537721755624020        0.0000000000000000        1.6600000000000000E-002  0.15440000000000001       0.36059999999999998       0.46839999999999998     
   123.00000000000000       0.20127459859611588        0.0000000000000000        1.6600000000000000E-002  0.15440000000000001       0.36020000000000002       0.46879999999999999     
   124.00000000000000       0.21819068987887574        0.0000000000000000        1.6600000000000000E-002  0.15160000000000001       0.36020000000000002       0.47160000000000002     
   125.00000000000000       0.23495605025495275        0.0000000000000000        1.6600000000000000E-002  0.15060000000000001       0.35399999999999998       0.47880000000000000     
   126.00000000000000       0.24968953313317607        0.0000000000000000        1.6600000000000000E-002  0.15060000000000001       0.35399999999999998       0.47880000000000000     
   127.00000000000000       0.26339139115423171        0.0000000000000000        1.6000000000000000E-002  0.15060000000000001       0.35420000000000001       0.47920000000000001     
   128.00000000000000       0.27681811840276538        0.0000000000000000        1.5400000000000000E-002  0.14740000000000000       0.35959999999999998       0.47760000000000002     
   129.00000000000000       0.28755233535798191        0.0000000000000000        1.5400000000000000E-002  0.14720000000000000       0.36020000000000002       0.47720000000000001     
   130.00000000000000       0.29731742574306108        0.0000000000000000        1.4800000000000001E-002  0.14599999999999999       0.36399999999999999       0.47520000000000001     
   131.00000000000000       0.30501031439366594        0.0000000000000000        1.4400000000000000E-002  0.14440000000000000       0.36859999999999998       0.47260000000000002     
   132.00000000000000       0.31159643254552327        0.0000000000000000        1.4400000000000000E-002  0.14440000000000000       0.35520000000000002       0.48599999999999999     
   133.00000000000000       0.31559005434059384        0.0000000000000000        1.2400000000000000E-002  0.14580000000000001       0.35639999999999999       0.48540000000000000     
   134.00000000000000       0.31730069789149074        0.0000000000000000        1.2000000000000000E-002  0.14620000000000000       0.35699999999999998       0.48480000000000001     
   135.00000000000000       0.31700010114154287        0.0000000000000000        1.2000000000000000E-002  0.14540000000000000       0.35759999999999997       0.48499999999999999     
   136.00000000000000       0.31673761199218353        0.0000000000000000        1.1200000000000000E-002  0.14480000000000001       0.35139999999999999       0.49259999999999998     
   137.00000000000000       0.31398884262529597        0.0000000000000000        1.1200000000000000E-002  0.14060000000000000       0.35399999999999998       0.49419999999999997     
   138.00000000000000       0.30824083663935481        0.0000000000000000        1.1200000000000000E-002  0.14060000000000000       0.35399999999999998       0.49419999999999997     
   139.00000000000000       0.30162522427741084        5.5999999999999999E-003   5.5999999999999999E-003  0.14000000000000001       0.35380000000000000       0.49500000000000000     
   140.00000000000000       0.29328330835030414        5.5999999999999999E-003   5.5999999999999999E-003  0.13940000000000000       0.35439999999999999       0.49500000000000000     
   141.00000000000000       0.28356328121575264        5.5999999999999999E-003   5.5999999999999999E-003  0.13960000000000000       0.35360000000000003       0.49559999999999998     
   142.00000000000000       0.27336821740747941        5.5999999999999999E-003   5.5999999999999999E-003  0.14099999999999999       0.35220000000000001       0.49559999999999998     
   143.00000000000000       0.25904649467584429        5.5999999999999999E-003   5.5999999999999999E-003  0.14000000000000001       0.34999999999999998       0.49880000000000002     
   144.00000000000000       0.25624114500535022        5.5999999999999999E-003   1.7200000000000000E-002  0.12959999999999999       0.34480000000000000       0.50280000000000002     
   145.00000000000000       0.25194049288206810        5.5999999999999999E-003   1.7600000000000001E-002  0.12939999999999999       0.34460000000000002       0.50280000000000002     
   146.00000000000000       0.24841171015606897        5.5999999999999999E-003   1.6799999999999999E-002  0.13600000000000001       0.33879999999999999       0.50280000000000002     
   147.00000000000000       0.24550937449349253        5.4000000000000003E-003   1.6799999999999999E-002  0.13500000000000001       0.33900000000000002       0.50380000000000003     
   148.00000000000000       0.24201021355201396        5.4000000000000003E-003   1.7000000000000001E-002  0.13200000000000001       0.33900000000000002       0.50660000000000005     
   149.00000000000000       0.23487854933338115        5.4000000000000003E-003   1.7200000000000000E-002  0.13180000000000000       0.33900000000000002       0.50660000000000005     
   150.00000000000000       0.22412492979606252        5.4000000000000003E-003   1.7200000000000000E-002  0.13100000000000001       0.33900000000000002       0.50739999999999996     
   151.00000000000000       0.21375975213239179        5.4000000000000003E-003   1.6799999999999999E-002  0.12820000000000001       0.33939999999999998       0.51019999999999999     
   152.00000000000000       0.20522880420286954        5.4000000000000003E-003   1.6199999999999999E-002  0.30480000000000002       0.15200000000000000       0.52159999999999995     
   153.00000000000000       0.19120756341102579        5.4000000000000003E-003   1.6000000000000000E-002  0.30480000000000002       0.15160000000000001       0.52220000000000000     
   154.00000000000000       0.18037952184554576        5.4000000000000003E-003   1.5599999999999999E-002  0.30499999999999999       0.14660000000000001       0.52739999999999998     
   155.00000000000000       0.16752157484590230        5.4000000000000003E-003   1.1400000000000000E-002  0.30940000000000001       0.14599999999999999       0.52780000000000005     
   156.00000000000000       0.17073874882416706        5.4000000000000003E-003   1.1400000000000000E-002  0.29559999999999997       0.15759999999999999       0.53000000000000003     
   157.00000000000000       0.17395441738831616        5.4000000000000003E-003   1.1400000000000000E-002  0.29899999999999999       0.15400000000000000       0.53020000000000000     
   158.00000000000000       0.17971956783405038        5.4000000000000003E-003   1.1400000000000000E-002  0.30299999999999999       0.14779999999999999       0.53239999999999998     
   159.00000000000000       0.18584823342967388        5.4000000000000003E-003   1.1400000000000000E-002  0.30320000000000003       0.14760000000000001       0.53239999999999998     
   160.00000000000000       0.19296093281862126        0.0000000000000000        1.6799999999999999E-002  0.30220000000000002       0.14860000000000001       0.53239999999999998     
   161.00000000000000       0.20281114764572555        0.0000000000000000        1.6799999999999999E-002  0.30120000000000002       0.14779999999999999       0.53420000000000001     
   162.00000000000000       0.21370570447686230        0.0000000000000000        1.6400000000000001E-002  0.30199999999999999       0.14720000000000000       0.53439999999999999     
   163.00000000000000       0.22802853445727875        2.0000000000000001E-004   1.6199999999999999E-002  0.30220000000000002       0.14680000000000001       0.53459999999999996     
   164.00000000000000       0.23914051517117915        2.0000000000000001E-004   1.6199999999999999E-002  0.30220000000000002       0.14680000000000001       0.53459999999999996     
   165.00000000000000       0.23628216185615217        2.0000000000000001E-004   1.6199999999999999E-002  0.29559999999999997       0.15120000000000000       0.53680000000000005     
   166.00000000000000       0.23994623521861957        2.0000000000000001E-004   1.6199999999999999E-002  0.29120000000000001       0.15379999999999999       0.53859999999999997     
   167.00000000000000       0.28101955293069242        2.0000000000000001E-004   1.6199999999999999E-002  0.29180000000000000       0.15320000000000000       0.53859999999999997     
   168.00000000000000       0.31633602009839362        2.0000000000000001E-004   1.5800000000000002E-002  0.29160000000000003       0.15359999999999999       0.53879999999999995     
   169.00000000000000       0.35054994944719059        5.9999999999999995E-004   1.5400000000000000E-002  0.25540000000000002       0.18759999999999999       0.54100000000000004     
   170.00000000000000       0.35265851275333782        5.9999999999999995E-004   1.5400000000000000E-002  0.22520000000000001       0.21740000000000001       0.54139999999999999     
   171.00000000000000       0.36176145948573918        0.0000000000000000        1.6000000000000000E-002  0.22600000000000001       0.21620000000000000       0.54179999999999995     
   172.00000000000000       0.27441515474433270        0.0000000000000000        1.6000000000000000E-002  0.13300000000000001       0.21540000000000001       0.63560000000000005     
   173.00000000000000        1.4522036452608997        0.0000000000000000        1.5599999999999999E-002   0.0000000000000000       0.36899999999999999       0.61539999999999995     
   174.00000000000000        1.0554836240051333        0.0000000000000000        1.5400000000000000E-002   0.0000000000000000       0.36499999999999999       0.61960000000000004     
   175.00000000000000        1.0514881041913173        0.0000000000000000        1.5400000000000000E-002   0.0000000000000000       0.36399999999999999       0.62060000000000004     
   176.00000000000000        1.1307085294638271        4.0000000000000002E-004   1.4999999999999999E-002   2.0000000000000001E-004  0.21240000000000001       0.77200000000000002     
   177.00000000000000       0.49077126492180295        4.0000000000000002E-004   1.4999999999999999E-002   2.0000000000000001E-004  0.21160000000000001       0.77280000000000004     
   178.00000000000000       0.49535687921032445        4.0000000000000002E-004   1.4999999999999999E-002   2.0000000000000001E-004  0.21179999999999999       0.77259999999999995     
   179.00000000000000       0.49752729883694768        4.0000000000000002E-004   1.4999999999999999E-002   2.0000000000000001E-004  0.20799999999999999       0.77639999999999998     
   180.00000000000000       0.49610710775139133        4.0000000000000002E-004   1.4999999999999999E-002   2.0000000000000001E-004  0.20799999999999999       0.77639999999999998     
   181.00000000000000       0.49338584571218891        4.0000000000000002E-004   1.4999999999999999E-002   2.0000000000000001E-004  0.20699999999999999       0.77739999999999998     
   182.00000000000000       0.48823229260837286        4.0000000000000002E-004   1.4999999999999999E-002   2.0000000000000001E-004  0.20699999999999999       0.77739999999999998     
   183.00000000000000       0.48235271115730710        4.0000000000000002E-004   1.4999999999999999E-002   2.0000000000000001E-004  0.20080000000000001       0.78359999999999996     
   184.00000000000000       0.47440052497935170        2.0000000000000001E-004   1.4999999999999999E-002   2.0000000000000001E-004  0.20180000000000001       0.78280000000000005     
   185.00000000000000       0.46426285661872541        2.0000000000000001E-004   1.4999999999999999E-002   2.0000000000000001E-004  0.20360000000000000       0.78100000000000003     
   186.00000000000000       0.45286138033704881        2.0000000000000001E-004   1.4999999999999999E-002   2.0000000000000001E-004  0.20300000000000001       0.78159999999999996     
   187.00000000000000       0.44044756178954203        2.0000000000000001E-004   1.4999999999999999E-002   2.0000000000000001E-004  0.20640000000000000       0.77820000000000000     
   188.00000000000000       0.42726173909200771        2.0000000000000001E-004   1.4999999999999999E-002   2.0000000000000001E-004  0.20920000000000000       0.77539999999999998     
   189.00000000000000       0.41396753143507026        2.0000000000000001E-004   1.4999999999999999E-002   2.0000000000000001E-004  0.20619999999999999       0.77839999999999998     
   190.00000000000000       0.40026631909678273        1.0000000000000000E-003   1.4200000000000001E-002   2.0000000000000001E-004  0.20300000000000001       0.78159999999999996     
   191.00000000000000       0.38812490823769280        1.0000000000000000E-003   1.4000000000000000E-002   2.0000000000000001E-004  0.15859999999999999       0.82620000000000005     
   192.00000000000000       0.37354720658895024        1.0000000000000000E-003   1.4000000000000000E-002   2.0000000000000001E-004  0.19780000000000000       0.78700000000000003     
   193.00000000000000       0.35919195060386028        1.0000000000000000E-003   1.4000000000000000E-002   2.0000000000000001E-004  0.22059999999999999       0.76419999999999999     
   194.00000000000000       0.34660223663937473        1.0000000000000000E-003   1.3800000000000000E-002   2.0000000000000001E-004  0.21700000000000000       0.76800000000000002     
   195.00000000000000       0.33279888478300179        1.0000000000000000E-003   1.3800000000000000E-002   2.0000000000000001E-004  0.24040000000000000       0.74460000000000004     
   196.00000000000000       0.32054344023166120        1.0000000000000000E-003   1.3599999999999999E-002   2.0000000000000001E-004  0.21360000000000001       0.77159999999999995     
   197.00000000000000       0.30872776239725019        1.0000000000000000E-003   1.3599999999999999E-002   2.0000000000000001E-004  0.17840000000000000       0.80679999999999996     
   198.00000000000000       0.29662412655961035        8.0000000000000004E-004   1.3800000000000000E-002   2.0000000000000001E-004  0.18579999999999999       0.79940000000000000     
   199.00000000000000       0.28494007414221895        8.0000000000000004E-004   1.3800000000000000E-002   2.0000000000000001E-004  0.21060000000000001       0.77459999999999996     
   200.00000000000000       0.27520219350102904        8.0000000000000004E-004   1.3800000000000000E-002   2.0000000000000001E-004  0.22100000000000000       0.76419999999999999     
   201.00000000000000       0.26827053361235337        8.0000000000000004E-004   1.3800000000000000E-002   2.0000000000000001E-004  0.18840000000000001       0.79679999999999995     
   202.00000000000000       0.26177366405956276        8.0000000000000004E-004   1.3800000000000000E-002   2.0000000000000001E-004  0.18520000000000000       0.80000000000000004     
   203.00000000000000       0.25704629505160215        8.0000000000000004E-004   1.3800000000000000E-002   2.0000000000000001E-004  0.17040000000000000       0.81479999999999997     
   204.00000000000000       0.25389575044633450        5.9999999999999995E-004   1.3800000000000000E-002   2.0000000000000001E-004  0.16919999999999999       0.81620000000000004     
   205.00000000000000       0.25177877963941425        4.0000000000000002E-004   1.3800000000000000E-002   2.0000000000000001E-004  0.16460000000000000       0.82099999999999995     
   206.00000000000000       0.25167600982148636        4.0000000000000002E-004   1.3800000000000000E-002   2.0000000000000001E-004  0.16460000000000000       0.82099999999999995     
   207.00000000000000       0.25322251194794015        4.0000000000000002E-004   1.3599999999999999E-002   2.0000000000000001E-004  0.16500000000000001       0.82079999999999997     
   208.00000000000000       0.25566977466763435        4.0000000000000002E-004   1.2800000000000001E-002   2.0000000000000001E-004  0.16560000000000000       0.82099999999999995     
   209.00000000000000       0.26123878899922004        4.0000000000000002E-004   1.2800000000000001E-002   2.0000000000000001E-004  0.16619999999999999       0.82040000000000002     
   210.00000000000000       0.26723200069981790        4.0000000000000002E-004   1.2800000000000001E-002   2.0000000000000001E-004  0.16500000000000001       0.82160000000000000     
   211.00000000000000       0.27506533996599208        5.9999999999999995E-004   1.2600000000000000E-002   2.0000000000000001E-004  0.16619999999999999       0.82040000000000002     
   212.00000000000000       0.28441744734043684        5.9999999999999995E-004   1.2000000000000000E-002   2.0000000000000001E-004  0.16660000000000000       0.82060000000000000     
   213.00000000000000       0.29482719942478380        5.9999999999999995E-004   1.2000000000000000E-002   2.0000000000000001E-004  0.16700000000000001       0.82020000000000004     
   214.00000000000000       0.30652364989874659        5.9999999999999995E-004   1.2000000000000000E-002   2.0000000000000001E-004  0.16639999999999999       0.82079999999999997     
   215.00000000000000       0.31927503863540729        5.9999999999999995E-004   1.2000000000000000E-002   2.0000000000000001E-004  0.16660000000000000       0.82060000000000000     
   216.00000000000000       0.33275435038962470        5.9999999999999995E-004   1.1400000000000000E-002   8.0000000000000004E-004  0.16660000000000000       0.82060000000000000     
