#        BMIN =   404
#        BMAX =   408
#     INIBAND =   406
#      NBANDS =   540
#         NSW =  2000
#       POTIM =   1.0
#        TEMP = 300.0
#    NAMDTINI =   606
#    NAMDTIME =  1000
#       NTRAJ =  5000
#        NELM =  1000
#       LHOLE =     T
#        LSHP =     T
#      LCPTXT =     T
#      RUNDIR = ../../run/
   1.0000000000000000       0.29515276932570333        0.0000000000000000        0.0000000000000000        1.0000000000000000        0.0000000000000000        0.0000000000000000     
   2.0000000000000000       0.30129488628114787        0.0000000000000000        0.0000000000000000       0.99980000000000002        2.0000000000000001E-004   0.0000000000000000     
   3.0000000000000000       0.30524084103075061        0.0000000000000000        0.0000000000000000       0.99980000000000002        2.0000000000000001E-004   0.0000000000000000     
   4.0000000000000000       0.30711520036301715        0.0000000000000000        0.0000000000000000       0.99939999999999996        4.0000000000000002E-004   2.0000000000000001E-004
   5.0000000000000000       0.30718744282520094        0.0000000000000000        0.0000000000000000       0.99880000000000002        1.0000000000000000E-003   2.0000000000000001E-004
   6.0000000000000000       0.30448595018897484        0.0000000000000000        0.0000000000000000       0.99839999999999995        1.4000000000000000E-003   2.0000000000000001E-004
   7.0000000000000000       0.29994174296616138        0.0000000000000000        0.0000000000000000       0.99660000000000004        2.3999999999999998E-003   1.0000000000000000E-003
   8.0000000000000000       0.29240147202087874        0.0000000000000000        0.0000000000000000       0.99660000000000004        2.3999999999999998E-003   1.0000000000000000E-003
   9.0000000000000000       0.28212993384322738        0.0000000000000000        0.0000000000000000       0.99660000000000004        2.3999999999999998E-003   1.0000000000000000E-003
   10.000000000000000       0.26985094676231147        0.0000000000000000        0.0000000000000000       0.99580000000000002        2.3999999999999998E-003   1.8000000000000000E-003
   11.000000000000000       0.25570631235627317        0.0000000000000000        0.0000000000000000       0.99299999999999999        2.3999999999999998E-003   4.5999999999999999E-003
   12.000000000000000       0.23816602432942341        0.0000000000000000        2.0000000000000001E-004  0.99260000000000004        2.5999999999999999E-003   4.5999999999999999E-003
   13.000000000000000       0.21920352711278748        0.0000000000000000        8.0000000000000004E-004  0.99199999999999999        2.5999999999999999E-003   4.5999999999999999E-003
   14.000000000000000       0.19851971701828716        0.0000000000000000        1.1999999999999999E-003  0.99119999999999997        2.5999999999999999E-003   5.0000000000000001E-003
   15.000000000000000       0.17688790037796312        0.0000000000000000        4.0000000000000002E-004  0.98999999999999999        4.5999999999999999E-003   5.0000000000000001E-003
   16.000000000000000       0.15380840367145618        0.0000000000000000        2.0000000000000001E-004  0.99019999999999997        4.5999999999999999E-003   5.0000000000000001E-003
   17.000000000000000       0.13155817745095097        0.0000000000000000        0.0000000000000000       0.98999999999999999        4.5999999999999999E-003   5.4000000000000003E-003
   18.000000000000000       0.11979331512789780        0.0000000000000000        3.9199999999999999E-002  0.95079999999999998        4.5999999999999999E-003   5.4000000000000003E-003
   19.000000000000000       0.11974100629015935        0.0000000000000000        3.0200000000000001E-002  0.95940000000000003        4.7999999999999996E-003   5.5999999999999999E-003
   20.000000000000000       0.12140517629186541        0.0000000000000000        2.4799999999999999E-002  0.96479999999999999        4.4000000000000003E-003   6.0000000000000001E-003
   21.000000000000000       0.12307447714706012        0.0000000000000000        2.4199999999999999E-002  0.95860000000000001        1.0999999999999999E-002   6.1999999999999998E-003
   22.000000000000000       0.12124698923854405        0.0000000000000000        2.4199999999999999E-002  0.95199999999999996        1.7800000000000000E-002   6.0000000000000001E-003
   23.000000000000000       0.11397619598771126        0.0000000000000000        2.3800000000000002E-002  0.95199999999999996        1.6799999999999999E-002   7.4000000000000003E-003
   24.000000000000000       0.10375925053849962        0.0000000000000000        2.3599999999999999E-002  0.94620000000000004        1.7399999999999999E-002   1.2800000000000001E-002
   25.000000000000000        8.9221775324472424E-002   0.0000000000000000        2.2400000000000000E-002  0.94540000000000002        1.9400000000000001E-002   1.2800000000000001E-002
   26.000000000000000        7.1376643829736977E-002   0.0000000000000000        2.2400000000000000E-002  0.94520000000000004        1.9599999999999999E-002   1.2800000000000001E-002
   27.000000000000000        5.2273860587371018E-002   2.8000000000000000E-003   1.9599999999999999E-002  0.94479999999999997        2.0000000000000000E-002   1.2800000000000001E-002
   28.000000000000000        3.3790085408098892E-002   2.2000000000000001E-003   1.9599999999999999E-002  0.94479999999999997        2.0199999999999999E-002   1.3200000000000000E-002
   29.000000000000000        1.6013725986555948E-002   2.2000000000000001E-003   1.6799999999999999E-002  0.94720000000000004        2.0199999999999999E-002   1.3599999999999999E-002
   30.000000000000000        2.5531189479995019E-003   1.6000000000000001E-003   1.7200000000000000E-002  0.94720000000000004        2.0000000000000000E-002   1.4000000000000000E-002
   31.000000000000000        4.3432319486499997E-002   1.6000000000000001E-003   1.7200000000000000E-002  0.94720000000000004        1.9800000000000002E-002   1.4200000000000001E-002
   32.000000000000000        8.1722147756822086E-002   1.0000000000000000E-003   1.7800000000000000E-002  0.94720000000000004        1.9800000000000002E-002   1.4200000000000001E-002
   33.000000000000000       0.11640630434283653        1.0000000000000000E-003   1.7800000000000000E-002  0.94720000000000004        1.9800000000000002E-002   1.4200000000000001E-002
   34.000000000000000       0.14523142508714049        1.0000000000000000E-003   1.7399999999999999E-002  0.94720000000000004        2.0199999999999999E-002   1.4200000000000001E-002
   35.000000000000000       0.16974197881719372        8.0000000000000004E-004   1.7600000000000001E-002  0.94720000000000004        2.0199999999999999E-002   1.4200000000000001E-002
   36.000000000000000       0.18571972862122499        8.0000000000000004E-004   1.7399999999999999E-002  0.94720000000000004        2.0400000000000001E-002   1.4200000000000001E-002
   37.000000000000000       0.19472871551904020        8.0000000000000004E-004   1.7399999999999999E-002  0.94720000000000004        2.0199999999999999E-002   1.4400000000000000E-002
   38.000000000000000       0.19625763223571491        8.0000000000000004E-004   1.7000000000000001E-002  0.94720000000000004        2.0199999999999999E-002   1.4800000000000001E-002
   39.000000000000000       0.18783037411654477        8.0000000000000004E-004   1.7000000000000001E-002  0.94720000000000004        2.0199999999999999E-002   1.4800000000000001E-002
   40.000000000000000       0.17211159563592107        8.0000000000000004E-004   1.6799999999999999E-002  0.94720000000000004        2.0400000000000001E-002   1.4800000000000001E-002
   41.000000000000000       0.14790134425317969        8.0000000000000004E-004   1.6799999999999999E-002  0.94720000000000004        2.0199999999999999E-002   1.4999999999999999E-002
   42.000000000000000       0.11738604155061114        8.0000000000000004E-004   1.6600000000000000E-002  0.94720000000000004        2.0400000000000001E-002   1.4999999999999999E-002
   43.000000000000000        8.0304834612547338E-002   8.0000000000000004E-004   1.6600000000000000E-002  0.94720000000000004        2.0400000000000001E-002   1.4999999999999999E-002
   44.000000000000000        3.7914655677084193E-002   8.0000000000000004E-004   2.5000000000000001E-002  0.93799999999999994        2.0600000000000000E-002   1.5599999999999999E-002
   45.000000000000000        2.8985779620038711E-002   8.0000000000000004E-004   2.5000000000000001E-002  0.93720000000000003        2.1399999999999999E-002   1.5599999999999999E-002
   46.000000000000000        3.4469839385155368E-002   8.0000000000000004E-004   2.5000000000000001E-002  0.93720000000000003        2.1399999999999999E-002   1.5599999999999999E-002
   47.000000000000000        3.9169286378440714E-002   8.0000000000000004E-004   2.4799999999999999E-002  0.93740000000000001        1.9800000000000002E-002   1.7200000000000000E-002
   48.000000000000000        4.5096768643479890E-002   8.0000000000000004E-004   2.4400000000000002E-002  0.93600000000000005        2.1999999999999999E-002   1.6799999999999999E-002
   49.000000000000000        4.9325184735058286E-002   8.0000000000000004E-004   2.4400000000000002E-002  0.93600000000000005        2.1999999999999999E-002   1.6799999999999999E-002
   50.000000000000000        5.7497217738607484E-002   8.0000000000000004E-004   2.4799999999999999E-002  0.93540000000000001        2.2200000000000001E-002   1.6799999999999999E-002
   51.000000000000000        7.6590707858089482E-002   4.0000000000000002E-004   2.8600000000000000E-002  0.93179999999999996        2.1200000000000000E-002   1.7999999999999999E-002
   52.000000000000000       0.11487850783709555        4.0000000000000002E-004   2.9000000000000001E-002  0.93140000000000001        2.0199999999999999E-002   1.9000000000000000E-002
   53.000000000000000       0.16414082913725533        4.0000000000000002E-004   2.8799999999999999E-002  0.91539999999999999        3.6400000000000002E-002   1.9000000000000000E-002
   54.000000000000000       0.20083050311875797        4.0000000000000002E-004   2.6400000000000000E-002  0.86839999999999995        8.5800000000000001E-002   1.9000000000000000E-002
   55.000000000000000       0.23403889849128925        2.0000000000000001E-004   2.6400000000000000E-002  0.85380000000000000        8.5000000000000006E-002   3.4599999999999999E-002
   56.000000000000000       0.28364076653600634        5.9999999999999995E-004   2.3800000000000002E-002  0.78139999999999998       0.10600000000000000        8.8200000000000001E-002
   57.000000000000000       0.44159776615838375        5.9999999999999995E-004   2.3599999999999999E-002  0.78159999999999996       0.10600000000000000        8.8200000000000001E-002
   58.000000000000000       0.57138645257873710        5.9999999999999995E-004   2.4400000000000002E-002  0.28239999999999998       0.56940000000000002       0.12320000000000000     
   59.000000000000000       0.37874854668267860        5.9999999999999995E-004   2.3000000000000000E-002  0.28000000000000003       0.57320000000000004       0.12320000000000000     
   60.000000000000000       0.47518696258829080        2.0000000000000001E-004   2.3000000000000000E-002  0.27860000000000001       0.57360000000000000       0.12460000000000000     
   61.000000000000000        7.1708854347156195E-002   4.0000000000000002E-004   2.3000000000000000E-002  0.27560000000000001       0.57360000000000000       0.12740000000000001     
   62.000000000000000       0.40407960546812988        2.0000000000000001E-004   2.3199999999999998E-002  0.27339999999999998       0.56399999999999995       0.13919999999999999     
   63.000000000000000       0.45174061298711943        2.0000000000000001E-004   1.7999999999999999E-002  0.22680000000000000       0.54139999999999999       0.21360000000000001     
   64.000000000000000       0.79787714837468138        2.0000000000000001E-004   1.8200000000000001E-002  0.22660000000000000       0.54139999999999999       0.21360000000000001     
   65.000000000000000       0.82044303300757793        2.0000000000000001E-004   1.8200000000000001E-002  0.22439999999999999       0.53520000000000001       0.22200000000000000     
   66.000000000000000       0.85216172907647270        2.0000000000000001E-004   1.7800000000000000E-002  0.22280000000000000       0.53559999999999997       0.22359999999999999     
   67.000000000000000       0.86626745099871605        2.0000000000000001E-004   1.7999999999999999E-002  0.22120000000000001       0.53559999999999997       0.22500000000000001     
   68.000000000000000       0.86064036617868056        2.0000000000000001E-004   1.7999999999999999E-002  0.22120000000000001       0.53559999999999997       0.22500000000000001     
   69.000000000000000       0.87508246721990368        2.0000000000000001E-004   1.7800000000000000E-002  0.22140000000000001       0.50339999999999996       0.25719999999999998     
   70.000000000000000       0.85900378968486857        2.0000000000000001E-004   1.7800000000000000E-002  0.21740000000000001       0.50739999999999996       0.25719999999999998     
   71.000000000000000       0.86935215255339338        2.0000000000000001E-004   1.7800000000000000E-002  0.21720000000000000       0.50739999999999996       0.25740000000000002     
   72.000000000000000       0.86029115420603874        2.0000000000000001E-004   1.5800000000000002E-002  0.21460000000000001       0.50760000000000005       0.26179999999999998     
   73.000000000000000       0.84878090220532232        2.0000000000000001E-004   1.4600000000000000E-002  0.21579999999999999       0.50760000000000005       0.26179999999999998     
   74.000000000000000       0.82560816604448495        2.0000000000000001E-004   1.4600000000000000E-002  0.21579999999999999       0.50760000000000005       0.26179999999999998     
   75.000000000000000       0.80950093210171858        2.0000000000000001E-004   1.4600000000000000E-002  0.21460000000000001       0.50860000000000005       0.26200000000000001     
   76.000000000000000       0.84940904999579070        2.0000000000000001E-004   1.4400000000000000E-002  0.20499999999999999       0.51819999999999999       0.26219999999999999     
   77.000000000000000       0.77123690710018489        2.0000000000000001E-004   1.4400000000000000E-002  0.20499999999999999       0.51339999999999997       0.26700000000000002     
   78.000000000000000       0.73837717816667614        2.0000000000000001E-004   1.4200000000000001E-002   6.3200000000000006E-002  0.65539999999999998       0.26700000000000002     
   79.000000000000000       0.63264562080567943        2.0000000000000001E-004   1.1400000000000000E-002   2.2599999999999999E-002  0.31719999999999998       0.64859999999999995     
   80.000000000000000       0.89298265504909380        2.0000000000000001E-004   9.5999999999999992E-003   2.2800000000000001E-002  0.31879999999999997       0.64859999999999995     
   81.000000000000000        1.1074677845128678        2.0000000000000001E-004   8.9999999999999993E-003   2.0799999999999999E-002  0.32119999999999999       0.64880000000000004     
   82.000000000000000       0.89344823238558146        2.0000000000000001E-004   8.9999999999999993E-003   1.9000000000000000E-002  0.32200000000000001       0.64980000000000004     
   83.000000000000000       0.86900761799077886        2.0000000000000001E-004   8.9999999999999993E-003   0.0000000000000000       0.33839999999999998       0.65239999999999998     
   84.000000000000000       0.95778831965622646        0.0000000000000000        8.9999999999999993E-003   4.0000000000000002E-004  0.27920000000000000       0.71140000000000003     
   85.000000000000000       0.87287354863470112        0.0000000000000000        8.9999999999999993E-003   5.7999999999999996E-003  0.27300000000000002       0.71220000000000006     
   86.000000000000000       0.86705573901878863        0.0000000000000000        8.9999999999999993E-003   2.8000000000000000E-003  0.27560000000000001       0.71260000000000001     
   87.000000000000000       0.85935687850661868        8.0000000000000004E-004   7.4000000000000003E-003   8.0000000000000002E-003  0.27120000000000000       0.71260000000000001     
   88.000000000000000       0.29075883188797141        8.0000000000000004E-004   7.4000000000000003E-003   7.7999999999999996E-003  0.27020000000000000       0.71379999999999999     
   89.000000000000000       0.26883121178461006        8.0000000000000004E-004   7.4000000000000003E-003   7.7999999999999996E-003  0.27020000000000000       0.71379999999999999     
   90.000000000000000       0.24934442007671226        8.0000000000000004E-004   7.4000000000000003E-003   6.4000000000000003E-003  0.27039999999999997       0.71499999999999997     
   91.000000000000000       0.23156506226300991        8.0000000000000004E-004   7.1999999999999998E-003   6.4000000000000003E-003  0.27060000000000001       0.71499999999999997     
   92.000000000000000       0.21595327658511193        5.9999999999999995E-004   7.4000000000000003E-003   6.4000000000000003E-003  0.27060000000000001       0.71499999999999997     
   93.000000000000000       0.20364265753222094        5.9999999999999995E-004   7.1999999999999998E-003   6.4000000000000003E-003  0.26939999999999997       0.71640000000000004     
   94.000000000000000       0.19399794773347823        5.9999999999999995E-004   7.1999999999999998E-003   6.4000000000000003E-003  0.26939999999999997       0.71640000000000004     
   95.000000000000000       0.18809779639942181        5.9999999999999995E-004   7.1999999999999998E-003   6.4000000000000003E-003  0.26740000000000003       0.71840000000000004     
   96.000000000000000       0.18587317287600272        5.9999999999999995E-004   7.1999999999999998E-003   5.7999999999999996E-003  0.26800000000000002       0.71840000000000004     
   97.000000000000000       0.18783496552269358        5.5999999999999999E-003   2.0000000000000000E-003   4.7999999999999996E-003  0.26860000000000001       0.71899999999999997     
   98.000000000000000       0.19311290674316850        5.5999999999999999E-003   2.0000000000000000E-003   4.1999999999999997E-003  0.26919999999999999       0.71899999999999997     
   99.000000000000000       0.20199190900613312        5.4000000000000003E-003   2.0000000000000000E-003   4.4000000000000003E-003  0.26840000000000003       0.71980000000000000     
   100.00000000000000       0.21341148989499845        5.4000000000000003E-003   2.0000000000000000E-003   4.4000000000000003E-003  0.26760000000000000       0.72060000000000002     
   101.00000000000000       0.22931252615085246        5.4000000000000003E-003   2.0000000000000000E-003   4.4000000000000003E-003  0.26060000000000000       0.72760000000000002     
   102.00000000000000       0.24505180467592777        5.4000000000000003E-003   2.0000000000000000E-003   4.4000000000000003E-003  0.26060000000000000       0.72760000000000002     
   103.00000000000000       0.26190717622494569        5.4000000000000003E-003   2.0000000000000000E-003   4.4000000000000003E-003  0.26060000000000000       0.72760000000000002     
   104.00000000000000       0.27803757844992488        5.4000000000000003E-003   2.0000000000000000E-003   4.1999999999999997E-003  0.25840000000000002       0.72999999999999998     
   105.00000000000000       0.30030139401169709        5.4000000000000003E-003   2.0000000000000000E-003   4.1999999999999997E-003  0.25600000000000001       0.73240000000000005     
   106.00000000000000       0.31744515047820060        5.4000000000000003E-003   2.0000000000000000E-003   4.1999999999999997E-003  0.25600000000000001       0.73240000000000005     
   107.00000000000000       0.33462683215067940        5.4000000000000003E-003   2.0000000000000000E-003   4.1999999999999997E-003  0.25400000000000000       0.73440000000000005     
   108.00000000000000       0.35476371663362777        5.4000000000000003E-003   2.0000000000000000E-003   4.1999999999999997E-003  0.25400000000000000       0.73440000000000005     
   109.00000000000000       0.37287192306379346        5.4000000000000003E-003   2.0000000000000000E-003   4.0000000000000001E-003  0.25419999999999998       0.73440000000000005     
   110.00000000000000       0.38900103963095378        5.4000000000000003E-003   2.0000000000000000E-003   4.0000000000000001E-003  0.25419999999999998       0.73440000000000005     
   111.00000000000000       0.40537018832300914        5.4000000000000003E-003   2.0000000000000000E-003   4.0000000000000001E-003  0.25419999999999998       0.73440000000000005     
   112.00000000000000       0.41830831529506202        5.4000000000000003E-003   2.0000000000000000E-003   4.0000000000000001E-003  0.25419999999999998       0.73440000000000005     
   113.00000000000000       0.43023887265892469        4.5999999999999999E-003   2.8000000000000000E-003   4.0000000000000001E-003  0.25419999999999998       0.73440000000000005     
   114.00000000000000       0.43817929442619474        4.5999999999999999E-003   2.8000000000000000E-003   4.0000000000000001E-003  0.25419999999999998       0.73440000000000005     
   115.00000000000000       0.45246192097511362        4.5999999999999999E-003   2.8000000000000000E-003   4.0000000000000001E-003  0.25419999999999998       0.73440000000000005     
   116.00000000000000       0.46103302633353305        4.5999999999999999E-003   2.8000000000000000E-003   4.0000000000000001E-003  0.25419999999999998       0.73440000000000005     
   117.00000000000000       0.46827248127347937        4.5999999999999999E-003   2.8000000000000000E-003   4.1999999999999997E-003  0.25400000000000000       0.73440000000000005     
   118.00000000000000       0.47435969361749064        4.5999999999999999E-003   2.8000000000000000E-003   2.0000000000000000E-003  0.25619999999999998       0.73440000000000005     
   119.00000000000000       0.48100579778285035        4.5999999999999999E-003   2.5999999999999999E-003   2.5999999999999999E-003  0.25219999999999998       0.73799999999999999     
   120.00000000000000       0.48580405396377507        4.5999999999999999E-003   2.5999999999999999E-003   2.5999999999999999E-003  0.25000000000000000       0.74019999999999997     
   121.00000000000000       0.48902323470718112        4.5999999999999999E-003   2.3999999999999998E-003   2.5999999999999999E-003  0.25019999999999998       0.74019999999999997     
   122.00000000000000       0.49140767978447120        4.5999999999999999E-003   2.3999999999999998E-003   2.5999999999999999E-003  0.25000000000000000       0.74039999999999995     
   123.00000000000000       0.49295681409838743        4.5999999999999999E-003   2.3999999999999998E-003   2.5999999999999999E-003  0.24959999999999999       0.74080000000000001     
   124.00000000000000       0.49374816323830850        4.5999999999999999E-003   2.3999999999999998E-003   2.3999999999999998E-003  0.24979999999999999       0.74080000000000001     
   125.00000000000000       0.49394097950976013        4.5999999999999999E-003   2.3999999999999998E-003   2.3999999999999998E-003  0.24759999999999999       0.74299999999999999     
   126.00000000000000       0.49439874272237111        3.5999999999999999E-003   3.3999999999999998E-003   2.3999999999999998E-003  0.24759999999999999       0.74299999999999999     
   127.00000000000000       0.49418666881971929        3.5999999999999999E-003   3.3999999999999998E-003   2.3999999999999998E-003  0.24820000000000000       0.74239999999999995     
   128.00000000000000       0.49450099148033139        3.5999999999999999E-003   3.3999999999999998E-003   2.0000000000000000E-003  0.24859999999999999       0.74239999999999995     
   129.00000000000000       0.49812980767063109        3.5999999999999999E-003   3.3999999999999998E-003   2.0000000000000000E-003  0.24540000000000001       0.74560000000000004     
   130.00000000000000       0.50502467936831108        3.5999999999999999E-003   3.3999999999999998E-003   2.0000000000000000E-003  0.24279999999999999       0.74819999999999998     
   131.00000000000000       0.51419424115536438        3.5999999999999999E-003   3.3999999999999998E-003   2.0000000000000000E-003  0.24199999999999999       0.74900000000000000     
   132.00000000000000       0.52482988907436556        3.5999999999999999E-003   1.8000000000000000E-003   3.5999999999999999E-003  0.24199999999999999       0.74900000000000000     
   133.00000000000000       0.53467409686471212        3.5999999999999999E-003   1.8000000000000000E-003   3.5999999999999999E-003  0.24160000000000001       0.74939999999999996     
   134.00000000000000       0.54398921282865409        3.3999999999999998E-003   2.0000000000000000E-003   3.3999999999999998E-003  0.24199999999999999       0.74919999999999998     
   135.00000000000000        1.0861819022644761        2.8000000000000000E-003   2.5999999999999999E-003   3.3999999999999998E-003  0.20960000000000001       0.78159999999999996     
   136.00000000000000        1.6988803765661931        2.8000000000000000E-003   2.3999999999999998E-003   3.3999999999999998E-003  0.20680000000000001       0.78459999999999996     
   137.00000000000000        1.5694562686745641        2.8000000000000000E-003   2.3999999999999998E-003   3.2000000000000002E-003  0.20680000000000001       0.78480000000000005     
   138.00000000000000        1.6830990831812218        2.8000000000000000E-003   2.3999999999999998E-003   3.2000000000000002E-003  0.20460000000000000       0.78700000000000003     
   139.00000000000000        1.3975031362009938        2.8000000000000000E-003   2.3999999999999998E-003   3.2000000000000002E-003  0.20460000000000000       0.78700000000000003     
   140.00000000000000        1.6531109573638947        2.8000000000000000E-003   2.3999999999999998E-003   2.3999999999999998E-003  0.20540000000000000       0.78700000000000003     
   141.00000000000000        1.0636135436547116        2.8000000000000000E-003   2.0000000000000000E-003   2.2000000000000001E-003  0.19739999999999999       0.79559999999999997     
   142.00000000000000       0.51074987472709021        2.8000000000000000E-003   2.0000000000000000E-003   2.2000000000000001E-003  0.19739999999999999       0.79559999999999997     
   143.00000000000000       0.48550296003377447        2.8000000000000000E-003   2.0000000000000000E-003   2.2000000000000001E-003  0.19739999999999999       0.79559999999999997     
   144.00000000000000       0.45612421920540180        2.8000000000000000E-003   1.4000000000000000E-003   2.5999999999999999E-003  0.19760000000000000       0.79559999999999997     
   145.00000000000000       0.42353953977525927        2.8000000000000000E-003   1.4000000000000000E-003   2.5999999999999999E-003  0.19760000000000000       0.79559999999999997     
   146.00000000000000       0.38773402000804452        2.8000000000000000E-003   1.4000000000000000E-003   2.5999999999999999E-003  0.19760000000000000       0.79559999999999997     
   147.00000000000000       0.34871510637210446        2.8000000000000000E-003   1.4000000000000000E-003   8.0000000000000002E-003  0.19220000000000001       0.79559999999999997     
   148.00000000000000       0.31244602518086306        0.0000000000000000        4.1999999999999997E-003   5.7999999999999996E-003  0.19400000000000001       0.79600000000000004     
   149.00000000000000       0.27818323608379103        0.0000000000000000        4.1999999999999997E-003   5.7999999999999996E-003  0.19359999999999999       0.79640000000000000     
   150.00000000000000       0.24577244687106745        0.0000000000000000        4.1999999999999997E-003   5.4000000000000003E-003  0.19359999999999999       0.79679999999999995     
   151.00000000000000       0.21789414163667589        0.0000000000000000        4.1999999999999997E-003   5.4000000000000003E-003  0.19320000000000001       0.79720000000000002     
   152.00000000000000       0.19638527883004347        0.0000000000000000        4.1999999999999997E-003   5.0000000000000001E-003  0.19400000000000001       0.79679999999999995     
   153.00000000000000       0.18191361162404079        0.0000000000000000        5.0000000000000001E-003   4.1999999999999997E-003  0.19400000000000001       0.79679999999999995     
   154.00000000000000       0.17808623796209488        0.0000000000000000        5.0000000000000001E-003   4.0000000000000001E-003  0.19139999999999999       0.79959999999999998     
   155.00000000000000       0.17747642660888391        0.0000000000000000        5.0000000000000001E-003   4.0000000000000001E-003  0.21820000000000001       0.77280000000000004     
   156.00000000000000       0.18294962056238717        0.0000000000000000        5.0000000000000001E-003   4.0000000000000001E-003  0.21800000000000000       0.77300000000000002     
   157.00000000000000       0.18976804789585999        0.0000000000000000        5.0000000000000001E-003   4.0000000000000001E-003  0.21940000000000001       0.77159999999999995     
   158.00000000000000       0.19632953455058760        0.0000000000000000        5.0000000000000001E-003   3.5999999999999999E-003  0.21959999999999999       0.77180000000000004     
   159.00000000000000       0.20226463737117020        0.0000000000000000        5.0000000000000001E-003   3.5999999999999999E-003  0.21840000000000001       0.77300000000000002     
   160.00000000000000       0.20674496494633821        0.0000000000000000        5.0000000000000001E-003   3.5999999999999999E-003  0.22080000000000000       0.77059999999999995     
   161.00000000000000       0.21065069706440032        0.0000000000000000        5.0000000000000001E-003   3.5999999999999999E-003  0.21920000000000001       0.77220000000000000     
   162.00000000000000       0.21325222767008872        0.0000000000000000        3.5999999999999999E-003   5.0000000000000001E-003  0.21920000000000001       0.77220000000000000     
   163.00000000000000       0.21409412030682362        0.0000000000000000        3.5999999999999999E-003   5.0000000000000001E-003  0.22200000000000000       0.76939999999999997     
   164.00000000000000       0.21422829439132307        0.0000000000000000        3.5999999999999999E-003   5.0000000000000001E-003  0.22200000000000000       0.76939999999999997     
   165.00000000000000       0.21379592469784317        0.0000000000000000        3.5999999999999999E-003   5.0000000000000001E-003  0.22159999999999999       0.76980000000000004     
   166.00000000000000       0.21237353790973815        0.0000000000000000        3.5999999999999999E-003   5.0000000000000001E-003  0.22080000000000000       0.77059999999999995     
   167.00000000000000       0.20890455367844052        0.0000000000000000        3.5999999999999999E-003   5.0000000000000001E-003  0.22220000000000001       0.76919999999999999     
   168.00000000000000       0.20499283989316577        0.0000000000000000        3.3999999999999998E-003   1.6199999999999999E-002  0.21120000000000000       0.76919999999999999     
   169.00000000000000       0.20331502446447952        0.0000000000000000        3.3999999999999998E-003   1.9199999999999998E-002  0.21120000000000000       0.76619999999999999     
   170.00000000000000       0.20506003789526839        2.5999999999999999E-003   8.0000000000000004E-004   1.9199999999999998E-002  0.21120000000000000       0.76619999999999999     
   171.00000000000000       0.20624118670268313        2.5999999999999999E-003   8.0000000000000004E-004   1.8800000000000001E-002  0.21120000000000000       0.76659999999999995     
   172.00000000000000       0.20618340581943809        2.8000000000000000E-003   5.9999999999999995E-004   1.8400000000000000E-002  0.21120000000000000       0.76700000000000002     
   173.00000000000000       0.20576136020192781        2.8000000000000000E-003   5.9999999999999995E-004   1.8800000000000001E-002  0.21120000000000000       0.76659999999999995     
   174.00000000000000       0.21558468025396899        2.2000000000000001E-003   1.1999999999999999E-003   1.8800000000000001E-002  0.21120000000000000       0.76659999999999995     
   175.00000000000000       0.20306676117525349        3.2000000000000002E-003   2.0000000000000001E-004   1.9000000000000000E-002  0.21120000000000000       0.76639999999999997     
   176.00000000000000       0.21093268480278077        3.2000000000000002E-003   2.0000000000000001E-004   1.8200000000000001E-002  0.21120000000000000       0.76719999999999999     
   177.00000000000000       0.19729673268254988        3.2000000000000002E-003   2.0000000000000001E-004   1.9000000000000000E-002  0.21120000000000000       0.76639999999999997     
   178.00000000000000       0.19277599277156554        3.2000000000000002E-003   2.0000000000000001E-004   3.1399999999999997E-002  0.19880000000000000       0.76639999999999997     
   179.00000000000000       0.19351572969345529        3.2000000000000002E-003   2.0000000000000001E-004   3.1399999999999997E-002  0.19739999999999999       0.76780000000000004     
   180.00000000000000       0.19352533666560581        3.2000000000000002E-003   2.0000000000000001E-004   3.1399999999999997E-002  0.19739999999999999       0.76780000000000004     
   181.00000000000000       0.19249405135233449        3.2000000000000002E-003   2.0000000000000001E-004   3.1399999999999997E-002  0.19700000000000001       0.76819999999999999     
   182.00000000000000       0.19111982516165263        3.2000000000000002E-003   1.1999999999999999E-003   3.0200000000000001E-002  0.19719999999999999       0.76819999999999999     
   183.00000000000000       0.18889281744305109        3.2000000000000002E-003   1.1999999999999999E-003   3.0200000000000001E-002  0.19680000000000000       0.76859999999999995     
   184.00000000000000       0.18755767791608602        3.2000000000000002E-003   1.1999999999999999E-003   3.0200000000000001E-002  0.19660000000000000       0.76880000000000004     
   185.00000000000000       0.18421451002254335        3.2000000000000002E-003   1.1999999999999999E-003   3.0200000000000001E-002  0.19660000000000000       0.76880000000000004     
   186.00000000000000       0.18060266622250382        3.2000000000000002E-003   1.1999999999999999E-003   3.0200000000000001E-002  0.19620000000000001       0.76919999999999999     
   187.00000000000000       0.17606647693410604        3.2000000000000002E-003   1.1999999999999999E-003   3.0200000000000001E-002  0.19620000000000001       0.76919999999999999     
   188.00000000000000       0.17140013398429513        3.2000000000000002E-003   1.1999999999999999E-003   3.0200000000000001E-002  0.19600000000000001       0.76939999999999997     
   189.00000000000000       0.16625541603513810        3.2000000000000002E-003   1.0000000000000000E-003   3.0200000000000001E-002  0.19620000000000001       0.76939999999999997     
   190.00000000000000       0.16125428547875384        3.2000000000000002E-003   1.0000000000000000E-003   3.0200000000000001E-002  0.19620000000000001       0.76939999999999997     
   191.00000000000000       0.15728197573269664        3.2000000000000002E-003   1.0000000000000000E-003   3.0200000000000001E-002  0.19600000000000001       0.76959999999999995     
   192.00000000000000       0.15427750106503749        3.3999999999999998E-003   8.0000000000000004E-004   3.0200000000000001E-002  0.19520000000000001       0.77039999999999997     
   193.00000000000000       0.15267400981738083        0.0000000000000000        4.1999999999999997E-003   3.0200000000000001E-002  0.19460000000000000       0.77100000000000002     
   194.00000000000000       0.15342075137849678        0.0000000000000000        4.1999999999999997E-003   3.0200000000000001E-002  0.19040000000000001       0.77520000000000000     
   195.00000000000000       0.15607398196477029        0.0000000000000000        4.1999999999999997E-003   3.0400000000000000E-002  0.18859999999999999       0.77680000000000005     
   196.00000000000000       0.16061508538038979        0.0000000000000000        4.1999999999999997E-003   3.0200000000000001E-002  0.18859999999999999       0.77700000000000002     
   197.00000000000000       0.16743893341735214        0.0000000000000000        4.1999999999999997E-003   3.0200000000000001E-002  0.18659999999999999       0.77900000000000003     
   198.00000000000000       0.17625915991980665        0.0000000000000000        4.1999999999999997E-003   3.0200000000000001E-002  0.18659999999999999       0.77900000000000003     
   199.00000000000000       0.18703159641310671        0.0000000000000000        4.1999999999999997E-003   3.0200000000000001E-002  0.18679999999999999       0.77880000000000005     
   200.00000000000000       0.20017416852489134        0.0000000000000000        4.1999999999999997E-003   2.9600000000000001E-002  0.18440000000000001       0.78180000000000005     
   201.00000000000000       0.21448839355290722        0.0000000000000000        4.1999999999999997E-003   2.9600000000000001E-002  0.18079999999999999       0.78539999999999999     
   202.00000000000000       0.22905488727948198        0.0000000000000000        4.0000000000000001E-003   2.9600000000000001E-002  0.18120000000000000       0.78520000000000001     
   203.00000000000000       0.24411560046798664        0.0000000000000000        4.0000000000000001E-003   2.9600000000000001E-002  0.18120000000000000       0.78520000000000001     
   204.00000000000000       0.25950349733242589        0.0000000000000000        4.0000000000000001E-003   2.9600000000000001E-002  0.18120000000000000       0.78520000000000001     
   205.00000000000000       0.27513264625466266        0.0000000000000000        4.0000000000000001E-003   2.9600000000000001E-002  0.17960000000000001       0.78680000000000005     
   206.00000000000000       0.29010861783486758        0.0000000000000000        3.0000000000000001E-003   2.9999999999999999E-002  0.17940000000000000       0.78759999999999997     
   207.00000000000000       0.30492875552289556        0.0000000000000000        3.0000000000000001E-003   2.9600000000000001E-002  0.17979999999999999       0.78759999999999997     
   208.00000000000000       0.31962121583965514        0.0000000000000000        3.0000000000000001E-003   2.9600000000000001E-002  0.17960000000000001       0.78779999999999994     
   209.00000000000000       0.33393761378353976        0.0000000000000000        3.0000000000000001E-003   2.9600000000000001E-002  0.17940000000000000       0.78800000000000003     
   210.00000000000000       0.34779994188604368        0.0000000000000000        3.0000000000000001E-003   2.9399999999999999E-002  0.18040000000000000       0.78720000000000001     
   211.00000000000000       0.36169629679591969        0.0000000000000000        3.0000000000000001E-003   2.9000000000000001E-002  0.18200000000000000       0.78600000000000003     
   212.00000000000000       0.37591295348100795        0.0000000000000000        3.0000000000000001E-003   2.9000000000000001E-002  0.18060000000000001       0.78739999999999999     
   213.00000000000000       0.39076412007775035        0.0000000000000000        3.0000000000000001E-003   2.8600000000000000E-002  0.18500000000000000       0.78339999999999999     
   214.00000000000000       0.40648640809225367        0.0000000000000000        3.0000000000000001E-003   2.8199999999999999E-002  0.19139999999999999       0.77739999999999998     
   215.00000000000000       0.42287116049776330        0.0000000000000000        3.0000000000000001E-003   2.8199999999999999E-002  0.19460000000000000       0.77420000000000000     
   216.00000000000000       0.43987715895897678        0.0000000000000000        3.0000000000000001E-003   2.8199999999999999E-002  0.19200000000000000       0.77680000000000005     
