#        BMIN =   404
#        BMAX =   408
#     INIBAND =   406
#      NBANDS =   540
#         NSW =  2000
#       POTIM =   1.0
#        TEMP = 300.0
#    NAMDTINI =   777
#    NAMDTIME =  1000
#       NTRAJ =  5000
#        NELM =  1000
#       LHOLE =     T
#        LSHP =     T
#      LCPTXT =     T
#      RUNDIR = ../../run/
   1.0000000000000000       0.12797138786495024        0.0000000000000000        0.0000000000000000        1.0000000000000000        0.0000000000000000        0.0000000000000000     
   2.0000000000000000       0.12406362981664558        0.0000000000000000        0.0000000000000000        1.0000000000000000        0.0000000000000000        0.0000000000000000     
   3.0000000000000000       0.13575990891109571        0.0000000000000000        0.0000000000000000        1.0000000000000000        0.0000000000000000        0.0000000000000000     
   4.0000000000000000       0.11315385390219927        0.0000000000000000        0.0000000000000000        1.0000000000000000        0.0000000000000000        0.0000000000000000     
   5.0000000000000000       0.12254631363136460        0.0000000000000000        0.0000000000000000       0.99919999999999998        0.0000000000000000        8.0000000000000004E-004
   6.0000000000000000        9.9744043343162558E-002   0.0000000000000000        0.0000000000000000       0.99919999999999998        0.0000000000000000        8.0000000000000004E-004
   7.0000000000000000        9.2843775806453088E-002   0.0000000000000000        0.0000000000000000       0.92340000000000000        7.5800000000000006E-002   8.0000000000000004E-004
   8.0000000000000000        5.8304445513745431E-002   0.0000000000000000        0.0000000000000000       0.92340000000000000        7.5600000000000001E-002   1.0000000000000000E-003
   9.0000000000000000        1.6660427994232521E-002   0.0000000000000000        0.0000000000000000       0.92340000000000000        7.5600000000000001E-002   1.0000000000000000E-003
   10.000000000000000       -2.6868336397973348E-002   0.0000000000000000        0.0000000000000000       0.92340000000000000        7.5399999999999995E-002   1.1999999999999999E-003
   11.000000000000000       -7.1560880558732429E-002   0.0000000000000000        3.5999999999999999E-003  0.91979999999999995        7.5399999999999995E-002   1.1999999999999999E-003
   12.000000000000000      -0.11121818370171908        0.0000000000000000        3.5999999999999999E-003  0.91879999999999995        7.6399999999999996E-002   1.1999999999999999E-003
   13.000000000000000      -0.10775045236441484        0.0000000000000000        3.5999999999999999E-003  0.91879999999999995        7.6399999999999996E-002   1.1999999999999999E-003
   14.000000000000000      -0.10498309503681111        0.0000000000000000        3.5999999999999999E-003  0.91720000000000002        7.8000000000000000E-002   1.1999999999999999E-003
   15.000000000000000      -0.10184548032995680        0.0000000000000000        3.2000000000000002E-003  0.91759999999999997        7.8000000000000000E-002   1.1999999999999999E-003
   16.000000000000000       -9.8701075804454336E-002   0.0000000000000000        3.2000000000000002E-003  0.91759999999999997        7.8000000000000000E-002   1.1999999999999999E-003
   17.000000000000000       -9.5094638803661355E-002   0.0000000000000000        3.2000000000000002E-003  0.91759999999999997        7.7799999999999994E-002   1.4000000000000000E-003
   18.000000000000000       -9.1651420205283371E-002   0.0000000000000000        3.2000000000000002E-003  0.91739999999999999        7.8000000000000000E-002   1.4000000000000000E-003
   19.000000000000000       -8.7922867529069554E-002   0.0000000000000000        3.2000000000000002E-003  0.91739999999999999        7.8000000000000000E-002   1.4000000000000000E-003
   20.000000000000000       -8.3355592569778481E-002   0.0000000000000000        3.2000000000000002E-003  0.91739999999999999        7.8000000000000000E-002   1.4000000000000000E-003
   21.000000000000000       -7.8510599632844277E-002   0.0000000000000000        3.2000000000000002E-003  0.91739999999999999        7.7799999999999994E-002   1.6000000000000001E-003
   22.000000000000000       -7.3389288535863198E-002   2.0000000000000001E-004   3.0000000000000001E-003  0.91739999999999999        7.7799999999999994E-002   1.6000000000000001E-003
   23.000000000000000       -6.7833250599600742E-002   2.0000000000000001E-004   3.0000000000000001E-003  0.91759999999999997        7.6600000000000001E-002   2.5999999999999999E-003
   24.000000000000000       -6.1988097577267767E-002   2.0000000000000001E-004   3.0000000000000001E-003  0.91759999999999997        7.6600000000000001E-002   2.5999999999999999E-003
   25.000000000000000       -5.6357617589496416E-002   2.0000000000000001E-004   3.0000000000000001E-003  0.91759999999999997        7.6600000000000001E-002   2.5999999999999999E-003
   26.000000000000000       -5.1286538687757573E-002   2.0000000000000001E-004   3.0000000000000001E-003  0.91759999999999997        7.6600000000000001E-002   2.5999999999999999E-003
   27.000000000000000       -4.6248194876767845E-002   2.0000000000000001E-004   3.0000000000000001E-003  0.91779999999999995        7.6399999999999996E-002   2.5999999999999999E-003
   28.000000000000000       -3.9825734934305586E-002   2.0000000000000001E-004   3.0000000000000001E-003  0.90359999999999996        9.0600000000000000E-002   2.5999999999999999E-003
   29.000000000000000       -3.3517660551550518E-002   2.0000000000000001E-004   3.0000000000000001E-003  0.90300000000000002        9.0200000000000002E-002   3.5999999999999999E-003
   30.000000000000000       -2.6204838329977803E-002   2.0000000000000001E-004   2.5999999999999999E-003  0.90339999999999998        8.9399999999999993E-002   4.4000000000000003E-003
   31.000000000000000       -1.3719074408571957E-002   2.0000000000000001E-004   2.3999999999999998E-003  0.90339999999999998        8.9399999999999993E-002   4.5999999999999999E-003
   32.000000000000000        6.0800707639699237E-003   2.0000000000000001E-004   2.3999999999999998E-003  0.90339999999999998        8.9399999999999993E-002   4.5999999999999999E-003
   33.000000000000000        2.1677374909716558E-002   2.0000000000000001E-004   2.3999999999999998E-003  0.90339999999999998        8.9399999999999993E-002   4.5999999999999999E-003
   34.000000000000000        3.3115935777494422E-002   2.0000000000000001E-004   2.3999999999999998E-003  0.90339999999999998        8.9200000000000002E-002   4.7999999999999996E-003
   35.000000000000000        3.8693566459903114E-002   2.0000000000000001E-004  0.18220000000000000       0.72340000000000004        8.8800000000000004E-002   5.4000000000000003E-003
   36.000000000000000        4.7839173492491401E-002   2.0000000000000001E-004  0.18220000000000000       0.72280000000000000        8.8800000000000004E-002   6.0000000000000001E-003
   37.000000000000000        5.9728819027451328E-002   2.0000000000000001E-004  0.18220000000000000       0.72260000000000002        8.8999999999999996E-002   6.0000000000000001E-003
   38.000000000000000        7.0275422628423082E-002   2.0000000000000001E-004  0.18220000000000000       0.72260000000000002        8.8800000000000004E-002   6.1999999999999998E-003
   39.000000000000000        7.9968507377989259E-002   2.0000000000000001E-004  0.18220000000000000       0.71819999999999995        9.2399999999999996E-002   7.0000000000000001E-003
   40.000000000000000        8.7979779795201107E-002   2.0000000000000001E-004  0.18220000000000000       0.71240000000000003        9.8000000000000004E-002   7.1999999999999998E-003
   41.000000000000000        9.2666894622512846E-002   1.6000000000000001E-003  0.17760000000000001       0.71519999999999995        9.8000000000000004E-002   7.6000000000000000E-003
   42.000000000000000        9.5641297797761052E-002   1.6000000000000001E-003  0.17760000000000001       0.71460000000000001        9.8000000000000004E-002   8.2000000000000007E-003
   43.000000000000000       0.10092855534970850        1.6000000000000001E-003  0.17680000000000001       0.70320000000000005       0.10820000000000000        1.0200000000000001E-002
   44.000000000000000        9.9908017059874857E-002   1.6000000000000001E-003  0.17620000000000000       0.70199999999999996       0.10920000000000001        1.0999999999999999E-002
   45.000000000000000        9.5626638514555468E-002   1.6000000000000001E-003  0.17620000000000000       0.69979999999999998       0.11100000000000000        1.1400000000000000E-002
   46.000000000000000        8.8730305447254187E-002   1.6000000000000001E-003  0.17180000000000001       0.70179999999999998       0.11219999999999999        1.2600000000000000E-002
   47.000000000000000        7.8036258621907981E-002   1.6000000000000001E-003  0.17040000000000000       0.70179999999999998       0.11300000000000000        1.3200000000000000E-002
   48.000000000000000        6.3949027791412635E-002   1.6000000000000001E-003  0.16980000000000001       0.70220000000000005       0.11320000000000000        1.3200000000000000E-002
   49.000000000000000        4.9104463276767173E-002   1.6000000000000001E-003  0.16280000000000000       0.70820000000000005       0.11340000000000000        1.4000000000000000E-002
   50.000000000000000        3.1571191872369113E-002   1.6000000000000001E-003  0.16139999999999999       0.70640000000000003       0.11640000000000000        1.4200000000000001E-002
   51.000000000000000        1.2584345211581813E-002   1.6000000000000001E-003  0.15780000000000000       0.70920000000000005       0.11720000000000000        1.4200000000000001E-002
   52.000000000000000       -8.6293603700705636E-003   1.6000000000000001E-003  0.15800000000000000       0.70860000000000001       0.11720000000000000        1.4600000000000000E-002
   53.000000000000000       -2.9032548523270075E-002   1.6000000000000001E-003  0.15800000000000000       0.70840000000000003       0.11720000000000000        1.4800000000000001E-002
   54.000000000000000       -4.7841352226562182E-002   1.6000000000000001E-003  0.15479999999999999       0.70720000000000005       0.12160000000000000        1.4800000000000001E-002
   55.000000000000000       -6.8639328468113603E-002   3.4400000000000000E-002  0.12160000000000000       0.70720000000000005       0.12200000000000000        1.4800000000000001E-002
   56.000000000000000       -8.5533537407238208E-002   3.4400000000000000E-002  0.12160000000000000       0.70720000000000005       0.12200000000000000        1.4800000000000001E-002
   57.000000000000000       -9.7049560769132168E-002   3.4400000000000000E-002  0.12160000000000000       0.70440000000000003       0.12440000000000000        1.5200000000000000E-002
   58.000000000000000      -0.10711485340332477        3.4400000000000000E-002  0.12020000000000000       0.70520000000000005       0.12500000000000000        1.5200000000000000E-002
   59.000000000000000      -0.10477703238080410        3.4400000000000000E-002  0.12020000000000000       0.70520000000000005       0.12500000000000000        1.5200000000000000E-002
   60.000000000000000       -8.6256699090031849E-002   3.4400000000000000E-002  0.11920000000000000       0.70520000000000005       0.12600000000000000        1.5200000000000000E-002
   61.000000000000000       -6.6093304901895689E-002   3.4400000000000000E-002  0.11920000000000000       0.70520000000000005       0.12600000000000000        1.5200000000000000E-002
   62.000000000000000       -4.8041834042778897E-002   3.4400000000000000E-002  0.11840000000000001       0.70520000000000005       0.12680000000000000        1.5200000000000000E-002
   63.000000000000000       -3.3415218370407132E-002   6.2199999999999998E-002   9.0399999999999994E-002  0.70540000000000003       0.12680000000000000        1.5200000000000000E-002
   64.000000000000000       -1.3619950063955038E-002   6.7799999999999999E-002   8.4599999999999995E-002  0.70540000000000003       0.12700000000000000        1.5200000000000000E-002
   65.000000000000000        9.0069839398706705E-004   6.3799999999999996E-002   8.7999999999999995E-002  0.70160000000000000       0.13139999999999999        1.5200000000000000E-002
   66.000000000000000       -2.5039266693190117E-003   7.5600000000000001E-002   7.2200000000000000E-002  0.70460000000000000       0.13139999999999999        1.6199999999999999E-002
   67.000000000000000       -8.0287204251536758E-003   0.0000000000000000       0.14580000000000001       0.70479999999999998       0.13139999999999999        1.7999999999999999E-002
   68.000000000000000       -1.3432120994905551E-002   0.0000000000000000       0.14480000000000001       0.70479999999999998       0.13139999999999999        1.9000000000000000E-002
   69.000000000000000       -1.6118232001099544E-002   0.0000000000000000       0.13420000000000001       0.71440000000000003       0.13139999999999999        2.0000000000000000E-002
   70.000000000000000       -1.7426862722800640E-002   0.0000000000000000       0.11600000000000001       0.73219999999999996       0.13139999999999999        2.0400000000000001E-002
   71.000000000000000       -2.1088567261586311E-002   0.0000000000000000       0.11559999999999999       0.73260000000000003       0.13139999999999999        2.0400000000000001E-002
   72.000000000000000       -2.2487987918616087E-002   0.0000000000000000       0.11060000000000000       0.73599999999999999       0.13139999999999999        2.1999999999999999E-002
   73.000000000000000       -2.3720903990728626E-002   0.0000000000000000       0.10960000000000000       0.67420000000000002       0.19420000000000001        2.1999999999999999E-002
   74.000000000000000       -4.3357128580302211E-002   0.0000000000000000       0.10960000000000000       0.67420000000000002       0.19420000000000001        2.1999999999999999E-002
   75.000000000000000       -6.6870299234567290E-002   0.0000000000000000       0.10920000000000001       0.67420000000000002       0.19420000000000001        2.2400000000000000E-002
   76.000000000000000       -9.2134024020868732E-002   0.0000000000000000       0.10900000000000000       0.67420000000000002       0.19300000000000000        2.3800000000000002E-002
   77.000000000000000      -0.11872837344485081        0.0000000000000000       0.10900000000000000       0.67420000000000002       0.19259999999999999        2.4199999999999999E-002
   78.000000000000000      -0.14536727478024616        0.0000000000000000       0.10900000000000000       0.67420000000000002       0.19480000000000000        2.1999999999999999E-002
   79.000000000000000      -0.17403389531194513        0.0000000000000000       0.78239999999999998        0.0000000000000000       0.19300000000000000        2.4600000000000000E-002
   80.000000000000000      -0.19890117622508277        2.5000000000000001E-002  0.74160000000000004        1.4999999999999999E-002  0.19200000000000000        2.6400000000000000E-002
   81.000000000000000      -0.19836614463104943        2.5000000000000001E-002  0.71419999999999995        4.1599999999999998E-002  0.19280000000000000        2.6400000000000000E-002
   82.000000000000000      -0.18098827481116520        2.5600000000000001E-002  0.71179999999999999        4.0399999999999998E-002  0.19560000000000000        2.6599999999999999E-002
   83.000000000000000      -0.16389307223976191        2.1800000000000000E-002  0.75580000000000003        2.0000000000000001E-004  0.19580000000000000        2.6400000000000000E-002
   84.000000000000000      -0.15121991396822299        1.8200000000000001E-002  0.75939999999999996        2.0000000000000001E-004  0.19580000000000000        2.6400000000000000E-002
   85.000000000000000      -0.13856432933651222        1.7999999999999999E-002  0.75919999999999999        4.0000000000000002E-004  0.19600000000000001        2.6400000000000000E-002
   86.000000000000000      -0.12484850961492860        1.7999999999999999E-002  0.75900000000000001        5.9999999999999995E-004  0.19520000000000001        2.7199999999999998E-002
   87.000000000000000      -0.10964372667576745        1.7999999999999999E-002  0.75860000000000005        5.9999999999999995E-004  0.19560000000000000        2.7199999999999998E-002
   88.000000000000000       -9.3365274231219264E-002   1.7999999999999999E-002  0.75519999999999998        4.0000000000000001E-003  0.19480000000000000        2.8000000000000001E-002
   89.000000000000000       -7.5549420191205099E-002   1.7999999999999999E-002  0.75100000000000000        5.1999999999999998E-003  0.19680000000000000        2.9000000000000001E-002
   90.000000000000000       -5.8042230015367319E-002   1.7999999999999999E-002  0.74980000000000002        5.4000000000000003E-003  0.19620000000000001        3.0599999999999999E-002
   91.000000000000000       -4.0214949999194075E-002   1.7999999999999999E-002  0.74619999999999997        7.1999999999999998E-003  0.19800000000000001        3.0599999999999999E-002
   92.000000000000000       -2.3144736003766986E-002   1.7999999999999999E-002  0.74619999999999997        7.1999999999999998E-003  0.19800000000000001        3.0599999999999999E-002
   93.000000000000000       -6.2336567771938221E-003   1.7999999999999999E-002  0.74339999999999995        9.7999999999999997E-003  0.19780000000000000        3.1000000000000000E-002
   94.000000000000000        9.5052283920279597E-003   0.0000000000000000       0.76119999999999999        1.0000000000000000E-002  0.19760000000000000        3.1199999999999999E-002
   95.000000000000000        4.7679411698915777E-002   0.0000000000000000       0.76119999999999999        9.4000000000000004E-003  0.19819999999999999        3.1199999999999999E-002
   96.000000000000000        9.6878088667225026E-002   2.0000000000000001E-004  0.56440000000000001       0.20580000000000001       0.19839999999999999        3.1199999999999999E-002
   97.000000000000000       0.13072421549201979        2.0000000000000001E-004  0.55879999999999996       0.20640000000000000       0.20240000000000000        3.2199999999999999E-002
   98.000000000000000       0.14962916205282517        2.0000000000000001E-004  0.55859999999999999       0.20640000000000000       0.20260000000000000        3.2199999999999999E-002
   99.000000000000000       0.16812342875050010        2.0000000000000001E-004  0.54440000000000000       0.20640000000000000       0.21679999999999999        3.2199999999999999E-002
   100.00000000000000       0.18432969446667405        0.0000000000000000       0.54400000000000004       0.20640000000000000       0.21679999999999999        3.2800000000000003E-002
   101.00000000000000       0.19692265638159157        0.0000000000000000       0.54400000000000004       0.20640000000000000       0.21679999999999999        3.2800000000000003E-002
   102.00000000000000       0.20756370504480709        5.9999999999999995E-004  0.54320000000000002       0.20640000000000000       0.21679999999999999        3.3000000000000002E-002
   103.00000000000000       0.21841040240120307        4.0000000000000002E-004  0.54020000000000001       0.20640000000000000       0.21959999999999999        3.3399999999999999E-002
   104.00000000000000       0.22591498840630911        1.0000000000000000E-003  0.53959999999999997       0.20640000000000000       0.21560000000000001        3.7400000000000003E-002
   105.00000000000000       0.23230567766032062        2.3999999999999998E-003  0.53820000000000001       0.20640000000000000       0.21560000000000001        3.7400000000000003E-002
   106.00000000000000       0.23761582899390551        2.3999999999999998E-003  0.54800000000000004       0.19560000000000000       0.21720000000000000        3.6799999999999999E-002
   107.00000000000000       0.23610410803664381        2.3999999999999998E-003  0.54800000000000004       0.19539999999999999       0.21720000000000000        3.6999999999999998E-002
   108.00000000000000       0.22197014998626352        4.5999999999999999E-003  0.54300000000000004       0.19700000000000001       0.21279999999999999        4.2599999999999999E-002
   109.00000000000000       0.21891517800355617        4.5999999999999999E-003  0.54320000000000002       0.19639999999999999       0.21340000000000001        4.2400000000000000E-002
   110.00000000000000       0.22870055253625232        4.5999999999999999E-003  0.54300000000000004       0.19620000000000001       0.21360000000000001        4.2599999999999999E-002
   111.00000000000000       0.23944672507821904        3.3999999999999998E-003  0.54400000000000004       0.19620000000000001       0.21360000000000001        4.2799999999999998E-002
   112.00000000000000       0.25130554874242267        3.2000000000000002E-003  0.54339999999999999       0.19700000000000001       0.21360000000000001        4.2799999999999998E-002
   113.00000000000000       0.26402548100441664        2.5999999999999999E-003  0.54320000000000002       0.19120000000000001       0.22020000000000001        4.2799999999999998E-002
   114.00000000000000       0.27728892989293341        2.5999999999999999E-003  0.54200000000000004       0.19020000000000001       0.22180000000000000        4.3400000000000001E-002
   115.00000000000000       0.29803417120173709        2.5999999999999999E-003  0.54220000000000002       0.19000000000000000       0.22180000000000000        4.3400000000000001E-002
   116.00000000000000       0.30357895203961488        2.3999999999999998E-003  0.51319999999999999       0.21740000000000001       0.22320000000000001        4.3799999999999999E-002
   117.00000000000000       0.33412063901433398        2.3999999999999998E-003  0.49500000000000000       0.23360000000000000       0.22520000000000001        4.3799999999999999E-002
   118.00000000000000       0.33073630666548942        2.2000000000000001E-003  0.49540000000000001       0.23340000000000000       0.22520000000000001        4.3799999999999999E-002
   119.00000000000000       0.34899506789407098        2.2000000000000001E-003  0.49320000000000003       0.23360000000000000       0.22720000000000001        4.3799999999999999E-002
   120.00000000000000       0.37116264563726908        1.8000000000000000E-003  0.52780000000000005       0.19900000000000001       0.22760000000000000        4.3799999999999999E-002
   121.00000000000000       0.38783541384717457        1.8000000000000000E-003  0.50260000000000005       0.21920000000000001       0.23260000000000000        4.3799999999999999E-002
   122.00000000000000       0.30110087454368883        1.0000000000000000E-003  0.44400000000000001       0.27560000000000001       0.23560000000000000        4.3799999999999999E-002
   123.00000000000000       0.39047057052553358        1.0000000000000000E-003  0.44440000000000002       0.26679999999999998       0.24379999999999999        4.3999999999999997E-002
   124.00000000000000       0.20256658389253226        1.0000000000000000E-003  0.42740000000000000       0.28299999999999997       0.24440000000000001        4.4200000000000003E-002
   125.00000000000000       0.42264604472360245        1.0000000000000000E-003  0.42740000000000000       0.28299999999999997       0.24420000000000000        4.4400000000000002E-002
   126.00000000000000       0.42772251970697694        1.0000000000000000E-003  0.42740000000000000       0.28199999999999997       0.24520000000000000        4.4400000000000002E-002
   127.00000000000000       0.41488648091770142        1.0000000000000000E-003  0.42180000000000001       0.28580000000000000       0.24700000000000000        4.4400000000000002E-002
   128.00000000000000       0.39508412302391016        1.0000000000000000E-003  0.41380000000000000       0.29220000000000002       0.24779999999999999        4.5199999999999997E-002
   129.00000000000000       0.50154014735688557        1.0000000000000000E-003  0.41380000000000000       0.29220000000000002       0.24779999999999999        4.5199999999999997E-002
   130.00000000000000       0.40764523213310105        4.0000000000000002E-004  0.41320000000000001       0.29280000000000000       0.24840000000000001        4.5199999999999997E-002
   131.00000000000000       0.40271240328163221        2.0000000000000001E-004  0.41160000000000002       0.29299999999999998       0.25000000000000000        4.5199999999999997E-002
   132.00000000000000       0.37833055274469091        2.0000000000000001E-004  0.40820000000000001       0.29380000000000001       0.25140000000000001        4.6399999999999997E-002
   133.00000000000000       0.25802477118936840        0.0000000000000000       0.40839999999999999       0.29559999999999997       0.16520000000000001       0.13080000000000000     
   134.00000000000000       0.55736443212132114        0.0000000000000000       0.40320000000000000       0.29659999999999997       0.16839999999999999       0.13180000000000000     
   135.00000000000000       0.61096767793635143        0.0000000000000000       0.40160000000000001       0.29160000000000003       0.15880000000000000       0.14799999999999999     
   136.00000000000000       0.56033869424425520        0.0000000000000000       0.39820000000000000       0.28739999999999999       0.15959999999999999       0.15479999999999999     
   137.00000000000000       0.59835422951058992        8.0000000000000004E-004  0.21460000000000001       0.42020000000000002       0.17899999999999999       0.18540000000000001     
   138.00000000000000       0.39803524548424318        8.0000000000000004E-004  0.21299999999999999       0.41999999999999998       0.18079999999999999       0.18540000000000001     
   139.00000000000000       0.38286650880539952        8.0000000000000004E-004  0.19739999999999999       0.43380000000000002       0.18079999999999999       0.18720000000000001     
   140.00000000000000       0.36420862284698385        8.0000000000000004E-004  0.19760000000000000       0.43319999999999997       0.18120000000000000       0.18720000000000001     
   141.00000000000000       0.34624041888409823        8.0000000000000004E-004  0.19700000000000001       0.43040000000000000       0.18120000000000000       0.19059999999999999     
   142.00000000000000       0.32483302451966783        8.0000000000000004E-004  0.19700000000000001       0.43040000000000000       0.18120000000000000       0.19059999999999999     
   143.00000000000000       0.30423275649185560        8.0000000000000004E-004  0.19560000000000000       0.42940000000000000       0.18060000000000001       0.19359999999999999     
   144.00000000000000       0.28314568139027130        3.2000000000000002E-003  0.19320000000000001       0.42640000000000000       0.18459999999999999       0.19259999999999999     
   145.00000000000000       0.26247320888607889        2.8000000000000000E-003  0.18859999999999999       0.42540000000000000       0.19439999999999999       0.18880000000000000     
   146.00000000000000       0.24067954105104838        2.3999999999999998E-003  0.18320000000000000       0.43020000000000003       0.19259999999999999       0.19159999999999999     
   147.00000000000000       0.21739269130008293        2.0000000000000000E-003  0.18260000000000001       0.43099999999999999       0.19460000000000000       0.18980000000000000     
   148.00000000000000       0.19656509256775806        2.0000000000000000E-003  0.18140000000000001       0.43059999999999998       0.14199999999999999       0.24399999999999999     
   149.00000000000000       0.17661402460337616        2.0000000000000000E-003  0.17660000000000001       0.42759999999999998       0.14860000000000001       0.24520000000000000     
   150.00000000000000       0.15601735330488326        2.0000000000000000E-003  0.17119999999999999       0.42920000000000003       0.14080000000000001       0.25679999999999997     
   151.00000000000000       0.13996791450016233        2.2000000000000001E-003  0.17240000000000000       0.40899999999999997       0.15300000000000000       0.26340000000000002     
   152.00000000000000       0.12136496970684631        1.6000000000000001E-003  0.15980000000000000       0.41620000000000001       0.15140000000000001       0.27100000000000002     
   153.00000000000000       0.10144843196469383        1.4000000000000000E-003  0.15720000000000001       0.41539999999999999       0.15279999999999999       0.27320000000000000     
   154.00000000000000        8.2205048916446893E-002   1.4000000000000000E-003  0.15559999999999999       0.41399999999999998       0.15320000000000000       0.27579999999999999     
   155.00000000000000        6.2460190908861207E-002   1.6000000000000001E-003  0.15600000000000000       0.41339999999999999       0.15320000000000000       0.27579999999999999     
   156.00000000000000        4.4430155508854513E-002   1.8000000000000000E-003  0.15079999999999999       0.41820000000000002       0.15200000000000000       0.27720000000000000     
   157.00000000000000        2.8245426448890748E-002   1.8000000000000000E-003  0.13960000000000000       0.42840000000000000       0.15300000000000000       0.27720000000000000     
   158.00000000000000        1.3688849504443365E-002   1.1999999999999999E-003  0.13159999999999999       0.43640000000000001       0.15279999999999999       0.27800000000000002     
   159.00000000000000        7.2638979154069222E-003   2.5999999999999999E-003   0.0000000000000000       0.56659999999999999       0.15279999999999999       0.27800000000000002     
   160.00000000000000        4.4625274029307521E-003   2.5999999999999999E-003   0.0000000000000000       0.56659999999999999       0.15279999999999999       0.27800000000000002     
   161.00000000000000        1.6581599772646491E-002   2.5999999999999999E-003   0.0000000000000000       0.56659999999999999       0.15279999999999999       0.27800000000000002     
   162.00000000000000        2.9574640632777968E-002   2.5999999999999999E-003   0.0000000000000000       0.56659999999999999       0.15279999999999999       0.27800000000000002     
   163.00000000000000        4.3472712856843912E-002   2.5999999999999999E-003   0.0000000000000000       0.56659999999999999       0.15200000000000000       0.27879999999999999     
   164.00000000000000        5.5241434307806522E-002   2.5999999999999999E-003   0.0000000000000000       0.56659999999999999       0.15200000000000000       0.27879999999999999     
   165.00000000000000        6.6981939004322574E-002   2.5999999999999999E-003   0.0000000000000000       0.56659999999999999       0.15179999999999999       0.27900000000000003     
   166.00000000000000        7.6672241636645377E-002   2.5999999999999999E-003   0.0000000000000000       0.56659999999999999       0.15179999999999999       0.27900000000000003     
   167.00000000000000        8.4104945095545877E-002   2.5999999999999999E-003   0.0000000000000000       0.56659999999999999       0.15179999999999999       0.27900000000000003     
   168.00000000000000        8.9527130898838181E-002   2.5999999999999999E-003   0.0000000000000000       0.56659999999999999       0.15120000000000000       0.27960000000000002     
   169.00000000000000        8.2190558992105284E-002   2.5999999999999999E-003  0.39939999999999998       0.16259999999999999       0.15420000000000000       0.28120000000000001     
   170.00000000000000        9.4192385609252999E-002   2.5999999999999999E-003  0.39939999999999998       0.16280000000000000       0.15400000000000000       0.28120000000000001     
   171.00000000000000        9.9202585627138601E-002   2.5999999999999999E-003  0.39939999999999998       0.16120000000000001       0.15300000000000000       0.28380000000000000     
   172.00000000000000       0.10163106815044232        2.5999999999999999E-003  0.39939999999999998       0.16120000000000001       0.15300000000000000       0.28380000000000000     
   173.00000000000000       0.10258058614867507        7.1199999999999999E-002  0.33079999999999998       0.16080000000000000       0.15300000000000000       0.28420000000000001     
   174.00000000000000       0.12218526451971971        7.1199999999999999E-002  0.32900000000000001       0.16159999999999999       0.15320000000000000       0.28499999999999998     
   175.00000000000000       0.14310283747110933        6.7799999999999999E-002  0.33000000000000002       0.16080000000000000       0.15340000000000001       0.28799999999999998     
   176.00000000000000       0.16740065951738128        6.6400000000000001E-002  0.32700000000000001       0.16220000000000001       0.15359999999999999       0.29080000000000000     
   177.00000000000000       0.19025984629054551        6.6400000000000001E-002  0.32479999999999998       0.16159999999999999       0.15479999999999999       0.29239999999999999     
   178.00000000000000       0.21377765850621622        6.5000000000000002E-002  0.31700000000000000       0.16719999999999999       0.15479999999999999       0.29599999999999999     
   179.00000000000000       0.23335780506849441        6.4600000000000005E-002  0.31759999999999999       0.16680000000000000       0.15479999999999999       0.29620000000000002     
   180.00000000000000       0.25096837960550222        6.4399999999999999E-002  0.31759999999999999       0.16680000000000000       0.15500000000000000       0.29620000000000002     
   181.00000000000000       0.26794342833209256        6.3200000000000006E-002  0.31840000000000002       0.16500000000000001       0.15500000000000000       0.29840000000000000     
   182.00000000000000       0.28182360281009705        6.3200000000000006E-002  0.31659999999999999       0.16480000000000000       0.15640000000000001       0.29899999999999999     
   183.00000000000000       0.29148164815330913        6.3200000000000006E-002  0.31359999999999999       0.16639999999999999       0.15620000000000001       0.30059999999999998     
   184.00000000000000       0.31110304457223081        6.0400000000000002E-002  0.31359999999999999       0.16539999999999999       0.15659999999999999       0.30399999999999999     
   185.00000000000000       0.31274530452583860        6.0199999999999997E-002  0.31359999999999999       0.16539999999999999       0.15659999999999999       0.30420000000000003     
   186.00000000000000       0.31496550777876664        5.7599999999999998E-002  0.30580000000000002       0.17140000000000000       0.15920000000000001       0.30599999999999999     
   187.00000000000000       0.31771531747997772        5.7000000000000002E-002  0.30580000000000002       0.16839999999999999       0.16280000000000000       0.30599999999999999     
   188.00000000000000       0.31992542530098844        5.6200000000000000E-002  0.29699999999999999       0.17620000000000000       0.16320000000000001       0.30740000000000001     
   189.00000000000000       0.31115401328301251        5.6200000000000000E-002  0.28920000000000001       0.18300000000000000       0.16220000000000001       0.30940000000000001     
   190.00000000000000       0.30608608379083818        5.6000000000000001E-002  0.28920000000000001       0.18240000000000001       0.16280000000000000       0.30959999999999999     
   191.00000000000000       0.29777644239372625        5.5199999999999999E-002  0.28899999999999998       0.18160000000000001       0.16259999999999999       0.31159999999999999     
   192.00000000000000       0.28640569430978480        5.5199999999999999E-002  0.28899999999999998       0.18099999999999999       0.16300000000000001       0.31180000000000002     
   193.00000000000000       0.27393322411450605        5.5000000000000000E-002  0.28780000000000000       0.18079999999999999       0.16460000000000000       0.31180000000000002     
   194.00000000000000       0.26060342518450630        5.5000000000000000E-002  0.28599999999999998       0.18200000000000000       0.16460000000000000       0.31240000000000001     
   195.00000000000000       0.25139887543900608        0.0000000000000000       0.33939999999999998       0.18200000000000000       0.16380000000000000       0.31480000000000002     
   196.00000000000000       0.24919089864585647        0.0000000000000000       0.33939999999999998       0.18200000000000000       0.16339999999999999       0.31519999999999998     
   197.00000000000000       0.25768585207004246        0.0000000000000000       0.33939999999999998       0.18099999999999999       0.16339999999999999       0.31619999999999998     
   198.00000000000000       0.26436746438782799        0.0000000000000000       0.33939999999999998       0.17940000000000000       0.16339999999999999       0.31780000000000003     
   199.00000000000000       0.26814912331584784        0.0000000000000000       0.33939999999999998       0.17820000000000000       0.16420000000000001       0.31819999999999998     
   200.00000000000000       0.26932383645550895        0.0000000000000000       0.33939999999999998       0.17740000000000000       0.16500000000000001       0.31819999999999998     
   201.00000000000000       0.26828298919968108        0.0000000000000000       0.33360000000000001       0.18320000000000000       0.16500000000000001       0.31819999999999998     
   202.00000000000000       0.26293924587863893        0.0000000000000000       0.33300000000000002       0.18320000000000000       0.16500000000000001       0.31879999999999997     
   203.00000000000000       0.25310214603558634        0.0000000000000000       0.32940000000000003       0.18320000000000000       0.15780000000000000       0.32960000000000000     
   204.00000000000000       0.24329183133875656        0.0000000000000000       0.32819999999999999       0.18320000000000000       0.15040000000000001       0.33820000000000000     
   205.00000000000000       0.23024532270986725        0.0000000000000000       0.32800000000000001       0.18320000000000000       0.14779999999999999       0.34100000000000003     
   206.00000000000000       0.21621038958269476        0.0000000000000000       0.32619999999999999       0.18320000000000000       0.14840000000000000       0.34220000000000000     
   207.00000000000000       0.20224710540751911        0.0000000000000000       0.32540000000000002       0.18320000000000000       0.14740000000000000       0.34399999999999997     
   208.00000000000000       0.18724526067322950        0.0000000000000000       0.32500000000000001       0.18320000000000000       0.14840000000000000       0.34339999999999998     
   209.00000000000000       0.17953136969637423        0.0000000000000000        0.0000000000000000       0.50700000000000001       0.14620000000000000       0.34680000000000000     
   210.00000000000000       0.16189784771112981        0.0000000000000000        0.0000000000000000       0.50260000000000005       0.14580000000000001       0.35160000000000002     
   211.00000000000000       0.15462215783864125        0.0000000000000000        0.0000000000000000       0.50260000000000005       0.14160000000000000       0.35580000000000001     
   212.00000000000000       0.14876782506975458        0.0000000000000000        0.0000000000000000       0.49959999999999999       0.14140000000000000       0.35899999999999999     
   213.00000000000000       0.14299100856123140        0.0000000000000000        0.0000000000000000       0.49519999999999997       0.14140000000000000       0.36340000000000000     
   214.00000000000000       0.13943947426779557        0.0000000000000000        0.0000000000000000       0.49220000000000003       0.14399999999999999       0.36380000000000001     
   215.00000000000000       0.13581609577752557        0.0000000000000000        0.0000000000000000       0.49080000000000001       0.14499999999999999       0.36420000000000002     
   216.00000000000000       0.13362173836598620        0.0000000000000000        0.0000000000000000       0.48899999999999999       0.14620000000000000       0.36480000000000001     
