#        BMIN =   404
#        BMAX =   408
#     INIBAND =   405
#      NBANDS =   540
#         NSW =  2000
#       POTIM =   1.0
#        TEMP = 300.0
#    NAMDTINI =   308
#    NAMDTIME =  1000
#       NTRAJ =  5000
#        NELM =  1000
#       LHOLE =     T
#        LSHP =     T
#      LCPTXT =     T
#      RUNDIR = ../../run/
   1.0000000000000000       -8.6454828391771821E-002   0.0000000000000000        1.0000000000000000        0.0000000000000000        0.0000000000000000        0.0000000000000000     
   2.0000000000000000       -7.3133835242628065E-002   0.0000000000000000       0.99960000000000004        0.0000000000000000        4.0000000000000002E-004   0.0000000000000000     
   3.0000000000000000       -5.9226474281644556E-002   0.0000000000000000       0.99900000000000000        0.0000000000000000        1.0000000000000000E-003   0.0000000000000000     
   4.0000000000000000       -4.4505393902467910E-002   0.0000000000000000       0.99819999999999998        0.0000000000000000        1.4000000000000000E-003   4.0000000000000002E-004
   5.0000000000000000       -2.9499133618277395E-002   0.0000000000000000       0.99719999999999998        1.0000000000000000E-003   1.4000000000000000E-003   4.0000000000000002E-004
   6.0000000000000000       -2.5447206503114064E-002   0.0000000000000000       0.99719999999999998        1.0000000000000000E-003   1.4000000000000000E-003   4.0000000000000002E-004
   7.0000000000000000       -6.0319140681677104E-002   1.1999999999999999E-003  0.99580000000000002        8.0000000000000004E-004   1.4000000000000000E-003   8.0000000000000004E-004
   8.0000000000000000       -8.3597793092889464E-002   1.1999999999999999E-003  0.99500000000000000        8.0000000000000004E-004   2.2000000000000001E-003   8.0000000000000004E-004
   9.0000000000000000       -7.5837125862720040E-002   1.1999999999999999E-003  0.99380000000000002        2.0000000000000000E-003   2.2000000000000001E-003   8.0000000000000004E-004
   10.000000000000000       -6.9595138516147348E-002   1.1999999999999999E-003  0.99199999999999999        3.8000000000000000E-003   2.2000000000000001E-003   8.0000000000000004E-004
   11.000000000000000       -6.4738703933050326E-002   1.1999999999999999E-003  0.99019999999999997        5.1999999999999998E-003   2.3999999999999998E-003   1.0000000000000000E-003
   12.000000000000000       -6.2446897633283857E-002   1.1999999999999999E-003  0.99019999999999997        5.1999999999999998E-003   2.3999999999999998E-003   1.0000000000000000E-003
   13.000000000000000       -6.1262112995635887E-002   1.1999999999999999E-003  0.98719999999999997        8.0000000000000002E-003   2.3999999999999998E-003   1.1999999999999999E-003
   14.000000000000000       -6.2217712320502785E-002   1.1999999999999999E-003  0.98380000000000001        1.1200000000000000E-002   2.5999999999999999E-003   1.1999999999999999E-003
   15.000000000000000       -6.5457699827913121E-002   1.1999999999999999E-003  0.98380000000000001        1.0999999999999999E-002   2.8000000000000000E-003   1.1999999999999999E-003
   16.000000000000000       -7.0419487864338229E-002   1.1999999999999999E-003  0.98380000000000001        1.0999999999999999E-002   2.8000000000000000E-003   1.1999999999999999E-003
   17.000000000000000       -7.6969233396223705E-002   4.1999999999999997E-003  0.98060000000000003        1.1200000000000000E-002   2.8000000000000000E-003   1.1999999999999999E-003
   18.000000000000000       -8.4987921723489276E-002   8.2199999999999995E-002  0.89880000000000004        1.4800000000000001E-002   2.8000000000000000E-003   1.4000000000000000E-003
   19.000000000000000       -8.8339596522351196E-002  0.11880000000000000       0.86140000000000005        1.5400000000000000E-002   3.0000000000000001E-003   1.4000000000000000E-003
   20.000000000000000       -8.2843101985853651E-002  0.10440000000000001       0.86980000000000002        2.1200000000000000E-002   3.0000000000000001E-003   1.6000000000000001E-003
   21.000000000000000       -7.8149966247041125E-002  0.11040000000000000       0.86380000000000001        2.1000000000000001E-002   3.0000000000000001E-003   1.8000000000000000E-003
   22.000000000000000       -7.4198236579459814E-002  0.10740000000000000       0.86380000000000001        2.4000000000000000E-002   3.0000000000000001E-003   1.8000000000000000E-003
   23.000000000000000       -7.1500338138511338E-002  0.10560000000000000       0.86419999999999997        2.3800000000000002E-002   4.1999999999999997E-003   2.2000000000000001E-003
   24.000000000000000       -7.0707594692445197E-002  0.10380000000000000       0.86180000000000001        2.5999999999999999E-002   5.1999999999999998E-003   3.2000000000000002E-003
   25.000000000000000       -7.2151520187866011E-002  0.10400000000000000       0.86140000000000005        2.5999999999999999E-002   5.4000000000000003E-003   3.2000000000000002E-003
   26.000000000000000       -6.9988341289004177E-002  0.10400000000000000       0.86080000000000001        2.5800000000000000E-002   5.7999999999999996E-003   3.5999999999999999E-003
   27.000000000000000       -6.8006618222868853E-002   9.1999999999999998E-003  0.95460000000000000        2.6400000000000000E-002   6.0000000000000001E-003   3.8000000000000000E-003
   28.000000000000000       -2.5035441602010981E-002   8.6000000000000000E-003  0.78280000000000005       0.19819999999999999        6.1999999999999998E-003   4.1999999999999997E-003
   29.000000000000000       -2.2376471358111945E-002   1.0999999999999999E-002  0.78039999999999998       0.19819999999999999        6.1999999999999998E-003   4.1999999999999997E-003
   30.000000000000000       -3.3959176611283962E-002  0.10440000000000001       0.68659999999999999       0.19819999999999999        6.6000000000000000E-003   4.1999999999999997E-003
   31.000000000000000       -2.1536140788416081E-002  0.11300000000000000       0.67720000000000002       0.19900000000000001        6.6000000000000000E-003   4.1999999999999997E-003
   32.000000000000000        4.1576377093224103E-003  0.11180000000000000       0.67779999999999996       0.19960000000000000        6.4000000000000003E-003   4.4000000000000003E-003
   33.000000000000000        2.4594012159017291E-002  0.11160000000000000       0.67800000000000005       0.19839999999999999        7.1999999999999998E-003   4.7999999999999996E-003
   34.000000000000000        3.2285908153080391E-002  0.11780000000000000       0.67179999999999995       0.19839999999999999        7.1999999999999998E-003   4.7999999999999996E-003
   35.000000000000000        3.4398044485405746E-002  0.12180000000000001       0.66779999999999995       0.19839999999999999        7.1999999999999998E-003   4.7999999999999996E-003
   36.000000000000000        3.2337023227735788E-002  0.12280000000000001       0.66679999999999995       0.19819999999999999        7.1999999999999998E-003   5.0000000000000001E-003
   37.000000000000000        2.2560155697606710E-002  0.12080000000000000       0.66879999999999995       0.19819999999999999        7.1999999999999998E-003   5.0000000000000001E-003
   38.000000000000000        8.4292173461381868E-003  0.16320000000000001       0.62639999999999996       0.19819999999999999        7.1999999999999998E-003   5.0000000000000001E-003
   39.000000000000000       -4.0473007279994092E-003  0.16300000000000001       0.62639999999999996       0.19339999999999999        1.2200000000000001E-002   5.0000000000000001E-003
   40.000000000000000       -3.8238834585890766E-003  0.16300000000000001       0.62480000000000002       0.19339999999999999        1.3800000000000000E-002   5.0000000000000001E-003
   41.000000000000000       -1.0321790638712094E-002  0.16320000000000001       0.62319999999999998       0.19339999999999999        1.4400000000000000E-002   5.7999999999999996E-003
   42.000000000000000       -1.4940949995525803E-002  0.16320000000000001       0.57279999999999998       0.24379999999999999        1.4400000000000000E-002   5.7999999999999996E-003
   43.000000000000000       -3.0871155388314076E-002  0.16320000000000001       0.57279999999999998       0.24399999999999999        1.4200000000000001E-002   5.7999999999999996E-003
   44.000000000000000       -5.5286895659278371E-002  0.17879999999999999       0.55700000000000005       0.24399999999999999        1.4200000000000001E-002   6.0000000000000001E-003
   45.000000000000000       -7.4711571600502819E-002  0.17879999999999999       0.55579999999999996       0.24360000000000001        1.5800000000000002E-002   6.0000000000000001E-003
   46.000000000000000       -7.7452031488827650E-002  0.17879999999999999       0.55579999999999996       0.24379999999999999        1.5400000000000000E-002   6.1999999999999998E-003
   47.000000000000000       -7.6544220846824815E-002  0.17780000000000001       0.54920000000000002       0.25200000000000000        1.4800000000000001E-002   6.1999999999999998E-003
   48.000000000000000       -6.8387728932625680E-002  0.17740000000000000       0.54900000000000004       0.25219999999999998        1.5200000000000000E-002   6.1999999999999998E-003
   49.000000000000000       -6.0601329551889710E-002  0.17580000000000001       0.55059999999999998       0.25080000000000002        1.6600000000000000E-002   6.1999999999999998E-003
   50.000000000000000       -5.1225403319887661E-002  0.17460000000000001       0.54320000000000002       0.25760000000000000        1.7999999999999999E-002   6.6000000000000000E-003
   51.000000000000000       -4.3227754957825805E-002  0.17219999999999999       0.54559999999999997       0.25760000000000000        1.7999999999999999E-002   6.6000000000000000E-003
   52.000000000000000       -3.5231987495720221E-002  0.16919999999999999       0.54820000000000002       0.25760000000000000        1.8400000000000000E-002   6.6000000000000000E-003
   53.000000000000000       -2.7167820231335710E-002  0.16320000000000001       0.55379999999999996       0.25779999999999997        1.8599999999999998E-002   6.6000000000000000E-003
   54.000000000000000       -1.9280580765901296E-002  0.16480000000000000       0.54900000000000004       0.26019999999999999        1.9000000000000000E-002   7.0000000000000001E-003
   55.000000000000000       -1.2117562922037379E-002  0.16560000000000000       0.54659999999999997       0.26019999999999999        2.0600000000000000E-002   7.0000000000000001E-003
   56.000000000000000       -4.5966675422915246E-003  0.16059999999999999       0.54979999999999996       0.25979999999999998        2.2400000000000000E-002   7.4000000000000003E-003
   57.000000000000000        2.3701470915290417E-003  0.14820000000000000       0.56179999999999997       0.26019999999999999        2.2400000000000000E-002   7.4000000000000003E-003
   58.000000000000000        8.8140949465842083E-003  0.14999999999999999       0.55840000000000001       0.26100000000000001        2.3199999999999998E-002   7.4000000000000003E-003
   59.000000000000000        1.4849795718781544E-002  0.14340000000000000       0.56440000000000001       0.25919999999999999        2.5000000000000001E-002   8.0000000000000002E-003
   60.000000000000000        1.9730293883044200E-002  0.14340000000000000       0.56240000000000001       0.26100000000000001        2.5000000000000001E-002   8.2000000000000007E-003
   61.000000000000000        2.5909024792783827E-002  0.13800000000000001       0.50280000000000002       0.32579999999999998        2.5200000000000000E-002   8.2000000000000007E-003
   62.000000000000000        2.6338318189461984E-002  0.13660000000000000       0.50760000000000005       0.32060000000000000        2.6400000000000000E-002   8.8000000000000005E-003
   63.000000000000000        2.5417937343154902E-002  0.13260000000000000       0.48420000000000002       0.34499999999999997        2.8799999999999999E-002   9.4000000000000004E-003
   64.000000000000000        2.1225034704455470E-002  0.13660000000000000       0.47780000000000000       0.34739999999999999        2.8400000000000002E-002   9.7999999999999997E-003
   65.000000000000000        1.8351362137678236E-002   4.2599999999999999E-002  0.57079999999999997       0.34839999999999999        3.6999999999999998E-002   1.1999999999999999E-003
   66.000000000000000        2.4722189460854346E-002   4.2200000000000001E-002  0.57079999999999997       0.34880000000000000        3.6999999999999998E-002   1.1999999999999999E-003
   67.000000000000000        4.5948834306705356E-002   4.2200000000000001E-002  0.57079999999999997       0.34860000000000002        3.7199999999999997E-002   1.1999999999999999E-003
   68.000000000000000        6.4204487685741357E-002   4.2200000000000001E-002  0.55200000000000005       0.36659999999999998        3.7600000000000001E-002   1.6000000000000001E-003
   69.000000000000000        7.5631553985295211E-002   4.2200000000000001E-002  0.55140000000000000       0.36659999999999998        3.8199999999999998E-002   1.6000000000000001E-003
   70.000000000000000        7.9961046453915982E-002   4.2200000000000001E-002  0.55120000000000002       0.36659999999999998        3.7800000000000000E-002   2.2000000000000001E-003
   71.000000000000000        8.0142700218405791E-002   4.2000000000000003E-002  0.55100000000000005       0.36659999999999998        3.8199999999999998E-002   2.2000000000000001E-003
   72.000000000000000        7.6141482645012901E-002   4.1399999999999999E-002  0.55120000000000002       0.36659999999999998        3.8199999999999998E-002   2.5999999999999999E-003
   73.000000000000000        6.8243151285344750E-002   4.1399999999999999E-002  0.55040000000000000       0.36659999999999998        3.8399999999999997E-002   3.2000000000000002E-003
   74.000000000000000        5.6324796192254140E-002   4.1399999999999999E-002  0.55040000000000000       0.36659999999999998        3.8399999999999997E-002   3.2000000000000002E-003
   75.000000000000000        4.0626505773935860E-002   4.1000000000000002E-002  0.55079999999999996       0.36659999999999998        3.8399999999999997E-002   3.2000000000000002E-003
   76.000000000000000        2.1764229622889212E-002   4.8200000000000000E-002  0.54259999999999997       0.36659999999999998        3.8800000000000001E-002   3.8000000000000000E-003
   77.000000000000000        1.0001881371762445E-003   3.4799999999999998E-002  0.55559999999999998       0.36659999999999998        3.8399999999999997E-002   4.5999999999999999E-003
   78.000000000000000       -1.4873893619461145E-002   3.1800000000000002E-002  0.58599999999999997       0.33860000000000001        3.8399999999999997E-002   5.1999999999999998E-003
   79.000000000000000       -2.5540296347955981E-002   3.5999999999999997E-002  0.58599999999999997       0.33420000000000000        3.8399999999999997E-002   5.4000000000000003E-003
   80.000000000000000       -4.5586309583498491E-002   3.5999999999999997E-002  0.58599999999999997       0.33360000000000001        3.8199999999999998E-002   6.1999999999999998E-003
   81.000000000000000       -6.5658466044265507E-002   3.6200000000000003E-002  0.58599999999999997       0.33300000000000002        3.8600000000000002E-002   6.1999999999999998E-003
   82.000000000000000       -8.4494166741792970E-002   3.6200000000000003E-002  0.58599999999999997       0.33260000000000001        3.8600000000000002E-002   6.6000000000000000E-003
   83.000000000000000      -0.10156815402576222        3.6999999999999998E-002  0.58520000000000005       0.33220000000000000        3.9000000000000000E-002   6.6000000000000000E-003
   84.000000000000000      -0.11590750255281883        3.6999999999999998E-002  0.58520000000000005       0.33239999999999997        3.8800000000000001E-002   6.6000000000000000E-003
   85.000000000000000      -0.12618269186983838        3.6999999999999998E-002  0.58520000000000005       0.32819999999999999        4.2999999999999997E-002   6.6000000000000000E-003
   86.000000000000000      -0.13341447571860413        3.6999999999999998E-002  0.58520000000000005       0.32860000000000000        4.2599999999999999E-002   6.6000000000000000E-003
   87.000000000000000      -0.13682242223721033        3.6999999999999998E-002  0.58520000000000005       0.32900000000000001        4.2200000000000001E-002   6.6000000000000000E-003
   88.000000000000000      -0.13530838809409901        3.6600000000000001E-002  0.58520000000000005       0.32760000000000000        4.3999999999999997E-002   6.6000000000000000E-003
   89.000000000000000      -0.12996448885694920        3.5799999999999998E-002  0.58520000000000005       0.32879999999999998        4.3600000000000000E-002   6.6000000000000000E-003
   90.000000000000000      -0.12090269682881968        3.5799999999999998E-002  0.58520000000000005       0.33019999999999999        4.2200000000000001E-002   6.6000000000000000E-003
   91.000000000000000      -0.10790033733340490        3.5200000000000002E-002  0.58520000000000005       0.33160000000000001        4.1200000000000001E-002   6.7999999999999996E-003
   92.000000000000000       -9.4001067398874052E-002   3.5200000000000002E-002  0.58520000000000005       0.33160000000000001        4.1200000000000001E-002   6.7999999999999996E-003
   93.000000000000000       -7.6655476704377071E-002   3.4799999999999998E-002  0.58520000000000005       0.33100000000000002        4.1399999999999999E-002   7.6000000000000000E-003
   94.000000000000000       -6.5657591262952841E-002   3.4799999999999998E-002  0.91659999999999997        0.0000000000000000        4.1000000000000002E-002   7.6000000000000000E-003
   95.000000000000000       -5.2370105028290911E-002   3.4599999999999999E-002  0.91759999999999997        0.0000000000000000        3.9800000000000002E-002   8.0000000000000002E-003
   96.000000000000000       -5.6105365892090968E-002   3.4200000000000001E-002  0.91659999999999997        2.0000000000000001E-004   4.1000000000000002E-002   8.0000000000000002E-003
   97.000000000000000       -6.0060739659247665E-002   3.4200000000000001E-002  0.91659999999999997        5.9999999999999995E-004   4.0599999999999997E-002   8.0000000000000002E-003
   98.000000000000000       -6.0657433856814602E-002   3.4200000000000001E-002  0.91200000000000003        5.0000000000000001E-003   4.0599999999999997E-002   8.2000000000000007E-003
   99.000000000000000       -6.2843549229730858E-002   3.0800000000000001E-002  0.91479999999999995        5.0000000000000001E-003   4.0599999999999997E-002   8.8000000000000005E-003
   100.00000000000000       -6.1953097636004574E-002   2.9999999999999999E-002  0.91220000000000001        5.7999999999999996E-003   4.0599999999999997E-002   1.1400000000000000E-002
   101.00000000000000       -6.1727561175819803E-002   2.7600000000000000E-002  0.91239999999999999        8.0000000000000002E-003   4.0599999999999997E-002   1.1400000000000000E-002
   102.00000000000000       -6.2473688166748205E-002   2.7600000000000000E-002  0.91200000000000003        8.0000000000000002E-003   4.0599999999999997E-002   1.1800000000000000E-002
   103.00000000000000       -6.2364351824592726E-002   2.7600000000000000E-002  0.91020000000000001        9.7999999999999997E-003   4.0599999999999997E-002   1.1800000000000000E-002
   104.00000000000000       -6.3800932460707963E-002   2.5999999999999999E-002  0.90900000000000003        4.1599999999999998E-002   1.1200000000000000E-002   1.2200000000000001E-002
   105.00000000000000       -6.5260203407535147E-002   2.3199999999999998E-002  0.91080000000000005        4.1599999999999998E-002   1.2200000000000001E-002   1.2200000000000001E-002
   106.00000000000000       -6.7651418082861278E-002   2.3000000000000000E-002  0.90980000000000005        4.1599999999999998E-002   1.3400000000000000E-002   1.2200000000000001E-002
   107.00000000000000       -6.9675019456051132E-002   2.2400000000000000E-002  0.90920000000000001        4.1599999999999998E-002   1.4000000000000000E-002   1.2800000000000001E-002
   108.00000000000000       -6.8415993630980554E-002   2.3400000000000001E-002  0.84279999999999999       0.10360000000000000        1.6799999999999999E-002   1.3400000000000000E-002
   109.00000000000000       -8.9287667903582016E-002   4.9399999999999999E-002  0.81420000000000003       0.10580000000000001        1.7000000000000001E-002   1.3599999999999999E-002
   110.00000000000000       -8.7831344056721036E-002   4.9399999999999999E-002  0.78759999999999997       0.13200000000000001        1.7000000000000001E-002   1.4000000000000000E-002
   111.00000000000000       -8.1021082304937875E-002   4.7800000000000002E-002  0.79139999999999999       0.12939999999999999        1.6199999999999999E-002   1.5200000000000000E-002
   112.00000000000000       -7.3575104523879081E-002   4.7199999999999999E-002  0.78280000000000005       0.13460000000000000        1.6400000000000001E-002   1.9000000000000000E-002
   113.00000000000000       -6.4328074863725188E-002   4.6199999999999998E-002  0.76780000000000004       0.14260000000000000        1.7200000000000000E-002   2.6200000000000001E-002
   114.00000000000000       -5.7471913384445232E-002   4.6199999999999998E-002  0.76519999999999999       0.14520000000000000        1.4999999999999999E-002   2.8400000000000002E-002
   115.00000000000000       -5.0847092844564776E-002   4.6199999999999998E-002  0.76139999999999997       0.14440000000000000        1.9199999999999998E-002   2.8799999999999999E-002
   116.00000000000000       -4.2771343857616176E-002   4.7000000000000000E-002  0.75580000000000003       0.14480000000000001        2.3599999999999999E-002   2.8799999999999999E-002
   117.00000000000000       -3.2074489222853775E-002   4.7199999999999999E-002  0.74719999999999998       0.14640000000000000        2.8400000000000002E-002   3.0800000000000001E-002
   118.00000000000000       -1.9757038367106745E-002   3.0800000000000001E-002  0.76239999999999997       0.14640000000000000        2.9399999999999999E-002   3.1000000000000000E-002
   119.00000000000000       -5.4690458754113290E-003   3.1399999999999997E-002  0.76200000000000001       0.14540000000000000        3.0200000000000001E-002   3.1000000000000000E-002
   120.00000000000000        9.2618375196875033E-003   3.0800000000000001E-002  0.76200000000000001       0.14599999999999999        2.9999999999999999E-002   3.1199999999999999E-002
   121.00000000000000        2.3669303009475142E-002   2.9200000000000000E-002  0.76180000000000003       0.14760000000000001        2.9399999999999999E-002   3.2000000000000001E-002
   122.00000000000000        3.5994485565589956E-002   2.8600000000000000E-002  0.76160000000000005       0.14720000000000000        2.9399999999999999E-002   3.3200000000000000E-002
   123.00000000000000        4.5393958390989128E-002   2.7199999999999998E-002  0.76060000000000005       0.14820000000000000        3.0800000000000001E-002   3.3200000000000000E-002
   124.00000000000000        5.1982636494350976E-002   2.6400000000000000E-002  0.75819999999999999       0.14779999999999999        3.3599999999999998E-002   3.4000000000000002E-002
   125.00000000000000        5.5236189829544938E-002   2.6400000000000000E-002  0.75680000000000003       0.14820000000000000        3.4400000000000000E-002   3.4200000000000001E-002
   126.00000000000000        5.6543915085340915E-002   2.6400000000000000E-002  0.75300000000000000       0.14740000000000000        3.7800000000000000E-002   3.5400000000000001E-002
   127.00000000000000        5.4141753807407350E-002   2.6200000000000001E-002  0.75239999999999996       0.14480000000000001        4.0800000000000003E-002   3.5799999999999998E-002
   128.00000000000000        4.8250744120715297E-002   0.0000000000000000       0.77620000000000000       0.14340000000000000        4.4200000000000003E-002   3.6200000000000003E-002
   129.00000000000000        7.5161186954762524E-002   0.0000000000000000       0.77620000000000000       0.14319999999999999        4.3600000000000000E-002   3.6999999999999998E-002
   130.00000000000000       0.10207188188382782        0.0000000000000000       0.77620000000000000       0.14319999999999999        4.3600000000000000E-002   3.6999999999999998E-002
   131.00000000000000       0.12345960336683043        0.0000000000000000       0.77620000000000000       0.14319999999999999        4.3600000000000000E-002   3.6999999999999998E-002
   132.00000000000000       0.14027853122132961        0.0000000000000000       0.77620000000000000       0.14319999999999999        4.3600000000000000E-002   3.6999999999999998E-002
   133.00000000000000       0.15365223271431944        0.0000000000000000       0.59519999999999995       0.32200000000000001        4.3600000000000000E-002   3.9199999999999999E-002
   134.00000000000000       0.15484426899001646        0.0000000000000000       0.59419999999999995       0.32200000000000001        4.2999999999999997E-002   4.0800000000000003E-002
   135.00000000000000       0.14965162109895111        0.0000000000000000       0.59340000000000004       0.32200000000000001        4.3600000000000000E-002   4.1000000000000002E-002
   136.00000000000000       0.14139852915441992        0.0000000000000000       0.59340000000000004       0.32200000000000001        4.2799999999999998E-002   4.1799999999999997E-002
   137.00000000000000       0.13021626344876958        0.0000000000000000       0.51119999999999999       0.40400000000000003        4.2400000000000000E-002   4.2400000000000000E-002
   138.00000000000000       0.11405361634935671        0.0000000000000000       0.51119999999999999       0.39979999999999999        4.4600000000000001E-002   4.4400000000000002E-002
   139.00000000000000        9.4843582619978078E-002   0.0000000000000000       0.51119999999999999       0.38560000000000000        5.3199999999999997E-002   5.0000000000000003E-002
   140.00000000000000        6.9765944025515697E-002   0.0000000000000000       0.51119999999999999       0.38640000000000002        5.2200000000000003E-002   5.0200000000000002E-002
   141.00000000000000        4.0904341259078242E-002   0.0000000000000000       0.51119999999999999       0.38019999999999998        5.6200000000000000E-002   5.2400000000000002E-002
   142.00000000000000        9.1198127824290119E-003   0.0000000000000000       0.51119999999999999       0.38040000000000002        5.5800000000000002E-002   5.2600000000000001E-002
   143.00000000000000       -2.5127567946648603E-002   4.0000000000000002E-004  0.50919999999999999       0.37719999999999998        5.9200000000000003E-002   5.3999999999999999E-002
   144.00000000000000       -4.3706527232945970E-002   4.0000000000000002E-004  0.50800000000000001       0.37340000000000001        5.9600000000000000E-002   5.8599999999999999E-002
   145.00000000000000       -4.7131555683086551E-002   4.0000000000000002E-004  0.50600000000000001       0.37540000000000001        5.9600000000000000E-002   5.8599999999999999E-002
   146.00000000000000       -5.0861693735332975E-002   4.0000000000000002E-004  0.49919999999999998       0.38240000000000002        5.9400000000000001E-002   5.8599999999999999E-002
   147.00000000000000       -5.5969963512703849E-002   4.0000000000000002E-004  0.50119999999999998       0.38040000000000002        5.9400000000000001E-002   5.8599999999999999E-002
   148.00000000000000       -6.1462494537302362E-002   4.0000000000000002E-004  0.50519999999999998       0.37640000000000001        5.9400000000000001E-002   5.8599999999999999E-002
   149.00000000000000       -6.6620462151852203E-002   4.0000000000000002E-004  0.50480000000000003       0.37340000000000001        6.2399999999999997E-002   5.8999999999999997E-002
   150.00000000000000       -7.2965739092399950E-002   4.0000000000000002E-004  0.50319999999999998       0.37319999999999998        6.3600000000000004E-002   5.9600000000000000E-002
   151.00000000000000       -7.9665549826183416E-002   2.0000000000000001E-004  0.50319999999999998       0.37240000000000001        6.4399999999999999E-002   5.9799999999999999E-002
   152.00000000000000       -8.5313408072376029E-002   2.0000000000000001E-004  0.50300000000000000       0.37240000000000001        6.3200000000000006E-002   6.1199999999999997E-002
   153.00000000000000       -8.9153073381371212E-002   2.0000000000000001E-004  0.50119999999999998       0.37340000000000001        6.3200000000000006E-002   6.2000000000000000E-002
   154.00000000000000       -9.1591382324016063E-002   2.0000000000000001E-004  0.50080000000000002       0.37359999999999999        6.3399999999999998E-002   6.2000000000000000E-002
   155.00000000000000       -9.0851639943723791E-002   4.4000000000000003E-003  0.49600000000000000       0.37200000000000000        6.4399999999999999E-002   6.3200000000000006E-002
   156.00000000000000       -8.4771751095926717E-002   4.0000000000000001E-003  0.48780000000000001       0.37900000000000000        5.7799999999999997E-002   7.1400000000000005E-002
   157.00000000000000       -7.3491054687401566E-002   1.8000000000000000E-003  0.48999999999999999       0.37719999999999998        5.9600000000000000E-002   7.1400000000000005E-002
   158.00000000000000       -5.6031087621649323E-002   1.6000000000000001E-003  0.49040000000000000       0.37659999999999999        5.9999999999999998E-002   7.1400000000000005E-002
   159.00000000000000       -3.4149768949278583E-002   1.6000000000000001E-003  0.48820000000000002       0.37880000000000003        5.7400000000000000E-002   7.3999999999999996E-002
   160.00000000000000       -1.2719503724288005E-002   1.6000000000000001E-003  0.48799999999999999       0.37880000000000003        5.7000000000000002E-002   7.4600000000000000E-002
   161.00000000000000        9.3701997450884381E-003   1.6000000000000001E-003  0.48240000000000000       0.38179999999999997        5.5599999999999997E-002   7.8600000000000003E-002
   162.00000000000000        2.9049666946133691E-002   1.6000000000000001E-003  0.48320000000000002       0.37980000000000003        5.6000000000000001E-002   7.9399999999999998E-002
   163.00000000000000        4.6216585822937827E-002   1.6000000000000001E-003  0.48740000000000000       0.37259999999999999        5.8799999999999998E-002   7.9600000000000004E-002
   164.00000000000000        6.1785461662282083E-002   1.6000000000000001E-003  0.48540000000000000       0.37240000000000001        5.8999999999999997E-002   8.1600000000000006E-002
   165.00000000000000        7.4977802331780641E-002   1.6000000000000001E-003  0.48320000000000002       0.37219999999999998        6.0800000000000000E-002   8.2199999999999995E-002
   166.00000000000000        8.5357792563482277E-002   6.7799999999999999E-002  0.41620000000000001       0.37100000000000000        6.2600000000000003E-002   8.2400000000000001E-002
   167.00000000000000       0.10607773617402724        6.7799999999999999E-002  0.41620000000000001       0.37100000000000000        6.2600000000000003E-002   8.2400000000000001E-002
   168.00000000000000       0.12427615248401397        6.7400000000000002E-002  0.41620000000000001       0.37119999999999997        6.2799999999999995E-002   8.2400000000000001E-002
   169.00000000000000       0.13711906933610896        6.7400000000000002E-002  0.41620000000000001       0.37040000000000001        6.3000000000000000E-002   8.3000000000000004E-002
   170.00000000000000       0.14506286189859902        6.7400000000000002E-002  0.41620000000000001       0.37040000000000001        6.3200000000000006E-002   8.2799999999999999E-002
   171.00000000000000       0.14956834595740845        6.7400000000000002E-002  0.41620000000000001       0.36880000000000002        6.3000000000000000E-002   8.4599999999999995E-002
   172.00000000000000       0.14798358434049799        6.7000000000000004E-002  0.41620000000000001       0.36640000000000000        6.5400000000000000E-002   8.5000000000000006E-002
   173.00000000000000       0.14098493713274535        6.7000000000000004E-002  0.41620000000000001       0.36640000000000000        6.5400000000000000E-002   8.5000000000000006E-002
   174.00000000000000       0.13026706793696133        6.7000000000000004E-002  0.41620000000000001       0.36259999999999998        6.5400000000000000E-002   8.8800000000000004E-002
   175.00000000000000       0.11439191404202548        6.5799999999999997E-002  0.41620000000000001       0.36259999999999998        6.4399999999999999E-002   9.0999999999999998E-002
   176.00000000000000        9.5561019965280991E-002   6.3000000000000000E-002  0.41620000000000001       0.36499999999999999        6.4600000000000005E-002   9.1200000000000003E-002
   177.00000000000000        7.3193257118751104E-002   6.2000000000000000E-002  0.41620000000000001       0.36580000000000001        6.4199999999999993E-002   9.1800000000000007E-002
   178.00000000000000        4.8485423689661279E-002   6.2000000000000000E-002  0.41620000000000001       0.36399999999999999        6.5000000000000002E-002   9.2799999999999994E-002
   179.00000000000000        2.1454203796018430E-002   6.2000000000000000E-002  0.41620000000000001       0.36320000000000002        6.5400000000000000E-002   9.3200000000000005E-002
   180.00000000000000       -5.3657659419171777E-003  0.18060000000000001       0.29799999999999999       0.36220000000000002        6.5799999999999997E-002   9.3399999999999997E-002
   181.00000000000000       -2.3010087991063882E-002  0.18060000000000001       0.27800000000000002       0.38019999999999998        6.5000000000000002E-002   9.6199999999999994E-002
   182.00000000000000       -4.0887272817447071E-002  0.18060000000000001       0.27779999999999999       0.38019999999999998        6.5000000000000002E-002   9.6400000000000000E-002
   183.00000000000000       -5.6973805052100514E-002  0.18060000000000001       0.28280000000000000       0.37519999999999998        6.2600000000000003E-002   9.8799999999999999E-002
   184.00000000000000       -6.9365985613323439E-002  0.18060000000000001       0.28380000000000000       0.37419999999999998        6.2600000000000003E-002   9.8799999999999999E-002
   185.00000000000000       -7.9175259487254998E-002  0.18060000000000001       0.28439999999999999       0.37359999999999999        6.2600000000000003E-002   9.8799999999999999E-002
   186.00000000000000       -8.1913924670646204E-002  0.18060000000000001       0.23999999999999999       0.41699999999999998        6.2600000000000003E-002   9.9800000000000000E-002
   187.00000000000000       -8.0474391121526129E-002  0.18060000000000001       0.20999999999999999       0.44519999999999998        6.0800000000000000E-002  0.10340000000000001     
   188.00000000000000       -7.7288335869414165E-002  0.18060000000000001       0.18900000000000000       0.46620000000000000        6.0999999999999999E-002  0.10320000000000000     
   189.00000000000000       -7.1517861769480356E-002  0.18060000000000001       0.18600000000000000       0.46860000000000002        6.1600000000000002E-002  0.10320000000000000     
   190.00000000000000       -6.2555889881336618E-002  0.18060000000000001       0.18300000000000000       0.47080000000000000        6.2199999999999998E-002  0.10340000000000001     
   191.00000000000000       -5.0653953041894337E-002  0.18060000000000001       0.17960000000000001       0.47199999999999998        6.4399999999999999E-002  0.10340000000000001     
   192.00000000000000       -3.6502984299781743E-002  0.17019999999999999       0.18559999999999999       0.47539999999999999        6.4199999999999993E-002  0.10460000000000000     
   193.00000000000000       -1.8969839094750279E-002  0.16059999999999999       0.18559999999999999       0.48220000000000002        6.6799999999999998E-002  0.10480000000000000     
   194.00000000000000       -1.0556251883114681E-003  0.15540000000000001       0.18559999999999999       0.48380000000000001        6.9800000000000001E-002  0.10539999999999999     
   195.00000000000000        1.7446532345129197E-002  0.15559999999999999       0.18559999999999999       0.48120000000000002        7.0199999999999999E-002  0.10740000000000000     
   196.00000000000000        3.5702330133302311E-002  0.15540000000000001       0.18559999999999999       0.48039999999999999        7.0199999999999999E-002  0.10840000000000000     
   197.00000000000000        5.4390067313450363E-002  0.15459999999999999       0.18559999999999999       0.47999999999999998        7.1199999999999999E-002  0.10860000000000000     
   198.00000000000000        7.3115711842519651E-002  0.15140000000000001       0.18559999999999999       0.48199999999999998        7.2599999999999998E-002  0.10840000000000000     
   199.00000000000000        9.1714681075487151E-002  0.15079999999999999       0.18559999999999999       0.48259999999999997        7.1599999999999997E-002  0.10940000000000000     
   200.00000000000000       0.10895008634904671       0.15100000000000000       0.18559999999999999       0.48020000000000002        7.3999999999999996E-002  0.10920000000000001     
   201.00000000000000       0.12446702778274504       0.14879999999999999       0.18559999999999999       0.48240000000000000        7.4999999999999997E-002  0.10820000000000000     
   202.00000000000000       0.13930583586050332       0.14680000000000001       0.18559999999999999       0.48440000000000000        7.4999999999999997E-002  0.10820000000000000     
   203.00000000000000       0.15389994553625788       0.14299999999999999       0.18559999999999999       0.48820000000000002        7.5399999999999995E-002  0.10780000000000001     
   204.00000000000000       0.16437283707649786       0.14199999999999999       0.18559999999999999       0.48820000000000002        7.7200000000000005E-002  0.10700000000000000     
   205.00000000000000       0.17587563006620288       0.13200000000000001       0.18559999999999999       0.49399999999999999        7.7799999999999994E-002  0.11060000000000000     
   206.00000000000000       0.18339467594364428       0.13180000000000000       0.18559999999999999       0.48920000000000002        8.0799999999999997E-002  0.11260000000000001     
   207.00000000000000       0.19111285505073974        3.2000000000000001E-002  0.28520000000000001       0.48920000000000002        7.9000000000000001E-002  0.11459999999999999     
   208.00000000000000       0.19425660375370005        3.6200000000000003E-002  0.28100000000000003       0.48920000000000002        7.8799999999999995E-002  0.11480000000000000     
   209.00000000000000       0.20597405268235458        3.3799999999999997E-002  0.28339999999999999       0.48920000000000002        7.8799999999999995E-002  0.11480000000000000     
   210.00000000000000       0.21746432930755255        3.4599999999999999E-002  0.28260000000000002       0.48759999999999998        8.0000000000000002E-002  0.11520000000000000     
   211.00000000000000       0.23089449660116865        3.4599999999999999E-002  0.26619999999999999       0.50280000000000002        8.1199999999999994E-002  0.11520000000000000     
   212.00000000000000       0.24025080901010620        3.4400000000000000E-002  0.26619999999999999       0.50239999999999996        8.1000000000000003E-002  0.11600000000000001     
   213.00000000000000       0.24836664076790255        3.4200000000000001E-002  0.26779999999999998       0.49959999999999999        8.0799999999999997E-002  0.11760000000000000     
   214.00000000000000       0.25715927848859194        3.4000000000000002E-002  0.25659999999999999       0.51000000000000001        8.0399999999999999E-002  0.11899999999999999     
   215.00000000000000       0.26581652726228455        3.3799999999999997E-002  0.25600000000000001       0.50960000000000005        7.9200000000000007E-002  0.12139999999999999     
   216.00000000000000       0.27331841698728437        3.3399999999999999E-002  0.24979999999999999       0.51480000000000004        7.9399999999999998E-002  0.12260000000000000     
