#        BMIN =   404
#        BMAX =   408
#     INIBAND =   406
#      NBANDS =   540
#         NSW =  2000
#       POTIM =   1.0
#        TEMP = 300.0
#    NAMDTINI =   844
#    NAMDTIME =  1000
#       NTRAJ =  5000
#        NELM =  1000
#       LHOLE =     T
#        LSHP =     T
#      LCPTXT =     T
#      RUNDIR = ../../run/
   1.0000000000000000       -1.2568956384919803E-003   0.0000000000000000        0.0000000000000000        1.0000000000000000        0.0000000000000000        0.0000000000000000     
   2.0000000000000000       -7.4508279593015533E-003   0.0000000000000000        0.0000000000000000        1.0000000000000000        0.0000000000000000        0.0000000000000000     
   3.0000000000000000       -1.1564922927728417E-002   0.0000000000000000        0.0000000000000000        1.0000000000000000        0.0000000000000000        0.0000000000000000     
   4.0000000000000000       -1.3268732901264846E-002   0.0000000000000000        0.0000000000000000        1.0000000000000000        0.0000000000000000        0.0000000000000000     
   5.0000000000000000       -1.1834148747403763E-002   0.0000000000000000        0.0000000000000000        1.0000000000000000        0.0000000000000000        0.0000000000000000     
   6.0000000000000000       -7.8231781661762291E-003   0.0000000000000000        0.0000000000000000       0.98460000000000003        1.5400000000000000E-002   0.0000000000000000     
   7.0000000000000000       -3.5790849026560552E-002   0.0000000000000000        0.0000000000000000       0.98460000000000003        1.5400000000000000E-002   0.0000000000000000     
   8.0000000000000000       -7.0750872396165093E-002   0.0000000000000000        0.0000000000000000       0.98460000000000003        1.5400000000000000E-002   0.0000000000000000     
   9.0000000000000000      -0.10865188705255072        0.0000000000000000        0.0000000000000000       0.98460000000000003        1.5400000000000000E-002   0.0000000000000000     
   10.000000000000000      -0.14856593744295551        0.0000000000000000        0.0000000000000000       0.98460000000000003        1.5400000000000000E-002   0.0000000000000000     
   11.000000000000000      -0.18833297021303963        0.0000000000000000        0.0000000000000000       0.98460000000000003        1.5400000000000000E-002   0.0000000000000000     
   12.000000000000000      -0.23010753653326935        0.0000000000000000       0.66979999999999995       0.31359999999999999        1.6600000000000000E-002   0.0000000000000000     
   13.000000000000000      -0.25397312965260033        4.5999999999999999E-003  0.62860000000000005       0.35020000000000001        1.6600000000000000E-002   0.0000000000000000     
   14.000000000000000      -0.25328769903736736        4.5999999999999999E-003  0.56279999999999997       0.41599999999999998        1.6600000000000000E-002   0.0000000000000000     
   15.000000000000000      -0.23911595395060325        4.5999999999999999E-003  0.56779999999999997       0.40939999999999999        1.7999999999999999E-002   2.0000000000000001E-004
   16.000000000000000      -0.22452548990091242        2.0000000000000000E-003  0.82740000000000002       0.15240000000000001        1.7999999999999999E-002   2.0000000000000001E-004
   17.000000000000000      -0.21025796719177497        1.6000000000000001E-003  0.83499999999999996       0.14520000000000000        1.7999999999999999E-002   2.0000000000000001E-004
   18.000000000000000      -0.19549030012383592        1.6000000000000001E-003  0.83679999999999999       0.14340000000000000        1.7999999999999999E-002   2.0000000000000001E-004
   19.000000000000000      -0.17945256555858055        1.6000000000000001E-003  0.83560000000000001       0.14440000000000000        1.7999999999999999E-002   4.0000000000000002E-004
   20.000000000000000      -0.16201235833531707        1.6000000000000001E-003  0.83599999999999997       0.14340000000000000        1.8599999999999998E-002   4.0000000000000002E-004
   21.000000000000000      -0.14377780720091629        1.6000000000000001E-003  0.82860000000000000       0.15079999999999999        1.8599999999999998E-002   4.0000000000000002E-004
   22.000000000000000      -0.12446226598619484        1.6000000000000001E-003  0.82099999999999995       0.15700000000000000        1.9199999999999998E-002   1.1999999999999999E-003
   23.000000000000000      -0.10593024272957097        1.6000000000000001E-003  0.81999999999999995       0.15800000000000000        1.9199999999999998E-002   1.1999999999999999E-003
   24.000000000000000       -8.7082323549233440E-002   1.6000000000000001E-003  0.81699999999999995       0.16000000000000000        2.0199999999999999E-002   1.1999999999999999E-003
   25.000000000000000       -6.9068595825193868E-002   1.6000000000000001E-003  0.81720000000000004       0.15980000000000000        2.0199999999999999E-002   1.1999999999999999E-003
   26.000000000000000       -5.1573369576030634E-002   1.6000000000000001E-003  0.81379999999999997       0.16320000000000001        2.0199999999999999E-002   1.1999999999999999E-003
   27.000000000000000       -3.5564590069137834E-002   5.0000000000000001E-003  0.80979999999999996       0.16259999999999999        2.1200000000000000E-002   1.4000000000000000E-003
   28.000000000000000        4.3221659728092787E-003   5.0000000000000001E-003  0.80979999999999996       0.16259999999999999        2.1200000000000000E-002   1.4000000000000000E-003
   29.000000000000000        6.1994815386361667E-002   2.3999999999999998E-003  0.41560000000000002       0.55859999999999999        2.1999999999999999E-002   1.4000000000000000E-003
   30.000000000000000        9.0153145654796277E-002   2.3999999999999998E-003  0.41439999999999999       0.55900000000000005        2.2800000000000001E-002   1.4000000000000000E-003
   31.000000000000000       0.11915579826206286        2.3999999999999998E-003  0.41439999999999999       0.55900000000000005        2.2800000000000001E-002   1.4000000000000000E-003
   32.000000000000000       0.14461460159117515        2.3999999999999998E-003  0.41120000000000001       0.55900000000000005        2.5999999999999999E-002   1.4000000000000000E-003
   33.000000000000000       0.16461860564239184        2.5999999999999999E-003  0.41099999999999998       0.55900000000000005        2.5999999999999999E-002   1.4000000000000000E-003
   34.000000000000000       0.18015833257045097        2.5999999999999999E-003  0.41099999999999998       0.55900000000000005        2.5999999999999999E-002   1.4000000000000000E-003
   35.000000000000000       0.19071555972844120        2.3999999999999998E-003  0.41120000000000001       0.55900000000000005        2.5999999999999999E-002   1.4000000000000000E-003
   36.000000000000000       0.19674324541760127        2.3999999999999998E-003  0.40980000000000000       0.55900000000000005        2.7199999999999998E-002   1.6000000000000001E-003
   37.000000000000000       0.19767485628356740        2.5999999999999999E-003  0.40960000000000002       0.55900000000000005        2.7199999999999998E-002   1.6000000000000001E-003
   38.000000000000000       0.19392246836726398        3.5999999999999999E-003  0.40860000000000002       0.55900000000000005        2.7199999999999998E-002   1.6000000000000001E-003
   39.000000000000000       0.18474105305731039        3.3999999999999998E-003  0.44940000000000002       0.51839999999999997        2.7199999999999998E-002   1.6000000000000001E-003
   40.000000000000000       0.17546356130567439        2.8000000000000000E-003  0.44940000000000002       0.51900000000000002        2.7199999999999998E-002   1.6000000000000001E-003
   41.000000000000000       0.16628802378179489        4.7999999999999996E-003  0.43840000000000001       0.52620000000000000        2.9000000000000001E-002   1.6000000000000001E-003
   42.000000000000000       0.16667784899260821        4.7999999999999996E-003  0.43859999999999999       0.52520000000000000        2.9800000000000000E-002   1.6000000000000001E-003
   43.000000000000000       0.17730364192940359        4.7999999999999996E-003  0.43900000000000000       0.52480000000000004        2.9800000000000000E-002   1.6000000000000001E-003
   44.000000000000000       0.18952096749678457        4.1999999999999997E-003  0.43400000000000000       0.53039999999999998        2.9800000000000000E-002   1.6000000000000001E-003
   45.000000000000000       0.20233231309018929        3.5999999999999999E-003  0.43480000000000002       0.53020000000000000        2.9800000000000000E-002   1.6000000000000001E-003
   46.000000000000000       0.21526626673144783        1.8000000000000000E-003  0.42880000000000001       0.53759999999999997        3.0200000000000001E-002   1.6000000000000001E-003
   47.000000000000000       0.22979094488015553        1.6000000000000001E-003  0.42099999999999999       0.54279999999999995        3.2599999999999997E-002   2.0000000000000000E-003
   48.000000000000000       0.25134411607523571        1.6000000000000001E-003  0.41539999999999999       0.54700000000000004        3.4000000000000002E-002   2.0000000000000000E-003
   49.000000000000000       0.25351931799807848        1.6000000000000001E-003  0.41560000000000002       0.54620000000000002        3.4599999999999999E-002   2.0000000000000000E-003
   50.000000000000000       0.28243460976720280        1.6000000000000001E-003  0.41560000000000002       0.54359999999999997        3.7199999999999997E-002   2.0000000000000000E-003
   51.000000000000000       0.27836767558988856        1.6000000000000001E-003  0.41560000000000002       0.54359999999999997        3.7199999999999997E-002   2.0000000000000000E-003
   52.000000000000000       0.29571366771808405        1.6000000000000001E-003  0.41539999999999999       0.54359999999999997        3.7400000000000003E-002   2.0000000000000000E-003
   53.000000000000000       0.31932157792630628        1.6000000000000001E-003  0.42459999999999998       0.53420000000000001        3.7600000000000001E-002   2.0000000000000000E-003
   54.000000000000000       0.33703177638324278        1.6000000000000001E-003  0.41599999999999998       0.54139999999999999        3.9000000000000000E-002   2.0000000000000000E-003
   55.000000000000000       0.25126395889938691        1.1999999999999999E-003  0.39460000000000001       0.56120000000000003        4.0599999999999997E-002   2.3999999999999998E-003
   56.000000000000000       0.34306537053861585        1.1999999999999999E-003  0.39520000000000000       0.56059999999999999        4.0599999999999997E-002   2.3999999999999998E-003
   57.000000000000000       0.15742400356833794        4.0000000000000002E-004  0.38660000000000000       0.56940000000000002        4.0800000000000003E-002   2.8000000000000000E-003
   58.000000000000000       0.37995595129025256        4.0000000000000002E-004  0.38660000000000000       0.56899999999999995        4.1200000000000001E-002   2.8000000000000000E-003
   59.000000000000000       0.38676084926049947        0.0000000000000000       0.38700000000000001       0.56879999999999997        4.1399999999999999E-002   2.8000000000000000E-003
   60.000000000000000       0.37484575495587674        0.0000000000000000       0.38240000000000002       0.57320000000000004        4.1599999999999998E-002   2.8000000000000000E-003
   61.000000000000000       0.35474901134579112        0.0000000000000000       0.37600000000000000       0.57920000000000005        4.2000000000000003E-002   2.8000000000000000E-003
   62.000000000000000       0.46252819241440268        0.0000000000000000       0.37600000000000000       0.57920000000000005        4.2000000000000003E-002   2.8000000000000000E-003
   63.000000000000000       0.36605999048922050        0.0000000000000000       0.37280000000000002       0.58220000000000005        4.2200000000000001E-002   2.8000000000000000E-003
   64.000000000000000       0.35892555977852036        0.0000000000000000       0.37259999999999999       0.58220000000000005        4.2400000000000000E-002   2.8000000000000000E-003
   65.000000000000000       0.33105218465563857        1.0000000000000000E-003  0.37159999999999999       0.58140000000000003        4.2999999999999997E-002   3.0000000000000001E-003
   66.000000000000000       0.18970267386035838        1.0000000000000000E-003  0.37100000000000000       0.57560000000000000        4.4400000000000002E-002   8.0000000000000002E-003
   67.000000000000000       0.46619963752344840        1.0000000000000000E-003  0.37080000000000002       0.56240000000000001        5.7400000000000000E-002   8.3999999999999995E-003
   68.000000000000000       0.46108077157727395        1.0000000000000000E-003  0.36559999999999998       0.56559999999999999        5.7400000000000000E-002   1.0400000000000000E-002
   69.000000000000000       0.46014700849115492        1.0000000000000000E-003  0.36459999999999998       0.56359999999999999        5.8000000000000003E-002   1.2800000000000001E-002
   70.000000000000000       0.45678555589317821        2.3999999999999998E-003  0.32019999999999998       0.60399999999999998        6.0600000000000001E-002   1.2800000000000001E-002
   71.000000000000000       0.28035702642549171        2.3999999999999998E-003  0.32040000000000002       0.60360000000000003        6.0600000000000001E-002   1.2999999999999999E-002
   72.000000000000000       0.26411280389449771        2.3999999999999998E-003  0.31080000000000002       0.61119999999999997        6.1199999999999997E-002   1.4400000000000000E-002
   73.000000000000000       0.24538598228844807        2.3999999999999998E-003  0.31100000000000000       0.61040000000000005        6.1800000000000001E-002   1.4400000000000000E-002
   74.000000000000000       0.22656899581695197        2.3999999999999998E-003  0.30959999999999999       0.61060000000000003        6.2799999999999995E-002   1.4600000000000000E-002
   75.000000000000000       0.20609473927221308        2.5999999999999999E-003  0.30940000000000001       0.60899999999999999        6.4000000000000001E-002   1.4999999999999999E-002
   76.000000000000000       0.18507538448183966        3.2000000000000002E-003  0.30759999999999998       0.61019999999999996        6.3799999999999996E-002   1.5200000000000000E-002
   77.000000000000000       0.16421513879038957        2.8000000000000000E-003  0.30800000000000000       0.60999999999999999        6.3600000000000004E-002   1.5599999999999999E-002
   78.000000000000000       0.14416539281942847        6.4000000000000003E-003  0.29280000000000000       0.61980000000000002        6.4199999999999993E-002   1.6799999999999999E-002
   79.000000000000000       0.12623605253450526        1.6600000000000000E-002  0.25340000000000001       0.64659999999999995        6.6000000000000003E-002   1.7399999999999999E-002
   80.000000000000000       0.10659676478968383        1.5800000000000002E-002  0.24540000000000001       0.65159999999999996        6.6600000000000006E-002   2.0600000000000000E-002
   81.000000000000000        8.4879355476937479E-002   1.6400000000000001E-002  0.24500000000000000       0.65100000000000002        7.6399999999999996E-002   1.1200000000000000E-002
   82.000000000000000        6.2347307403569842E-002   1.6799999999999999E-002  0.25159999999999999       0.64400000000000002        7.6399999999999996E-002   1.1200000000000000E-002
   83.000000000000000        4.0628730897114794E-002   1.6799999999999999E-002  0.25480000000000003       0.63939999999999997        7.7200000000000005E-002   1.1800000000000000E-002
   84.000000000000000        2.3215516306851047E-002   1.8400000000000000E-002  0.22980000000000000       0.65420000000000000        8.5800000000000001E-002   1.1800000000000000E-002
   85.000000000000000        2.1341894183701448E-003   1.6000000000000000E-002  0.23480000000000001       0.65159999999999996        8.5800000000000001E-002   1.1800000000000000E-002
   86.000000000000000       -1.7824754183432118E-002   1.4600000000000000E-002  0.23419999999999999       0.65220000000000000        8.5400000000000004E-002   1.3599999999999999E-002
   87.000000000000000       -3.6686056530785660E-002   1.2999999999999999E-002  0.22300000000000000       0.66420000000000001        8.5400000000000004E-002   1.4400000000000000E-002
   88.000000000000000       -5.5845047634368594E-002   1.2999999999999999E-002  0.22100000000000000       0.66459999999999997        8.6599999999999996E-002   1.4800000000000001E-002
   89.000000000000000       -7.4616007835553069E-002   1.3800000000000000E-002  0.22100000000000000       0.66279999999999994        8.7599999999999997E-002   1.4800000000000001E-002
   90.000000000000000       -9.1647327806603104E-002   1.3800000000000000E-002  0.22180000000000000       0.66180000000000005        8.6599999999999996E-002   1.6000000000000000E-002
   91.000000000000000      -0.10690909512605890        1.1200000000000000E-002  0.22620000000000001       0.65980000000000005        8.6599999999999996E-002   1.6199999999999999E-002
   92.000000000000000      -0.11479952065913782        1.1800000000000000E-002  0.22140000000000001       0.66379999999999995        8.6400000000000005E-002   1.6600000000000000E-002
   93.000000000000000      -0.11033816472089408        1.2999999999999999E-002  0.22000000000000000       0.66379999999999995        8.6599999999999996E-002   1.6600000000000000E-002
   94.000000000000000       -9.3793589983088246E-002   1.2999999999999999E-002  0.22000000000000000       0.66379999999999995        8.6400000000000005E-002   1.6799999999999999E-002
   95.000000000000000       -7.6142978925376997E-002   1.2999999999999999E-002  0.22000000000000000       0.66379999999999995        8.6400000000000005E-002   1.6799999999999999E-002
   96.000000000000000       -5.7606992447549084E-002   1.2999999999999999E-002  0.21980000000000000       0.66379999999999995        8.6400000000000005E-002   1.7000000000000001E-002
   97.000000000000000       -4.1908211135017755E-002   1.2999999999999999E-002  0.21980000000000000       0.66379999999999995        8.6400000000000005E-002   1.7000000000000001E-002
   98.000000000000000       -2.6591605741330883E-002   1.2999999999999999E-002  0.21900000000000000       0.66379999999999995        8.7200000000000000E-002   1.7000000000000001E-002
   99.000000000000000       -1.4327292815203205E-002   1.2999999999999999E-002  0.21879999999999999       0.66379999999999995        8.6999999999999994E-002   1.7399999999999999E-002
   100.00000000000000       -5.1521678337011732E-003   1.2999999999999999E-002  0.21820000000000001       0.66379999999999995        8.6599999999999996E-002   1.8400000000000000E-002
   101.00000000000000        5.9870500164347414E-004   1.2999999999999999E-002  0.21820000000000001       0.66379999999999995        8.6599999999999996E-002   1.8400000000000000E-002
   102.00000000000000       -1.3964817524591677E-002   1.2999999999999999E-002  0.84219999999999995        3.9000000000000000E-002   8.7200000000000000E-002   1.8599999999999998E-002
   103.00000000000000       -5.9844946019738717E-004   1.2999999999999999E-002  0.84219999999999995        3.9000000000000000E-002   8.6999999999999994E-002   1.8800000000000001E-002
   104.00000000000000       -1.3656034073018616E-002   1.2999999999999999E-002  0.84219999999999995        3.9000000000000000E-002   8.6999999999999994E-002   1.8800000000000001E-002
   105.00000000000000       -3.1429788527704568E-002   1.2999999999999999E-002  0.84219999999999995        3.9000000000000000E-002   8.6999999999999994E-002   1.8800000000000001E-002
   106.00000000000000       -5.2890691012457497E-002   6.0199999999999997E-002  0.79279999999999995        4.0599999999999997E-002   8.6199999999999999E-002   2.0199999999999999E-002
   107.00000000000000       -3.1295987316948798E-002   6.0199999999999997E-002  0.79279999999999995        4.0599999999999997E-002   8.5800000000000001E-002   2.0600000000000000E-002
   108.00000000000000       -9.1216396831662085E-003   5.9400000000000001E-002  0.79320000000000002        4.0599999999999997E-002   8.5599999999999996E-002   2.1200000000000000E-002
   109.00000000000000        1.5957281312604196E-002   5.9400000000000001E-002  0.79059999999999997        4.3200000000000002E-002   8.4800000000000000E-002   2.1999999999999999E-002
   110.00000000000000        4.0191123834739662E-002   5.8400000000000001E-002  0.79100000000000004        4.3400000000000001E-002   8.4800000000000000E-002   2.2400000000000000E-002
   111.00000000000000        6.5746346058830743E-002   5.8200000000000002E-002  0.77180000000000004        6.1199999999999997E-002   8.5400000000000004E-002   2.3400000000000001E-002
   112.00000000000000        8.7079260414395954E-002   5.8000000000000003E-002  0.77080000000000004        6.0999999999999999E-002   8.5800000000000001E-002   2.4400000000000002E-002
   113.00000000000000       0.10560434495566005        5.7599999999999998E-002  0.77059999999999995        6.1600000000000002E-002   8.5599999999999996E-002   2.4600000000000000E-002
   114.00000000000000       0.12253401869725361        5.6399999999999999E-002  0.77120000000000000        6.2000000000000000E-002   8.3599999999999994E-002   2.6800000000000001E-002
   115.00000000000000       0.13671334360690690        5.6399999999999999E-002  0.75860000000000005        7.3800000000000004E-002   8.4199999999999997E-002   2.7000000000000000E-002
   116.00000000000000       0.14446808912251338        5.6399999999999999E-002  0.75739999999999996        7.3599999999999999E-002   8.5400000000000004E-002   2.7199999999999998E-002
   117.00000000000000       0.16075765376921686        5.3400000000000003E-002  0.75780000000000003        7.3800000000000004E-002   8.7200000000000000E-002   2.7799999999999998E-002
   118.00000000000000       0.16019724666573293        5.2600000000000001E-002  0.74580000000000002        8.6599999999999996E-002   8.7200000000000000E-002   2.7799999999999998E-002
   119.00000000000000       0.15479644151307734        5.2200000000000003E-002  0.74719999999999998        8.5400000000000004E-002   8.7400000000000005E-002   2.7799999999999998E-002
   120.00000000000000       0.15160853517134368        5.1999999999999998E-002  0.74500000000000000        8.6800000000000002E-002   8.7800000000000003E-002   2.8400000000000002E-002
   121.00000000000000       0.14537133697687943        5.1400000000000001E-002  0.74500000000000000        8.6599999999999996E-002   8.7999999999999995E-002   2.9000000000000001E-002
   122.00000000000000       0.12712208563057439        5.1400000000000001E-002  0.74500000000000000        8.6599999999999996E-002   8.7999999999999995E-002   2.9000000000000001E-002
   123.00000000000000       0.11463690809955387        5.1200000000000002E-002  0.74280000000000002        8.7800000000000003E-002   8.7999999999999995E-002   3.0200000000000001E-002
   124.00000000000000        9.7828596367222534E-002   5.0999999999999997E-002  0.74139999999999995        8.7800000000000003E-002   8.9200000000000002E-002   3.0599999999999999E-002
   125.00000000000000        7.8977515238446969E-002   5.0999999999999997E-002  0.73960000000000004        8.7400000000000005E-002   9.0999999999999998E-002   3.1000000000000000E-002
   126.00000000000000        5.8339723745652335E-002   5.0999999999999997E-002  0.73960000000000004        8.7400000000000005E-002   8.9999999999999997E-002   3.2000000000000001E-002
   127.00000000000000        3.7357039292012395E-002   5.0999999999999997E-002  0.73939999999999995        8.7200000000000000E-002   8.9399999999999993E-002   3.3000000000000002E-002
   128.00000000000000        2.2039278177078923E-002   0.0000000000000000       0.78480000000000005        9.1999999999999998E-002   9.0200000000000002E-002   3.3000000000000002E-002
   129.00000000000000        3.4143820171550356E-002   0.0000000000000000       0.78480000000000005        9.1999999999999998E-002   9.0200000000000002E-002   3.3000000000000002E-002
   130.00000000000000        7.1714098113694502E-002   0.0000000000000000       0.78480000000000005        9.1999999999999998E-002   8.9800000000000005E-002   3.3399999999999999E-002
   131.00000000000000       0.10591551760056094        0.0000000000000000       0.78480000000000005        9.1999999999999998E-002   8.9399999999999993E-002   3.3799999999999997E-002
   132.00000000000000       0.13609882085336278        0.0000000000000000       0.78480000000000005        9.1399999999999995E-002   8.9999999999999997E-002   3.3799999999999997E-002
   133.00000000000000       0.16148316830618770        0.0000000000000000       0.78480000000000005        9.0999999999999998E-002   8.7599999999999997E-002   3.6600000000000001E-002
   134.00000000000000       0.18612433219072530        0.0000000000000000       0.56960000000000000       0.30599999999999999        8.4599999999999995E-002   3.9800000000000002E-002
   135.00000000000000       0.18890412959239691        0.0000000000000000       0.56960000000000000       0.30599999999999999        8.1799999999999998E-002   4.2599999999999999E-002
   136.00000000000000       0.18140469418146027        0.0000000000000000       0.56920000000000004       0.30599999999999999        8.2000000000000003E-002   4.2799999999999998E-002
   137.00000000000000       0.17235080310785353        0.0000000000000000       0.56920000000000004       0.30599999999999999        8.2000000000000003E-002   4.2799999999999998E-002
   138.00000000000000       0.15994736794506292        0.0000000000000000       0.56859999999999999       0.30599999999999999        8.2199999999999995E-002   4.3200000000000002E-002
   139.00000000000000       0.14525761993993444        0.0000000000000000       0.56840000000000002       0.30599999999999999        7.9200000000000007E-002   4.6399999999999997E-002
   140.00000000000000       0.12874552400095982        0.0000000000000000       0.56799999999999995       0.30599999999999999        7.9799999999999996E-002   4.6199999999999998E-002
   141.00000000000000       0.11061735063999009        0.0000000000000000       0.56640000000000001       0.30599999999999999        7.9600000000000004E-002   4.8000000000000001E-002
   142.00000000000000       0.10134787463604104        0.0000000000000000        0.0000000000000000       0.87200000000000000        7.9600000000000004E-002   4.8399999999999999E-002
   143.00000000000000        7.4736890794353306E-002   0.0000000000000000        0.0000000000000000       0.86960000000000004        8.0600000000000005E-002   4.9799999999999997E-002
   144.00000000000000        6.4514088465541908E-002   0.0000000000000000        0.0000000000000000       0.86960000000000004        8.0600000000000005E-002   4.9799999999999997E-002
   145.00000000000000        5.5672140264553374E-002   0.0000000000000000        0.0000000000000000       0.86639999999999995        8.3199999999999996E-002   5.0400000000000000E-002
   146.00000000000000        4.6295717702795856E-002   0.0000000000000000        0.0000000000000000       0.86419999999999997        8.3400000000000002E-002   5.2400000000000002E-002
   147.00000000000000        3.9099186021296625E-002   0.0000000000000000        0.0000000000000000       0.86419999999999997        8.2600000000000007E-002   5.3199999999999997E-002
   148.00000000000000        3.1967108350873130E-002   0.0000000000000000        0.0000000000000000       0.86380000000000001        8.2600000000000007E-002   5.3600000000000002E-002
   149.00000000000000        2.7064095550684831E-002   0.0000000000000000        0.0000000000000000       0.85999999999999999        8.2000000000000003E-002   5.8000000000000003E-002
   150.00000000000000        2.1815251471948224E-002   0.0000000000000000        2.0000000000000001E-004  0.85980000000000001        8.1799999999999998E-002   5.8200000000000002E-002
   151.00000000000000        1.8795288317752040E-002   0.0000000000000000        2.0000000000000001E-004  0.85819999999999996        8.1799999999999998E-002   5.9799999999999999E-002
   152.00000000000000        1.3079949798593487E-002   0.0000000000000000        2.0000000000000001E-004  0.85819999999999996        8.1799999999999998E-002   5.9799999999999999E-002
   153.00000000000000        1.6162139363592003E-002   0.0000000000000000        2.0000000000000001E-004  0.85819999999999996        8.1600000000000006E-002   5.9999999999999998E-002
   154.00000000000000        5.6682882761067768E-003   0.0000000000000000        2.0000000000000001E-004  0.85760000000000003        8.2199999999999995E-002   5.9999999999999998E-002
   155.00000000000000       -3.7409090225993501E-002   0.0000000000000000        2.0000000000000001E-004  0.85680000000000001        8.2400000000000001E-002   6.0600000000000001E-002
   156.00000000000000        3.7084592115915777E-002   0.0000000000000000        2.0000000000000001E-004  0.85540000000000005        8.2400000000000001E-002   6.2000000000000000E-002
   157.00000000000000       -9.2617203127993639E-004   0.0000000000000000        2.0000000000000001E-004  0.85519999999999996        8.2600000000000007E-002   6.2000000000000000E-002
   158.00000000000000       0.11575572191571228        0.0000000000000000        2.0000000000000001E-004  0.85460000000000003        7.6200000000000004E-002   6.9000000000000006E-002
   159.00000000000000        9.4462055460538367E-003   0.0000000000000000        2.0000000000000001E-004  0.85419999999999996        7.4999999999999997E-002   7.0599999999999996E-002
   160.00000000000000       -6.1873174546843573E-003   0.0000000000000000        2.0000000000000001E-004  0.85280000000000000        7.1400000000000005E-002   7.5600000000000001E-002
   161.00000000000000       -6.5446599833384154E-003   0.0000000000000000        2.0000000000000001E-004  0.85280000000000000        6.5600000000000006E-002   8.1400000000000000E-002
   162.00000000000000       -9.4540661839391214E-003   0.0000000000000000        2.0000000000000001E-004  0.85280000000000000        6.5799999999999997E-002   8.1199999999999994E-002
   163.00000000000000       -4.7877325147008265E-004   0.0000000000000000        2.0000000000000001E-004  0.85280000000000000        6.5799999999999997E-002   8.1199999999999994E-002
   164.00000000000000        3.2661435410639671E-002   0.0000000000000000        2.0000000000000001E-004  0.85280000000000000        6.4799999999999996E-002   8.2199999999999995E-002
   165.00000000000000        6.2909028484315441E-002   0.0000000000000000        2.0000000000000001E-004  0.85280000000000000        6.2600000000000003E-002   8.4400000000000003E-002
   166.00000000000000        8.8760295776217912E-002   0.0000000000000000        2.0000000000000001E-004  0.85280000000000000        6.2600000000000003E-002   8.4400000000000003E-002
   167.00000000000000       0.10993488977092847        0.0000000000000000        2.0000000000000001E-004  0.85280000000000000        6.0400000000000002E-002   8.6599999999999996E-002
   168.00000000000000       0.12804776436458992        0.0000000000000000        2.0000000000000001E-004  0.85280000000000000        6.0400000000000002E-002   8.6599999999999996E-002
   169.00000000000000       0.13748637815148640        0.0000000000000000        2.0000000000000001E-004  0.85280000000000000        6.0400000000000002E-002   8.6599999999999996E-002
   170.00000000000000       0.14049151654458128        0.0000000000000000        2.0000000000000001E-004  0.85280000000000000        5.8200000000000002E-002   8.8800000000000004E-002
   171.00000000000000       0.13895313867968070        0.0000000000000000        2.0000000000000001E-004  0.85280000000000000        5.8000000000000003E-002   8.8999999999999996E-002
   172.00000000000000       0.13181604647229403        0.0000000000000000        2.0000000000000001E-004  0.85280000000000000        5.7200000000000001E-002   8.9800000000000005E-002
   173.00000000000000       0.11954155032020966        0.0000000000000000        2.0000000000000001E-004  0.85280000000000000        5.7200000000000001E-002   8.9800000000000005E-002
   174.00000000000000       0.10278429825961900        0.0000000000000000        2.0000000000000001E-004  0.85280000000000000        5.7200000000000001E-002   8.9800000000000005E-002
   175.00000000000000        8.1817283893478976E-002   0.0000000000000000        2.0000000000000001E-004  0.85280000000000000        5.6399999999999999E-002   9.0600000000000000E-002
   176.00000000000000        5.8100934956906089E-002   0.0000000000000000        2.0000000000000001E-004  0.85280000000000000        5.6200000000000000E-002   9.0800000000000006E-002
   177.00000000000000        3.2153446552645862E-002   0.0000000000000000        2.0000000000000001E-004  0.85280000000000000        5.6200000000000000E-002   9.0800000000000006E-002
   178.00000000000000        4.9678675873825809E-003   0.0000000000000000        2.0000000000000001E-004  0.85280000000000000        5.6200000000000000E-002   9.0800000000000006E-002
   179.00000000000000       -2.2582531411307654E-002   4.0000000000000002E-004   6.6000000000000000E-003  0.84599999999999997        5.6399999999999999E-002   9.0600000000000000E-002
   180.00000000000000       -3.6657120050692313E-002   2.5999999999999999E-003   6.6000000000000000E-003  0.84179999999999999        5.7000000000000002E-002   9.1999999999999998E-002
   181.00000000000000       -3.7920484074791781E-002   3.2000000000000002E-003   6.6000000000000000E-003  0.83640000000000003        6.0600000000000001E-002   9.3200000000000005E-002
   182.00000000000000       -4.0926830163252922E-002   6.0000000000000001E-003   3.5999999999999999E-003  0.83399999999999996        6.3600000000000004E-002   9.2799999999999994E-002
   183.00000000000000       -4.4571526597743431E-002   6.0000000000000001E-003   3.5999999999999999E-003  0.83040000000000003        6.3200000000000006E-002   9.6799999999999997E-002
   184.00000000000000       -4.9382754916987633E-002   6.0000000000000001E-003   3.5999999999999999E-003  0.82820000000000005        6.5000000000000002E-002   9.7199999999999995E-002
   185.00000000000000       -5.7504432878109177E-002   6.0000000000000001E-003   3.5999999999999999E-003  0.82820000000000005        6.2600000000000003E-002   9.9599999999999994E-002
   186.00000000000000       -6.1805313996195134E-002   6.0000000000000001E-003   3.5999999999999999E-003  0.82820000000000005        6.3600000000000004E-002   9.8599999999999993E-002
   187.00000000000000       -6.8757291568891488E-002   9.5999999999999992E-003   0.0000000000000000       0.82799999999999996        6.4000000000000001E-002   9.8400000000000001E-002
   188.00000000000000       -7.5266268433858918E-002   9.5999999999999992E-003   0.0000000000000000       0.82779999999999998        6.2600000000000003E-002  0.10000000000000001     
   189.00000000000000       -8.2128695677336092E-002   9.5999999999999992E-003   0.0000000000000000       0.82679999999999998        6.3600000000000004E-002  0.10000000000000001     
   190.00000000000000       -8.8857170523457069E-002   9.5999999999999992E-003   4.2400000000000000E-002  0.78220000000000001        6.5199999999999994E-002  0.10059999999999999     
   191.00000000000000       -8.7526119051651613E-002   9.4000000000000004E-003   4.2400000000000000E-002  0.78220000000000001        6.2000000000000000E-002  0.10400000000000000     
   192.00000000000000       -6.8093513745073164E-002   9.4000000000000004E-003   4.2200000000000001E-002  0.78220000000000001        6.2199999999999998E-002  0.10400000000000000     
   193.00000000000000       -4.7301856971673314E-002   9.5999999999999992E-003   4.2000000000000003E-002  0.78220000000000001        6.3399999999999998E-002  0.10280000000000000     
   194.00000000000000       -2.5119010903465019E-002   9.5999999999999992E-003   4.1799999999999997E-002  0.78220000000000001        6.5199999999999994E-002  0.10120000000000000     
   195.00000000000000       -2.9143285518126553E-003   9.5999999999999992E-003   4.1799999999999997E-002  0.78220000000000001        6.4600000000000005E-002  0.10180000000000000     
   196.00000000000000        1.8302719808569221E-002   9.5999999999999992E-003   4.1799999999999997E-002  0.78220000000000001        6.6799999999999998E-002   9.9599999999999994E-002
   197.00000000000000        3.7058324261593792E-002   9.1999999999999998E-003   4.2200000000000001E-002  0.78220000000000001        6.6199999999999995E-002  0.10020000000000000     
   198.00000000000000        5.3054259324712486E-002   9.1999999999999998E-003   4.2200000000000001E-002  0.78220000000000001        6.2000000000000000E-002  0.10440000000000001     
   199.00000000000000        6.9042548155969954E-002   9.1999999999999998E-003   4.2200000000000001E-002  0.78220000000000001       0.12540000000000001        4.1000000000000002E-002
   200.00000000000000        7.7218181989009163E-002   9.1999999999999998E-003   4.2200000000000001E-002  0.78220000000000001       0.11899999999999999        4.7399999999999998E-002
   201.00000000000000        7.8837037791338063E-002   8.9999999999999993E-003   4.2400000000000000E-002  0.78220000000000001       0.12000000000000000        4.6399999999999997E-002
   202.00000000000000        7.7796482039487136E-002   8.9999999999999993E-003   4.2400000000000000E-002  0.78220000000000001       0.12000000000000000        4.6399999999999997E-002
   203.00000000000000        7.1915082922979406E-002   8.9999999999999993E-003   4.2200000000000001E-002  0.78220000000000001       0.12080000000000000        4.5800000000000000E-002
   204.00000000000000        6.1802578156042412E-002   8.8000000000000005E-003   1.9000000000000000E-002  0.80500000000000005       0.12200000000000000        4.5199999999999997E-002
   205.00000000000000        5.0215082121528427E-002   8.3999999999999995E-003   1.9000000000000000E-002  0.80479999999999996       0.12200000000000000        4.5800000000000000E-002
   206.00000000000000        6.8315607152567862E-002   8.3999999999999995E-003   1.9000000000000000E-002  0.80020000000000002       0.12420000000000000        4.8200000000000000E-002
   207.00000000000000        8.5155794163903634E-002   2.0000000000000000E-002   7.1999999999999998E-003  0.79520000000000002       0.12939999999999999        4.8200000000000000E-002
   208.00000000000000        9.9635193069044156E-002   2.0000000000000000E-002   6.4000000000000003E-003  0.79520000000000002       0.13020000000000001        4.8200000000000000E-002
   209.00000000000000       0.11153915485711544        2.0000000000000000E-002   6.4000000000000003E-003  0.79440000000000000       0.13120000000000001        4.8000000000000001E-002
   210.00000000000000       0.12318057372546587        2.0000000000000000E-002   6.4000000000000003E-003  0.79239999999999999       0.13260000000000000        4.8599999999999997E-002
   211.00000000000000       0.12891978273599561        2.0000000000000000E-002   6.4000000000000003E-003  0.79220000000000002       0.13120000000000001        5.0200000000000002E-002
   212.00000000000000       0.13387921469680059        1.9800000000000002E-002   6.6000000000000000E-003  0.79179999999999995       0.13159999999999999        5.0200000000000002E-002
   213.00000000000000       0.13658481842567183        1.8599999999999998E-002   7.1999999999999998E-003  0.79120000000000001       0.13200000000000001        5.0999999999999997E-002
   214.00000000000000       0.13671384121756724        1.7399999999999999E-002   8.3999999999999995E-003  0.78879999999999995       0.13200000000000001        5.3400000000000003E-002
   215.00000000000000       0.13343372705266132        1.7200000000000000E-002   8.3999999999999995E-003  0.78700000000000003       0.13400000000000001        5.3400000000000003E-002
   216.00000000000000       0.12698211110733296        1.7000000000000001E-002   8.3999999999999995E-003  0.78500000000000003       0.13439999999999999        5.5199999999999999E-002
