#        BMIN =   404
#        BMAX =   408
#     INIBAND =   406
#      NBANDS =   540
#         NSW =  2000
#       POTIM =   1.0
#        TEMP = 300.0
#    NAMDTINI =   904
#    NAMDTIME =  1000
#       NTRAJ =  5000
#        NELM =  1000
#       LHOLE =     T
#        LSHP =     T
#      LCPTXT =     T
#      RUNDIR = ../../run/
   1.0000000000000000       0.40013934896441494        0.0000000000000000        0.0000000000000000        1.0000000000000000        0.0000000000000000        0.0000000000000000     
   2.0000000000000000       0.51247332007231894        0.0000000000000000        0.0000000000000000        1.0000000000000000        0.0000000000000000        0.0000000000000000     
   3.0000000000000000       0.41278443145162036        0.0000000000000000        0.0000000000000000        1.0000000000000000        0.0000000000000000        0.0000000000000000     
   4.0000000000000000       0.40457769148264533        0.0000000000000000        0.0000000000000000        1.0000000000000000        0.0000000000000000        0.0000000000000000     
   5.0000000000000000       0.37463699797153138        0.0000000000000000        0.0000000000000000        1.0000000000000000        0.0000000000000000        0.0000000000000000     
   6.0000000000000000       0.20805857617056583        0.0000000000000000        0.0000000000000000       0.87200000000000000       0.12780000000000000        2.0000000000000001E-004
   7.0000000000000000       0.56178191432736990        0.0000000000000000        0.0000000000000000       0.83760000000000001       0.16159999999999999        8.0000000000000004E-004
   8.0000000000000000       0.54220874840751720        0.0000000000000000        0.0000000000000000       0.83760000000000001       0.16159999999999999        8.0000000000000004E-004
   9.0000000000000000       0.55710795441041239        0.0000000000000000        0.0000000000000000       0.83560000000000001       0.16360000000000000        8.0000000000000004E-004
   10.000000000000000       0.55002466529795035        0.0000000000000000        0.0000000000000000       0.83099999999999996       0.16480000000000000        4.1999999999999997E-003
   11.000000000000000       0.33617416780095921        0.0000000000000000        0.0000000000000000       0.83099999999999996       0.16480000000000000        4.1999999999999997E-003
   12.000000000000000       0.31942584048497474        0.0000000000000000        2.0000000000000001E-004  0.82960000000000000       0.16600000000000001        4.1999999999999997E-003
   13.000000000000000       0.30242861827739592        0.0000000000000000        2.0000000000000001E-004  0.82740000000000002       0.16800000000000001        4.4000000000000003E-003
   14.000000000000000       0.28448468752580192        0.0000000000000000        2.0000000000000001E-004  0.82740000000000002       0.16800000000000001        4.4000000000000003E-003
   15.000000000000000       0.26588894831386928        0.0000000000000000        2.0000000000000001E-004  0.82399999999999995       0.17119999999999999        4.5999999999999999E-003
   16.000000000000000       0.24603938068903544        0.0000000000000000        2.0000000000000001E-004  0.82399999999999995       0.17119999999999999        4.5999999999999999E-003
   17.000000000000000       0.22650133963937821        0.0000000000000000        2.0000000000000001E-004  0.82320000000000004       0.17100000000000001        5.5999999999999999E-003
   18.000000000000000       0.20736471381061006        0.0000000000000000        2.0000000000000001E-004  0.81659999999999999       0.17580000000000001        7.4000000000000003E-003
   19.000000000000000       0.18639434152548037        0.0000000000000000        2.0000000000000001E-004  0.81299999999999994       0.17699999999999999        9.7999999999999997E-003
   20.000000000000000       0.16278100976527107        2.0000000000000001E-004   2.0000000000000001E-004  0.81220000000000003       0.17699999999999999        1.0400000000000000E-002
   21.000000000000000       0.13896204853027244        0.0000000000000000        2.0000000000000001E-004  0.81120000000000003       0.17660000000000001        1.2000000000000000E-002
   22.000000000000000       0.11458760470500493        0.0000000000000000        2.8000000000000000E-003  0.80659999999999998       0.17660000000000001        1.4000000000000000E-002
   23.000000000000000        9.0224768357991869E-002   0.0000000000000000        5.0000000000000001E-003  0.80440000000000000       0.17340000000000000        1.7200000000000000E-002
   24.000000000000000        7.0620793343977389E-002   0.0000000000000000        3.0000000000000001E-003  0.79540000000000000       0.18420000000000000        1.7399999999999999E-002
   25.000000000000000        4.8227784594165914E-002   0.0000000000000000        6.6000000000000000E-003  0.79159999999999997       0.18400000000000000        1.7800000000000000E-002
   26.000000000000000        2.6496272713382969E-002   0.0000000000000000        6.4000000000000003E-003  0.79179999999999995       0.18420000000000000        1.7600000000000001E-002
   27.000000000000000        5.5071894139739567E-003   0.0000000000000000        4.1999999999999997E-003  0.79400000000000004       0.18420000000000000        1.7600000000000001E-002
   28.000000000000000       -1.2721693948262901E-002   0.0000000000000000        3.5999999999999999E-003  0.78420000000000001       0.19420000000000001        1.7999999999999999E-002
   29.000000000000000       -3.2218356063658582E-002   0.0000000000000000        4.7999999999999996E-003  0.78039999999999998       0.19439999999999999        2.0400000000000001E-002
   30.000000000000000       -5.0860495504804898E-002   0.0000000000000000        7.0000000000000001E-003  0.77659999999999996       0.19439999999999999        2.1999999999999999E-002
   31.000000000000000       -6.7790283341868138E-002   1.8000000000000000E-003   8.6000000000000000E-003  0.77320000000000000       0.19280000000000000        2.3599999999999999E-002
   32.000000000000000       -8.5853542970717331E-002   4.0000000000000002E-004  0.23980000000000001       0.54339999999999999       0.19280000000000000        2.3599999999999999E-002
   33.000000000000000       -8.2578168127018084E-002   1.0000000000000000E-003  0.23920000000000000       0.54339999999999999       0.19280000000000000        2.3599999999999999E-002
   34.000000000000000       -7.0033955526731237E-002   1.0000000000000000E-003  0.23920000000000000       0.54339999999999999       0.19280000000000000        2.3599999999999999E-002
   35.000000000000000       -5.5958637342852009E-002   1.0000000000000000E-003  0.23920000000000000       0.54339999999999999       0.19280000000000000        2.3599999999999999E-002
   36.000000000000000       -4.0686090104841456E-002   1.0000000000000000E-003  0.23920000000000000       0.54339999999999999       0.19280000000000000        2.3599999999999999E-002
   37.000000000000000       -2.6672551570997904E-002   1.0000000000000000E-003  0.23760000000000001       0.54339999999999999       0.19420000000000001        2.3800000000000002E-002
   38.000000000000000       -1.2967850752668691E-002   1.0000000000000000E-003  0.23760000000000001       0.54339999999999999       0.19420000000000001        2.3800000000000002E-002
   39.000000000000000       -1.3561876799287210E-004   1.0000000000000000E-003  0.23419999999999999       0.54339999999999999       0.19560000000000000        2.5800000000000000E-002
   40.000000000000000        9.8542949870867001E-003   1.0000000000000000E-003  0.23380000000000001       0.54339999999999999       0.19560000000000000        2.6200000000000001E-002
   41.000000000000000        1.7518782072046143E-002   1.0000000000000000E-003  0.23380000000000001       0.54339999999999999       0.19500000000000001        2.6800000000000001E-002
   42.000000000000000        2.8249575912845153E-002   1.0000000000000000E-003   0.0000000000000000       0.77720000000000000       0.19439999999999999        2.7400000000000001E-002
   43.000000000000000        2.8475396040509145E-002   1.0000000000000000E-003   2.0000000000000001E-004  0.77700000000000002       0.19439999999999999        2.7400000000000001E-002
   44.000000000000000        5.1409363976047076E-002   1.0000000000000000E-003   2.0000000000000001E-004  0.77600000000000002       0.19280000000000000        2.9999999999999999E-002
   45.000000000000000        7.3282123489065848E-002   1.0000000000000000E-003   2.0000000000000001E-004  0.77600000000000002       0.19280000000000000        2.9999999999999999E-002
   46.000000000000000        9.6280654469363694E-002   1.1999999999999999E-003   0.0000000000000000       0.77220000000000000       0.19280000000000000        3.3799999999999997E-002
   47.000000000000000       0.11715546110602977        1.1999999999999999E-003   0.0000000000000000       0.77220000000000000       0.19280000000000000        3.3799999999999997E-002
   48.000000000000000       0.13833242931679657        1.0000000000000000E-003   2.0000000000000001E-004  0.77100000000000002       0.19400000000000001        3.3799999999999997E-002
   49.000000000000000       0.15888415183885229        1.0000000000000000E-003   2.0000000000000001E-004  0.77100000000000002       0.19400000000000001        3.3799999999999997E-002
   50.000000000000000       0.17850393170528656        5.9999999999999995E-004   2.0000000000000001E-004  0.76419999999999999       0.20060000000000000        3.4400000000000000E-002
   51.000000000000000       0.19646369456629348        5.9999999999999995E-004   2.0000000000000001E-004  0.76319999999999999       0.20039999999999999        3.5600000000000000E-002
   52.000000000000000       0.21282157893773318        5.9999999999999995E-004   1.0000000000000000E-003  0.76060000000000005       0.20119999999999999        3.6600000000000001E-002
   53.000000000000000       0.22706213460819769        5.9999999999999995E-004   1.0000000000000000E-003  0.76060000000000005       0.20119999999999999        3.6600000000000001E-002
   54.000000000000000       0.24039728931950399        5.9999999999999995E-004   1.0000000000000000E-003  0.75960000000000005       0.20219999999999999        3.6600000000000001E-002
   55.000000000000000       0.25218011704956700        5.9999999999999995E-004   1.0000000000000000E-003  0.75800000000000001       0.20200000000000001        3.8399999999999997E-002
   56.000000000000000       0.26040507404152108        5.9999999999999995E-004   1.4000000000000000E-003  0.75760000000000005       0.20019999999999999        4.0200000000000000E-002
   57.000000000000000       0.27884161305631611        5.9999999999999995E-004   1.6000000000000001E-003  0.75619999999999998       0.20019999999999999        4.1399999999999999E-002
   58.000000000000000       0.28255420064026920        5.9999999999999995E-004   1.6000000000000001E-003  0.75619999999999998       0.20000000000000001        4.1599999999999998E-002
   59.000000000000000       0.28699724480757050        5.9999999999999995E-004   2.0000000000000000E-003  0.75200000000000000       0.20060000000000000        4.4800000000000000E-002
   60.000000000000000       0.29597999439445477        5.9999999999999995E-004   1.8000000000000000E-003  0.74660000000000004       0.20280000000000001        4.8200000000000000E-002
   61.000000000000000       0.30298173362189906        5.9999999999999995E-004   1.8000000000000000E-003  0.74660000000000004       0.20240000000000000        4.8599999999999997E-002
   62.000000000000000       0.30015801477727849        5.9999999999999995E-004   1.8000000000000000E-003  0.74660000000000004       0.20219999999999999        4.8800000000000003E-002
   63.000000000000000       0.30374696071032825        4.0000000000000002E-004   1.8000000000000000E-003  0.74539999999999995       0.20360000000000000        4.8800000000000003E-002
   64.000000000000000       0.30393398748061634        4.0000000000000002E-004   1.8000000000000000E-003  0.74500000000000000       0.20280000000000001        5.0000000000000003E-002
   65.000000000000000       0.30232350504627292        4.0000000000000002E-004   1.8000000000000000E-003  0.74319999999999997       0.20399999999999999        5.0599999999999999E-002
   66.000000000000000       0.29912469600386415        4.0000000000000002E-004   1.8000000000000000E-003  0.74099999999999999       0.20580000000000001        5.0999999999999997E-002
   67.000000000000000       0.29373438807356483        4.0000000000000002E-004   1.8000000000000000E-003  0.74099999999999999       0.20580000000000001        5.0999999999999997E-002
   68.000000000000000       0.28700639677597700        0.0000000000000000        2.2000000000000001E-003  0.74039999999999995       0.20340000000000000        5.3999999999999999E-002
   69.000000000000000       0.27862290771913834        0.0000000000000000        2.2000000000000001E-003  0.73919999999999997       0.20380000000000001        5.4800000000000001E-002
   70.000000000000000       0.26904346702993265        0.0000000000000000        2.2000000000000001E-003  0.73899999999999999       0.20380000000000001        5.5000000000000000E-002
   71.000000000000000       0.25842459332811168        0.0000000000000000        2.2000000000000001E-003  0.73819999999999997       0.20360000000000000        5.6000000000000001E-002
   72.000000000000000       0.24554566269612008        0.0000000000000000        2.2000000000000001E-003  0.73819999999999997       0.20360000000000000        5.6000000000000001E-002
   73.000000000000000       0.23171049687361683        0.0000000000000000        2.2000000000000001E-003  0.73799999999999999       0.20360000000000000        5.6200000000000000E-002
   74.000000000000000       0.21319870920928405        0.0000000000000000       0.19800000000000001       0.54020000000000001       0.20560000000000000        5.6200000000000000E-002
   75.000000000000000       0.20901933018627084        0.0000000000000000       0.19800000000000001       0.54020000000000001       0.20560000000000000        5.6200000000000000E-002
   76.000000000000000       0.20893299524924583        0.0000000000000000       0.19780000000000000       0.54020000000000001       0.20319999999999999        5.8799999999999998E-002
   77.000000000000000       0.20432284783777255        0.0000000000000000       0.19780000000000000       0.54020000000000001       0.19900000000000001        6.3000000000000000E-002
   78.000000000000000       0.19497144738281916        0.0000000000000000       0.19760000000000000       0.54020000000000001       0.19760000000000000        6.4600000000000005E-002
   79.000000000000000       0.18116339021865560        0.0000000000000000       0.19639999999999999       0.54020000000000001       0.19839999999999999        6.5000000000000002E-002
   80.000000000000000       0.16367933479843930        0.0000000000000000       0.19580000000000000       0.54020000000000001       0.19680000000000000        6.7199999999999996E-002
   81.000000000000000       0.14238214459384380        0.0000000000000000       0.19480000000000000       0.54020000000000001       0.19819999999999999        6.6799999999999998E-002
   82.000000000000000       0.10973431662857357        0.0000000000000000       0.73460000000000003        0.0000000000000000       0.19620000000000001        6.9199999999999998E-002
   83.000000000000000        8.9950746132580667E-002   0.0000000000000000       0.73440000000000005        2.0000000000000001E-004  0.19539999999999999        7.0000000000000007E-002
   84.000000000000000        5.5854133635879329E-002   0.0000000000000000       0.73440000000000005        2.0000000000000001E-004  0.19180000000000000        7.3599999999999999E-002
   85.000000000000000        2.0201935458326617E-002   0.0000000000000000       0.73440000000000005        2.0000000000000001E-004  0.19139999999999999        7.3999999999999996E-002
   86.000000000000000       -1.5000446700563400E-002   0.0000000000000000       0.73440000000000005        2.0000000000000001E-004  0.19139999999999999        7.3999999999999996E-002
   87.000000000000000       -5.4455860518642867E-002  0.13400000000000001       0.60040000000000004        2.0000000000000001E-004  0.19139999999999999        7.3999999999999996E-002
   88.000000000000000       -7.2318822209189185E-002  0.13400000000000001       0.59840000000000004        4.0000000000000002E-004  0.19180000000000000        7.5399999999999995E-002
   89.000000000000000       -7.3343355172653307E-002  0.13400000000000001       0.59819999999999995        4.0000000000000002E-004  0.19180000000000000        7.5600000000000001E-002
   90.000000000000000       -7.3237230207300413E-002  0.13400000000000001       0.59780000000000000        4.0000000000000002E-004  0.19220000000000001        7.5600000000000001E-002
   91.000000000000000       -7.1167786397124566E-002  0.13380000000000000       0.59699999999999998        1.1999999999999999E-003  0.19100000000000000        7.6999999999999999E-002
   92.000000000000000       -6.7216328473156575E-002  0.13180000000000000       0.59160000000000001        4.1999999999999997E-003  0.19259999999999999        7.9799999999999996E-002
   93.000000000000000       -5.2392954886147064E-002  0.12680000000000000       0.58520000000000005        8.8000000000000005E-003  0.19839999999999999        8.0799999999999997E-002
   94.000000000000000       -5.5268792524353530E-002  0.12659999999999999       0.58379999999999999        8.9999999999999993E-003  0.19980000000000001        8.0799999999999997E-002
   95.000000000000000       -8.5072352663506295E-002  0.12520000000000001       0.57560000000000000        1.7600000000000001E-002  0.19900000000000001        8.2600000000000007E-002
   96.000000000000000       -1.0049315720904131E-002  0.12460000000000000       0.57440000000000002        1.7600000000000001E-002  0.20060000000000000        8.2799999999999999E-002
   97.000000000000000       -4.2300138742388693E-002  0.12120000000000000       0.57399999999999995        2.1200000000000000E-002  0.19980000000000001        8.3799999999999999E-002
   98.000000000000000        8.2622630819723458E-002  0.11380000000000000       0.57379999999999998        2.3000000000000000E-002  0.20440000000000000        8.5000000000000006E-002
   99.000000000000000       -2.0477633866094209E-002  0.11380000000000000       0.56479999999999997        3.1800000000000002E-002  0.20440000000000000        8.5199999999999998E-002
   100.00000000000000       -2.7056374606916692E-002   9.3200000000000005E-002  0.58320000000000005        3.2800000000000003E-002  0.20460000000000000        8.6199999999999999E-002
   101.00000000000000       -1.4275366276811790E-002   9.3200000000000005E-002  0.58320000000000005        3.2800000000000003E-002  0.20460000000000000        8.6199999999999999E-002
   102.00000000000000        2.1236551252731967E-002   9.1999999999999998E-002  0.23100000000000001       0.38600000000000001       0.20180000000000001        8.9200000000000002E-002
   103.00000000000000        3.1773972206854469E-002   9.1999999999999998E-002  0.23100000000000001       0.38600000000000001       0.19960000000000000        9.1399999999999995E-002
   104.00000000000000        4.6013878501017312E-002   9.1999999999999998E-002  0.23039999999999999       0.38600000000000001       0.19960000000000000        9.1999999999999998E-002
   105.00000000000000        5.8678688421923572E-002   9.1999999999999998E-002  0.23039999999999999       0.38600000000000001       0.19960000000000000        9.1999999999999998E-002
   106.00000000000000        6.9723238165001450E-002   9.0999999999999998E-002  0.23139999999999999       0.38600000000000001       0.19860000000000000        9.2999999999999999E-002
   107.00000000000000        7.8820906406990396E-002   9.0999999999999998E-002  0.23139999999999999       0.38600000000000001       0.19880000000000000        9.2799999999999994E-002
   108.00000000000000        8.5510974827548575E-002   9.0399999999999994E-002  0.23100000000000001       0.38600000000000001       0.19800000000000001        9.4600000000000004E-002
   109.00000000000000        9.0040054438664613E-002   9.0399999999999994E-002  0.23100000000000001       0.38600000000000001       0.19259999999999999       0.10000000000000001     
   110.00000000000000        9.2720177117920424E-002   9.0399999999999994E-002  0.22819999999999999       0.38600000000000001       0.19539999999999999       0.10000000000000001     
   111.00000000000000        9.2850165511808469E-002   9.1399999999999995E-002  0.22200000000000000       0.38600000000000001       0.20060000000000000       0.10000000000000001     
   112.00000000000000        8.8599588839980981E-002   8.8800000000000004E-002  0.22459999999999999       0.38600000000000001       0.20060000000000000       0.10000000000000001     
   113.00000000000000        8.2440720755782793E-002   8.9800000000000005E-002  0.22259999999999999       0.38600000000000001       0.20039999999999999       0.10120000000000000     
   114.00000000000000        7.4032092624664578E-002   9.0800000000000006E-002  0.22000000000000000       0.38600000000000001       0.20140000000000000       0.10180000000000000     
   115.00000000000000        6.3741899678784436E-002   8.6599999999999996E-002  0.22359999999999999       0.38600000000000001       0.20140000000000000       0.10240000000000000     
   116.00000000000000        5.1597516444143711E-002   8.1000000000000003E-002  0.22860000000000000       0.38600000000000001       0.20160000000000000       0.10280000000000000     
   117.00000000000000        3.9528553987461829E-002   7.2400000000000006E-002  0.23480000000000001       0.38600000000000001       0.19960000000000000       0.10720000000000000     
   118.00000000000000        2.6375801350659877E-002   6.4399999999999999E-002  0.24040000000000000       0.38600000000000001       0.20140000000000000       0.10780000000000001     
   119.00000000000000        1.3781600344312851E-002   6.6799999999999998E-002  0.23200000000000001       0.38640000000000002       0.20119999999999999       0.11360000000000001     
   120.00000000000000        1.0493607729265934E-003   7.0599999999999996E-002  0.23200000000000001       0.38260000000000000       0.20140000000000000       0.11340000000000000     
   121.00000000000000       -8.5031052917740983E-003   7.1400000000000005E-002  0.23200000000000001       0.38059999999999999       0.20240000000000000       0.11360000000000001     
   122.00000000000000       -1.6759543314927444E-002   3.8199999999999998E-002  0.26440000000000002       0.37759999999999999       0.20319999999999999       0.11660000000000000     
   123.00000000000000       -2.4403282345903950E-002   3.8199999999999998E-002  0.26779999999999998       0.37040000000000001       0.20740000000000000       0.11620000000000000     
   124.00000000000000       -2.8472338837159591E-002   3.8199999999999998E-002  0.26519999999999999       0.36259999999999998       0.21720000000000000       0.11680000000000000     
   125.00000000000000       -3.7008529723120104E-002   3.8199999999999998E-002  0.26479999999999998       0.36120000000000002       0.22000000000000000       0.11580000000000000     
   126.00000000000000       -3.9714121097177368E-002   3.8199999999999998E-002  0.26340000000000002       0.35920000000000002       0.21959999999999999       0.11960000000000000     
   127.00000000000000       -4.5182597109133901E-002   3.2000000000000001E-002  0.26819999999999999       0.36040000000000000       0.21920000000000001       0.12020000000000000     
   128.00000000000000       -4.9520749313310380E-002   3.2399999999999998E-002  0.26819999999999999       0.35899999999999999       0.22080000000000000       0.11960000000000000     
   129.00000000000000       -4.9851696930830483E-002   3.2800000000000003E-002  0.26819999999999999       0.35859999999999997       0.21920000000000001       0.12120000000000000     
   130.00000000000000       -4.9494590347822491E-002   3.4200000000000001E-002  0.33019999999999999       0.29480000000000001       0.21940000000000001       0.12139999999999999     
   131.00000000000000       -4.3999527834705010E-002   3.1800000000000002E-002  0.33100000000000002       0.29480000000000001       0.22320000000000001       0.11920000000000000     
   132.00000000000000       -3.7085478678913895E-002   2.7799999999999998E-002  0.33439999999999998       0.29480000000000001       0.22380000000000000       0.11920000000000000     
   133.00000000000000       -2.8186006436706223E-002   2.9999999999999999E-002  0.33220000000000000       0.29480000000000001       0.22059999999999999       0.12239999999999999     
   134.00000000000000       -1.7798173408688379E-002   2.6599999999999999E-002  0.33539999999999998       0.29480000000000001       0.21900000000000000       0.12420000000000000     
   135.00000000000000       -5.8005058722771508E-003   2.6200000000000001E-002  0.33520000000000000       0.29480000000000001       0.22120000000000001       0.12260000000000000     
   136.00000000000000        6.1244043354066954E-003   2.6400000000000000E-002  0.33500000000000002       0.29480000000000001       0.21940000000000001       0.12440000000000000     
   137.00000000000000        1.9844372414808666E-002   2.5000000000000001E-002  0.33620000000000000       0.29480000000000001       0.22140000000000001       0.12260000000000000     
   138.00000000000000        3.2943950682677109E-002   2.5200000000000000E-002  0.33560000000000001       0.29480000000000001       0.24079999999999999       0.10360000000000000     
   139.00000000000000        4.1990961693272842E-002   2.3800000000000002E-002  0.33639999999999998       0.29480000000000001       0.18880000000000000       0.15620000000000001     
   140.00000000000000        5.4287409258634893E-002   2.3800000000000002E-002  0.33639999999999998       0.29480000000000001       0.24879999999999999        9.6199999999999994E-002
   141.00000000000000        6.7414551883718823E-002   2.3000000000000000E-002  0.33720000000000000       0.29480000000000001       0.24720000000000000        9.7799999999999998E-002
   142.00000000000000        7.6261766618149485E-002   2.3400000000000001E-002  0.33660000000000001       0.29480000000000001       0.24720000000000000        9.8000000000000004E-002
   143.00000000000000        8.3472177177262283E-002   2.3400000000000001E-002  0.33660000000000001       0.29480000000000001       0.24500000000000000       0.10020000000000000     
   144.00000000000000        9.1969839181185092E-002   2.2599999999999999E-002  0.28160000000000002       0.34920000000000001       0.24260000000000001       0.10400000000000000     
   145.00000000000000        9.3999655200693963E-002   2.1999999999999999E-002  0.28160000000000002       0.34939999999999999       0.24440000000000001       0.10260000000000000     
   146.00000000000000        9.6804956746623302E-002   2.1999999999999999E-002  0.28160000000000002       0.34920000000000001       0.24640000000000001       0.10080000000000000     
   147.00000000000000        9.6665360592150723E-002   6.7599999999999993E-002  0.23499999999999999       0.34999999999999998       0.24520000000000000       0.10220000000000000     
   148.00000000000000       0.10265766371249396        6.7599999999999993E-002  0.22919999999999999       0.34820000000000001       0.25240000000000001       0.10260000000000000     
   149.00000000000000       0.10942210030171937        6.7599999999999993E-002  0.22900000000000001       0.34799999999999998       0.25240000000000001       0.10299999999999999     
   150.00000000000000       0.11637961941959662        6.7599999999999993E-002  0.22700000000000001       0.34880000000000000       0.25359999999999999       0.10299999999999999     
   151.00000000000000       0.11857790802345458        6.6799999999999998E-002  0.22780000000000000       0.34799999999999998       0.25459999999999999       0.10280000000000000     
   152.00000000000000       0.12245752827713216        6.6799999999999998E-002  0.22739999999999999       0.34760000000000002       0.25419999999999998       0.10400000000000000     
   153.00000000000000       0.12647365449412060        6.4799999999999996E-002  0.22780000000000000       0.34599999999999997       0.25359999999999999       0.10780000000000001     
   154.00000000000000       0.13033160549128031        6.0999999999999999E-002  0.23139999999999999       0.33560000000000001       0.26000000000000001       0.11200000000000000     
   155.00000000000000       0.12887894660075574        6.0999999999999999E-002  0.23139999999999999       0.33560000000000001       0.25979999999999998       0.11219999999999999     
   156.00000000000000       0.12596130119021315        6.0999999999999999E-002  0.22939999999999999       0.33479999999999999       0.25900000000000001       0.11580000000000000     
   157.00000000000000       0.12012052947296688        6.0999999999999999E-002  0.22939999999999999       0.33379999999999999       0.25919999999999999       0.11660000000000000     
   158.00000000000000       0.11113027766395178        6.0600000000000001E-002  0.22939999999999999       0.33420000000000000       0.25979999999999998       0.11600000000000001     
   159.00000000000000       0.10093887242208049        5.9799999999999999E-002  0.21980000000000000       0.34399999999999997       0.25840000000000002       0.11799999999999999     
   160.00000000000000        8.7079792267867662E-002   5.9600000000000000E-002  0.22059999999999999       0.34300000000000003       0.25840000000000002       0.11840000000000001     
   161.00000000000000        7.1725448067257780E-002   5.9600000000000000E-002  0.21299999999999999       0.34980000000000000       0.25900000000000001       0.11860000000000000     
   162.00000000000000        5.8464792734500219E-002   5.9600000000000000E-002  0.19100000000000000       0.36680000000000001       0.26400000000000001       0.11860000000000000     
   163.00000000000000        4.3335292664602655E-002   5.9600000000000000E-002  0.18300000000000000       0.37180000000000002       0.26579999999999998       0.11980000000000000     
   164.00000000000000        2.5751425304808381E-002   5.9600000000000000E-002  0.18120000000000000       0.37359999999999999       0.26579999999999998       0.11980000000000000     
   165.00000000000000        7.8766729498611354E-003   5.3800000000000001E-002  0.18600000000000000       0.37459999999999999       0.26579999999999998       0.11980000000000000     
   166.00000000000000       -6.4655027950945056E-003   5.3800000000000001E-002  0.21140000000000000       0.34880000000000000       0.26579999999999998       0.12020000000000000     
   167.00000000000000       -7.8750801609646717E-003   5.8400000000000001E-002  0.20540000000000000       0.34880000000000000       0.26719999999999999       0.12020000000000000     
   168.00000000000000       -7.3935228270986114E-004   5.8200000000000002E-002  0.20560000000000000       0.34880000000000000       0.26600000000000001       0.12139999999999999     
   169.00000000000000        1.7507144880843810E-002   5.8200000000000002E-002  0.20540000000000000       0.34899999999999998       0.26600000000000001       0.12139999999999999     
   170.00000000000000        3.7551886980885976E-002   5.8400000000000001E-002  0.20460000000000000       0.16700000000000001       0.44860000000000000       0.12139999999999999     
   171.00000000000000        5.7990829072407782E-002   5.8400000000000001E-002  0.20399999999999999       0.16700000000000001       0.44919999999999999       0.12139999999999999     
   172.00000000000000        7.7490343977335521E-002   5.8799999999999998E-002  0.20360000000000000       0.16700000000000001       0.44919999999999999       0.12139999999999999     
   173.00000000000000        8.7985286841115257E-002   5.8599999999999999E-002  0.20360000000000000       0.16660000000000000       0.44940000000000002       0.12180000000000001     
   174.00000000000000       0.10578787862787027        5.8599999999999999E-002  0.20360000000000000       0.16660000000000000       0.44940000000000002       0.12180000000000001     
   175.00000000000000       0.11362763471981145        5.8799999999999998E-002  0.20340000000000000       0.16660000000000000       0.44940000000000002       0.12180000000000001     
   176.00000000000000       0.11699653983624297        5.8799999999999998E-002  0.20340000000000000       0.16660000000000000       0.44940000000000002       0.12180000000000001     
   177.00000000000000       0.11590560217550602        5.8999999999999997E-002  0.20319999999999999       0.16639999999999999       0.44940000000000002       0.12200000000000000     
   178.00000000000000       0.10904026898793601        5.9799999999999999E-002  0.20240000000000000       0.16639999999999999       0.44940000000000002       0.12200000000000000     
   179.00000000000000        9.8063425406759053E-002   5.9200000000000003E-002  0.20119999999999999       0.16639999999999999       0.45119999999999999       0.12200000000000000     
   180.00000000000000        8.2535100125585764E-002   6.0400000000000002E-002  0.19939999999999999       0.17340000000000000       0.44479999999999997       0.12200000000000000     
   181.00000000000000        6.9284757414902226E-002  0.10320000000000000       0.15640000000000001       0.17380000000000001       0.44300000000000000       0.12360000000000000     
   182.00000000000000        6.5514505422326702E-002   9.9800000000000000E-002  0.15759999999999999       0.17380000000000001       0.44280000000000003       0.12600000000000000     
   183.00000000000000        6.9128928422793806E-002   8.9800000000000005E-002  0.16639999999999999       0.17380000000000001       0.44379999999999997       0.12620000000000001     
   184.00000000000000        7.9233130897559650E-002   8.6800000000000002E-002  0.16660000000000000       0.17080000000000001       0.44860000000000000       0.12720000000000001     
   185.00000000000000        8.6607587640139455E-002   9.0399999999999994E-002  0.16539999999999999       0.16400000000000001       0.45300000000000001       0.12720000000000001     
   186.00000000000000        9.7642575619318994E-002   8.8599999999999998E-002  0.16180000000000000       0.16500000000000001       0.45660000000000001       0.12800000000000000     
   187.00000000000000       0.11197225707389086        8.8800000000000004E-002  0.16059999999999999       0.16600000000000001       0.45100000000000001       0.13360000000000000     
   188.00000000000000       0.13120680744660035        8.6599999999999996E-002  0.15980000000000000       0.16059999999999999       0.45479999999999998       0.13819999999999999     
   189.00000000000000       0.14873099412891300        8.4599999999999995E-002  0.15780000000000000       0.15700000000000000       0.46079999999999999       0.13980000000000001     
   190.00000000000000       0.16225282609663821        8.4400000000000003E-002  0.15780000000000000       0.15679999999999999       0.46079999999999999       0.14019999999999999     
   191.00000000000000       0.17327080620179522        8.3799999999999999E-002  0.15600000000000000       0.15740000000000001       0.46139999999999998       0.14140000000000000     
   192.00000000000000       0.21838659283409467        8.2600000000000007E-002  0.15620000000000001       0.15740000000000001       0.45700000000000002       0.14680000000000001     
   193.00000000000000       0.19083071070624763        8.1600000000000006E-002  0.15620000000000001       0.15740000000000001       0.45879999999999999       0.14599999999999999     
   194.00000000000000       0.20077992177749932        8.1000000000000003E-002  0.15980000000000000       0.15320000000000000       0.45160000000000000       0.15440000000000001     
   195.00000000000000       0.20753512277976000        7.9600000000000004E-002  0.13460000000000000       0.17879999999999999       0.44579999999999997       0.16120000000000001     
   196.00000000000000       0.20690817524625793        7.7799999999999994E-002  0.14460000000000001       0.16980000000000001       0.44619999999999999       0.16159999999999999     
   197.00000000000000       0.20960441018204043        7.5800000000000006E-002  0.14219999999999999       0.16980000000000001       0.44840000000000002       0.16380000000000000     
   198.00000000000000       0.21554510697674589        7.5800000000000006E-002  0.12680000000000000       0.17820000000000000       0.44660000000000000       0.17260000000000000     
   199.00000000000000       0.22066721966769387        7.6200000000000004E-002  0.11960000000000000       0.17160000000000000       0.45779999999999998       0.17480000000000001     
   200.00000000000000       0.22322188745381097        7.4399999999999994E-002  0.12020000000000000       0.17100000000000001       0.45600000000000002       0.17840000000000000     
   201.00000000000000       0.22683919319253806        7.4399999999999994E-002  0.11060000000000000       0.17180000000000001       0.46460000000000001       0.17860000000000001     
   202.00000000000000       0.23032933151575388        7.3599999999999999E-002  0.10120000000000000       0.17780000000000001       0.46879999999999999       0.17860000000000001     
   203.00000000000000       0.23271283149084074        6.5799999999999997E-002  0.10280000000000000       0.18360000000000001       0.46920000000000001       0.17860000000000001     
   204.00000000000000       0.23679265510212366        6.4199999999999993E-002   9.2999999999999999E-002  0.19120000000000001       0.46980000000000000       0.18179999999999999     
   205.00000000000000       0.24062448761495570        6.4199999999999993E-002   9.1800000000000007E-002  0.19059999999999999       0.47060000000000002       0.18279999999999999     
   206.00000000000000       0.24530513336015355        4.6199999999999998E-002  0.10840000000000000       0.19139999999999999       0.47060000000000002       0.18340000000000001     
   207.00000000000000       0.25411442874816009        4.5199999999999997E-002  0.10840000000000000       0.18240000000000001       0.46860000000000002       0.19539999999999999     
   208.00000000000000       0.25871469739678643        4.5199999999999997E-002  0.10840000000000000       0.18220000000000000       0.46539999999999998       0.19880000000000000     
   209.00000000000000       0.26364350537793024        4.4999999999999998E-002  0.11400000000000000       0.17340000000000000       0.45979999999999999       0.20780000000000001     
   210.00000000000000       0.26936604818396170        4.3400000000000001E-002  0.10580000000000001       0.17340000000000000       0.46360000000000001       0.21379999999999999     
   211.00000000000000       0.27054256746486677        4.3600000000000000E-002  0.10520000000000000       0.17340000000000000       0.46400000000000002       0.21379999999999999     
   212.00000000000000       0.26910345188288387        4.2999999999999997E-002  0.10580000000000001       0.17340000000000000       0.46400000000000002       0.21379999999999999     
   213.00000000000000       0.26225561718665724        4.2999999999999997E-002  0.10580000000000001       0.17340000000000000       0.46400000000000002       0.21379999999999999     
   214.00000000000000       0.25881765352285746        4.2999999999999997E-002  0.10440000000000001       0.17340000000000000       0.46379999999999999       0.21540000000000001     
   215.00000000000000       0.24992256450192751        4.2200000000000001E-002  0.10500000000000000       0.17340000000000000       0.46400000000000002       0.21540000000000001     
   216.00000000000000       0.23929667411564659        4.0000000000000001E-002  0.10639999999999999       0.17340000000000000       0.46379999999999999       0.21640000000000001     
