#        BMIN =   404
#        BMAX =   408
#     INIBAND =   406
#      NBANDS =   540
#         NSW =  2000
#       POTIM =   1.0
#        TEMP = 300.0
#    NAMDTINI =    30
#    NAMDTIME =  1000
#       NTRAJ =  5000
#        NELM =  1000
#       LHOLE =     T
#        LSHP =     T
#      LCPTXT =     T
#      RUNDIR = ../../run/
   1.0000000000000000       0.27088585273747146        0.0000000000000000        0.0000000000000000        1.0000000000000000        0.0000000000000000        0.0000000000000000     
   2.0000000000000000       0.26843021382425181        0.0000000000000000        0.0000000000000000        1.0000000000000000        0.0000000000000000        0.0000000000000000     
   3.0000000000000000       0.24667893076275890        0.0000000000000000        0.0000000000000000       0.99660000000000004        3.2000000000000002E-003   2.0000000000000001E-004
   4.0000000000000000       0.23260344508469716        0.0000000000000000        0.0000000000000000       0.98699999999999999        1.2600000000000000E-002   4.0000000000000002E-004
   5.0000000000000000       0.21135033469077011        0.0000000000000000        2.0000000000000001E-004  0.98699999999999999        1.2000000000000000E-002   8.0000000000000004E-004
   6.0000000000000000       0.18705524873946655        0.0000000000000000        0.0000000000000000       0.98680000000000001        1.2000000000000000E-002   1.1999999999999999E-003
   7.0000000000000000       0.15806004265263493        0.0000000000000000        5.9999999999999995E-004  0.98519999999999996        1.2999999999999999E-002   1.1999999999999999E-003
   8.0000000000000000       0.12473980759934225        0.0000000000000000        2.8000000000000001E-002  0.95779999999999998        1.2999999999999999E-002   1.1999999999999999E-003
   9.0000000000000000       0.10804740651645421        0.0000000000000000        2.8199999999999999E-002  0.95760000000000001        1.2999999999999999E-002   1.1999999999999999E-003
   10.000000000000000       0.14156558032755520        0.0000000000000000        2.8199999999999999E-002  0.95760000000000001        1.2999999999999999E-002   1.1999999999999999E-003
   11.000000000000000       0.16860151834502263        0.0000000000000000        2.8199999999999999E-002  0.95760000000000001        1.2999999999999999E-002   1.1999999999999999E-003
   12.000000000000000       0.18568950012284377        0.0000000000000000        2.7600000000000000E-002  0.94399999999999995        2.7199999999999998E-002   1.1999999999999999E-003
   13.000000000000000       0.17412635081804098        0.0000000000000000        2.7600000000000000E-002  0.94399999999999995        2.7199999999999998E-002   1.1999999999999999E-003
   14.000000000000000       0.15850839185719917        0.0000000000000000        2.7600000000000000E-002  0.94399999999999995        2.7199999999999998E-002   1.1999999999999999E-003
   15.000000000000000       0.14906919065619750        0.0000000000000000        2.7600000000000000E-002  0.94359999999999999        2.7199999999999998E-002   1.6000000000000001E-003
   16.000000000000000       0.12924279020190577        0.0000000000000000        2.7199999999999998E-002  0.94359999999999999        2.7199999999999998E-002   2.0000000000000000E-003
   17.000000000000000       0.11956638160725314        0.0000000000000000        2.7000000000000000E-002  0.95240000000000002        1.8200000000000001E-002   2.3999999999999998E-003
   18.000000000000000       0.11226345028819422        0.0000000000000000        2.6800000000000001E-002  0.95220000000000005        1.8400000000000000E-002   2.5999999999999999E-003
   19.000000000000000        7.5597917143676613E-002   0.0000000000000000        2.6800000000000001E-002  0.95220000000000005        1.8400000000000000E-002   2.5999999999999999E-003
   20.000000000000000        3.4072267255272889E-002   0.0000000000000000        2.6800000000000001E-002  0.95220000000000005        1.8400000000000000E-002   2.5999999999999999E-003
   21.000000000000000       -1.0150151175170359E-002   0.0000000000000000        2.6800000000000001E-002  0.95220000000000005        1.8400000000000000E-002   2.5999999999999999E-003
   22.000000000000000       -5.5824917345251267E-002   0.0000000000000000        2.6800000000000001E-002  0.95220000000000005        1.8400000000000000E-002   2.5999999999999999E-003
   23.000000000000000      -0.10053583336352792        0.0000000000000000        8.0000000000000004E-004  0.97480000000000000        2.1800000000000000E-002   2.5999999999999999E-003
   24.000000000000000      -0.10817504426016113        0.0000000000000000        8.0000000000000004E-004  0.97340000000000004        2.2599999999999999E-002   3.2000000000000002E-003
   25.000000000000000      -0.10031681738715907        0.0000000000000000        8.0000000000000004E-004  0.97340000000000004        2.2599999999999999E-002   3.2000000000000002E-003
   26.000000000000000       -9.1793638851521961E-002   0.0000000000000000        8.0000000000000004E-004  0.97340000000000004        2.2599999999999999E-002   3.2000000000000002E-003
   27.000000000000000       -8.1932205275450032E-002   4.0000000000000002E-004   2.0000000000000001E-004  0.97340000000000004        2.0000000000000000E-002   6.0000000000000001E-003
   28.000000000000000       -7.2097027860204471E-002   4.0000000000000002E-004   2.0000000000000001E-004  0.97340000000000004        1.6000000000000000E-002   1.0000000000000000E-002
   29.000000000000000       -5.9935007418340326E-002   4.0000000000000002E-004   2.0000000000000001E-004  0.97019999999999995        1.7200000000000000E-002   1.2000000000000000E-002
   30.000000000000000       -4.8856221354692947E-002   4.0000000000000002E-004   2.0000000000000001E-004  0.96940000000000004        1.7600000000000001E-002   1.2400000000000000E-002
   31.000000000000000       -3.7432405805914989E-002   4.0000000000000002E-004   2.0000000000000001E-004  0.96660000000000001        1.7800000000000000E-002   1.4999999999999999E-002
   32.000000000000000       -2.6950039827107104E-002   4.0000000000000002E-004   2.0000000000000001E-004  0.96619999999999995        1.7800000000000000E-002   1.5400000000000000E-002
   33.000000000000000       -1.7604896631341904E-002   4.0000000000000002E-004   2.0000000000000001E-004  0.96619999999999995        1.7800000000000000E-002   1.5400000000000000E-002
   34.000000000000000       -9.2897150677804553E-003   4.0000000000000002E-004   2.0000000000000001E-004  0.96340000000000003        2.0400000000000001E-002   1.5599999999999999E-002
   35.000000000000000       -3.6762956166691918E-003   4.0000000000000002E-004   2.0000000000000001E-004  0.96340000000000003        2.0400000000000001E-002   1.5599999999999999E-002
   36.000000000000000        2.9525829559286492E-004   4.0000000000000002E-004   2.0000000000000001E-004  0.96340000000000003        2.0199999999999999E-002   1.5800000000000002E-002
   37.000000000000000        2.5650504458523066E-003   4.0000000000000002E-004   2.0000000000000001E-004  0.96060000000000001        2.2800000000000001E-002   1.6000000000000000E-002
   38.000000000000000        2.6835665151908389E-003   4.0000000000000002E-004   2.0000000000000001E-004  0.96060000000000001        2.1000000000000001E-002   1.7800000000000000E-002
   39.000000000000000        2.6844131334391114E-003   2.0000000000000001E-004   4.0000000000000002E-004  0.95840000000000003        2.0400000000000001E-002   2.0600000000000000E-002
   40.000000000000000        3.5574681361188916E-003   0.0000000000000000        4.0000000000000002E-004  0.95360000000000000        2.3199999999999998E-002   2.2800000000000001E-002
   41.000000000000000        3.9607923728952705E-003   0.0000000000000000        4.0000000000000002E-004  0.95240000000000002        2.3199999999999998E-002   2.4000000000000000E-002
   42.000000000000000        7.1487895914330692E-003   1.4000000000000000E-003   4.0000000000000002E-004  0.94940000000000002        2.4799999999999999E-002   2.4000000000000000E-002
   43.000000000000000        2.0324912112883092E-002   5.0000000000000001E-003   4.0000000000000002E-004  0.94299999999999995        2.7600000000000000E-002   2.4000000000000000E-002
   44.000000000000000        4.1211329551357201E-002   8.3999999999999995E-003   4.0000000000000002E-004  0.93679999999999997        2.7600000000000000E-002   2.6800000000000001E-002
   45.000000000000000        6.2220121790272948E-002   7.6000000000000000E-003   4.0000000000000002E-004  0.93520000000000003        2.7600000000000000E-002   2.9200000000000000E-002
   46.000000000000000        8.2623484066638400E-002   7.6000000000000000E-003   4.0000000000000002E-004  0.93379999999999996        2.9000000000000001E-002   2.9200000000000000E-002
   47.000000000000000       0.10135672248087302        7.6000000000000000E-003   2.0000000000000001E-004  0.93400000000000005        2.9000000000000001E-002   2.9200000000000000E-002
   48.000000000000000       0.11859978350492598        7.6000000000000000E-003   2.0000000000000001E-004  0.93400000000000005        2.8600000000000000E-002   2.9600000000000001E-002
   49.000000000000000       0.13533739390183036        7.6000000000000000E-003   5.9999999999999995E-004  0.93040000000000000        3.0200000000000001E-002   3.1199999999999999E-002
   50.000000000000000       0.14967247228284997        7.4000000000000003E-003   5.9999999999999995E-004  0.92940000000000000        2.9000000000000001E-002   3.3599999999999998E-002
   51.000000000000000       0.16313125380355376        7.4000000000000003E-003   5.9999999999999995E-004  0.92700000000000005        2.5600000000000001E-002   3.9399999999999998E-002
   52.000000000000000       0.17402123412413298        7.4000000000000003E-003   5.9999999999999995E-004  0.92500000000000004        2.7199999999999998E-002   3.9800000000000002E-002
   53.000000000000000       0.18246382124359631        6.7999999999999996E-003   8.0000000000000004E-004  0.92479999999999996        2.7799999999999998E-002   3.9800000000000002E-002
   54.000000000000000       0.18949402522959369        6.7999999999999996E-003   8.0000000000000004E-004  0.92200000000000004        2.7799999999999998E-002   4.2599999999999999E-002
   55.000000000000000       0.19313199368643241        7.0000000000000001E-003   1.8000000000000000E-003  0.92079999999999995        2.7000000000000000E-002   4.3400000000000001E-002
   56.000000000000000       0.19421619023806067        7.0000000000000001E-003  0.15400000000000000       0.76619999999999999        2.6599999999999999E-002   4.6199999999999998E-002
   57.000000000000000       0.19803358371109175        7.0000000000000001E-003  0.16980000000000001       0.75019999999999998        2.5999999999999999E-002   4.7000000000000000E-002
   58.000000000000000       0.20449295002692749        7.0000000000000001E-003  0.15340000000000001       0.76659999999999995        2.5999999999999999E-002   4.7000000000000000E-002
   59.000000000000000       0.20941429838158804        7.0000000000000001E-003  0.15579999999999999       0.76259999999999994        2.6800000000000001E-002   4.7800000000000002E-002
   60.000000000000000       0.21207267866814733        6.7999999999999996E-003  0.15520000000000000       0.76200000000000001        2.8199999999999999E-002   4.7800000000000002E-002
   61.000000000000000       0.21336955746780970        6.7999999999999996E-003  0.14940000000000001       0.76780000000000004        2.8199999999999999E-002   4.7800000000000002E-002
   62.000000000000000       0.20983538252627337        6.7999999999999996E-003  0.14940000000000001       0.76780000000000004        2.8199999999999999E-002   4.7800000000000002E-002
   63.000000000000000       0.20782169548271984        6.7999999999999996E-003  0.14480000000000001       0.76719999999999999        2.9399999999999999E-002   5.1799999999999999E-002
   64.000000000000000       0.20381740042772434        6.7999999999999996E-003  0.14499999999999999       0.76160000000000005        2.9999999999999999E-002   5.6599999999999998E-002
   65.000000000000000       0.19473482916867360        6.6000000000000000E-003  0.14399999999999999       0.76180000000000003        2.9999999999999999E-002   5.7599999999999998E-002
   66.000000000000000       0.18769359578226477        6.1999999999999998E-003  0.14199999999999999       0.76019999999999999        3.0800000000000001E-002   6.0800000000000000E-002
   67.000000000000000       0.17471982839397532        6.1999999999999998E-003  0.14099999999999999       0.75960000000000005        3.1199999999999999E-002   6.2000000000000000E-002
   68.000000000000000       0.16160678344642848        6.0000000000000001E-003  0.14019999999999999       0.76000000000000001        3.1199999999999999E-002   6.2600000000000003E-002
   69.000000000000000       0.14725372847150126        6.0000000000000001E-003  0.13960000000000000       0.76019999999999999        3.1399999999999997E-002   6.2799999999999995E-002
   70.000000000000000       0.13279013922738364        7.6000000000000000E-003  0.13800000000000001       0.75880000000000003        3.2199999999999999E-002   6.3399999999999998E-002
   71.000000000000000       0.11843735873856420        7.6000000000000000E-003  0.13400000000000001       0.76280000000000003        3.2199999999999999E-002   6.3399999999999998E-002
   72.000000000000000       0.11188314364475009        7.4000000000000003E-003  0.13400000000000001       0.76100000000000001        3.1399999999999997E-002   6.6199999999999995E-002
   73.000000000000000       0.10540242709314082        7.4000000000000003E-003  0.13400000000000001       0.76100000000000001        3.1399999999999997E-002   6.6199999999999995E-002
   74.000000000000000        9.9420061653623840E-002   7.4000000000000003E-003  0.13400000000000001       0.75780000000000003        3.4200000000000001E-002   6.6600000000000006E-002
   75.000000000000000        9.5230042124858527E-002   7.4000000000000003E-003   0.0000000000000000       0.88980000000000004        3.5400000000000001E-002   6.7400000000000002E-002
   76.000000000000000       0.10203871409251196        7.4000000000000003E-003   0.0000000000000000       0.88980000000000004        3.5400000000000001E-002   6.7400000000000002E-002
   77.000000000000000       0.11788775649088772        7.1999999999999998E-003   0.0000000000000000       0.89000000000000001        3.5400000000000001E-002   6.7400000000000002E-002
   78.000000000000000       0.12811108060589813        7.1999999999999998E-003   0.0000000000000000       0.89000000000000001        3.5400000000000001E-002   6.7400000000000002E-002
   79.000000000000000       0.13236891289344332        7.1999999999999998E-003   0.0000000000000000       0.89000000000000001        3.5000000000000003E-002   6.7799999999999999E-002
   80.000000000000000       0.13013613822918915        7.1999999999999998E-003   0.0000000000000000       0.89000000000000001        3.4599999999999999E-002   6.8199999999999997E-002
   81.000000000000000       0.12164398635298067        7.1999999999999998E-003   0.0000000000000000       0.89000000000000001        3.4400000000000000E-002   6.8400000000000002E-002
   82.000000000000000       0.10670853716466128        7.1999999999999998E-003   0.0000000000000000       0.89000000000000001        3.4400000000000000E-002   6.8400000000000002E-002
   83.000000000000000        8.5417312725045214E-002   7.1999999999999998E-003   0.0000000000000000       0.89000000000000001        3.4000000000000002E-002   6.8800000000000000E-002
   84.000000000000000        6.0166735501718339E-002   7.1999999999999998E-003   0.0000000000000000       0.89000000000000001        3.4000000000000002E-002   6.8800000000000000E-002
   85.000000000000000        3.0037056824562255E-002   7.1999999999999998E-003   1.0600000000000000E-002  0.87939999999999996        3.4000000000000002E-002   6.8800000000000000E-002
   86.000000000000000        3.6123181050663408E-003   5.5999999999999999E-003   1.0999999999999999E-002  0.87080000000000002        3.4799999999999998E-002   7.7799999999999994E-002
   87.000000000000000       -7.6556439339801885E-004   5.5999999999999999E-003   1.0999999999999999E-002  0.87019999999999997        3.4200000000000001E-002   7.9000000000000001E-002
   88.000000000000000       -3.8699022062867947E-003   6.6000000000000000E-003   9.7999999999999997E-003  0.86780000000000002        3.4200000000000001E-002   8.1600000000000006E-002
   89.000000000000000       -8.4063732865252601E-003   6.6000000000000000E-003   1.0400000000000000E-002  0.86699999999999999        3.4400000000000000E-002   8.1600000000000006E-002
   90.000000000000000       -1.0540636770023423E-002   6.6000000000000000E-003   9.5999999999999992E-003  0.86519999999999997        3.5000000000000003E-002   8.3599999999999994E-002
   91.000000000000000       -1.3105742873494471E-002   6.6000000000000000E-003   9.1999999999999998E-003  0.86560000000000004        3.5000000000000003E-002   8.3599999999999994E-002
   92.000000000000000       -1.4328970417324605E-002   6.6000000000000000E-003   1.1599999999999999E-002  0.86140000000000005        3.5000000000000003E-002   8.5400000000000004E-002
   93.000000000000000       -1.3541832632654228E-002   6.6000000000000000E-003   1.2400000000000000E-002  0.86060000000000003        3.5000000000000003E-002   8.5400000000000004E-002
   94.000000000000000       -8.6021575196653134E-003   5.7999999999999996E-003   1.0800000000000001E-002  0.86260000000000003        3.5000000000000003E-002   8.5800000000000001E-002
   95.000000000000000       -1.7770265673424657E-003   5.7999999999999996E-003   1.0400000000000000E-002  0.86260000000000003        3.4599999999999999E-002   8.6599999999999996E-002
   96.000000000000000        4.7532645873003057E-003   5.7999999999999996E-003   1.0400000000000000E-002  0.86260000000000003        3.4599999999999999E-002   8.6599999999999996E-002
   97.000000000000000        1.0642215088071449E-002   5.7999999999999996E-003   1.0400000000000000E-002  0.86140000000000005        3.4799999999999998E-002   8.7599999999999997E-002
   98.000000000000000        1.4412269735702130E-002   5.7999999999999996E-003   1.0400000000000000E-002  0.85960000000000003        3.6600000000000001E-002   8.7599999999999997E-002
   99.000000000000000        1.5920111413150521E-002   5.4000000000000003E-003   1.0800000000000001E-002  0.85899999999999999        3.6600000000000001E-002   8.8200000000000001E-002
   100.00000000000000        1.5572314751711058E-002   5.1999999999999998E-003   8.6000000000000000E-003  0.85819999999999996        3.8800000000000001E-002   8.9200000000000002E-002
   101.00000000000000        1.1254075757602820E-002   5.1999999999999998E-003   8.6000000000000000E-003  0.85819999999999996        3.8800000000000001E-002   8.9200000000000002E-002
   102.00000000000000        5.5291827780922995E-003   5.1999999999999998E-003   7.1999999999999998E-003  0.85660000000000003        3.8800000000000001E-002   9.2200000000000004E-002
   103.00000000000000       -4.2695344119930527E-003   8.3999999999999995E-003   3.3999999999999998E-003  0.85660000000000003        3.8399999999999997E-002   9.3200000000000005E-002
   104.00000000000000       -1.7135178537096098E-002   8.6000000000000000E-003   3.3999999999999998E-003  0.85640000000000005        3.8399999999999997E-002   9.3200000000000005E-002
   105.00000000000000       -3.2188779624490543E-002   8.6000000000000000E-003   1.8000000000000000E-003  0.85799999999999998        3.7199999999999997E-002   9.4399999999999998E-002
   106.00000000000000       -2.1519112754411877E-002   8.6000000000000000E-003   1.8000000000000000E-003  0.85799999999999998        3.7400000000000003E-002   9.4200000000000006E-002
   107.00000000000000        2.1172401869182889E-002   8.6000000000000000E-003   1.8000000000000000E-003  0.85799999999999998        3.7400000000000003E-002   9.4200000000000006E-002
   108.00000000000000        7.9194830546152215E-002   8.6000000000000000E-003   1.8000000000000000E-003  0.56559999999999999       0.32719999999999999        9.6799999999999997E-002
   109.00000000000000        9.7529407472539187E-002   8.3999999999999995E-003   2.0000000000000000E-003  0.55959999999999999       0.32719999999999999       0.10280000000000000     
   110.00000000000000        9.7615752198581568E-002   8.3999999999999995E-003   2.0000000000000000E-003  0.56159999999999999       0.39000000000000001        3.7999999999999999E-002
   111.00000000000000       0.10141004759855934        8.3999999999999995E-003   2.0000000000000000E-003  0.51880000000000004       0.43280000000000002        3.7999999999999999E-002
   112.00000000000000        8.6416541928463014E-002   8.3999999999999995E-003   2.0000000000000000E-003  0.52000000000000002       0.43159999999999998        3.7999999999999999E-002
   113.00000000000000        7.0496141948155816E-002   8.3999999999999995E-003   2.0000000000000000E-003  0.52139999999999997       0.43020000000000003        3.7999999999999999E-002
   114.00000000000000        5.8856480208263035E-002   8.3999999999999995E-003   2.0000000000000000E-003  0.48559999999999998       0.46600000000000003        3.7999999999999999E-002
   115.00000000000000        4.2084145286859123E-002   8.3999999999999995E-003   2.0000000000000000E-003  0.48280000000000001       0.46879999999999999        3.7999999999999999E-002
   116.00000000000000        2.6629235943273544E-002   6.0000000000000001E-003   4.4000000000000003E-003  0.48380000000000001       0.46779999999999999        3.7999999999999999E-002
   117.00000000000000        1.3481949045592263E-002   5.7999999999999996E-003   4.5999999999999999E-003  0.48420000000000002       0.46739999999999998        3.7999999999999999E-002
   118.00000000000000        1.1066264944715881E-003   4.4000000000000003E-003   6.0000000000000001E-003  0.48459999999999998       0.46700000000000003        3.7999999999999999E-002
   119.00000000000000       -1.2123897271047800E-002   4.0000000000000001E-003   6.4000000000000003E-003  0.48420000000000002       0.46739999999999998        3.7999999999999999E-002
   120.00000000000000       -1.6589683831401626E-002   3.5999999999999999E-003   6.7999999999999996E-003  0.48380000000000001       0.46779999999999999        3.7999999999999999E-002
   121.00000000000000       -2.4912373228251409E-002   4.0000000000000001E-003   6.4000000000000003E-003  0.48459999999999998       0.46700000000000003        3.7999999999999999E-002
   122.00000000000000       -2.8254859658132275E-002   4.0000000000000001E-003   6.4000000000000003E-003  0.47999999999999998       0.28139999999999998       0.22819999999999999     
   123.00000000000000       -3.7642156315546842E-002   4.0000000000000001E-003   6.4000000000000003E-003  0.26560000000000000       0.50560000000000005       0.21840000000000001     
   124.00000000000000       -5.6723042006878180E-002   4.0000000000000001E-003   6.4000000000000003E-003  0.26560000000000000       0.50539999999999996       0.21859999999999999     
   125.00000000000000       -6.2852669180607473E-002   1.0400000000000000E-002   0.0000000000000000       0.26560000000000000       0.42020000000000002       0.30380000000000001     
   126.00000000000000       -6.8100674936856273E-002   1.0400000000000000E-002   0.0000000000000000       0.26560000000000000       0.41220000000000001       0.31180000000000002     
   127.00000000000000       -7.1538318053996727E-002   9.7999999999999997E-003   0.0000000000000000       0.26560000000000000       0.41420000000000001       0.31040000000000001     
   128.00000000000000       -6.8007543511406310E-002   9.5999999999999992E-003   0.0000000000000000       0.26560000000000000       0.38860000000000000       0.33620000000000000     
   129.00000000000000       -6.2032705182191519E-002   9.5999999999999992E-003   0.0000000000000000       0.25879999999999997       0.39579999999999999       0.33579999999999999     
   130.00000000000000       -4.9593305907836539E-002   9.7999999999999997E-003   0.0000000000000000       0.24879999999999999       0.39979999999999999       0.34160000000000001     
   131.00000000000000       -2.9892134481670045E-002   9.7999999999999997E-003   0.0000000000000000       0.24879999999999999       0.39820000000000000       0.34320000000000001     
   132.00000000000000       -7.3497784329981941E-003   9.7999999999999997E-003   0.0000000000000000       0.24540000000000001       0.39979999999999999       0.34499999999999997     
   133.00000000000000        1.4567340420825921E-002   9.4000000000000004E-003   0.0000000000000000       0.24360000000000001       0.40179999999999999       0.34520000000000001     
   134.00000000000000        3.5802011842129888E-002   9.4000000000000004E-003   0.0000000000000000       0.24360000000000001       0.40179999999999999       0.34520000000000001     
   135.00000000000000        5.8270066838302007E-002   9.4000000000000004E-003   0.0000000000000000       0.23980000000000001       0.40220000000000000       0.34860000000000002     
   136.00000000000000        7.9144307753400395E-002   8.6000000000000000E-003   0.0000000000000000       0.23820000000000000       0.40220000000000000       0.35099999999999998     
   137.00000000000000        9.9347096287208086E-002   8.6000000000000000E-003   0.0000000000000000       0.23760000000000001       0.40179999999999999       0.35199999999999998     
   138.00000000000000       0.11962400007126184        8.0000000000000002E-003   0.0000000000000000       0.23699999999999999       0.39739999999999998       0.35759999999999997     
   139.00000000000000       0.13865913316754308        7.4000000000000003E-003   0.0000000000000000       0.23699999999999999       0.38919999999999999       0.36640000000000000     
   140.00000000000000       0.15545912391078004        7.4000000000000003E-003   0.0000000000000000       0.23440000000000000       0.39000000000000001       0.36820000000000003     
   141.00000000000000       0.17115829597698196        7.1999999999999998E-003   0.0000000000000000       0.23440000000000000       0.39119999999999999       0.36720000000000003     
   142.00000000000000       0.18655240274914067        7.1999999999999998E-003   0.0000000000000000       0.23039999999999999       0.39260000000000000       0.36980000000000002     
   143.00000000000000       0.20156976738149793        6.6000000000000000E-003   0.0000000000000000       0.23039999999999999       0.37659999999999999       0.38640000000000002     
   144.00000000000000       0.21428269259898730        6.6000000000000000E-003   0.0000000000000000       0.22939999999999999       0.38000000000000000       0.38400000000000001     
   145.00000000000000       0.22648977987222588        6.6000000000000000E-003   0.0000000000000000       0.22680000000000000       0.38260000000000000       0.38400000000000001     
   146.00000000000000       0.23847076569070386        6.6000000000000000E-003   0.0000000000000000       0.22680000000000000       0.36720000000000003       0.39939999999999998     
   147.00000000000000       0.24890373729843737        6.6000000000000000E-003   0.0000000000000000       0.22660000000000000       0.36980000000000002       0.39700000000000002     
   148.00000000000000       0.25822163202198878        6.6000000000000000E-003   0.0000000000000000       0.22660000000000000       0.36980000000000002       0.39700000000000002     
   149.00000000000000       0.26710929739449429        6.6000000000000000E-003   0.0000000000000000       0.22480000000000000       0.36980000000000002       0.39879999999999999     
   150.00000000000000       0.27620143844954959        6.1999999999999998E-003   0.0000000000000000       0.21199999999999999       0.38179999999999997       0.40000000000000002     
   151.00000000000000       0.28251424074425102        6.0000000000000001E-003   0.0000000000000000       0.21160000000000001       0.38279999999999997       0.39960000000000001     
   152.00000000000000       0.28782017029915119        0.0000000000000000        6.0000000000000001E-003  0.21120000000000000       0.38179999999999997       0.40100000000000002     
   153.00000000000000       0.29105907789495522        0.0000000000000000        6.0000000000000001E-003  0.21179999999999999       0.38119999999999998       0.40100000000000002     
   154.00000000000000       0.29461725565724350        0.0000000000000000        6.0000000000000001E-003  0.20019999999999999       0.39279999999999998       0.40100000000000002     
   155.00000000000000       0.29663293327726575        0.0000000000000000        6.0000000000000001E-003  0.18959999999999999       0.40160000000000001       0.40279999999999999     
   156.00000000000000       0.29604432532573161        0.0000000000000000        6.0000000000000001E-003  0.18920000000000001       0.40120000000000000       0.40360000000000001     
   157.00000000000000       0.29442854944236541        0.0000000000000000        6.0000000000000001E-003  0.18440000000000001       0.40579999999999999       0.40379999999999999     
   158.00000000000000       0.29147351493765949        0.0000000000000000        6.0000000000000001E-003  0.18160000000000001       0.40860000000000002       0.40379999999999999     
   159.00000000000000       0.28761673099970786        0.0000000000000000        5.7999999999999996E-003  0.17440000000000000       0.41199999999999998       0.40780000000000000     
   160.00000000000000       0.28364625432200474        0.0000000000000000        5.4000000000000003E-003  0.16539999999999999       0.41199999999999998       0.41720000000000002     
   161.00000000000000       0.27633231598261410        0.0000000000000000        4.7999999999999996E-003  0.16539999999999999       0.41280000000000000       0.41699999999999998     
   162.00000000000000       0.26969605099505811        0.0000000000000000        4.5999999999999999E-003  0.16560000000000000       0.39839999999999998       0.43140000000000001     
   163.00000000000000       0.26061458063979503        2.0000000000000001E-004   4.4000000000000003E-003  0.16480000000000000       0.40039999999999998       0.43020000000000003     
   164.00000000000000       0.25199618293911485        2.0000000000000001E-004   4.4000000000000003E-003  0.16360000000000000       0.40220000000000000       0.42959999999999998     
   165.00000000000000       0.24295210609356177        2.0000000000000001E-004   4.4000000000000003E-003  0.16360000000000000       0.40139999999999998       0.43040000000000000     
   166.00000000000000       0.23440462408733662        2.0000000000000001E-004   4.4000000000000003E-003  0.16280000000000000       0.39979999999999999       0.43280000000000002     
   167.00000000000000       0.22514694891180856        2.0000000000000001E-004   4.4000000000000003E-003  0.16220000000000001       0.39520000000000000       0.43800000000000000     
   168.00000000000000       0.21771543193596973        2.0000000000000001E-004   4.4000000000000003E-003  0.15479999999999999       0.39779999999999999       0.44280000000000003     
   169.00000000000000       0.20846422706797518        2.0000000000000001E-004   4.4000000000000003E-003  0.15220000000000000       0.40179999999999999       0.44140000000000001     
   170.00000000000000       0.19819334510526276        2.0000000000000001E-004   4.4000000000000003E-003  0.15220000000000000       0.40360000000000001       0.43959999999999999     
   171.00000000000000       0.18819320816632634        2.0000000000000001E-004   4.4000000000000003E-003  0.15060000000000001       0.40520000000000000       0.43959999999999999     
   172.00000000000000       0.17736531554499807        2.0000000000000001E-004   4.4000000000000003E-003  0.14960000000000001       0.40639999999999998       0.43940000000000001     
   173.00000000000000       0.16808267196442678        2.0000000000000001E-004   4.1999999999999997E-003  0.14979999999999999       0.39279999999999998       0.45300000000000001     
   174.00000000000000       0.16232098653301283        2.0000000000000001E-004   4.1999999999999997E-003  0.14979999999999999       0.39360000000000001       0.45219999999999999     
   175.00000000000000       0.15757309506371081        2.0000000000000001E-004   4.1999999999999997E-003  0.14979999999999999       0.39179999999999998       0.45400000000000001     
   176.00000000000000       0.15313013538867420        2.0000000000000001E-004   4.1999999999999997E-003  0.14979999999999999       0.38900000000000001       0.45679999999999998     
   177.00000000000000       0.14907336679212296        2.0000000000000001E-004   4.1999999999999997E-003  0.14979999999999999       0.38440000000000002       0.46139999999999998     
   178.00000000000000       0.14579175027071042        2.0000000000000001E-004   3.5999999999999999E-003  0.14979999999999999       0.38100000000000001       0.46539999999999998     
   179.00000000000000       0.14208990520263726        2.0000000000000001E-004   3.5999999999999999E-003  0.14979999999999999       0.38059999999999999       0.46579999999999999     
   180.00000000000000       0.13909351158977665        2.0000000000000001E-004   3.5999999999999999E-003  0.14979999999999999       0.38040000000000002       0.46600000000000003     
   181.00000000000000       0.13673110826555071        2.0000000000000001E-004   3.5999999999999999E-003  0.14979999999999999       0.37940000000000002       0.46700000000000003     
   182.00000000000000       0.13496745583456529        2.0000000000000001E-004   3.5999999999999999E-003  0.14979999999999999       0.37940000000000002       0.46700000000000003     
   183.00000000000000       0.13503640280088408        2.0000000000000001E-004   3.5999999999999999E-003  0.14979999999999999       0.37119999999999997       0.47520000000000001     
   184.00000000000000       0.13510096169901883        2.0000000000000001E-004   7.4999999999999997E-002   7.8399999999999997E-002  0.36340000000000000       0.48299999999999998     
   185.00000000000000       0.14192979905533332        2.0000000000000001E-004   7.4999999999999997E-002   7.8200000000000006E-002  0.35620000000000002       0.49040000000000000     
   186.00000000000000       0.14892567046170299        2.0000000000000001E-004   7.4999999999999997E-002   7.8200000000000006E-002  0.35620000000000002       0.49040000000000000     
   187.00000000000000       0.15709888471879285        4.7999999999999996E-003   7.0000000000000007E-002   7.8200000000000006E-002  0.35659999999999997       0.49040000000000000     
   188.00000000000000       0.17232395719224891        4.1999999999999997E-003   6.6000000000000003E-002   7.8200000000000006E-002  0.35599999999999998       0.49559999999999998     
   189.00000000000000       0.19145028496587491        4.0000000000000001E-003   5.9799999999999999E-002   7.5399999999999995E-002  0.35699999999999998       0.50380000000000003     
   190.00000000000000       0.20795759711254794        3.2000000000000002E-003   6.0600000000000001E-002   7.4999999999999997E-002  0.35280000000000000       0.50839999999999996     
   191.00000000000000       0.22462806338656272        3.3999999999999998E-003   6.0400000000000002E-002   7.2599999999999998E-002  0.35180000000000000       0.51180000000000003     
   192.00000000000000       0.24032874660415729        3.2000000000000002E-003   6.0600000000000001E-002   7.1599999999999997E-002  0.35280000000000000       0.51180000000000003     
   193.00000000000000       0.25561832138009133        2.8000000000000000E-003   5.9799999999999999E-002   7.0999999999999994E-002  0.35399999999999998       0.51239999999999997     
   194.00000000000000       0.26944687876185758        2.8000000000000000E-003   5.8200000000000002E-002   7.1400000000000005E-002  0.35520000000000002       0.51239999999999997     
   195.00000000000000       0.28397729503732300        2.8000000000000000E-003   5.5000000000000000E-002   6.8199999999999997E-002  0.36040000000000000       0.51359999999999995     
   196.00000000000000       0.29501865259303706        2.8000000000000000E-003   5.3999999999999999E-002   6.8199999999999997E-002  0.36180000000000001       0.51319999999999999     
   197.00000000000000       0.30496381244089121        2.8000000000000000E-003   5.3999999999999999E-002   6.6400000000000001E-002  0.36299999999999999       0.51380000000000003     
   198.00000000000000       0.31402455285308889        2.8000000000000000E-003   5.5199999999999999E-002   5.9200000000000003E-002  0.36799999999999999       0.51480000000000004     
   199.00000000000000       0.32125011880212989        2.3999999999999998E-003   5.3999999999999999E-002   5.9200000000000003E-002  0.35999999999999999       0.52439999999999998     
   200.00000000000000       0.32546621111375590        2.3999999999999998E-003   5.0999999999999997E-002   6.2000000000000000E-002  0.36040000000000000       0.52420000000000000     
   201.00000000000000       0.32726981593019711        2.3999999999999998E-003   5.0400000000000000E-002   6.2600000000000003E-002  0.36040000000000000       0.52420000000000000     
   202.00000000000000       0.32744964166549112        1.6000000000000001E-003   5.0999999999999997E-002   6.0400000000000002E-002  0.36059999999999998       0.52639999999999998     
   203.00000000000000       0.32634348670925523        1.4000000000000000E-003   5.0000000000000003E-002   6.0999999999999999E-002  0.35439999999999999       0.53320000000000001     
   204.00000000000000       0.32232460236533861        1.4000000000000000E-003   4.9799999999999997E-002   5.9200000000000003E-002  0.35439999999999999       0.53520000000000001     
   205.00000000000000       0.31566770614340756        1.4000000000000000E-003   4.9000000000000002E-002   5.9400000000000001E-002  0.35460000000000003       0.53559999999999997     
   206.00000000000000       0.30763904742580311        2.2000000000000001E-003   4.8200000000000000E-002   5.9200000000000003E-002  0.35460000000000003       0.53580000000000005     
   207.00000000000000       0.29940927059821087        2.2000000000000001E-003   4.8200000000000000E-002   5.8400000000000001E-002  0.35539999999999999       0.53580000000000005     
   208.00000000000000       0.29106190878876476        2.2000000000000001E-003   4.8200000000000000E-002   5.8400000000000001E-002  0.35539999999999999       0.53580000000000005     
   209.00000000000000       0.28218495294916873        2.2000000000000001E-003   4.8200000000000000E-002   5.8599999999999999E-002  0.35520000000000002       0.53580000000000005     
   210.00000000000000       0.26972018430153921        2.2000000000000001E-003   4.8200000000000000E-002   5.6599999999999998E-002  0.35339999999999999       0.53959999999999997     
   211.00000000000000       0.27129215981067190        2.2000000000000001E-003   8.0000000000000004E-004  0.10480000000000000       0.34820000000000001       0.54400000000000004     
   212.00000000000000       0.26661784471003230        2.2000000000000001E-003   8.0000000000000004E-004  0.10480000000000000       0.34820000000000001       0.54400000000000004     
   213.00000000000000       0.26252467054628043        2.2000000000000001E-003   1.0000000000000000E-003  0.10920000000000001       0.34360000000000002       0.54400000000000004     
   214.00000000000000       0.25917124042700074        2.2000000000000001E-003   1.0000000000000000E-003  0.10920000000000001       0.34360000000000002       0.54400000000000004     
   215.00000000000000       0.25539534940132680        2.2000000000000001E-003   1.0000000000000000E-003  0.10800000000000000       0.34360000000000002       0.54520000000000002     
   216.00000000000000       0.24846127980895039        2.2000000000000001E-003   1.0000000000000000E-003  0.10800000000000000       0.34360000000000002       0.54520000000000002     
