#        BMIN =   404
#        BMAX =   408
#     INIBAND =   406
#      NBANDS =   540
#         NSW =  2000
#       POTIM =   1.0
#        TEMP = 300.0
#    NAMDTINI =    31
#    NAMDTIME =  1000
#       NTRAJ =  5000
#        NELM =  1000
#       LHOLE =     T
#        LSHP =     T
#      LCPTXT =     T
#      RUNDIR = ../../run/
   1.0000000000000000       0.26843021382425181        0.0000000000000000        0.0000000000000000        1.0000000000000000        0.0000000000000000        0.0000000000000000     
   2.0000000000000000       0.24669516357677423        0.0000000000000000        0.0000000000000000       0.99680000000000002        2.5999999999999999E-003   5.9999999999999995E-004
   3.0000000000000000       0.23211398296515412        0.0000000000000000        4.0000000000000002E-004  0.98960000000000004        9.1999999999999998E-003   8.0000000000000004E-004
   4.0000000000000000       0.21082062339503282        0.0000000000000000        1.1999999999999999E-003  0.98880000000000001        9.1999999999999998E-003   8.0000000000000004E-004
   5.0000000000000000       0.18682362134496619        0.0000000000000000        0.0000000000000000       0.98899999999999999        9.1999999999999998E-003   1.8000000000000000E-003
   6.0000000000000000       0.15775679334514209        0.0000000000000000        4.0000000000000002E-004  0.98819999999999997        9.5999999999999992E-003   1.8000000000000000E-003
   7.0000000000000000       0.12451366309279693        0.0000000000000000        2.6400000000000000E-002  0.96220000000000006        9.5999999999999992E-003   1.8000000000000000E-003
   8.0000000000000000       0.10777218541265111        0.0000000000000000        2.6400000000000000E-002  0.96220000000000006        9.5999999999999992E-003   1.8000000000000000E-003
   9.0000000000000000       0.14157920866670134        0.0000000000000000        2.6400000000000000E-002  0.96220000000000006        9.5999999999999992E-003   1.8000000000000000E-003
   10.000000000000000       0.16890532312591916        0.0000000000000000        2.6200000000000001E-002  0.96220000000000006        9.7999999999999997E-003   1.8000000000000000E-003
   11.000000000000000       0.18612693322691792        0.0000000000000000        2.5800000000000000E-002  0.95079999999999998        2.1600000000000001E-002   1.8000000000000000E-003
   12.000000000000000       0.17449487269027794        0.0000000000000000        2.5800000000000000E-002  0.95079999999999998        2.1600000000000001E-002   1.8000000000000000E-003
   13.000000000000000       0.15879220492718449        0.0000000000000000        2.5800000000000000E-002  0.95079999999999998        2.1600000000000001E-002   1.8000000000000000E-003
   14.000000000000000       0.14940897399794287        0.0000000000000000        2.5800000000000000E-002  0.95020000000000004        2.1600000000000001E-002   2.3999999999999998E-003
   15.000000000000000       0.12953817008474797        0.0000000000000000        2.5399999999999999E-002  0.95020000000000004        2.1600000000000001E-002   2.8000000000000000E-003
   16.000000000000000       0.11997865186510796        0.0000000000000000        2.5399999999999999E-002  0.95740000000000003        1.3800000000000000E-002   3.3999999999999998E-003
   17.000000000000000       0.11271046391294899        0.0000000000000000        2.5399999999999999E-002  0.95740000000000003        1.3800000000000000E-002   3.3999999999999998E-003
   18.000000000000000        7.5864499484829095E-002   0.0000000000000000        2.5399999999999999E-002  0.95740000000000003        1.3800000000000000E-002   3.3999999999999998E-003
   19.000000000000000        3.4120452115405375E-002   0.0000000000000000        2.5399999999999999E-002  0.95740000000000003        1.3800000000000000E-002   3.3999999999999998E-003
   20.000000000000000       -1.0299202292263849E-002   0.0000000000000000        2.5200000000000000E-002  0.95740000000000003        1.4000000000000000E-002   3.3999999999999998E-003
   21.000000000000000       -5.6247746401058570E-002   0.0000000000000000        2.5200000000000000E-002  0.95740000000000003        1.4000000000000000E-002   3.3999999999999998E-003
   22.000000000000000      -0.10125622053370684        0.0000000000000000        0.0000000000000000       0.97919999999999996        1.7399999999999999E-002   3.3999999999999998E-003
   23.000000000000000      -0.10920702296865574        0.0000000000000000        0.0000000000000000       0.97880000000000000        1.7600000000000001E-002   3.5999999999999999E-003
   24.000000000000000      -0.10131701356536234        0.0000000000000000        0.0000000000000000       0.97880000000000000        1.7600000000000001E-002   3.5999999999999999E-003
   25.000000000000000       -9.2765646148550970E-002   0.0000000000000000        0.0000000000000000       0.97880000000000000        1.7600000000000001E-002   3.5999999999999999E-003
   26.000000000000000       -8.2956793700051004E-002   0.0000000000000000        0.0000000000000000       0.97840000000000005        1.7200000000000000E-002   4.4000000000000003E-003
   27.000000000000000       -7.3133924993837196E-002   0.0000000000000000        0.0000000000000000       0.97840000000000005        1.4200000000000001E-002   7.4000000000000003E-003
   28.000000000000000       -6.1354555110112938E-002   0.0000000000000000        0.0000000000000000       0.97680000000000000        1.4800000000000001E-002   8.3999999999999995E-003
   29.000000000000000       -5.0191640869978904E-002   0.0000000000000000        0.0000000000000000       0.97580000000000000        1.4999999999999999E-002   9.1999999999999998E-003
   30.000000000000000       -3.9026186829938192E-002   0.0000000000000000        0.0000000000000000       0.97399999999999998        1.5200000000000000E-002   1.0800000000000001E-002
   31.000000000000000       -2.8261525963703921E-002   0.0000000000000000        0.0000000000000000       0.97260000000000002        1.5200000000000000E-002   1.2200000000000001E-002
   32.000000000000000       -1.8919122585109738E-002   0.0000000000000000        0.0000000000000000       0.97260000000000002        1.5200000000000000E-002   1.2200000000000001E-002
   33.000000000000000       -1.0441337768999233E-002   0.0000000000000000        0.0000000000000000       0.96879999999999999        1.9000000000000000E-002   1.2200000000000001E-002
   34.000000000000000       -4.8876922190630358E-003   0.0000000000000000        0.0000000000000000       0.96879999999999999        1.9199999999999998E-002   1.2000000000000000E-002
   35.000000000000000       -9.5332025090099368E-004   0.0000000000000000        0.0000000000000000       0.96879999999999999        1.8800000000000001E-002   1.2400000000000000E-002
   36.000000000000000        9.8120867706985929E-004   0.0000000000000000        0.0000000000000000       0.96719999999999995        2.0199999999999999E-002   1.2600000000000000E-002
   37.000000000000000        8.6444930841883452E-004   0.0000000000000000        0.0000000000000000       0.96719999999999995        1.9400000000000001E-002   1.3400000000000000E-002
   38.000000000000000        2.8850651806864875E-004   0.0000000000000000        0.0000000000000000       0.96619999999999995        1.8800000000000001E-002   1.4999999999999999E-002
   39.000000000000000        6.4481107411074219E-004   0.0000000000000000        0.0000000000000000       0.96220000000000006        2.1200000000000000E-002   1.6600000000000000E-002
   40.000000000000000        7.8323429193216665E-004   0.0000000000000000        0.0000000000000000       0.96120000000000005        2.1200000000000000E-002   1.7600000000000001E-002
   41.000000000000000        3.7535259463256096E-003   1.1999999999999999E-003   0.0000000000000000       0.95860000000000001        2.2599999999999999E-002   1.7600000000000001E-002
   42.000000000000000        1.6407914488692093E-002   4.5999999999999999E-003   0.0000000000000000       0.95399999999999996        2.3599999999999999E-002   1.7800000000000000E-002
   43.000000000000000        3.6683856147432220E-002   7.7999999999999996E-003   0.0000000000000000       0.94940000000000002        2.3599999999999999E-002   1.9199999999999998E-002
   44.000000000000000        5.7371207179480910E-002   6.7999999999999996E-003   0.0000000000000000       0.94879999999999998        2.3599999999999999E-002   2.0799999999999999E-002
   45.000000000000000        7.7943900529250709E-002   6.4000000000000003E-003   0.0000000000000000       0.94740000000000002        2.5399999999999999E-002   2.0799999999999999E-002
   46.000000000000000        9.6780829523816628E-002   6.4000000000000003E-003   0.0000000000000000       0.94720000000000004        2.5399999999999999E-002   2.1000000000000001E-002
   47.000000000000000       0.11407444206769274        6.4000000000000003E-003   0.0000000000000000       0.94720000000000004        2.4799999999999999E-002   2.1600000000000001E-002
   48.000000000000000       0.13075237218174379        6.4000000000000003E-003   0.0000000000000000       0.94420000000000004        2.6800000000000001E-002   2.2599999999999999E-002
   49.000000000000000       0.14464890612435219        6.1999999999999998E-003   2.0000000000000001E-004  0.94379999999999997        2.6800000000000001E-002   2.3000000000000000E-002
   50.000000000000000       0.15785144907617721        6.1999999999999998E-003   2.0000000000000001E-004  0.94179999999999997        2.4600000000000000E-002   2.7199999999999998E-002
   51.000000000000000       0.16903243108209859        6.0000000000000001E-003   2.0000000000000001E-004  0.93920000000000003        2.7000000000000000E-002   2.7600000000000000E-002
   52.000000000000000       0.17750013681959345        5.0000000000000001E-003   8.0000000000000004E-004  0.93899999999999995        2.7600000000000000E-002   2.7600000000000000E-002
   53.000000000000000       0.18450490810013692        5.0000000000000001E-003   5.9999999999999995E-004  0.93640000000000001        2.7400000000000001E-002   3.0599999999999999E-002
   54.000000000000000       0.18806709276881628        5.0000000000000001E-003   2.2000000000000001E-003  0.93479999999999996        2.6599999999999999E-002   3.1399999999999997E-002
   55.000000000000000       0.18884636585147452        4.7999999999999996E-003  0.16439999999999999       0.77059999999999995        2.6400000000000000E-002   3.3799999999999997E-002
   56.000000000000000       0.19260875266937016        4.7999999999999996E-003  0.18060000000000001       0.75439999999999996        2.5200000000000000E-002   3.5000000000000003E-002
   57.000000000000000       0.19898356501932563        4.7999999999999996E-003  0.16200000000000001       0.77300000000000002        2.5200000000000000E-002   3.5000000000000003E-002
   58.000000000000000       0.20396752829975653        4.7999999999999996E-003  0.16300000000000001       0.77020000000000000        2.5800000000000000E-002   3.6200000000000003E-002
   59.000000000000000       0.20666075848874005        4.7999999999999996E-003  0.16159999999999999       0.76959999999999995        2.7799999999999998E-002   3.6200000000000003E-002
   60.000000000000000       0.20789005772748081        4.7999999999999996E-003  0.15500000000000000       0.77620000000000000        2.7799999999999998E-002   3.6200000000000003E-002
   61.000000000000000       0.20427361278384348        4.7999999999999996E-003  0.15540000000000001       0.77600000000000002        2.7199999999999998E-002   3.6600000000000001E-002
   62.000000000000000       0.20287185576490277        4.5999999999999999E-003  0.15160000000000001       0.77220000000000000        3.0200000000000001E-002   4.1399999999999999E-002
   63.000000000000000       0.19879648419418738        4.5999999999999999E-003  0.15160000000000001       0.76659999999999995        3.1000000000000000E-002   4.6199999999999998E-002
   64.000000000000000       0.18974475570027638        4.5999999999999999E-003  0.14960000000000001       0.76719999999999999        3.1399999999999997E-002   4.7199999999999999E-002
   65.000000000000000       0.18222249596593970        4.1999999999999997E-003  0.14779999999999999       0.76659999999999995        3.1399999999999997E-002   5.0000000000000003E-002
   66.000000000000000       0.16926462206147186        4.1999999999999997E-003  0.14740000000000000       0.76500000000000001        3.1800000000000002E-002   5.1600000000000000E-002
   67.000000000000000       0.15596906067387506        4.1999999999999997E-003  0.14620000000000000       0.76559999999999995        3.2199999999999999E-002   5.1799999999999999E-002
   68.000000000000000       0.14147202796281805        4.5999999999999999E-003  0.14540000000000000       0.76580000000000004        3.2199999999999999E-002   5.1999999999999998E-002
   69.000000000000000       0.12680262986224297        6.7999999999999996E-003  0.14319999999999999       0.76459999999999995        3.3200000000000000E-002   5.2200000000000003E-002
   70.000000000000000       0.11271865065868306        6.6000000000000000E-003  0.13800000000000001       0.77000000000000002        3.3200000000000000E-002   5.2200000000000003E-002
   71.000000000000000       0.10586791188935979        6.6000000000000000E-003  0.13800000000000001       0.76859999999999995        3.3200000000000000E-002   5.3600000000000002E-002
   72.000000000000000        9.9709713321028764E-002   6.6000000000000000E-003  0.13800000000000001       0.76859999999999995        3.3200000000000000E-002   5.3600000000000002E-002
   73.000000000000000        9.4617289624516487E-002   6.6000000000000000E-003  0.13819999999999999       0.76259999999999994        3.7999999999999999E-002   5.4600000000000003E-002
   74.000000000000000        9.0563918795341175E-002   6.6000000000000000E-003   0.0000000000000000       0.89920000000000000        3.9399999999999998E-002   5.4800000000000001E-002
   75.000000000000000        9.7718443764995527E-002   6.6000000000000000E-003   0.0000000000000000       0.89920000000000000        3.9399999999999998E-002   5.4800000000000001E-002
   76.000000000000000       0.11401117912056116        6.4000000000000003E-003   0.0000000000000000       0.89939999999999998        3.9399999999999998E-002   5.4800000000000001E-002
   77.000000000000000       0.12462679545497272        6.4000000000000003E-003   0.0000000000000000       0.89939999999999998        3.9399999999999998E-002   5.4800000000000001E-002
   78.000000000000000       0.12933329918835490        6.4000000000000003E-003   0.0000000000000000       0.89939999999999998        3.8399999999999997E-002   5.5800000000000002E-002
   79.000000000000000       0.12736778971538618        6.4000000000000003E-003   0.0000000000000000       0.89939999999999998        3.7800000000000000E-002   5.6399999999999999E-002
   80.000000000000000       0.11898595848150387        6.4000000000000003E-003   0.0000000000000000       0.89939999999999998        3.7800000000000000E-002   5.6399999999999999E-002
   81.000000000000000       0.10414052860371846        6.4000000000000003E-003   0.0000000000000000       0.89939999999999998        3.7600000000000001E-002   5.6599999999999998E-002
   82.000000000000000        8.2723183512980636E-002   6.4000000000000003E-003   0.0000000000000000       0.89939999999999998        3.7600000000000001E-002   5.6599999999999998E-002
   83.000000000000000        5.7551818131007904E-002   6.1999999999999998E-003   0.0000000000000000       0.89939999999999998        3.6999999999999998E-002   5.7400000000000000E-002
   84.000000000000000        2.7005603355823062E-002   6.1999999999999998E-003   1.7200000000000000E-002  0.88219999999999998        3.6999999999999998E-002   5.7400000000000000E-002
   85.000000000000000        7.4245955815343753E-004   4.4000000000000003E-003   1.7600000000000001E-002  0.87319999999999998        3.7400000000000003E-002   6.7400000000000002E-002
   86.000000000000000       -3.7400982791378039E-003   4.5999999999999999E-003   1.7600000000000001E-002  0.87180000000000002        3.6799999999999999E-002   6.9199999999999998E-002
   87.000000000000000       -8.0392354545936601E-003   8.6000000000000000E-003   1.3599999999999999E-002  0.87139999999999995        3.6799999999999999E-002   6.9599999999999995E-002
   88.000000000000000       -1.2627711084503852E-002   8.6000000000000000E-003   1.4200000000000001E-002  0.87019999999999997        3.7400000000000003E-002   6.9599999999999995E-002
   89.000000000000000       -1.4444144358784355E-002   8.2000000000000007E-003   1.3400000000000000E-002  0.86760000000000004        3.8600000000000002E-002   7.2200000000000000E-002
   90.000000000000000       -1.7087106051789265E-002   8.2000000000000007E-003   1.3400000000000000E-002  0.86760000000000004        3.8600000000000002E-002   7.2200000000000000E-002
   91.000000000000000       -1.8626811909478579E-002   8.2000000000000007E-003   1.5400000000000000E-002  0.86460000000000004        3.8600000000000002E-002   7.3200000000000001E-002
   92.000000000000000       -1.7868361141162539E-002   8.2000000000000007E-003   1.6199999999999999E-002  0.86380000000000001        3.8600000000000002E-002   7.3200000000000001E-002
   93.000000000000000       -1.2630900255327839E-002   7.6000000000000000E-003   1.4600000000000000E-002  0.86480000000000001        3.8399999999999997E-002   7.4600000000000000E-002
   94.000000000000000       -5.6759385707246916E-003   7.7999999999999996E-003   1.4200000000000001E-002  0.86439999999999995        3.7199999999999997E-002   7.6399999999999996E-002
   95.000000000000000        8.5385794623634229E-004   7.7999999999999996E-003   1.4200000000000001E-002  0.86439999999999995        3.6999999999999998E-002   7.6600000000000001E-002
   96.000000000000000        6.5211407777932377E-003   8.0000000000000002E-003   1.4400000000000000E-002  0.86299999999999999        3.7800000000000000E-002   7.6799999999999993E-002
   97.000000000000000        1.0130874427709585E-002   8.0000000000000002E-003   1.4600000000000000E-002  0.86160000000000003        3.8800000000000001E-002   7.6999999999999999E-002
   98.000000000000000        1.1671807799595552E-002   6.4000000000000003E-003   1.6199999999999999E-002  0.86140000000000005        3.7800000000000000E-002   7.8200000000000006E-002
   99.000000000000000        1.1323424724590577E-002   6.0000000000000001E-003   1.4600000000000000E-002  0.85999999999999999        4.0399999999999998E-002   7.9000000000000001E-002
   100.00000000000000        7.0279298147385601E-003   6.0000000000000001E-003   1.4600000000000000E-002  0.85999999999999999        4.0399999999999998E-002   7.9000000000000001E-002
   101.00000000000000        1.1175674375800242E-003   6.0000000000000001E-003   1.3200000000000000E-002  0.85899999999999999        4.0399999999999998E-002   8.1400000000000000E-002
   102.00000000000000       -8.7491987094588629E-003   1.1599999999999999E-002   7.6000000000000000E-003  0.85840000000000005        3.9800000000000002E-002   8.2600000000000007E-002
   103.00000000000000       -2.1394485380770628E-002   1.1599999999999999E-002   7.6000000000000000E-003  0.85840000000000005        3.9800000000000002E-002   8.2600000000000007E-002
   104.00000000000000       -3.5741884030365344E-002   1.1599999999999999E-002   3.8000000000000000E-003  0.86219999999999997        3.6200000000000003E-002   8.6199999999999999E-002
   105.00000000000000       -2.4742788282472124E-002   1.1400000000000000E-002   3.8000000000000000E-003  0.86219999999999997        3.6400000000000002E-002   8.6199999999999999E-002
   106.00000000000000        1.8282471245821826E-002   1.1400000000000000E-002   3.8000000000000000E-003  0.86219999999999997        3.6400000000000002E-002   8.6199999999999999E-002
   107.00000000000000        7.6860456847529290E-002   1.1400000000000000E-002   3.8000000000000000E-003  0.56820000000000004       0.32740000000000002        8.9200000000000002E-002
   108.00000000000000        9.5611636447899453E-002   1.0999999999999999E-002   4.1999999999999997E-003  0.56140000000000001       0.32719999999999999        9.6199999999999994E-002
   109.00000000000000        9.5102902227435643E-002   1.0999999999999999E-002   4.1999999999999997E-003  0.56299999999999994       0.40920000000000001        1.2600000000000000E-002
   110.00000000000000        9.9434136326078268E-002   1.0999999999999999E-002   4.1999999999999997E-003  0.52180000000000004       0.45040000000000002        1.2600000000000000E-002
   111.00000000000000        8.3510617565390050E-002   1.0600000000000000E-002   4.5999999999999999E-003  0.52280000000000004       0.44940000000000002        1.2600000000000000E-002
   112.00000000000000        6.6760798775447286E-002   1.0600000000000000E-002   4.5999999999999999E-003  0.52459999999999996       0.44760000000000000        1.2600000000000000E-002
   113.00000000000000        5.4360448237421886E-002   1.0600000000000000E-002   4.5999999999999999E-003  0.49099999999999999       0.48120000000000002        1.2600000000000000E-002
   114.00000000000000        3.7126789706913417E-002   1.0600000000000000E-002   4.5999999999999999E-003  0.48880000000000001       0.48340000000000000        1.2600000000000000E-002
   115.00000000000000        2.1574892019937085E-002   9.5999999999999992E-003   5.5999999999999999E-003  0.48899999999999999       0.48320000000000002        1.2600000000000000E-002
   116.00000000000000        8.5785611400567841E-003   9.1999999999999998E-003   6.0000000000000001E-003  0.48899999999999999       0.48320000000000002        1.2600000000000000E-002
   117.00000000000000       -3.4592978635561160E-003   7.4000000000000003E-003   7.7999999999999996E-003  0.48899999999999999       0.48320000000000002        1.2600000000000000E-002
   118.00000000000000       -1.6309392410566368E-002   6.1999999999999998E-003   8.9999999999999993E-003  0.48859999999999998       0.48359999999999997        1.2600000000000000E-002
   119.00000000000000       -1.9955455101560125E-002   6.0000000000000001E-003   9.1999999999999998E-003  0.48820000000000002       0.48399999999999999        1.2600000000000000E-002
   120.00000000000000       -2.7526254983462811E-002   6.1999999999999998E-003   8.9999999999999993E-003  0.48859999999999998       0.48359999999999997        1.2600000000000000E-002
   121.00000000000000       -3.0149766022849106E-002   6.1999999999999998E-003   8.9999999999999993E-003  0.48480000000000001       0.30559999999999998       0.19439999999999999     
   122.00000000000000       -3.9823261276924447E-002   6.1999999999999998E-003   8.9999999999999993E-003  0.27339999999999998       0.52380000000000004       0.18759999999999999     
   123.00000000000000       -5.9739185544499161E-002   6.1999999999999998E-003   8.9999999999999993E-003  0.27339999999999998       0.52320000000000000       0.18820000000000001     
   124.00000000000000       -6.6581530663149452E-002   1.5200000000000000E-002   0.0000000000000000       0.27339999999999998       0.44000000000000000       0.27139999999999997     
   125.00000000000000       -7.2512005923685147E-002   1.5200000000000000E-002   0.0000000000000000       0.27339999999999998       0.43059999999999998       0.28079999999999999     
   126.00000000000000       -7.6608990914834293E-002   1.4600000000000000E-002   0.0000000000000000       0.27339999999999998       0.43259999999999998       0.27939999999999998     
   127.00000000000000       -7.4027632435456334E-002   1.4400000000000000E-002   0.0000000000000000       0.27339999999999998       0.40999999999999998       0.30220000000000002     
   128.00000000000000       -6.9360728612881145E-002   1.4200000000000001E-002   0.0000000000000000       0.27020000000000000       0.41360000000000002       0.30199999999999999     
   129.00000000000000       -5.6707892614546028E-002   1.4000000000000000E-002   0.0000000000000000       0.25700000000000001       0.42140000000000000       0.30759999999999998     
   130.00000000000000       -3.7062134122320414E-002   1.4000000000000000E-002   0.0000000000000000       0.25700000000000001       0.41880000000000001       0.31019999999999998     
   131.00000000000000       -1.4749001562996217E-002   1.4000000000000000E-002   0.0000000000000000       0.25459999999999999       0.41880000000000001       0.31259999999999999     
   132.00000000000000        6.8232041482746419E-003   1.3800000000000000E-002   0.0000000000000000       0.25400000000000000       0.41959999999999997       0.31259999999999999     
   133.00000000000000        2.8216895934029464E-002   1.3599999999999999E-002   0.0000000000000000       0.25400000000000000       0.41940000000000000       0.31300000000000000     
   134.00000000000000        5.0900842611451114E-002   1.3599999999999999E-002   0.0000000000000000       0.24920000000000000       0.42140000000000000       0.31580000000000003     
   135.00000000000000        7.2138938152244578E-002   1.2999999999999999E-002   0.0000000000000000       0.24720000000000000       0.42020000000000002       0.31960000000000000     
   136.00000000000000        9.2654131856063443E-002   1.2999999999999999E-002   0.0000000000000000       0.24600000000000000       0.42040000000000000       0.32060000000000000     
   137.00000000000000       0.11288313833400757        1.2800000000000001E-002   0.0000000000000000       0.24560000000000001       0.41660000000000003       0.32500000000000001     
   138.00000000000000       0.13227514626885073        1.2800000000000001E-002   0.0000000000000000       0.24560000000000001       0.40539999999999998       0.33620000000000000     
   139.00000000000000       0.14937011113872808        1.2800000000000001E-002   0.0000000000000000       0.24279999999999999       0.40639999999999998       0.33800000000000002     
   140.00000000000000       0.16536936953621517        1.2400000000000000E-002   0.0000000000000000       0.24279999999999999       0.40799999999999997       0.33679999999999999     
   141.00000000000000       0.18110285558421263        1.2000000000000000E-002   0.0000000000000000       0.23899999999999999       0.40939999999999999       0.33960000000000001     
   142.00000000000000       0.19652527041751289        1.1400000000000000E-002   0.0000000000000000       0.23899999999999999       0.39060000000000000       0.35899999999999999     
   143.00000000000000       0.20939067798450567        1.1400000000000000E-002   0.0000000000000000       0.23740000000000000       0.39560000000000001       0.35560000000000003     
   144.00000000000000       0.22186340420951356        1.1400000000000000E-002   0.0000000000000000       0.23360000000000000       0.39939999999999998       0.35560000000000003     
   145.00000000000000       0.23374560458721833        1.1200000000000000E-002   0.0000000000000000       0.23360000000000000       0.38700000000000001       0.36820000000000003     
   146.00000000000000       0.24428237440664635        1.0999999999999999E-002   0.0000000000000000       0.23340000000000000       0.38940000000000002       0.36620000000000003     
   147.00000000000000       0.25359571871580799        1.0999999999999999E-002   0.0000000000000000       0.23340000000000000       0.38940000000000002       0.36620000000000003     
   148.00000000000000       0.26262175880418170        1.0999999999999999E-002   0.0000000000000000       0.23080000000000001       0.38960000000000000       0.36859999999999998     
   149.00000000000000       0.27174055685248499        1.0999999999999999E-002   0.0000000000000000       0.21720000000000000       0.40120000000000000       0.37059999999999998     
   150.00000000000000       0.27795585315693527        1.0999999999999999E-002   0.0000000000000000       0.21720000000000000       0.40139999999999998       0.37040000000000001     
   151.00000000000000       0.28371373501319230        0.0000000000000000        1.0800000000000001E-002  0.21600000000000000       0.39979999999999999       0.37340000000000001     
   152.00000000000000       0.28691178202176248        0.0000000000000000        1.0600000000000000E-002  0.21620000000000000       0.40000000000000002       0.37319999999999998     
   153.00000000000000       0.29052599423072228        0.0000000000000000        1.0600000000000000E-002  0.20460000000000000       0.41139999999999999       0.37340000000000001     
   154.00000000000000       0.29199812080574367        0.0000000000000000        1.0400000000000000E-002  0.19880000000000000       0.41639999999999999       0.37440000000000001     
   155.00000000000000       0.29144460348548218        0.0000000000000000        1.0200000000000001E-002  0.19880000000000000       0.41620000000000001       0.37480000000000002     
   156.00000000000000       0.28985097696180451        0.0000000000000000        1.0200000000000001E-002  0.19420000000000001       0.42080000000000001       0.37480000000000002     
   157.00000000000000       0.28698568367769406        0.0000000000000000        1.0200000000000001E-002  0.19120000000000001       0.42380000000000001       0.37480000000000002     
   158.00000000000000       0.28316234756108305        0.0000000000000000        9.7999999999999997E-003  0.18459999999999999       0.42659999999999998       0.37900000000000000     
   159.00000000000000       0.27996218732683237        0.0000000000000000        9.5999999999999992E-003  0.17180000000000001       0.42620000000000002       0.39240000000000003     
   160.00000000000000       0.27255705431404326        0.0000000000000000        9.1999999999999998E-003  0.17180000000000001       0.42720000000000002       0.39179999999999998     
   161.00000000000000       0.26587447165888117        0.0000000000000000        8.8000000000000005E-003  0.17219999999999999       0.41299999999999998       0.40600000000000003     
   162.00000000000000       0.25666603826676693        2.0000000000000001E-004   8.6000000000000000E-003  0.17100000000000001       0.41720000000000002       0.40300000000000002     
   163.00000000000000       0.24778633689511145        2.0000000000000001E-004   8.6000000000000000E-003  0.17019999999999999       0.41920000000000002       0.40179999999999999     
   164.00000000000000       0.23870932736914152        2.0000000000000001E-004   8.2000000000000007E-003  0.17060000000000000       0.41699999999999998       0.40400000000000003     
   165.00000000000000       0.22983281411099521        2.0000000000000001E-004   8.2000000000000007E-003  0.17040000000000000       0.41539999999999999       0.40579999999999999     
   166.00000000000000       0.22072190633595545        2.0000000000000001E-004   8.0000000000000002E-003  0.16900000000000001       0.41060000000000002       0.41220000000000001     
   167.00000000000000       0.21257757439905645        2.0000000000000001E-004   8.0000000000000002E-003  0.16400000000000001       0.41180000000000000       0.41599999999999998     
   168.00000000000000       0.20312451838064466        4.0000000000000002E-004   7.7999999999999996E-003  0.16120000000000001       0.41680000000000000       0.41380000000000000     
   169.00000000000000       0.19275576016935247        4.0000000000000002E-004   7.7999999999999996E-003  0.16120000000000001       0.41780000000000000       0.41280000000000000     
   170.00000000000000       0.18269805154101526        4.0000000000000002E-004   7.7999999999999996E-003  0.15959999999999999       0.41940000000000000       0.41280000000000000     
   171.00000000000000       0.17165565623820092        4.0000000000000002E-004   7.7999999999999996E-003  0.15920000000000001       0.42020000000000002       0.41239999999999999     
   172.00000000000000       0.16251540635658532        4.0000000000000002E-004   6.7999999999999996E-003  0.15980000000000000       0.40560000000000002       0.42740000000000000     
   173.00000000000000       0.15692350185051415        4.0000000000000002E-004   6.7999999999999996E-003  0.15980000000000000       0.40579999999999999       0.42720000000000002     
   174.00000000000000       0.15241286743119389        4.0000000000000002E-004   6.7999999999999996E-003  0.15980000000000000       0.40320000000000000       0.42980000000000002     
   175.00000000000000       0.14796137193417769        4.0000000000000002E-004   6.7999999999999996E-003  0.15980000000000000       0.40100000000000002       0.43200000000000000     
   176.00000000000000       0.14412669898706817        4.0000000000000002E-004   6.7999999999999996E-003  0.15980000000000000       0.39500000000000002       0.43800000000000000     
   177.00000000000000       0.14057927586513394        4.0000000000000002E-004   6.6000000000000000E-003  0.15980000000000000       0.39200000000000002       0.44119999999999998     
   178.00000000000000       0.13709023015059341        4.0000000000000002E-004   6.6000000000000000E-003  0.15980000000000000       0.38960000000000000       0.44359999999999999     
   179.00000000000000       0.13394643893825764        4.0000000000000002E-004   6.6000000000000000E-003  0.15980000000000000       0.38919999999999999       0.44400000000000001     
   180.00000000000000       0.13152099160103345        4.0000000000000002E-004   6.6000000000000000E-003  0.15980000000000000       0.38719999999999999       0.44600000000000001     
   181.00000000000000       0.12945946999056504        4.0000000000000002E-004   6.6000000000000000E-003  0.15980000000000000       0.38719999999999999       0.44600000000000001     
   182.00000000000000       0.12922963136866517        4.0000000000000002E-004   6.6000000000000000E-003  0.15980000000000000       0.37880000000000003       0.45440000000000003     
   183.00000000000000       0.12850871633983429        2.0000000000000001E-004   8.5599999999999996E-002   8.0799999999999997E-002  0.37180000000000002       0.46160000000000001     
   184.00000000000000       0.13530551962181919        0.0000000000000000        8.5599999999999996E-002   8.0600000000000005E-002  0.36459999999999998       0.46920000000000001     
   185.00000000000000       0.14180835118024507        0.0000000000000000        8.5599999999999996E-002   8.0600000000000005E-002  0.36459999999999998       0.46920000000000001     
   186.00000000000000       0.14954277737979224        5.5999999999999999E-003   7.9600000000000004E-002   8.0399999999999999E-002  0.36499999999999999       0.46939999999999998     
   187.00000000000000       0.16524763651509594        4.4000000000000003E-003   7.5399999999999995E-002   8.0600000000000005E-002  0.36320000000000002       0.47639999999999999     
   188.00000000000000       0.18472836002257151        4.4000000000000003E-003   6.9000000000000006E-002   7.7399999999999997E-002  0.36380000000000001       0.48540000000000000     
   189.00000000000000       0.20131362429591471        4.0000000000000001E-003   6.9400000000000003E-002   7.6799999999999993E-002  0.36059999999999998       0.48920000000000002     
   190.00000000000000       0.21871497241612942        4.0000000000000001E-003   6.9400000000000003E-002   7.2800000000000004E-002  0.36020000000000002       0.49359999999999998     
   191.00000000000000       0.23470584625258742        3.5999999999999999E-003   6.9800000000000001E-002   7.1599999999999997E-002  0.36140000000000000       0.49359999999999998     
   192.00000000000000       0.25006125316645600        3.3999999999999998E-003   6.9000000000000006E-002   7.1199999999999999E-002  0.36240000000000000       0.49399999999999999     
   193.00000000000000       0.26407662754129763        3.2000000000000002E-003   6.7799999999999999E-002   7.1599999999999997E-002  0.36320000000000002       0.49419999999999997     
   194.00000000000000       0.27897138585023540        3.2000000000000002E-003   6.4600000000000005E-002   6.8000000000000005E-002  0.36780000000000002       0.49640000000000001     
   195.00000000000000       0.29032753415874124        3.2000000000000002E-003   6.3399999999999998E-002   6.7599999999999993E-002  0.36959999999999998       0.49619999999999997     
   196.00000000000000       0.30114918137151886        3.2000000000000002E-003   6.3200000000000006E-002   6.3399999999999998E-002  0.37140000000000001       0.49880000000000002     
   197.00000000000000       0.30968527825525649        3.0000000000000001E-003   6.3600000000000004E-002   5.9400000000000001E-002  0.37419999999999998       0.49980000000000002     
   198.00000000000000       0.31697765367448205        2.5999999999999999E-003   6.2199999999999998E-002   5.9400000000000001E-002  0.36480000000000001       0.51100000000000001     
   199.00000000000000       0.32109609983190757        2.3999999999999998E-003   6.0199999999999997E-002   6.0999999999999999E-002  0.36540000000000000       0.51100000000000001     
   200.00000000000000       0.32263095251734208        2.3999999999999998E-003   5.9799999999999999E-002   6.1400000000000003E-002  0.36580000000000001       0.51060000000000005     
   201.00000000000000       0.32218057478567586        2.2000000000000001E-003   5.9999999999999998E-002   5.9799999999999999E-002  0.36599999999999999       0.51200000000000001     
   202.00000000000000       0.32117412543013230        2.2000000000000001E-003   5.8000000000000003E-002   5.9799999999999999E-002  0.36120000000000002       0.51880000000000004     
   203.00000000000000       0.31717099716896296        1.8000000000000000E-003   5.8200000000000002E-002   5.7000000000000002E-002  0.36159999999999998       0.52139999999999997     
   204.00000000000000       0.31005438644975664        1.6000000000000001E-003   5.7799999999999997E-002   5.7000000000000002E-002  0.36220000000000002       0.52139999999999997     
   205.00000000000000       0.30158294186185097        2.5999999999999999E-003   5.6599999999999998E-002   5.7400000000000000E-002  0.36199999999999999       0.52139999999999997     
   206.00000000000000       0.29338655897821320        2.5999999999999999E-003   5.6599999999999998E-002   5.6000000000000001E-002  0.36340000000000000       0.52139999999999997     
   207.00000000000000       0.28522676543016073        2.5999999999999999E-003   5.6599999999999998E-002   5.6599999999999998E-002  0.36280000000000001       0.52139999999999997     
   208.00000000000000       0.27655454026571963        2.5999999999999999E-003   5.6599999999999998E-002   5.7599999999999998E-002  0.36180000000000001       0.52139999999999997     
   209.00000000000000       0.26401919420169895        2.5999999999999999E-003   5.6599999999999998E-002   5.6599999999999998E-002  0.36040000000000000       0.52380000000000004     
   210.00000000000000       0.26557882024624907        2.5999999999999999E-003   1.0000000000000000E-003  0.11320000000000000       0.35680000000000001       0.52639999999999998     
   211.00000000000000       0.26099784070440124        2.5999999999999999E-003   1.4000000000000000E-003  0.11320000000000000       0.35639999999999999       0.52639999999999998     
   212.00000000000000       0.25720899746490422        2.5999999999999999E-003   1.4000000000000000E-003  0.11799999999999999       0.35160000000000002       0.52639999999999998     
   213.00000000000000       0.25427909085732059        2.3999999999999998E-003   1.4000000000000000E-003  0.11740000000000000       0.35180000000000000       0.52700000000000002     
   214.00000000000000       0.25067125153374520        2.3999999999999998E-003   1.4000000000000000E-003  0.11600000000000001       0.35180000000000000       0.52839999999999998     
   215.00000000000000       0.24381131488311852        2.2000000000000001E-003   1.4000000000000000E-003  0.11600000000000001       0.35199999999999998       0.52839999999999998     
   216.00000000000000       0.23327410397663143        2.2000000000000001E-003   1.1999999999999999E-003  0.11540000000000000       0.35199999999999998       0.52920000000000000     
