#        BMIN =   404
#        BMAX =   408
#     INIBAND =   406
#      NBANDS =   540
#         NSW =  2000
#       POTIM =   1.0
#        TEMP = 300.0
#    NAMDTINI =   217
#    NAMDTIME =  1000
#       NTRAJ =  5000
#        NELM =  1000
#       LHOLE =     T
#        LSHP =     T
#      LCPTXT =     T
#      RUNDIR = ../../run/
   1.0000000000000000       -8.3605960500167054E-002   0.0000000000000000        0.0000000000000000        1.0000000000000000        0.0000000000000000        0.0000000000000000     
   2.0000000000000000       -6.7452277761533966E-002   0.0000000000000000        0.0000000000000000       0.99980000000000002        2.0000000000000001E-004   0.0000000000000000     
   3.0000000000000000       -5.0776135124807741E-002   0.0000000000000000        0.0000000000000000       0.99980000000000002        2.0000000000000001E-004   0.0000000000000000     
   4.0000000000000000       -3.4061857869369473E-002   0.0000000000000000        0.0000000000000000       0.99960000000000004        2.0000000000000001E-004   2.0000000000000001E-004
   5.0000000000000000       -1.7727706246463852E-002   0.0000000000000000        0.0000000000000000       0.99960000000000004        2.0000000000000001E-004   2.0000000000000001E-004
   6.0000000000000000       -2.3176658754650850E-003   0.0000000000000000        0.0000000000000000       0.99919999999999998        2.0000000000000001E-004   5.9999999999999995E-004
   7.0000000000000000        1.1324795731078387E-002   0.0000000000000000        0.0000000000000000       0.99919999999999998        2.0000000000000001E-004   5.9999999999999995E-004
   8.0000000000000000        2.3817305921873654E-002   0.0000000000000000        0.0000000000000000       0.99919999999999998        2.0000000000000001E-004   5.9999999999999995E-004
   9.0000000000000000        3.4016739121677061E-002   0.0000000000000000        0.0000000000000000       0.99919999999999998        2.0000000000000001E-004   5.9999999999999995E-004
   10.000000000000000        4.2646840996189608E-002   0.0000000000000000        0.0000000000000000       0.99880000000000002        4.0000000000000002E-004   8.0000000000000004E-004
   11.000000000000000        4.9031912245218613E-002   0.0000000000000000        0.0000000000000000       0.99819999999999998        4.0000000000000002E-004   1.4000000000000000E-003
   12.000000000000000        5.3674665666416585E-002   0.0000000000000000        0.0000000000000000       0.99800000000000000        5.9999999999999995E-004   1.4000000000000000E-003
   13.000000000000000        5.7268515979655370E-002   0.0000000000000000        0.0000000000000000       0.99780000000000002        8.0000000000000004E-004   1.4000000000000000E-003
   14.000000000000000        6.0624305457209184E-002   0.0000000000000000        0.0000000000000000       0.99780000000000002        8.0000000000000004E-004   1.4000000000000000E-003
   15.000000000000000        6.4247017183996516E-002   0.0000000000000000        0.0000000000000000       0.99780000000000002        5.9999999999999995E-004   1.6000000000000001E-003
   16.000000000000000        6.9434437091228360E-002   0.0000000000000000        0.0000000000000000       0.99760000000000004        5.9999999999999995E-004   1.8000000000000000E-003
   17.000000000000000        7.5352777706949037E-002   0.0000000000000000        0.0000000000000000       0.99739999999999995        5.9999999999999995E-004   2.0000000000000000E-003
   18.000000000000000        8.1673862585617360E-002   0.0000000000000000        0.0000000000000000       0.99739999999999995        5.9999999999999995E-004   2.0000000000000000E-003
   19.000000000000000        8.8916530854370540E-002   0.0000000000000000        0.0000000000000000       0.99700000000000000        5.9999999999999995E-004   2.3999999999999998E-003
   20.000000000000000        9.4834351441555012E-002   0.0000000000000000        0.0000000000000000       0.99700000000000000        5.9999999999999995E-004   2.3999999999999998E-003
   21.000000000000000        9.9958655058044854E-002   0.0000000000000000        0.0000000000000000       0.99539999999999995        2.2000000000000001E-003   2.3999999999999998E-003
   22.000000000000000       0.10426933660972308        0.0000000000000000        0.0000000000000000       0.98740000000000006        1.0200000000000001E-002   2.3999999999999998E-003
   23.000000000000000        9.8243911626015631E-002   0.0000000000000000        0.0000000000000000       0.98719999999999997        1.0000000000000000E-002   2.8000000000000000E-003
   24.000000000000000        7.5144332283280532E-002   0.0000000000000000       0.20840000000000000       0.77920000000000000        9.5999999999999992E-003   2.8000000000000000E-003
   25.000000000000000        7.3903167311978143E-002   0.0000000000000000       0.20920000000000000       0.77880000000000005        9.1999999999999998E-003   2.8000000000000000E-003
   26.000000000000000        8.4602341858177818E-002   0.0000000000000000       0.20300000000000001       0.77580000000000005        1.8400000000000000E-002   2.8000000000000000E-003
   27.000000000000000        8.3111611088922746E-002   0.0000000000000000       0.20319999999999999       0.77559999999999996        1.8400000000000000E-002   2.8000000000000000E-003
   28.000000000000000        7.4362232550825580E-002   0.0000000000000000       0.20319999999999999       0.77520000000000000        1.8400000000000000E-002   3.2000000000000002E-003
   29.000000000000000        6.3748164963965875E-002   0.0000000000000000       0.20340000000000000       0.77500000000000002        1.8400000000000000E-002   3.2000000000000002E-003
   30.000000000000000        4.8432517196789288E-002   0.0000000000000000       0.20380000000000001       0.77459999999999996        1.8400000000000000E-002   3.2000000000000002E-003
   31.000000000000000        3.7831261146193576E-002   0.0000000000000000       0.20399999999999999       0.77220000000000000        1.8200000000000001E-002   5.5999999999999999E-003
   32.000000000000000        3.1297442256499872E-002   0.0000000000000000       0.20180000000000001        1.0000000000000000E-003  0.79159999999999997        5.5999999999999999E-003
   33.000000000000000        1.6301955443141579E-002   0.0000000000000000       0.20019999999999999        1.0000000000000000E-003  0.79320000000000002        5.5999999999999999E-003
   34.000000000000000        9.3219355459536399E-003   0.0000000000000000       0.19919999999999999        1.0000000000000000E-003  0.79400000000000004        5.7999999999999996E-003
   35.000000000000000        2.8861191598924785E-003   0.0000000000000000       0.19919999999999999        4.0000000000000001E-003  0.79059999999999997        6.1999999999999998E-003
   36.000000000000000       -1.0710880175882767E-002   0.0000000000000000       0.19919999999999999        1.0000000000000000E-003  0.79079999999999995        8.9999999999999993E-003
   37.000000000000000       -2.3788381380812039E-002   0.0000000000000000       0.19919999999999999        2.0000000000000000E-002  0.77180000000000004        8.9999999999999993E-003
   38.000000000000000       -3.2398680991239777E-002   0.0000000000000000       0.19919999999999999        6.6600000000000006E-002  0.72519999999999996        8.9999999999999993E-003
   39.000000000000000       -3.2828744659455539E-002   0.0000000000000000       0.19919999999999999        7.0999999999999994E-002  0.72080000000000000        8.9999999999999993E-003
   40.000000000000000       -2.8962256711775991E-002   1.9599999999999999E-002  0.17960000000000001        6.6600000000000006E-002  0.72519999999999996        8.9999999999999993E-003
   41.000000000000000       -1.7117922766479637E-002   1.9599999999999999E-002  0.17840000000000000        7.5399999999999995E-002  0.71760000000000002        8.9999999999999993E-003
   42.000000000000000        1.0045496242592341E-003   1.9199999999999998E-002  0.17640000000000000        7.8600000000000003E-002  0.71560000000000001        1.0200000000000001E-002
   43.000000000000000        2.1933126333047493E-002   1.4800000000000001E-002  0.17879999999999999        8.2600000000000007E-002  0.71260000000000001        1.1200000000000000E-002
   44.000000000000000        3.8470481192003636E-002   1.4200000000000001E-002  0.17740000000000000        8.6800000000000002E-002  0.71040000000000003        1.1200000000000000E-002
   45.000000000000000        3.9119000050009595E-002   1.4200000000000001E-002  0.17699999999999999        7.9799999999999996E-002  0.71779999999999999        1.1200000000000000E-002
   46.000000000000000        4.5205642495789712E-002   1.4200000000000001E-002  0.17660000000000001        7.7399999999999997E-002  0.72019999999999995        1.1599999999999999E-002
   47.000000000000000        8.9672370428776377E-002   1.1599999999999999E-002  0.17899999999999999        7.8399999999999997E-002  0.71940000000000004        1.1599999999999999E-002
   48.000000000000000       0.12901556680084722        9.7999999999999997E-003  0.17799999999999999        8.0399999999999999E-002  0.71999999999999997        1.1800000000000000E-002
   49.000000000000000       0.16637652770724545        7.6000000000000000E-003  0.18020000000000000        7.2800000000000004E-002  0.72699999999999998        1.2400000000000000E-002
   50.000000000000000       0.17203239364418191        7.6000000000000000E-003  0.18020000000000000        6.8199999999999997E-002  0.73099999999999998        1.2999999999999999E-002
   51.000000000000000       0.18866831142694251        1.0400000000000000E-002  0.17680000000000001        6.9000000000000006E-002  0.73080000000000001        1.2999999999999999E-002
   52.000000000000000       0.10929733609865516        0.0000000000000000       0.16280000000000000        7.6999999999999999E-002  0.72260000000000002        3.7600000000000001E-002
   53.000000000000000        1.1757468606895651        4.0000000000000002E-004  0.16059999999999999        7.4399999999999994E-002  0.48380000000000001       0.28079999999999999     
   54.000000000000000       0.67828719528167514        4.0000000000000002E-004  0.16059999999999999        7.4200000000000002E-002  0.48399999999999999       0.28079999999999999     
   55.000000000000000       0.67756088636269129        4.0000000000000002E-004  0.15959999999999999        7.4800000000000005E-002  0.48440000000000000       0.28079999999999999     
   56.000000000000000       0.70261214757624058        8.0000000000000004E-004  0.15880000000000000        5.3400000000000003E-002  0.41799999999999998       0.36899999999999999     
   57.000000000000000       0.37324477740862261        8.0000000000000004E-004  0.15880000000000000        5.2800000000000000E-002  0.41599999999999998       0.37159999999999999     
   58.000000000000000       0.38508671172634479        8.0000000000000004E-004  0.15880000000000000        5.2800000000000000E-002  0.41599999999999998       0.37159999999999999     
   59.000000000000000       0.39601095661632757        8.0000000000000004E-004  0.15880000000000000        5.2800000000000000E-002  0.39660000000000001       0.39100000000000001     
   60.000000000000000       0.40175177215227453        8.0000000000000004E-004  0.15880000000000000        5.1600000000000000E-002  0.38760000000000000       0.40120000000000000     
   61.000000000000000       0.40415308991401477        8.0000000000000004E-004  0.15880000000000000        4.9599999999999998E-002  0.38900000000000001       0.40179999999999999     
   62.000000000000000       0.40304437784236880        8.0000000000000004E-004  0.15880000000000000        4.9399999999999999E-002  0.38919999999999999       0.40179999999999999     
   63.000000000000000       0.39931216508620798        8.0000000000000004E-004  0.15880000000000000        4.9000000000000002E-002  0.39140000000000003       0.40000000000000002     
   64.000000000000000       0.39369395606602231        8.0000000000000004E-004  0.15880000000000000        4.9000000000000002E-002  0.38400000000000001       0.40739999999999998     
   65.000000000000000       0.38487422732900872        8.0000000000000004E-004  0.15880000000000000        4.9000000000000002E-002  0.38040000000000002       0.41099999999999998     
   66.000000000000000       0.37380427594548815        8.0000000000000004E-004  0.15880000000000000        4.8399999999999999E-002  0.38080000000000003       0.41120000000000001     
   67.000000000000000       0.36126825867613310        8.0000000000000004E-004  0.15880000000000000        4.7600000000000003E-002  0.37759999999999999       0.41520000000000001     
   68.000000000000000       0.34746259528734758        5.9999999999999995E-004  0.15880000000000000        4.6199999999999998E-002  0.37600000000000000       0.41839999999999999     
   69.000000000000000       0.33206279352268447        5.9999999999999995E-004  0.15880000000000000        4.5999999999999999E-002  0.37759999999999999       0.41699999999999998     
   70.000000000000000       0.31581043492864325        1.9199999999999998E-002  0.13980000000000001        4.6199999999999998E-002  0.37859999999999999       0.41620000000000001     
   71.000000000000000       0.30305911809821762        1.9199999999999998E-002  0.13539999999999999        4.5999999999999999E-002  0.38619999999999999       0.41320000000000001     
   72.000000000000000       0.28877102331763582        1.9199999999999998E-002  0.13539999999999999        4.4999999999999998E-002  0.37780000000000002       0.42259999999999998     
   73.000000000000000       0.27367424770898374        1.9199999999999998E-002  0.13539999999999999        4.4999999999999998E-002  0.37400000000000000       0.42640000000000000     
   74.000000000000000       0.25965854556717405        1.9199999999999998E-002  0.13480000000000000        4.4999999999999998E-002  0.37419999999999998       0.42680000000000001     
   75.000000000000000       0.24588450069100531        1.9199999999999998E-002  0.13400000000000001        4.4200000000000003E-002  0.37440000000000001       0.42820000000000003     
   76.000000000000000       0.23217323530655887        1.9199999999999998E-002  0.13300000000000001        4.4200000000000003E-002  0.37159999999999999       0.43200000000000000     
   77.000000000000000       0.21857565540120594        1.9199999999999998E-002  0.13300000000000001        4.4200000000000003E-002  0.36820000000000003       0.43540000000000001     
   78.000000000000000       0.20647167206609746        0.0000000000000000       0.15220000000000000        4.3600000000000000E-002  0.36899999999999999       0.43519999999999998     
   79.000000000000000       0.19707177339623130        0.0000000000000000       0.15220000000000000        4.2799999999999998E-002  0.37119999999999997       0.43380000000000002     
   80.000000000000000       0.19015821666036153        0.0000000000000000       0.15220000000000000        4.2799999999999998E-002  0.37219999999999998       0.43280000000000002     
   81.000000000000000       0.18632658300975763        0.0000000000000000       0.14080000000000001        5.3400000000000003E-002  0.35460000000000003       0.45119999999999999     
   82.000000000000000       0.18225396987551448        0.0000000000000000       0.13940000000000000        5.3400000000000003E-002  0.35380000000000000       0.45340000000000003     
   83.000000000000000       0.17747801619179154        0.0000000000000000       0.13940000000000000        5.3400000000000003E-002  0.34320000000000001       0.46400000000000002     
   84.000000000000000       0.17492061971012218        0.0000000000000000       0.13940000000000000        5.3400000000000003E-002  0.34200000000000003       0.46520000000000000     
   85.000000000000000       0.17358142594982584        0.0000000000000000       0.13940000000000000        5.3400000000000003E-002  0.33820000000000000       0.46899999999999997     
   86.000000000000000       0.17451617947993225        0.0000000000000000       0.13940000000000000        5.3400000000000003E-002  0.33820000000000000       0.46899999999999997     
   87.000000000000000       0.17684285842728087        0.0000000000000000       0.13940000000000000        5.3400000000000003E-002  0.33839999999999998       0.46879999999999999     
   88.000000000000000       0.18028346055283168        0.0000000000000000       0.13819999999999999        5.3400000000000003E-002  0.33939999999999998       0.46899999999999997     
   89.000000000000000       0.18592137844019219        0.0000000000000000       0.13819999999999999        5.3400000000000003E-002  0.33979999999999999       0.46860000000000002     
   90.000000000000000       0.19232076468272552        0.0000000000000000       0.13700000000000001        5.3400000000000003E-002  0.33820000000000000       0.47139999999999999     
   91.000000000000000       0.19990661491126488        0.0000000000000000       0.13619999999999999        5.3400000000000003E-002  0.33879999999999999       0.47160000000000002     
   92.000000000000000       0.20783799296472633        0.0000000000000000       0.13619999999999999        5.3400000000000003E-002  0.33939999999999998       0.47099999999999997     
   93.000000000000000       0.21657878851276247        0.0000000000000000       0.13619999999999999        5.3400000000000003E-002  0.33979999999999999       0.47060000000000002     
   94.000000000000000       0.22612905839475106        0.0000000000000000       0.13619999999999999        5.3400000000000003E-002  0.33839999999999998       0.47199999999999998     
   95.000000000000000       0.23619193687437209        0.0000000000000000       0.13619999999999999        5.3400000000000003E-002  0.33839999999999998       0.47199999999999998     
   96.000000000000000       0.24710104022136828        0.0000000000000000       0.13560000000000000        5.1999999999999998E-002  0.33979999999999999       0.47260000000000002     
   97.000000000000000       0.25668319438985632        0.0000000000000000       0.13560000000000000        5.1999999999999998E-002  0.33779999999999999       0.47460000000000002     
   98.000000000000000       0.26321995143564469        4.0000000000000002E-004  0.13260000000000000        5.3600000000000002E-002  0.33820000000000000       0.47520000000000001     
   99.000000000000000       0.27071525208553576        4.0000000000000002E-004  0.13220000000000001        5.2800000000000000E-002  0.33939999999999998       0.47520000000000001     
   100.00000000000000       0.28258720710041763        4.0000000000000002E-004  0.13180000000000000        5.1200000000000002E-002  0.33760000000000001       0.47899999999999998     
   101.00000000000000       0.29253383887698881        4.0000000000000002E-004  0.13159999999999999        5.1200000000000002E-002  0.33639999999999998       0.48039999999999999     
   102.00000000000000       0.30128443727713639        4.0000000000000002E-004  0.13100000000000001        5.0799999999999998E-002  0.33739999999999998       0.48039999999999999     
   103.00000000000000       0.30847315192675256        4.0000000000000002E-004  0.12700000000000000        5.4199999999999998E-002  0.33739999999999998       0.48099999999999998     
   104.00000000000000       0.31353208152649670        4.0000000000000002E-004  0.12720000000000001        5.3999999999999999E-002  0.33600000000000002       0.48240000000000000     
   105.00000000000000       0.31609256505944688        4.0000000000000002E-004  0.12720000000000001        5.3999999999999999E-002  0.33600000000000002       0.48240000000000000     
   106.00000000000000       0.31769199444864449        4.0000000000000002E-004  0.12420000000000000        5.6000000000000001E-002  0.33539999999999998       0.48399999999999999     
   107.00000000000000       0.31717858354925338        4.0000000000000002E-004  0.12220000000000000        5.6800000000000003E-002  0.33520000000000000       0.48540000000000000     
   108.00000000000000       0.31388505400528544        4.0000000000000002E-004  0.12180000000000001        5.7200000000000001E-002  0.33520000000000000       0.48540000000000000     
   109.00000000000000       0.30869602576911337        1.4000000000000000E-002  0.10760000000000000        5.7200000000000001E-002  0.33560000000000001       0.48559999999999998     
   110.00000000000000       0.30303333686071854        1.8800000000000001E-002  0.10199999999999999        5.7799999999999997E-002  0.33520000000000000       0.48620000000000002     
   111.00000000000000       0.29757483455952716        1.7800000000000000E-002  0.10280000000000000        5.5199999999999999E-002  0.33460000000000001       0.48959999999999998     
   112.00000000000000       0.29195925805858891        1.7800000000000000E-002   9.8400000000000001E-002   5.7400000000000000E-002  0.33479999999999999       0.49159999999999998     
   113.00000000000000       0.28438403149829145        1.7200000000000000E-002   9.7000000000000003E-002   5.7400000000000000E-002  0.33600000000000002       0.49240000000000000     
   114.00000000000000       0.27671342148104416        1.7200000000000000E-002   9.4799999999999995E-002   5.8799999999999998E-002  0.33260000000000001       0.49659999999999999     
   115.00000000000000       0.26693743498727857        1.6400000000000001E-002   9.4600000000000004E-002   5.9600000000000000E-002  0.33260000000000001       0.49680000000000002     
   116.00000000000000       0.25793644329063281        1.6400000000000001E-002   9.1200000000000003E-002   6.0400000000000002E-002  0.33400000000000002       0.49800000000000000     
   117.00000000000000       0.24919417623281670        1.6400000000000001E-002   8.7800000000000003E-002   6.3200000000000006E-002  0.33400000000000002       0.49859999999999999     
   118.00000000000000       0.23957299123044745        2.3999999999999998E-003  0.10080000000000000        6.3799999999999996E-002  0.33439999999999998       0.49859999999999999     
   119.00000000000000       0.23507699715213110        2.2000000000000001E-003   4.7000000000000000E-002  0.11680000000000000       0.33539999999999998       0.49859999999999999     
   120.00000000000000       0.22956655349460173        2.5999999999999999E-003   4.5999999999999999E-002  0.11680000000000000       0.33539999999999998       0.49919999999999998     
   121.00000000000000       0.22530229546821387        1.7399999999999999E-002   3.0599999999999999E-002  0.11680000000000000       0.33600000000000002       0.49919999999999998     
   122.00000000000000       0.22248088471432192        1.9000000000000000E-002   2.9000000000000001E-002  0.11680000000000000       0.33600000000000002       0.49919999999999998     
   123.00000000000000       0.22038165818238378        1.8800000000000001E-002   2.9000000000000001E-002  0.11700000000000001       0.32900000000000001       0.50619999999999998     
   124.00000000000000       0.21906698578944395        1.8800000000000001E-002   2.9000000000000001E-002  0.11400000000000000       0.32179999999999997       0.51639999999999997     
   125.00000000000000       0.22032422351533487        1.9800000000000002E-002   2.8000000000000001E-002  0.11440000000000000       0.32179999999999997       0.51600000000000001     
   126.00000000000000       0.22117903182202822        2.0000000000000000E-002   2.7799999999999998E-002  0.11480000000000000       0.32179999999999997       0.51559999999999995     
   127.00000000000000       0.21857009883065831        2.0199999999999999E-002   2.7600000000000000E-002  0.11459999999999999       0.32179999999999997       0.51580000000000004     
   128.00000000000000       0.21622770738882188        1.9800000000000002E-002   2.8000000000000001E-002  0.11459999999999999       0.32179999999999997       0.51580000000000004     
   129.00000000000000       0.20984231848469120        2.4000000000000000E-002   2.3800000000000002E-002  0.11459999999999999       0.32179999999999997       0.51580000000000004     
   130.00000000000000       0.20233190403169893        2.4000000000000000E-002   2.2800000000000001E-002  0.10680000000000001       0.33060000000000000       0.51580000000000004     
   131.00000000000000       0.19971891239578971        2.4000000000000000E-002   2.1600000000000001E-002  0.10680000000000001       0.33100000000000002       0.51659999999999995     
   132.00000000000000       0.19430174802158290        2.4000000000000000E-002   2.1200000000000000E-002  0.10680000000000001       0.33119999999999999       0.51680000000000004     
   133.00000000000000       0.19342239980936665        2.4000000000000000E-002   7.7999999999999996E-003  0.11860000000000000       0.32940000000000003       0.52020000000000000     
   134.00000000000000       0.19569078846369195        2.4000000000000000E-002   7.7999999999999996E-003  0.11860000000000000       0.32840000000000003       0.52120000000000000     
   135.00000000000000       0.20189320148731865        2.5200000000000000E-002   6.4000000000000003E-003  0.11860000000000000       0.32740000000000002       0.52239999999999998     
   136.00000000000000       0.20868683852546840        2.5200000000000000E-002   6.4000000000000003E-003  0.11620000000000000       0.32979999999999998       0.52239999999999998     
   137.00000000000000       0.21577327625631956        2.4799999999999999E-002   6.4000000000000003E-003  0.11700000000000001       0.32940000000000003       0.52239999999999998     
   138.00000000000000       0.22394695719275234        2.4600000000000000E-002   5.7999999999999996E-003  0.12400000000000000       0.32179999999999997       0.52380000000000004     
   139.00000000000000       0.23399852967056101        2.4199999999999999E-002   5.5999999999999999E-003  0.12700000000000000       0.31900000000000001       0.52420000000000000     
   140.00000000000000       0.24414895608661910        2.3599999999999999E-002   6.0000000000000001E-003  0.12239999999999999       0.32360000000000000       0.52439999999999998     
   141.00000000000000       0.25529651492479760        2.3599999999999999E-002   5.1999999999999998E-003  0.12280000000000001       0.32060000000000000       0.52780000000000005     
   142.00000000000000       0.26540322573805480        2.3599999999999999E-002   5.1999999999999998E-003  0.12280000000000001       0.32060000000000000       0.52780000000000005     
   143.00000000000000       0.27599886274269131        2.2800000000000001E-002   5.5999999999999999E-003  0.12300000000000000       0.31759999999999999       0.53100000000000003     
   144.00000000000000       0.28503276848795073        2.2400000000000000E-002   5.7999999999999996E-003  0.12320000000000000       0.31759999999999999       0.53100000000000003     
   145.00000000000000       0.29333672755107359        2.2400000000000000E-002   5.5999999999999999E-003  0.12340000000000000       0.31759999999999999       0.53100000000000003     
   146.00000000000000       0.30028043729845116        2.2400000000000000E-002   5.4000000000000003E-003  0.12340000000000000       0.31780000000000003       0.53100000000000003     
   147.00000000000000       0.30619279663507115        2.1999999999999999E-002   5.7999999999999996E-003  0.12300000000000000       0.31780000000000003       0.53139999999999998     
   148.00000000000000       0.31060371306623680        2.1999999999999999E-002   5.7999999999999996E-003  0.12300000000000000       0.31780000000000003       0.53139999999999998     
   149.00000000000000       0.31460979338630035        2.1999999999999999E-002   5.5999999999999999E-003  0.12300000000000000       0.31700000000000000       0.53239999999999998     
   150.00000000000000       0.31648293415330836        2.1999999999999999E-002   5.5999999999999999E-003  0.12239999999999999       0.31759999999999999       0.53239999999999998     
   151.00000000000000       0.31763946833161277        2.1800000000000000E-002   5.5999999999999999E-003  0.12239999999999999       0.31780000000000003       0.53239999999999998     
   152.00000000000000       0.31817525663153123        2.1399999999999999E-002   7.7999999999999996E-003  0.12039999999999999       0.31800000000000000       0.53239999999999998     
   153.00000000000000       0.31831059924490157        2.0600000000000000E-002   6.0000000000000001E-003  0.12180000000000001       0.31740000000000002       0.53420000000000001     
   154.00000000000000       0.31849180321318543        1.9400000000000001E-002   6.4000000000000003E-003  0.12239999999999999       0.31159999999999999       0.54020000000000001     
   155.00000000000000       0.31820692703205761        1.9000000000000000E-002   6.7999999999999996E-003  0.12239999999999999       0.30399999999999999       0.54779999999999995     
   156.00000000000000       0.31252622435571498        2.3800000000000002E-002   1.6000000000000001E-003  0.12280000000000001       0.46139999999999998       0.39040000000000002     
   157.00000000000000       0.31291360470718432        2.3000000000000000E-002   1.6000000000000001E-003  0.12340000000000000       0.46160000000000001       0.39040000000000002     
   158.00000000000000       0.31076625063177266        2.3000000000000000E-002   1.6000000000000001E-003  0.12300000000000000       0.49020000000000002       0.36220000000000002     
   159.00000000000000       0.30827609239319909        2.2599999999999999E-002   1.1999999999999999E-003  0.12340000000000000       0.46620000000000000       0.38660000000000000     
   160.00000000000000       0.30472483693585461        2.2599999999999999E-002   1.1999999999999999E-003  0.12340000000000000       0.46980000000000000       0.38300000000000001     
   161.00000000000000       0.30224753215256644        2.2200000000000001E-002   1.1999999999999999E-003  0.12340000000000000       0.47199999999999998       0.38119999999999998     
   162.00000000000000       0.29832369060593256        2.1999999999999999E-002   1.1999999999999999E-003  0.12340000000000000       0.46820000000000001       0.38519999999999999     
   163.00000000000000       0.29291983446507253        2.1999999999999999E-002   1.1999999999999999E-003  0.12340000000000000       0.46439999999999998       0.38900000000000001     
   164.00000000000000       0.28602328937313665        2.1999999999999999E-002   1.1999999999999999E-003  0.12340000000000000       0.46460000000000001       0.38879999999999998     
   165.00000000000000       0.27874552453532009        2.1999999999999999E-002   1.1999999999999999E-003  0.12340000000000000       0.45619999999999999       0.39720000000000000     
   166.00000000000000       0.27051818346749745        2.1600000000000001E-002   1.1999999999999999E-003  0.12340000000000000       0.44719999999999999       0.40660000000000002     
   167.00000000000000       0.26013211570608452        2.1399999999999999E-002   1.1999999999999999E-003  0.12340000000000000       0.44800000000000001       0.40600000000000003     
   168.00000000000000       0.24912098602895671        1.9599999999999999E-002   3.0000000000000001E-003  0.12340000000000000       0.44800000000000001       0.40600000000000003     
   169.00000000000000       0.23745105214824774        1.6199999999999999E-002   5.0000000000000001E-003  0.12479999999999999       0.44700000000000001       0.40699999999999997     
   170.00000000000000       0.22491894034424190        1.6600000000000000E-002   5.0000000000000001E-003  0.12440000000000000       0.44700000000000001       0.40699999999999997     
   171.00000000000000       0.21756985275206034        1.6600000000000000E-002   5.0000000000000001E-003  0.12300000000000000       0.44600000000000001       0.40939999999999999     
   172.00000000000000       0.20952098511854245        1.6600000000000000E-002   5.0000000000000001E-003  0.12200000000000000       0.44700000000000001       0.40939999999999999     
   173.00000000000000       0.20166065361314003        1.6600000000000000E-002   5.0000000000000001E-003  0.12120000000000000       0.44779999999999998       0.40939999999999999     
   174.00000000000000       0.19468163141565020        1.6199999999999999E-002   5.0000000000000001E-003  0.12100000000000000       0.44479999999999997       0.41299999999999998     
   175.00000000000000       0.18733321085885002        1.6199999999999999E-002   5.0000000000000001E-003  0.12100000000000000       0.44340000000000002       0.41439999999999999     
   176.00000000000000       0.18022480621848547        1.6199999999999999E-002   5.0000000000000001E-003  0.12020000000000000       0.44419999999999998       0.41439999999999999     
   177.00000000000000       0.17307689116327352        1.6199999999999999E-002   5.0000000000000001E-003  0.12060000000000000       0.44379999999999997       0.41439999999999999     
   178.00000000000000       0.16596898654011441        1.6199999999999999E-002   5.0000000000000001E-003  0.12100000000000000       0.44300000000000000       0.41480000000000000     
   179.00000000000000       0.15978773926694506        1.6199999999999999E-002   5.0000000000000001E-003  0.12000000000000000       0.44400000000000001       0.41480000000000000     
   180.00000000000000       0.15383584552451016        1.5800000000000002E-002   5.0000000000000001E-003  0.12080000000000000       0.44359999999999999       0.41480000000000000     
   181.00000000000000       0.14825288804847142        1.5400000000000000E-002   5.0000000000000001E-003  0.12620000000000001       0.43859999999999999       0.41480000000000000     
   182.00000000000000       0.14281570800161944        1.5200000000000000E-002   5.0000000000000001E-003  0.13320000000000001       0.43180000000000002       0.41480000000000000     
   183.00000000000000       0.13769843612043037        1.4999999999999999E-002   5.0000000000000001E-003  0.13200000000000001       0.43319999999999997       0.41480000000000000     
   184.00000000000000       0.13366786205826842        1.4999999999999999E-002   5.0000000000000001E-003  0.13020000000000001       0.43500000000000000       0.41480000000000000     
   185.00000000000000       0.12673749639692236        1.4600000000000000E-002   9.9400000000000002E-002   3.6799999999999999E-002  0.43440000000000001       0.41480000000000000     
   186.00000000000000       0.12609254443600096        1.4600000000000000E-002  0.10020000000000000        3.6799999999999999E-002  0.43240000000000001       0.41599999999999998     
   187.00000000000000       0.12436329841185502        1.4000000000000000E-002  0.10080000000000000        2.0000000000000001E-004  0.46879999999999999       0.41620000000000001     
   188.00000000000000       0.12054392129020598        1.4000000000000000E-002  0.10080000000000000        2.0000000000000001E-004  0.46879999999999999       0.41620000000000001     
   189.00000000000000       0.12767134390341003        1.4000000000000000E-002  0.10080000000000000        2.0000000000000001E-004  0.46879999999999999       0.41620000000000001     
   190.00000000000000       0.13269792652905643        1.3200000000000000E-002  0.10120000000000000        5.9999999999999995E-004  0.46879999999999999       0.41620000000000001     
   191.00000000000000       0.13516650327263127        1.3200000000000000E-002  0.10120000000000000        5.9999999999999995E-004  0.46879999999999999       0.41620000000000001     
   192.00000000000000       0.13499392367716714        1.2400000000000000E-002  0.10199999999999999        5.9999999999999995E-004  0.46879999999999999       0.41620000000000001     
   193.00000000000000       0.13101406626809248        1.2400000000000000E-002  0.10180000000000000        5.9999999999999995E-004  0.46879999999999999       0.41639999999999999     
   194.00000000000000       0.12547157935070108        1.2000000000000000E-002  0.10180000000000000        1.0000000000000000E-003  0.46879999999999999       0.41639999999999999     
   195.00000000000000       0.11556902309992703        1.2000000000000000E-002  0.10160000000000000        7.5600000000000001E-002  0.39439999999999997       0.41639999999999999     
   196.00000000000000       0.11257284023225758        1.2000000000000000E-002  0.10140000000000000        7.5600000000000001E-002  0.39419999999999999       0.41680000000000000     
   197.00000000000000       0.11412927697660197        1.2000000000000000E-002  0.10140000000000000        7.5600000000000001E-002  0.39360000000000001       0.41739999999999999     
   198.00000000000000       0.11688205717103703        1.2000000000000000E-002  0.10140000000000000        7.5600000000000001E-002  0.39360000000000001       0.41739999999999999     
   199.00000000000000       0.12303746726721737        1.4600000000000000E-002  0.11459999999999999        5.6399999999999999E-002  0.39140000000000003       0.42299999999999999     
   200.00000000000000       0.12866054117439199        2.9800000000000000E-002  0.11740000000000000        3.5400000000000001E-002  0.39439999999999997       0.42299999999999999     
   201.00000000000000       0.14266564017137509        2.9800000000000000E-002  0.11520000000000000        2.7400000000000001E-002  0.39779999999999999       0.42980000000000002     
   202.00000000000000       0.15713192762706102        2.9800000000000000E-002  0.11940000000000001        2.1399999999999999E-002  0.38419999999999999       0.44519999999999998     
   203.00000000000000       0.17505405530144033        2.9200000000000000E-002  0.11920000000000000        1.7200000000000000E-002  0.36880000000000002       0.46560000000000001     
   204.00000000000000       0.19372231628600234        2.9200000000000000E-002  0.11920000000000000        1.5400000000000000E-002  0.35820000000000002       0.47799999999999998     
   205.00000000000000       0.21595150731215690        2.9200000000000000E-002  0.11920000000000000        1.5400000000000000E-002  0.33019999999999999       0.50600000000000001     
   206.00000000000000       0.23673955572930491        2.9200000000000000E-002  0.11880000000000000        1.5200000000000000E-002  0.33060000000000000       0.50619999999999998     
   207.00000000000000       0.25919929856237722        2.9399999999999999E-002  0.11799999999999999        1.4800000000000001E-002  0.33100000000000002       0.50680000000000003     
   208.00000000000000       0.28103768077906877        2.9600000000000001E-002  0.11780000000000000        1.4800000000000001E-002  0.33100000000000002       0.50680000000000003     
   209.00000000000000       0.30357521166847679        1.9000000000000000E-002  0.12759999999999999        1.4600000000000000E-002  0.33040000000000003       0.50839999999999996     
   210.00000000000000       0.32465049741187874        1.9400000000000001E-002  0.12680000000000000        1.4800000000000001E-002  0.33040000000000003       0.50860000000000005     
   211.00000000000000       0.34385369751216688        1.9400000000000001E-002  0.12680000000000000        1.3800000000000000E-002  0.33139999999999997       0.50860000000000005     
   212.00000000000000       0.36177646092511884        1.9400000000000001E-002  0.12540000000000001        1.3599999999999999E-002  0.33200000000000002       0.50960000000000005     
   213.00000000000000       0.37658221067861419        1.9199999999999998E-002  0.12479999999999999        1.4200000000000001E-002  0.33200000000000002       0.50980000000000003     
   214.00000000000000       0.38918981987469459        1.9199999999999998E-002  0.12420000000000000        1.4800000000000001E-002  0.32860000000000000       0.51319999999999999     
   215.00000000000000       0.39792596915727640        1.9199999999999998E-002  0.12379999999999999        1.3599999999999999E-002  0.33019999999999999       0.51319999999999999     
   216.00000000000000       0.40503436061152187        1.9199999999999998E-002  0.12379999999999999        1.3599999999999999E-002  0.32679999999999998       0.51659999999999995     
