#        BMIN =   404
#        BMAX =   408
#     INIBAND =   406
#      NBANDS =   540
#         NSW =  2000
#       POTIM =   1.0
#        TEMP = 300.0
#    NAMDTINI =   778
#    NAMDTIME =  1000
#       NTRAJ =  5000
#        NELM =  1000
#       LHOLE =     T
#        LSHP =     T
#      LCPTXT =     T
#      RUNDIR = ../../run/
   1.0000000000000000       0.12406362981664558        0.0000000000000000        0.0000000000000000        1.0000000000000000        0.0000000000000000        0.0000000000000000     
   2.0000000000000000       0.13575990891109571        0.0000000000000000        0.0000000000000000        1.0000000000000000        0.0000000000000000        0.0000000000000000     
   3.0000000000000000       0.11315385390219927        0.0000000000000000        0.0000000000000000        1.0000000000000000        0.0000000000000000        0.0000000000000000     
   4.0000000000000000       0.12252449727016891        0.0000000000000000        0.0000000000000000       0.99939999999999996        0.0000000000000000        5.9999999999999995E-004
   5.0000000000000000        9.9720231159370634E-002   0.0000000000000000        0.0000000000000000       0.99939999999999996        0.0000000000000000        5.9999999999999995E-004
   6.0000000000000000        9.2795780571487088E-002   0.0000000000000000        0.0000000000000000       0.92740000000000000        7.1999999999999995E-002   5.9999999999999995E-004
   7.0000000000000000        5.8127143250928992E-002   0.0000000000000000        0.0000000000000000       0.92740000000000000        7.1999999999999995E-002   5.9999999999999995E-004
   8.0000000000000000        1.6330337896577351E-002   0.0000000000000000        0.0000000000000000       0.92740000000000000        7.1999999999999995E-002   5.9999999999999995E-004
   9.0000000000000000       -2.7390073426425212E-002   0.0000000000000000        0.0000000000000000       0.92740000000000000        7.1999999999999995E-002   5.9999999999999995E-004
   10.000000000000000       -7.2333244864470778E-002   0.0000000000000000        5.4000000000000003E-003  0.92200000000000004        7.1999999999999995E-002   5.9999999999999995E-004
   11.000000000000000      -0.11209570251653521        0.0000000000000000        5.4000000000000003E-003  0.92120000000000002        7.2800000000000004E-002   5.9999999999999995E-004
   12.000000000000000      -0.10867272612911585        0.0000000000000000        5.4000000000000003E-003  0.92120000000000002        7.2800000000000004E-002   5.9999999999999995E-004
   13.000000000000000      -0.10600207340608260        0.0000000000000000        5.4000000000000003E-003  0.92000000000000004        7.3999999999999996E-002   5.9999999999999995E-004
   14.000000000000000      -0.10281536807363906        0.0000000000000000        4.7999999999999996E-003  0.92059999999999997        7.3800000000000004E-002   8.0000000000000004E-004
   15.000000000000000       -9.9648303758149565E-002   0.0000000000000000        4.7999999999999996E-003  0.92059999999999997        7.3800000000000004E-002   8.0000000000000004E-004
   16.000000000000000       -9.5886517186385758E-002   0.0000000000000000        4.1999999999999997E-003  0.92059999999999997        7.4399999999999994E-002   8.0000000000000004E-004
   17.000000000000000       -9.2423835530047987E-002   2.0000000000000001E-004   4.0000000000000001E-003  0.92040000000000000        7.4600000000000000E-002   8.0000000000000004E-004
   18.000000000000000       -8.8668805518739055E-002   2.0000000000000001E-004   4.0000000000000001E-003  0.92040000000000000        7.4600000000000000E-002   8.0000000000000004E-004
   19.000000000000000       -8.4075126404703285E-002   2.0000000000000001E-004   4.0000000000000001E-003  0.92040000000000000        7.4600000000000000E-002   8.0000000000000004E-004
   20.000000000000000       -7.9088899105512561E-002   2.0000000000000001E-004   4.0000000000000001E-003  0.92000000000000004        7.4399999999999994E-002   1.4000000000000000E-003
   21.000000000000000       -7.3906675061401514E-002   4.0000000000000002E-004   3.5999999999999999E-003  0.92020000000000002        7.4399999999999994E-002   1.4000000000000000E-003
   22.000000000000000       -6.8398867705256702E-002   4.0000000000000002E-004   3.5999999999999999E-003  0.92040000000000000        7.3599999999999999E-002   2.0000000000000000E-003
   23.000000000000000       -6.2525698342791300E-002   4.0000000000000002E-004   3.5999999999999999E-003  0.92040000000000000        7.3599999999999999E-002   2.0000000000000000E-003
   24.000000000000000       -5.6871974542572624E-002   4.0000000000000002E-004   3.5999999999999999E-003  0.92040000000000000        7.3599999999999999E-002   2.0000000000000000E-003
   25.000000000000000       -5.1706745026193962E-002   4.0000000000000002E-004   3.5999999999999999E-003  0.92040000000000000        7.3200000000000001E-002   2.3999999999999998E-003
   26.000000000000000       -4.6644689502293599E-002   4.0000000000000002E-004   3.5999999999999999E-003  0.92040000000000000        7.3200000000000001E-002   2.3999999999999998E-003
   27.000000000000000       -4.0488476176355689E-002   4.0000000000000002E-004   3.5999999999999999E-003  0.90939999999999999        8.4199999999999997E-002   2.3999999999999998E-003
   28.000000000000000       -3.4346791086805571E-002   4.0000000000000002E-004   3.5999999999999999E-003  0.90900000000000003        8.4199999999999997E-002   2.8000000000000000E-003
   29.000000000000000       -2.7146729301606626E-002   4.0000000000000002E-004   2.8000000000000000E-003  0.90980000000000005        8.3799999999999999E-002   3.2000000000000002E-003
   30.000000000000000       -1.4743506255754884E-002   4.0000000000000002E-004   2.8000000000000000E-003  0.90980000000000005        8.3799999999999999E-002   3.2000000000000002E-003
   31.000000000000000        5.0745776041553666E-003   4.0000000000000002E-004   2.8000000000000000E-003  0.90980000000000005        8.3799999999999999E-002   3.2000000000000002E-003
   32.000000000000000        2.0650946217639788E-002   4.0000000000000002E-004   2.8000000000000000E-003  0.90980000000000005        8.3799999999999999E-002   3.2000000000000002E-003
   33.000000000000000        3.2066312749196128E-002   4.0000000000000002E-004   2.8000000000000000E-003  0.90980000000000005        8.3400000000000002E-002   3.5999999999999999E-003
   34.000000000000000        3.7566736497626423E-002   4.0000000000000002E-004  0.17760000000000001       0.73460000000000003        8.3400000000000002E-002   4.0000000000000001E-003
   35.000000000000000        4.6436443854164566E-002   4.0000000000000002E-004  0.17760000000000001       0.73460000000000003        8.3400000000000002E-002   4.0000000000000001E-003
   36.000000000000000        5.8392215400068490E-002   4.0000000000000002E-004  0.17760000000000001       0.73419999999999996        8.3799999999999999E-002   4.0000000000000001E-003
   37.000000000000000        6.8960393744722029E-002   4.0000000000000002E-004  0.17760000000000001       0.73419999999999996        8.3799999999999999E-002   4.0000000000000001E-003
   38.000000000000000        7.8573577491537677E-002   4.0000000000000002E-004  0.17760000000000001       0.73040000000000005        8.6999999999999994E-002   4.5999999999999999E-003
   39.000000000000000        8.6472503732076947E-002   4.0000000000000002E-004  0.17760000000000001       0.72540000000000004        9.1800000000000007E-002   4.7999999999999996E-003
   40.000000000000000        9.0865230028305655E-002   2.2000000000000001E-003  0.17399999999999999       0.72719999999999996        9.1800000000000007E-002   4.7999999999999996E-003
   41.000000000000000        9.3922227937506084E-002   2.2000000000000001E-003  0.17399999999999999       0.72619999999999996        9.1800000000000007E-002   5.7999999999999996E-003
   42.000000000000000        9.8050646363639110E-002   2.2000000000000001E-003  0.17360000000000000       0.71819999999999995        9.8799999999999999E-002   7.1999999999999998E-003
   43.000000000000000        9.7189752966045317E-002   2.2000000000000001E-003  0.17199999999999999       0.71740000000000004       0.10040000000000000        8.0000000000000002E-003
   44.000000000000000        9.3456195149288851E-002   2.2000000000000001E-003  0.17199999999999999       0.71360000000000001       0.10140000000000000        1.0800000000000001E-002
   45.000000000000000        8.6212990516139079E-002   2.2000000000000001E-003  0.16819999999999999       0.71540000000000004       0.10240000000000000        1.1800000000000000E-002
   46.000000000000000        7.5397095267179901E-002   2.2000000000000001E-003  0.16680000000000000       0.71540000000000004       0.10320000000000000        1.2400000000000000E-002
   47.000000000000000        6.1115200692561648E-002   2.2000000000000001E-003  0.16660000000000000       0.71540000000000004       0.10340000000000001        1.2400000000000000E-002
   48.000000000000000        4.6633474391742875E-002   2.2000000000000001E-003  0.15780000000000000       0.72240000000000004       0.10460000000000000        1.2999999999999999E-002
   49.000000000000000        2.9124494172211877E-002   2.2000000000000001E-003  0.15640000000000001       0.72040000000000004       0.10740000000000000        1.3599999999999999E-002
   50.000000000000000        1.0362951897288092E-002   2.2000000000000001E-003  0.15220000000000000       0.72299999999999998       0.10900000000000000        1.3599999999999999E-002
   51.000000000000000       -1.1179508859002259E-002   2.2000000000000001E-003  0.15220000000000000       0.72299999999999998       0.10900000000000000        1.3599999999999999E-002
   52.000000000000000       -3.1419932404460726E-002   2.2000000000000001E-003  0.15220000000000000       0.72240000000000004       0.10900000000000000        1.4200000000000001E-002
   53.000000000000000       -5.0530612548443959E-002   2.2000000000000001E-003  0.14979999999999999       0.72080000000000000       0.11300000000000000        1.4200000000000001E-002
   54.000000000000000       -7.1251235100793342E-002   3.0599999999999999E-002  0.12100000000000000       0.72080000000000000       0.11340000000000000        1.4200000000000001E-002
   55.000000000000000       -8.8271576427708248E-002   3.0599999999999999E-002  0.12100000000000000       0.72080000000000000       0.11340000000000000        1.4200000000000001E-002
   56.000000000000000       -9.9736028606562610E-002   3.0599999999999999E-002  0.12100000000000000       0.71779999999999999       0.11600000000000001        1.4600000000000000E-002
   57.000000000000000      -0.10993802615151900        3.0599999999999999E-002  0.12080000000000000       0.71779999999999999       0.11620000000000000        1.4600000000000000E-002
   58.000000000000000      -0.10736231147425904        3.0599999999999999E-002  0.12080000000000000       0.71779999999999999       0.11620000000000000        1.4600000000000000E-002
   59.000000000000000       -8.8143384919065176E-002   3.0599999999999999E-002  0.12000000000000000       0.71779999999999999       0.11640000000000000        1.5200000000000000E-002
   60.000000000000000       -6.7393059815716430E-002   3.0599999999999999E-002  0.12000000000000000       0.71779999999999999       0.11640000000000000        1.5200000000000000E-002
   61.000000000000000       -4.9084001678545451E-002   3.0599999999999999E-002  0.12000000000000000       0.71779999999999999       0.11640000000000000        1.5200000000000000E-002
   62.000000000000000       -3.4027091905058607E-002   5.6000000000000001E-002   9.4399999999999998E-002  0.71779999999999999       0.11660000000000000        1.5200000000000000E-002
   63.000000000000000       -1.3670654964881724E-002   6.3600000000000004E-002   8.6800000000000002E-002  0.71779999999999999       0.11660000000000000        1.5200000000000000E-002
   64.000000000000000        1.4071675440048290E-003   6.0400000000000002E-002   8.8800000000000004E-002  0.71240000000000003       0.12320000000000000        1.5200000000000000E-002
   65.000000000000000       -1.9943243321547824E-003   7.2400000000000006E-002   7.1400000000000005E-002  0.71699999999999997       0.12320000000000000        1.6000000000000000E-002
   66.000000000000000       -7.9192800937716006E-003   0.0000000000000000       0.14180000000000001       0.71779999999999999       0.12320000000000000        1.7200000000000000E-002
   67.000000000000000       -1.3457565054287668E-002   0.0000000000000000       0.14080000000000001       0.71779999999999999       0.12320000000000000        1.8200000000000001E-002
   68.000000000000000       -1.6204733021348759E-002   0.0000000000000000       0.13080000000000000       0.72640000000000005       0.12320000000000000        1.9599999999999999E-002
   69.000000000000000       -1.7225609935209434E-002   0.0000000000000000       0.11040000000000000       0.74680000000000002       0.12320000000000000        1.9599999999999999E-002
   70.000000000000000       -2.0704891590947454E-002   0.0000000000000000       0.10979999999999999       0.74719999999999998       0.12320000000000000        1.9800000000000002E-002
   71.000000000000000       -2.1500112433687945E-002   0.0000000000000000       0.10299999999999999       0.75180000000000002       0.12320000000000000        2.1999999999999999E-002
   72.000000000000000       -2.2469697943235754E-002   0.0000000000000000       0.10240000000000000       0.67940000000000000       0.19620000000000001        2.1999999999999999E-002
   73.000000000000000       -4.2119469053703791E-002   0.0000000000000000       0.10220000000000000       0.67940000000000000       0.19600000000000001        2.2400000000000000E-002
   74.000000000000000       -6.5739940159606464E-002   0.0000000000000000       0.10180000000000000       0.67940000000000000       0.19600000000000001        2.2800000000000001E-002
   75.000000000000000       -9.1121079965430549E-002   0.0000000000000000       0.10140000000000000       0.67940000000000000       0.19620000000000001        2.3000000000000000E-002
   76.000000000000000      -0.11779961750120510        0.0000000000000000       0.10140000000000000       0.67940000000000000       0.19560000000000000        2.3599999999999999E-002
   77.000000000000000      -0.14455533144014540        0.0000000000000000       0.10140000000000000       0.67940000000000000       0.19800000000000001        2.1200000000000000E-002
   78.000000000000000      -0.17309880504816255        0.0000000000000000       0.77900000000000003        0.0000000000000000       0.19700000000000001        2.4000000000000000E-002
   79.000000000000000      -0.19782864872369027        2.1999999999999999E-002  0.73819999999999997        1.8400000000000000E-002  0.19620000000000001        2.5200000000000000E-002
   80.000000000000000      -0.19744885788529620        2.1999999999999999E-002  0.70979999999999999        4.6800000000000001E-002  0.19639999999999999        2.5000000000000001E-002
   81.000000000000000      -0.18014312611258929        2.1999999999999999E-002  0.70760000000000001        4.6399999999999997E-002  0.19919999999999999        2.4799999999999999E-002
   82.000000000000000      -0.16327246668325970        2.0000000000000000E-002  0.75600000000000001        0.0000000000000000       0.19939999999999999        2.4600000000000000E-002
   83.000000000000000      -0.15078659454094737        1.7999999999999999E-002  0.75800000000000001        0.0000000000000000       0.19919999999999999        2.4799999999999999E-002
   84.000000000000000      -0.13816432410661098        1.7999999999999999E-002  0.75780000000000003        0.0000000000000000       0.19919999999999999        2.5000000000000001E-002
   85.000000000000000      -0.12431797583966708        1.7999999999999999E-002  0.75760000000000005        0.0000000000000000       0.19760000000000000        2.6800000000000001E-002
   86.000000000000000      -0.10865668952903849        1.7999999999999999E-002  0.75560000000000005        0.0000000000000000       0.19960000000000000        2.6800000000000001E-002
   87.000000000000000       -9.2415148477602460E-002   1.7999999999999999E-002  0.75280000000000002        2.8000000000000000E-003  0.19860000000000000        2.7799999999999998E-002
   88.000000000000000       -7.4650193530675313E-002   1.7999999999999999E-002  0.74839999999999995        4.5999999999999999E-003  0.19980000000000001        2.9200000000000000E-002
   89.000000000000000       -5.7248429625223342E-002   1.7999999999999999E-002  0.74760000000000004        4.7999999999999996E-003  0.19860000000000000        3.1000000000000000E-002
   90.000000000000000       -3.9268052036637774E-002   1.7999999999999999E-002  0.74339999999999995        6.6000000000000000E-003  0.20100000000000001        3.1000000000000000E-002
   91.000000000000000       -2.2212411468879048E-002   1.7999999999999999E-002  0.74339999999999995        6.6000000000000000E-003  0.20100000000000001        3.1000000000000000E-002
   92.000000000000000       -5.2577547159096214E-003   1.8200000000000001E-002  0.73960000000000004        1.0200000000000001E-002  0.20039999999999999        3.1600000000000003E-002
   93.000000000000000        1.0728280724474829E-002   0.0000000000000000       0.75739999999999996        9.7999999999999997E-003  0.20039999999999999        3.2399999999999998E-002
   94.000000000000000        4.8789886021750217E-002   0.0000000000000000       0.75739999999999996        9.1999999999999998E-003  0.20100000000000001        3.2399999999999998E-002
   95.000000000000000        9.7612940204276702E-002   4.0000000000000002E-004  0.56840000000000002       0.19739999999999999       0.20140000000000000        3.2399999999999998E-002
   96.000000000000000       0.13170101456473798        2.0000000000000001E-004  0.56259999999999999       0.19800000000000001       0.20560000000000000        3.3599999999999998E-002
   97.000000000000000       0.15046928892446534        2.0000000000000001E-004  0.56179999999999997       0.19800000000000001       0.20640000000000000        3.3599999999999998E-002
   98.000000000000000       0.16765166496878633        0.0000000000000000       0.55359999999999998       0.19800000000000001       0.21479999999999999        3.3599999999999998E-002
   99.000000000000000       0.18373568861918960        0.0000000000000000       0.55279999999999996       0.19800000000000001       0.21479999999999999        3.4400000000000000E-002
   100.00000000000000       0.19618601038375022        0.0000000000000000       0.55279999999999996       0.19800000000000001       0.21479999999999999        3.4400000000000000E-002
   101.00000000000000       0.20678487234441451        2.0000000000000001E-004  0.55240000000000000       0.19800000000000001       0.21479999999999999        3.4599999999999999E-002
   102.00000000000000       0.21784563621768635        2.0000000000000001E-004  0.54879999999999995       0.19800000000000001       0.21700000000000000        3.5999999999999997E-002
   103.00000000000000       0.22526571798577907        8.0000000000000004E-004  0.54800000000000004       0.19800000000000001       0.21560000000000001        3.7600000000000001E-002
   104.00000000000000       0.23227148131082065        2.0000000000000000E-003  0.54540000000000000       0.19800000000000001       0.21659999999999999        3.7999999999999999E-002
   105.00000000000000       0.23782238570107467        2.0000000000000000E-003  0.55479999999999996       0.18800000000000000       0.21759999999999999        3.7600000000000001E-002
   106.00000000000000       0.23641359044885141        2.0000000000000000E-003  0.55479999999999996       0.18779999999999999       0.21759999999999999        3.7800000000000000E-002
   107.00000000000000       0.22193223048631902        4.0000000000000001E-003  0.55079999999999996       0.18880000000000000       0.21199999999999999        4.4400000000000002E-002
   108.00000000000000       0.21866769997699834        4.0000000000000001E-003  0.55079999999999996       0.18859999999999999       0.21220000000000000        4.4400000000000002E-002
   109.00000000000000       0.22836798245727019        4.0000000000000001E-003  0.55040000000000000       0.18900000000000000       0.21220000000000000        4.4400000000000002E-002
   110.00000000000000       0.23932210048943367        3.5999999999999999E-003  0.55000000000000004       0.18900000000000000       0.21220000000000000        4.5199999999999997E-002
   111.00000000000000       0.25137016146270130        3.0000000000000001E-003  0.54879999999999995       0.19080000000000000       0.21220000000000000        4.5199999999999997E-002
   112.00000000000000       0.26411387802661945        2.2000000000000001E-003  0.54879999999999995       0.18520000000000000       0.21859999999999999        4.5199999999999997E-002
   113.00000000000000       0.27697528814368533        2.2000000000000001E-003  0.54800000000000004       0.18520000000000000       0.21940000000000001        4.5199999999999997E-002
   114.00000000000000       0.29778285326191972        2.2000000000000001E-003  0.54840000000000000       0.18479999999999999       0.21940000000000001        4.5199999999999997E-002
   115.00000000000000       0.30356108130926185        2.2000000000000001E-003  0.51600000000000001       0.21640000000000001       0.21920000000000001        4.6199999999999998E-002
   116.00000000000000       0.33401765037372932        2.2000000000000001E-003  0.49719999999999998       0.23419999999999999       0.22020000000000001        4.6199999999999998E-002
   117.00000000000000       0.33075077082591198        2.0000000000000000E-003  0.49780000000000002       0.23380000000000001       0.22000000000000000        4.6399999999999997E-002
   118.00000000000000       0.34873984913558981        2.0000000000000000E-003  0.49719999999999998       0.23380000000000001       0.22059999999999999        4.6399999999999997E-002
   119.00000000000000       0.37114969403881420        1.8000000000000000E-003  0.52920000000000000       0.20160000000000000       0.22059999999999999        4.6800000000000001E-002
   120.00000000000000       0.38728987539950832        1.8000000000000000E-003  0.50860000000000005       0.21940000000000001       0.22339999999999999        4.6800000000000001E-002
   121.00000000000000       0.30079221138029777        1.6000000000000001E-003  0.44740000000000002       0.27660000000000001       0.22760000000000000        4.6800000000000001E-002
   122.00000000000000       0.39081808590583667        1.6000000000000001E-003  0.44760000000000000       0.26560000000000000       0.23740000000000000        4.7800000000000002E-002
   123.00000000000000       0.20307407132158914        1.4000000000000000E-003  0.43120000000000003       0.28120000000000001       0.23780000000000001        4.8399999999999999E-002
   124.00000000000000       0.42304611851659213        1.4000000000000000E-003  0.43120000000000003       0.28120000000000001       0.23780000000000001        4.8399999999999999E-002
   125.00000000000000       0.42799969951751193        1.4000000000000000E-003  0.43159999999999998       0.28060000000000002       0.23780000000000001        4.8599999999999997E-002
   126.00000000000000       0.41528155063746092        1.4000000000000000E-003  0.42620000000000002       0.28280000000000000       0.24099999999999999        4.8599999999999997E-002
   127.00000000000000       0.39548635704484592        1.1999999999999999E-003  0.41920000000000002       0.28739999999999999       0.24279999999999999        4.9399999999999999E-002
   128.00000000000000       0.50187044793796931        1.1999999999999999E-003  0.41920000000000002       0.28739999999999999       0.24279999999999999        4.9399999999999999E-002
   129.00000000000000       0.40810289040348247        8.0000000000000004E-004  0.41820000000000002       0.28780000000000000       0.24360000000000001        4.9599999999999998E-002
   130.00000000000000       0.40333068109639442        8.0000000000000004E-004  0.41580000000000000       0.28780000000000000       0.24600000000000000        4.9599999999999998E-002
   131.00000000000000       0.37858509675188845        1.1999999999999999E-003  0.41160000000000002       0.29020000000000001       0.24679999999999999        5.0200000000000002E-002
   132.00000000000000       0.25883948970572146        1.0000000000000000E-003  0.41180000000000000       0.29199999999999998       0.16020000000000001       0.13500000000000001     
   133.00000000000000       0.55741433498350634        1.0000000000000000E-003  0.40699999999999997       0.29260000000000003       0.16320000000000001       0.13619999999999999     
   134.00000000000000       0.61006985241496747        1.0000000000000000E-003  0.40560000000000002       0.28799999999999998       0.15679999999999999       0.14860000000000001     
   135.00000000000000       0.55767972719486436        8.0000000000000004E-004  0.40339999999999998       0.28499999999999998       0.15720000000000001       0.15359999999999999     
   136.00000000000000       0.59720635962988988        1.8000000000000000E-003  0.22000000000000000       0.41399999999999998       0.17720000000000000       0.18700000000000000     
   137.00000000000000       0.39724342726623341        1.6000000000000001E-003  0.21920000000000001       0.41420000000000001       0.17799999999999999       0.18700000000000000     
   138.00000000000000       0.38199410814539447        1.4000000000000000E-003  0.20720000000000000       0.42359999999999998       0.17879999999999999       0.18900000000000000     
   139.00000000000000       0.36325446258926486        1.4000000000000000E-003  0.20740000000000000       0.42320000000000002       0.17899999999999999       0.18900000000000000     
   140.00000000000000       0.34505814553536096        1.4000000000000000E-003  0.20540000000000000       0.42259999999999998       0.17899999999999999       0.19159999999999999     
   141.00000000000000       0.32362146830799915        1.4000000000000000E-003  0.20540000000000000       0.42259999999999998       0.17899999999999999       0.19159999999999999     
   142.00000000000000       0.30257894532216956        1.1999999999999999E-003  0.20460000000000000       0.42220000000000002       0.17820000000000000       0.19380000000000000     
   143.00000000000000       0.28160756180702540        3.3999999999999998E-003  0.20240000000000000       0.41899999999999998       0.18160000000000001       0.19359999999999999     
   144.00000000000000       0.26038854543796652        3.0000000000000001E-003  0.19760000000000000       0.41999999999999998       0.18920000000000001       0.19020000000000001     
   145.00000000000000       0.23865619176318115        2.3999999999999998E-003  0.19040000000000001       0.42720000000000002       0.18720000000000001       0.19280000000000000     
   146.00000000000000       0.21544154771507312        2.0000000000000000E-003  0.18940000000000001       0.42840000000000000       0.18920000000000001       0.19100000000000000     
   147.00000000000000       0.19485309883106489        2.0000000000000000E-003  0.18779999999999999       0.42799999999999999       0.13700000000000001       0.24520000000000000     
   148.00000000000000       0.17502308411616976        2.0000000000000000E-003  0.18099999999999999       0.42740000000000000       0.14280000000000001       0.24679999999999999     
   149.00000000000000       0.15417944440337478        2.0000000000000000E-003  0.17560000000000001       0.42999999999999999       0.13460000000000000       0.25779999999999997     
   150.00000000000000       0.13777138667044042        2.2000000000000001E-003  0.17660000000000001       0.41120000000000001       0.14720000000000000       0.26279999999999998     
   151.00000000000000       0.11892065916075568        1.8000000000000000E-003  0.16400000000000001       0.41880000000000001       0.14660000000000001       0.26879999999999998     
   152.00000000000000        9.8492052979348210E-002   1.8000000000000000E-003  0.16220000000000001       0.41860000000000003       0.14699999999999999       0.27039999999999997     
   153.00000000000000        7.9310758255422775E-002   1.8000000000000000E-003  0.16100000000000000       0.41660000000000003       0.14779999999999999       0.27279999999999999     
   154.00000000000000        5.9648064122866537E-002   1.8000000000000000E-003  0.16120000000000001       0.41639999999999999       0.14779999999999999       0.27279999999999999     
   155.00000000000000        4.1701633047452197E-002   1.8000000000000000E-003  0.15700000000000000       0.42020000000000002       0.14660000000000001       0.27439999999999998     
   156.00000000000000        2.5657676512730543E-002   1.8000000000000000E-003  0.14460000000000001       0.43140000000000001       0.14779999999999999       0.27439999999999998     
   157.00000000000000        1.1272015069092506E-002   1.0000000000000000E-003  0.13500000000000001       0.44080000000000003       0.14820000000000000       0.27500000000000002     
   158.00000000000000        4.9413999056439617E-003   3.5999999999999999E-003   0.0000000000000000       0.57320000000000004       0.14820000000000000       0.27500000000000002     
   159.00000000000000        2.3121582980652755E-003   3.3999999999999998E-003   0.0000000000000000       0.57320000000000004       0.14820000000000000       0.27520000000000000     
   160.00000000000000        1.4651056956968445E-002   3.3999999999999998E-003   0.0000000000000000       0.57320000000000004       0.14820000000000000       0.27520000000000000     
   161.00000000000000        2.7874666825479080E-002   3.3999999999999998E-003   0.0000000000000000       0.57320000000000004       0.14799999999999999       0.27539999999999998     
   162.00000000000000        4.1902059561733845E-002   3.3999999999999998E-003   0.0000000000000000       0.57320000000000004       0.14760000000000001       0.27579999999999999     
   163.00000000000000        5.3793816837285326E-002   3.3999999999999998E-003   0.0000000000000000       0.57320000000000004       0.14760000000000001       0.27579999999999999     
   164.00000000000000        6.5736295480152765E-002   3.3999999999999998E-003   0.0000000000000000       0.57320000000000004       0.14660000000000001       0.27679999999999999     
   165.00000000000000        7.5450172383812950E-002   3.3999999999999998E-003   0.0000000000000000       0.57320000000000004       0.14660000000000001       0.27679999999999999     
   166.00000000000000        8.2838515054429962E-002   3.3999999999999998E-003   0.0000000000000000       0.57320000000000004       0.14660000000000001       0.27679999999999999     
   167.00000000000000        8.8166079289806187E-002   3.3999999999999998E-003   0.0000000000000000       0.57320000000000004       0.14599999999999999       0.27739999999999998     
   168.00000000000000        8.0031383756576230E-002   3.3999999999999998E-003  0.41280000000000000       0.15800000000000000       0.14680000000000001       0.27900000000000003     
   169.00000000000000        9.2122568738748065E-002   3.3999999999999998E-003  0.41280000000000000       0.15800000000000000       0.14680000000000001       0.27900000000000003     
   170.00000000000000        9.6862738049608876E-002   3.3999999999999998E-003  0.41280000000000000       0.15559999999999999       0.14560000000000001       0.28260000000000002     
   171.00000000000000        9.8679779080093372E-002   3.3999999999999998E-003  0.41280000000000000       0.15559999999999999       0.14560000000000001       0.28260000000000002     
   172.00000000000000        9.8942078936987005E-002   8.0000000000000002E-002  0.33620000000000000       0.15520000000000000       0.14560000000000001       0.28299999999999997     
   173.00000000000000       0.11818488058577645        8.0000000000000002E-002  0.33339999999999997       0.15679999999999999       0.14660000000000001       0.28320000000000001     
   174.00000000000000       0.13856563956648121        7.6200000000000004E-002  0.33460000000000001       0.15640000000000001       0.14720000000000000       0.28560000000000002     
   175.00000000000000       0.16230019934728090        7.5600000000000001E-002  0.33139999999999997       0.15840000000000001       0.14720000000000000       0.28739999999999999     
   176.00000000000000       0.18548275890887053        7.5600000000000001E-002  0.32860000000000000       0.15780000000000000       0.14779999999999999       0.29020000000000001     
   177.00000000000000       0.20905972860385652        7.3400000000000007E-002  0.32219999999999999       0.16300000000000001       0.14720000000000000       0.29420000000000002     
   178.00000000000000       0.22884461912722112        7.2800000000000004E-002  0.32300000000000001       0.16180000000000000       0.14760000000000001       0.29480000000000001     
   179.00000000000000       0.24654561302694819        7.2400000000000006E-002  0.32279999999999998       0.16200000000000001       0.14799999999999999       0.29480000000000001     
   180.00000000000000       0.26380566652728132        7.0000000000000007E-002  0.32400000000000001       0.16100000000000000       0.14799999999999999       0.29699999999999999     
   181.00000000000000       0.27773455148099457        6.9800000000000001E-002  0.32260000000000000       0.16020000000000001       0.14979999999999999       0.29759999999999998     
   182.00000000000000       0.28758761377572378        6.9800000000000001E-002  0.31960000000000000       0.16220000000000001       0.14760000000000001       0.30080000000000001     
   183.00000000000000       0.30703223278205194        6.7400000000000002E-002  0.31859999999999999       0.16220000000000001       0.14779999999999999       0.30399999999999999     
   184.00000000000000       0.30860254789578245        6.7199999999999996E-002  0.31859999999999999       0.16220000000000001       0.14779999999999999       0.30420000000000003     
   185.00000000000000       0.31029668860293680        6.5000000000000002E-002  0.31059999999999999       0.16940000000000000       0.14960000000000001       0.30540000000000000     
   186.00000000000000       0.31260603935312448        6.4799999999999996E-002  0.31040000000000001       0.16780000000000000       0.15160000000000001       0.30540000000000000     
   187.00000000000000       0.31411951160365409        6.4600000000000005E-002  0.30140000000000000       0.17660000000000001       0.15160000000000001       0.30580000000000002     
   188.00000000000000       0.30491116577444366        6.4399999999999999E-002  0.29659999999999997       0.18040000000000000       0.15020000000000000       0.30840000000000001     
   189.00000000000000       0.29947453401513824        6.4399999999999999E-002  0.29659999999999997       0.17999999999999999       0.15060000000000001       0.30840000000000001     
   190.00000000000000       0.29101593665446346        6.3399999999999998E-002  0.29620000000000002       0.17979999999999999       0.15040000000000001       0.31019999999999998     
   191.00000000000000       0.27975447682473131        6.3399999999999998E-002  0.29620000000000002       0.17720000000000000       0.15240000000000001       0.31080000000000002     
   192.00000000000000       0.26743787107443084        6.3200000000000006E-002  0.29399999999999998       0.17720000000000000       0.15479999999999999       0.31080000000000002     
   193.00000000000000       0.25384243672556528        6.3200000000000006E-002  0.29260000000000003       0.17820000000000000       0.15479999999999999       0.31119999999999998     
   194.00000000000000       0.24544583929960462        0.0000000000000000       0.35399999999999998       0.17820000000000000       0.15400000000000000       0.31380000000000002     
   195.00000000000000       0.24367189589616672        0.0000000000000000       0.35399999999999998       0.17820000000000000       0.15340000000000001       0.31440000000000001     
   196.00000000000000       0.25305081517021677        0.0000000000000000       0.35399999999999998       0.17720000000000000       0.15340000000000001       0.31540000000000001     
   197.00000000000000       0.26041377967291490        0.0000000000000000       0.35399999999999998       0.17620000000000000       0.15340000000000001       0.31640000000000001     
   198.00000000000000       0.26509511036966649        0.0000000000000000       0.35399999999999998       0.17460000000000001       0.15420000000000000       0.31719999999999998     
   199.00000000000000       0.26704871513174777        0.0000000000000000       0.35399999999999998       0.17319999999999999       0.15559999999999999       0.31719999999999998     
   200.00000000000000       0.26659531458213864        0.0000000000000000       0.34539999999999998       0.18179999999999999       0.15620000000000001       0.31659999999999999     
   201.00000000000000       0.26141387131820515        0.0000000000000000       0.34520000000000001       0.18179999999999999       0.15620000000000001       0.31680000000000003     
   202.00000000000000       0.25127132837626054        0.0000000000000000       0.34279999999999999       0.18179999999999999       0.14860000000000001       0.32679999999999998     
   203.00000000000000       0.24137477063550558        0.0000000000000000       0.34200000000000003       0.18179999999999999       0.14060000000000000       0.33560000000000001     
   204.00000000000000       0.22831408666118277        0.0000000000000000       0.34160000000000001       0.18179999999999999       0.13800000000000001       0.33860000000000001     
   205.00000000000000       0.21443299441983432        0.0000000000000000       0.33900000000000002       0.18179999999999999       0.13840000000000000       0.34079999999999999     
   206.00000000000000       0.20036151676791047        0.0000000000000000       0.33879999999999999       0.18179999999999999       0.13660000000000000       0.34279999999999999     
   207.00000000000000       0.18529060975094500        0.0000000000000000       0.33860000000000001       0.18179999999999999       0.13739999999999999       0.34220000000000000     
   208.00000000000000       0.17758717222267062        0.0000000000000000        0.0000000000000000       0.52000000000000002       0.13519999999999999       0.34480000000000000     
   209.00000000000000       0.15988479434309824        0.0000000000000000        0.0000000000000000       0.51519999999999999       0.13360000000000000       0.35120000000000001     
   210.00000000000000       0.15267359615855081        0.0000000000000000        0.0000000000000000       0.51459999999999995       0.12959999999999999       0.35580000000000001     
   211.00000000000000       0.14693366585343534        0.0000000000000000        0.0000000000000000       0.51119999999999999       0.12859999999999999       0.36020000000000002     
   212.00000000000000       0.14052613048441093        0.0000000000000000        0.0000000000000000       0.50880000000000003       0.12859999999999999       0.36259999999999998     
   213.00000000000000       0.13652655863768318        0.0000000000000000        0.0000000000000000       0.50760000000000005       0.12959999999999999       0.36280000000000001     
   214.00000000000000       0.13254782469434262        0.0000000000000000        0.0000000000000000       0.50719999999999998       0.13000000000000000       0.36280000000000001     
   215.00000000000000       0.13031060770118055        0.0000000000000000        0.0000000000000000       0.50500000000000000       0.13139999999999999       0.36359999999999998     
   216.00000000000000       0.12854270893590339        0.0000000000000000        0.0000000000000000       0.50500000000000000       0.13100000000000001       0.36399999999999999     
