#        BMIN =   404
#        BMAX =   408
#     INIBAND =   406
#      NBANDS =   540
#         NSW =  2000
#       POTIM =   1.0
#        TEMP = 300.0
#    NAMDTINI =   946
#    NAMDTIME =  1000
#       NTRAJ =  5000
#        NELM =  1000
#       LHOLE =     T
#        LSHP =     T
#      LCPTXT =     T
#      RUNDIR = ../../run/
   1.0000000000000000       -1.1254497342327724E-002   0.0000000000000000        0.0000000000000000        1.0000000000000000        0.0000000000000000        0.0000000000000000     
   2.0000000000000000        1.2223181551378323E-002   0.0000000000000000        0.0000000000000000       0.99939999999999996        4.0000000000000002E-004   2.0000000000000001E-004
   3.0000000000000000        3.4716235692428078E-002   0.0000000000000000        0.0000000000000000       0.99939999999999996        4.0000000000000002E-004   2.0000000000000001E-004
   4.0000000000000000        5.7303505595391747E-002   0.0000000000000000        0.0000000000000000       0.99739999999999995        2.3999999999999998E-003   2.0000000000000001E-004
   5.0000000000000000        7.8458756409414604E-002   0.0000000000000000        0.0000000000000000       0.99639999999999995        3.3999999999999998E-003   2.0000000000000001E-004
   6.0000000000000000        9.9496927573263644E-002   0.0000000000000000        0.0000000000000000       0.99639999999999995        3.3999999999999998E-003   2.0000000000000001E-004
   7.0000000000000000       0.12006219051853545        0.0000000000000000        0.0000000000000000       0.99619999999999997        3.5999999999999999E-003   2.0000000000000001E-004
   8.0000000000000000       0.13804916719315635        0.0000000000000000        0.0000000000000000       0.99619999999999997        3.5999999999999999E-003   2.0000000000000001E-004
   9.0000000000000000       0.15556866425404581        0.0000000000000000        0.0000000000000000       0.99519999999999997        4.4000000000000003E-003   4.0000000000000002E-004
   10.000000000000000       0.17128836189679625        0.0000000000000000        0.0000000000000000       0.99519999999999997        4.4000000000000003E-003   4.0000000000000002E-004
   11.000000000000000       0.18525692743418487        0.0000000000000000        0.0000000000000000       0.99519999999999997        4.4000000000000003E-003   4.0000000000000002E-004
   12.000000000000000       0.19833634663489047        0.0000000000000000        0.0000000000000000       0.99460000000000004        5.0000000000000001E-003   4.0000000000000002E-004
   13.000000000000000       0.20945935573429456        0.0000000000000000        0.0000000000000000       0.99460000000000004        5.0000000000000001E-003   4.0000000000000002E-004
   14.000000000000000       0.21767322457350261        0.0000000000000000        0.0000000000000000       0.99319999999999997        6.4000000000000003E-003   4.0000000000000002E-004
   15.000000000000000       0.23651354665620739        0.0000000000000000        2.0000000000000001E-004  0.99019999999999997        8.6000000000000000E-003   1.0000000000000000E-003
   16.000000000000000       0.24075269674903002        0.0000000000000000        0.0000000000000000       0.99019999999999997        8.8000000000000005E-003   1.0000000000000000E-003
   17.000000000000000       0.24517612471231920        0.0000000000000000        0.0000000000000000       0.98919999999999997        8.6000000000000000E-003   2.2000000000000001E-003
   18.000000000000000       0.25359214303028643        0.0000000000000000        0.0000000000000000       0.98919999999999997        8.6000000000000000E-003   2.2000000000000001E-003
   19.000000000000000       0.26169764678774499        0.0000000000000000        0.0000000000000000       0.98880000000000001        8.9999999999999993E-003   2.2000000000000001E-003
   20.000000000000000       0.26002740570796745        0.0000000000000000        0.0000000000000000       0.98880000000000001        8.9999999999999993E-003   2.2000000000000001E-003
   21.000000000000000       0.26462305715958478        0.0000000000000000        0.0000000000000000       0.98880000000000001        8.9999999999999993E-003   2.2000000000000001E-003
   22.000000000000000       0.26584966693490403        0.0000000000000000        0.0000000000000000       0.98839999999999995        9.1999999999999998E-003   2.3999999999999998E-003
   23.000000000000000       0.26517324557121574        0.0000000000000000        0.0000000000000000       0.98819999999999997        9.1999999999999998E-003   2.5999999999999999E-003
   24.000000000000000       0.26276090342143182        0.0000000000000000        0.0000000000000000       0.98819999999999997        9.1999999999999998E-003   2.5999999999999999E-003
   25.000000000000000       0.25835849587126075        0.0000000000000000        0.0000000000000000       0.98819999999999997        9.1999999999999998E-003   2.5999999999999999E-003
   26.000000000000000       0.25183278693094030        0.0000000000000000        0.0000000000000000       0.98819999999999997        9.1999999999999998E-003   2.5999999999999999E-003
   27.000000000000000       0.24381355450531139        0.0000000000000000        0.0000000000000000       0.98799999999999999        9.4000000000000004E-003   2.5999999999999999E-003
   28.000000000000000       0.23454671904578095        0.0000000000000000        0.0000000000000000       0.98799999999999999        9.4000000000000004E-003   2.5999999999999999E-003
   29.000000000000000       0.22394866806437316        0.0000000000000000        0.0000000000000000       0.98760000000000003        9.5999999999999992E-003   2.8000000000000000E-003
   30.000000000000000       0.21108030895298457        0.0000000000000000        0.0000000000000000       0.98760000000000003        9.5999999999999992E-003   2.8000000000000000E-003
   31.000000000000000       0.19702411068503253        0.0000000000000000        0.0000000000000000       0.98760000000000003        9.5999999999999992E-003   2.8000000000000000E-003
   32.000000000000000       0.17958073332224553        0.0000000000000000       0.12980000000000000       0.85780000000000001        9.5999999999999992E-003   2.8000000000000000E-003
   33.000000000000000       0.17638454752379321        0.0000000000000000       0.12959999999999999       0.85780000000000001        9.7999999999999997E-003   2.8000000000000000E-003
   34.000000000000000       0.18451680499090484        0.0000000000000000       0.12939999999999999       0.85780000000000001        9.7999999999999997E-003   3.0000000000000001E-003
   35.000000000000000       0.18345194616251767        0.0000000000000000       0.12920000000000001       0.85780000000000001        1.0000000000000000E-002   3.0000000000000001E-003
   36.000000000000000       0.17631023139818763        0.0000000000000000       0.12920000000000001       0.85780000000000001        1.0000000000000000E-002   3.0000000000000001E-003
   37.000000000000000       0.16193739934957013        0.0000000000000000       0.12920000000000001       0.85780000000000001        9.1999999999999998E-003   3.8000000000000000E-003
   38.000000000000000       0.14043721256638814        0.0000000000000000       0.12920000000000001       0.85780000000000001        9.1999999999999998E-003   3.8000000000000000E-003
   39.000000000000000       0.11298460336898876        0.0000000000000000       0.12920000000000001       0.85780000000000001        8.8000000000000005E-003   4.1999999999999997E-003
   40.000000000000000        6.5300658037622097E-002   0.0000000000000000       0.98680000000000001        0.0000000000000000        8.9999999999999993E-003   4.1999999999999997E-003
   41.000000000000000        4.1253894908128905E-002   0.0000000000000000       0.98680000000000001        0.0000000000000000        8.9999999999999993E-003   4.1999999999999997E-003
   42.000000000000000       -3.3446694644744344E-003   0.0000000000000000       0.98680000000000001        0.0000000000000000        8.9999999999999993E-003   4.1999999999999997E-003
   43.000000000000000       -5.0035804124456490E-002   0.0000000000000000       0.98680000000000001        0.0000000000000000        8.9999999999999993E-003   4.1999999999999997E-003
   44.000000000000000       -9.6008772398731082E-002   0.0000000000000000       0.98680000000000001        0.0000000000000000        8.9999999999999993E-003   4.1999999999999997E-003
   45.000000000000000      -0.15275470845584771       0.30080000000000001       0.68520000000000003        0.0000000000000000        9.7999999999999997E-003   4.1999999999999997E-003
   46.000000000000000      -0.17520296543560829       0.30080000000000001       0.68479999999999996        4.0000000000000002E-004   9.7999999999999997E-003   4.1999999999999997E-003
   47.000000000000000      -0.18230970891767309       0.30080000000000001       0.68320000000000003        1.1999999999999999E-003   1.0400000000000000E-002   4.4000000000000003E-003
   48.000000000000000      -0.18813416989839726       0.30080000000000001       0.68300000000000005        1.4000000000000000E-003   1.0400000000000000E-002   4.4000000000000003E-003
   49.000000000000000      -0.19162808499209352       0.30080000000000001       0.68279999999999996        1.4000000000000000E-003   1.0600000000000000E-002   4.4000000000000003E-003
   50.000000000000000      -0.19190923657100989       0.30040000000000000       0.68240000000000001        1.4000000000000000E-003   1.0400000000000000E-002   5.4000000000000003E-003
   51.000000000000000      -0.18054828082781779       0.29580000000000001       0.68640000000000001        1.8000000000000000E-003   1.0600000000000000E-002   5.4000000000000003E-003
   52.000000000000000      -0.18371112781431309       0.29540000000000000       0.68320000000000003        5.0000000000000001E-003   1.0999999999999999E-002   5.4000000000000003E-003
   53.000000000000000      -0.20751903496106130       0.29499999999999998       0.68200000000000005        5.0000000000000001E-003   1.1200000000000000E-002   6.7999999999999996E-003
   54.000000000000000      -0.13992609670561201       0.29440000000000000       0.67900000000000005        8.2000000000000007E-003   1.1599999999999999E-002   6.7999999999999996E-003
   55.000000000000000      -0.17301255857912740       0.29420000000000002       0.67879999999999996        8.2000000000000007E-003   1.2000000000000000E-002   6.7999999999999996E-003
   56.000000000000000       -4.2145023629046499E-002  0.29360000000000003       0.67679999999999996        8.6000000000000000E-003   1.1400000000000000E-002   9.5999999999999992E-003
   57.000000000000000      -0.15273776924733479       0.29360000000000003       0.67659999999999998        8.3999999999999995E-003   1.1400000000000000E-002   1.0000000000000000E-002
   58.000000000000000      -0.14905737017854603       0.25319999999999998       0.71660000000000001        8.3999999999999995E-003   1.0400000000000000E-002   1.1400000000000000E-002
   59.000000000000000      -0.13163036760972588       0.25300000000000000       0.71660000000000001        8.3999999999999995E-003   1.0200000000000001E-002   1.1800000000000000E-002
   60.000000000000000       -9.2553300492642113E-002  0.25380000000000003       0.38319999999999999       0.34100000000000003        1.0200000000000001E-002   1.1800000000000000E-002
   61.000000000000000       -7.9274096242767336E-002  0.25380000000000003       0.38300000000000001       0.34100000000000003        1.0200000000000001E-002   1.2000000000000000E-002
   62.000000000000000       -6.7935684163768759E-002  0.25380000000000003       0.38300000000000001       0.34100000000000003        1.0200000000000001E-002   1.2000000000000000E-002
   63.000000000000000       -5.7080411620453221E-002  0.25359999999999999       0.38279999999999997       0.34100000000000003        1.0000000000000000E-002   1.2600000000000000E-002
   64.000000000000000       -4.7310839804648612E-002  0.25319999999999998       0.38319999999999999       0.34100000000000003        1.0000000000000000E-002   1.2600000000000000E-002
   65.000000000000000       -3.7836051668318167E-002  0.25280000000000002       0.38319999999999999       0.34100000000000003        1.0000000000000000E-002   1.2999999999999999E-002
   66.000000000000000       -3.0574646867565902E-002  0.25280000000000002       0.38219999999999998       0.34100000000000003        1.0400000000000000E-002   1.3599999999999999E-002
   67.000000000000000       -2.4544536244182173E-002  0.25300000000000000       0.38059999999999999       0.34100000000000003        1.1800000000000000E-002   1.3599999999999999E-002
   68.000000000000000       -2.0562010461350939E-002  0.25380000000000003       0.37980000000000003       0.34100000000000003        1.1800000000000000E-002   1.3599999999999999E-002
   69.000000000000000       -1.9498452265261021E-002  0.25679999999999997       0.37619999999999998       0.34100000000000003        1.2000000000000000E-002   1.4000000000000000E-002
   70.000000000000000       -2.0699794100465112E-002  0.25100000000000000       0.38159999999999999       0.34100000000000003        1.2000000000000000E-002   1.4400000000000000E-002
   71.000000000000000       -2.4340482043060021E-002  0.25419999999999998       0.37800000000000000       0.34100000000000003        1.2000000000000000E-002   1.4800000000000001E-002
   72.000000000000000       -2.9839551762123072E-002  0.25500000000000000       0.37600000000000000       0.34100000000000003        1.2400000000000000E-002   1.5599999999999999E-002
   73.000000000000000       -3.6931240839769917E-002  0.24660000000000001       0.38400000000000001       0.34100000000000003        1.2200000000000001E-002   1.6199999999999999E-002
   74.000000000000000       -4.5708764667281347E-002  0.23080000000000001       0.39939999999999998       0.34100000000000003        1.2000000000000000E-002   1.6799999999999999E-002
   75.000000000000000       -5.5315184177218493E-002  0.21299999999999999       0.41660000000000003       0.34100000000000003        1.2200000000000001E-002   1.7200000000000000E-002
   76.000000000000000       -6.5929055473871928E-002  0.20319999999999999       0.42540000000000000       0.34100000000000003        1.2600000000000000E-002   1.7800000000000000E-002
   77.000000000000000       -7.7715883629770569E-002  0.20860000000000001       0.41480000000000000       0.34560000000000002        1.2600000000000000E-002   1.8400000000000000E-002
   78.000000000000000       -9.1133059099227878E-002  0.21379999999999999       0.41480000000000000       0.34020000000000000        1.1400000000000000E-002   1.9800000000000002E-002
   79.000000000000000      -0.10490110583589379       0.21520000000000000       0.41480000000000000       0.33879999999999999        1.1200000000000000E-002   2.0000000000000000E-002
   80.000000000000000      -0.11675972351037482        7.8600000000000003E-002  0.55079999999999996       0.33860000000000001        1.1800000000000000E-002   2.0199999999999999E-002
   81.000000000000000      -0.12711937618262895        7.8600000000000003E-002  0.55400000000000005       0.33520000000000000        1.1599999999999999E-002   2.0600000000000000E-002
   82.000000000000000      -0.13387056226542932        7.8600000000000003E-002  0.55500000000000005       0.33300000000000002        1.1400000000000000E-002   2.1999999999999999E-002
   83.000000000000000      -0.14232192579113662        7.8600000000000003E-002  0.55659999999999998       0.33060000000000000        1.0200000000000001E-002   2.4000000000000000E-002
   84.000000000000000      -0.14611294541581629        7.8600000000000003E-002  0.55659999999999998       0.33060000000000000        1.0200000000000001E-002   2.4000000000000000E-002
   85.000000000000000      -0.15038880628221804        0.0000000000000000       0.63360000000000005       0.33220000000000000        1.0200000000000001E-002   2.4000000000000000E-002
   86.000000000000000      -0.15468373886455680        4.0000000000000002E-004  0.63360000000000005       0.33179999999999998        9.7999999999999997E-003   2.4400000000000002E-002
   87.000000000000000      -0.14893178179110964        1.1999999999999999E-003  0.63360000000000005       0.33060000000000000        9.7999999999999997E-003   2.4799999999999999E-002
   88.000000000000000      -0.14176624381292305        1.8000000000000000E-003  0.71879999999999999       0.24460000000000001        9.7999999999999997E-003   2.5000000000000001E-002
   89.000000000000000      -0.13085168654340512        1.8000000000000000E-003  0.71840000000000004       0.24460000000000001        1.0200000000000001E-002   2.5000000000000001E-002
   90.000000000000000      -0.12765927304644836        1.4000000000000000E-003  0.71819999999999995       0.24460000000000001        1.0600000000000000E-002   2.5200000000000000E-002
   91.000000000000000      -0.12199717914069172        2.5999999999999999E-003  0.71699999999999997       0.24460000000000001        1.0600000000000000E-002   2.5200000000000000E-002
   92.000000000000000      -0.11455550778502276        1.8000000000000000E-003  0.71779999999999999       0.24460000000000001        1.0600000000000000E-002   2.5200000000000000E-002
   93.000000000000000      -0.10462066077683167        1.8000000000000000E-003  0.71779999999999999       0.24460000000000001        1.0600000000000000E-002   2.5200000000000000E-002
   94.000000000000000       -9.4073049930798402E-002   2.3999999999999998E-003  0.71719999999999995       0.24460000000000001        1.0600000000000000E-002   2.5200000000000000E-002
   95.000000000000000       -8.0810022516029437E-002   2.0000000000000000E-003  0.71760000000000002       0.24460000000000001        1.0600000000000000E-002   2.5200000000000000E-002
   96.000000000000000       -6.7191538403878773E-002   2.0000000000000000E-003  0.71740000000000004       0.24460000000000001        1.1200000000000000E-002   2.4799999999999999E-002
   97.000000000000000       -5.8742014449040605E-002   1.8000000000000000E-003  0.71740000000000004       0.24460000000000001        1.1400000000000000E-002   2.4799999999999999E-002
   98.000000000000000       -4.4070660795268418E-002   1.8000000000000000E-003  0.71740000000000004       0.24460000000000001        1.0999999999999999E-002   2.5200000000000000E-002
   99.000000000000000       -2.7582109425070160E-002   1.8000000000000000E-003  0.71740000000000004       0.24460000000000001        1.0999999999999999E-002   2.5200000000000000E-002
   100.00000000000000       -1.4946298216390191E-002   2.0000000000000000E-003  0.71660000000000001       0.24460000000000001        1.1599999999999999E-002   2.5200000000000000E-002
   101.00000000000000       -3.4326797687444822E-003   2.0000000000000000E-003  0.71619999999999995       0.24460000000000001        1.2400000000000000E-002   2.4799999999999999E-002
   102.00000000000000        9.9583256192679430E-003   2.0000000000000000E-003  0.65080000000000005       0.30840000000000001        1.4400000000000000E-002   2.4400000000000002E-002
   103.00000000000000        1.4553413863642044E-002   2.0000000000000000E-003  0.65080000000000005       0.30640000000000001        1.6400000000000001E-002   2.4400000000000002E-002
   104.00000000000000        2.6153885595240336E-003   2.0000000000000000E-003  0.65080000000000005       0.30380000000000001        1.9000000000000000E-002   2.4400000000000002E-002
   105.00000000000000       -1.2239280694319069E-002   2.4000000000000000E-002  0.62660000000000005       0.30299999999999999        2.1800000000000000E-002   2.4600000000000000E-002
   106.00000000000000       -2.0235673579835283E-002   2.4000000000000000E-002  0.62419999999999998       0.30520000000000003        2.1800000000000000E-002   2.4799999999999999E-002
   107.00000000000000       -1.2476940678888916E-002   2.4000000000000000E-002  0.62300000000000000       0.30640000000000001        2.1800000000000000E-002   2.4799999999999999E-002
   108.00000000000000       -5.1749181101126106E-003   2.4000000000000000E-002  0.62219999999999998       0.30700000000000000        2.1800000000000000E-002   2.5000000000000001E-002
   109.00000000000000       -2.1324275079501395E-003   2.2800000000000001E-002  0.62319999999999998       0.30540000000000000        2.3199999999999998E-002   2.5399999999999999E-002
   110.00000000000000        6.3463489029644098E-004   2.3000000000000000E-002  0.62300000000000000       0.30480000000000002        2.3199999999999998E-002   2.5999999999999999E-002
   111.00000000000000        3.5674831003412698E-003   2.3000000000000000E-002  0.62180000000000002       0.30099999999999999        2.8000000000000001E-002   2.6200000000000001E-002
   112.00000000000000        4.9949807044116275E-003   2.3000000000000000E-002  0.62080000000000002       0.30199999999999999        2.8199999999999999E-002   2.5999999999999999E-002
   113.00000000000000        7.4864033495763080E-003   2.3000000000000000E-002  0.61480000000000001       0.30280000000000001        3.3000000000000002E-002   2.6400000000000000E-002
   114.00000000000000        8.1019162231245907E-003   2.3000000000000000E-002  0.60719999999999996       0.30919999999999997        3.4200000000000001E-002   2.6400000000000000E-002
   115.00000000000000        7.1657929195603019E-003   2.3000000000000000E-002  0.60660000000000003       0.30480000000000002        3.8399999999999997E-002   2.7199999999999998E-002
   116.00000000000000        2.0931164457051680E-003   2.3000000000000000E-002  0.60680000000000001       0.30440000000000000        3.8600000000000002E-002   2.7199999999999998E-002
   117.00000000000000       -3.9206977556206883E-003   2.2400000000000000E-002  0.59079999999999999       0.32100000000000001        3.8600000000000002E-002   2.7199999999999998E-002
   118.00000000000000       -1.4781869672596107E-002   2.2400000000000000E-002  0.59160000000000001       0.31979999999999997        3.9199999999999999E-002   2.7000000000000000E-002
   119.00000000000000       -2.7352856887794819E-002   2.2400000000000000E-002  0.57899999999999996       0.33100000000000002        4.0599999999999997E-002   2.7000000000000000E-002
   120.00000000000000       -4.0989020448061381E-002   2.2400000000000000E-002  0.55820000000000003       0.35060000000000002        4.0200000000000000E-002   2.8600000000000000E-002
   121.00000000000000       -5.7948882856573791E-002   2.2400000000000000E-002  0.55020000000000002       0.35859999999999997        4.0200000000000000E-002   2.8600000000000000E-002
   122.00000000000000       -7.6267231694148507E-002   2.2400000000000000E-002  0.54659999999999997       0.35859999999999997        4.3200000000000002E-002   2.9200000000000000E-002
   123.00000000000000       -9.9921615848922535E-002  0.13400000000000001       0.43359999999999999       0.35999999999999999        4.2799999999999998E-002   2.9600000000000001E-002
   124.00000000000000      -0.10374383601754060       0.13400000000000001       0.47399999999999998       0.31960000000000000        4.2799999999999998E-002   2.9600000000000001E-002
   125.00000000000000       -9.8372197769363970E-002   9.7600000000000006E-002  0.51100000000000001       0.31879999999999997        4.2599999999999999E-002   2.9999999999999999E-002
   126.00000000000000       -9.3003549846689293E-002   9.8199999999999996E-002  0.51019999999999999       0.31879999999999997        4.2799999999999998E-002   2.9999999999999999E-002
   127.00000000000000       -5.9964072877108136E-002   9.8599999999999993E-002  0.50980000000000003       0.31879999999999997        4.2799999999999998E-002   2.9999999999999999E-002
   128.00000000000000       -2.6179937183767168E-002   9.8400000000000001E-002  0.51000000000000001       0.16439999999999999       0.19700000000000001        3.0200000000000001E-002
   129.00000000000000       -3.1666443264757290E-003   9.8400000000000001E-002  0.50860000000000005       0.16439999999999999       0.19839999999999999        3.0200000000000001E-002
   130.00000000000000        1.6492152113525914E-002   9.8199999999999996E-002  0.50880000000000003       0.16439999999999999       0.19839999999999999        3.0200000000000001E-002
   131.00000000000000        2.3976052931475714E-002   9.8000000000000004E-002  0.50880000000000003       0.16420000000000001       0.19860000000000000        3.0400000000000000E-002
   132.00000000000000        4.3147441782729681E-002   9.8199999999999996E-002  0.50860000000000005       0.16420000000000001       0.19860000000000000        3.0400000000000000E-002
   133.00000000000000        4.9305294487400335E-002   9.7400000000000000E-002  0.50860000000000005       0.16420000000000001       0.19939999999999999        3.0400000000000000E-002
   134.00000000000000        5.0540607436566971E-002   9.7400000000000000E-002  0.50819999999999999       0.16420000000000001       0.19980000000000001        3.0400000000000000E-002
   135.00000000000000        4.6627790932056441E-002   9.7400000000000000E-002  0.50819999999999999       0.16400000000000001       0.19980000000000001        3.0599999999999999E-002
   136.00000000000000        3.6121136886783013E-002   9.7400000000000000E-002  0.50819999999999999       0.16400000000000001       0.19980000000000001        3.0599999999999999E-002
   137.00000000000000        2.0987838324577637E-002   9.7400000000000000E-002  0.50680000000000003       0.16400000000000001       0.20119999999999999        3.0599999999999999E-002
   138.00000000000000        1.5845424367770325E-003   9.7400000000000000E-002  0.50680000000000003       0.15820000000000001       0.20699999999999999        3.0599999999999999E-002
   139.00000000000000       -2.1105143314906823E-002  0.10100000000000001       0.50260000000000005       0.15840000000000001       0.20699999999999999        3.1000000000000000E-002
   140.00000000000000       -4.4047627247327359E-002  0.10040000000000000       0.50160000000000005       0.15840000000000001       0.20860000000000001        3.1000000000000000E-002
   141.00000000000000       -3.8682502842591969E-002   9.7799999999999998E-002  0.50380000000000003       0.15840000000000001       0.20860000000000001        3.1399999999999997E-002
   142.00000000000000       -3.2327818772655975E-002   9.9000000000000005E-002  0.61360000000000003        4.4600000000000001E-002  0.20820000000000000        3.4599999999999999E-002
   143.00000000000000       -2.5560190891518821E-002  0.10240000000000000       0.61899999999999999        3.5400000000000001E-002  0.20780000000000001        3.5400000000000001E-002
   144.00000000000000       -3.2345583430843927E-002  0.10059999999999999       0.61599999999999999        3.2599999999999997E-002  0.21479999999999999        3.5999999999999997E-002
   145.00000000000000       -1.9737103421038654E-002  0.10040000000000000       0.61619999999999997        3.1399999999999997E-002  0.21500000000000000        3.6999999999999998E-002
   146.00000000000000       -2.5135551794902185E-003  0.10000000000000001       0.61580000000000001        2.9999999999999999E-002  0.20880000000000001        4.5400000000000003E-002
   147.00000000000000        1.4004668035113237E-002   9.8000000000000004E-002  0.61319999999999997        3.0400000000000000E-002  0.21220000000000000        4.6199999999999998E-002
   148.00000000000000        2.8326051158815577E-002   9.8000000000000004E-002  0.61260000000000003        3.0599999999999999E-002  0.20979999999999999        4.9000000000000002E-002
   149.00000000000000        4.0971818640860670E-002   9.8000000000000004E-002  0.61080000000000001        2.9000000000000001E-002  0.21299999999999999        4.9200000000000001E-002
   150.00000000000000        8.8893755372318140E-002   9.6799999999999997E-002  0.60999999999999999        2.8799999999999999E-002  0.20880000000000001        5.5599999999999997E-002
   151.00000000000000        6.5028033409910424E-002   9.6000000000000002E-002  0.60940000000000005        2.7600000000000000E-002  0.21140000000000000        5.5599999999999997E-002
   152.00000000000000        7.9348341369689213E-002   9.4000000000000000E-002  0.59340000000000004        4.4999999999999998E-002  0.20699999999999999        6.0600000000000001E-002
   153.00000000000000        8.8325724745990042E-002   9.3799999999999994E-002  0.62060000000000004        1.4600000000000000E-002  0.20760000000000001        6.3399999999999998E-002
   154.00000000000000        9.2218922454090371E-002   9.2999999999999999E-002  0.61319999999999997        1.9400000000000001E-002  0.21079999999999999        6.3600000000000004E-002
   155.00000000000000        9.4237345059657307E-002   9.2799999999999994E-002  0.61460000000000004        1.6799999999999999E-002  0.21140000000000000        6.4399999999999999E-002
   156.00000000000000        9.4052365345226790E-002   9.2600000000000002E-002  0.62380000000000002        7.1999999999999998E-003  0.21160000000000001        6.4799999999999996E-002
   157.00000000000000        9.3707967493166067E-002   9.3200000000000005E-002  0.61439999999999995        7.4000000000000003E-003  0.21859999999999999        6.6400000000000001E-002
   158.00000000000000        9.1870936922666485E-002   7.9000000000000001E-002  0.62719999999999998        7.4000000000000003E-003  0.21980000000000000        6.6600000000000006E-002
   159.00000000000000        9.0564842940634022E-002   8.0000000000000002E-002  0.62000000000000000        7.1999999999999998E-003  0.22400000000000000        6.8800000000000000E-002
   160.00000000000000        8.9374180920208990E-002  0.10220000000000000       0.59660000000000002        6.7999999999999996E-003  0.22459999999999999        6.9800000000000001E-002
   161.00000000000000        9.2300352905246685E-002  0.11820000000000000       0.57860000000000000        7.7999999999999996E-003  0.22100000000000000        7.4399999999999994E-002
   162.00000000000000        9.7739920570223779E-002  0.11840000000000001       0.57179999999999997        1.3599999999999999E-002  0.22100000000000000        7.5200000000000003E-002
   163.00000000000000       0.10563706235380774       0.11840000000000001       0.56979999999999997        1.5400000000000000E-002  0.22100000000000000        7.5399999999999995E-002
   164.00000000000000       0.11466281185662036       0.15060000000000001       0.53739999999999999        1.5400000000000000E-002  0.22120000000000001        7.5399999999999995E-002
   165.00000000000000       0.13458019513616143       0.14940000000000001       0.53739999999999999        1.2000000000000000E-002  0.22140000000000001        7.9799999999999996E-002
   166.00000000000000       0.15302513266325485       0.14940000000000001       0.53739999999999999        1.2000000000000000E-002  0.22100000000000000        8.0199999999999994E-002
   167.00000000000000       0.16898935421308375       0.14920000000000000       0.53800000000000003        6.0000000000000001E-003  0.22380000000000000        8.3000000000000004E-002
   168.00000000000000       0.17168653315929353       0.14940000000000001       0.52100000000000002        6.0000000000000001E-003  0.24020000000000000        8.3400000000000002E-002
   169.00000000000000       0.17031392720704697       0.14940000000000001       0.51900000000000002        6.0000000000000001E-003  0.24199999999999999        8.3599999999999994E-002
   170.00000000000000       0.16675271829009405       0.14860000000000001       0.51859999999999995        6.0000000000000001E-003  0.24160000000000001        8.5199999999999998E-002
   171.00000000000000       0.15689744492173377       0.14860000000000001       0.51859999999999995        6.0000000000000001E-003  0.23960000000000001        8.7200000000000000E-002
   172.00000000000000       0.15346935111664867       0.14879999999999999       0.51380000000000003        6.0000000000000001E-003  0.24260000000000001        8.8800000000000004E-002
   173.00000000000000       0.14422748573765010       0.14560000000000001       0.51419999999999999        6.0000000000000001E-003  0.24540000000000001        8.8800000000000004E-002
   174.00000000000000       0.13386417286437716       0.14140000000000000       0.51839999999999997        6.0000000000000001E-003  0.24060000000000001        9.3600000000000003E-002
   175.00000000000000       0.12107403486870501       0.13800000000000001       0.52180000000000004        6.0000000000000001E-003  0.24060000000000001        9.3600000000000003E-002
   176.00000000000000       0.10664217757232490       0.13800000000000001       0.52180000000000004        6.0000000000000001E-003  0.24060000000000001        9.3600000000000003E-002
   177.00000000000000        9.0426131789793862E-002  0.13840000000000000       0.49959999999999999        2.5999999999999999E-002  0.24140000000000000        9.4600000000000004E-002
   178.00000000000000        7.1109608970297861E-002  0.13800000000000001       0.49959999999999999        2.5399999999999999E-002  0.23999999999999999        9.7000000000000003E-002
   179.00000000000000        5.0158382556801440E-002   1.4000000000000000E-002  0.52439999999999998       0.12420000000000000       0.24040000000000000        9.7000000000000003E-002
   180.00000000000000        3.4367687088395840E-002   1.4000000000000000E-002  0.52059999999999995       0.12460000000000000       0.24340000000000001        9.7400000000000000E-002
   181.00000000000000        1.5006621374274616E-002   1.4000000000000000E-002  0.52439999999999998       0.11820000000000000       0.24540000000000001        9.8000000000000004E-002
   182.00000000000000       -5.4355523041104865E-003   1.4000000000000000E-002  0.52580000000000005       0.11380000000000000       0.24759999999999999        9.8799999999999999E-002
   183.00000000000000       -2.5936250451989766E-002  0.11160000000000000       0.42840000000000000       0.11160000000000000       0.24759999999999999       0.10080000000000000     
   184.00000000000000       -4.1339641962676726E-002  0.11140000000000000       0.42840000000000000       0.11160000000000000       0.24640000000000001       0.10220000000000000     
   185.00000000000000       -5.1974283134147065E-002  0.11140000000000000       0.42840000000000000       0.11119999999999999       0.24679999999999999       0.10220000000000000     
   186.00000000000000       -5.8010627937706533E-002  0.10960000000000000       0.42840000000000000       0.11119999999999999       0.24600000000000000       0.10480000000000000     
   187.00000000000000       -5.8900611599366770E-002  0.10960000000000000       0.42840000000000000       0.10620000000000000       0.24240000000000000       0.11340000000000000     
   188.00000000000000       -5.6375537322019817E-002  0.10780000000000001       0.42420000000000002       0.10600000000000000       0.24660000000000001       0.11540000000000000     
   189.00000000000000       -5.4300420665555391E-002  0.10780000000000001       0.42420000000000002       0.10600000000000000       0.23880000000000001       0.12320000000000000     
   190.00000000000000       -5.6162597060021247E-002  0.10620000000000000       0.42499999999999999       0.10600000000000000       0.23899999999999999       0.12379999999999999     
   191.00000000000000       -5.5799693020437587E-002  0.10560000000000000       0.42559999999999998       0.10600000000000000       0.23640000000000000       0.12640000000000001     
   192.00000000000000       -5.1842487942779139E-002  0.10360000000000000       0.42699999999999999       0.10600000000000000       0.22520000000000001       0.13819999999999999     
   193.00000000000000       -4.7216655704482191E-002  0.10080000000000000       0.42980000000000002       0.10600000000000000       0.22559999999999999       0.13780000000000001     
   194.00000000000000       -4.0383266007730435E-002   9.9800000000000000E-002  0.43080000000000002       0.10600000000000000       0.22559999999999999       0.13780000000000001     
   195.00000000000000       -3.1742220973782008E-002   9.9400000000000002E-002  0.43020000000000003       0.10600000000000000       0.22559999999999999       0.13880000000000001     
   196.00000000000000       -2.3042002566038458E-002   9.9400000000000002E-002  0.42940000000000000       0.10600000000000000       0.22620000000000001       0.13900000000000001     
   197.00000000000000       -1.3449197473332238E-002   9.9400000000000002E-002  0.42940000000000000       0.10600000000000000       0.22620000000000001       0.13900000000000001     
   198.00000000000000        9.8268603341627320E-004   9.3200000000000005E-002  0.43340000000000001       0.10600000000000000       0.22639999999999999       0.14099999999999999     
   199.00000000000000        1.4628599067853021E-002   9.3200000000000005E-002  0.43319999999999997       0.10600000000000000       0.22639999999999999       0.14119999999999999     
   200.00000000000000        2.7567350991360068E-002   9.3200000000000005E-002  0.43319999999999997       0.10600000000000000       0.22600000000000001       0.14160000000000000     
   201.00000000000000        4.0846549336827180E-002   8.8999999999999996E-002  0.43719999999999998       0.10600000000000000       0.22620000000000001       0.14160000000000000     
   202.00000000000000        5.4420322218591881E-002   8.8599999999999998E-002  0.43640000000000001       0.10600000000000000       0.22620000000000001       0.14280000000000001     
   203.00000000000000        7.1274554225103745E-002   8.8200000000000001E-002  0.34320000000000001       0.19860000000000000       0.22720000000000001       0.14280000000000001     
   204.00000000000000        7.8316177655362321E-002   8.8200000000000001E-002  0.34320000000000001       0.19800000000000001       0.22760000000000000       0.14299999999999999     
   205.00000000000000        7.9830838854243941E-002   0.0000000000000000       0.43020000000000003       0.19780000000000000       0.22880000000000000       0.14319999999999999     
   206.00000000000000        9.9878190254926641E-002   0.0000000000000000       0.42859999999999998       0.19580000000000000       0.22900000000000001       0.14660000000000001     
   207.00000000000000       0.12154026096000944        0.0000000000000000       0.41539999999999999       0.20799999999999999       0.23060000000000000       0.14599999999999999     
   208.00000000000000       0.14250011860239928        0.0000000000000000       0.41499999999999998       0.20560000000000000       0.22159999999999999       0.15780000000000000     
   209.00000000000000       0.16190592750008331        0.0000000000000000       0.41520000000000001       0.20540000000000000       0.20820000000000000       0.17119999999999999     
   210.00000000000000       0.18204050981426190        0.0000000000000000       0.41680000000000000       0.20380000000000001       0.21740000000000001       0.16200000000000001     
   211.00000000000000       0.19842672498454300        0.0000000000000000       0.41760000000000003       0.20260000000000000        4.0000000000000002E-004  0.37940000000000002     
   212.00000000000000       0.20209322054422574        0.0000000000000000       0.41899999999999998       0.19760000000000000        2.5999999999999999E-003  0.38080000000000003     
   213.00000000000000       0.29988679749750619        5.5999999999999999E-003  0.43080000000000002       0.14820000000000000        2.7799999999999998E-002  0.38760000000000000     
   214.00000000000000       0.86428016325845469        1.9800000000000002E-002  0.29080000000000000       0.24320000000000000        5.8599999999999999E-002  0.38760000000000000     
   215.00000000000000       0.26416312820028953        1.9000000000000000E-002  0.27379999999999999       0.25259999999999999        6.4399999999999999E-002  0.39019999999999999     
   216.00000000000000       0.27046058636849990        1.8400000000000000E-002  0.24260000000000001       0.28280000000000000        6.9800000000000001E-002  0.38640000000000002     
