#        BMIN =   404
#        BMAX =   408
#     INIBAND =   406
#      NBANDS =   540
#         NSW =  2000
#       POTIM =   1.0
#        TEMP = 300.0
#    NAMDTINI =   883
#    NAMDTIME =  1000
#       NTRAJ =  5000
#        NELM =  1000
#       LHOLE =     T
#        LSHP =     T
#      LCPTXT =     T
#      RUNDIR = ../../run/
   1.0000000000000000       0.17526935294961449        0.0000000000000000        0.0000000000000000        1.0000000000000000        0.0000000000000000        0.0000000000000000     
   2.0000000000000000       0.18794067678331994        0.0000000000000000        0.0000000000000000        1.0000000000000000        0.0000000000000000        0.0000000000000000     
   3.0000000000000000       0.20128485897868936        0.0000000000000000        0.0000000000000000        1.0000000000000000        0.0000000000000000        0.0000000000000000     
   4.0000000000000000       0.21443770606489262        0.0000000000000000        0.0000000000000000        1.0000000000000000        0.0000000000000000        0.0000000000000000     
   5.0000000000000000       0.22778532568376375        0.0000000000000000        0.0000000000000000        1.0000000000000000        0.0000000000000000        0.0000000000000000     
   6.0000000000000000       0.24108853077905507        0.0000000000000000        0.0000000000000000        1.0000000000000000        0.0000000000000000        0.0000000000000000     
   7.0000000000000000       0.25216976204411046        0.0000000000000000        0.0000000000000000        1.0000000000000000        0.0000000000000000        0.0000000000000000     
   8.0000000000000000       0.26326310654242102        0.0000000000000000        0.0000000000000000        1.0000000000000000        0.0000000000000000        0.0000000000000000     
   9.0000000000000000       0.28091190630832585        0.0000000000000000        0.0000000000000000       0.99980000000000002        2.0000000000000001E-004   0.0000000000000000     
   10.000000000000000       0.27857932955986298        0.0000000000000000        0.0000000000000000       0.99980000000000002        2.0000000000000001E-004   0.0000000000000000     
   11.000000000000000       0.30209460312287123        0.0000000000000000        4.0000000000000002E-004  0.99919999999999998        4.0000000000000002E-004   0.0000000000000000     
   12.000000000000000       0.29251664395638499        0.0000000000000000        2.0000000000000001E-004  0.99939999999999996        4.0000000000000002E-004   0.0000000000000000     
   13.000000000000000       0.30534179939442341        0.0000000000000000        2.0000000000000001E-004  0.99919999999999998        5.9999999999999995E-004   0.0000000000000000     
   14.000000000000000       0.32746205006273960        0.0000000000000000        2.5999999999999999E-003  0.99680000000000002        5.9999999999999995E-004   0.0000000000000000     
   15.000000000000000       0.34759303902338690        0.0000000000000000        0.0000000000000000       0.99900000000000000        5.9999999999999995E-004   4.0000000000000002E-004
   16.000000000000000       0.26568706670373771        0.0000000000000000        0.0000000000000000       0.99860000000000004        1.0000000000000000E-003   4.0000000000000002E-004
   17.000000000000000       0.36560566181976650        0.0000000000000000        0.0000000000000000       0.99860000000000004        1.0000000000000000E-003   4.0000000000000002E-004
   18.000000000000000       0.18573374173375665        0.0000000000000000        2.0000000000000001E-004  0.99839999999999995        1.0000000000000000E-003   4.0000000000000002E-004
   19.000000000000000       0.41419499729214315        0.0000000000000000        2.0000000000000001E-004  0.99839999999999995        1.0000000000000000E-003   4.0000000000000002E-004
   20.000000000000000       0.42648836846548555        0.0000000000000000        0.0000000000000000       0.99819999999999998        1.4000000000000000E-003   4.0000000000000002E-004
   21.000000000000000       0.41870190343809172        0.0000000000000000        0.0000000000000000       0.99760000000000004        2.0000000000000000E-003   4.0000000000000002E-004
   22.000000000000000       0.40057965853070326        0.0000000000000000        0.0000000000000000       0.99760000000000004        2.0000000000000000E-003   4.0000000000000002E-004
   23.000000000000000       0.51290513920609249        0.0000000000000000        0.0000000000000000       0.99760000000000004        2.0000000000000000E-003   4.0000000000000002E-004
   24.000000000000000       0.41330154554923765        0.0000000000000000        0.0000000000000000       0.99760000000000004        1.8000000000000000E-003   5.9999999999999995E-004
   25.000000000000000       0.40510971278435431        0.0000000000000000        0.0000000000000000       0.99760000000000004        1.8000000000000000E-003   5.9999999999999995E-004
   26.000000000000000       0.37518822926834905        0.0000000000000000        0.0000000000000000       0.99760000000000004        1.8000000000000000E-003   5.9999999999999995E-004
   27.000000000000000       0.21033995530894478        0.0000000000000000        0.0000000000000000       0.85719999999999996       0.14199999999999999        8.0000000000000004E-004
   28.000000000000000       0.56641496602000230        0.0000000000000000        0.0000000000000000       0.82260000000000000       0.17399999999999999        3.3999999999999998E-003
   29.000000000000000       0.54745938385537318        0.0000000000000000        0.0000000000000000       0.82260000000000000       0.17399999999999999        3.3999999999999998E-003
   30.000000000000000       0.56185999274529819        0.0000000000000000        0.0000000000000000       0.81899999999999995       0.17760000000000001        3.3999999999999998E-003
   31.000000000000000       0.55616082366214925        0.0000000000000000        0.0000000000000000       0.80679999999999996       0.18579999999999999        7.4000000000000003E-003
   32.000000000000000       0.34263717249312264        0.0000000000000000        0.0000000000000000       0.80679999999999996       0.18579999999999999        7.4000000000000003E-003
   33.000000000000000       0.32612679991824600        0.0000000000000000        4.0000000000000002E-004  0.80520000000000003       0.18700000000000000        7.4000000000000003E-003
   34.000000000000000       0.30899688793449565        0.0000000000000000        4.0000000000000002E-004  0.80440000000000000       0.18759999999999999        7.6000000000000000E-003
   35.000000000000000       0.29125705299472021        0.0000000000000000        4.0000000000000002E-004  0.80440000000000000       0.18759999999999999        7.6000000000000000E-003
   36.000000000000000       0.27309533105476008        0.0000000000000000        2.0000000000000001E-004  0.80059999999999998       0.19100000000000000        8.2000000000000007E-003
   37.000000000000000       0.25342066111574973        0.0000000000000000        2.0000000000000001E-004  0.80059999999999998       0.19100000000000000        8.2000000000000007E-003
   38.000000000000000       0.23405755972608550        0.0000000000000000        2.0000000000000001E-004  0.79979999999999996       0.19059999999999999        9.4000000000000004E-003
   39.000000000000000       0.21505794702409348        0.0000000000000000        2.0000000000000001E-004  0.79359999999999997       0.19300000000000000        1.3200000000000000E-002
   40.000000000000000       0.19357112029526963        0.0000000000000000        2.0000000000000001E-004  0.79159999999999997       0.19420000000000001        1.4000000000000000E-002
   41.000000000000000       0.17076331248205801        0.0000000000000000        2.0000000000000001E-004  0.78900000000000003       0.19380000000000000        1.7000000000000001E-002
   42.000000000000000       0.14696895019791689        0.0000000000000000        2.0000000000000001E-004  0.78739999999999999       0.19500000000000001        1.7399999999999999E-002
   43.000000000000000       0.12287796507134831        0.0000000000000000        2.8000000000000000E-003  0.78159999999999996       0.19500000000000001        2.0600000000000000E-002
   44.000000000000000        9.8253379543954147E-002   0.0000000000000000        6.4000000000000003E-003  0.77800000000000002       0.19120000000000001        2.4400000000000002E-002
   45.000000000000000        7.8732890021795801E-002   0.0000000000000000        3.3999999999999998E-003  0.76939999999999997       0.20160000000000000        2.5600000000000001E-002
   46.000000000000000        5.6409729491706272E-002   0.0000000000000000        7.1999999999999998E-003  0.76459999999999995       0.20119999999999999        2.7000000000000000E-002
   47.000000000000000        3.4484560649889071E-002   0.0000000000000000        7.1999999999999998E-003  0.76459999999999995       0.20119999999999999        2.7000000000000000E-002
   48.000000000000000        1.3356050374075012E-002   0.0000000000000000        4.7999999999999996E-003  0.76700000000000002       0.20119999999999999        2.7000000000000000E-002
   49.000000000000000       -4.1626347573987723E-003   0.0000000000000000        4.7999999999999996E-003  0.75419999999999998       0.21160000000000001        2.9399999999999999E-002
   50.000000000000000       -2.3082275009768546E-002   2.0000000000000001E-004   5.4000000000000003E-003  0.74939999999999996       0.21120000000000000        3.3799999999999997E-002
   51.000000000000000       -4.2011998247082627E-002   2.0000000000000001E-004   9.7999999999999997E-003  0.74399999999999999       0.21120000000000000        3.4799999999999998E-002
   52.000000000000000       -5.9086067122174249E-002   2.8000000000000000E-003   1.4400000000000000E-002  0.73680000000000001       0.20979999999999999        3.6200000000000003E-002
   53.000000000000000       -7.6831797914047734E-002   8.0000000000000004E-004  0.24140000000000000       0.51160000000000005       0.20979999999999999        3.6400000000000002E-002
   54.000000000000000       -7.3902983263409883E-002   1.1999999999999999E-003  0.24099999999999999       0.51160000000000005       0.20960000000000001        3.6600000000000001E-002
   55.000000000000000       -6.2428153923559229E-002   1.1999999999999999E-003  0.24099999999999999       0.51160000000000005       0.20960000000000001        3.6600000000000001E-002
   56.000000000000000       -4.9317930652663655E-002   1.1999999999999999E-003  0.24099999999999999       0.51160000000000005       0.20960000000000001        3.6600000000000001E-002
   57.000000000000000       -3.4874457108630637E-002   1.1999999999999999E-003  0.24099999999999999       0.51160000000000005       0.20960000000000001        3.6600000000000001E-002
   58.000000000000000       -2.1241574509172939E-002   1.1999999999999999E-003  0.23880000000000001       0.51160000000000005       0.21120000000000000        3.7199999999999997E-002
   59.000000000000000       -7.8658456662601423E-003   1.1999999999999999E-003  0.23860000000000001       0.51160000000000005       0.21099999999999999        3.7600000000000001E-002
   60.000000000000000        4.3514631222094421E-003   1.1999999999999999E-003  0.23680000000000001       0.51160000000000005       0.21199999999999999        3.8399999999999997E-002
   61.000000000000000        1.4414742513772243E-002   1.1999999999999999E-003  0.23660000000000000       0.51160000000000005       0.21220000000000000        3.8399999999999997E-002
   62.000000000000000        2.2439770640791952E-002   1.1999999999999999E-003  0.23660000000000000       0.51160000000000005       0.21199999999999999        3.8600000000000002E-002
   63.000000000000000        3.4033406722596374E-002   1.1999999999999999E-003   0.0000000000000000       0.74819999999999998       0.21040000000000000        4.0200000000000000E-002
   64.000000000000000        3.4883583280262552E-002   1.1999999999999999E-003   0.0000000000000000       0.74819999999999998       0.21040000000000000        4.0200000000000000E-002
   65.000000000000000        5.7675531414319567E-002   1.1999999999999999E-003   0.0000000000000000       0.74719999999999998       0.20899999999999999        4.2599999999999999E-002
   66.000000000000000        7.9482731118050515E-002   1.1999999999999999E-003   0.0000000000000000       0.74719999999999998       0.20899999999999999        4.2599999999999999E-002
   67.000000000000000       0.10216185432404185        1.1999999999999999E-003   0.0000000000000000       0.74439999999999995       0.20899999999999999        4.5400000000000003E-002
   68.000000000000000       0.12304590694559869        1.1999999999999999E-003   0.0000000000000000       0.74439999999999995       0.20899999999999999        4.5400000000000003E-002
   69.000000000000000       0.14443269386856084        1.1999999999999999E-003   0.0000000000000000       0.74180000000000001       0.21160000000000001        4.5400000000000003E-002
   70.000000000000000       0.16500787701683753        1.1999999999999999E-003   0.0000000000000000       0.74180000000000001       0.21160000000000001        4.5400000000000003E-002
   71.000000000000000       0.18431065132250465        1.0000000000000000E-003   0.0000000000000000       0.73660000000000003       0.21679999999999999        4.5600000000000002E-002
   72.000000000000000       0.20246385526728555        8.0000000000000004E-004   2.0000000000000001E-004  0.73519999999999996       0.21679999999999999        4.7000000000000000E-002
   73.000000000000000       0.21921555269416082        5.9999999999999995E-004   4.0000000000000002E-004  0.73299999999999998       0.21720000000000000        4.8800000000000003E-002
   74.000000000000000       0.23353723001385343        5.9999999999999995E-004   4.0000000000000002E-004  0.73299999999999998       0.21720000000000000        4.8800000000000003E-002
   75.000000000000000       0.24710167381125245        5.9999999999999995E-004   4.0000000000000002E-004  0.73099999999999998       0.21920000000000001        4.8800000000000003E-002
   76.000000000000000       0.25884457631965568        5.9999999999999995E-004   4.0000000000000002E-004  0.72960000000000003       0.21920000000000001        5.0200000000000002E-002
   77.000000000000000       0.26716237017218847        5.9999999999999995E-004   8.0000000000000004E-004  0.72860000000000003       0.21820000000000001        5.1799999999999999E-002
   78.000000000000000       0.28559003567575797        5.9999999999999995E-004   8.0000000000000004E-004  0.72740000000000005       0.21840000000000001        5.2800000000000000E-002
   79.000000000000000       0.28928867332660874        5.9999999999999995E-004   8.0000000000000004E-004  0.72760000000000002       0.21779999999999999        5.3199999999999997E-002
   80.000000000000000       0.29384158538213478        5.9999999999999995E-004   1.0000000000000000E-003  0.72319999999999995       0.21840000000000001        5.6800000000000003E-002
   81.000000000000000       0.30306110774004136        5.9999999999999995E-004   1.0000000000000000E-003  0.71660000000000001       0.22059999999999999        6.1199999999999997E-002
   82.000000000000000       0.30990506317038058        5.9999999999999995E-004   1.0000000000000000E-003  0.71660000000000001       0.22040000000000001        6.1400000000000003E-002
   83.000000000000000       0.30694969125256366        5.9999999999999995E-004   1.0000000000000000E-003  0.71660000000000001       0.22020000000000001        6.1600000000000002E-002
   84.000000000000000       0.31041514087304878        4.0000000000000002E-004   1.0000000000000000E-003  0.71519999999999995       0.22180000000000000        6.1600000000000002E-002
   85.000000000000000       0.31023396907740997        4.0000000000000002E-004   1.0000000000000000E-003  0.71519999999999995       0.22140000000000001        6.2000000000000000E-002
   86.000000000000000       0.30851569085592551        4.0000000000000002E-004   1.0000000000000000E-003  0.71299999999999997       0.22300000000000000        6.2600000000000003E-002
   87.000000000000000       0.30497482899029155        4.0000000000000002E-004   1.0000000000000000E-003  0.71179999999999999       0.22420000000000001        6.2600000000000003E-002
   88.000000000000000       0.29944633001715337        4.0000000000000002E-004   1.0000000000000000E-003  0.71179999999999999       0.22420000000000001        6.2600000000000003E-002
   89.000000000000000       0.29247681485053340        2.0000000000000001E-004   1.1999999999999999E-003  0.71120000000000005       0.22239999999999999        6.5000000000000002E-002
   90.000000000000000       0.28396701637459837        2.0000000000000001E-004   1.1999999999999999E-003  0.70920000000000005       0.22400000000000000        6.5400000000000000E-002
   91.000000000000000       0.27438723111882801        2.0000000000000001E-004   1.1999999999999999E-003  0.70840000000000003       0.22400000000000000        6.6199999999999995E-002
   92.000000000000000       0.26369783328725727        2.0000000000000001E-004   1.1999999999999999E-003  0.70779999999999998       0.22300000000000000        6.7799999999999999E-002
   93.000000000000000       0.25070438605130085        2.0000000000000001E-004   1.1999999999999999E-003  0.70779999999999998       0.22300000000000000        6.7799999999999999E-002
   94.000000000000000       0.23699711446339594        2.0000000000000001E-004   1.1999999999999999E-003  0.70720000000000005       0.22220000000000001        6.9199999999999998E-002
   95.000000000000000       0.21918267563514957        2.0000000000000001E-004  0.17240000000000000       0.53280000000000005       0.22539999999999999        6.9199999999999998E-002
   96.000000000000000       0.21428915513249885        2.0000000000000001E-004  0.17240000000000000       0.53280000000000005       0.22559999999999999        6.9000000000000006E-002
   97.000000000000000       0.21404340507307740        2.0000000000000001E-004  0.17180000000000001       0.53280000000000005       0.22400000000000000        7.1199999999999999E-002
   98.000000000000000       0.20942161723644867        2.0000000000000001E-004  0.17180000000000001       0.53280000000000005       0.21959999999999999        7.5600000000000001E-002
   99.000000000000000       0.20018857906407828        2.0000000000000001E-004  0.17119999999999999       0.53280000000000005       0.21820000000000001        7.7600000000000002E-002
   100.00000000000000       0.18631506431208228        2.0000000000000001E-004  0.17100000000000001       0.53280000000000005       0.21840000000000001        7.7600000000000002E-002
   101.00000000000000       0.16894341463396867        2.0000000000000001E-004  0.17060000000000000       0.53280000000000005       0.21720000000000000        7.9200000000000007E-002
   102.00000000000000       0.14789525225907069        2.0000000000000001E-004  0.17000000000000001       0.53280000000000005       0.21779999999999999        7.9200000000000007E-002
   103.00000000000000       0.11573556668837291        2.0000000000000001E-004  0.70260000000000000        0.0000000000000000       0.21520000000000000        8.2000000000000003E-002
   104.00000000000000        9.6443823516661170E-002   2.0000000000000001E-004  0.70260000000000000        0.0000000000000000       0.21479999999999999        8.2400000000000001E-002
   105.00000000000000        6.3654016946660480E-002   2.0000000000000001E-004  0.70260000000000000        0.0000000000000000       0.21099999999999999        8.6199999999999999E-002
   106.00000000000000        2.9396730606820597E-002   2.0000000000000001E-004  0.70260000000000000        0.0000000000000000       0.21060000000000001        8.6599999999999996E-002
   107.00000000000000       -4.4386852968346761E-003   2.0000000000000001E-004  0.70260000000000000        0.0000000000000000       0.21060000000000001        8.6599999999999996E-002
   108.00000000000000       -4.2623634781943628E-002  0.14019999999999999       0.56259999999999999        0.0000000000000000       0.21060000000000001        8.6599999999999996E-002
   109.00000000000000       -5.9927602122626891E-002  0.14019999999999999       0.56200000000000006        0.0000000000000000       0.20999999999999999        8.7800000000000003E-002
   110.00000000000000       -6.1181817395261871E-002  0.14019999999999999       0.56140000000000001        0.0000000000000000       0.20999999999999999        8.8400000000000006E-002
   111.00000000000000       -6.1487553201514132E-002  0.14019999999999999       0.56120000000000003        0.0000000000000000       0.21020000000000000        8.8400000000000006E-002
   112.00000000000000       -5.9737853757352688E-002  0.14040000000000000       0.55979999999999996        1.1999999999999999E-003  0.20880000000000001        8.9800000000000005E-002
   113.00000000000000       -5.6286626185523755E-002  0.13880000000000001       0.55479999999999996        4.1999999999999997E-003  0.21040000000000000        9.1800000000000007E-002
   114.00000000000000       -4.1487208547708515E-002  0.13460000000000000       0.54820000000000002        7.7999999999999996E-003  0.21659999999999999        9.2799999999999994E-002
   115.00000000000000       -4.4199275501733123E-002  0.13420000000000001       0.54700000000000004        8.2000000000000007E-003  0.21740000000000001        9.3200000000000005E-002
   116.00000000000000       -7.3808033320940936E-002  0.13300000000000001       0.54200000000000004        1.3400000000000000E-002  0.21600000000000000        9.5600000000000004E-002
   117.00000000000000        1.2084816813757795E-003  0.13239999999999999       0.54059999999999997        1.3400000000000000E-002  0.21800000000000000        9.5600000000000004E-002
   118.00000000000000       -3.0747544438944854E-002  0.12859999999999999       0.54139999999999999        1.6000000000000000E-002  0.21759999999999999        9.6400000000000000E-002
   119.00000000000000        9.2815567183372111E-002  0.12460000000000000       0.54059999999999997        1.7800000000000000E-002  0.21959999999999999        9.7400000000000000E-002
   120.00000000000000       -9.9842403312502270E-003  0.12460000000000000       0.53359999999999996        2.4799999999999999E-002  0.21959999999999999        9.7400000000000000E-002
   121.00000000000000       -1.5787614460861694E-002  0.10240000000000000       0.55359999999999998        2.6200000000000001E-002  0.21980000000000000        9.8000000000000004E-002
   122.00000000000000       -3.1208912793274854E-003  0.10240000000000000       0.55359999999999998        2.5999999999999999E-002  0.22000000000000000        9.8000000000000004E-002
   123.00000000000000        3.2477099175990697E-002  0.10100000000000001       0.15920000000000001       0.42180000000000001       0.21620000000000000       0.10180000000000000     
   124.00000000000000        4.1595403995951116E-002  0.10080000000000000       0.15900000000000000       0.42180000000000001       0.21379999999999999       0.10460000000000000     
   125.00000000000000        5.7257201312116396E-002  0.10080000000000000       0.15859999999999999       0.42180000000000001       0.21379999999999999       0.10500000000000000     
   126.00000000000000        7.1383865517307465E-002  0.10080000000000000       0.15820000000000001       0.42180000000000001       0.21420000000000000       0.10500000000000000     
   127.00000000000000        8.3769516363491628E-002   9.9599999999999994E-002  0.15939999999999999       0.42180000000000001       0.21160000000000001       0.10760000000000000     
   128.00000000000000        9.3889089546232041E-002   9.9599999999999994E-002  0.15920000000000001       0.42180000000000001       0.21160000000000001       0.10780000000000001     
   129.00000000000000       0.10100028775782613        9.9599999999999994E-002  0.15920000000000001       0.42180000000000001       0.21099999999999999       0.10840000000000000     
   130.00000000000000       0.10577260755683815        9.9599999999999994E-002  0.15920000000000001       0.42180000000000001       0.20720000000000000       0.11219999999999999     
   131.00000000000000       0.10806969021278863        9.9800000000000000E-002  0.15759999999999999       0.42180000000000001       0.20840000000000000       0.11240000000000000     
   132.00000000000000       0.10728006889771741       0.10180000000000000       0.15300000000000000       0.42180000000000001       0.21099999999999999       0.11240000000000000     
   133.00000000000000       0.10291287442889821        9.6600000000000005E-002  0.15820000000000001       0.42180000000000001       0.21099999999999999       0.11240000000000000     
   134.00000000000000        9.6023509748434863E-002   9.8000000000000004E-002  0.15620000000000001       0.42180000000000001       0.21099999999999999       0.11300000000000000     
   135.00000000000000        8.6779693396601992E-002   9.9000000000000005E-002  0.15400000000000000       0.42180000000000001       0.21160000000000001       0.11360000000000001     
   136.00000000000000        7.5513013486333047E-002   9.5000000000000001E-002  0.15740000000000001       0.42180000000000001       0.21179999999999999       0.11400000000000000     
   137.00000000000000        6.2263303928804539E-002   8.8200000000000001E-002  0.16380000000000000       0.42180000000000001       0.21220000000000000       0.11400000000000000     
   138.00000000000000        4.8909233529338639E-002   8.0399999999999999E-002  0.16960000000000000       0.42180000000000001       0.20899999999999999       0.11920000000000000     
   139.00000000000000        3.4062695285375491E-002   7.3800000000000004E-002  0.17499999999999999       0.42180000000000001       0.20979999999999999       0.11960000000000000     
   140.00000000000000        1.9319349408253472E-002   7.5800000000000006E-002  0.16980000000000001       0.42280000000000001       0.20599999999999999       0.12559999999999999     
   141.00000000000000        6.8344706259694660E-003   7.8799999999999995E-002  0.16980000000000001       0.41959999999999997       0.20660000000000001       0.12520000000000001     
   142.00000000000000       -1.4532521125156309E-003   8.0000000000000002E-002  0.16980000000000001       0.41799999999999998       0.20680000000000001       0.12540000000000001     
   143.00000000000000       -8.6996717911174519E-003   4.2999999999999997E-002  0.20540000000000000       0.41639999999999999       0.20780000000000001       0.12740000000000001     
   144.00000000000000       -1.5674186041144653E-002   4.2999999999999997E-002  0.20760000000000001       0.40939999999999999       0.21420000000000000       0.12580000000000000     
   145.00000000000000       -1.9467073221732703E-002   4.2999999999999997E-002  0.20580000000000001       0.40000000000000002       0.22359999999999999       0.12759999999999999     
   146.00000000000000       -2.8176406672388393E-002   4.2999999999999997E-002  0.20560000000000000       0.39920000000000000       0.22559999999999999       0.12659999999999999     
   147.00000000000000       -3.0895609978727374E-002   4.2999999999999997E-002  0.20380000000000001       0.39739999999999998       0.22559999999999999       0.13020000000000001     
   148.00000000000000       -3.6140234738018806E-002   1.9199999999999998E-002  0.22600000000000001       0.39860000000000001       0.22459999999999999       0.13159999999999999     
   149.00000000000000       -4.0425822560520797E-002   1.9400000000000001E-002  0.22600000000000001       0.39600000000000002       0.22739999999999999       0.13120000000000001     
   150.00000000000000       -4.1392709071257756E-002   2.0400000000000001E-002  0.22600000000000001       0.39439999999999997       0.22459999999999999       0.13460000000000000     
   151.00000000000000       -4.2208730591170335E-002   2.1600000000000001E-002  0.30459999999999998       0.31340000000000001       0.22559999999999999       0.13480000000000000     
   152.00000000000000       -3.7550246359906544E-002   2.1200000000000000E-002  0.30459999999999998       0.31340000000000001       0.22880000000000000       0.13200000000000001     
   153.00000000000000       -3.0053199992663159E-002   1.8400000000000000E-002  0.30659999999999998       0.31340000000000001       0.22960000000000000       0.13200000000000001     
   154.00000000000000       -2.0605357718640291E-002   1.9800000000000002E-002  0.30520000000000003       0.31340000000000001       0.22760000000000000       0.13400000000000001     
   155.00000000000000       -9.7174371313516819E-003   1.7200000000000000E-002  0.30759999999999998       0.31340000000000001       0.22639999999999999       0.13539999999999999     
   156.00000000000000        2.5852475199587867E-003   1.7200000000000000E-002  0.30740000000000001       0.31340000000000001       0.22880000000000000       0.13320000000000001     
   157.00000000000000        1.4905524688417146E-002   1.7399999999999999E-002  0.30719999999999997       0.31340000000000001       0.22739999999999999       0.13460000000000000     
   158.00000000000000        2.8683456031515963E-002   1.6799999999999999E-002  0.30780000000000002       0.31340000000000001       0.23139999999999999       0.13059999999999999     
   159.00000000000000        4.1826661672339491E-002   1.6799999999999999E-002  0.30740000000000001       0.31340000000000001       0.25679999999999997       0.10560000000000000     
   160.00000000000000        5.0923418827501232E-002   1.6799999999999999E-002  0.30740000000000001       0.31340000000000001       0.20039999999999999       0.16200000000000001     
   161.00000000000000        6.2943910103143944E-002   1.6799999999999999E-002  0.30740000000000001       0.31340000000000001       0.26840000000000003        9.4000000000000000E-002
   162.00000000000000        7.5448211566617893E-002   1.6600000000000000E-002  0.30759999999999998       0.31340000000000001       0.26660000000000000        9.5799999999999996E-002
   163.00000000000000        8.3725762777657642E-002   1.6600000000000000E-002  0.30759999999999998       0.31340000000000001       0.26660000000000000        9.5799999999999996E-002
   164.00000000000000        9.0342630335914637E-002   1.6400000000000001E-002  0.30759999999999998       0.31340000000000001       0.26379999999999998        9.8799999999999999E-002
   165.00000000000000        9.8125514087615773E-002   1.5200000000000000E-002  0.25659999999999999       0.36359999999999998       0.25819999999999999       0.10639999999999999     
   166.00000000000000        9.9722701198029284E-002   1.4999999999999999E-002  0.25659999999999999       0.36299999999999999       0.26019999999999999       0.10520000000000000     
   167.00000000000000       0.10360888474579477        1.4999999999999999E-002  0.25659999999999999       0.36299999999999999       0.26160000000000000       0.10380000000000000     
   168.00000000000000       0.10496914072055377        5.2800000000000000E-002  0.21700000000000000       0.36459999999999998       0.26000000000000001       0.10560000000000000     
   169.00000000000000       0.11147021418486880        5.2800000000000000E-002  0.21179999999999999       0.36340000000000000       0.26640000000000003       0.10560000000000000     
   170.00000000000000       0.11906713104545898        5.2800000000000000E-002  0.21160000000000001       0.36320000000000002       0.26519999999999999       0.10720000000000000     
   171.00000000000000       0.12657545799423930        5.2800000000000000E-002  0.21060000000000001       0.36359999999999998       0.26579999999999998       0.10720000000000000     
   172.00000000000000       0.12933269990932916        5.2600000000000001E-002  0.21079999999999999       0.36299999999999999       0.26679999999999998       0.10680000000000001     
   173.00000000000000       0.13343935177882554        5.2600000000000001E-002  0.21060000000000001       0.36180000000000001       0.26679999999999998       0.10820000000000000     
   174.00000000000000       0.13751278290256425        5.1400000000000001E-002  0.20899999999999999       0.36080000000000001       0.26719999999999999       0.11160000000000000     
   175.00000000000000       0.14063008927009377        4.8200000000000000E-002  0.21179999999999999       0.35299999999999998       0.27160000000000001       0.11540000000000000     
   176.00000000000000       0.13902257837965076        4.8200000000000000E-002  0.21179999999999999       0.35299999999999998       0.27120000000000000       0.11580000000000000     
   177.00000000000000       0.13636122833391914        4.8399999999999999E-002  0.20940000000000000       0.35060000000000002       0.27179999999999999       0.11980000000000000     
   178.00000000000000       0.13021625306225482        4.8800000000000003E-002  0.20899999999999999       0.34999999999999998       0.27200000000000002       0.12020000000000000     
   179.00000000000000       0.12137585479877125        4.8200000000000000E-002  0.20899999999999999       0.34980000000000000       0.27279999999999999       0.12020000000000000     
   180.00000000000000       0.11156474044702680        4.7199999999999999E-002  0.19639999999999999       0.36280000000000001       0.26979999999999998       0.12379999999999999     
   181.00000000000000        9.7583132401579120E-002   4.7199999999999999E-002  0.19680000000000000       0.36199999999999999       0.27020000000000000       0.12379999999999999     
   182.00000000000000        8.2185755190654436E-002   4.7000000000000000E-002  0.18779999999999999       0.37080000000000002       0.27039999999999997       0.12400000000000000     
   183.00000000000000        6.7721635350694184E-002   4.7000000000000000E-002  0.17000000000000001       0.38519999999999999       0.27379999999999999       0.12400000000000000     
   184.00000000000000        5.1879685852795072E-002   4.7000000000000000E-002  0.16180000000000000       0.39000000000000001       0.27679999999999999       0.12440000000000000     
   185.00000000000000        3.3350196333465226E-002   4.7000000000000000E-002  0.16139999999999999       0.39040000000000002       0.27700000000000002       0.12420000000000000     
   186.00000000000000        1.4569438049462903E-002   4.4200000000000003E-002  0.16320000000000001       0.39119999999999999       0.27720000000000000       0.12420000000000000     
   187.00000000000000       -1.0664061340011355E-003   4.4200000000000003E-002  0.18800000000000000       0.36640000000000000       0.27720000000000000       0.12420000000000000     
   188.00000000000000       -2.3705347170929758E-003   4.7600000000000003E-002  0.18379999999999999       0.36620000000000003       0.27820000000000000       0.12420000000000000     
   189.00000000000000        5.3296671622898827E-003   4.7600000000000003E-002  0.18379999999999999       0.36620000000000003       0.27760000000000001       0.12479999999999999     
   190.00000000000000        2.3248286619088700E-002   4.7600000000000003E-002  0.18320000000000000       0.36680000000000001       0.27760000000000001       0.12479999999999999     
   191.00000000000000        4.2820472688409203E-002   4.7600000000000003E-002  0.18279999999999999       0.17280000000000001       0.47199999999999998       0.12479999999999999     
   192.00000000000000        6.3024861530237453E-002   4.7600000000000003E-002  0.18200000000000000       0.17280000000000001       0.47280000000000000       0.12479999999999999     
   193.00000000000000        8.2436381107047541E-002   4.8599999999999997E-002  0.18099999999999999       0.17280000000000001       0.47280000000000000       0.12479999999999999     
   194.00000000000000        9.3300750643261363E-002   4.8599999999999997E-002  0.18099999999999999       0.17160000000000000       0.47280000000000000       0.12600000000000000     
   195.00000000000000       0.11093289495734579        4.8599999999999997E-002  0.18099999999999999       0.17160000000000000       0.47280000000000000       0.12600000000000000     
   196.00000000000000       0.11900546148400767        4.9000000000000002E-002  0.18060000000000001       0.17119999999999999       0.47280000000000000       0.12640000000000001     
   197.00000000000000       0.12260812897889689        4.9000000000000002E-002  0.18040000000000000       0.17119999999999999       0.47299999999999998       0.12640000000000001     
   198.00000000000000       0.12174981330645625        4.9000000000000002E-002  0.18040000000000000       0.17119999999999999       0.47299999999999998       0.12640000000000001     
   199.00000000000000       0.11521532830695939        4.9399999999999999E-002  0.18020000000000000       0.17119999999999999       0.47280000000000000       0.12640000000000001     
   200.00000000000000       0.10445085596289030        4.9200000000000001E-002  0.17979999999999999       0.17100000000000001       0.47339999999999999       0.12659999999999999     
   201.00000000000000        8.9183067781101688E-002   5.0799999999999998E-002  0.17799999999999999       0.18060000000000001       0.46400000000000002       0.12659999999999999     
   202.00000000000000        7.7183144756832023E-002   8.1600000000000006E-002  0.14720000000000000       0.18060000000000001       0.46139999999999998       0.12920000000000001     
   203.00000000000000        7.3975458680493544E-002   7.9000000000000001E-002  0.14820000000000000       0.18060000000000001       0.46179999999999999       0.13039999999999999     
   204.00000000000000        7.7567447662308386E-002   7.1599999999999997E-002  0.15540000000000001       0.18060000000000001       0.46200000000000002       0.13039999999999999     
   205.00000000000000        8.6990416168501256E-002   6.9599999999999995E-002  0.15920000000000001       0.17299999999999999       0.46620000000000000       0.13200000000000001     
   206.00000000000000        9.4103338386190616E-002   7.4999999999999997E-002  0.15659999999999999       0.16680000000000000       0.46920000000000001       0.13239999999999999     
   207.00000000000000       0.10627527115677171        7.2800000000000004E-002  0.15140000000000001       0.16940000000000000       0.47260000000000002       0.13380000000000000     
   208.00000000000000       0.12164587962371548        7.2800000000000004E-002  0.15100000000000000       0.16980000000000001       0.46479999999999999       0.14160000000000000     
   209.00000000000000       0.14064653917828951        7.1199999999999999E-002  0.15060000000000001       0.16400000000000001       0.46860000000000002       0.14560000000000001     
   210.00000000000000       0.15794540613599178        6.9599999999999995E-002  0.14940000000000001       0.15980000000000000       0.47439999999999999       0.14680000000000001     
   211.00000000000000       0.17160604373518559        6.9599999999999995E-002  0.14899999999999999       0.15959999999999999       0.47439999999999999       0.14740000000000000     
   212.00000000000000       0.18336835502025955        6.9199999999999998E-002  0.14660000000000001       0.15840000000000001       0.47599999999999998       0.14979999999999999     
   213.00000000000000       0.22822684219449677        6.8800000000000000E-002  0.14640000000000000       0.15840000000000001       0.47139999999999999       0.15500000000000000     
   214.00000000000000       0.20052792058236105        6.8000000000000005E-002  0.14660000000000001       0.15820000000000001       0.47299999999999998       0.15420000000000000     
   215.00000000000000       0.21080750181020907        6.6799999999999998E-002  0.15320000000000000       0.15040000000000001       0.46600000000000003       0.16360000000000000     
   216.00000000000000       0.21725741737876325        6.5199999999999994E-002  0.12580000000000000       0.17899999999999999       0.46100000000000002       0.16900000000000001     
