#        BMIN =   404
#        BMAX =   408
#     INIBAND =   406
#      NBANDS =   540
#         NSW =  2000
#       POTIM =   1.0
#        TEMP = 300.0
#    NAMDTINI =   954
#    NAMDTIME =  1000
#       NTRAJ =  5000
#        NELM =  1000
#       LHOLE =     T
#        LSHP =     T
#      LCPTXT =     T
#      RUNDIR = ../../run/
   1.0000000000000000       0.15476712994332387        0.0000000000000000        0.0000000000000000        1.0000000000000000        0.0000000000000000        0.0000000000000000     
   2.0000000000000000       0.17054598467400223        0.0000000000000000        0.0000000000000000       0.99980000000000002        0.0000000000000000        2.0000000000000001E-004
   3.0000000000000000       0.18451266220883550        0.0000000000000000        0.0000000000000000       0.99980000000000002        0.0000000000000000        2.0000000000000001E-004
   4.0000000000000000       0.19756522378953356        0.0000000000000000        0.0000000000000000       0.99960000000000004        0.0000000000000000        4.0000000000000002E-004
   5.0000000000000000       0.20869184981080049        0.0000000000000000        0.0000000000000000       0.99960000000000004        0.0000000000000000        4.0000000000000002E-004
   6.0000000000000000       0.21669974232480765        0.0000000000000000        0.0000000000000000       0.99960000000000004        0.0000000000000000        4.0000000000000002E-004
   7.0000000000000000       0.23517662363127953        0.0000000000000000        0.0000000000000000       0.99919999999999998        0.0000000000000000        8.0000000000000004E-004
   8.0000000000000000       0.23939128586181910        0.0000000000000000        0.0000000000000000       0.99919999999999998        0.0000000000000000        8.0000000000000004E-004
   9.0000000000000000       0.24347928364093713        0.0000000000000000        4.0000000000000002E-004  0.99860000000000004        0.0000000000000000        1.0000000000000000E-003
   10.000000000000000       0.25199802836719259        0.0000000000000000        4.0000000000000002E-004  0.99839999999999995        0.0000000000000000        1.1999999999999999E-003
   11.000000000000000       0.26008753942560608        0.0000000000000000        4.0000000000000002E-004  0.99839999999999995        0.0000000000000000        1.1999999999999999E-003
   12.000000000000000       0.25845692534161385        0.0000000000000000        4.0000000000000002E-004  0.99839999999999995        0.0000000000000000        1.1999999999999999E-003
   13.000000000000000       0.26309241978793191        0.0000000000000000        4.0000000000000002E-004  0.99839999999999995        0.0000000000000000        1.1999999999999999E-003
   14.000000000000000       0.26426743809191006        0.0000000000000000        4.0000000000000002E-004  0.99839999999999995        0.0000000000000000        1.1999999999999999E-003
   15.000000000000000       0.26356405863716581        0.0000000000000000        4.0000000000000002E-004  0.99839999999999995        0.0000000000000000        1.1999999999999999E-003
   16.000000000000000       0.26118476270130064        0.0000000000000000        4.0000000000000002E-004  0.99839999999999995        0.0000000000000000        1.1999999999999999E-003
   17.000000000000000       0.25680959814910154        0.0000000000000000        4.0000000000000002E-004  0.99839999999999995        0.0000000000000000        1.1999999999999999E-003
   18.000000000000000       0.25030506797916080        0.0000000000000000        4.0000000000000002E-004  0.99839999999999995        0.0000000000000000        1.1999999999999999E-003
   19.000000000000000       0.24231799984294333        0.0000000000000000        4.0000000000000002E-004  0.99819999999999998        2.0000000000000001E-004   1.1999999999999999E-003
   20.000000000000000       0.23319655271665954        0.0000000000000000        4.0000000000000002E-004  0.99780000000000002        2.0000000000000001E-004   1.6000000000000001E-003
   21.000000000000000       0.22262378952584477        0.0000000000000000        4.0000000000000002E-004  0.99739999999999995        4.0000000000000002E-004   1.8000000000000000E-003
   22.000000000000000       0.20987317293908850        0.0000000000000000        4.0000000000000002E-004  0.99700000000000000        4.0000000000000002E-004   2.2000000000000001E-003
   23.000000000000000       0.19582126719944659        0.0000000000000000        4.0000000000000002E-004  0.99700000000000000        4.0000000000000002E-004   2.2000000000000001E-003
   24.000000000000000       0.17830746481588036        0.0000000000000000       0.13280000000000000       0.86460000000000004        4.0000000000000002E-004   2.2000000000000001E-003
   25.000000000000000       0.17520027097350130        0.0000000000000000       0.13280000000000000       0.86460000000000004        4.0000000000000002E-004   2.2000000000000001E-003
   26.000000000000000       0.18346816265551885        0.0000000000000000       0.13280000000000000       0.86460000000000004        2.0000000000000001E-004   2.3999999999999998E-003
   27.000000000000000       0.18243898674707534        0.0000000000000000       0.13280000000000000       0.86460000000000004        2.0000000000000001E-004   2.3999999999999998E-003
   28.000000000000000       0.17532236582653926        0.0000000000000000       0.13280000000000000       0.86460000000000004        2.0000000000000001E-004   2.3999999999999998E-003
   29.000000000000000       0.16083354110612472        0.0000000000000000       0.13280000000000000       0.86460000000000004        2.0000000000000001E-004   2.3999999999999998E-003
   30.000000000000000       0.13922864769494050        0.0000000000000000       0.13280000000000000       0.86460000000000004        2.0000000000000001E-004   2.3999999999999998E-003
   31.000000000000000       0.11158082250649400        0.0000000000000000       0.13280000000000000       0.86460000000000004        2.0000000000000001E-004   2.3999999999999998E-003
   32.000000000000000        6.3523884457158231E-002   0.0000000000000000       0.99739999999999995        0.0000000000000000        2.0000000000000001E-004   2.3999999999999998E-003
   33.000000000000000        3.9302184153662809E-002   0.0000000000000000       0.99739999999999995        0.0000000000000000        2.0000000000000001E-004   2.3999999999999998E-003
   34.000000000000000       -5.7210486624340593E-003   0.0000000000000000       0.99739999999999995        0.0000000000000000        2.0000000000000001E-004   2.3999999999999998E-003
   35.000000000000000       -5.2872395808104031E-002   0.0000000000000000       0.99739999999999995        0.0000000000000000        2.0000000000000001E-004   2.3999999999999998E-003
   36.000000000000000       -9.9295726258087594E-002   0.0000000000000000       0.99739999999999995        0.0000000000000000        2.0000000000000001E-004   2.3999999999999998E-003
   37.000000000000000      -0.15703396165713643       0.30740000000000001       0.68999999999999995        0.0000000000000000        2.0000000000000001E-004   2.3999999999999998E-003
   38.000000000000000      -0.17974424042750567       0.30740000000000001       0.68999999999999995        0.0000000000000000        2.0000000000000001E-004   2.3999999999999998E-003
   39.000000000000000      -0.18744037053788939       0.30740000000000001       0.68979999999999997        0.0000000000000000        2.0000000000000001E-004   2.5999999999999999E-003
   40.000000000000000      -0.19350253426542791       0.30740000000000001       0.68979999999999997        0.0000000000000000        2.0000000000000001E-004   2.5999999999999999E-003
   41.000000000000000      -0.19731109634357258       0.30780000000000002       0.68940000000000001        0.0000000000000000        2.0000000000000001E-004   2.5999999999999999E-003
   42.000000000000000      -0.19691592856629805       0.30659999999999998       0.68820000000000003        0.0000000000000000        1.0000000000000000E-003   4.1999999999999997E-003
   43.000000000000000      -0.18551510774403340       0.30299999999999999       0.69079999999999997        2.0000000000000001E-004   1.8000000000000000E-003   4.1999999999999997E-003
   44.000000000000000      -0.18898753215590677       0.30299999999999999       0.68899999999999995        1.8000000000000000E-003   2.0000000000000000E-003   4.1999999999999997E-003
   45.000000000000000      -0.21301201476799442       0.30240000000000000       0.68920000000000003        1.8000000000000000E-003   2.2000000000000001E-003   4.4000000000000003E-003
   46.000000000000000      -0.14580422211932242       0.30240000000000000       0.68459999999999999        6.4000000000000003E-003   2.2000000000000001E-003   4.4000000000000003E-003
   47.000000000000000      -0.17910115968584006       0.30240000000000000       0.68500000000000005        6.0000000000000001E-003   2.2000000000000001E-003   4.4000000000000003E-003
   48.000000000000000       -4.8519004238544543E-002  0.30140000000000000       0.68440000000000001        6.7999999999999996E-003   2.2000000000000001E-003   5.1999999999999998E-003
   49.000000000000000      -0.15964769454908401       0.30140000000000000       0.68459999999999999        6.6000000000000000E-003   2.2000000000000001E-003   5.1999999999999998E-003
   50.000000000000000      -0.15547193388511696       0.26019999999999999       0.72460000000000002        7.1999999999999998E-003   2.2000000000000001E-003   5.7999999999999996E-003
   51.000000000000000      -0.13784294594726731       0.26000000000000001       0.72460000000000002        7.1999999999999998E-003   2.2000000000000001E-003   6.0000000000000001E-003
   52.000000000000000       -9.7532953659755783E-002  0.26179999999999998       0.35840000000000000       0.37159999999999999        1.8000000000000000E-003   6.4000000000000003E-003
   53.000000000000000       -8.4735727377093187E-002  0.26179999999999998       0.35840000000000000       0.37159999999999999        1.6000000000000001E-003   6.6000000000000000E-003
   54.000000000000000       -7.1924693907229886E-002  0.26179999999999998       0.35780000000000001       0.37159999999999999        1.6000000000000001E-003   7.1999999999999998E-003
   55.000000000000000       -6.0128807270355369E-002  0.26140000000000002       0.35820000000000002       0.37159999999999999        1.6000000000000001E-003   7.1999999999999998E-003
   56.000000000000000       -4.9396740990186892E-002  0.26140000000000002       0.35820000000000002       0.37159999999999999        1.6000000000000001E-003   7.1999999999999998E-003
   57.000000000000000       -3.9275298121256401E-002  0.26140000000000002       0.35820000000000002       0.37159999999999999        1.6000000000000001E-003   7.1999999999999998E-003
   58.000000000000000       -3.1400719345342568E-002  0.26140000000000002       0.35799999999999998       0.37159999999999999        1.6000000000000001E-003   7.4000000000000003E-003
   59.000000000000000       -2.5356322186306547E-002  0.26219999999999999       0.35720000000000002       0.37159999999999999        1.6000000000000001E-003   7.4000000000000003E-003
   60.000000000000000       -2.1201934945621604E-002  0.26360000000000000       0.35580000000000001       0.37159999999999999        1.6000000000000001E-003   7.4000000000000003E-003
   61.000000000000000       -1.9972970452993580E-002  0.26660000000000000       0.35220000000000001       0.37159999999999999        1.6000000000000001E-003   8.0000000000000002E-003
   62.000000000000000       -2.1245874149776561E-002  0.26140000000000002       0.35699999999999998       0.37159999999999999        1.6000000000000001E-003   8.3999999999999995E-003
   63.000000000000000       -2.4977913205699892E-002  0.26479999999999998       0.35280000000000000       0.37159999999999999        1.6000000000000001E-003   9.1999999999999998E-003
   64.000000000000000       -3.1168555697202914E-002  0.26640000000000003       0.35080000000000000       0.37159999999999999        1.4000000000000000E-003   9.7999999999999997E-003
   65.000000000000000       -3.8776418163457539E-002  0.25819999999999999       0.35840000000000000       0.37159999999999999        1.1999999999999999E-003   1.0600000000000000E-002
   66.000000000000000       -4.8329889225554465E-002  0.24260000000000001       0.37380000000000002       0.37159999999999999        1.1999999999999999E-003   1.0800000000000001E-002
   67.000000000000000       -5.8888925946048096E-002  0.22380000000000000       0.39260000000000000       0.37159999999999999        1.1999999999999999E-003   1.0800000000000001E-002
   68.000000000000000       -7.0398721601200212E-002  0.21120000000000000       0.40479999999999999       0.37159999999999999        1.1999999999999999E-003   1.1200000000000000E-002
   69.000000000000000       -8.3017096546365993E-002  0.21640000000000001       0.39379999999999998       0.37680000000000002        1.1999999999999999E-003   1.1800000000000000E-002
   70.000000000000000       -9.6681549564602121E-002  0.22359999999999999       0.39379999999999998       0.36940000000000001        5.9999999999999995E-004   1.2600000000000000E-002
   71.000000000000000      -0.10989082371759794       0.22559999999999999       0.39379999999999998       0.36740000000000000        5.9999999999999995E-004   1.2600000000000000E-002
   72.000000000000000      -0.12100843604172432        8.7599999999999997E-002  0.53100000000000003       0.36680000000000001        1.0000000000000000E-003   1.3599999999999999E-002
   73.000000000000000      -0.13118399720095450        8.7599999999999997E-002  0.53439999999999999       0.36299999999999999        1.1999999999999999E-003   1.3800000000000000E-002
   74.000000000000000      -0.13754848338728315        8.7599999999999997E-002  0.53480000000000005       0.35999999999999999        2.3999999999999998E-003   1.5200000000000000E-002
   75.000000000000000      -0.14623472749956593        8.7599999999999997E-002  0.53559999999999997       0.35920000000000002        2.3999999999999998E-003   1.5200000000000000E-002
   76.000000000000000      -0.15004972147343396        8.7599999999999997E-002  0.53600000000000003       0.35859999999999997        2.5999999999999999E-003   1.5200000000000000E-002
   77.000000000000000      -0.15421389113395681        0.0000000000000000       0.62260000000000004       0.35940000000000000        2.8000000000000000E-003   1.5200000000000000E-002
   78.000000000000000      -0.15861626244484700        2.0000000000000001E-004  0.62260000000000004       0.35920000000000002        2.8000000000000000E-003   1.5200000000000000E-002
   79.000000000000000      -0.15322020761850344        1.0000000000000000E-003  0.62260000000000004       0.35820000000000002        2.8000000000000000E-003   1.5400000000000000E-002
   80.000000000000000      -0.14620537924602750        2.2000000000000001E-003  0.69579999999999997       0.28360000000000002        3.0000000000000001E-003   1.5400000000000000E-002
   81.000000000000000      -0.13567372829789620        1.8000000000000000E-003  0.69620000000000004       0.28360000000000002        3.2000000000000002E-003   1.5200000000000000E-002
   82.000000000000000      -0.13158162770851606        1.1999999999999999E-003  0.69679999999999997       0.28360000000000002        3.2000000000000002E-003   1.5200000000000000E-002
   83.000000000000000      -0.12485975728550996        2.5999999999999999E-003  0.69520000000000004       0.28360000000000002        3.0000000000000001E-003   1.5599999999999999E-002
   84.000000000000000      -0.11643667495062034        2.2000000000000001E-003  0.69560000000000000       0.28360000000000002        3.0000000000000001E-003   1.5599999999999999E-002
   85.000000000000000      -0.10563994273712494        2.2000000000000001E-003  0.69560000000000000       0.28360000000000002        3.0000000000000001E-003   1.5599999999999999E-002
   86.000000000000000       -9.4281516344433963E-002   2.5999999999999999E-003  0.69520000000000004       0.28360000000000002        2.5999999999999999E-003   1.6000000000000000E-002
   87.000000000000000       -8.0524123468541570E-002   2.3999999999999998E-003  0.69520000000000004       0.28360000000000002        2.5999999999999999E-003   1.6199999999999999E-002
   88.000000000000000       -6.6714102722174193E-002   2.3999999999999998E-003  0.69520000000000004       0.28360000000000002        3.0000000000000001E-003   1.5800000000000002E-002
   89.000000000000000       -5.7540611418042439E-002   2.0000000000000000E-003  0.69540000000000002       0.28360000000000002        0.0000000000000000        1.9000000000000000E-002
   90.000000000000000       -4.3175372564156753E-002   2.0000000000000000E-003  0.69520000000000004       0.28360000000000002        1.4000000000000000E-003   1.7800000000000000E-002
   91.000000000000000       -2.7540590446516210E-002   2.0000000000000000E-003  0.69499999999999995       0.28360000000000002        1.6000000000000001E-003   1.7800000000000000E-002
   92.000000000000000       -1.5844579162663710E-002   2.0000000000000000E-003  0.69499999999999995       0.28360000000000002        1.6000000000000001E-003   1.7800000000000000E-002
   93.000000000000000       -5.4724528578893100E-003   2.0000000000000000E-003  0.69499999999999995       0.28360000000000002        1.4000000000000000E-003   1.7999999999999999E-002
   94.000000000000000        5.7875004786646861E-003   2.0000000000000000E-003  0.64239999999999997       0.33600000000000002        1.4000000000000000E-003   1.8200000000000001E-002
   95.000000000000000        9.2249929276295509E-003   2.3999999999999998E-003  0.64239999999999997       0.33479999999999999        2.0000000000000000E-003   1.8400000000000000E-002
   96.000000000000000       -2.5546444542966186E-003   2.3999999999999998E-003  0.64239999999999997       0.33379999999999999        3.0000000000000001E-003   1.8400000000000000E-002
   97.000000000000000       -1.7311072534438955E-002   2.3800000000000002E-002  0.61919999999999997       0.33460000000000001        4.0000000000000001E-003   1.8400000000000000E-002
   98.000000000000000       -2.4667618617081971E-002   2.3800000000000002E-002  0.61580000000000001       0.33760000000000001        4.0000000000000001E-003   1.8800000000000001E-002
   99.000000000000000       -1.6854870952842046E-002   2.3800000000000002E-002  0.61560000000000004       0.33779999999999999        4.0000000000000001E-003   1.8800000000000001E-002
   100.00000000000000       -9.5074862777212599E-003   2.3800000000000002E-002  0.61519999999999997       0.33820000000000000        4.0000000000000001E-003   1.8800000000000001E-002
   101.00000000000000       -6.5342962522178796E-003   2.3000000000000000E-002  0.61539999999999995       0.33779999999999999        5.0000000000000001E-003   1.8800000000000001E-002
   102.00000000000000       -3.7653429811579132E-003   2.3199999999999998E-002  0.61519999999999997       0.33739999999999998        5.0000000000000001E-003   1.9199999999999998E-002
   103.00000000000000       -1.3183419207750671E-003   2.3400000000000001E-002  0.61480000000000001       0.33400000000000002        7.7999999999999996E-003   2.0000000000000000E-002
   104.00000000000000        5.9188865451048449E-005   2.3800000000000002E-002  0.61360000000000003       0.33439999999999998        8.0000000000000002E-003   2.0199999999999999E-002
   105.00000000000000        1.6241834167589958E-003   2.3199999999999998E-002  0.60899999999999999       0.33779999999999999        9.5999999999999992E-003   2.0400000000000001E-002
   106.00000000000000        2.4217250256506730E-003   2.3199999999999998E-002  0.59940000000000004       0.34599999999999997        1.0800000000000001E-002   2.0600000000000000E-002
   107.00000000000000        4.4169277242154213E-004   2.3000000000000000E-002  0.59940000000000004       0.34480000000000000        1.1599999999999999E-002   2.1200000000000000E-002
   108.00000000000000       -4.6589872610008536E-003   2.2800000000000001E-002  0.59919999999999995       0.34480000000000000        1.1400000000000000E-002   2.1800000000000000E-002
   109.00000000000000       -1.1013358944738330E-002   2.2599999999999999E-002  0.58340000000000003       0.36080000000000001        1.1800000000000000E-002   2.1399999999999999E-002
   110.00000000000000       -2.2139313388828609E-002   2.2599999999999999E-002  0.58479999999999999       0.35940000000000000        1.1200000000000000E-002   2.1999999999999999E-002
   111.00000000000000       -3.5014279337251070E-002   2.2599999999999999E-002  0.57279999999999998       0.37059999999999998        1.2000000000000000E-002   2.1999999999999999E-002
   112.00000000000000       -4.8837797685050401E-002   2.2599999999999999E-002  0.54920000000000002       0.39400000000000002        1.2200000000000001E-002   2.1999999999999999E-002
   113.00000000000000       -6.5781947741154298E-002   2.2599999999999999E-002  0.53979999999999995       0.40339999999999998        1.2200000000000001E-002   2.1999999999999999E-002
   114.00000000000000       -8.4900905335924870E-002   2.2599999999999999E-002  0.53739999999999999       0.40479999999999999        1.2600000000000000E-002   2.2599999999999999E-002
   115.00000000000000      -0.10872768967206452       0.13719999999999999       0.42120000000000002       0.40620000000000001        1.2600000000000000E-002   2.2800000000000001E-002
   116.00000000000000      -0.11286343681724528       0.13719999999999999       0.45779999999999998       0.36919999999999997        1.2800000000000001E-002   2.3000000000000000E-002
   117.00000000000000      -0.10574641132262425        9.6199999999999994E-002  0.49859999999999999       0.36919999999999997        1.2999999999999999E-002   2.3000000000000000E-002
   118.00000000000000       -9.7193301538479243E-002   9.6799999999999997E-002  0.49800000000000000       0.36919999999999997        1.2999999999999999E-002   2.3000000000000000E-002
   119.00000000000000       -6.1753450760068586E-002   9.7000000000000003E-002  0.49759999999999999       0.36940000000000001        1.2999999999999999E-002   2.3000000000000000E-002
   120.00000000000000       -2.5669258662706067E-002   9.6400000000000000E-002  0.49819999999999998       0.18740000000000001       0.19500000000000001        2.3000000000000000E-002
   121.00000000000000       -3.4317806938497153E-003   9.6400000000000000E-002  0.49819999999999998       0.18740000000000001       0.19500000000000001        2.3000000000000000E-002
   122.00000000000000        1.5641278455338851E-002   9.5399999999999999E-002  0.49919999999999998       0.18740000000000001       0.19500000000000001        2.3000000000000000E-002
   123.00000000000000        2.3197127597618782E-002   9.5000000000000001E-002  0.49959999999999999       0.18659999999999999       0.19500000000000001        2.3800000000000002E-002
   124.00000000000000        4.1719584090895122E-002   9.5200000000000007E-002  0.49919999999999998       0.18659999999999999       0.19520000000000001        2.3800000000000002E-002
   125.00000000000000        4.7694942194133186E-002   9.4799999999999995E-002  0.49940000000000001       0.18659999999999999       0.19539999999999999        2.3800000000000002E-002
   126.00000000000000        4.9035738029364777E-002   9.4799999999999995E-002  0.49880000000000002       0.18659999999999999       0.19600000000000001        2.3800000000000002E-002
   127.00000000000000        4.5338365670655974E-002   9.4799999999999995E-002  0.49880000000000002       0.18659999999999999       0.19600000000000001        2.3800000000000002E-002
   128.00000000000000        3.5319540476971042E-002   9.4600000000000004E-002  0.49900000000000000       0.18659999999999999       0.19600000000000001        2.3800000000000002E-002
   129.00000000000000        2.0933597209308794E-002   9.4600000000000004E-002  0.49719999999999998       0.18640000000000001       0.19780000000000000        2.4000000000000000E-002
   130.00000000000000        2.1989844864196166E-003   9.4600000000000004E-002  0.49719999999999998       0.18260000000000001       0.20160000000000000        2.4000000000000000E-002
   131.00000000000000       -2.0309513649157222E-002   9.7000000000000003E-002  0.49440000000000001       0.18300000000000000       0.20140000000000000        2.4199999999999999E-002
   132.00000000000000       -4.4045164085772158E-002   9.6000000000000002E-002  0.49399999999999999       0.18300000000000000       0.20260000000000000        2.4400000000000002E-002
   133.00000000000000       -3.9961139777269956E-002   9.3799999999999994E-002  0.49559999999999998       0.18300000000000000       0.20300000000000001        2.4600000000000000E-002
   134.00000000000000       -3.8516010671413810E-002   9.5200000000000007E-002  0.66839999999999999        5.5999999999999999E-003  0.20300000000000001        2.7799999999999998E-002
   135.00000000000000       -3.0632134346150575E-002   9.8799999999999999E-002  0.66620000000000001        4.1999999999999997E-003  0.20300000000000001        2.7799999999999998E-002
   136.00000000000000       -3.8767969955147370E-002   9.5399999999999999E-002  0.66159999999999997        3.5999999999999999E-003  0.21120000000000000        2.8199999999999999E-002
   137.00000000000000       -2.6353533558329555E-002   9.5200000000000007E-002  0.66180000000000005        3.3999999999999998E-003  0.21120000000000000        2.8400000000000002E-002
   138.00000000000000       -9.9212486934137211E-003   9.4200000000000006E-002  0.66200000000000003        3.2000000000000002E-003  0.20860000000000001        3.2000000000000001E-002
   139.00000000000000        5.7393046957122506E-003   9.3399999999999997E-002  0.66020000000000001        4.1999999999999997E-003  0.20999999999999999        3.2199999999999999E-002
   140.00000000000000        2.0007170919083619E-002   9.3200000000000005E-002  0.66020000000000001        4.4000000000000003E-003  0.20860000000000001        3.3599999999999998E-002
   141.00000000000000        3.2640188218196572E-002   9.2999999999999999E-002  0.65839999999999999        4.1999999999999997E-003  0.21020000000000000        3.4200000000000001E-002
   142.00000000000000        8.0838379208679853E-002   9.1399999999999995E-002  0.65820000000000001        4.4000000000000003E-003  0.20380000000000001        4.2200000000000001E-002
   143.00000000000000        5.6954594673178108E-002   9.0399999999999994E-002  0.65639999999999998        6.0000000000000001E-003  0.20540000000000000        4.1799999999999997E-002
   144.00000000000000        7.1830528022177986E-002   8.7200000000000000E-002  0.64319999999999999        2.1999999999999999E-002  0.19880000000000000        4.8800000000000003E-002
   145.00000000000000        8.0779626204605229E-002   8.7200000000000000E-002  0.66220000000000001        1.8000000000000000E-003  0.19700000000000001        5.1799999999999999E-002
   146.00000000000000        8.3896181000106027E-002   8.6199999999999999E-002  0.65759999999999996        7.4000000000000003E-003  0.19700000000000001        5.1799999999999999E-002
   147.00000000000000        8.6305870731020418E-002   8.6199999999999999E-002  0.65620000000000001        6.6000000000000000E-003  0.19700000000000001        5.3999999999999999E-002
   148.00000000000000        8.6462453972746600E-002   8.6199999999999999E-002  0.66059999999999997        1.4000000000000000E-003  0.19439999999999999        5.7400000000000000E-002
   149.00000000000000        8.6742916038942824E-002   8.6400000000000005E-002  0.64880000000000004        5.9999999999999995E-004  0.20580000000000001        5.8400000000000001E-002
   150.00000000000000        8.4487610571898339E-002   7.0800000000000002E-002  0.66339999999999999        5.9999999999999995E-004  0.20660000000000001        5.8599999999999999E-002
   151.00000000000000        8.2686670909009830E-002   7.2999999999999995E-002  0.65420000000000000        5.9999999999999995E-004  0.21260000000000001        5.9600000000000000E-002
   152.00000000000000        8.1429168614400249E-002   9.8000000000000004E-002  0.62600000000000000        1.1999999999999999E-003  0.21479999999999999        5.9999999999999998E-002
   153.00000000000000        8.4440369358319223E-002  0.11660000000000000       0.60140000000000005        6.4000000000000003E-003  0.21199999999999999        6.3600000000000004E-002
   154.00000000000000        9.1073120069307456E-002  0.11700000000000001       0.59040000000000004        1.4200000000000001E-002  0.21260000000000001        6.5799999999999997E-002
   155.00000000000000        9.9229712450724095E-002  0.11700000000000001       0.58940000000000003        1.4800000000000001E-002  0.21199999999999999        6.6799999999999998E-002
   156.00000000000000       0.10835009304373225       0.16480000000000000       0.54079999999999995        1.4800000000000001E-002  0.21279999999999999        6.6799999999999998E-002
   157.00000000000000       0.12824468112927589       0.16300000000000001       0.54079999999999995        1.2400000000000000E-002  0.21440000000000001        6.9400000000000003E-002
   158.00000000000000       0.14700394844164130       0.16300000000000001       0.54079999999999995        1.2400000000000000E-002  0.21320000000000000        7.0599999999999996E-002
   159.00000000000000       0.16346844134226179       0.16280000000000000       0.53879999999999995        8.6000000000000000E-003  0.21460000000000001        7.5200000000000003E-002
   160.00000000000000       0.16602405819911228       0.16300000000000001       0.52320000000000000        8.6000000000000000E-003  0.22919999999999999        7.5999999999999998E-002
   161.00000000000000       0.16442879693961410       0.16300000000000001       0.52220000000000000        8.6000000000000000E-003  0.23019999999999999        7.5999999999999998E-002
   162.00000000000000       0.16062517479126190       0.16139999999999999       0.52320000000000000        8.6000000000000000E-003  0.23019999999999999        7.6600000000000001E-002
   163.00000000000000       0.15069983976947285       0.16120000000000001       0.52339999999999998        8.6000000000000000E-003  0.22860000000000000        7.8200000000000006E-002
   164.00000000000000       0.14695656083150321       0.16120000000000001       0.51959999999999995        8.6000000000000000E-003  0.23119999999999999        7.9399999999999998E-002
   165.00000000000000       0.13704637709163467       0.15920000000000001       0.52120000000000000        8.6000000000000000E-003  0.23160000000000000        7.9399999999999998E-002
   166.00000000000000       0.12679022808482643       0.15479999999999999       0.52339999999999998        8.6000000000000000E-003  0.23080000000000001        8.2400000000000001E-002
   167.00000000000000       0.11397443878527173       0.15220000000000000       0.52559999999999996        8.6000000000000000E-003  0.23119999999999999        8.2400000000000001E-002
   168.00000000000000        9.9523520068722421E-002  0.15220000000000000       0.52559999999999996        8.6000000000000000E-003  0.23119999999999999        8.2400000000000001E-002
   169.00000000000000        8.3061966299531803E-002  0.15220000000000000       0.50660000000000005        2.6400000000000000E-002  0.23219999999999999        8.2600000000000007E-002
   170.00000000000000        6.3840102123732811E-002  0.15220000000000000       0.50660000000000005        2.5000000000000001E-002  0.23119999999999999        8.5000000000000006E-002
   171.00000000000000        4.3098990559582329E-002   1.4000000000000000E-002  0.54979999999999996       0.11920000000000000       0.23160000000000000        8.5400000000000004E-002
   172.00000000000000        2.7267331650534271E-002   1.4000000000000000E-002  0.54600000000000004       0.12000000000000000       0.23419999999999999        8.5800000000000001E-002
   173.00000000000000        8.2135522224946640E-003   1.4000000000000000E-002  0.54879999999999995       0.11440000000000000       0.23300000000000001        8.9800000000000005E-002
   174.00000000000000       -1.3123845206030455E-002   1.4000000000000000E-002  0.55040000000000000       0.11219999999999999       0.23300000000000001        9.0399999999999994E-002
   175.00000000000000       -3.4491865439447190E-002  0.13719999999999999       0.42720000000000002       0.11140000000000000       0.23300000000000001        9.1200000000000003E-002
   176.00000000000000       -4.9946838304838773E-002  0.13560000000000000       0.42720000000000002       0.11260000000000001       0.23219999999999999        9.2399999999999996E-002
   177.00000000000000       -6.0523746399423234E-002  0.13560000000000000       0.42720000000000002       0.11060000000000000       0.23400000000000001        9.2600000000000002E-002
   178.00000000000000       -6.7324405022228750E-002  0.13439999999999999       0.42720000000000002       0.11060000000000000       0.23440000000000000        9.3399999999999997E-002
   179.00000000000000       -6.8980314289795702E-002  0.13439999999999999       0.42720000000000002       0.10639999999999999       0.23200000000000001       0.10000000000000001     
   180.00000000000000       -6.7514960719843281E-002  0.13380000000000000       0.42359999999999998       0.10639999999999999       0.23460000000000000       0.10160000000000000     
   181.00000000000000       -6.5536432216793242E-002  0.13380000000000000       0.42320000000000002       0.10660000000000000       0.22500000000000001       0.11140000000000000     
   182.00000000000000       -6.7507225417991826E-002  0.13220000000000001       0.42340000000000000       0.10660000000000000       0.22559999999999999       0.11219999999999999     
   183.00000000000000       -6.7133243962671840E-002  0.13139999999999999       0.42399999999999999       0.10660000000000000       0.22140000000000001       0.11660000000000000     
   184.00000000000000       -6.3035862805359763E-002  0.12920000000000001       0.42499999999999999       0.10660000000000000       0.20940000000000000       0.12980000000000000     
   185.00000000000000       -5.8290108516553210E-002  0.12659999999999999       0.42680000000000001       0.10660000000000000       0.20999999999999999       0.13000000000000000     
   186.00000000000000       -5.1511013173546796E-002  0.12520000000000001       0.42820000000000003       0.10660000000000000       0.20999999999999999       0.13000000000000000     
   187.00000000000000       -4.3045101050315372E-002  0.12500000000000000       0.42759999999999998       0.10660000000000000       0.20999999999999999       0.13080000000000000     
   188.00000000000000       -3.4324042591567995E-002  0.12500000000000000       0.42680000000000001       0.10660000000000000       0.21020000000000000       0.13139999999999999     
   189.00000000000000       -2.4646781022758732E-002  0.12500000000000000       0.42659999999999998       0.10660000000000000       0.21040000000000000       0.13139999999999999     
   190.00000000000000       -9.9966664330828139E-003  0.11680000000000000       0.43280000000000002       0.10660000000000000       0.21060000000000001       0.13320000000000001     
   191.00000000000000        4.0139980325611460E-003  0.11620000000000000       0.43280000000000002       0.10660000000000000       0.21020000000000000       0.13420000000000001     
   192.00000000000000        1.7014023237723733E-002  0.11620000000000000       0.43280000000000002       0.10660000000000000       0.21040000000000000       0.13400000000000001     
   193.00000000000000        3.0828759781250180E-002  0.11000000000000000       0.43819999999999998       0.10660000000000000       0.21120000000000000       0.13400000000000001     
   194.00000000000000        4.4649674791305625E-002  0.10940000000000000       0.43740000000000001       0.10660000000000000       0.21120000000000000       0.13539999999999999     
   195.00000000000000        6.1592927545073423E-002  0.10860000000000000       0.34620000000000001       0.19780000000000000       0.21179999999999999       0.13560000000000000     
   196.00000000000000        6.9146143958906836E-002  0.10860000000000000       0.34620000000000001       0.19639999999999999       0.21179999999999999       0.13700000000000001     
   197.00000000000000        7.0379811093387812E-002   0.0000000000000000       0.45460000000000000       0.19620000000000001       0.21199999999999999       0.13719999999999999     
   198.00000000000000        9.0348798804344474E-002   0.0000000000000000       0.45200000000000001       0.19560000000000000       0.21379999999999999       0.13860000000000000     
   199.00000000000000       0.11220635682170857        0.0000000000000000       0.43719999999999998       0.20979999999999999       0.21460000000000001       0.13840000000000000     
   200.00000000000000       0.13347624429667482        0.0000000000000000       0.43659999999999999       0.20699999999999999       0.20920000000000000       0.14720000000000000     
   201.00000000000000       0.15301513835755759        0.0000000000000000       0.43659999999999999       0.20699999999999999       0.19980000000000001       0.15659999999999999     
   202.00000000000000       0.17340948212812041        0.0000000000000000       0.43800000000000000       0.20560000000000000       0.20599999999999999       0.15040000000000001     
   203.00000000000000       0.18962541992427931        0.0000000000000000       0.43880000000000002       0.20419999999999999        5.4800000000000001E-002  0.30220000000000002     
   204.00000000000000       0.19331170961554736        0.0000000000000000       0.44040000000000001       0.20039999999999999        5.0200000000000002E-002  0.30900000000000000     
   205.00000000000000       0.29119699870811599        7.6000000000000000E-003  0.44779999999999998       0.15200000000000000        7.6600000000000001E-002  0.31600000000000000     
   206.00000000000000       0.84012558471897669        2.4799999999999999E-002  0.30359999999999998       0.25040000000000001       0.10480000000000000       0.31640000000000001     
   207.00000000000000       0.25304243202507481        2.4799999999999999E-002  0.28439999999999999       0.26319999999999999       0.10879999999999999       0.31879999999999997     
   208.00000000000000       0.25942425633190153        2.3800000000000002E-002  0.25240000000000001       0.29260000000000003       0.11559999999999999       0.31559999999999999     
   209.00000000000000       0.26203180254708769        2.1600000000000001E-002  0.24440000000000001       0.30220000000000002       0.11480000000000000       0.31700000000000000     
   210.00000000000000       0.26284593420582009        2.1999999999999999E-002  0.23319999999999999       0.31019999999999998       0.11799999999999999       0.31659999999999999     
   211.00000000000000       0.26199531934125642        2.6800000000000001E-002  0.23340000000000000       0.30399999999999999       0.11880000000000000       0.31700000000000000     
   212.00000000000000       0.26294156615623887        2.6200000000000001E-002  0.23319999999999999       0.30159999999999998       0.12060000000000000       0.31840000000000002     
   213.00000000000000       0.26016919401757627        2.7199999999999998E-002  0.21460000000000001       0.31879999999999997       0.12039999999999999       0.31900000000000001     
   214.00000000000000       0.25728232475898005        2.7400000000000001E-002  0.21420000000000000       0.31700000000000000       0.12100000000000000       0.32040000000000002     
   215.00000000000000       0.25332688192295294        2.5999999999999999E-002  0.21460000000000001       0.31780000000000003       0.12100000000000000       0.32060000000000000     
   216.00000000000000       0.24746231297759541        2.7000000000000000E-002  0.21479999999999999       0.31319999999999998       0.12460000000000000       0.32040000000000002     
