#        BMIN =   404
#        BMAX =   408
#     INIBAND =   406
#      NBANDS =   540
#         NSW =  2000
#       POTIM =   1.0
#        TEMP = 300.0
#    NAMDTINI =   689
#    NAMDTIME =  1000
#       NTRAJ =  5000
#        NELM =  1000
#       LHOLE =     T
#        LSHP =     T
#      LCPTXT =     T
#      RUNDIR = ../../run/
   1.0000000000000000       0.29805777948296924        0.0000000000000000        0.0000000000000000        1.0000000000000000        0.0000000000000000        0.0000000000000000     
   2.0000000000000000       0.26130068652188354        0.0000000000000000        0.0000000000000000       0.98719999999999997        1.2800000000000001E-002   0.0000000000000000     
   3.0000000000000000       0.22594441083219555        0.0000000000000000        0.0000000000000000       0.99980000000000002        2.0000000000000001E-004   0.0000000000000000     
   4.0000000000000000       0.20493468105851961        0.0000000000000000        0.0000000000000000       0.83919999999999995       0.15179999999999999        8.9999999999999993E-003
   5.0000000000000000       -1.8113597637147330E-002   0.0000000000000000        0.0000000000000000       0.83919999999999995       0.15179999999999999        8.9999999999999993E-003
   6.0000000000000000       -2.9442925582513893E-002   0.0000000000000000        0.0000000000000000       0.83919999999999995       0.15179999999999999        8.9999999999999993E-003
   7.0000000000000000       -3.8473267063176858E-002   0.0000000000000000        0.0000000000000000       0.83919999999999995       0.15179999999999999        8.9999999999999993E-003
   8.0000000000000000       -4.4436454048457759E-002   0.0000000000000000        0.0000000000000000       0.83840000000000003       0.15100000000000000        1.0600000000000000E-002
   9.0000000000000000       -4.8516214104538012E-002   0.0000000000000000        0.0000000000000000       0.83819999999999995       0.15100000000000000        1.0800000000000001E-002
   10.000000000000000       -4.9925853762051366E-002   0.0000000000000000        2.0000000000000001E-004  0.83799999999999997       0.15100000000000000        1.0800000000000001E-002
   11.000000000000000       -4.8852536867049413E-002   0.0000000000000000        2.0000000000000001E-004  0.83360000000000001       0.15540000000000001        1.0800000000000001E-002
   12.000000000000000       -4.7113440310527388E-002   0.0000000000000000        2.0000000000000001E-004  0.83320000000000005       0.15540000000000001        1.1200000000000000E-002
   13.000000000000000       -4.4455892211418470E-002   0.0000000000000000        2.0000000000000001E-004  0.83279999999999998       0.15500000000000000        1.2000000000000000E-002
   14.000000000000000       -4.1124730482026493E-002   0.0000000000000000        2.0000000000000001E-004  0.83140000000000003       0.15459999999999999        1.3800000000000000E-002
   15.000000000000000       -3.6262148172584246E-002   0.0000000000000000        2.0000000000000001E-004  0.82620000000000005       0.15040000000000001        2.3199999999999998E-002
   16.000000000000000       -3.3101811649879298E-002   0.0000000000000000        2.0000000000000001E-004  0.82279999999999998       0.15379999999999999        2.3199999999999998E-002
   17.000000000000000       -3.0614859340488687E-002   0.0000000000000000        2.0000000000000001E-004  0.82279999999999998       0.15379999999999999        2.3199999999999998E-002
   18.000000000000000       -2.5323955880254347E-002   0.0000000000000000        2.0000000000000001E-004  0.82120000000000004       0.15300000000000000        2.5600000000000001E-002
   19.000000000000000       -2.0449518461065484E-002   0.0000000000000000        2.0000000000000001E-004  0.82040000000000002       0.15300000000000000        2.6400000000000000E-002
   20.000000000000000       -1.5213534038716309E-002   0.0000000000000000        2.0000000000000001E-004  0.82040000000000002       0.15300000000000000        2.6400000000000000E-002
   21.000000000000000       -1.1103495879815397E-002   0.0000000000000000        2.0000000000000001E-004  0.82040000000000002       0.15100000000000000        2.8400000000000002E-002
   22.000000000000000        1.9800829981166980E-004   0.0000000000000000        2.0000000000000001E-004  0.81579999999999997       0.15440000000000001        2.9600000000000001E-002
   23.000000000000000        6.7449515525802393E-003   0.0000000000000000        2.0000000000000001E-004  0.81579999999999997       0.15340000000000001        3.0599999999999999E-002
   24.000000000000000        1.3990386697991847E-002   0.0000000000000000        2.0000000000000001E-004  0.81379999999999997       0.15540000000000001        3.0599999999999999E-002
   25.000000000000000        2.4062165383488369E-002   0.0000000000000000        2.0000000000000001E-004  0.81379999999999997       0.15540000000000001        3.0599999999999999E-002
   26.000000000000000        3.3472371905052284E-002   0.0000000000000000        2.0000000000000001E-004  0.81399999999999995       0.15520000000000000        3.0599999999999999E-002
   27.000000000000000        4.2140774763660328E-002   0.0000000000000000        2.0000000000000001E-004  0.81399999999999995       0.15520000000000000        3.0599999999999999E-002
   28.000000000000000        6.1793736840952532E-002   0.0000000000000000        2.0000000000000001E-004  0.81420000000000003       0.15500000000000000        3.0599999999999999E-002
   29.000000000000000        6.0138144077412983E-002   0.0000000000000000        2.0000000000000001E-004  0.81359999999999999       0.15559999999999999        3.0599999999999999E-002
   30.000000000000000        6.8570644848870321E-002   0.0000000000000000        2.0000000000000001E-004  0.81279999999999997       0.15579999999999999        3.1199999999999999E-002
   31.000000000000000        7.3802573017155176E-002   0.0000000000000000        2.0000000000000001E-004  0.81279999999999997       0.15579999999999999        3.1199999999999999E-002
   32.000000000000000        8.8190503698324429E-002   0.0000000000000000        2.0000000000000001E-004  0.80479999999999996       0.16380000000000000        3.1199999999999999E-002
   33.000000000000000        9.9467956555171252E-002   0.0000000000000000        2.0000000000000001E-004  0.77880000000000005       0.18980000000000000        3.1199999999999999E-002
   34.000000000000000       0.11214648264565497        0.0000000000000000        2.0000000000000001E-004  0.73280000000000001       0.23580000000000001        3.1199999999999999E-002
   35.000000000000000       0.11914470610830807        0.0000000000000000        2.0000000000000001E-004  0.73619999999999997       0.23240000000000000        3.1199999999999999E-002
   36.000000000000000       0.13137214239777101        0.0000000000000000        2.0000000000000001E-004  0.68159999999999998       0.28680000000000000        3.1399999999999997E-002
   37.000000000000000       0.13833870233437320        0.0000000000000000        2.0000000000000001E-004  0.67520000000000002       0.29199999999999998        3.2599999999999997E-002
   38.000000000000000       0.14450601523469353        0.0000000000000000        2.0000000000000001E-004  0.66659999999999997       0.30059999999999998        3.2599999999999997E-002
   39.000000000000000       0.15175415344988877        0.0000000000000000        2.0000000000000001E-004  0.64580000000000004       0.32140000000000002        3.2599999999999997E-002
   40.000000000000000       0.15597036261724320        0.0000000000000000        2.0000000000000001E-004  0.64580000000000004       0.32140000000000002        3.2599999999999997E-002
   41.000000000000000       0.16007872339881021        0.0000000000000000        2.0000000000000001E-004  0.64580000000000004       0.32140000000000002        3.2599999999999997E-002
   42.000000000000000       0.16328462699014196        0.0000000000000000        2.0000000000000001E-004  0.64580000000000004       0.32140000000000002        3.2599999999999997E-002
   43.000000000000000       0.16746408641772101        0.0000000000000000        2.0000000000000001E-004  0.64559999999999995       0.32160000000000000        3.2599999999999997E-002
   44.000000000000000       0.17217541792747920        0.0000000000000000        2.0000000000000001E-004  0.63900000000000001       0.32819999999999999        3.2599999999999997E-002
   45.000000000000000       0.17356967134632176        0.0000000000000000        2.0000000000000001E-004  0.63900000000000001       0.32819999999999999        3.2599999999999997E-002
   46.000000000000000       0.17428640611979720        0.0000000000000000        2.0000000000000001E-004  0.63900000000000001       0.32640000000000002        3.4400000000000000E-002
   47.000000000000000       0.17260010022262048        0.0000000000000000        2.0000000000000001E-004  0.63900000000000001       0.32500000000000001        3.5799999999999998E-002
   48.000000000000000       0.16877865960706384        0.0000000000000000        2.0000000000000001E-004  0.63900000000000001       0.32140000000000002        3.9399999999999998E-002
   49.000000000000000       0.16311562157478629        0.0000000000000000        2.0000000000000001E-004  0.63880000000000003       0.32000000000000001        4.1000000000000002E-002
   50.000000000000000       0.17698630225840947        0.0000000000000000        2.0000000000000001E-004  0.63880000000000003       0.32000000000000001        4.1000000000000002E-002
   51.000000000000000       0.21045147821460913        0.0000000000000000        2.0000000000000000E-003  0.63700000000000001       0.25860000000000000       0.10240000000000000     
   52.000000000000000       0.50473840919173119        0.0000000000000000        2.0000000000000000E-003  0.56779999999999997       0.32100000000000001       0.10920000000000001     
   53.000000000000000       0.99307378394670498        0.0000000000000000        2.0000000000000000E-003  0.53400000000000003       0.32340000000000002       0.14060000000000000     
   54.000000000000000       0.94948328755401790        0.0000000000000000        1.8000000000000000E-003  0.53420000000000001       0.32340000000000002       0.14060000000000000     
   55.000000000000000       0.98402080411785908        0.0000000000000000        1.6000000000000001E-003  0.53259999999999996       0.32100000000000001       0.14480000000000001     
   56.000000000000000       0.92477434869548869        0.0000000000000000        1.4000000000000000E-003  0.53259999999999996       0.32140000000000002       0.14460000000000001     
   57.000000000000000       0.94928980394222184        0.0000000000000000        1.4000000000000000E-003  0.53259999999999996       0.32140000000000002       0.14460000000000001     
   58.000000000000000       0.47921293580336954        0.0000000000000000        8.0000000000000004E-004  0.53320000000000001       0.30800000000000000       0.15800000000000000     
   59.000000000000000       0.21760893557382444        0.0000000000000000        8.0000000000000004E-004  0.53320000000000001       0.30800000000000000       0.15800000000000000     
   60.000000000000000       0.19080576554067782        0.0000000000000000        8.0000000000000004E-004  0.53320000000000001       0.30800000000000000       0.15800000000000000     
   61.000000000000000       0.15977907921536821        0.0000000000000000        2.0000000000000001E-004  0.53400000000000003       0.30780000000000002       0.15800000000000000     
   62.000000000000000       0.14639143620451389        0.0000000000000000        2.0000000000000001E-004  0.53500000000000003       0.30680000000000002       0.15800000000000000     
   63.000000000000000       0.13826413583754626        0.0000000000000000        2.0000000000000001E-004  0.53759999999999997       0.30420000000000003       0.15800000000000000     
   64.000000000000000       0.12887982738045745        0.0000000000000000        2.0000000000000001E-004  0.51359999999999995       0.32819999999999999       0.15800000000000000     
   65.000000000000000       0.11713510328953947        0.0000000000000000        2.0000000000000001E-004  0.52400000000000002       0.31380000000000002       0.16200000000000001     
   66.000000000000000       0.10473515923123296        0.0000000000000000        2.0000000000000001E-004  0.51680000000000004       0.31340000000000001       0.16960000000000000     
   67.000000000000000        8.8543364332549099E-002   0.0000000000000000        2.0000000000000001E-004  0.51719999999999999       0.31159999999999999       0.17100000000000001     
   68.000000000000000        7.1989736827540368E-002   0.0000000000000000        2.0000000000000001E-004  0.51639999999999997       0.30980000000000002       0.17360000000000000     
   69.000000000000000        5.4687505122134189E-002   0.0000000000000000        2.0000000000000001E-004  0.51639999999999997       0.31000000000000000       0.17340000000000000     
   70.000000000000000        3.9699878133103043E-002   0.0000000000000000        0.0000000000000000       0.50560000000000005       0.32019999999999998       0.17419999999999999     
   71.000000000000000        2.8404361003224354E-002   0.0000000000000000        1.4000000000000000E-003  0.49859999999999999       0.30399999999999999       0.19600000000000001     
   72.000000000000000        1.7477797797743604E-002   0.0000000000000000        4.7999999999999996E-003  0.49519999999999997       0.30780000000000002       0.19220000000000001     
   73.000000000000000        1.4595333085419833E-002   0.0000000000000000        4.4000000000000003E-003  0.49500000000000000       0.30640000000000001       0.19420000000000001     
   74.000000000000000        1.4363037060689844E-002   0.0000000000000000        2.5999999999999999E-003  0.49600000000000000       0.30719999999999997       0.19420000000000001     
   75.000000000000000        1.4485286928477954E-002   0.0000000000000000        1.6000000000000001E-003  0.49700000000000000       0.30719999999999997       0.19420000000000001     
   76.000000000000000        1.6243619817510373E-002   0.0000000000000000        1.4000000000000000E-003  0.49359999999999998       0.30800000000000000       0.19700000000000001     
   77.000000000000000        1.8242141732854010E-002   0.0000000000000000        1.4000000000000000E-003  0.48920000000000002       0.31059999999999999       0.19880000000000000     
   78.000000000000000        1.9292279040656717E-002   0.0000000000000000        1.4000000000000000E-003  0.48920000000000002       0.30880000000000002       0.20060000000000000     
   79.000000000000000        1.7528483894274707E-002   0.0000000000000000        7.7799999999999994E-002  0.41239999999999999       0.30880000000000002       0.20100000000000001     
   80.000000000000000        2.6853387183418537E-002   0.0000000000000000        7.7799999999999994E-002  0.41239999999999999       0.30900000000000000       0.20080000000000001     
   81.000000000000000        4.8234150237796668E-002   0.0000000000000000        7.7399999999999997E-002  0.41239999999999999       0.30900000000000000       0.20119999999999999     
   82.000000000000000        6.9471435769277778E-002   0.0000000000000000        7.7399999999999997E-002  0.41239999999999999       0.30859999999999999       0.20160000000000000     
   83.000000000000000        8.9302539435715533E-002   0.0000000000000000        7.7399999999999997E-002  0.41239999999999999       0.30759999999999998       0.20260000000000000     
   84.000000000000000       0.10784460531754128        0.0000000000000000        7.5200000000000003E-002  0.41239999999999999       0.30980000000000002       0.20260000000000000     
   85.000000000000000       0.12501840682751486        0.0000000000000000        7.4600000000000000E-002  0.37919999999999998       0.33879999999999999       0.20740000000000000     
   86.000000000000000       0.13611021612304403        0.0000000000000000        7.4600000000000000E-002  0.38059999999999999       0.33879999999999999       0.20599999999999999     
   87.000000000000000       0.14361290604852450        3.7199999999999997E-002   3.5999999999999997E-002  0.38000000000000000       0.33879999999999999       0.20799999999999999     
   88.000000000000000       0.15033148672729821        3.4400000000000000E-002   3.7999999999999999E-002  0.37140000000000001       0.33879999999999999       0.21740000000000001     
   89.000000000000000       0.15322939211163872        3.9000000000000000E-002   3.3399999999999999E-002  0.36859999999999998       0.33879999999999999       0.22020000000000001     
   90.000000000000000       0.15313925198944936        6.0999999999999999E-002   1.0000000000000000E-002  0.37000000000000000       0.33879999999999999       0.22020000000000001     
   91.000000000000000       0.15390862225170912        7.0999999999999994E-002   0.0000000000000000       0.36959999999999998       0.33879999999999999       0.22059999999999999     
   92.000000000000000       0.14255337953079644        5.9600000000000000E-002   1.1200000000000000E-002  0.36959999999999998       0.33900000000000002       0.22059999999999999     
   93.000000000000000       0.13744444332809566        5.9400000000000001E-002   1.1200000000000000E-002  0.36559999999999998       0.33920000000000000       0.22459999999999999     
   94.000000000000000       0.12064268893523158        5.8000000000000003E-002   1.2600000000000000E-002  0.36559999999999998       0.33920000000000000       0.22459999999999999     
   95.000000000000000       0.10395985561259016        5.8000000000000003E-002   1.2600000000000000E-002  0.63939999999999997        6.5199999999999994E-002  0.22480000000000000     
   96.000000000000000        8.1036892303990762E-002   5.9200000000000003E-002   1.1400000000000000E-002  0.63939999999999997        6.3799999999999996E-002  0.22620000000000001     
   97.000000000000000        5.2590959175576504E-002   5.9200000000000003E-002   1.1400000000000000E-002  0.63939999999999997        6.3799999999999996E-002  0.22620000000000001     
   98.000000000000000        2.2484961423753544E-002   6.0400000000000002E-002   1.0000000000000000E-002  0.63939999999999997        6.3399999999999998E-002  0.22680000000000000     
   99.000000000000000       -8.5548457802911634E-003   5.8000000000000003E-002   1.9800000000000002E-002  0.63139999999999996        6.3799999999999996E-002  0.22700000000000001     
   100.00000000000000       -3.6305811716853091E-002   5.6800000000000003E-002   1.9800000000000002E-002  0.63260000000000005        6.3399999999999998E-002  0.22739999999999999     
   101.00000000000000       -3.5189283911483439E-002   5.6599999999999998E-002   1.9800000000000002E-002  0.63200000000000001        6.3799999999999996E-002  0.22780000000000000     
   102.00000000000000       -3.5296278588908520E-002   5.7599999999999998E-002   1.8400000000000000E-002  0.63219999999999998        6.3399999999999998E-002  0.22839999999999999     
   103.00000000000000       -3.4781890115171132E-002   5.7599999999999998E-002   1.7999999999999999E-002  0.63080000000000003        6.4399999999999999E-002  0.22919999999999999     
   104.00000000000000       -3.5034989841801221E-002   5.7599999999999998E-002   1.7999999999999999E-002  0.62960000000000005        6.4399999999999999E-002  0.23039999999999999     
   105.00000000000000       -3.4644503756309633E-002   5.6200000000000000E-002   1.8400000000000000E-002  0.63019999999999998        6.4000000000000001E-002  0.23119999999999999     
   106.00000000000000       -3.3508779190390747E-002   5.1600000000000000E-002   2.1999999999999999E-002  0.62960000000000005        6.5600000000000006E-002  0.23119999999999999     
   107.00000000000000       -3.2230127034448296E-002   5.1600000000000000E-002   2.1999999999999999E-002  0.62960000000000005        6.5600000000000006E-002  0.23119999999999999     
   108.00000000000000       -2.9998018634539408E-002   5.0799999999999998E-002   2.2800000000000001E-002  0.62919999999999998        6.5799999999999997E-002  0.23139999999999999     
   109.00000000000000       -2.6985334863242234E-002   4.7600000000000003E-002   2.5000000000000001E-002  0.62919999999999998        6.6000000000000003E-002  0.23219999999999999     
   110.00000000000000       -2.3274644224195083E-002   7.1400000000000005E-002   1.1999999999999999E-003  0.62719999999999998        6.6600000000000006E-002  0.23360000000000000     
   111.00000000000000       -1.7913892482965203E-002   7.1400000000000005E-002   1.1999999999999999E-003  0.62519999999999998        6.3600000000000004E-002  0.23860000000000001     
   112.00000000000000       -1.1587897845484148E-002   7.0800000000000002E-002   1.1999999999999999E-003  0.61760000000000004        6.8000000000000005E-002  0.24240000000000000     
   113.00000000000000       -5.3011512133586750E-003   6.9599999999999995E-002   1.1999999999999999E-003  0.61439999999999995        7.0000000000000007E-002  0.24479999999999999     
   114.00000000000000        1.2604036807064012E-003   6.8000000000000005E-002   1.1999999999999999E-003  0.61099999999999999        7.2800000000000004E-002  0.24700000000000000     
   115.00000000000000        8.0970900751310415E-003   6.8000000000000005E-002   1.1999999999999999E-003  0.60799999999999998        7.4399999999999994E-002  0.24840000000000001     
   116.00000000000000        1.5670216913023068E-002   6.6199999999999995E-002   1.1999999999999999E-003  0.60860000000000003        7.5600000000000001E-002  0.24840000000000001     
   117.00000000000000        2.5247330193627432E-002   6.4600000000000005E-002   1.1999999999999999E-003  0.60619999999999996        7.5600000000000001E-002  0.25240000000000001     
   118.00000000000000        3.6218734402155367E-002   6.3000000000000000E-002   4.0000000000000001E-003  0.60180000000000000        7.2800000000000004E-002  0.25840000000000002     
   119.00000000000000        4.9568819473645484E-002   6.2399999999999997E-002   3.8000000000000000E-003  0.60180000000000000        7.3200000000000001E-002  0.25879999999999997     
   120.00000000000000        6.7795140928146896E-002   6.1800000000000001E-002   4.1999999999999997E-003  0.60180000000000000        7.3400000000000007E-002  0.25879999999999997     
   121.00000000000000        8.3305272828758992E-002   6.1800000000000001E-002   4.1999999999999997E-003  0.60180000000000000        7.3400000000000007E-002  0.25879999999999997     
   122.00000000000000        9.6317002582992584E-002   6.1800000000000001E-002   4.1999999999999997E-003  0.60180000000000000        7.1999999999999995E-002  0.26019999999999999     
   123.00000000000000       0.10653165866755490        6.0199999999999997E-002   1.3800000000000000E-002  0.59060000000000001        7.3999999999999996E-002  0.26140000000000002     
   124.00000000000000       0.11740326756966932        6.0199999999999997E-002   1.3800000000000000E-002  0.59060000000000001        7.3999999999999996E-002  0.26140000000000002     
   125.00000000000000       0.13232090919629724        6.0199999999999997E-002   1.3800000000000000E-002  0.58979999999999999        7.3200000000000001E-002  0.26300000000000001     
   126.00000000000000       0.14776537989215000        6.0400000000000002E-002   1.3800000000000000E-002  0.58379999999999999        7.3999999999999996E-002  0.26800000000000002     
   127.00000000000000       0.16100683637718238        5.9600000000000000E-002   1.3800000000000000E-002  0.58379999999999999        7.2200000000000000E-002  0.27060000000000001     
   128.00000000000000       0.17301081557081655        5.7400000000000000E-002   1.3800000000000000E-002  0.58460000000000001        7.3599999999999999E-002  0.27060000000000001     
   129.00000000000000       0.18484982273996889        5.7200000000000001E-002   1.3599999999999999E-002  0.57560000000000000        8.2199999999999995E-002  0.27139999999999997     
   130.00000000000000       0.19404765139623062        5.7200000000000001E-002   1.3400000000000000E-002  0.57040000000000002        8.7200000000000000E-002  0.27179999999999999     
   131.00000000000000       0.19923940503477366        5.7200000000000001E-002   1.3400000000000000E-002  0.57040000000000002        8.7599999999999997E-002  0.27139999999999997     
   132.00000000000000       0.20235663069994653        5.7200000000000001E-002   1.3200000000000000E-002  0.57060000000000000        8.7999999999999995E-002  0.27100000000000002     
   133.00000000000000       0.20354322478012873        5.7200000000000001E-002   1.3200000000000000E-002  0.57060000000000000        8.6599999999999996E-002  0.27239999999999998     
   134.00000000000000       0.20617763244513446        5.7200000000000001E-002   1.3200000000000000E-002  0.55759999999999998        9.3600000000000003E-002  0.27839999999999998     
   135.00000000000000       0.20237587433260379        5.7200000000000001E-002   1.3200000000000000E-002  0.55740000000000001        9.3799999999999994E-002  0.27839999999999998     
   136.00000000000000       0.19815755967958840        5.7200000000000001E-002   1.2600000000000000E-002  0.55100000000000005       0.10040000000000000       0.27879999999999999     
   137.00000000000000       0.19087066940574066        5.6200000000000000E-002   1.3400000000000000E-002  0.54800000000000004       0.10360000000000000       0.27879999999999999     
   138.00000000000000       0.18040730869147725        5.6000000000000001E-002   1.3400000000000000E-002  0.54800000000000004       0.10360000000000000       0.27900000000000003     
   139.00000000000000       0.17092067208507833        5.6000000000000001E-002   1.3200000000000000E-002  0.54079999999999995       0.11080000000000000       0.27920000000000000     
   140.00000000000000       0.15752438350400991        5.6000000000000001E-002   1.2999999999999999E-002  0.54079999999999995       0.11100000000000000       0.27920000000000000     
   141.00000000000000       0.14415695931011968        5.6000000000000001E-002   1.2999999999999999E-002  0.53979999999999995       0.11200000000000000       0.27920000000000000     
   142.00000000000000       0.13045834076857377        5.6000000000000001E-002   1.2600000000000000E-002  0.53920000000000001       0.11260000000000001       0.27960000000000002     
   143.00000000000000       0.11615190402539138        6.8800000000000000E-002   0.0000000000000000       0.53779999999999994       0.11340000000000000       0.28000000000000003     
   144.00000000000000       0.10449736049607834        6.8000000000000005E-002   0.0000000000000000       0.53400000000000003       0.11720000000000000       0.28079999999999999     
   145.00000000000000        8.9900709871139767E-002   6.8000000000000005E-002   0.0000000000000000       0.53359999999999996       0.11700000000000001       0.28139999999999998     
   146.00000000000000        7.6543955337430358E-002   6.8000000000000005E-002   8.0000000000000004E-004  0.52980000000000005       0.12000000000000000       0.28139999999999998     
   147.00000000000000        7.3042711270446314E-002   6.8000000000000005E-002   8.0000000000000004E-004  0.52980000000000005       0.12000000000000000       0.28139999999999998     
   148.00000000000000        8.2980159379417870E-002   6.8000000000000005E-002   8.0000000000000004E-004  0.52980000000000005       0.11980000000000000       0.28160000000000002     
   149.00000000000000        9.2667459595949547E-002   6.8000000000000005E-002   8.0000000000000004E-004  0.52980000000000005       0.11980000000000000       0.28160000000000002     
   150.00000000000000       0.10071782318245456        6.8000000000000005E-002   8.0000000000000004E-004  0.52980000000000005       0.11980000000000000       0.28160000000000002     
   151.00000000000000       0.10677823338843083        6.2399999999999997E-002   6.4000000000000003E-003  0.52980000000000005       0.11980000000000000       0.28160000000000002     
   152.00000000000000       0.11088222144155951        6.0600000000000001E-002   8.0000000000000002E-003  0.52980000000000005       0.12000000000000000       0.28160000000000002     
   153.00000000000000       0.11267169738898890        6.2399999999999997E-002   6.1999999999999998E-003  0.53300000000000003       0.11580000000000000       0.28260000000000002     
   154.00000000000000       0.10087397742005892        5.8000000000000003E-002   9.7999999999999997E-003  0.53280000000000005       0.11580000000000000       0.28360000000000002     
   155.00000000000000        8.7095963901409515E-002   6.6199999999999995E-002   0.0000000000000000       0.53439999999999999       0.11580000000000000       0.28360000000000002     
   156.00000000000000        7.3935111318586572E-002   6.6199999999999995E-002   0.0000000000000000       0.52900000000000003       0.11580000000000000       0.28899999999999998     
   157.00000000000000        5.9256675098376746E-002   6.6199999999999995E-002   0.0000000000000000       0.52900000000000003       0.11580000000000000       0.28899999999999998     
   158.00000000000000        4.6962626470491452E-002   6.6199999999999995E-002   0.0000000000000000       0.51919999999999999       0.11580000000000000       0.29880000000000001     
   159.00000000000000        3.2991925248545079E-002   6.6199999999999995E-002   0.0000000000000000       0.51919999999999999       0.11580000000000000       0.29880000000000001     
   160.00000000000000        2.0727432325966320E-002   6.6199999999999995E-002   0.0000000000000000       0.51839999999999997       0.11580000000000000       0.29959999999999998     
   161.00000000000000        9.8610900780647416E-003   6.6199999999999995E-002   0.0000000000000000       0.57699999999999996        5.7200000000000001E-002  0.29959999999999998     
   162.00000000000000       -1.4834233554841317E-002   6.6199999999999995E-002   0.0000000000000000       0.57699999999999996        5.7200000000000001E-002  0.29959999999999998     
   163.00000000000000       -3.9897658301667437E-002   6.6199999999999995E-002   0.0000000000000000       0.57699999999999996        5.7200000000000001E-002  0.29959999999999998     
   164.00000000000000       -6.4542878953496502E-002   6.6199999999999995E-002   0.0000000000000000       0.57699999999999996        5.7000000000000002E-002  0.29980000000000001     
   165.00000000000000       -8.8405308161001242E-002   6.6000000000000003E-002   2.0000000000000001E-004  0.57699999999999996        5.6800000000000003E-002  0.29999999999999999     
   166.00000000000000      -0.10983111262267801        6.5600000000000006E-002   2.0000000000000001E-004  0.57699999999999996        6.2799999999999995E-002  0.29440000000000000     
   167.00000000000000      -0.13004221736236141        6.4600000000000005E-002  0.39820000000000000       0.17960000000000001        6.0600000000000001E-002  0.29699999999999999     
   168.00000000000000      -0.13970696598447652       0.13300000000000001       0.31059999999999999       0.19880000000000000        6.0600000000000001E-002  0.29699999999999999     
   169.00000000000000      -0.13526394192393934       0.13300000000000001       0.27300000000000002       0.23599999999999999        6.0800000000000000E-002  0.29720000000000002     
   170.00000000000000      -0.12534218583896012       0.13480000000000000       0.27339999999999998       0.23160000000000000        6.0800000000000000E-002  0.29940000000000000     
   171.00000000000000      -0.11248128085241536       0.12780000000000000       0.41060000000000002       0.10000000000000001        6.2199999999999998E-002  0.29940000000000000     
   172.00000000000000       -9.6961812717498347E-002  0.12180000000000001       0.41899999999999998        9.4799999999999995E-002   6.4399999999999999E-002  0.29999999999999999     
   173.00000000000000       -8.2098258664021012E-002  0.12060000000000000       0.42059999999999997        9.3200000000000005E-002   6.5199999999999994E-002  0.30040000000000000     
   174.00000000000000       -6.6404519907259763E-002  0.11940000000000001       0.41920000000000002        9.4200000000000006E-002   6.4799999999999996E-002  0.30240000000000000     
   175.00000000000000       -5.0230297707781701E-002  0.11940000000000001       0.41880000000000001        9.2999999999999999E-002   6.6400000000000001E-002  0.30240000000000000     
   176.00000000000000       -3.1159406180401195E-002  0.11940000000000001       0.41139999999999999       0.10000000000000001        6.6199999999999995E-002  0.30299999999999999     
   177.00000000000000       -1.1195972599779641E-002  0.11940000000000001       0.40720000000000001       0.10420000000000000        6.6199999999999995E-002  0.30299999999999999     
   178.00000000000000        1.0905157529120996E-002  0.11940000000000001       0.40300000000000002       0.10340000000000001        6.8000000000000005E-002  0.30620000000000003     
   179.00000000000000        3.2497454270183038E-002  0.11940000000000001       0.40039999999999998       0.10400000000000000        6.9599999999999995E-002  0.30659999999999998     
   180.00000000000000        5.3689202722209249E-002  0.11940000000000001       0.40020000000000000       0.10400000000000000        6.9800000000000001E-002  0.30659999999999998     
   181.00000000000000        7.5535908167082583E-002  0.11960000000000000       0.39419999999999999       0.10780000000000001        7.0800000000000002E-002  0.30759999999999998     
   182.00000000000000        9.6431990384764271E-002   9.8000000000000004E-002  0.41380000000000000       0.10820000000000000        7.1400000000000005E-002  0.30859999999999999     
   183.00000000000000       0.12596578927639648        9.8199999999999996E-002  0.41380000000000000       0.10520000000000000        7.4200000000000002E-002  0.30859999999999999     
   184.00000000000000       0.15710475413195457        9.9000000000000005E-002  0.39360000000000001       0.12320000000000000        7.3999999999999996E-002  0.31019999999999998     
   185.00000000000000       0.18490917833239295        9.1999999999999998E-002  0.40060000000000001       0.12320000000000000        7.3999999999999996E-002  0.31019999999999998     
   186.00000000000000       0.20176081201366003        8.8999999999999996E-002  0.40320000000000000       0.12320000000000000        7.3999999999999996E-002  0.31059999999999999     
   187.00000000000000       0.21540398263613411        8.7200000000000000E-002  0.40500000000000003       0.12320000000000000        7.3999999999999996E-002  0.31059999999999999     
   188.00000000000000       0.23187338408657640        7.5200000000000003E-002  0.41460000000000002       0.12320000000000000        7.5800000000000006E-002  0.31119999999999998     
   189.00000000000000       0.24384231979916571        7.5200000000000003E-002  0.41280000000000000       0.12320000000000000        7.6999999999999999E-002  0.31180000000000002     
   190.00000000000000       0.25405893287473419        7.7600000000000002E-002  0.40939999999999999       0.12320000000000000        7.8000000000000000E-002  0.31180000000000002     
   191.00000000000000       0.26494012309975173        7.3800000000000004E-002  0.41239999999999999       0.12320000000000000        7.8799999999999995E-002  0.31180000000000002     
   192.00000000000000       0.27346832228870316        7.7200000000000005E-002  0.40679999999999999       0.12320000000000000        7.8000000000000000E-002  0.31480000000000002     
   193.00000000000000       0.28192083783827215        8.0600000000000005E-002  0.40200000000000002       0.12320000000000000        7.8799999999999995E-002  0.31540000000000001     
   194.00000000000000       0.28990531343056225        7.9000000000000001E-002  0.41920000000000002       0.10740000000000000        7.9399999999999998E-002  0.31500000000000000     
   195.00000000000000       0.29346247388229885        7.6799999999999993E-002  0.41920000000000002       0.10900000000000000        8.0000000000000002E-002  0.31500000000000000     
   196.00000000000000       0.28683413970374277        8.2000000000000003E-002  0.40920000000000001       0.11320000000000000        7.2999999999999995E-002  0.32260000000000000     
   197.00000000000000       0.28730026664977137        8.2000000000000003E-002  0.40920000000000001       0.11200000000000000        7.3599999999999999E-002  0.32319999999999999     
   198.00000000000000       0.29538420373738161        8.2000000000000003E-002  0.40939999999999999       0.11100000000000000        7.4800000000000005E-002  0.32279999999999998     
   199.00000000000000       0.30514964388188048        8.1000000000000003E-002  0.40600000000000003       0.11420000000000000        7.5399999999999995E-002  0.32340000000000002     
   200.00000000000000       0.31977802359929269        8.0600000000000005E-002  0.40639999999999998       0.11300000000000000        7.6600000000000001E-002  0.32340000000000002     
   201.00000000000000       0.33485996867442491        8.0399999999999999E-002  0.40300000000000002       0.11660000000000000        7.6600000000000001E-002  0.32340000000000002     
   202.00000000000000       0.35190711937386798        8.0199999999999994E-002  0.39820000000000000       0.12020000000000000        7.7200000000000005E-002  0.32419999999999999     
   203.00000000000000       0.37636233219637355        8.0000000000000002E-002  0.39560000000000001       0.12260000000000000        7.7200000000000005E-002  0.32460000000000000     
   204.00000000000000       0.38213148004867159        7.9799999999999996E-002  0.39579999999999999       0.12220000000000000        7.7600000000000002E-002  0.32460000000000000     
   205.00000000000000       0.41441262305153337        7.9799999999999996E-002  0.39360000000000001       0.12400000000000000        7.7600000000000002E-002  0.32500000000000001     
   206.00000000000000       0.41533205931771072        7.6399999999999996E-002  0.39679999999999999       0.12100000000000000        8.0799999999999997E-002  0.32500000000000001     
   207.00000000000000       0.43651428573991052        7.6399999999999996E-002  0.39679999999999999       0.11840000000000001        8.3199999999999996E-002  0.32519999999999999     
   208.00000000000000       0.46252256021638094        7.4800000000000005E-002  0.40320000000000000       0.11360000000000001        8.3000000000000004E-002  0.32540000000000002     
   209.00000000000000       0.47987566577979779        7.4600000000000000E-002  0.40039999999999998       0.11620000000000000        8.3000000000000004E-002  0.32579999999999998     
   210.00000000000000       0.39309504717048460        6.9800000000000001E-002  0.38819999999999999       0.13220000000000001        8.4000000000000005E-002  0.32579999999999998     
   211.00000000000000       0.48323909774829066        6.9800000000000001E-002  0.38419999999999999       0.13159999999999999        8.8200000000000001E-002  0.32619999999999999     
   212.00000000000000       0.29731145516924840        6.7799999999999999E-002  0.38000000000000000       0.13639999999999999        8.8800000000000004E-002  0.32700000000000001     
   213.00000000000000       0.51795978473224569        6.7199999999999996E-002  0.37580000000000002       0.13519999999999999        9.3600000000000003E-002  0.32819999999999999     
   214.00000000000000       0.52347369595963433        6.6600000000000006E-002  0.37580000000000002       0.13500000000000001        9.4000000000000000E-002  0.32860000000000000     
   215.00000000000000       0.50989738721348787        6.6600000000000006E-002  0.37240000000000001       0.13800000000000001        9.4399999999999998E-002  0.32860000000000000     
   216.00000000000000       0.48865876320050144        6.5799999999999997E-002  0.37000000000000000       0.14099999999999999        9.4600000000000004E-002  0.32860000000000000     
