#        BMIN =   404
#        BMAX =   408
#     INIBAND =   406
#      NBANDS =   540
#         NSW =  2000
#       POTIM =   1.0
#        TEMP = 300.0
#    NAMDTINI =    44
#    NAMDTIME =  1000
#       NTRAJ =  5000
#        NELM =  1000
#       LHOLE =     T
#        LSHP =     T
#      LCPTXT =     T
#      RUNDIR = ../../run/
   1.0000000000000000       0.15382431720810866        0.0000000000000000        0.0000000000000000        1.0000000000000000        0.0000000000000000        0.0000000000000000     
   2.0000000000000000       0.13388781683276499        0.0000000000000000        0.0000000000000000       0.99939999999999996        0.0000000000000000        5.9999999999999995E-004
   3.0000000000000000       0.12507013255492708        0.0000000000000000        0.0000000000000000       0.99619999999999997        3.0000000000000001E-003   8.0000000000000004E-004
   4.0000000000000000       0.11819059827176596        0.0000000000000000        0.0000000000000000       0.99619999999999997        3.0000000000000001E-003   8.0000000000000004E-004
   5.0000000000000000        8.0134381969250323E-002   0.0000000000000000        0.0000000000000000       0.99619999999999997        3.0000000000000001E-003   8.0000000000000004E-004
   6.0000000000000000        3.6881850097832423E-002   0.0000000000000000        0.0000000000000000       0.99619999999999997        3.0000000000000001E-003   8.0000000000000004E-004
   7.0000000000000000       -9.3082956152805117E-003   0.0000000000000000        0.0000000000000000       0.99619999999999997        3.0000000000000001E-003   8.0000000000000004E-004
   8.0000000000000000       -5.7191523168112476E-002   0.0000000000000000        0.0000000000000000       0.99619999999999997        3.0000000000000001E-003   8.0000000000000004E-004
   9.0000000000000000      -0.10590605795612201        0.0000000000000000        4.2799999999999998E-002  0.95340000000000003        3.0000000000000001E-003   8.0000000000000004E-004
   10.000000000000000      -0.11501753544522937        0.0000000000000000        4.2799999999999998E-002  0.95320000000000005        3.0000000000000001E-003   1.0000000000000000E-003
   11.000000000000000      -0.10920875693929531        0.0000000000000000        4.2799999999999998E-002  0.95320000000000005        3.0000000000000001E-003   1.0000000000000000E-003
   12.000000000000000      -0.10254546563466324        0.0000000000000000        4.2799999999999998E-002  0.95320000000000005        3.0000000000000001E-003   1.0000000000000000E-003
   13.000000000000000       -9.4478876807550183E-002   1.0400000000000000E-002   3.2000000000000001E-002  0.95320000000000005        4.1999999999999997E-003   2.0000000000000001E-004
   14.000000000000000       -8.5019325437251034E-002   9.5999999999999992E-003   3.2399999999999998E-002  0.95260000000000000        4.5999999999999999E-003   8.0000000000000004E-004
   15.000000000000000       -7.3429615434857903E-002   8.8000000000000005E-003   3.0800000000000001E-002  0.95499999999999996        4.5999999999999999E-003   8.0000000000000004E-004
   16.000000000000000       -6.2284942960488421E-002   9.7999999999999997E-003   2.9600000000000001E-002  0.95420000000000005        5.1999999999999998E-003   1.1999999999999999E-003
   17.000000000000000       -5.0627922441376441E-002   1.1800000000000000E-002   2.7600000000000000E-002  0.94999999999999996        8.0000000000000002E-003   2.5999999999999999E-003
   18.000000000000000       -3.9813272088657516E-002   1.1400000000000000E-002   2.7199999999999998E-002  0.94979999999999998        8.8000000000000005E-003   2.8000000000000000E-003
   19.000000000000000       -3.0037438427923661E-002   1.2600000000000000E-002   2.5200000000000000E-002  0.94979999999999998        9.4000000000000004E-003   3.0000000000000001E-003
   20.000000000000000       -2.2135759164534908E-002   1.2800000000000001E-002   2.5000000000000001E-002  0.94979999999999998        9.4000000000000004E-003   3.0000000000000001E-003
   21.000000000000000       -1.5346269217434032E-002   8.8000000000000005E-003   2.4000000000000000E-002  0.95479999999999998        9.4000000000000004E-003   3.0000000000000001E-003
   22.000000000000000       -1.0177884085185072E-002   8.3999999999999995E-003   2.1000000000000001E-002  0.95599999999999996        1.1400000000000000E-002   3.2000000000000002E-003
   23.000000000000000       -8.2349626534801625E-003   8.3999999999999995E-003   2.1000000000000001E-002  0.95599999999999996        1.1400000000000000E-002   3.2000000000000002E-003
   24.000000000000000       -7.8798517565971012E-003   8.3999999999999995E-003   2.1000000000000001E-002  0.95540000000000003        1.2000000000000000E-002   3.2000000000000002E-003
   25.000000000000000       -8.0057338893985037E-003   0.0000000000000000        2.8199999999999999E-002  0.95540000000000003        1.3200000000000000E-002   3.2000000000000002E-003
   26.000000000000000       -8.2382002327702573E-003   0.0000000000000000        2.8199999999999999E-002  0.95499999999999996        1.2800000000000001E-002   4.0000000000000001E-003
   27.000000000000000       -7.4844505844915074E-003   2.0000000000000001E-004   2.8199999999999999E-002  0.95320000000000005        1.3200000000000000E-002   5.1999999999999998E-003
   28.000000000000000       -4.5848103063140210E-003   0.0000000000000000        2.8199999999999999E-002  0.95340000000000003        1.3200000000000000E-002   5.1999999999999998E-003
   29.000000000000000        7.6796281450358331E-003   1.2000000000000000E-002   2.8799999999999999E-002  0.94040000000000001        1.3599999999999999E-002   5.1999999999999998E-003
   30.000000000000000        2.7507990321310394E-002   1.7399999999999999E-002   2.8600000000000000E-002  0.93440000000000001        1.2800000000000001E-002   6.7999999999999996E-003
   31.000000000000000        4.8415008974291025E-002   1.4800000000000001E-002   2.8600000000000000E-002  0.93400000000000005        1.3200000000000000E-002   9.4000000000000004E-003
   32.000000000000000        6.8036915483258770E-002   1.3200000000000000E-002   2.8600000000000000E-002  0.93559999999999999        1.3200000000000000E-002   9.4000000000000004E-003
   33.000000000000000        8.7150057955299898E-002   2.8000000000000000E-003   3.6999999999999998E-002  0.93600000000000005        1.3599999999999999E-002   1.0600000000000000E-002
   34.000000000000000       0.10385089855900757        3.0000000000000001E-003   3.5200000000000002E-002  0.93759999999999999        1.2800000000000001E-002   1.1400000000000000E-002
   35.000000000000000       0.11982039602667506        3.0000000000000001E-003   3.5999999999999997E-002  0.93640000000000001        1.2600000000000000E-002   1.2000000000000000E-002
   36.000000000000000       0.13402704402013543        3.0000000000000001E-003   3.5000000000000003E-002  0.93700000000000006        1.2600000000000000E-002   1.2400000000000000E-002
   37.000000000000000       0.14749774190718573        3.0000000000000001E-003   3.2599999999999997E-002  0.93700000000000006        1.3200000000000000E-002   1.4200000000000001E-002
   38.000000000000000       0.15807624569000486        2.5999999999999999E-003   3.4000000000000002E-002  0.93579999999999997        1.3200000000000000E-002   1.4400000000000000E-002
   39.000000000000000       0.16658049588965873        2.5999999999999999E-003   3.4000000000000002E-002  0.93559999999999999        1.3400000000000000E-002   1.4400000000000000E-002
   40.000000000000000       0.17366715802704044        2.5999999999999999E-003   3.3000000000000002E-002  0.93420000000000003        1.3800000000000000E-002   1.6400000000000001E-002
   41.000000000000000       0.17806220279631729        2.0000000000000000E-003   3.3799999999999997E-002  0.93220000000000003        1.5599999999999999E-002   1.6400000000000001E-002
   42.000000000000000       0.17826390295582331        2.0000000000000000E-003  0.21020000000000000       0.75500000000000000        1.5599999999999999E-002   1.7200000000000000E-002
   43.000000000000000       0.18190212054146945        2.0000000000000000E-003  0.22559999999999999       0.73960000000000004        1.5599999999999999E-002   1.7200000000000000E-002
   44.000000000000000       0.18797542876741732        2.0000000000000000E-003  0.20640000000000000       0.75880000000000003        1.4999999999999999E-002   1.7800000000000000E-002
   45.000000000000000       0.19272343121728869        2.0000000000000000E-003  0.21020000000000000       0.75180000000000002        1.7000000000000001E-002   1.9000000000000000E-002
   46.000000000000000       0.19467471172703216        1.8000000000000000E-003  0.21040000000000000       0.75039999999999996        1.8200000000000001E-002   1.9199999999999998E-002
   47.000000000000000       0.19633968740318675        1.6000000000000001E-003  0.20100000000000001       0.75660000000000005        2.1200000000000000E-002   1.9599999999999999E-002
   48.000000000000000       0.19335840598446391        1.6000000000000001E-003  0.20000000000000001       0.75200000000000000        2.6800000000000001E-002   1.9599999999999999E-002
   49.000000000000000       0.19044045405502905        1.1999999999999999E-003  0.19159999999999999       0.75739999999999996        2.6800000000000001E-002   2.3000000000000000E-002
   50.000000000000000       0.18462129436601993        1.1999999999999999E-003  0.19200000000000000       0.75419999999999998        2.6800000000000001E-002   2.5800000000000000E-002
   51.000000000000000       0.17494343625595407        1.1999999999999999E-003  0.18900000000000000       0.75639999999999996        2.6800000000000001E-002   2.6599999999999999E-002
   52.000000000000000       0.16593487065207818        1.1999999999999999E-003  0.18600000000000000       0.75800000000000001        2.8000000000000001E-002   2.6800000000000001E-002
   53.000000000000000       0.15266228810671043        1.1999999999999999E-003  0.18400000000000000       0.75760000000000005        2.9200000000000000E-002   2.8000000000000001E-002
   54.000000000000000       0.13854742781036053        1.4000000000000000E-003  0.18379999999999999       0.75760000000000005        2.9200000000000000E-002   2.8000000000000001E-002
   55.000000000000000       0.12516446896341571        1.1999999999999999E-003  0.17899999999999999       0.75800000000000001        3.3799999999999997E-002   2.8000000000000001E-002
   56.000000000000000       0.11034683451689437        1.0000000000000000E-003  0.17740000000000000       0.75960000000000005        3.3799999999999997E-002   2.8199999999999999E-002
   57.000000000000000        9.6145419756618083E-002   1.0000000000000000E-003  0.17680000000000001       0.75460000000000005        3.8800000000000001E-002   2.8799999999999999E-002
   58.000000000000000        9.1465536692873203E-002   1.0000000000000000E-003  0.17680000000000001       0.75219999999999998        3.9199999999999999E-002   3.0800000000000001E-002
   59.000000000000000        8.7494421300129660E-002   1.0000000000000000E-003  0.17680000000000001       0.75200000000000000        3.9399999999999998E-002   3.0800000000000001E-002
   60.000000000000000        8.3614211900917862E-002   1.0000000000000000E-003  0.17680000000000001       0.75119999999999998        3.8800000000000001E-002   3.2199999999999999E-002
   61.000000000000000        8.0227242488996098E-002   1.0000000000000000E-003   8.5199999999999998E-002  0.84279999999999999        3.8800000000000001E-002   3.2199999999999999E-002
   62.000000000000000        8.7798152383888731E-002   5.9999999999999995E-004   8.4800000000000000E-002  0.84319999999999995        3.9199999999999999E-002   3.2199999999999999E-002
   63.000000000000000       0.10249444369301682        5.9999999999999995E-004   8.4800000000000000E-002  0.84319999999999995        3.9199999999999999E-002   3.2199999999999999E-002
   64.000000000000000       0.11192319497833304        5.9999999999999995E-004   8.4800000000000000E-002  0.84319999999999995        3.9199999999999999E-002   3.2199999999999999E-002
   65.000000000000000       0.11571929814361634        5.9999999999999995E-004   8.4800000000000000E-002  0.84319999999999995        3.9199999999999999E-002   3.2199999999999999E-002
   66.000000000000000       0.11368915922500276        5.9999999999999995E-004   8.4199999999999997E-002  0.84319999999999995        3.9199999999999999E-002   3.2800000000000003E-002
   67.000000000000000       0.10557005764727825        5.9999999999999995E-004   8.4199999999999997E-002  0.84319999999999995        3.9199999999999999E-002   3.2800000000000003E-002
   68.000000000000000        9.1436861902272848E-002   5.9999999999999995E-004   8.4199999999999997E-002  0.84319999999999995        3.9199999999999999E-002   3.2800000000000003E-002
   69.000000000000000        7.1569820833167402E-002   5.9999999999999995E-004   8.4199999999999997E-002  0.84319999999999995        3.7800000000000000E-002   3.4200000000000001E-002
   70.000000000000000        4.8371355119581044E-002   4.0000000000000002E-004   8.2000000000000003E-002  0.84340000000000004        3.7800000000000000E-002   3.6400000000000002E-002
   71.000000000000000        1.9032113443617341E-002   4.0000000000000002E-004  0.11219999999999999       0.81299999999999994        3.7999999999999999E-002   3.6400000000000002E-002
   72.000000000000000       -6.9905675585928920E-003   4.0000000000000002E-004  0.11260000000000001       0.80520000000000003        3.7999999999999999E-002   4.3799999999999999E-002
   73.000000000000000       -1.5100233544236830E-002   4.0000000000000002E-004  0.11260000000000001       0.80459999999999998        3.6400000000000002E-002   4.5999999999999999E-002
   74.000000000000000       -2.2833588527518031E-002   2.0000000000000001E-004  0.11300000000000000       0.80179999999999996        3.8800000000000001E-002   4.6199999999999998E-002
   75.000000000000000       -2.8411486532120594E-002   2.0000000000000001E-004  0.11540000000000000       0.79940000000000000        3.8800000000000001E-002   4.6199999999999998E-002
   76.000000000000000       -2.8744116537412247E-002   2.0000000000000001E-004  0.10500000000000000       0.80879999999999996        3.8800000000000001E-002   4.7199999999999999E-002
   77.000000000000000       -2.9680453927124432E-002   0.0000000000000000        9.9000000000000005E-002  0.81479999999999997        3.8800000000000001E-002   4.7399999999999998E-002
   78.000000000000000       -2.9068907260010907E-002   0.0000000000000000        6.9800000000000001E-002  0.84240000000000004        3.8800000000000001E-002   4.9000000000000002E-002
   79.000000000000000       -2.8168340084852701E-002   0.0000000000000000        6.8000000000000005E-002  0.84419999999999995        3.8800000000000001E-002   4.9000000000000002E-002
   80.000000000000000       -2.4813061935191533E-002   0.0000000000000000       0.10660000000000000       0.80420000000000003        3.9399999999999998E-002   4.9799999999999997E-002
   81.000000000000000       -1.9252265721553131E-002   0.0000000000000000       0.10760000000000000       0.80259999999999998        4.0200000000000000E-002   4.9599999999999998E-002
   82.000000000000000       -1.3740048773412478E-002   0.0000000000000000       0.10600000000000000       0.80359999999999998        4.0599999999999997E-002   4.9799999999999997E-002
   83.000000000000000       -8.9902234457298821E-003   2.0000000000000001E-004   9.8599999999999993E-002  0.81079999999999997        4.0599999999999997E-002   4.9799999999999997E-002
   84.000000000000000       -5.9178521404381727E-003   2.0000000000000001E-004   9.7199999999999995E-002  0.81059999999999999        4.0800000000000003E-002   5.1200000000000002E-002
   85.000000000000000       -5.0679548090115378E-003   2.0000000000000001E-004   9.5200000000000007E-002  0.81220000000000003        4.1200000000000001E-002   5.1200000000000002E-002
   86.000000000000000       -5.9715653741188104E-003   2.0000000000000001E-004   9.5200000000000007E-002  0.80820000000000003        4.4400000000000002E-002   5.1999999999999998E-002
   87.000000000000000       -1.0522951361675116E-002   0.0000000000000000        9.5399999999999999E-002  0.80820000000000003        4.4200000000000003E-002   5.2200000000000003E-002
   88.000000000000000       -1.6236776288422541E-002   0.0000000000000000        9.5399999999999999E-002  0.80440000000000000        4.4200000000000003E-002   5.6000000000000001E-002
   89.000000000000000       -2.4632373281687839E-002   1.2800000000000001E-002   8.2600000000000007E-002  0.79620000000000002        5.1200000000000002E-002   5.7200000000000001E-002
   90.000000000000000       -3.5857544117337520E-002   1.2999999999999999E-002   8.2600000000000007E-002  0.79579999999999995        5.1400000000000001E-002   5.7200000000000001E-002
   91.000000000000000       -4.5102708006069789E-002   1.2800000000000001E-002   6.8000000000000005E-002  0.81059999999999999        5.1200000000000002E-002   5.7400000000000000E-002
   92.000000000000000       -3.3424107670127504E-002   1.2800000000000001E-002   6.8000000000000005E-002  0.81059999999999999        5.1200000000000002E-002   5.7400000000000000E-002
   93.000000000000000        6.0172170697496315E-003   1.2600000000000000E-002   6.7599999999999993E-002  0.81059999999999999        5.1799999999999999E-002   5.7400000000000000E-002
   94.000000000000000        6.6203511953585079E-002   1.2600000000000000E-002   6.6600000000000006E-002  0.42680000000000001       0.43300000000000000        6.0999999999999999E-002
   95.000000000000000        7.7084519545017063E-002   1.6600000000000000E-002   6.2600000000000003E-002  0.42099999999999999       0.43280000000000002        6.7000000000000004E-002
   96.000000000000000        8.5900439953549387E-002   1.6600000000000000E-002   6.2600000000000003E-002  0.42399999999999999       0.49680000000000002        0.0000000000000000     
   97.000000000000000        9.4975360677769682E-002   1.6600000000000000E-002   6.2600000000000003E-002  0.39240000000000003       0.52839999999999998        0.0000000000000000     
   98.000000000000000        8.0408712061492194E-002   1.6600000000000000E-002   6.2399999999999997E-002  0.39360000000000001       0.52720000000000000        2.0000000000000001E-004
   99.000000000000000        6.4947111335781543E-002   1.6600000000000000E-002   6.2399999999999997E-002  0.39479999999999998       0.52600000000000002        2.0000000000000001E-004
   100.00000000000000        5.2398025740909605E-002   1.6600000000000000E-002   6.2399999999999997E-002  0.37219999999999998       0.54859999999999998        2.0000000000000001E-004
   101.00000000000000        3.5910192304193601E-002   1.6600000000000000E-002   6.2399999999999997E-002  0.37159999999999999       0.54920000000000002        2.0000000000000001E-004
   102.00000000000000        2.0672858950730112E-002   2.0600000000000000E-002   5.8400000000000001E-002  0.37159999999999999       0.54920000000000002        2.0000000000000001E-004
   103.00000000000000        7.4310370340799469E-003   2.0600000000000000E-002   5.8400000000000001E-002  0.37159999999999999       0.54920000000000002        2.0000000000000001E-004
   104.00000000000000       -5.2572153154752024E-003   2.3000000000000000E-002   5.6000000000000001E-002  0.37080000000000002       0.55000000000000004        2.0000000000000001E-004
   105.00000000000000       -1.9159324523154581E-002   2.4400000000000002E-002   5.4600000000000003E-002  0.37100000000000000       0.54979999999999996        2.0000000000000001E-004
   106.00000000000000       -2.4993288368158659E-002   2.5600000000000001E-002   5.3400000000000003E-002  0.36959999999999998       0.55120000000000002        2.0000000000000001E-004
   107.00000000000000       -3.4746729480580503E-002   2.5600000000000001E-002   5.3400000000000003E-002  0.37100000000000000       0.54979999999999996        2.0000000000000001E-004
   108.00000000000000       -4.0245166843791196E-002   2.5600000000000001E-002   5.3199999999999997E-002  0.36759999999999998       0.41039999999999999       0.14319999999999999     
   109.00000000000000       -5.1953180164875067E-002   2.5600000000000001E-002   5.2800000000000000E-002  0.10800000000000000       0.66859999999999997       0.14499999999999999     
   110.00000000000000       -7.6609652474714074E-002   2.5399999999999999E-002   5.2800000000000000E-002  0.10800000000000000       0.66779999999999995       0.14599999999999999     
   111.00000000000000       -7.6930733026315770E-002   1.8400000000000000E-002   5.8400000000000001E-002  0.10800000000000000       0.56599999999999995       0.24920000000000000     
   112.00000000000000       -7.5334157513774744E-002   1.8400000000000000E-002   5.8400000000000001E-002  0.10800000000000000       0.55600000000000005       0.25919999999999999     
   113.00000000000000       -7.2418766162820489E-002   1.8400000000000000E-002   5.7599999999999998E-002  0.10800000000000000       0.55700000000000005       0.25900000000000001     
   114.00000000000000       -6.2993623149409927E-002   1.8400000000000000E-002   5.7599999999999998E-002  0.10800000000000000       0.53159999999999996       0.28439999999999999     
   115.00000000000000       -5.2653235926039779E-002   1.8200000000000001E-002   5.2800000000000000E-002  0.11100000000000000       0.53380000000000005       0.28420000000000001     
   116.00000000000000       -3.7771603531185374E-002   1.7600000000000001E-002   5.2800000000000000E-002  0.10560000000000000       0.53539999999999999       0.28860000000000002     
   117.00000000000000       -2.1137700459635977E-002   1.6799999999999999E-002   5.2800000000000000E-002  0.10560000000000000       0.53459999999999996       0.29020000000000001     
   118.00000000000000       -1.3603454276476593E-003   1.7200000000000000E-002   5.2800000000000000E-002  0.10260000000000000       0.53520000000000001       0.29220000000000002     
   119.00000000000000        1.8676705157204938E-002   1.6600000000000000E-002   5.2800000000000000E-002  0.10220000000000000       0.53559999999999997       0.29280000000000000     
   120.00000000000000        3.9003006979863974E-002   1.6400000000000001E-002   5.2800000000000000E-002  0.10240000000000000       0.53559999999999997       0.29280000000000000     
   121.00000000000000        6.1067652339369873E-002   1.6400000000000001E-002   5.2800000000000000E-002   9.9599999999999994E-002  0.53400000000000003       0.29720000000000002     
   122.00000000000000        8.1951586004616217E-002   1.6199999999999999E-002   5.2800000000000000E-002   9.9000000000000005E-002  0.53159999999999996       0.30040000000000000     
   123.00000000000000       0.10283304182109286        1.6199999999999999E-002   5.2800000000000000E-002   9.8599999999999993E-002  0.52939999999999998       0.30299999999999999     
   124.00000000000000       0.12360188192930815        1.5800000000000002E-002   5.2800000000000000E-002   9.8400000000000001E-002  0.52559999999999996       0.30740000000000001     
   125.00000000000000       0.14397671463814843        1.5800000000000002E-002   5.2800000000000000E-002   9.8400000000000001E-002  0.51019999999999999       0.32279999999999998     
   126.00000000000000       0.16160920757946259        1.4999999999999999E-002   5.2800000000000000E-002   9.7000000000000003E-002  0.51160000000000005       0.32360000000000000     
   127.00000000000000       0.17796766474803632        1.4999999999999999E-002   5.2800000000000000E-002   9.7000000000000003E-002  0.51219999999999999       0.32300000000000001     
   128.00000000000000       0.19342602265916164        1.4999999999999999E-002   5.2800000000000000E-002   9.5000000000000001E-002  0.51280000000000003       0.32440000000000002     
   129.00000000000000       0.20897553014075554        1.4200000000000001E-002   5.2800000000000000E-002   9.5000000000000001E-002  0.49340000000000001       0.34460000000000002     
   130.00000000000000       0.22129316293418252        1.4000000000000000E-002   5.2800000000000000E-002   9.4600000000000004E-002  0.49859999999999999       0.34000000000000002     
   131.00000000000000       0.23312527668716576        1.3400000000000000E-002   5.2800000000000000E-002   9.2200000000000004E-002  0.50139999999999996       0.34020000000000000     
   132.00000000000000       0.24417457689941924        1.2999999999999999E-002   5.2800000000000000E-002   9.2200000000000004E-002  0.48880000000000001       0.35320000000000001     
   133.00000000000000       0.25341410586005725        1.2800000000000001E-002   5.2800000000000000E-002   9.2399999999999996E-002  0.49080000000000001       0.35120000000000001     
   134.00000000000000       0.26142625763002575        1.2200000000000001E-002   5.2800000000000000E-002   9.2999999999999999E-002  0.49080000000000001       0.35120000000000001     
   135.00000000000000       0.26861366018972377        1.2000000000000000E-002   5.2800000000000000E-002   9.1999999999999998E-002  0.49120000000000003       0.35199999999999998     
   136.00000000000000       0.27489154243742986        1.2000000000000000E-002   5.2800000000000000E-002   8.7200000000000000E-002  0.49480000000000002       0.35320000000000001     
   137.00000000000000       0.27932102365516687        1.2000000000000000E-002   5.2800000000000000E-002   8.7200000000000000E-002  0.49559999999999998       0.35239999999999999     
   138.00000000000000       0.28282670418813105        1.5400000000000000E-002   4.8399999999999999E-002   8.6800000000000002E-002  0.49580000000000002       0.35360000000000003     
   139.00000000000000       0.28501015381134331        1.5400000000000000E-002   4.7600000000000003E-002   8.7599999999999997E-002  0.49600000000000000       0.35339999999999999     
   140.00000000000000       0.28794407189108057        1.5400000000000000E-002   4.7600000000000003E-002   7.9200000000000007E-002  0.50439999999999996       0.35339999999999999     
   141.00000000000000       0.28928259907407922        1.5400000000000000E-002   4.6399999999999997E-002   7.5999999999999998E-002  0.50760000000000005       0.35460000000000003     
   142.00000000000000       0.28944387000750882        1.5400000000000000E-002   4.4800000000000000E-002   7.5800000000000006E-002  0.50900000000000001       0.35499999999999998     
   143.00000000000000       0.28831963841604102        1.5400000000000000E-002   4.4800000000000000E-002   7.3599999999999999E-002  0.51100000000000001       0.35520000000000002     
   144.00000000000000       0.28623705796360843        1.5200000000000000E-002   4.4600000000000001E-002   7.2200000000000000E-002  0.51280000000000003       0.35520000000000002     
   145.00000000000000       0.28300928314092622        1.4200000000000001E-002   4.4400000000000002E-002   6.9199999999999998E-002  0.51500000000000001       0.35720000000000002     
   146.00000000000000       0.27931649824206223        1.4400000000000000E-002   4.1399999999999999E-002   6.6799999999999998E-002  0.51680000000000004       0.36059999999999998     
   147.00000000000000       0.27321741354293994        1.4600000000000000E-002   3.9199999999999999E-002   6.6600000000000006E-002  0.52020000000000000       0.35940000000000000     
   148.00000000000000       0.26776091357630105        1.3400000000000000E-002   3.8199999999999998E-002   6.8800000000000000E-002  0.50100000000000000       0.37859999999999999     
   149.00000000000000       0.25894206756371002        1.3800000000000000E-002   3.7800000000000000E-002   6.8199999999999997E-002  0.50360000000000005       0.37659999999999999     
   150.00000000000000       0.25025008071158161        1.3200000000000000E-002   3.8399999999999997E-002   6.7599999999999993E-002  0.50660000000000005       0.37419999999999998     
   151.00000000000000       0.24181530075653601        9.5999999999999992E-003   4.0599999999999997E-002   6.8199999999999997E-002  0.50539999999999996       0.37619999999999998     
   152.00000000000000       0.23372191435391743        3.2000000000000002E-003   4.6199999999999998E-002   6.7599999999999993E-002  0.50439999999999996       0.37859999999999999     
   153.00000000000000       0.22519655001363359        6.0000000000000001E-003   4.1799999999999997E-002   6.6199999999999995E-002  0.49900000000000000       0.38700000000000001     
   154.00000000000000       0.21634278405437019        6.0000000000000001E-003   4.1799999999999997E-002   6.4000000000000001E-002  0.50039999999999996       0.38779999999999998     
   155.00000000000000       0.20740551429703175        2.3999999999999998E-003   4.4200000000000003E-002   6.2199999999999998E-002  0.50480000000000003       0.38640000000000002     
   156.00000000000000       0.19724169879483378        2.3999999999999998E-003   4.4200000000000003E-002   6.2199999999999998E-002  0.50619999999999998       0.38500000000000001     
   157.00000000000000       0.18858394787030269        2.3999999999999998E-003   4.4200000000000003E-002   6.1199999999999997E-002  0.50719999999999998       0.38500000000000001     
   158.00000000000000       0.17910677905654893        2.3999999999999998E-003   4.4200000000000003E-002   6.0600000000000001E-002  0.50800000000000001       0.38479999999999998     
   159.00000000000000       0.17151638311865591        2.3999999999999998E-003   0.0000000000000000       0.10480000000000000       0.49359999999999998       0.39920000000000000     
   160.00000000000000       0.16373270464821527        2.2000000000000001E-003   0.0000000000000000       0.10500000000000000       0.49380000000000002       0.39900000000000002     
   161.00000000000000       0.15693791257049058        2.2000000000000001E-003   0.0000000000000000       0.10500000000000000       0.49080000000000001       0.40200000000000002     
   162.00000000000000       0.15039391678006403        2.2000000000000001E-003   0.0000000000000000       0.10500000000000000       0.48940000000000000       0.40339999999999998     
   163.00000000000000       0.14500987378671140        2.2000000000000001E-003   0.0000000000000000       0.10500000000000000       0.48320000000000002       0.40960000000000002     
   164.00000000000000       0.14051163165261515        2.2000000000000001E-003   0.0000000000000000       0.10500000000000000       0.47899999999999998       0.41380000000000000     
   165.00000000000000       0.13627151923875067        2.2000000000000001E-003   0.0000000000000000       0.10500000000000000       0.47760000000000002       0.41520000000000001     
   166.00000000000000       0.13320845823307648        2.2000000000000001E-003   0.0000000000000000       0.10500000000000000       0.47660000000000002       0.41620000000000001     
   167.00000000000000       0.13101946286295768        2.2000000000000001E-003   0.0000000000000000       0.10500000000000000       0.47599999999999998       0.41680000000000000     
   168.00000000000000       0.12995355253175317        2.2000000000000001E-003   0.0000000000000000       0.10500000000000000       0.47599999999999998       0.41680000000000000     
   169.00000000000000       0.13157141043037715        2.0000000000000000E-003   0.0000000000000000       0.10500000000000000       0.46679999999999999       0.42620000000000002     
   170.00000000000000       0.13423329543911555        2.0000000000000000E-003   5.0200000000000002E-002   5.4800000000000001E-002  0.45900000000000002       0.43400000000000000     
   171.00000000000000       0.14243646644153335        2.0000000000000000E-003   5.0200000000000002E-002   5.4800000000000001E-002  0.45060000000000000       0.44240000000000002     
   172.00000000000000       0.15099169700739376        2.0000000000000000E-003   5.0200000000000002E-002   5.4800000000000001E-002  0.45060000000000000       0.44240000000000002     
   173.00000000000000       0.16094771403183122        1.0000000000000000E-003   5.1200000000000002E-002   5.4800000000000001E-002  0.45060000000000000       0.44240000000000002     
   174.00000000000000       0.17723231155942837        1.0000000000000000E-003   4.8000000000000001E-002   5.3999999999999999E-002  0.44740000000000002       0.44960000000000000     
   175.00000000000000       0.19552118510522914        1.0000000000000000E-003   4.5199999999999997E-002   5.3400000000000003E-002  0.44159999999999999       0.45879999999999999     
   176.00000000000000       0.21275058627113549        1.0000000000000000E-003   4.5199999999999997E-002   5.2400000000000002E-002  0.43880000000000002       0.46260000000000001     
   177.00000000000000       0.23002212684729617        1.0000000000000000E-003   4.5199999999999997E-002   5.0400000000000000E-002  0.43900000000000000       0.46439999999999998     
   178.00000000000000       0.24676397546721918        1.0000000000000000E-003   4.4999999999999998E-002   4.9399999999999999E-002  0.44019999999999998       0.46439999999999998     
   179.00000000000000       0.26246876315917600        1.0000000000000000E-003   4.4800000000000000E-002   4.9399999999999999E-002  0.44040000000000001       0.46439999999999998     
   180.00000000000000       0.27722192413527252        1.0000000000000000E-003   4.3999999999999997E-002   4.9200000000000001E-002  0.44080000000000003       0.46500000000000002     
   181.00000000000000       0.29228713978881449        1.0000000000000000E-003   4.1599999999999998E-002   4.6199999999999998E-002  0.44479999999999997       0.46639999999999998     
   182.00000000000000       0.30363784652545867        1.0000000000000000E-003   4.1399999999999999E-002   4.6199999999999998E-002  0.44500000000000001       0.46639999999999998     
   183.00000000000000       0.31332548843717817        1.0000000000000000E-003   4.1399999999999999E-002   4.5600000000000002E-002  0.44579999999999997       0.46620000000000000     
   184.00000000000000       0.32168783245925159        1.0000000000000000E-003   4.1399999999999999E-002   4.0399999999999998E-002  0.45279999999999998       0.46439999999999998     
   185.00000000000000       0.32781758087680046        1.0000000000000000E-003   4.0000000000000001E-002   4.0399999999999998E-002  0.44560000000000000       0.47299999999999998     
   186.00000000000000       0.33064024921191770        8.0000000000000004E-004   3.9600000000000003E-002   4.0599999999999997E-002  0.44640000000000002       0.47260000000000002     
   187.00000000000000       0.33097933208482944        4.0000000000000002E-004   4.0000000000000001E-002   4.0599999999999997E-002  0.44679999999999997       0.47220000000000001     
   188.00000000000000       0.32881855951214534        4.0000000000000002E-004   3.9800000000000002E-002   4.0200000000000000E-002  0.44719999999999999       0.47239999999999999     
   189.00000000000000       0.32627444921524107        4.0000000000000002E-004   3.8800000000000001E-002   4.0200000000000000E-002  0.44019999999999998       0.48039999999999999     
   190.00000000000000       0.31996593517355865        4.0000000000000002E-004   3.8800000000000001E-002   4.0200000000000000E-002  0.43919999999999998       0.48139999999999999     
   191.00000000000000       0.31156352968397916        4.0000000000000002E-004   3.8600000000000002E-002   3.8800000000000001E-002  0.44059999999999999       0.48159999999999997     
   192.00000000000000       0.30204110302604320        8.3999999999999995E-003   3.0400000000000000E-002   3.5799999999999998E-002  0.44280000000000003       0.48259999999999997     
   193.00000000000000       0.29134367228921920        8.3999999999999995E-003   3.0400000000000000E-002   3.5799999999999998E-002  0.44280000000000003       0.48259999999999997     
   194.00000000000000       0.28039690487467761        8.3999999999999995E-003   3.0400000000000000E-002   2.7199999999999998E-002  0.45140000000000002       0.48259999999999997     
   195.00000000000000       0.26872523470635101        8.3999999999999995E-003   3.0400000000000000E-002   1.9400000000000001E-002  0.45920000000000000       0.48259999999999997     
   196.00000000000000       0.25355798312928596        8.3999999999999995E-003   3.0400000000000000E-002   1.9199999999999998E-002  0.45639999999999997       0.48559999999999998     
   197.00000000000000       0.25447145402803334        8.3999999999999995E-003   1.7000000000000001E-002   3.4599999999999999E-002  0.45000000000000001       0.48999999999999999     
   198.00000000000000       0.25048176935562155        8.3999999999999995E-003   1.7800000000000000E-002   3.4599999999999999E-002  0.44919999999999999       0.48999999999999999     
   199.00000000000000       0.24496295169345794        8.3999999999999995E-003   1.7000000000000001E-002   4.6800000000000001E-002  0.43740000000000001       0.49040000000000000     
   200.00000000000000       0.24183095410055153        8.3999999999999995E-003   1.6799999999999999E-002   4.7000000000000000E-002  0.43740000000000001       0.49040000000000000     
   201.00000000000000       0.23862267135878917        8.3999999999999995E-003   1.6600000000000000E-002   4.7000000000000000E-002  0.43740000000000001       0.49059999999999998     
   202.00000000000000       0.23210379606842346        8.3999999999999995E-003   1.5800000000000002E-002   4.7800000000000002E-002  0.43740000000000001       0.49059999999999998     
   203.00000000000000       0.22179270271954232        8.3999999999999995E-003   1.4999999999999999E-002   4.8599999999999997E-002  0.43740000000000001       0.49059999999999998     
   204.00000000000000       0.21100234856215214        8.3999999999999995E-003   1.4400000000000000E-002   4.4800000000000000E-002  0.43740000000000001       0.49500000000000000     
   205.00000000000000       0.19641160777909941        8.3999999999999995E-003   1.4400000000000000E-002  0.48220000000000002        0.0000000000000000       0.49500000000000000     
   206.00000000000000       0.18018625715699918        8.3999999999999995E-003   1.4400000000000000E-002  0.48220000000000002        0.0000000000000000       0.49500000000000000     
   207.00000000000000       0.16239652685460348        8.3999999999999995E-003   1.4400000000000000E-002  0.48220000000000002        0.0000000000000000       0.49500000000000000     
   208.00000000000000       0.14382220536859933        8.3999999999999995E-003   1.8800000000000001E-002  0.47420000000000001        3.5999999999999999E-003  0.49500000000000000     
   209.00000000000000       0.14773456362749526        8.3999999999999995E-003   1.8800000000000001E-002  0.47420000000000001        3.5999999999999999E-003  0.49500000000000000     
   210.00000000000000       0.15353169465154942        8.2000000000000007E-003   1.8800000000000001E-002  0.47399999999999998        3.3999999999999998E-003  0.49559999999999998     
   211.00000000000000       0.16180417643747644        8.2000000000000007E-003   1.8800000000000001E-002  0.45879999999999999        1.4400000000000000E-002  0.49980000000000002     
   212.00000000000000       0.16809557160266569        8.2000000000000007E-003   1.8800000000000001E-002  0.45540000000000003        1.6000000000000000E-002  0.50160000000000005     
   213.00000000000000       0.17361586399014553        5.4000000000000003E-003   2.1399999999999999E-002  0.45560000000000000        1.5800000000000002E-002  0.50180000000000002     
   214.00000000000000       0.18145049144703379        5.4000000000000003E-003   2.1399999999999999E-002  0.45140000000000002        2.0000000000000000E-002  0.50180000000000002     
   215.00000000000000       0.19138387761906842        5.1999999999999998E-003   2.1399999999999999E-002  0.44679999999999997        2.4600000000000000E-002  0.50200000000000000     
   216.00000000000000       0.20509761732641604        5.1999999999999998E-003   2.1399999999999999E-002  0.44440000000000002        2.7000000000000000E-002  0.50200000000000000     
