#        BMIN =   404
#        BMAX =   408
#     INIBAND =   406
#      NBANDS =   540
#         NSW =  2000
#       POTIM =   1.0
#        TEMP = 300.0
#    NAMDTINI =   364
#    NAMDTIME =  1000
#       NTRAJ =  5000
#        NELM =  1000
#       LHOLE =     T
#        LSHP =     T
#      LCPTXT =     T
#      RUNDIR = ../../run/
   1.0000000000000000        7.7432393010792050E-002   0.0000000000000000        0.0000000000000000        1.0000000000000000        0.0000000000000000        0.0000000000000000     
   2.0000000000000000        7.1953888401737970E-002   0.0000000000000000        0.0000000000000000        1.0000000000000000        0.0000000000000000        0.0000000000000000     
   3.0000000000000000        6.4030341228911991E-002   0.0000000000000000        0.0000000000000000        1.0000000000000000        0.0000000000000000        0.0000000000000000     
   4.0000000000000000        5.5141890742631532E-002   0.0000000000000000        0.0000000000000000        1.0000000000000000        0.0000000000000000        0.0000000000000000     
   5.0000000000000000        4.5662438020080742E-002   0.0000000000000000        2.7799999999999998E-002  0.97219999999999995        0.0000000000000000        0.0000000000000000     
   6.0000000000000000        4.1563827845435018E-002   0.0000000000000000        1.7200000000000000E-002  0.98280000000000001        0.0000000000000000        0.0000000000000000     
   7.0000000000000000        4.4946056562088249E-002   0.0000000000000000        2.2200000000000001E-002  0.97780000000000000        0.0000000000000000        0.0000000000000000     
   8.0000000000000000        5.1233361035188517E-002   0.0000000000000000        2.3000000000000000E-002  0.97699999999999998        0.0000000000000000        0.0000000000000000     
   9.0000000000000000        5.7317259060852124E-002   1.1999999999999999E-003   2.0199999999999999E-002  0.97840000000000005        2.0000000000000001E-004   0.0000000000000000     
   10.000000000000000        6.2368837152872003E-002   1.1999999999999999E-003   2.0199999999999999E-002  0.97840000000000005        2.0000000000000001E-004   0.0000000000000000     
   11.000000000000000        6.6309926219305801E-002   1.1999999999999999E-003   2.0199999999999999E-002  0.97840000000000005        2.0000000000000001E-004   0.0000000000000000     
   12.000000000000000        6.8035548461791065E-002   1.1999999999999999E-003   2.8600000000000000E-002  0.96999999999999997        2.0000000000000001E-004   0.0000000000000000     
   13.000000000000000        7.5612998278203836E-002   1.1999999999999999E-003   2.8600000000000000E-002  0.96999999999999997        2.0000000000000001E-004   0.0000000000000000     
   14.000000000000000        9.3690405593956763E-002   1.1999999999999999E-003   2.8600000000000000E-002  0.96999999999999997        2.0000000000000001E-004   0.0000000000000000     
   15.000000000000000       0.10480253155745291        1.1999999999999999E-003   2.8600000000000000E-002  0.96999999999999997        2.0000000000000001E-004   0.0000000000000000     
   16.000000000000000       0.10843444552211921        1.1999999999999999E-003   2.8600000000000000E-002  0.96999999999999997        2.0000000000000001E-004   0.0000000000000000     
   17.000000000000000       0.10504842465774111        1.1999999999999999E-003   2.8199999999999999E-002  0.96999999999999997        5.9999999999999995E-004   0.0000000000000000     
   18.000000000000000        9.4717335348917978E-002   1.1999999999999999E-003   2.8199999999999999E-002  0.96999999999999997        5.9999999999999995E-004   0.0000000000000000     
   19.000000000000000        7.7765884971481986E-002   1.1999999999999999E-003   2.8199999999999999E-002  0.96999999999999997        5.9999999999999995E-004   0.0000000000000000     
   20.000000000000000        5.5599781018820515E-002   1.1999999999999999E-003   2.8199999999999999E-002  0.96999999999999997        5.9999999999999995E-004   0.0000000000000000     
   21.000000000000000        2.7658178569107968E-002   1.1999999999999999E-003   2.8199999999999999E-002  0.96999999999999997        5.9999999999999995E-004   0.0000000000000000     
   22.000000000000000       -2.6857102158000280E-003   0.0000000000000000        2.7000000000000000E-002  0.97240000000000004        5.9999999999999995E-004   0.0000000000000000     
   23.000000000000000       -3.3841819132717693E-002   2.0000000000000001E-004   2.7000000000000000E-002  0.97180000000000000        1.0000000000000000E-003   0.0000000000000000     
   24.000000000000000       -3.0745051098893136E-002   2.0000000000000001E-004   2.7000000000000000E-002  0.97180000000000000        1.0000000000000000E-003   0.0000000000000000     
   25.000000000000000       -2.8398551822377088E-002   2.0000000000000001E-004   2.7000000000000000E-002  0.97180000000000000        1.0000000000000000E-003   0.0000000000000000     
   26.000000000000000       -2.5857744136361657E-002   2.0000000000000001E-004   2.7000000000000000E-002  0.96980000000000000        1.8000000000000000E-003   1.1999999999999999E-003
   27.000000000000000       -2.4521025164666956E-002   2.0000000000000001E-004   2.7000000000000000E-002  0.96980000000000000        1.8000000000000000E-003   1.1999999999999999E-003
   28.000000000000000       -2.3641909867206538E-002   2.0000000000000001E-004   2.7000000000000000E-002  0.96960000000000002        2.0000000000000000E-003   1.1999999999999999E-003
   29.000000000000000       -2.3046454089098885E-002   2.0000000000000001E-004   2.7000000000000000E-002  0.96960000000000002        2.0000000000000000E-003   1.1999999999999999E-003
   30.000000000000000       -2.3016334031138133E-002   2.0000000000000001E-004   2.7000000000000000E-002  0.96860000000000002        3.0000000000000001E-003   1.1999999999999999E-003
   31.000000000000000       -2.3809474959518781E-002   2.0000000000000001E-004   2.7000000000000000E-002  0.96799999999999997        3.5999999999999999E-003   1.1999999999999999E-003
   32.000000000000000       -2.5086756432738000E-002   2.0000000000000001E-004   2.7000000000000000E-002  0.96840000000000004        3.2000000000000002E-003   1.1999999999999999E-003
   33.000000000000000       -2.6907096341602998E-002   2.0000000000000001E-004   2.7000000000000000E-002  0.96679999999999999        4.5999999999999999E-003   1.4000000000000000E-003
   34.000000000000000       -2.9196090834138037E-002   2.0000000000000001E-004   2.7000000000000000E-002  0.96079999999999999        1.0600000000000000E-002   1.4000000000000000E-003
   35.000000000000000       -3.1723028545820590E-002   2.0000000000000001E-004   2.7000000000000000E-002  0.94899999999999995        2.2400000000000000E-002   1.4000000000000000E-003
   36.000000000000000       -3.6178234308717493E-002   2.0000000000000001E-004   2.7000000000000000E-002  0.94920000000000004        2.2200000000000001E-002   1.4000000000000000E-003
   37.000000000000000       -4.0210873430893440E-002   2.0000000000000001E-004   2.7000000000000000E-002  0.94940000000000002        2.1999999999999999E-002   1.4000000000000000E-003
   38.000000000000000       -4.9533964965132973E-002   2.0000000000000001E-004  0.28439999999999999       0.69079999999999997        2.3199999999999998E-002   1.4000000000000000E-003
   39.000000000000000       -3.4993652371444348E-002   2.0000000000000001E-004  0.28299999999999997       0.69079999999999997        2.4600000000000000E-002   1.4000000000000000E-003
   40.000000000000000       -8.8820606608965638E-003   2.0000000000000001E-004  0.28160000000000002       0.50100000000000000       0.21579999999999999        1.4000000000000000E-003
   41.000000000000000        4.4273295164367812E-003   2.0000000000000001E-004  0.27879999999999999       0.50380000000000003       0.21560000000000001        1.6000000000000001E-003
   42.000000000000000        1.0129247198911622E-002   2.0000000000000001E-004  0.27879999999999999       0.50280000000000002       0.21560000000000001        2.5999999999999999E-003
   43.000000000000000        1.3805037067661792E-002   2.0000000000000001E-004  0.27539999999999998       0.50560000000000005       0.21560000000000001        3.2000000000000002E-003
   44.000000000000000        1.9411149088227379E-002   2.0000000000000001E-004  0.26479999999999998       0.51300000000000001       0.21560000000000001        6.4000000000000003E-003
   45.000000000000000        2.1824991036728580E-002   2.0000000000000001E-004  0.26479999999999998       0.51300000000000001       0.21560000000000001        6.4000000000000003E-003
   46.000000000000000        2.4671751737431462E-002   2.0000000000000001E-004  0.24399999999999999       0.53339999999999999       0.21560000000000001        6.7999999999999996E-003
   47.000000000000000        2.6218081660240967E-002   2.0000000000000001E-004  0.24399999999999999       0.53120000000000001       0.21560000000000001        8.9999999999999993E-003
   48.000000000000000        2.3346134364187438E-002   2.0000000000000001E-004  0.24199999999999999       0.74639999999999995        2.2000000000000001E-003   9.1999999999999998E-003
   49.000000000000000        1.4086682497834239E-002   2.0000000000000001E-004  0.24179999999999999       0.74639999999999995        2.3999999999999998E-003   9.1999999999999998E-003
   50.000000000000000       -7.7521396815504462E-003   2.0000000000000001E-004  0.24160000000000001       0.74639999999999995        2.3999999999999998E-003   9.4000000000000004E-003
   51.000000000000000       -3.2967831825408918E-002   2.0000000000000001E-004  0.24120000000000000       0.74639999999999995        2.3999999999999998E-003   9.7999999999999997E-003
   52.000000000000000       -5.9527881387217201E-002   1.6000000000000001E-003  0.20780000000000001       0.77520000000000000        4.7999999999999996E-003   1.0600000000000000E-002
   53.000000000000000       -7.4562893517499923E-002   2.1000000000000001E-002  0.20619999999999999       0.75519999999999998        5.4000000000000003E-003   1.2200000000000001E-002
   54.000000000000000       -6.6525217082166202E-002   2.1000000000000001E-002  0.19960000000000000       0.75919999999999999        7.4000000000000003E-003   1.2800000000000001E-002
   55.000000000000000       -5.3068117390965515E-002   2.0799999999999999E-002  0.20100000000000001       0.75719999999999998        8.3999999999999995E-003   1.2600000000000000E-002
   56.000000000000000       -3.5772689679247793E-002   1.9000000000000000E-002  0.20019999999999999       0.75460000000000005        1.2400000000000000E-002   1.3800000000000000E-002
   57.000000000000000       -1.9072036013593786E-002   1.9000000000000000E-002  0.19839999999999999       0.75300000000000000        1.4200000000000001E-002   1.5400000000000000E-002
   58.000000000000000       -2.9905266511474123E-003   1.8200000000000001E-002  0.19860000000000000       0.75300000000000000        1.4200000000000001E-002   1.6000000000000000E-002
   59.000000000000000        1.1446688272299109E-002   1.7200000000000000E-002  0.19560000000000000       0.75639999999999996        1.4600000000000000E-002   1.6199999999999999E-002
   60.000000000000000        2.6971678447167753E-002   1.7000000000000001E-002  0.19560000000000000       0.75080000000000002        1.7399999999999999E-002   1.9199999999999998E-002
   61.000000000000000        4.0078609192716413E-002   1.7000000000000001E-002  0.19580000000000000       0.75060000000000004        1.7399999999999999E-002   1.9199999999999998E-002
   62.000000000000000        5.3851331235683406E-002   9.1999999999999998E-003  0.20240000000000000       0.75039999999999996        1.8400000000000000E-002   1.9599999999999999E-002
   63.000000000000000        6.7930360317319818E-002   8.9999999999999993E-003  0.19680000000000000       0.75519999999999998        1.9400000000000001E-002   1.9599999999999999E-002
   64.000000000000000        8.0924172032003014E-002   9.1999999999999998E-003  0.19259999999999999       0.75800000000000001        1.9599999999999999E-002   2.0600000000000000E-002
   65.000000000000000        9.3287309795881859E-002   9.1999999999999998E-003  0.18600000000000000       0.76400000000000001        2.0199999999999999E-002   2.0600000000000000E-002
   66.000000000000000       0.10491457866275980        8.6000000000000000E-003  0.17860000000000001       0.77100000000000002        2.0400000000000001E-002   2.1399999999999999E-002
   67.000000000000000       0.11418006509702749        8.6000000000000000E-003  0.17460000000000001       0.77500000000000002        2.0400000000000001E-002   2.1399999999999999E-002
   68.000000000000000       0.12269280735512089        8.3999999999999995E-003  0.16900000000000001       0.77739999999999998        2.3599999999999999E-002   2.1600000000000001E-002
   69.000000000000000       0.12873393942911332        8.3999999999999995E-003  0.16900000000000001       0.77720000000000000        2.3599999999999999E-002   2.1800000000000000E-002
   70.000000000000000       0.13480182260992743        8.3999999999999995E-003  0.16360000000000000       0.77600000000000002        2.9800000000000000E-002   2.2200000000000001E-002
   71.000000000000000       0.13871256630232956        8.3999999999999995E-003  0.16259999999999999       0.77159999999999995        3.4599999999999999E-002   2.2800000000000001E-002
   72.000000000000000       0.13928045773844119        1.4000000000000000E-003  0.16940000000000000       0.76859999999999995        3.7800000000000000E-002   2.2800000000000001E-002
   73.000000000000000       0.14545948297247696        1.4000000000000000E-003  0.16940000000000000       0.76839999999999997        3.7800000000000000E-002   2.3000000000000000E-002
   74.000000000000000       0.14972634148551270        1.4000000000000000E-003  0.16940000000000000       0.76839999999999997        3.7800000000000000E-002   2.3000000000000000E-002
   75.000000000000000       0.15258417612234529        1.4000000000000000E-003  0.16940000000000000       0.76819999999999999        3.7800000000000000E-002   2.3199999999999998E-002
   76.000000000000000       0.15225685553965074        1.4000000000000000E-003  0.16940000000000000       0.76819999999999999        3.7800000000000000E-002   2.3199999999999998E-002
   77.000000000000000       0.14944798113535893        1.4000000000000000E-003  0.26919999999999999       0.66800000000000004        3.7999999999999999E-002   2.3400000000000001E-002
   78.000000000000000       0.14858596141040206        1.4000000000000000E-003  0.26919999999999999       0.66800000000000004        3.7999999999999999E-002   2.3400000000000001E-002
   79.000000000000000       0.14578746528879818        1.4000000000000000E-003  0.26919999999999999       0.66800000000000004        3.7999999999999999E-002   2.3400000000000001E-002
   80.000000000000000       0.13765793554076103        1.4000000000000000E-003  0.26900000000000002       0.66820000000000002        3.7999999999999999E-002   2.3400000000000001E-002
   81.000000000000000       0.12430481518252398        1.4000000000000000E-003  0.33879999999999999       0.59160000000000001        4.3600000000000000E-002   2.4600000000000000E-002
   82.000000000000000       0.10985540910742618        1.4000000000000000E-003  0.33879999999999999       0.58540000000000003        4.9599999999999998E-002   2.4799999999999999E-002
   83.000000000000000        9.5389790785868914E-002   1.4000000000000000E-003  0.33879999999999999       0.55279999999999996        7.8799999999999995E-002   2.8199999999999999E-002
   84.000000000000000        7.4731516783748425E-002   1.4000000000000000E-003  0.33879999999999999       0.55400000000000005        7.7200000000000005E-002   2.8600000000000000E-002
   85.000000000000000        5.2972820705019456E-002   1.4000000000000000E-003  0.33879999999999999       0.53620000000000001        8.9999999999999997E-002   3.3599999999999998E-002
   86.000000000000000        2.6701623288104936E-002   1.4000000000000000E-003  0.33879999999999999       0.53659999999999997        8.8800000000000004E-002   3.4400000000000000E-002
   87.000000000000000       -1.0719406580348822E-003   1.4000000000000000E-003  0.33739999999999998       0.52600000000000002        9.9599999999999994E-002   3.5600000000000000E-002
   88.000000000000000       -1.8962637651354381E-002   1.4000000000000000E-003  0.33260000000000001       0.52300000000000002       0.10720000000000000        3.5799999999999998E-002
   89.000000000000000       -2.7465871634036042E-002   1.4000000000000000E-003  0.33220000000000000       0.52300000000000002       0.10740000000000000        3.5999999999999997E-002
   90.000000000000000       -3.5818948238950661E-002   1.4000000000000000E-003  0.33019999999999999       0.52239999999999998       0.11000000000000000        3.5999999999999997E-002
   91.000000000000000       -4.2457151102785411E-002   1.4000000000000000E-003  0.29540000000000000       0.55720000000000003       0.11000000000000000        3.5999999999999997E-002
   92.000000000000000       -4.8581594387880289E-002   1.4000000000000000E-003  0.21900000000000000       0.63280000000000003       0.11080000000000000        3.5999999999999997E-002
   93.000000000000000       -5.5351679433076700E-002   1.4000000000000000E-003  0.16619999999999999       0.68559999999999999       0.11080000000000000        3.5999999999999997E-002
   94.000000000000000       -5.7976357624655597E-002   1.1999999999999999E-003  0.17760000000000001       0.67400000000000004       0.11100000000000000        3.6200000000000003E-002
   95.000000000000000       -5.6721817760766714E-002   8.0000000000000004E-004  0.17879999999999999       0.67120000000000002       0.11080000000000000        3.8399999999999997E-002
   96.000000000000000       -5.4445500190941569E-002   4.0000000000000002E-004  0.17960000000000001       0.66959999999999997       0.11200000000000000        3.8399999999999997E-002
   97.000000000000000       -5.0590860119855641E-002   4.0000000000000002E-004  0.17860000000000001       0.66920000000000002       0.11200000000000000        3.9800000000000002E-002
   98.000000000000000       -4.5904367996860082E-002   2.0000000000000001E-004  0.17840000000000000       0.66879999999999995       0.11100000000000000        4.1599999999999998E-002
   99.000000000000000       -3.9984690690050569E-002   2.2000000000000001E-003  0.17640000000000000       0.66739999999999999       0.11200000000000000        4.2000000000000003E-002
   100.00000000000000       -3.1500669947394144E-002   1.8000000000000000E-003  0.17440000000000000       0.66620000000000001       0.11340000000000000        4.4200000000000003E-002
   101.00000000000000       -2.0835616525769426E-002   0.0000000000000000       0.17419999999999999       0.66639999999999999       0.11500000000000000        4.4400000000000002E-002
   102.00000000000000       -8.5268239249451372E-003   0.0000000000000000       0.17180000000000001       0.66879999999999995       0.11500000000000000        4.4400000000000002E-002
   103.00000000000000        5.9280563960037967E-003   0.0000000000000000       0.17180000000000001       0.66800000000000004       0.11500000000000000        4.5199999999999997E-002
   104.00000000000000        2.0662115390470574E-002   0.0000000000000000       0.16940000000000000       0.66900000000000004       0.11640000000000000        4.5199999999999997E-002
   105.00000000000000        3.6362733559374458E-002   0.0000000000000000       0.16940000000000000       0.66839999999999999       0.11559999999999999        4.6600000000000003E-002
   106.00000000000000        5.6009642038875908E-002   0.0000000000000000       0.16580000000000000       0.66859999999999997       0.11820000000000000        4.7399999999999998E-002
   107.00000000000000        8.1350244457343193E-002   0.0000000000000000       0.12780000000000000       0.69840000000000002       0.12520000000000001        4.8599999999999997E-002
   108.00000000000000       0.10420631260826493        0.0000000000000000       0.12379999999999999       0.69779999999999998       0.12680000000000000        5.1600000000000000E-002
   109.00000000000000       0.12618776852638516        0.0000000000000000       0.11700000000000001       0.69860000000000000       0.13120000000000001        5.3199999999999997E-002
   110.00000000000000       0.14557503318086026        9.4000000000000004E-003  0.10760000000000000       0.68859999999999999       0.14140000000000000        5.2999999999999999E-002
   111.00000000000000       0.16302911961318670        9.4000000000000004E-003  0.10760000000000000       0.68859999999999999       0.14160000000000000        5.2800000000000000E-002
   112.00000000000000       0.17744145739336326        9.4000000000000004E-003  0.10740000000000000       0.68859999999999999       0.14160000000000000        5.2999999999999999E-002
   113.00000000000000       0.18769553454198432        9.4000000000000004E-003  0.10740000000000000       0.68479999999999996       0.14419999999999999        5.4199999999999998E-002
   114.00000000000000       0.19298310727360202        9.4000000000000004E-003  0.10740000000000000       0.68479999999999996       0.14540000000000000        5.2999999999999999E-002
   115.00000000000000       0.19651610151295573        9.4000000000000004E-003  0.10740000000000000       0.68140000000000001       0.14440000000000000        5.7400000000000000E-002
   116.00000000000000       0.19438831618443178        9.4000000000000004E-003  0.10740000000000000       0.67540000000000000       0.14840000000000000        5.9400000000000001E-002
   117.00000000000000       0.18924156773874290        8.8000000000000005E-003  0.10740000000000000       0.66700000000000004       0.14879999999999999        6.8000000000000005E-002
   118.00000000000000       0.17784047319347598        8.8000000000000005E-003  0.10740000000000000       0.66700000000000004       0.14879999999999999        6.8000000000000005E-002
   119.00000000000000       0.16284268509594724        8.2000000000000007E-003  0.10740000000000000       0.66759999999999997       0.14399999999999999        7.2800000000000004E-002
   120.00000000000000       0.14453268668733024        8.0000000000000002E-003  0.10740000000000000       0.66759999999999997       0.14399999999999999        7.2999999999999995E-002
   121.00000000000000       0.12393105132931802        8.0000000000000002E-003  0.10740000000000000       0.66759999999999997       0.14399999999999999        7.2999999999999995E-002
   122.00000000000000       0.10292756994858783        7.7999999999999996E-003  0.10740000000000000       0.66200000000000003       0.14620000000000000        7.6600000000000001E-002
   123.00000000000000        7.9269300422261879E-002   7.7999999999999996E-003  0.10740000000000000       0.65580000000000005       0.15120000000000000        7.7799999999999994E-002
   124.00000000000000        5.7823390114263129E-002   5.4199999999999998E-002   5.7400000000000000E-002  0.65839999999999999       0.15179999999999999        7.8200000000000006E-002
   125.00000000000000        3.7832389653474296E-002   5.4199999999999998E-002   5.7400000000000000E-002  0.65359999999999996       0.15659999999999999        7.8200000000000006E-002
   126.00000000000000        1.8845814304755494E-002   5.4199999999999998E-002   5.5599999999999997E-002  0.65459999999999996       0.15740000000000001        7.8200000000000006E-002
   127.00000000000000        3.0044154852711009E-003   5.4199999999999998E-002   4.1000000000000002E-002  0.66920000000000002       0.15720000000000001        7.8399999999999997E-002
   128.00000000000000       -9.7773737808128959E-003   5.4199999999999998E-002   3.8399999999999997E-002  0.67159999999999997       0.15720000000000001        7.8600000000000003E-002
   129.00000000000000       -1.9312147559759810E-002   5.4199999999999998E-002   3.7999999999999999E-002  0.67200000000000004       0.15720000000000001        7.8600000000000003E-002
   130.00000000000000       -2.3822660988316119E-002   5.4199999999999998E-002   4.1399999999999999E-002  0.66679999999999995       0.15840000000000001        7.9200000000000007E-002
   131.00000000000000       -2.3135181354459255E-002   5.4199999999999998E-002   4.3400000000000001E-002  0.66300000000000003       0.15720000000000001        8.2199999999999995E-002
   132.00000000000000       -2.0303633116804703E-002   5.4199999999999998E-002   4.3999999999999997E-002  0.66180000000000005       0.15780000000000000        8.2199999999999995E-002
   133.00000000000000       -1.4436085013663977E-002   5.4199999999999998E-002   4.4400000000000002E-002  0.66080000000000005       0.15840000000000001        8.2199999999999995E-002
   134.00000000000000       -6.2455182179715144E-003   5.4199999999999998E-002   4.4600000000000001E-002  0.66059999999999997       0.15859999999999999        8.2000000000000003E-002
   135.00000000000000        3.9094968483668613E-003   5.4199999999999998E-002   4.4800000000000000E-002  0.65759999999999996       0.16139999999999999        8.2000000000000003E-002
   136.00000000000000        1.6873990247965195E-002   5.1799999999999999E-002   4.5999999999999999E-002  0.65559999999999996       0.15900000000000000        8.7599999999999997E-002
   137.00000000000000        3.2866812968076350E-002   5.2400000000000002E-002   4.5999999999999999E-002  0.64720000000000000       0.16520000000000001        8.9200000000000002E-002
   138.00000000000000        4.9180566974791153E-002   5.2200000000000003E-002   4.5999999999999999E-002  0.63619999999999999       0.17480000000000001        9.0800000000000006E-002
   139.00000000000000        6.4738684072480457E-002   4.7000000000000000E-002   4.5999999999999999E-002  0.64139999999999997       0.16880000000000001        9.6799999999999997E-002
   140.00000000000000        8.0494001988061975E-002   3.8800000000000001E-002   4.5999999999999999E-002  0.64959999999999996       0.16780000000000000        9.7799999999999998E-002
   141.00000000000000        9.6698805256469039E-002   3.3399999999999999E-002   4.5999999999999999E-002  0.65500000000000003       0.16780000000000000        9.7799999999999998E-002
   142.00000000000000       0.11265049881215153        3.3399999999999999E-002   4.5999999999999999E-002  0.65500000000000003       0.16639999999999999        9.9199999999999997E-002
   143.00000000000000       0.13044976666807856        3.3399999999999999E-002   4.5999999999999999E-002  0.65359999999999996       0.16700000000000001       0.10000000000000001     
   144.00000000000000       0.14842740274756136        2.9600000000000001E-002   4.5999999999999999E-002  0.65320000000000000       0.16980000000000001       0.10140000000000000     
   145.00000000000000       0.16589901628853548        2.4199999999999999E-002   4.5999999999999999E-002  0.65559999999999996       0.16760000000000000       0.10660000000000000     
   146.00000000000000       0.18279476572939701        2.4000000000000000E-002   4.5999999999999999E-002  0.65320000000000000       0.16760000000000000       0.10920000000000001     
   147.00000000000000       0.20073761456406983        2.3599999999999999E-002   4.5999999999999999E-002  0.65100000000000002       0.16580000000000000       0.11360000000000001     
   148.00000000000000       0.21473291707778994        2.3400000000000001E-002   4.5999999999999999E-002  0.65120000000000000       0.15659999999999999       0.12280000000000001     
   149.00000000000000       0.22794752306783805        2.3400000000000001E-002   4.5999999999999999E-002  0.65000000000000002       0.15579999999999999       0.12479999999999999     
   150.00000000000000       0.24116975866887413        2.2400000000000000E-002   4.5999999999999999E-002  0.64119999999999999       0.16139999999999999       0.12900000000000000     
   151.00000000000000       0.25102575950794315        6.7999999999999996E-003   6.0800000000000000E-002  0.64180000000000004       0.16239999999999999       0.12820000000000001     
   152.00000000000000       0.25913617048970011        6.7999999999999996E-003   6.0800000000000000E-002  0.64139999999999997       0.16280000000000000       0.12820000000000001     
   153.00000000000000       0.26882327431416292        6.6000000000000000E-003   5.9999999999999998E-002  0.63980000000000004       0.16220000000000001       0.13139999999999999     
   154.00000000000000       0.27730361194998732        6.6000000000000000E-003   5.5199999999999999E-002  0.63939999999999997       0.16700000000000001       0.13180000000000000     
   155.00000000000000       0.28346578108986270        6.6000000000000000E-003   5.5399999999999998E-002  0.63780000000000003       0.16700000000000001       0.13320000000000001     
   156.00000000000000       0.28768626768684691        6.6000000000000000E-003   5.5000000000000000E-002  0.63800000000000001       0.16700000000000001       0.13339999999999999     
   157.00000000000000       0.29245839826506226        6.4000000000000003E-003   4.6199999999999998E-002  0.64459999999999995       0.16800000000000001       0.13480000000000000     
   158.00000000000000       0.29812649388283602        6.6000000000000000E-003   5.0400000000000000E-002  0.63639999999999997       0.16919999999999999       0.13739999999999999     
   159.00000000000000       0.30815420721365172        6.4000000000000003E-003   4.8599999999999997E-002  0.63480000000000003       0.16660000000000000       0.14360000000000001     
   160.00000000000000       0.31820444954137600        5.7999999999999996E-003   5.0599999999999999E-002  0.63000000000000000       0.16660000000000000       0.14699999999999999     
   161.00000000000000       0.32719262106323832        4.7999999999999996E-003   5.1400000000000001E-002  0.62739999999999996       0.16919999999999999       0.14720000000000000     
   162.00000000000000       0.33449406900790435        5.0000000000000001E-003   5.1400000000000001E-002  0.62500000000000000       0.16980000000000001       0.14879999999999999     
   163.00000000000000       0.33872467807645967        6.4000000000000003E-003   4.9799999999999997E-002  0.62339999999999995       0.17060000000000000       0.14979999999999999     
   164.00000000000000       0.34090391400165204        6.6000000000000000E-003   4.9000000000000002E-002  0.61860000000000004       0.17460000000000001       0.15120000000000000     
   165.00000000000000       0.33948637453331793        5.7999999999999996E-003   4.9200000000000001E-002  0.61860000000000004       0.17519999999999999       0.15120000000000000     
   166.00000000000000       0.33597722251804996        5.5999999999999999E-003   4.8599999999999997E-002  0.61819999999999997       0.17599999999999999       0.15160000000000001     
   167.00000000000000       0.32738520895417744        5.5999999999999999E-003   4.6800000000000001E-002  0.61899999999999999       0.17680000000000001       0.15179999999999999     
   168.00000000000000       0.31732119799052022        5.5999999999999999E-003   4.6800000000000001E-002  0.61780000000000002       0.17799999999999999       0.15179999999999999     
   169.00000000000000       0.30469835222002001        5.5999999999999999E-003   4.6800000000000001E-002  0.61780000000000002       0.17799999999999999       0.15179999999999999     
   170.00000000000000       0.29091141948707744        5.5999999999999999E-003   4.6600000000000003E-002  0.61799999999999999       0.17760000000000001       0.15220000000000000     
   171.00000000000000       0.27578880651696758        0.0000000000000000        5.1600000000000000E-002  0.61799999999999999       0.17799999999999999       0.15240000000000001     
   172.00000000000000       0.26244612945822954        0.0000000000000000        5.1600000000000000E-002  0.60980000000000001       0.18400000000000000       0.15459999999999999     
   173.00000000000000       0.24755526120056753        0.0000000000000000        5.1600000000000000E-002  0.60599999999999998       0.18740000000000001       0.15500000000000000     
   174.00000000000000       0.23406309307154408        0.0000000000000000        0.0000000000000000       0.65680000000000005       0.18659999999999999       0.15659999999999999     
   175.00000000000000       0.21855746051458197        0.0000000000000000        0.0000000000000000       0.65680000000000005       0.18500000000000000       0.15820000000000001     
   176.00000000000000       0.22995896458397541        0.0000000000000000        0.0000000000000000       0.65680000000000005       0.18320000000000000       0.16000000000000000     
   177.00000000000000       0.23662651953716529        0.0000000000000000        0.0000000000000000       0.65680000000000005       0.18320000000000000       0.16000000000000000     
   178.00000000000000       0.23830077618699413        0.0000000000000000        0.0000000000000000       0.65680000000000005       0.18320000000000000       0.16000000000000000     
   179.00000000000000       0.23489329406538104        0.0000000000000000        0.0000000000000000       0.65680000000000005       0.18320000000000000       0.16000000000000000     
   180.00000000000000       0.22591215759380318        0.0000000000000000        0.0000000000000000       0.65680000000000005       0.17540000000000000       0.16780000000000000     
   181.00000000000000       0.21095889796301692        0.0000000000000000        0.0000000000000000       0.65680000000000005       0.17840000000000000       0.16480000000000000     
   182.00000000000000       0.19080368165603873        0.0000000000000000        0.0000000000000000       0.65680000000000005       0.18220000000000000       0.16100000000000000     
   183.00000000000000       0.16716684439861146        0.0000000000000000        0.0000000000000000       0.65680000000000005       0.17580000000000001       0.16739999999999999     
   184.00000000000000       0.13904834988703751        0.0000000000000000        0.0000000000000000       0.65680000000000005       0.17440000000000000       0.16880000000000001     
   185.00000000000000       0.10677630325353418        0.0000000000000000        0.0000000000000000       0.65680000000000005       0.17160000000000000       0.17160000000000000     
   186.00000000000000        7.2852519913444075E-002   0.0000000000000000        0.0000000000000000       0.65680000000000005       0.17000000000000001       0.17319999999999999     
   187.00000000000000        3.6899824915443274E-002   0.0000000000000000        0.0000000000000000       0.65680000000000005       0.17000000000000001       0.17319999999999999     
   188.00000000000000       -5.7014245179903833E-003   2.0000000000000001E-004  0.54959999999999998       0.10600000000000000       0.17100000000000001       0.17319999999999999     
   189.00000000000000       -3.0459638013077578E-002   2.8000000000000001E-002  0.48459999999999998       0.14299999999999999       0.17100000000000001       0.17340000000000000     
   190.00000000000000       -3.2961366185034834E-002   2.8000000000000001E-002  0.52059999999999995       0.10600000000000000       0.17100000000000001       0.17440000000000000     
   191.00000000000000       -3.3542744068105354E-002   2.7199999999999998E-002  0.52220000000000000       0.10220000000000000       0.17399999999999999       0.17440000000000000     
   192.00000000000000       -3.5075270790330508E-002   2.1200000000000000E-002  0.52439999999999998       0.10440000000000001       0.17319999999999999       0.17680000000000001     
   193.00000000000000       -3.5517640937388566E-002   2.1000000000000001E-002  0.51800000000000002       0.10820000000000000       0.17360000000000000       0.17920000000000000     
   194.00000000000000       -3.5039315159492733E-002   1.7999999999999999E-002  0.51160000000000005       0.11660000000000000       0.17419999999999999       0.17960000000000001     
   195.00000000000000       -3.8241908403745188E-002   1.6400000000000001E-002  0.51160000000000005       0.11340000000000000       0.17879999999999999       0.17979999999999999     
   196.00000000000000       -3.3712088110708194E-002   1.6199999999999999E-002  0.51160000000000005       0.11240000000000000       0.17979999999999999       0.17999999999999999     
   197.00000000000000       -2.9733572979151912E-002   1.6000000000000000E-002  0.51019999999999999       0.11060000000000000       0.18200000000000000       0.18120000000000000     
   198.00000000000000       -2.7973048869402259E-002   1.6000000000000000E-002  0.50139999999999996       0.11620000000000000       0.18459999999999999       0.18179999999999999     
   199.00000000000000       -2.6606319971344980E-002   1.5400000000000000E-002  0.50039999999999996       0.11300000000000000       0.18920000000000001       0.18200000000000000     
   200.00000000000000       -2.5279487275789658E-002   1.5200000000000000E-002  0.50060000000000004       0.11240000000000000       0.18920000000000001       0.18260000000000001     
   201.00000000000000       -2.2224102272278473E-002   1.2999999999999999E-002  0.49959999999999999       0.11060000000000000       0.19000000000000000       0.18679999999999999     
   202.00000000000000       -2.2113171471281612E-002   1.2400000000000000E-002  0.49980000000000002       0.11100000000000000       0.19000000000000000       0.18679999999999999     
   203.00000000000000       -2.1454826965817270E-002   1.1800000000000000E-002  0.49840000000000001       0.10960000000000000       0.19320000000000001       0.18700000000000000     
   204.00000000000000       -2.1473748323094705E-002   2.1800000000000000E-002  0.48799999999999999       0.10840000000000000       0.19400000000000001       0.18779999999999999     
   205.00000000000000       -2.8593603408396673E-003   2.1600000000000001E-002  0.48799999999999999       0.10780000000000001       0.19439999999999999       0.18820000000000001     
   206.00000000000000        1.9783965865709720E-002   2.1600000000000001E-002  0.48799999999999999       0.10639999999999999       0.19500000000000001       0.18900000000000000     
   207.00000000000000        4.1159318616315638E-002   2.1600000000000001E-002  0.48799999999999999       0.10639999999999999       0.19500000000000001       0.18900000000000000     
   208.00000000000000        6.0879628812704811E-002   2.1600000000000001E-002  0.52180000000000004        7.0000000000000007E-002  0.19480000000000000       0.19180000000000000     
   209.00000000000000        7.1198964665401931E-002   2.1600000000000001E-002  0.52059999999999995        7.0000000000000007E-002  0.19320000000000001       0.19460000000000000     
   210.00000000000000        6.9289478865759715E-002   2.1600000000000001E-002  0.52039999999999997        7.0000000000000007E-002  0.19159999999999999       0.19639999999999999     
   211.00000000000000        6.5891026389819612E-002   2.1600000000000001E-002  0.52039999999999997        7.0000000000000007E-002  0.19139999999999999       0.19660000000000000     
   212.00000000000000        6.2508298923143288E-002   2.1600000000000001E-002  0.52039999999999997        7.0000000000000007E-002  0.19120000000000001       0.19680000000000000     
   213.00000000000000        5.8261338860929726E-002   2.1600000000000001E-002  0.51919999999999999        7.0000000000000007E-002  0.19239999999999999       0.19680000000000000     
   214.00000000000000        5.1951435427572273E-002  0.20419999999999999       0.33279999999999998        7.0199999999999999E-002  0.19539999999999999       0.19739999999999999     
   215.00000000000000        5.1201688637095996E-002  0.20440000000000000       0.33179999999999998        7.0400000000000004E-002  0.19420000000000001       0.19919999999999999     
   216.00000000000000        5.0923655685732649E-002  0.20440000000000000       0.33000000000000002        7.2200000000000000E-002  0.19439999999999999       0.19900000000000001     
