#        BMIN =   404
#        BMAX =   408
#     INIBAND =   406
#      NBANDS =   540
#         NSW =  2000
#       POTIM =   1.0
#        TEMP = 300.0
#    NAMDTINI =   496
#    NAMDTIME =  1000
#       NTRAJ =  5000
#        NELM =  1000
#       LHOLE =     T
#        LSHP =     T
#      LCPTXT =     T
#      RUNDIR = ../../run/
   1.0000000000000000       -9.4664114536331306E-002   0.0000000000000000        0.0000000000000000        1.0000000000000000        0.0000000000000000        0.0000000000000000     
   2.0000000000000000       -8.4208932445082485E-002   0.0000000000000000        0.0000000000000000       0.99980000000000002        2.0000000000000001E-004   0.0000000000000000     
   3.0000000000000000       -7.2669447998739214E-002   0.0000000000000000        0.0000000000000000       0.99960000000000004        2.0000000000000001E-004   2.0000000000000001E-004
   4.0000000000000000       -5.9266940533758722E-002   0.0000000000000000        0.0000000000000000       0.99960000000000004        0.0000000000000000        4.0000000000000002E-004
   5.0000000000000000       -4.3292155002175620E-002   0.0000000000000000        0.0000000000000000       0.99939999999999996        2.0000000000000001E-004   4.0000000000000002E-004
   6.0000000000000000       -2.7315055329637929E-002   0.0000000000000000        0.0000000000000000       0.99819999999999998        1.0000000000000000E-003   8.0000000000000004E-004
   7.0000000000000000       -9.8930713906080370E-003   0.0000000000000000        0.0000000000000000       0.99819999999999998        1.0000000000000000E-003   8.0000000000000004E-004
   8.0000000000000000        8.0466634021162942E-003   0.0000000000000000        0.0000000000000000       0.99800000000000000        1.0000000000000000E-003   1.0000000000000000E-003
   9.0000000000000000        2.6988657403494855E-002   2.0000000000000001E-004   0.0000000000000000       0.99780000000000002        1.0000000000000000E-003   1.0000000000000000E-003
   10.000000000000000        4.6559228651000983E-002   2.0000000000000001E-004   0.0000000000000000       0.99780000000000002        1.0000000000000000E-003   1.0000000000000000E-003
   11.000000000000000        6.8102405070875699E-002   0.0000000000000000        0.0000000000000000       0.99800000000000000        1.0000000000000000E-003   1.0000000000000000E-003
   12.000000000000000        8.8731040970621830E-002   0.0000000000000000        0.0000000000000000       0.99800000000000000        1.0000000000000000E-003   1.0000000000000000E-003
   13.000000000000000       0.10899862388521589        0.0000000000000000        0.0000000000000000       0.99719999999999998        2.0000000000000001E-004   2.5999999999999999E-003
   14.000000000000000       0.13088664968294239        0.0000000000000000        0.0000000000000000       0.99199999999999999        2.0000000000000001E-004   7.7999999999999996E-003
   15.000000000000000       0.15410039209120174        0.0000000000000000        0.0000000000000000       0.98419999999999996        4.0000000000000002E-004   1.5400000000000000E-002
   16.000000000000000       0.17219957771424674        0.0000000000000000        0.0000000000000000       0.97840000000000005        2.2000000000000001E-003   1.9400000000000001E-002
   17.000000000000000       0.18831570329649627        0.0000000000000000        0.0000000000000000       0.97580000000000000        4.7999999999999996E-003   1.9400000000000001E-002
   18.000000000000000       0.20144075693421276        0.0000000000000000        0.0000000000000000       0.97580000000000000        4.4000000000000003E-003   1.9800000000000002E-002
   19.000000000000000       0.21189994298809631        0.0000000000000000        0.0000000000000000       0.97499999999999998        5.0000000000000001E-003   2.0000000000000000E-002
   20.000000000000000       0.21983701712817261        0.0000000000000000        0.0000000000000000       0.97480000000000000        5.1999999999999998E-003   2.0000000000000000E-002
   21.000000000000000       0.22586565961539121        0.0000000000000000        0.0000000000000000       0.97340000000000004        5.1999999999999998E-003   2.1399999999999999E-002
   22.000000000000000       0.22920240808776338        0.0000000000000000        0.0000000000000000       0.97240000000000004        5.1999999999999998E-003   2.2400000000000000E-002
   23.000000000000000       0.23107452390990638        0.0000000000000000        0.0000000000000000       0.97060000000000002        5.1999999999999998E-003   2.4199999999999999E-002
   24.000000000000000       0.23115748024655930        0.0000000000000000        0.0000000000000000       0.96960000000000002        6.0000000000000001E-003   2.4400000000000002E-002
   25.000000000000000       0.23126468879314449        0.0000000000000000        0.0000000000000000       0.96960000000000002        6.0000000000000001E-003   2.4400000000000002E-002
   26.000000000000000       0.23489449694816708        0.0000000000000000        0.0000000000000000       0.96960000000000002        6.0000000000000001E-003   2.4400000000000002E-002
   27.000000000000000       0.24534188456649819        0.0000000000000000        0.0000000000000000       0.96840000000000004        7.0000000000000001E-003   2.4600000000000000E-002
   28.000000000000000       0.25930249490607854        0.0000000000000000        4.0000000000000002E-004  0.96560000000000001        8.2000000000000007E-003   2.5800000000000000E-002
   29.000000000000000       0.27324452423388745        0.0000000000000000        2.0000000000000001E-004  0.96579999999999999        8.2000000000000007E-003   2.5800000000000000E-002
   30.000000000000000       0.28640077864981572        0.0000000000000000        0.0000000000000000       0.96360000000000001        8.2000000000000007E-003   2.8199999999999999E-002
   31.000000000000000       0.29548069400706212        0.0000000000000000        0.0000000000000000       0.96360000000000001        8.2000000000000007E-003   2.8199999999999999E-002
   32.000000000000000       0.30130410138860247        0.0000000000000000        0.0000000000000000       0.96260000000000001        9.1999999999999998E-003   2.8199999999999999E-002
   33.000000000000000       0.30312632732948841        0.0000000000000000        0.0000000000000000       0.96260000000000001        9.1999999999999998E-003   2.8199999999999999E-002
   34.000000000000000       0.30194086763956546        0.0000000000000000        0.0000000000000000       0.96040000000000003        1.0999999999999999E-002   2.8600000000000000E-002
   35.000000000000000       0.29454062550846261        0.0000000000000000        0.0000000000000000       0.95399999999999996        1.7399999999999999E-002   2.8600000000000000E-002
   36.000000000000000       0.28482618387265429        0.0000000000000000        0.0000000000000000       0.95499999999999996        1.6400000000000001E-002   2.8600000000000000E-002
   37.000000000000000       0.27220371921934733        0.0000000000000000        0.0000000000000000       0.95320000000000005        1.8200000000000001E-002   2.8600000000000000E-002
   38.000000000000000       0.25759743946439012        0.0000000000000000        0.0000000000000000       0.95240000000000002        1.9000000000000000E-002   2.8600000000000000E-002
   39.000000000000000       0.24127356121828214        0.0000000000000000        0.0000000000000000       0.95060000000000000        2.0000000000000000E-002   2.9399999999999999E-002
   40.000000000000000       0.22252507763735410        0.0000000000000000        0.0000000000000000       0.95140000000000002        1.9199999999999998E-002   2.9399999999999999E-002
   41.000000000000000       0.20247714512360074        0.0000000000000000        0.0000000000000000       0.95140000000000002        1.9199999999999998E-002   2.9399999999999999E-002
   42.000000000000000       0.17639505004507930        0.0000000000000000       0.10320000000000000       0.84799999999999998        1.9199999999999998E-002   2.9600000000000001E-002
   43.000000000000000       0.16410892898921645        0.0000000000000000       0.10299999999999999       0.84799999999999998        1.9199999999999998E-002   2.9800000000000000E-002
   44.000000000000000       0.18140415458527961        0.0000000000000000       0.10299999999999999       0.84799999999999998        1.9199999999999998E-002   2.9800000000000000E-002
   45.000000000000000       0.19292746400733618        0.0000000000000000       0.10299999999999999       0.84799999999999998        1.9000000000000000E-002   2.9999999999999999E-002
   46.000000000000000       0.19760158963989599        0.0000000000000000       0.10299999999999999       0.84799999999999998        1.9000000000000000E-002   2.9999999999999999E-002
   47.000000000000000       0.19525939114967761        0.0000000000000000       0.10299999999999999       0.84799999999999998        1.9199999999999998E-002   2.9800000000000000E-002
   48.000000000000000       0.18453614104494914        0.0000000000000000       0.10299999999999999       0.84799999999999998        1.5800000000000002E-002   3.3200000000000000E-002
   49.000000000000000       0.16656424810652842        0.0000000000000000       0.10299999999999999       0.84799999999999998        1.6400000000000001E-002   3.2599999999999997E-002
   50.000000000000000       0.14187877115050992        0.0000000000000000       0.10299999999999999       0.84799999999999998        1.7600000000000001E-002   3.1399999999999997E-002
   51.000000000000000       0.11243831644401328        0.0000000000000000       0.10299999999999999       0.84799999999999998        1.6799999999999999E-002   3.2199999999999999E-002
   52.000000000000000        7.6871932545534843E-002   0.0000000000000000       0.10299999999999999       0.84799999999999998        1.6600000000000000E-002   3.2399999999999998E-002
   53.000000000000000        3.5126045476122386E-002   2.0000000000000001E-004  0.10280000000000000       0.84799999999999998        1.6400000000000001E-002   3.2599999999999997E-002
   54.000000000000000       -8.7283859376610044E-003   2.0000000000000001E-004  0.10280000000000000       0.84799999999999998        1.6199999999999999E-002   3.2800000000000003E-002
   55.000000000000000       -5.5222953714883172E-002   2.0000000000000001E-004  0.10280000000000000       0.84799999999999998        1.6199999999999999E-002   3.2800000000000003E-002
   56.000000000000000      -0.10115546028813793        2.0000000000000001E-004   0.0000000000000000       0.95079999999999998        1.6199999999999999E-002   3.2800000000000003E-002
   57.000000000000000      -0.12477301484547144        5.9999999999999995E-004   0.0000000000000000       0.95020000000000004        1.6400000000000001E-002   3.2800000000000003E-002
   58.000000000000000      -0.13780328707789333        5.9999999999999995E-004  0.17940000000000000       0.76859999999999995        1.8599999999999998E-002   3.2800000000000003E-002
   59.000000000000000      -0.13491601270057826        5.9999999999999995E-004  0.16000000000000000       0.78800000000000003        1.8599999999999998E-002   3.2800000000000003E-002
   60.000000000000000      -0.12491834363859823        5.9999999999999995E-004  0.16180000000000000       0.78620000000000001        1.8599999999999998E-002   3.2800000000000003E-002
   61.000000000000000      -0.11324717919440279        4.0000000000000002E-004  0.16239999999999999       0.78580000000000005        1.8599999999999998E-002   3.2800000000000003E-002
   62.000000000000000      -0.10059816835114031        4.0000000000000002E-004  0.16220000000000001       0.78580000000000005        1.8599999999999998E-002   3.3000000000000002E-002
   63.000000000000000       -9.1694335937502452E-002   4.0000000000000002E-004  0.16139999999999999       0.78420000000000001        2.1000000000000001E-002   3.3000000000000002E-002
   64.000000000000000       -7.4707960534938639E-002   4.0000000000000002E-004  0.16039999999999999       0.78400000000000003        2.1800000000000000E-002   3.3399999999999999E-002
   65.000000000000000       -5.9246424875862125E-002   4.0000000000000002E-004  0.16020000000000001       0.77980000000000005        2.4600000000000000E-002   3.5000000000000003E-002
   66.000000000000000       -4.7917610687452525E-002   4.0000000000000002E-004  0.15820000000000001       0.77659999999999996        2.9800000000000000E-002   3.5000000000000003E-002
   67.000000000000000       -3.7087594895044769E-002   2.0000000000000001E-004  0.15780000000000000       0.77100000000000002        3.5600000000000000E-002   3.5400000000000001E-002
   68.000000000000000       -2.7668489017977603E-002   2.0000000000000001E-004  0.15780000000000000       0.77100000000000002        3.5600000000000000E-002   3.5400000000000001E-002
   69.000000000000000       -1.9317700906206523E-002   2.0000000000000001E-004  0.15759999999999999       0.76859999999999995        3.7199999999999997E-002   3.6400000000000002E-002
   70.000000000000000       -1.2832379131590648E-002   0.0000000000000000       0.15740000000000001       0.76180000000000003        4.4400000000000002E-002   3.6400000000000002E-002
   71.000000000000000       -8.6126646969614581E-003   0.0000000000000000       0.15740000000000001       0.76119999999999999        4.4200000000000003E-002   3.7199999999999997E-002
   72.000000000000000       -6.5905303329173177E-003   3.2000000000000002E-003  0.15359999999999999       0.76119999999999999        4.4200000000000003E-002   3.7800000000000000E-002
   73.000000000000000       -5.1316973834642302E-004   3.2000000000000002E-003  0.15359999999999999       0.76080000000000003        4.4200000000000003E-002   3.8199999999999998E-002
   74.000000000000000        5.3313938948291737E-003   3.2000000000000002E-003  0.15359999999999999       0.76039999999999996        4.4200000000000003E-002   3.8600000000000002E-002
   75.000000000000000        9.1150099209923278E-003   3.2000000000000002E-003  0.15359999999999999       0.76039999999999996        4.4200000000000003E-002   3.8600000000000002E-002
   76.000000000000000        1.1930817748362877E-002   3.2000000000000002E-003  0.13760000000000000       0.77480000000000004        4.4800000000000000E-002   3.9600000000000003E-002
   77.000000000000000        2.5816142401960864E-002   3.2000000000000002E-003  0.13760000000000000       0.77480000000000004        4.4800000000000000E-002   3.9600000000000003E-002
   78.000000000000000        5.2161245026345567E-002   3.0000000000000001E-003  0.13760000000000000       0.77500000000000002        4.4800000000000000E-002   3.9600000000000003E-002
   79.000000000000000        7.3404098089173586E-002   3.0000000000000001E-003  0.13760000000000000       0.77500000000000002        4.4800000000000000E-002   3.9600000000000003E-002
   80.000000000000000        9.0013829745873339E-002   3.0000000000000001E-003  0.13760000000000000       0.77500000000000002        4.4800000000000000E-002   3.9600000000000003E-002
   81.000000000000000       0.10051409139793217        3.0000000000000001E-003  0.13760000000000000       0.77500000000000002        4.3999999999999997E-002   4.0399999999999998E-002
   82.000000000000000       0.10512848030006540        2.1399999999999999E-002  0.11860000000000000       0.77500000000000002        4.4600000000000001E-002   4.0399999999999998E-002
   83.000000000000000       0.10480524585696248        2.1600000000000001E-002  0.11740000000000000       0.77600000000000002        4.3799999999999999E-002   4.1200000000000001E-002
   84.000000000000000        9.9233808834724338E-002   2.1600000000000001E-002  0.11580000000000000       0.77759999999999996        4.3999999999999997E-002   4.1000000000000002E-002
   85.000000000000000        8.6790391823557592E-002   2.1600000000000001E-002  0.11559999999999999       0.77780000000000005        4.3200000000000002E-002   4.1799999999999997E-002
   86.000000000000000        6.8120132705701830E-002   2.1600000000000001E-002  0.11559999999999999       0.77780000000000005        4.3400000000000001E-002   4.1599999999999998E-002
   87.000000000000000        4.3735244211058143E-002   6.4799999999999996E-002   7.1199999999999999E-002  0.77900000000000003        4.3200000000000002E-002   4.1799999999999997E-002
   88.000000000000000        1.5647852370375782E-002   6.3600000000000004E-002   7.2400000000000006E-002  0.77900000000000003        4.3200000000000002E-002   4.1799999999999997E-002
   89.000000000000000       -1.4865162973225217E-002  0.13600000000000001        0.0000000000000000       0.77900000000000003        4.3200000000000002E-002   4.1799999999999997E-002
   90.000000000000000       -4.7593013054691678E-002  0.13500000000000001        2.1600000000000001E-002  0.75839999999999996        4.3200000000000002E-002   4.1799999999999997E-002
   91.000000000000000       -6.1295336630550652E-002  0.13059999999999999        2.7199999999999998E-002  0.75680000000000003        4.3400000000000001E-002   4.2000000000000003E-002
   92.000000000000000       -4.7380995151939193E-002  0.13059999999999999        2.5000000000000001E-002  0.75900000000000001        4.2799999999999998E-002   4.2599999999999999E-002
   93.000000000000000       -3.3892238168958519E-002  0.12839999999999999        2.5000000000000001E-002  0.76080000000000003        4.2799999999999998E-002   4.2999999999999997E-002
   94.000000000000000       -1.4339019476490387E-002  0.11760000000000000        3.5799999999999998E-002  0.75960000000000005        4.2799999999999998E-002   4.4200000000000003E-002
   95.000000000000000        7.4073283649693450E-003  0.11640000000000000        3.6400000000000002E-002  0.75880000000000003        4.3200000000000002E-002   4.5199999999999997E-002
   96.000000000000000        2.8869123915490555E-002  0.11320000000000000        3.8399999999999997E-002  0.76000000000000001        4.3200000000000002E-002   4.5199999999999997E-002
   97.000000000000000        5.1458521500296187E-002  0.11320000000000000        3.8199999999999998E-002  0.75680000000000003        4.4800000000000000E-002   4.7000000000000000E-002
   98.000000000000000        7.6108105757892647E-002  0.10639999999999999        3.9199999999999999E-002  0.75839999999999996        4.5600000000000002E-002   5.0400000000000000E-002
   99.000000000000000        9.8107460177501465E-002  0.10580000000000001        3.9600000000000003E-002  0.75860000000000005        4.5600000000000002E-002   5.0400000000000000E-002
   100.00000000000000       0.11893246769236934       0.10560000000000000        3.9399999999999998E-002  0.75880000000000003        4.5400000000000003E-002   5.0799999999999998E-002
   101.00000000000000       0.13975412692406147       0.10280000000000000        3.9600000000000003E-002  0.76060000000000005        4.6199999999999998E-002   5.0799999999999998E-002
   102.00000000000000       0.16089135645532171        9.6600000000000005E-002   4.5800000000000000E-002  0.75739999999999996        4.6199999999999998E-002   5.3999999999999999E-002
   103.00000000000000       0.18045695388101060        9.3399999999999997E-002   4.8800000000000003E-002  0.75560000000000005        4.5199999999999997E-002   5.7000000000000002E-002
   104.00000000000000       0.19835785337462131        9.0800000000000006E-002   4.8399999999999999E-002  0.75860000000000005        4.5199999999999997E-002   5.7000000000000002E-002
   105.00000000000000       0.21426757563147078        9.0800000000000006E-002   4.8399999999999999E-002  0.75860000000000005        4.5199999999999997E-002   5.7000000000000002E-002
   106.00000000000000       0.22909432449498263        9.0600000000000000E-002   4.8200000000000000E-002  0.75880000000000003        4.4999999999999998E-002   5.7400000000000000E-002
   107.00000000000000       0.24308935951393351        8.6199999999999999E-002   5.0599999999999999E-002  0.76080000000000003        4.4999999999999998E-002   5.7400000000000000E-002
   108.00000000000000       0.25623710710736503        7.6600000000000001E-002   5.8400000000000001E-002  0.76139999999999997        4.4999999999999998E-002   5.8599999999999999E-002
   109.00000000000000       0.26712785761952534        7.6200000000000004E-002   5.8400000000000001E-002  0.76119999999999999        4.4999999999999998E-002   5.9200000000000003E-002
   110.00000000000000       0.27601809366562408        7.6200000000000004E-002   5.7599999999999998E-002  0.76200000000000001        4.4999999999999998E-002   5.9200000000000003E-002
   111.00000000000000       0.28336938855396138        7.3200000000000001E-002   5.9600000000000000E-002  0.76300000000000001        4.4999999999999998E-002   5.9200000000000003E-002
   112.00000000000000       0.28925511669994386        7.2800000000000004E-002   5.9600000000000000E-002  0.76319999999999999        4.5199999999999997E-002   5.9200000000000003E-002
   113.00000000000000       0.29357998384106354        7.1199999999999999E-002   5.9799999999999999E-002  0.76380000000000003        4.5600000000000002E-002   5.9600000000000000E-002
   114.00000000000000       0.29600926958074186        7.1199999999999999E-002   5.9799999999999999E-002  0.76359999999999995        4.5800000000000000E-002   5.9600000000000000E-002
   115.00000000000000       0.29711002630697014        7.1199999999999999E-002   5.9799999999999999E-002  0.76180000000000003        4.5199999999999997E-002   6.2000000000000000E-002
   116.00000000000000       0.29538512113058224        7.1199999999999999E-002   5.9799999999999999E-002  0.75939999999999996        4.5999999999999999E-002   6.3600000000000004E-002
   117.00000000000000       0.29114876799648814        7.1199999999999999E-002   5.9400000000000001E-002  0.75860000000000005        4.7199999999999999E-002   6.3600000000000004E-002
   118.00000000000000       0.28461751947952629        7.1199999999999999E-002   5.6800000000000003E-002  0.76080000000000003        4.7399999999999998E-002   6.3799999999999996E-002
   119.00000000000000       0.27611559829057458        7.0400000000000004E-002   5.6000000000000001E-002  0.76239999999999997        4.7399999999999998E-002   6.3799999999999996E-002
   120.00000000000000       0.26696527485504129        6.8800000000000000E-002   5.1200000000000002E-002  0.76859999999999995        4.7399999999999998E-002   6.4000000000000001E-002
   121.00000000000000       0.25548748181842479        6.5000000000000002E-002   5.2400000000000002E-002  0.77059999999999995        4.7800000000000002E-002   6.4199999999999993E-002
   122.00000000000000       0.24248139408431341        6.2199999999999998E-002   5.1600000000000000E-002  0.77139999999999997        4.7399999999999998E-002   6.7400000000000002E-002
   123.00000000000000       0.22905869895939884        5.8999999999999997E-002   5.2400000000000002E-002  0.76859999999999995        4.7600000000000003E-002   7.2400000000000006E-002
   124.00000000000000       0.21218342417284403        5.8200000000000002E-002   5.1400000000000001E-002  0.77039999999999997        4.7600000000000003E-002   7.2400000000000006E-002
   125.00000000000000       0.19674509314942862        4.8599999999999997E-002   6.0600000000000001E-002  0.76539999999999997        5.0400000000000000E-002   7.4999999999999997E-002
   126.00000000000000       0.17837880819973398        4.3600000000000000E-002   6.5600000000000006E-002  0.76519999999999999        5.0200000000000002E-002   7.5399999999999995E-002
   127.00000000000000       0.16056239375809911        3.9600000000000003E-002   6.5000000000000002E-002  0.76959999999999995        4.5400000000000003E-002   8.0399999999999999E-002
   128.00000000000000       0.14970543746150430        3.9600000000000003E-002   7.7200000000000005E-002  0.75719999999999998        4.4200000000000003E-002   8.1799999999999998E-002
   129.00000000000000       0.14695424031543244        3.7800000000000000E-002   7.8000000000000000E-002  0.75760000000000005        4.4800000000000000E-002   8.1799999999999998E-002
   130.00000000000000       0.14615448403944653        3.2599999999999997E-002   7.7600000000000002E-002  0.76139999999999997        4.5600000000000002E-002   8.2799999999999999E-002
   131.00000000000000       0.14332759282938254        2.8600000000000000E-002   8.1400000000000000E-002  0.76119999999999999        4.6199999999999998E-002   8.2600000000000007E-002
   132.00000000000000       0.13895168762852333        2.8600000000000000E-002   8.1199999999999994E-002  0.75580000000000003        5.1600000000000000E-002   8.2799999999999999E-002
   133.00000000000000       0.13036729784463019        2.9999999999999999E-002   7.8399999999999997E-002  0.75700000000000001        5.2600000000000001E-002   8.2000000000000003E-002
   134.00000000000000       0.11975305892264226        2.4799999999999999E-002   8.1799999999999998E-002  0.75519999999999998        5.6399999999999999E-002   8.1799999999999998E-002
   135.00000000000000       0.10655803555664872        2.5200000000000000E-002   8.1199999999999994E-002  0.75139999999999996        6.0400000000000002E-002   8.1799999999999998E-002
   136.00000000000000        9.2853335941870577E-002   2.5399999999999999E-002   7.5999999999999998E-002  0.75119999999999998        6.3600000000000004E-002   8.3799999999999999E-002
   137.00000000000000        7.8121888733023948E-002   6.4600000000000005E-002   3.6600000000000001E-002  0.74919999999999998        5.7400000000000000E-002   9.2200000000000004E-002
   138.00000000000000        6.5381073323716815E-002   6.4199999999999993E-002   3.6600000000000001E-002  0.74800000000000000        5.7799999999999997E-002   9.3399999999999997E-002
   139.00000000000000        5.3288589712355408E-002   6.4000000000000001E-002   2.0400000000000001E-002  0.76400000000000001        5.6399999999999999E-002   9.5200000000000007E-002
   140.00000000000000        4.3233548888420716E-002   6.0800000000000000E-002   2.3599999999999999E-002  0.76400000000000001        5.6399999999999999E-002   9.5200000000000007E-002
   141.00000000000000        7.6442774746554337E-002   6.0999999999999999E-002   2.3400000000000001E-002  0.76400000000000001        5.6399999999999999E-002   9.5200000000000007E-002
   142.00000000000000       0.10843238214752135        5.5199999999999999E-002   2.8799999999999999E-002  0.76400000000000001        5.6800000000000003E-002   9.5200000000000007E-002
   143.00000000000000       0.13707708185052536        5.3400000000000003E-002   3.0400000000000000E-002  0.76400000000000001        5.6599999999999998E-002   9.5600000000000004E-002
   144.00000000000000       0.16045077821179171        5.3800000000000001E-002   2.9800000000000000E-002  0.76400000000000001        5.6800000000000003E-002   9.5600000000000004E-002
   145.00000000000000       0.18059005642385495        5.2999999999999999E-002   3.0200000000000001E-002  0.76400000000000001        5.7000000000000002E-002   9.5799999999999996E-002
   146.00000000000000       0.19410073433003000        5.2999999999999999E-002   3.0200000000000001E-002  0.76400000000000001        5.7000000000000002E-002   9.5799999999999996E-002
   147.00000000000000       0.20194359737804657        5.2999999999999999E-002   2.9399999999999999E-002  0.76400000000000001        5.7799999999999997E-002   9.5799999999999996E-002
   148.00000000000000       0.20304827758982175        5.2999999999999999E-002   2.9399999999999999E-002  0.76400000000000001        5.7599999999999998E-002   9.6000000000000002E-002
   149.00000000000000       0.19619986873507400        5.2999999999999999E-002   2.9399999999999999E-002  0.76380000000000003        5.7000000000000002E-002   9.6799999999999997E-002
   150.00000000000000       0.18325844139486236        5.2800000000000000E-002   2.9399999999999999E-002  0.76380000000000003        5.7000000000000002E-002   9.7000000000000003E-002
   151.00000000000000       0.16400294808443366        5.2800000000000000E-002   2.9399999999999999E-002  0.76380000000000003        5.6800000000000003E-002   9.7199999999999995E-002
   152.00000000000000       0.13951227878677383        5.2800000000000000E-002   2.9399999999999999E-002  0.76380000000000003        5.6800000000000003E-002   9.7199999999999995E-002
   153.00000000000000       0.11011558209146352        5.2800000000000000E-002   2.8600000000000000E-002  0.76380000000000003        5.7200000000000001E-002   9.7600000000000006E-002
   154.00000000000000        7.6652051678496383E-002   5.2800000000000000E-002   7.7999999999999996E-003  0.78380000000000005        5.8000000000000003E-002   9.7600000000000006E-002
   155.00000000000000        7.0285444302137179E-002   5.1999999999999998E-002   7.7999999999999996E-003  0.78420000000000001        5.6399999999999999E-002   9.9599999999999994E-002
   156.00000000000000        7.6824839667746184E-002   5.1999999999999998E-002   7.7999999999999996E-003  0.78280000000000005        5.4800000000000001E-002  0.10260000000000000     
   157.00000000000000        8.1330053258364468E-002   5.1999999999999998E-002   7.6000000000000000E-003  0.78300000000000003        5.4800000000000001E-002  0.10260000000000000     
   158.00000000000000        8.3630261513519599E-002   5.1200000000000002E-002   8.2000000000000007E-003  0.77939999999999998        5.2400000000000002E-002  0.10879999999999999     
   159.00000000000000        8.6246320886544242E-002   4.7399999999999998E-002   1.2800000000000001E-002  0.77700000000000002        5.2200000000000003E-002  0.11060000000000000     
   160.00000000000000        9.2874255027461897E-002   4.7399999999999998E-002   1.3599999999999999E-002  0.77620000000000000        5.3199999999999997E-002  0.10960000000000000     
   161.00000000000000       0.10947835611475557        4.7399999999999998E-002   0.0000000000000000       0.78979999999999995        6.2000000000000000E-002  0.10080000000000000     
   162.00000000000000       0.14388326396386422        4.7399999999999998E-002   0.0000000000000000       0.78700000000000003        6.6000000000000003E-002   9.9599999999999994E-002
   163.00000000000000       0.19097796266149927        4.6399999999999997E-002   2.0000000000000001E-004  0.76119999999999999        8.5999999999999993E-002  0.10620000000000000     
   164.00000000000000       0.22323861990938140        4.3400000000000001E-002   3.2000000000000002E-003  0.70820000000000005       0.13940000000000000       0.10580000000000001     
   165.00000000000000       0.25399781245981751        3.6400000000000002E-002   8.3999999999999995E-003  0.69540000000000002       0.13840000000000000       0.12139999999999999     
   166.00000000000000       0.28998760373893429        2.3800000000000002E-002   1.4200000000000001E-002  0.70220000000000005       0.13860000000000000       0.12120000000000000     
   167.00000000000000       0.47378522829378911        2.1399999999999999E-002   1.6400000000000001E-002  0.70199999999999996       0.13819999999999999       0.12200000000000000     
   168.00000000000000       0.57943865950294771        0.0000000000000000        3.9000000000000000E-002  0.42140000000000000       0.37059999999999998       0.16900000000000001     
   169.00000000000000       0.36392788635758960        0.0000000000000000        3.7400000000000003E-002  0.42140000000000000       0.37219999999999998       0.16900000000000001     
   170.00000000000000       0.46124294315387943        0.0000000000000000        3.7400000000000003E-002  0.42140000000000000       0.37219999999999998       0.16900000000000001     
   171.00000000000000        4.7242556715095987E-002   2.0000000000000001E-004   3.6999999999999998E-002  0.42140000000000000       0.37219999999999998       0.16919999999999999     
   172.00000000000000       0.39152159817733045        2.0000000000000001E-004   3.6600000000000001E-002  0.41899999999999998       0.37380000000000002       0.17040000000000000     
   173.00000000000000       0.42793373966902082        0.0000000000000000        6.0000000000000001E-003  0.33979999999999999       0.48159999999999997       0.17260000000000000     
   174.00000000000000       0.73534441814482288        0.0000000000000000        6.0000000000000001E-003  0.33979999999999999       0.48159999999999997       0.17260000000000000     
   175.00000000000000       0.75118291164121587        0.0000000000000000        5.7999999999999996E-003  0.33920000000000000       0.48180000000000001       0.17319999999999999     
   176.00000000000000       0.78104938742437902        0.0000000000000000        5.5999999999999999E-003  0.33839999999999998       0.48220000000000002       0.17380000000000001     
   177.00000000000000       0.79385271491567722        0.0000000000000000        5.5999999999999999E-003  0.33839999999999998       0.48199999999999998       0.17399999999999999     
   178.00000000000000       0.78638262911685197        0.0000000000000000        5.5999999999999999E-003  0.33839999999999998       0.48199999999999998       0.17399999999999999     
   179.00000000000000       0.78555230538732357        0.0000000000000000        5.5999999999999999E-003  0.33839999999999998       0.47699999999999998       0.17899999999999999     
   180.00000000000000       0.77498026954047372        0.0000000000000000        5.5999999999999999E-003  0.33360000000000001       0.48060000000000003       0.18020000000000000     
   181.00000000000000       0.78195900133511131        0.0000000000000000        5.5999999999999999E-003  0.33360000000000001       0.48060000000000003       0.18020000000000000     
   182.00000000000000       0.77238521815114292        0.0000000000000000        5.4000000000000003E-003  0.32860000000000000       0.48540000000000000       0.18060000000000001     
   183.00000000000000       0.76196932212317059        0.0000000000000000        5.0000000000000001E-003  0.32860000000000000       0.48540000000000000       0.18099999999999999     
   184.00000000000000       0.74166067912397426        0.0000000000000000        5.0000000000000001E-003  0.32860000000000000       0.48520000000000002       0.18120000000000000     
   185.00000000000000       0.72500247468157997        0.0000000000000000        5.0000000000000001E-003  0.32779999999999998       0.48599999999999999       0.18120000000000000     
   186.00000000000000       0.76411280070633392        0.0000000000000000        5.0000000000000001E-003  0.31700000000000000       0.49680000000000002       0.18120000000000000     
   187.00000000000000       0.69769678885259667        0.0000000000000000        5.0000000000000001E-003  0.31700000000000000       0.49680000000000002       0.18120000000000000     
   188.00000000000000       0.69663368163485417        0.0000000000000000        4.7999999999999996E-003  0.11420000000000000       0.67020000000000002       0.21079999999999999     
   189.00000000000000       0.52832053482999397        0.0000000000000000        4.5999999999999999E-003   6.8000000000000005E-002  0.64900000000000002       0.27839999999999998     
   190.00000000000000       0.65587718559316810        0.0000000000000000        4.0000000000000001E-003   6.8000000000000005E-002  0.64939999999999998       0.27860000000000001     
   191.00000000000000       0.73822394987485440        0.0000000000000000        3.5999999999999999E-003   6.2399999999999997E-002  0.65539999999999998       0.27860000000000001     
   192.00000000000000       0.61114202407506024        0.0000000000000000        3.5999999999999999E-003   5.9200000000000003E-002  0.65739999999999998       0.27979999999999999     
   193.00000000000000       0.57737741099646878        0.0000000000000000        3.5999999999999999E-003   0.0000000000000000       0.71660000000000001       0.27979999999999999     
   194.00000000000000       0.63147808270419581        0.0000000000000000        3.5999999999999999E-003   5.9999999999999995E-004  0.67640000000000000       0.31940000000000002     
   195.00000000000000       0.54583083501900387        0.0000000000000000        3.3999999999999998E-003   9.1999999999999998E-003  0.66459999999999997       0.32279999999999998     
   196.00000000000000       0.53214148406506545        0.0000000000000000        3.3999999999999998E-003   8.3999999999999995E-003  0.66539999999999999       0.32279999999999998     
   197.00000000000000       0.51841474562686107        0.0000000000000000        3.0000000000000001E-003   1.9000000000000000E-002  0.65520000000000000       0.32279999999999998     
   198.00000000000000       0.23027052691905991        0.0000000000000000        2.8000000000000000E-003   1.8800000000000001E-002  0.65439999999999998       0.32400000000000001     
   199.00000000000000       0.20438049182929624        0.0000000000000000        2.8000000000000000E-003   1.8800000000000001E-002  0.65439999999999998       0.32400000000000001     
   200.00000000000000       0.18123083054392075        0.0000000000000000        2.8000000000000000E-003   1.8800000000000001E-002  0.65459999999999996       0.32379999999999998     
   201.00000000000000       0.16120685614737360        0.0000000000000000        2.8000000000000000E-003   1.8800000000000001E-002  0.65480000000000005       0.32360000000000000     
   202.00000000000000       0.14422368924925075        0.0000000000000000        2.8000000000000000E-003   1.7999999999999999E-002  0.65600000000000003       0.32319999999999999     
   203.00000000000000       0.13096637396515756        0.0000000000000000        2.8000000000000000E-003   1.7399999999999999E-002  0.65639999999999998       0.32340000000000002     
   204.00000000000000       0.12094928554223408        0.0000000000000000        2.5999999999999999E-003   1.7399999999999999E-002  0.65659999999999996       0.32340000000000002     
   205.00000000000000       0.11414157927663027        0.0000000000000000        2.3999999999999998E-003   1.7600000000000001E-002  0.65659999999999996       0.32340000000000002     
   206.00000000000000       0.11122564433768786        0.0000000000000000        2.3999999999999998E-003   1.6400000000000001E-002  0.65680000000000005       0.32440000000000002     
   207.00000000000000       0.11119197989074750        4.0000000000000002E-004   2.0000000000000000E-003   1.5400000000000000E-002  0.65780000000000005       0.32440000000000002     
   208.00000000000000       0.11351048205639067        4.0000000000000002E-004   2.0000000000000000E-003   1.3200000000000000E-002  0.65959999999999996       0.32479999999999998     
   209.00000000000000       0.11809042573237774        4.0000000000000002E-004   2.0000000000000000E-003   1.3200000000000000E-002  0.65880000000000005       0.32560000000000000     
   210.00000000000000       0.12359870905400358        4.0000000000000002E-004   2.0000000000000000E-003   1.2999999999999999E-002  0.65880000000000005       0.32579999999999998     
   211.00000000000000       0.13294496950633775        4.0000000000000002E-004   2.0000000000000000E-003   1.2800000000000001E-002  0.65759999999999996       0.32719999999999999     
   212.00000000000000       0.14254024605984536        4.0000000000000002E-004   2.0000000000000000E-003   1.2800000000000001E-002  0.65759999999999996       0.32719999999999999     
   213.00000000000000       0.15335026324775908        4.0000000000000002E-004   2.0000000000000000E-003   1.2800000000000001E-002  0.65739999999999998       0.32740000000000002     
   214.00000000000000       0.16222303600653051        4.0000000000000002E-004   2.0000000000000000E-003   1.2800000000000001E-002  0.65739999999999998       0.32740000000000002     
   215.00000000000000       0.17914400849692855        4.0000000000000002E-004   2.0000000000000000E-003   1.2400000000000000E-002  0.65759999999999996       0.32760000000000000     
   216.00000000000000       0.19114904426743756        4.0000000000000002E-004   2.0000000000000000E-003   1.2400000000000000E-002  0.65759999999999996       0.32760000000000000     
