#        BMIN =   404
#        BMAX =   408
#     INIBAND =   406
#      NBANDS =   540
#         NSW =  2000
#       POTIM =   1.0
#        TEMP = 300.0
#    NAMDTINI =   325
#    NAMDTIME =  1000
#       NTRAJ =  5000
#        NELM =  1000
#       LHOLE =     T
#        LSHP =     T
#      LCPTXT =     T
#      RUNDIR = ../../run/
   1.0000000000000000       0.12200827233632644        0.0000000000000000        0.0000000000000000        1.0000000000000000        0.0000000000000000        0.0000000000000000     
   2.0000000000000000       0.12254566215867681        0.0000000000000000        0.0000000000000000       0.99719999999999998        2.8000000000000000E-003   0.0000000000000000     
   3.0000000000000000       0.11989166486306617        0.0000000000000000        0.0000000000000000       0.99519999999999997        4.4000000000000003E-003   4.0000000000000002E-004
   4.0000000000000000       0.11439984162694908        0.0000000000000000        0.0000000000000000       0.99339999999999995        5.5999999999999999E-003   1.0000000000000000E-003
   5.0000000000000000       0.10505411909799939        0.0000000000000000        0.0000000000000000       0.99280000000000002        6.1999999999999998E-003   1.0000000000000000E-003
   6.0000000000000000        9.3176763161829212E-002   0.0000000000000000        0.0000000000000000       0.99019999999999997        7.6000000000000000E-003   2.2000000000000001E-003
   7.0000000000000000        7.7078740065645440E-002   0.0000000000000000        0.0000000000000000       0.98999999999999999        7.7999999999999996E-003   2.2000000000000001E-003
   8.0000000000000000        5.8614779386474004E-002   0.0000000000000000        0.0000000000000000       0.99019999999999997        7.6000000000000000E-003   2.2000000000000001E-003
   9.0000000000000000        3.8243878475585177E-002   0.0000000000000000        0.0000000000000000       0.99019999999999997        7.6000000000000000E-003   2.2000000000000001E-003
   10.000000000000000        1.5857943862854603E-002   0.0000000000000000        0.0000000000000000       0.98939999999999995        8.3999999999999995E-003   2.2000000000000001E-003
   11.000000000000000       -9.3978038969561774E-003   0.0000000000000000        8.0399999999999999E-002  0.90900000000000003        8.3999999999999995E-003   2.2000000000000001E-003
   12.000000000000000        1.0670991503803406E-002   2.0000000000000001E-004   8.0399999999999999E-002  0.90880000000000005        8.2000000000000007E-003   2.3999999999999998E-003
   13.000000000000000        4.5950747443787764E-002   4.1999999999999997E-003   7.5600000000000001E-002  0.90939999999999999        8.3999999999999995E-003   2.3999999999999998E-003
   14.000000000000000        7.9482650692467002E-002   4.7999999999999996E-003   7.4800000000000005E-002  0.90959999999999996        8.3999999999999995E-003   2.3999999999999998E-003
   15.000000000000000       0.10992148561218525        4.7999999999999996E-003   7.4800000000000005E-002  0.90959999999999996        8.3999999999999995E-003   2.3999999999999998E-003
   16.000000000000000       0.13447858055086173        4.7999999999999996E-003   7.4800000000000005E-002  0.91339999999999999        4.5999999999999999E-003   2.3999999999999998E-003
   17.000000000000000       0.13814463251763376        5.0000000000000001E-003   7.4600000000000000E-002  0.91279999999999994        4.5999999999999999E-003   3.0000000000000001E-003
   18.000000000000000       0.13198490010032721        5.1999999999999998E-003   7.4399999999999994E-002  0.91180000000000005        4.5999999999999999E-003   4.0000000000000001E-003
   19.000000000000000       0.12248033045286366        5.1999999999999998E-003   7.4399999999999994E-002  0.91180000000000005        4.5999999999999999E-003   4.0000000000000001E-003
   20.000000000000000       0.11867787060212541        5.1999999999999998E-003   7.4399999999999994E-002  0.91120000000000001        4.5999999999999999E-003   4.5999999999999999E-003
   21.000000000000000       0.11071180414455135        9.1999999999999998E-003   7.0199999999999999E-002  0.90939999999999999        4.5999999999999999E-003   6.6000000000000000E-003
   22.000000000000000       0.10234315085998302        9.1999999999999998E-003   6.9800000000000001E-002  0.91400000000000003        2.0000000000000001E-004   6.7999999999999996E-003
   23.000000000000000        8.4460596060609058E-002   9.1999999999999998E-003   6.9599999999999995E-002  0.91400000000000003        2.0000000000000001E-004   7.0000000000000001E-003
   24.000000000000000        5.3656929353261530E-002   9.1999999999999998E-003   6.9199999999999998E-002  0.91400000000000003        2.0000000000000001E-004   7.4000000000000003E-003
   25.000000000000000        1.5808533069010085E-002   8.6000000000000000E-003  0.11040000000000000       0.87339999999999995        2.0000000000000001E-004   7.4000000000000003E-003
   26.000000000000000        5.0724641351919935E-003   8.3999999999999995E-003  0.11040000000000000       0.87360000000000004        2.0000000000000001E-004   7.4000000000000003E-003
   27.000000000000000        9.1681107477384095E-003   2.1999999999999999E-002   9.6799999999999997E-002  0.87339999999999995        2.0000000000000001E-004   7.6000000000000000E-003
   28.000000000000000        1.5043633125831095E-002   2.1999999999999999E-002   9.6799999999999997E-002  0.87280000000000002        2.0000000000000001E-004   8.2000000000000007E-003
   29.000000000000000        2.4850580154776494E-002   2.1800000000000000E-002   9.2999999999999999E-002  0.87619999999999998        2.0000000000000001E-004   8.8000000000000005E-003
   30.000000000000000        3.4580176479778159E-002   2.0400000000000001E-002   9.4000000000000000E-002  0.87339999999999995        1.0000000000000000E-003   1.1200000000000000E-002
   31.000000000000000        4.4031639987392464E-002   2.0199999999999999E-002   9.4000000000000000E-002  0.87039999999999995        4.0000000000000001E-003   1.1400000000000000E-002
   32.000000000000000        5.1569874584665103E-002   2.0199999999999999E-002   9.4000000000000000E-002  0.87119999999999997        3.2000000000000002E-003   1.1400000000000000E-002
   33.000000000000000        5.8345765327151328E-002   2.0000000000000000E-002   9.3600000000000003E-002  0.87139999999999995        3.2000000000000002E-003   1.1800000000000000E-002
   34.000000000000000        6.3890535011041708E-002   2.0000000000000000E-002   9.2799999999999994E-002  0.87200000000000000        3.3999999999999998E-003   1.1800000000000000E-002
   35.000000000000000        6.8495831540683533E-002   2.0000000000000000E-002   9.1600000000000001E-002  0.87219999999999998        3.8000000000000000E-003   1.2400000000000000E-002
   36.000000000000000        7.1958966826714960E-002   1.9400000000000001E-002   9.1600000000000001E-002  0.87160000000000004        4.0000000000000001E-003   1.3400000000000000E-002
   37.000000000000000        7.4278262179005849E-002   1.8800000000000001E-002   9.1200000000000003E-002  0.87200000000000000        4.0000000000000001E-003   1.4000000000000000E-002
   38.000000000000000        7.4655126597015620E-002   1.8800000000000001E-002   9.0999999999999998E-002  0.87180000000000002        4.1999999999999997E-003   1.4200000000000001E-002
   39.000000000000000        7.3558994180636106E-002   1.8800000000000001E-002   9.0999999999999998E-002  0.87180000000000002        4.1999999999999997E-003   1.4200000000000001E-002
   40.000000000000000        7.1493681509165033E-002   1.7200000000000000E-002   9.2799999999999994E-002  0.86960000000000004        4.7999999999999996E-003   1.5599999999999999E-002
   41.000000000000000        6.8552427504173494E-002   1.7000000000000001E-002   8.7200000000000000E-002  0.87460000000000004        5.5999999999999999E-003   1.5599999999999999E-002
   42.000000000000000        6.2764448557671909E-002   1.6600000000000000E-002   8.7999999999999995E-002  0.87380000000000002        5.5999999999999999E-003   1.6000000000000000E-002
   43.000000000000000        5.6191639872900177E-002   1.6400000000000001E-002   8.8599999999999998E-002  0.87260000000000004        6.1999999999999998E-003   1.6199999999999999E-002
   44.000000000000000        4.7599548338158645E-002   1.5800000000000002E-002  0.16300000000000001       0.79759999999999998        7.0000000000000001E-003   1.6600000000000000E-002
   45.000000000000000        4.5099201922436001E-002   1.5800000000000002E-002  0.14000000000000001       0.81940000000000002        8.2000000000000007E-003   1.6600000000000000E-002
   46.000000000000000        4.6704581108809873E-002   1.5800000000000002E-002  0.15279999999999999       0.80559999999999998        8.2000000000000007E-003   1.7600000000000001E-002
   47.000000000000000        5.0178656858506455E-002   1.6799999999999999E-002  0.15179999999999999       0.80479999999999996        8.2000000000000007E-003   1.8400000000000000E-002
   48.000000000000000        5.3745193711966760E-002   0.0000000000000000       0.16460000000000000       0.80840000000000001        8.6000000000000000E-003   1.8400000000000000E-002
   49.000000000000000        5.8957470965075406E-002   0.0000000000000000       0.16460000000000000       0.80800000000000005        8.9999999999999993E-003   1.8400000000000000E-002
   50.000000000000000        6.7540399865219397E-002   0.0000000000000000       0.16460000000000000       0.80800000000000005        8.9999999999999993E-003   1.8400000000000000E-002
   51.000000000000000        7.3625841615507809E-002   0.0000000000000000       0.18120000000000000       0.79039999999999999        9.7999999999999997E-003   1.8599999999999998E-002
   52.000000000000000        8.2346327195908467E-002   0.0000000000000000       0.18120000000000000       0.79039999999999999        9.7999999999999997E-003   1.8599999999999998E-002
   53.000000000000000        9.6408453923907150E-002   0.0000000000000000       0.18120000000000000       0.79039999999999999        9.7999999999999997E-003   1.8599999999999998E-002
   54.000000000000000       0.10431385986239777        0.0000000000000000       0.18120000000000000       0.79039999999999999        9.7999999999999997E-003   1.8599999999999998E-002
   55.000000000000000       0.10574920989906501        0.0000000000000000       0.18079999999999999       0.79039999999999999        1.0200000000000001E-002   1.8599999999999998E-002
   56.000000000000000       0.10105591365424871        0.0000000000000000       0.17999999999999999       0.79039999999999999        1.0800000000000001E-002   1.8800000000000001E-002
   57.000000000000000        9.0185169450955838E-002   0.0000000000000000       0.17999999999999999       0.79039999999999999        1.0800000000000001E-002   1.8800000000000001E-002
   58.000000000000000        7.3765478322347700E-002   0.0000000000000000       0.17940000000000000       0.79039999999999999        1.0600000000000000E-002   1.9599999999999999E-002
   59.000000000000000        5.2661341753128851E-002   0.0000000000000000       0.17899999999999999       0.79039999999999999        1.0800000000000001E-002   1.9800000000000002E-002
   60.000000000000000        2.6678187468920381E-002   7.6000000000000000E-003  0.17119999999999999       0.79039999999999999        1.0800000000000001E-002   2.0000000000000000E-002
   61.000000000000000        2.5351839026810877E-003   6.7999999999999996E-003  0.13039999999999999       0.83199999999999996        1.0000000000000000E-002   2.0799999999999999E-002
   62.000000000000000       -2.3571506721134679E-002   8.3999999999999995E-003  0.13039999999999999       0.82799999999999996        1.1400000000000000E-002   2.1800000000000000E-002
   63.000000000000000       -2.4630548394909104E-002   8.3999999999999995E-003  0.13039999999999999       0.82699999999999996        1.1400000000000000E-002   2.2800000000000001E-002
   64.000000000000000       -2.6536071803439830E-002   8.2000000000000007E-003  0.13039999999999999       0.82699999999999996        1.1400000000000000E-002   2.3000000000000000E-002
   65.000000000000000       -2.7740646092974310E-002   8.2000000000000007E-003  0.13039999999999999       0.82399999999999995        1.2600000000000000E-002   2.4799999999999999E-002
   66.000000000000000       -2.9872250918460089E-002   7.7999999999999996E-003  0.13059999999999999       0.82399999999999995        1.2600000000000000E-002   2.5000000000000001E-002
   67.000000000000000       -3.1934687462620154E-002   7.7999999999999996E-003  0.13059999999999999       0.82379999999999998        1.2800000000000001E-002   2.5000000000000001E-002
   68.000000000000000       -3.3409886914703417E-002   7.4000000000000003E-003  0.13059999999999999       0.82399999999999995        1.2800000000000001E-002   2.5200000000000000E-002
   69.000000000000000       -3.4490211470161909E-002   7.1999999999999998E-003  0.13059999999999999       0.82060000000000000        1.6400000000000001E-002   2.5200000000000000E-002
   70.000000000000000       -3.5697515402138419E-002   7.1999999999999998E-003  0.13059999999999999       0.81799999999999995        1.9000000000000000E-002   2.5200000000000000E-002
   71.000000000000000       -3.6222815487193277E-002   6.7999999999999996E-003  0.13059999999999999       0.81879999999999997        1.7600000000000001E-002   2.6200000000000001E-002
   72.000000000000000       -3.6543234632549729E-002   6.0000000000000001E-003  0.13059999999999999       0.81820000000000004        1.8599999999999998E-002   2.6599999999999999E-002
   73.000000000000000       -3.6424342136490970E-002   6.0000000000000001E-003  0.13059999999999999       0.80900000000000005        2.7600000000000000E-002   2.6800000000000001E-002
   74.000000000000000       -3.5335597050660368E-002   5.5999999999999999E-003  0.13059999999999999       0.79320000000000002        4.2799999999999998E-002   2.7799999999999998E-002
   75.000000000000000       -3.6427051045371688E-002   5.5999999999999999E-003  0.13059999999999999       0.79359999999999997        4.2400000000000000E-002   2.7799999999999998E-002
   76.000000000000000       -3.6582455185356091E-002   5.5999999999999999E-003  0.13059999999999999       0.79400000000000004        4.2000000000000003E-002   2.7799999999999998E-002
   77.000000000000000       -3.4736709071629152E-002   5.5999999999999999E-003   0.0000000000000000       0.92359999999999998        4.2999999999999997E-002   2.7799999999999998E-002
   78.000000000000000       -2.1034291424476152E-002   5.5999999999999999E-003   0.0000000000000000       0.92359999999999998        4.2999999999999997E-002   2.7799999999999998E-002
   79.000000000000000        1.6565897269701587E-002   5.0000000000000001E-003   2.0000000000000001E-004  0.62819999999999998       0.33839999999999998        2.8199999999999999E-002
   80.000000000000000        3.4392836485762017E-002   5.0000000000000001E-003   2.0000000000000001E-004  0.62800000000000000       0.33839999999999998        2.8400000000000002E-002
   81.000000000000000        4.3450774329065106E-002   5.0000000000000001E-003   2.0000000000000001E-004  0.62800000000000000       0.33839999999999998        2.8400000000000002E-002
   82.000000000000000        5.0424477489601091E-002   4.1999999999999997E-003   2.0000000000000001E-004  0.62860000000000005       0.33839999999999998        2.8600000000000000E-002
   83.000000000000000        5.7158084932962080E-002   4.1999999999999997E-003   2.0000000000000001E-004  0.62419999999999998       0.33839999999999998        3.3000000000000002E-002
   84.000000000000000        6.0654094686087033E-002   4.1999999999999997E-003   2.0000000000000001E-004  0.62419999999999998       0.33839999999999998        3.3000000000000002E-002
   85.000000000000000        6.1488731722945181E-002   3.8000000000000000E-003   5.9999999999999995E-004  0.62319999999999998       0.33839999999999998        3.4000000000000002E-002
   86.000000000000000        6.2911294373465709E-002   3.5999999999999999E-003   8.0000000000000004E-004  0.61839999999999995       0.33839999999999998        3.8800000000000001E-002
   87.000000000000000        5.7700693877739399E-002   3.5999999999999999E-003   8.0000000000000004E-004  0.95399999999999996        0.0000000000000000        4.1599999999999998E-002
   88.000000000000000        4.6385487085104704E-002   3.5999999999999999E-003   8.0000000000000004E-004  0.95399999999999996        0.0000000000000000        4.1599999999999998E-002
   89.000000000000000        1.9002808675838843E-002   3.5999999999999999E-003   8.0000000000000004E-004  0.95399999999999996        0.0000000000000000        4.1599999999999998E-002
   90.000000000000000       -1.2840295469336934E-002   3.5999999999999999E-003   8.0000000000000004E-004  0.95399999999999996        0.0000000000000000        4.1599999999999998E-002
   91.000000000000000       -4.7584489628744821E-002   4.4000000000000003E-003   8.0000000000000004E-004  0.94899999999999995        4.1999999999999997E-003   4.1599999999999998E-002
   92.000000000000000       -6.0190807273278191E-002   2.4799999999999999E-002   1.6000000000000001E-003  0.92659999999999998        4.4000000000000003E-003   4.2599999999999999E-002
   93.000000000000000       -5.1280611515034061E-002   2.4799999999999999E-002   1.6000000000000001E-003  0.92659999999999998        4.1999999999999997E-003   4.2799999999999998E-002
   94.000000000000000       -3.6492707498295682E-002   2.4799999999999999E-002   1.8000000000000000E-003  0.92540000000000000        4.7999999999999996E-003   4.3200000000000002E-002
   95.000000000000000       -1.6822381510103006E-002   2.4000000000000000E-002   1.8000000000000000E-003  0.92100000000000004        9.7999999999999997E-003   4.3400000000000001E-002
   96.000000000000000        3.7701971515470365E-003   2.4000000000000000E-002   1.8000000000000000E-003  0.91479999999999995        1.2200000000000001E-002   4.7199999999999999E-002
   97.000000000000000        2.3022282640572732E-002   2.4000000000000000E-002   1.8000000000000000E-003  0.91479999999999995        1.2200000000000001E-002   4.7199999999999999E-002
   98.000000000000000        4.0725547577317167E-002   2.4000000000000000E-002   1.4000000000000000E-003  0.91359999999999997        1.3400000000000000E-002   4.7600000000000003E-002
   99.000000000000000        5.9528397834391150E-002   2.3800000000000002E-002   1.4000000000000000E-003  0.90720000000000001        1.7399999999999999E-002   5.0200000000000002E-002
   100.00000000000000        7.5797144340059575E-002   2.0000000000000000E-002   1.6000000000000001E-003  0.91080000000000005        1.7399999999999999E-002   5.0200000000000002E-002
   101.00000000000000        9.0767552108737062E-002   1.2600000000000000E-002   7.0000000000000001E-003  0.91200000000000003        1.7800000000000000E-002   5.0599999999999999E-002
   102.00000000000000       0.10470694280691781        1.0000000000000000E-002   6.6000000000000000E-003  0.91420000000000001        1.8599999999999998E-002   5.0599999999999999E-002
   103.00000000000000       0.11635479147521031        1.0200000000000001E-002   6.1999999999999998E-003  0.91439999999999999        1.8599999999999998E-002   5.0599999999999999E-002
   104.00000000000000       0.12737630365632430        1.0200000000000001E-002   5.7999999999999996E-003  0.91479999999999995        1.8599999999999998E-002   5.0599999999999999E-002
   105.00000000000000       0.13760050087971348        9.5999999999999992E-003   5.1999999999999998E-003  0.91600000000000004        1.8599999999999998E-002   5.0599999999999999E-002
   106.00000000000000       0.14676339556299520        9.5999999999999992E-003   4.5999999999999999E-003  0.91659999999999997        1.8200000000000001E-002   5.0999999999999997E-002
   107.00000000000000       0.15525712702916936        9.5999999999999992E-003   4.1999999999999997E-003  0.91359999999999997        2.1200000000000000E-002   5.1400000000000001E-002
   108.00000000000000       0.16229947161652603        9.5999999999999992E-003   4.4000000000000003E-003  0.91339999999999999        2.1200000000000000E-002   5.1400000000000001E-002
   109.00000000000000       0.16961186235572517        9.5999999999999992E-003   3.5999999999999999E-003  0.90500000000000003        3.0400000000000000E-002   5.1400000000000001E-002
   110.00000000000000       0.17508393219495474        9.5999999999999992E-003   3.5999999999999999E-003  0.89959999999999996        3.5600000000000000E-002   5.1600000000000000E-002
   111.00000000000000       0.17810963150751463        8.2000000000000007E-003   4.4000000000000003E-003  0.89480000000000004        4.1000000000000002E-002   5.1600000000000000E-002
   112.00000000000000       0.17843288781587585        8.0000000000000002E-003   4.4000000000000003E-003  0.89500000000000002        4.1000000000000002E-002   5.1600000000000000E-002
   113.00000000000000       0.17645227618767340        8.0000000000000002E-003   4.4000000000000003E-003  0.89480000000000004        4.0599999999999997E-002   5.2200000000000003E-002
   114.00000000000000       0.17387885292246347        7.7999999999999996E-003   4.4000000000000003E-003  0.89480000000000004        4.0800000000000003E-002   5.2200000000000003E-002
   115.00000000000000       0.16848875400579255        7.7999999999999996E-003   4.4000000000000003E-003  0.89480000000000004        4.0800000000000003E-002   5.2200000000000003E-002
   116.00000000000000       0.16198228475252432        7.7999999999999996E-003   9.2200000000000004E-002  0.80700000000000005        4.0800000000000003E-002   5.2200000000000003E-002
   117.00000000000000       0.15987755059676642        7.7999999999999996E-003   9.1999999999999998E-002  0.80679999999999996        4.0800000000000003E-002   5.2600000000000001E-002
   118.00000000000000       0.15773901458353645        7.7999999999999996E-003   9.1600000000000001E-002  0.80679999999999996        4.1000000000000002E-002   5.2800000000000000E-002
   119.00000000000000       0.14929150781562012        7.7999999999999996E-003   9.1200000000000003E-002  0.80700000000000005        4.1000000000000002E-002   5.2999999999999999E-002
   120.00000000000000       0.13472410555640429        7.7999999999999996E-003  0.16320000000000001       0.72540000000000004        4.9000000000000002E-002   5.4600000000000003E-002
   121.00000000000000       0.12177021338451620        7.7999999999999996E-003  0.16320000000000001       0.71840000000000004        5.6000000000000001E-002   5.4600000000000003E-002
   122.00000000000000       0.11027555126566643        7.7999999999999996E-003  0.16320000000000001       0.67940000000000000        9.5000000000000001E-002   5.4600000000000003E-002
   123.00000000000000        9.3521734874081330E-002   7.4000000000000003E-003  0.16320000000000001       0.68040000000000000        9.4399999999999998E-002   5.4600000000000003E-002
   124.00000000000000        7.5817149961673172E-002   7.1999999999999998E-003  0.16320000000000001       0.66579999999999995       0.10920000000000001        5.4600000000000003E-002
   125.00000000000000        5.4731281453718833E-002   7.1999999999999998E-003  0.16320000000000001       0.66639999999999999       0.10860000000000000        5.4600000000000003E-002
   126.00000000000000        3.3294222572519287E-002   6.7999999999999996E-003  0.16100000000000000       0.65459999999999996       0.12260000000000000        5.5000000000000000E-002
   127.00000000000000        1.6050424323245722E-002   6.7999999999999996E-003  0.15640000000000001       0.65339999999999998       0.12780000000000000        5.5599999999999997E-002
   128.00000000000000        2.8233136530628304E-003   6.7999999999999996E-003  0.15659999999999999       0.65139999999999998       0.12720000000000001        5.8000000000000003E-002
   129.00000000000000       -1.0702387436288183E-002   6.6000000000000000E-003  0.15559999999999999       0.65180000000000005       0.12800000000000000        5.8000000000000003E-002
   130.00000000000000       -2.2972221528847196E-002   6.1999999999999998E-003  0.14580000000000001       0.66159999999999997       0.12800000000000000        5.8400000000000001E-002
   131.00000000000000       -3.3821077408216868E-002   6.1999999999999998E-003  0.13339999999999999       0.67120000000000002       0.13080000000000000        5.8400000000000001E-002
   132.00000000000000       -4.2108968707568022E-002   6.1999999999999998E-003  0.13480000000000000       0.66959999999999997       0.13100000000000001        5.8400000000000001E-002
   133.00000000000000       -4.3197687596150350E-002   6.0000000000000001E-003  0.13180000000000000       0.67159999999999997       0.13220000000000001        5.8400000000000001E-002
   134.00000000000000       -3.9182414464831679E-002   5.7999999999999996E-003  0.12620000000000001       0.67159999999999997       0.13460000000000000        6.1800000000000001E-002
   135.00000000000000       -3.4272258844547598E-002   5.0000000000000001E-003  0.12440000000000000       0.67040000000000000       0.13700000000000001        6.3200000000000006E-002
   136.00000000000000       -2.9502849562853387E-002   4.7999999999999996E-003  0.12440000000000000       0.67040000000000000       0.13719999999999999        6.3200000000000006E-002
   137.00000000000000       -2.3693938381374787E-002   4.4000000000000003E-003  0.12460000000000000       0.67000000000000004       0.13719999999999999        6.3799999999999996E-002
   138.00000000000000       -1.6140135014987931E-002   9.5999999999999992E-003  0.11899999999999999       0.66679999999999995       0.14080000000000001        6.3799999999999996E-002
   139.00000000000000       -8.1976932791974835E-003   8.9999999999999993E-003  0.11860000000000000       0.66679999999999995       0.14319999999999999        6.2399999999999997E-002
   140.00000000000000        2.1759857665821884E-003   4.7999999999999996E-003  0.12139999999999999       0.66720000000000002       0.14360000000000001        6.3000000000000000E-002
   141.00000000000000        1.4067315937808269E-002   4.4000000000000003E-003  0.11740000000000000       0.67140000000000000       0.14280000000000001        6.4000000000000001E-002
   142.00000000000000        2.6958639744578228E-002   4.4000000000000003E-003  0.11740000000000000       0.67120000000000002       0.14399999999999999        6.3000000000000000E-002
   143.00000000000000        4.1756185669382662E-002   4.4000000000000003E-003  0.11219999999999999       0.67140000000000000       0.14860000000000001        6.3399999999999998E-002
   144.00000000000000        5.5868366941575820E-002   4.4000000000000003E-003  0.11219999999999999       0.67140000000000000       0.14940000000000001        6.2600000000000003E-002
   145.00000000000000        7.5990065511429616E-002   4.4000000000000003E-003  0.10800000000000000       0.66759999999999997       0.15740000000000001        6.2600000000000003E-002
   146.00000000000000        9.9674450792126473E-002   4.4000000000000003E-003   7.3599999999999999E-002  0.69740000000000002       0.16120000000000001        6.3399999999999998E-002
   147.00000000000000       0.12106213344238652        4.4000000000000003E-003   7.2800000000000004E-002  0.69760000000000000       0.16100000000000000        6.4199999999999993E-002
   148.00000000000000       0.14257221291451480        4.4000000000000003E-003   6.9000000000000006E-002  0.69760000000000000       0.16200000000000001        6.7000000000000004E-002
   149.00000000000000       0.16311657530879339        3.2000000000000002E-003   6.9800000000000001E-002  0.68640000000000001       0.16960000000000000        7.0999999999999994E-002
   150.00000000000000       0.17972973936904568        3.2000000000000002E-003   6.9800000000000001E-002  0.68559999999999999       0.16940000000000000        7.1999999999999995E-002
   151.00000000000000       0.19294111015027071        3.2000000000000002E-003   6.9800000000000001E-002  0.68579999999999997       0.16919999999999999        7.1999999999999995E-002
   152.00000000000000       0.20180201087523161        3.2000000000000002E-003   6.9800000000000001E-002  0.68459999999999999       0.17019999999999999        7.2200000000000000E-002
   153.00000000000000       0.20663670700801731        3.0000000000000001E-003   6.9800000000000001E-002  0.68459999999999999       0.17019999999999999        7.2400000000000006E-002
   154.00000000000000       0.20917949211971459        3.0000000000000001E-003   6.9800000000000001E-002  0.68340000000000001       0.17019999999999999        7.3599999999999999E-002
   155.00000000000000       0.20694156053051319        3.0000000000000001E-003   6.9800000000000001E-002  0.67720000000000002       0.17399999999999999        7.5999999999999998E-002
   156.00000000000000       0.20165583803390127        3.0000000000000001E-003   6.9800000000000001E-002  0.66859999999999997       0.17399999999999999        8.4599999999999995E-002
   157.00000000000000       0.19053905907642715        3.0000000000000001E-003   6.9800000000000001E-002  0.66859999999999997       0.17399999999999999        8.4599999999999995E-002
   158.00000000000000       0.17617797300346033        3.0000000000000001E-003   6.9800000000000001E-002  0.66800000000000004       0.16839999999999999        9.0800000000000006E-002
   159.00000000000000       0.15901282282204077        2.8000000000000000E-003   6.9800000000000001E-002  0.66620000000000001       0.16919999999999999        9.1999999999999998E-002
   160.00000000000000       0.13968396818877871        2.8000000000000000E-003   6.9800000000000001E-002  0.66520000000000001       0.16940000000000000        9.2799999999999994E-002
   161.00000000000000       0.11972234605014545        2.8000000000000000E-003   6.9800000000000001E-002  0.66039999999999999       0.16960000000000000        9.7400000000000000E-002
   162.00000000000000        9.6731963011741126E-002   2.8000000000000000E-003   6.9800000000000001E-002  0.65600000000000003       0.17340000000000000        9.8000000000000004E-002
   163.00000000000000        7.5788738330121161E-002   7.2400000000000006E-002   0.0000000000000000       0.65559999999999996       0.17340000000000000        9.8599999999999993E-002
   164.00000000000000        5.6831363594521234E-002   7.2400000000000006E-002   0.0000000000000000       0.65000000000000002       0.17899999999999999        9.8599999999999993E-002
   165.00000000000000        3.7515633307515894E-002   7.2400000000000006E-002   0.0000000000000000       0.64980000000000004       0.17720000000000000       0.10059999999999999     
   166.00000000000000        2.0234307798298004E-002   7.2400000000000006E-002   0.0000000000000000       0.64980000000000004       0.17720000000000000       0.10059999999999999     
   167.00000000000000        7.4628862674150920E-003   7.2400000000000006E-002   0.0000000000000000       0.64980000000000004       0.17560000000000001       0.10220000000000000     
   168.00000000000000       -1.5087722665823727E-003   7.2400000000000006E-002   0.0000000000000000       0.64880000000000004       0.17560000000000001       0.10320000000000000     
   169.00000000000000       -6.1718855311088949E-003   7.2400000000000006E-002   1.1999999999999999E-003  0.64680000000000004       0.17640000000000000       0.10320000000000000     
   170.00000000000000       -5.8370104690089533E-003   7.2400000000000006E-002   1.8000000000000000E-003  0.64500000000000002       0.17740000000000000       0.10340000000000001     
   171.00000000000000       -3.0961447320383070E-003   7.2400000000000006E-002   2.5999999999999999E-003  0.64419999999999999       0.17760000000000001       0.10320000000000000     
   172.00000000000000        3.7300948091493064E-003   7.2400000000000006E-002   2.8000000000000000E-003  0.64139999999999997       0.17940000000000000       0.10400000000000000     
   173.00000000000000        1.2977408509794640E-002   7.2400000000000006E-002   3.0000000000000001E-003  0.63880000000000003       0.18060000000000001       0.10520000000000000     
   174.00000000000000        2.3195186828471305E-002   7.2400000000000006E-002   3.0000000000000001E-003  0.63639999999999997       0.18240000000000001       0.10580000000000001     
   175.00000000000000        3.5790733312174562E-002   7.0599999999999996E-002   4.5999999999999999E-003  0.63380000000000003       0.18079999999999999       0.11020000000000001     
   176.00000000000000        5.0747140312939393E-002   7.0599999999999996E-002   4.5999999999999999E-003  0.62819999999999998       0.18440000000000001       0.11219999999999999     
   177.00000000000000        6.5820999213919540E-002   7.0599999999999996E-002   4.5999999999999999E-003  0.61599999999999999       0.19400000000000001       0.11480000000000000     
   178.00000000000000        8.0575317872331798E-002   6.3399999999999998E-002   4.5999999999999999E-003  0.62319999999999998       0.18240000000000001       0.12640000000000001     
   179.00000000000000        9.4746596057466867E-002   5.6800000000000003E-002   4.5999999999999999E-003  0.62880000000000003       0.18260000000000001       0.12720000000000001     
   180.00000000000000       0.10901924660732554        5.4600000000000003E-002   4.5999999999999999E-003  0.63080000000000003       0.18300000000000000       0.12700000000000000     
   181.00000000000000       0.12362804453947565        5.4600000000000003E-002   4.5999999999999999E-003  0.63080000000000003       0.18079999999999999       0.12920000000000001     
   182.00000000000000       0.14091005171132398        5.2999999999999999E-002   4.5999999999999999E-003  0.62960000000000005       0.18240000000000001       0.13039999999999999     
   183.00000000000000       0.15817212191826382        5.1999999999999998E-002   4.5999999999999999E-003  0.62419999999999998       0.18440000000000001       0.13480000000000000     
   184.00000000000000       0.17598938876630579        5.1999999999999998E-002   4.5999999999999999E-003  0.61580000000000001       0.17299999999999999       0.15459999999999999     
   185.00000000000000       0.19449914300193277        5.1200000000000002E-002   4.5999999999999999E-003  0.60580000000000001       0.17380000000000001       0.16460000000000000     
   186.00000000000000       0.21507237489717940        4.9200000000000001E-002   4.5999999999999999E-003  0.59499999999999997       0.17360000000000000       0.17760000000000001     
   187.00000000000000       0.23052509634061952        4.7000000000000000E-002   4.5999999999999999E-003  0.59560000000000002       0.15500000000000000       0.19780000000000000     
   188.00000000000000       0.24421475792094730        4.7199999999999999E-002   4.5999999999999999E-003  0.59540000000000004       0.15400000000000000       0.19880000000000000     
   189.00000000000000       0.25869773067484259        4.3799999999999999E-002   4.5999999999999999E-003  0.59079999999999999       0.16120000000000001       0.19960000000000000     
   190.00000000000000       0.27000347210952802        3.6400000000000002E-002   1.1800000000000000E-002  0.59099999999999997       0.16180000000000000       0.19900000000000001     
   191.00000000000000       0.27964948672997159        3.6200000000000003E-002   1.0600000000000000E-002  0.59219999999999995       0.16200000000000001       0.19900000000000001     
   192.00000000000000       0.29017209812781503        3.4799999999999998E-002   1.0999999999999999E-002  0.58640000000000003       0.16120000000000001       0.20660000000000001     
   193.00000000000000       0.29852195950633498        3.4799999999999998E-002   9.5999999999999992E-003  0.58240000000000003       0.16619999999999999       0.20699999999999999     
   194.00000000000000       0.30608582394100625        3.3799999999999997E-002   9.5999999999999992E-003  0.57940000000000003       0.16619999999999999       0.21099999999999999     
   195.00000000000000       0.31071043167053419        3.3799999999999997E-002   9.4000000000000004E-003  0.57960000000000000       0.16619999999999999       0.21099999999999999     
   196.00000000000000       0.31495095477435042        3.3200000000000000E-002   8.2000000000000007E-003  0.58060000000000000       0.16700000000000001       0.21099999999999999     
   197.00000000000000       0.32117076925698029        3.2199999999999999E-002   8.3999999999999995E-003  0.57899999999999996       0.16780000000000000       0.21260000000000001     
   198.00000000000000       0.33095671793521741        3.1800000000000002E-002   8.0000000000000002E-003  0.57779999999999998       0.16500000000000001       0.21740000000000001     
   199.00000000000000       0.34098935016271675        3.1399999999999997E-002   8.9999999999999993E-003  0.57479999999999998       0.16480000000000000       0.22000000000000000     
   200.00000000000000       0.35006246029676230        3.0599999999999999E-002   9.7999999999999997E-003  0.57279999999999998       0.16639999999999999       0.22040000000000001     
   201.00000000000000       0.35826203016021096        3.0599999999999999E-002   9.7999999999999997E-003  0.56820000000000004       0.16719999999999999       0.22420000000000001     
   202.00000000000000       0.36236445372336457        3.1600000000000003E-002   8.3999999999999995E-003  0.56699999999999995       0.16880000000000001       0.22420000000000001     
   203.00000000000000       0.36445454494405627        3.1600000000000003E-002   7.4000000000000003E-003  0.56079999999999997       0.17560000000000001       0.22459999999999999     
   204.00000000000000       0.36295769089172869        2.9399999999999999E-002   8.6000000000000000E-003  0.56079999999999997       0.17640000000000000       0.22480000000000000     
   205.00000000000000       0.35942769161146892        2.9000000000000001E-002   8.0000000000000002E-003  0.55859999999999999       0.17860000000000001       0.22580000000000000     
   206.00000000000000       0.35051677109148971        2.9000000000000001E-002   7.1999999999999998E-003  0.55600000000000005       0.18140000000000001       0.22639999999999999     
   207.00000000000000       0.34012389637759866        2.9000000000000001E-002   7.0000000000000001E-003  0.55600000000000005       0.18160000000000001       0.22639999999999999     
   208.00000000000000       0.32720389799594052        2.9000000000000001E-002   7.0000000000000001E-003  0.55600000000000005       0.18160000000000001       0.22639999999999999     
   209.00000000000000       0.31415363344773478        2.9000000000000001E-002   7.0000000000000001E-003  0.55600000000000005       0.18120000000000000       0.22680000000000000     
   210.00000000000000       0.30054541803222562        1.5599999999999999E-002   1.9800000000000002E-002  0.55600000000000005       0.18099999999999999       0.22760000000000000     
   211.00000000000000       0.28473299708743643        1.5599999999999999E-002   1.9800000000000002E-002  0.55279999999999996       0.18300000000000000       0.22880000000000000     
   212.00000000000000       0.26766110421480416        1.5599999999999999E-002   1.9800000000000002E-002  0.55120000000000002       0.18440000000000001       0.22900000000000001     
   213.00000000000000       0.24517213498402859        1.5599999999999999E-002  0.11520000000000000       0.45560000000000000       0.18420000000000000       0.22939999999999999     
   214.00000000000000       0.23426987059921556        1.5400000000000000E-002  0.11459999999999999       0.45560000000000000       0.18160000000000001       0.23280000000000001     
   215.00000000000000       0.23654533859039795        1.5400000000000000E-002  0.11459999999999999       0.45560000000000000       0.17699999999999999       0.23740000000000000     
   216.00000000000000       0.23491239713469655        1.5400000000000000E-002  0.11320000000000000       0.45560000000000000       0.17840000000000000       0.23740000000000000     
