#        BMIN =   404
#        BMAX =   408
#     INIBAND =   406
#      NBANDS =   540
#         NSW =  2000
#       POTIM =   1.0
#        TEMP = 300.0
#    NAMDTINI =   245
#    NAMDTIME =  1000
#       NTRAJ =  5000
#        NELM =  1000
#       LHOLE =     T
#        LSHP =     T
#      LCPTXT =     T
#      RUNDIR = ../../run/
   1.0000000000000000        8.5830116118122274E-002   0.0000000000000000        0.0000000000000000        1.0000000000000000        0.0000000000000000        0.0000000000000000     
   2.0000000000000000        7.1188613908100939E-002   0.0000000000000000        0.0000000000000000        1.0000000000000000        0.0000000000000000        0.0000000000000000     
   3.0000000000000000        5.9927738956598892E-002   0.0000000000000000        0.0000000000000000       0.99939999999999996        0.0000000000000000        5.9999999999999995E-004
   4.0000000000000000        5.2704356373538805E-002   0.0000000000000000        0.0000000000000000        0.0000000000000000       0.99939999999999996        5.9999999999999995E-004
   5.0000000000000000        3.4567185772772020E-002   0.0000000000000000        0.0000000000000000        0.0000000000000000       0.99939999999999996        5.9999999999999995E-004
   6.0000000000000000        2.4903459153261726E-002   0.0000000000000000        0.0000000000000000        0.0000000000000000       0.99919999999999998        8.0000000000000004E-004
   7.0000000000000000        1.5110046456317626E-002   0.0000000000000000        0.0000000000000000        4.5999999999999999E-003  0.99399999999999999        1.4000000000000000E-003
   8.0000000000000000        7.0146457237046890E-003   0.0000000000000000        0.0000000000000000        2.8000000000000000E-003  0.99500000000000000        2.2000000000000001E-003
   9.0000000000000000        3.4400050288902709E-004   0.0000000000000000        0.0000000000000000        3.8800000000000001E-002  0.95899999999999996        2.2000000000000001E-003
   10.000000000000000       -8.6189804065462164E-004   0.0000000000000000        0.0000000000000000       0.11520000000000000       0.88260000000000005        2.2000000000000001E-003
   11.000000000000000        7.6858432387163552E-003   0.0000000000000000        0.0000000000000000       0.12379999999999999       0.87380000000000002        2.3999999999999998E-003
   12.000000000000000        2.1221381336269763E-002   0.0000000000000000        0.0000000000000000       0.11960000000000000       0.87800000000000000        2.3999999999999998E-003
   13.000000000000000        3.6799831331764093E-002   0.0000000000000000        0.0000000000000000       0.13900000000000001       0.85840000000000005        2.5999999999999999E-003
   14.000000000000000        5.3689875356955928E-002   0.0000000000000000        0.0000000000000000       0.14699999999999999       0.84919999999999995        3.8000000000000000E-003
   15.000000000000000        7.3263600200323895E-002   0.0000000000000000        0.0000000000000000       0.15060000000000001       0.84460000000000002        4.7999999999999996E-003
   16.000000000000000        8.8422514300355193E-002   0.0000000000000000        0.0000000000000000       0.15279999999999999       0.84219999999999995        5.0000000000000001E-003
   17.000000000000000        8.8143871862955470E-002   0.0000000000000000        0.0000000000000000       0.14560000000000001       0.84940000000000004        5.0000000000000001E-003
   18.000000000000000        9.3534329283520831E-002   0.0000000000000000        0.0000000000000000       0.14040000000000000       0.85440000000000005        5.1999999999999998E-003
   19.000000000000000       0.13711419339292763        0.0000000000000000        0.0000000000000000       0.14140000000000000       0.85340000000000005        5.1999999999999998E-003
   20.000000000000000       0.17520808046992647        0.0000000000000000        0.0000000000000000       0.14140000000000000       0.85340000000000005        5.1999999999999998E-003
   21.000000000000000       0.21217942062665543        0.0000000000000000        0.0000000000000000       0.13100000000000001       0.86380000000000001        5.1999999999999998E-003
   22.000000000000000       0.21794865923165596        0.0000000000000000        0.0000000000000000       0.12479999999999999       0.86939999999999995        5.7999999999999996E-003
   23.000000000000000       0.23503220517779153        0.0000000000000000        0.0000000000000000       0.12500000000000000       0.86919999999999997        5.7999999999999996E-003
   24.000000000000000       0.13257199180300069        2.0000000000000001E-004   2.0000000000000001E-004  0.10220000000000000       0.86580000000000001        3.1600000000000003E-002
   25.000000000000000        1.3211085275969139        2.0000000000000001E-004   2.0000000000000001E-004  0.10020000000000000       0.80740000000000001        9.1999999999999998E-002
   26.000000000000000       0.55261312311326272        2.0000000000000001E-004   2.0000000000000001E-004  0.10020000000000000       0.79820000000000002       0.10120000000000000     
   27.000000000000000       0.55415673659118636        2.0000000000000001E-004   2.0000000000000001E-004   9.2200000000000004E-002  0.80620000000000003       0.10120000000000000     
   28.000000000000000       0.65474756539854573        2.0000000000000001E-004   4.0000000000000002E-004   2.2000000000000001E-003  0.73540000000000005       0.26179999999999998     
   29.000000000000000       0.41597525779721500        2.0000000000000001E-004   4.0000000000000002E-004   2.2000000000000001E-003  0.73219999999999996       0.26500000000000001     
   30.000000000000000       0.42866203121233293        2.0000000000000001E-004   4.0000000000000002E-004   2.2000000000000001E-003  0.73240000000000005       0.26479999999999998     
   31.000000000000000       0.44003889997213941        2.0000000000000001E-004   4.0000000000000002E-004   2.2000000000000001E-003  0.71619999999999995       0.28100000000000003     
   32.000000000000000       0.44630488659964251        2.0000000000000001E-004   4.0000000000000002E-004   2.2000000000000001E-003  0.70879999999999999       0.28839999999999999     
   33.000000000000000       0.44970380191047404        2.0000000000000001E-004   4.0000000000000002E-004   2.2000000000000001E-003  0.70960000000000001       0.28760000000000002     
   34.000000000000000       0.45034074076271496        2.0000000000000001E-004   4.0000000000000002E-004   2.2000000000000001E-003  0.70960000000000001       0.28760000000000002     
   35.000000000000000       0.44937134641847598        0.0000000000000000        4.0000000000000002E-004   1.8000000000000000E-003  0.71199999999999997       0.28580000000000000     
   36.000000000000000       0.44691100305278231        0.0000000000000000        4.0000000000000002E-004   1.8000000000000000E-003  0.70399999999999996       0.29380000000000001     
   37.000000000000000       0.44155057096210254        0.0000000000000000        4.0000000000000002E-004   1.8000000000000000E-003  0.70099999999999996       0.29680000000000001     
   38.000000000000000       0.43428731710102753        0.0000000000000000        4.0000000000000002E-004   1.6000000000000001E-003  0.70099999999999996       0.29699999999999999     
   39.000000000000000       0.42574396140204396        0.0000000000000000        4.0000000000000002E-004   1.6000000000000001E-003  0.69899999999999995       0.29899999999999999     
   40.000000000000000       0.41577608888620687        0.0000000000000000        4.0000000000000002E-004   1.6000000000000001E-003  0.69799999999999995       0.29999999999999999     
   41.000000000000000       0.40477405853032489        0.0000000000000000        4.0000000000000002E-004   1.6000000000000001E-003  0.69799999999999995       0.29999999999999999     
   42.000000000000000       0.39253330558900407        0.0000000000000000        4.0000000000000002E-004   1.6000000000000001E-003  0.69779999999999998       0.30020000000000002     
   43.000000000000000       0.38025494953525751        0.0000000000000000        2.0000000000000001E-004   1.6000000000000001E-003  0.67820000000000003       0.32000000000000001     
   44.000000000000000       0.36643051622712963        0.0000000000000000        2.0000000000000001E-004   1.6000000000000001E-003  0.68600000000000005       0.31219999999999998     
   45.000000000000000       0.35220148781861854        0.0000000000000000        2.0000000000000001E-004   1.6000000000000001E-003  0.68959999999999999       0.30859999999999999     
   46.000000000000000       0.33902752338694109        0.0000000000000000        2.0000000000000001E-004   1.6000000000000001E-003  0.68759999999999999       0.31059999999999999     
   47.000000000000000       0.32552640766133478        0.0000000000000000        2.0000000000000001E-004   1.6000000000000001E-003  0.69040000000000001       0.30780000000000002     
   48.000000000000000       0.31265146430945390        0.0000000000000000        2.0000000000000001E-004   1.6000000000000001E-003  0.67600000000000005       0.32219999999999999     
   49.000000000000000       0.30066312638407794        0.0000000000000000        2.0000000000000001E-004   1.6000000000000001E-003  0.64959999999999996       0.34860000000000002     
   50.000000000000000       0.28881427816705191        2.0000000000000001E-004   0.0000000000000000        1.4000000000000000E-003  0.65320000000000000       0.34520000000000001     
   51.000000000000000       0.27725352885440435        2.0000000000000001E-004   0.0000000000000000        1.4000000000000000E-003  0.66239999999999999       0.33600000000000002     
   52.000000000000000       0.26689974313675269        2.0000000000000001E-004   0.0000000000000000        1.4000000000000000E-003  0.66579999999999995       0.33260000000000001     
   53.000000000000000       0.25880728946937215        0.0000000000000000        2.0000000000000001E-004   1.4000000000000000E-003  0.63139999999999996       0.36699999999999999     
   54.000000000000000       0.25073160665023009        0.0000000000000000        2.0000000000000001E-004   1.4000000000000000E-003  0.62700000000000000       0.37140000000000001     
   55.000000000000000       0.24495022761439977        0.0000000000000000        2.0000000000000001E-004   1.4000000000000000E-003  0.60480000000000000       0.39360000000000001     
   56.000000000000000       0.23941752608850925        0.0000000000000000        2.0000000000000001E-004   1.4000000000000000E-003  0.60260000000000002       0.39579999999999999     
   57.000000000000000       0.23503124433821976        0.0000000000000000        2.0000000000000001E-004   1.4000000000000000E-003  0.59299999999999997       0.40539999999999998     
   58.000000000000000       0.23247835841696546        0.0000000000000000        2.0000000000000001E-004   1.4000000000000000E-003  0.59299999999999997       0.40539999999999998     
   59.000000000000000       0.23133365744876633        0.0000000000000000        2.0000000000000001E-004   1.4000000000000000E-003  0.59360000000000002       0.40479999999999999     
   60.000000000000000       0.23102920873036498        0.0000000000000000        2.0000000000000001E-004   1.4000000000000000E-003  0.59379999999999999       0.40460000000000002     
   61.000000000000000       0.23404443298219438        0.0000000000000000        2.0000000000000001E-004   1.4000000000000000E-003  0.59460000000000002       0.40379999999999999     
   62.000000000000000       0.23777463195791068        0.0000000000000000        2.0000000000000001E-004   1.4000000000000000E-003  0.59160000000000001       0.40679999999999999     
   63.000000000000000       0.24327018863694527        0.0000000000000000        2.0000000000000001E-004   1.4000000000000000E-003  0.59279999999999999       0.40560000000000002     
   64.000000000000000       0.25002184245269560        0.0000000000000000        2.0000000000000001E-004   1.4000000000000000E-003  0.59299999999999997       0.40539999999999998     
   65.000000000000000       0.25798946504702913        0.0000000000000000        2.0000000000000001E-004   1.4000000000000000E-003  0.59399999999999997       0.40439999999999998     
   66.000000000000000       0.26728982573333254        0.0000000000000000        2.0000000000000001E-004   1.4000000000000000E-003  0.59260000000000002       0.40579999999999999     
   67.000000000000000       0.27751429038435338        0.0000000000000000        2.0000000000000001E-004   1.4000000000000000E-003  0.59260000000000002       0.40579999999999999     
   68.000000000000000       0.28827976455089810        0.0000000000000000        2.0000000000000001E-004   1.4000000000000000E-003  0.59279999999999999       0.40560000000000002     
   69.000000000000000       0.29932613305402039        0.0000000000000000        2.0000000000000001E-004   1.4000000000000000E-003  0.59179999999999999       0.40660000000000002     
   70.000000000000000       0.31043371456191632        0.0000000000000000        2.0000000000000001E-004   1.4000000000000000E-003  0.59219999999999995       0.40620000000000001     
   71.000000000000000       0.32090767524490416        0.0000000000000000        2.0000000000000001E-004   1.4000000000000000E-003  0.59219999999999995       0.40620000000000001     
   72.000000000000000       0.33082127517868259        0.0000000000000000        2.0000000000000001E-004   1.4000000000000000E-003  0.59219999999999995       0.40620000000000001     
   73.000000000000000       0.33965669910382529        0.0000000000000000        2.0000000000000001E-004   1.4000000000000000E-003  0.59219999999999995       0.40620000000000001     
   74.000000000000000       0.34734004834565502        0.0000000000000000        2.0000000000000001E-004   1.4000000000000000E-003  0.59219999999999995       0.40620000000000001     
   75.000000000000000       0.35347002055040289        0.0000000000000000        2.0000000000000001E-004   1.0000000000000000E-003  0.59060000000000001       0.40820000000000001     
   76.000000000000000       0.35828790329177068        0.0000000000000000        2.0000000000000001E-004   1.0000000000000000E-003  0.58679999999999999       0.41199999999999998     
   77.000000000000000       0.36030412661665223        0.0000000000000000        2.0000000000000001E-004   1.0000000000000000E-003  0.58679999999999999       0.41199999999999998     
   78.000000000000000       0.36096216184236729        0.0000000000000000        2.0000000000000001E-004   1.0000000000000000E-003  0.58379999999999999       0.41499999999999998     
   79.000000000000000       0.35951879068383308        0.0000000000000000        2.0000000000000001E-004   1.0000000000000000E-003  0.58199999999999996       0.41680000000000000     
   80.000000000000000       0.35591309875116678        0.0000000000000000        2.0000000000000001E-004   1.0000000000000000E-003  0.58140000000000003       0.41739999999999999     
   81.000000000000000       0.35051738776038277        0.0000000000000000        2.0000000000000001E-004   1.0000000000000000E-003  0.58099999999999996       0.41780000000000000     
   82.000000000000000       0.34380526669692590        0.0000000000000000        2.0000000000000001E-004   1.0000000000000000E-003  0.58099999999999996       0.41780000000000000     
   83.000000000000000       0.33580675606366256        0.0000000000000000        2.0000000000000001E-004   1.0000000000000000E-003  0.58099999999999996       0.41780000000000000     
   84.000000000000000       0.32733420032970928        0.0000000000000000        2.0000000000000001E-004   1.0000000000000000E-003  0.58099999999999996       0.41780000000000000     
   85.000000000000000       0.31813531527255734        0.0000000000000000        2.0000000000000001E-004   1.0000000000000000E-003  0.58040000000000003       0.41839999999999999     
   86.000000000000000       0.30888097544561643        0.0000000000000000        2.0000000000000001E-004   1.0000000000000000E-003  0.58040000000000003       0.41839999999999999     
   87.000000000000000       0.29882794813074048        0.0000000000000000        2.0000000000000001E-004   1.0000000000000000E-003  0.58040000000000003       0.41839999999999999     
   88.000000000000000       0.28946043349032469        0.0000000000000000        2.0000000000000001E-004   1.0000000000000000E-003  0.57820000000000005       0.42059999999999997     
   89.000000000000000       0.28012473045807784        0.0000000000000000        2.0000000000000001E-004   1.0000000000000000E-003  0.57820000000000005       0.42059999999999997     
   90.000000000000000       0.27014281090750264        2.0000000000000001E-004   0.0000000000000000        1.0000000000000000E-003  0.57840000000000003       0.42040000000000000     
   91.000000000000000       0.26040784865945604        2.0000000000000001E-004   0.0000000000000000        1.0000000000000000E-003  0.57860000000000000       0.42020000000000002     
   92.000000000000000       0.25095057093861839        2.0000000000000001E-004   0.0000000000000000        1.0000000000000000E-003  0.57879999999999998       0.41999999999999998     
   93.000000000000000       0.24183332556985693        0.0000000000000000        2.0000000000000001E-004   1.0000000000000000E-003  0.57879999999999998       0.41999999999999998     
   94.000000000000000       0.23281836868879413        0.0000000000000000        2.0000000000000001E-004   1.0000000000000000E-003  0.57879999999999998       0.41999999999999998     
   95.000000000000000       0.22381178507739796        0.0000000000000000        2.0000000000000001E-004   1.0000000000000000E-003  0.57340000000000002       0.42540000000000000     
   96.000000000000000       0.21591586071252281        0.0000000000000000        2.0000000000000001E-004   1.0000000000000000E-003  0.56920000000000004       0.42959999999999998     
   97.000000000000000       0.21790756143679485        0.0000000000000000        2.0000000000000001E-004   1.0000000000000000E-003  0.56920000000000004       0.42959999999999998     
   98.000000000000000       0.22169376198729562        0.0000000000000000        2.0000000000000001E-004   1.1999999999999999E-003  0.56920000000000004       0.42940000000000000     
   99.000000000000000       0.22125577643638022        0.0000000000000000        2.0000000000000001E-004   1.1999999999999999E-003  0.56920000000000004       0.42940000000000000     
   100.00000000000000       0.21694907949979103        0.0000000000000000        2.0000000000000001E-004   1.1999999999999999E-003  0.56920000000000004       0.42940000000000000     
   101.00000000000000       0.20856307381212710        0.0000000000000000        2.0000000000000001E-004   1.1999999999999999E-003  0.56920000000000004       0.42940000000000000     
   102.00000000000000       0.19673041831912907        0.0000000000000000        2.0000000000000001E-004   1.0000000000000000E-003  0.56859999999999999       0.43020000000000003     
   103.00000000000000       0.19343415055230087        0.0000000000000000        0.0000000000000000        1.0000000000000000E-003  0.56420000000000003       0.43480000000000002     
   104.00000000000000       0.19009411683655839        0.0000000000000000        0.0000000000000000        1.0000000000000000E-003  0.56420000000000003       0.43480000000000002     
   105.00000000000000       0.19248933653376121        0.0000000000000000        0.0000000000000000        8.0000000000000004E-004  0.56020000000000003       0.43900000000000000     
   106.00000000000000       0.19464498072183550        0.0000000000000000        0.0000000000000000        8.0000000000000004E-004  0.55920000000000003       0.44000000000000000     
   107.00000000000000       0.19878095330706924        0.0000000000000000        0.0000000000000000        8.0000000000000004E-004  0.55800000000000005       0.44119999999999998     
   108.00000000000000       0.20370434175120380        0.0000000000000000        0.0000000000000000        8.0000000000000004E-004  0.55800000000000005       0.44119999999999998     
   109.00000000000000       0.21019852274546322        0.0000000000000000        0.0000000000000000        8.0000000000000004E-004  0.55800000000000005       0.44119999999999998     
   110.00000000000000       0.21741433259095688        0.0000000000000000        0.0000000000000000        6.6000000000000000E-003  0.55220000000000002       0.44119999999999998     
   111.00000000000000       0.22627762632976012        0.0000000000000000        0.0000000000000000        9.7999999999999997E-003  0.54859999999999998       0.44159999999999999     
   112.00000000000000       0.23601555630014590        0.0000000000000000        0.0000000000000000        9.5999999999999992E-003  0.54759999999999998       0.44280000000000003     
   113.00000000000000       0.24810971034074480        0.0000000000000000        0.0000000000000000        1.0000000000000000E-002  0.54100000000000004       0.44900000000000001     
   114.00000000000000       0.25924435507931487        0.0000000000000000        0.0000000000000000        1.0200000000000001E-002  0.54079999999999995       0.44900000000000001     
   115.00000000000000       0.27126130574900248        0.0000000000000000        0.0000000000000000        1.0400000000000000E-002  0.53779999999999994       0.45179999999999998     
   116.00000000000000       0.28252138077015160        0.0000000000000000        0.0000000000000000        1.0400000000000000E-002  0.53779999999999994       0.45179999999999998     
   117.00000000000000       0.29360704765491863        0.0000000000000000        0.0000000000000000        1.0400000000000000E-002  0.53779999999999994       0.45179999999999998     
   118.00000000000000       0.30390470238740286        0.0000000000000000        0.0000000000000000        1.0400000000000000E-002  0.53739999999999999       0.45219999999999999     
   119.00000000000000       0.31379175985864971        0.0000000000000000        0.0000000000000000        1.0000000000000000E-002  0.53620000000000001       0.45379999999999998     
   120.00000000000000       0.32231128037911305        0.0000000000000000        0.0000000000000000        1.0000000000000000E-002  0.53620000000000001       0.45379999999999998     
   121.00000000000000       0.33086579248995363        0.0000000000000000        0.0000000000000000        1.0000000000000000E-002  0.53420000000000001       0.45579999999999998     
   122.00000000000000       0.33732834781889276        0.0000000000000000        0.0000000000000000        9.7999999999999997E-003  0.53420000000000001       0.45600000000000002     
   123.00000000000000       0.34316529290263520        0.0000000000000000        0.0000000000000000        9.7999999999999997E-003  0.53420000000000001       0.45600000000000002     
   124.00000000000000       0.34833265414094217        0.0000000000000000        0.0000000000000000        9.7999999999999997E-003  0.53420000000000001       0.45600000000000002     
   125.00000000000000       0.35201076404188636        0.0000000000000000        0.0000000000000000        9.7999999999999997E-003  0.53259999999999996       0.45760000000000001     
   126.00000000000000       0.35497950289469216        0.0000000000000000        0.0000000000000000        9.5999999999999992E-003  0.52659999999999996       0.46379999999999999     
   127.00000000000000       0.35705734876104767        0.0000000000000000        0.0000000000000000        9.5999999999999992E-003  0.51700000000000002       0.47339999999999999     
   128.00000000000000       0.35306043730922598        0.0000000000000000        0.0000000000000000        9.5999999999999992E-003  0.68640000000000001       0.30399999999999999     
   129.00000000000000       0.35429208479289254        0.0000000000000000        0.0000000000000000        9.5999999999999992E-003  0.68640000000000001       0.30399999999999999     
   130.00000000000000       0.35141366554118969        0.0000000000000000        0.0000000000000000        9.5999999999999992E-003  0.70520000000000005       0.28520000000000001     
   131.00000000000000       0.34625914577688360        0.0000000000000000        0.0000000000000000        9.5999999999999992E-003  0.69340000000000002       0.29699999999999999     
   132.00000000000000       0.33962084893604794        0.0000000000000000        0.0000000000000000        9.5999999999999992E-003  0.69560000000000000       0.29480000000000001     
   133.00000000000000       0.33271474765145342        0.0000000000000000        0.0000000000000000        9.5999999999999992E-003  0.69699999999999995       0.29339999999999999     
   134.00000000000000       0.32511305009669245        0.0000000000000000        0.0000000000000000        9.5999999999999992E-003  0.69540000000000002       0.29499999999999998     
   135.00000000000000       0.31683283309008997        0.0000000000000000        0.0000000000000000        9.5999999999999992E-003  0.69440000000000002       0.29599999999999999     
   136.00000000000000       0.30784504033798421        0.0000000000000000        0.0000000000000000        9.5999999999999992E-003  0.69460000000000000       0.29580000000000001     
   137.00000000000000       0.29841549895183350        0.0000000000000000        0.0000000000000000        9.5999999999999992E-003  0.69379999999999997       0.29659999999999997     
   138.00000000000000       0.28820250454091562        0.0000000000000000        0.0000000000000000        9.5999999999999992E-003  0.69199999999999995       0.29840000000000000     
   139.00000000000000       0.27686693040359606        0.0000000000000000        0.0000000000000000        9.5999999999999992E-003  0.69199999999999995       0.29840000000000000     
   140.00000000000000       0.26564572349789928        0.0000000000000000        0.0000000000000000        9.5999999999999992E-003  0.68879999999999997       0.30159999999999998     
   141.00000000000000       0.25354992804403337        0.0000000000000000        0.0000000000000000        9.5999999999999992E-003  0.68899999999999995       0.30140000000000000     
   142.00000000000000       0.24087529585022749        0.0000000000000000        0.0000000000000000        9.5999999999999992E-003  0.68899999999999995       0.30140000000000000     
   143.00000000000000       0.22930745403041353        0.0000000000000000        0.0000000000000000        8.9999999999999993E-003  0.68600000000000005       0.30499999999999999     
   144.00000000000000       0.21686299746733009        0.0000000000000000        0.0000000000000000        8.8000000000000005E-003  0.68640000000000001       0.30480000000000002     
   145.00000000000000       0.20478606270079674        0.0000000000000000        0.0000000000000000        8.8000000000000005E-003  0.68640000000000001       0.30480000000000002     
   146.00000000000000       0.19358911452891034        0.0000000000000000        0.0000000000000000        8.8000000000000005E-003  0.68359999999999999       0.30759999999999998     
   147.00000000000000       0.18234214853095287        0.0000000000000000        0.0000000000000000        8.8000000000000005E-003  0.68320000000000003       0.30800000000000000     
   148.00000000000000       0.17179453993721508        0.0000000000000000        0.0000000000000000        8.8000000000000005E-003  0.68320000000000003       0.30800000000000000     
   149.00000000000000       0.16171435912317414        0.0000000000000000        0.0000000000000000        8.9999999999999993E-003  0.68300000000000005       0.30800000000000000     
   150.00000000000000       0.15202904886318436        0.0000000000000000        0.0000000000000000        9.4000000000000004E-003  0.68259999999999998       0.30800000000000000     
   151.00000000000000       0.14378132607388175        0.0000000000000000        0.0000000000000000        9.1999999999999998E-003  0.68279999999999996       0.30800000000000000     
   152.00000000000000       0.13629068152612941        0.0000000000000000        0.0000000000000000        1.0000000000000000E-002  0.68200000000000005       0.30800000000000000     
   153.00000000000000       0.12990780791479117        0.0000000000000000        0.0000000000000000        1.1800000000000000E-002  0.68020000000000003       0.30800000000000000     
   154.00000000000000       0.12444397948128708        0.0000000000000000        0.0000000000000000        1.4400000000000000E-002  0.67740000000000000       0.30819999999999997     
   155.00000000000000       0.11946753076890421        0.0000000000000000        0.0000000000000000        1.4200000000000001E-002  0.67759999999999998       0.30819999999999997     
   156.00000000000000       0.11610512099342235        0.0000000000000000        0.0000000000000000        1.3599999999999999E-002  0.67820000000000003       0.30819999999999997     
   157.00000000000000       0.11188350948740813        0.0000000000000000        2.0000000000000001E-004   1.3599999999999999E-002  0.67800000000000005       0.30819999999999997     
   158.00000000000000       0.11062731095299459        0.0000000000000000        8.0000000000000004E-004   1.3599999999999999E-002  0.67579999999999996       0.30980000000000002     
   159.00000000000000       0.10899827072350959        0.0000000000000000        8.0000000000000004E-004   0.0000000000000000       0.68899999999999995       0.31019999999999998     
   160.00000000000000       0.10707358223618575        0.0000000000000000        8.0000000000000004E-004   0.0000000000000000       0.68899999999999995       0.31019999999999998     
   161.00000000000000       0.12040638377098360        0.0000000000000000        8.0000000000000004E-004   0.0000000000000000       0.68899999999999995       0.31019999999999998     
   162.00000000000000       0.13140709709846515        0.0000000000000000        8.0000000000000004E-004   0.0000000000000000       0.68899999999999995       0.31019999999999998     
   163.00000000000000       0.13722562699126542        0.0000000000000000        8.0000000000000004E-004   0.0000000000000000       0.68899999999999995       0.31019999999999998     
   164.00000000000000       0.13881401740420649        0.0000000000000000        8.0000000000000004E-004   0.0000000000000000       0.68899999999999995       0.31019999999999998     
   165.00000000000000       0.13464296911827583        0.0000000000000000        8.0000000000000004E-004   0.0000000000000000       0.68899999999999995       0.31019999999999998     
   166.00000000000000       0.12720458714945559        0.0000000000000000        8.0000000000000004E-004   0.0000000000000000       0.68899999999999995       0.31019999999999998     
   167.00000000000000       0.11399768336759408        0.0000000000000000        8.0000000000000004E-004   8.0799999999999997E-002  0.60819999999999996       0.31019999999999998     
   168.00000000000000       0.11043481496879579        0.0000000000000000        8.0000000000000004E-004   8.0799999999999997E-002  0.60840000000000005       0.31000000000000000     
   169.00000000000000       0.11445895408387444        0.0000000000000000        8.0000000000000004E-004   8.0799999999999997E-002  0.60660000000000003       0.31180000000000002     
   170.00000000000000       0.11994331425050384        0.0000000000000000        8.0000000000000004E-004   8.0799999999999997E-002  0.60660000000000003       0.31180000000000002     
   171.00000000000000       0.12924860037830133        2.0000000000000000E-003   2.9999999999999999E-002   4.4800000000000000E-002  0.60640000000000005       0.31680000000000003     
   172.00000000000000       0.14140929879568190        1.6600000000000000E-002   1.9400000000000001E-002   3.7199999999999997E-002  0.61160000000000003       0.31519999999999998     
   173.00000000000000       0.15923548462237119        1.6600000000000000E-002   1.8599999999999998E-002   3.4599999999999999E-002  0.60760000000000003       0.32260000000000000     
   174.00000000000000       0.17852443070703944        1.6000000000000000E-002   1.7600000000000001E-002   3.5799999999999998E-002  0.58960000000000001       0.34100000000000003     
   175.00000000000000       0.19954551040498186        1.5200000000000000E-002   1.8200000000000001E-002   3.5000000000000003E-002  0.56720000000000004       0.36440000000000000     
   176.00000000000000       0.22013453343545783        1.4800000000000001E-002   1.7200000000000000E-002   3.5000000000000003E-002  0.55279999999999996       0.38019999999999998     
   177.00000000000000       0.24302627886309172        1.4800000000000001E-002   1.7200000000000000E-002   3.5000000000000003E-002  0.51459999999999995       0.41839999999999999     
   178.00000000000000       0.26272581668228817        1.4800000000000001E-002   1.7200000000000000E-002   3.5000000000000003E-002  0.51600000000000001       0.41699999999999998     
   179.00000000000000       0.28428618472687572        1.4200000000000001E-002   1.7399999999999999E-002   3.3599999999999998E-002  0.51739999999999997       0.41739999999999999     
   180.00000000000000       0.30562161496044005        1.3599999999999999E-002   1.7399999999999999E-002   3.2399999999999998E-002  0.51739999999999997       0.41920000000000002     
   181.00000000000000       0.32551267180855420        1.4200000000000001E-002   1.6600000000000000E-002   3.2399999999999998E-002  0.51739999999999997       0.41940000000000000     
   182.00000000000000       0.34489773932059281        1.3599999999999999E-002   1.7000000000000001E-002   3.1199999999999999E-002  0.51880000000000004       0.41940000000000000     
   183.00000000000000       0.36191928847680083        1.3200000000000000E-002   1.7399999999999999E-002   3.1199999999999999E-002  0.51859999999999995       0.41959999999999997     
   184.00000000000000       0.37751114401169211        1.3200000000000000E-002   1.6799999999999999E-002   3.0599999999999999E-002  0.51959999999999995       0.41980000000000001     
   185.00000000000000       0.39071099164414669        1.2800000000000001E-002   1.6199999999999999E-002   3.0800000000000001E-002  0.52000000000000002       0.42020000000000002     
   186.00000000000000       0.40234569842218548        1.2800000000000001E-002   1.6199999999999999E-002   3.0599999999999999E-002  0.51400000000000001       0.42640000000000000     
   187.00000000000000       0.40947133211575826        1.2800000000000001E-002   1.6199999999999999E-002   3.0400000000000000E-002  0.51419999999999999       0.42640000000000000     
   188.00000000000000       0.41601977160882214        1.2800000000000001E-002   1.6199999999999999E-002   3.0400000000000000E-002  0.50819999999999999       0.43240000000000001     
   189.00000000000000       0.42157602386380721        1.2800000000000001E-002   1.4999999999999999E-002   2.8400000000000002E-002  0.50239999999999996       0.44140000000000001     
   190.00000000000000       0.42294403274773146        1.2800000000000001E-002   1.3200000000000000E-002   2.5800000000000000E-002  0.50680000000000003       0.44140000000000001     
   191.00000000000000       0.42087308939148477        7.0000000000000001E-003   1.9000000000000000E-002   2.3000000000000000E-002  0.50900000000000001       0.44200000000000000     
   192.00000000000000       0.41665732457087201        6.1999999999999998E-003   1.9000000000000000E-002   2.3000000000000000E-002  0.50980000000000003       0.44200000000000000     
   193.00000000000000       0.41018287609575588        6.0000000000000001E-003   1.9000000000000000E-002   2.2800000000000001E-002  0.50780000000000003       0.44440000000000002     
   194.00000000000000       0.40196735345101808        6.0000000000000001E-003   1.9000000000000000E-002   2.2800000000000001E-002  0.50780000000000003       0.44440000000000002     
   195.00000000000000       0.39047169164968226        6.0000000000000001E-003   1.9000000000000000E-002   2.2800000000000001E-002  0.50780000000000003       0.44440000000000002     
   196.00000000000000       0.37828471373547756        6.0000000000000001E-003   3.3599999999999998E-002   8.0000000000000002E-003  0.50639999999999996       0.44600000000000001     
   197.00000000000000       0.36526854372533635        6.0000000000000001E-003   3.3399999999999999E-002   8.0000000000000002E-003  0.50219999999999998       0.45040000000000002     
   198.00000000000000       0.34907887665340259        6.0000000000000001E-003   3.3200000000000000E-002   8.0000000000000002E-003  0.50219999999999998       0.45060000000000000     
   199.00000000000000       0.33118318447260453        6.0000000000000001E-003   3.2199999999999999E-002   8.0000000000000002E-003  0.50239999999999996       0.45140000000000002     
   200.00000000000000       0.31160635477327170        6.0000000000000001E-003   3.3000000000000002E-002   7.0000000000000001E-003  0.50239999999999996       0.45160000000000000     
   201.00000000000000       0.29249472579343516        6.0000000000000001E-003   3.3000000000000002E-002   7.0000000000000001E-003  0.50200000000000000       0.45200000000000001     
   202.00000000000000       0.27253336671450240        6.0000000000000001E-003   3.3000000000000002E-002   8.3999999999999995E-003  0.49940000000000001       0.45319999999999999     
   203.00000000000000       0.25309146808429517        6.0000000000000001E-003   3.3000000000000002E-002   7.1999999999999998E-003  0.49740000000000001       0.45639999999999997     
   204.00000000000000       0.23583513875335535        6.0000000000000001E-003   3.3000000000000002E-002   8.0000000000000002E-003  0.49659999999999999       0.45639999999999997     
   205.00000000000000       0.22074762418036709        6.0000000000000001E-003   3.3000000000000002E-002   5.5999999999999999E-003  0.49900000000000000       0.45639999999999997     
   206.00000000000000       0.20870953949335855        5.5999999999999999E-003   3.2599999999999997E-002   5.7999999999999996E-003  0.49919999999999998       0.45679999999999998     
   207.00000000000000       0.20102838150229008        5.5999999999999999E-003   3.0200000000000001E-002   5.4000000000000003E-003  0.50160000000000005       0.45720000000000000     
   208.00000000000000       0.19688575848265122        5.5999999999999999E-003   2.9999999999999999E-002   5.0000000000000001E-003  0.49840000000000001       0.46100000000000002     
   209.00000000000000       0.19498265060997341        5.5999999999999999E-003   2.8000000000000001E-002   5.5999999999999999E-003  0.49940000000000001       0.46139999999999998     
   210.00000000000000       0.19576443562002163        5.4000000000000003E-003   2.7799999999999998E-002   5.1999999999999998E-003  0.49959999999999999       0.46200000000000002     
   211.00000000000000       0.19929661313119884        5.1999999999999998E-003   2.8000000000000001E-002   4.7999999999999996E-003  0.49919999999999998       0.46279999999999999     
   212.00000000000000       0.20518654169336448        5.1999999999999998E-003   3.0599999999999999E-002   2.2000000000000001E-003  0.49580000000000002       0.46620000000000000     
   213.00000000000000       0.21279620016989492        5.1999999999999998E-003   2.9600000000000001E-002   1.6000000000000001E-003  0.49659999999999999       0.46700000000000003     
   214.00000000000000       0.22140220214725442        5.1999999999999998E-003   2.8600000000000000E-002   1.1999999999999999E-003  0.49819999999999998       0.46679999999999999     
   215.00000000000000       0.23254085274514402        5.1999999999999998E-003   2.8400000000000002E-002   1.1999999999999999E-003  0.48480000000000001       0.48039999999999999     
   216.00000000000000       0.24284839319208840        4.7999999999999996E-003   2.8400000000000002E-002   1.1999999999999999E-003  0.48520000000000002       0.48039999999999999     
