#        BMIN =   404
#        BMAX =   408
#     INIBAND =   406
#      NBANDS =   540
#         NSW =  2000
#       POTIM =   1.0
#        TEMP = 300.0
#    NAMDTINI =   512
#    NAMDTIME =  1000
#       NTRAJ =  5000
#        NELM =  1000
#       LHOLE =     T
#        LSHP =     T
#      LCPTXT =     T
#      RUNDIR = ../../run/
   1.0000000000000000       0.18308186420485595        0.0000000000000000        0.0000000000000000        1.0000000000000000        0.0000000000000000        0.0000000000000000     
   2.0000000000000000       0.19644640242748843        0.0000000000000000        0.0000000000000000       0.99860000000000004        8.0000000000000004E-004   5.9999999999999995E-004
   3.0000000000000000       0.20666863033154129        0.0000000000000000        0.0000000000000000       0.99860000000000004        8.0000000000000004E-004   5.9999999999999995E-004
   4.0000000000000000       0.21444422942196739        0.0000000000000000        0.0000000000000000       0.99839999999999995        8.0000000000000004E-004   8.0000000000000004E-004
   5.0000000000000000       0.21986453958107419        0.0000000000000000        0.0000000000000000       0.99839999999999995        8.0000000000000004E-004   8.0000000000000004E-004
   6.0000000000000000       0.22265734276248503        0.0000000000000000        0.0000000000000000       0.99819999999999998        1.0000000000000000E-003   8.0000000000000004E-004
   7.0000000000000000       0.22370107583142049        0.0000000000000000        0.0000000000000000       0.99800000000000000        1.0000000000000000E-003   1.0000000000000000E-003
   8.0000000000000000       0.22317339795847160        0.0000000000000000        0.0000000000000000       0.99800000000000000        1.0000000000000000E-003   1.0000000000000000E-003
   9.0000000000000000       0.22297638980327888        0.0000000000000000        2.0000000000000001E-004  0.99760000000000004        1.0000000000000000E-003   1.1999999999999999E-003
   10.000000000000000       0.22640951304551710        0.0000000000000000        0.0000000000000000       0.99780000000000002        1.0000000000000000E-003   1.1999999999999999E-003
   11.000000000000000       0.23663201074706092        0.0000000000000000        0.0000000000000000       0.99780000000000002        1.0000000000000000E-003   1.1999999999999999E-003
   12.000000000000000       0.25027142317793805        0.0000000000000000        0.0000000000000000       0.99780000000000002        1.0000000000000000E-003   1.1999999999999999E-003
   13.000000000000000       0.26459445507373969        0.0000000000000000        0.0000000000000000       0.99760000000000004        1.0000000000000000E-003   1.4000000000000000E-003
   14.000000000000000       0.27735960661165587        0.0000000000000000        0.0000000000000000       0.99739999999999995        1.1999999999999999E-003   1.4000000000000000E-003
   15.000000000000000       0.28687157023239918        0.0000000000000000        0.0000000000000000       0.99680000000000002        1.6000000000000001E-003   1.6000000000000001E-003
   16.000000000000000       0.29357651792048506        0.0000000000000000        0.0000000000000000       0.99019999999999997        7.6000000000000000E-003   2.2000000000000001E-003
   17.000000000000000       0.29554516482483045        0.0000000000000000        0.0000000000000000       0.99019999999999997        7.6000000000000000E-003   2.2000000000000001E-003
   18.000000000000000       0.29442923784713843        0.0000000000000000        0.0000000000000000       0.98719999999999997        1.0600000000000000E-002   2.2000000000000001E-003
   19.000000000000000       0.28720981008256452        0.0000000000000000        0.0000000000000000       0.97940000000000005        1.8200000000000001E-002   2.3999999999999998E-003
   20.000000000000000       0.27773769827593187        0.0000000000000000        0.0000000000000000       0.97899999999999998        1.7999999999999999E-002   3.0000000000000001E-003
   21.000000000000000       0.26504491268606184        0.0000000000000000        0.0000000000000000       0.97860000000000003        1.8400000000000000E-002   3.0000000000000001E-003
   22.000000000000000       0.25041559062437097        0.0000000000000000        0.0000000000000000       0.97840000000000005        1.8599999999999998E-002   3.0000000000000001E-003
   23.000000000000000       0.23387201322238058        0.0000000000000000        0.0000000000000000       0.97760000000000002        1.9400000000000001E-002   3.0000000000000001E-003
   24.000000000000000       0.21526582952492979        0.0000000000000000        0.0000000000000000       0.97740000000000005        1.9400000000000001E-002   3.2000000000000002E-003
   25.000000000000000       0.19524500800584063        0.0000000000000000        0.0000000000000000       0.97740000000000005        1.9400000000000001E-002   3.2000000000000002E-003
   26.000000000000000       0.16959074057625975        0.0000000000000000        9.3799999999999994E-002  0.88339999999999996        1.9599999999999999E-002   3.2000000000000002E-003
   27.000000000000000       0.15703957381604830        0.0000000000000000        9.3799999999999994E-002  0.88339999999999996        1.9599999999999999E-002   3.2000000000000002E-003
   28.000000000000000       0.17602263533103560        0.0000000000000000        9.3799999999999994E-002  0.88339999999999996        1.9599999999999999E-002   3.2000000000000002E-003
   29.000000000000000       0.18905629452822048        0.0000000000000000        9.3600000000000003E-002  0.88339999999999996        1.9800000000000002E-002   3.2000000000000002E-003
   30.000000000000000       0.19500773727827381        0.0000000000000000        9.3399999999999997E-002  0.88339999999999996        1.9800000000000002E-002   3.3999999999999998E-003
   31.000000000000000       0.19369603322676396        0.0000000000000000        9.2799999999999994E-002  0.88339999999999996        2.0400000000000001E-002   3.3999999999999998E-003
   32.000000000000000       0.18323313694709722        0.0000000000000000        9.2799999999999994E-002  0.88339999999999996        2.0000000000000000E-002   3.8000000000000000E-003
   33.000000000000000       0.16541195917995433        0.0000000000000000        9.2600000000000002E-002  0.88339999999999996        2.0600000000000000E-002   3.3999999999999998E-003
   34.000000000000000       0.14038742606100502        0.0000000000000000        9.2600000000000002E-002  0.88339999999999996        1.9800000000000002E-002   4.1999999999999997E-003
   35.000000000000000       0.11013118368289343        0.0000000000000000        9.2399999999999996E-002  0.88339999999999996        1.9800000000000002E-002   4.4000000000000003E-003
   36.000000000000000        7.3328434415954921E-002   0.0000000000000000        9.2200000000000004E-002  0.88339999999999996        1.9800000000000002E-002   4.5999999999999999E-003
   37.000000000000000        2.9924887400275667E-002   0.0000000000000000        9.2200000000000004E-002  0.88339999999999996        1.9800000000000002E-002   4.5999999999999999E-003
   38.000000000000000       -1.5666880857456555E-002   0.0000000000000000        9.1999999999999998E-002  0.88339999999999996        2.0000000000000000E-002   4.5999999999999999E-003
   39.000000000000000       -6.4073508376031013E-002   0.0000000000000000        9.1999999999999998E-002  0.88339999999999996        2.0000000000000000E-002   4.5999999999999999E-003
   40.000000000000000      -0.11208785920516588        0.0000000000000000        0.0000000000000000       0.97540000000000004        2.0000000000000000E-002   4.5999999999999999E-003
   41.000000000000000      -0.13645868299634162        2.0000000000000001E-004   0.0000000000000000       0.97460000000000002        2.0600000000000000E-002   4.5999999999999999E-003
   42.000000000000000      -0.15011756043023794        2.0000000000000001E-004  0.19400000000000001       0.77839999999999998        2.2400000000000000E-002   5.0000000000000001E-003
   43.000000000000000      -0.14736025128306776        2.0000000000000001E-004  0.17760000000000001       0.79459999999999997        2.2400000000000000E-002   5.1999999999999998E-003
   44.000000000000000      -0.13724994708579441        2.0000000000000001E-004  0.17899999999999999       0.79220000000000002        2.3000000000000000E-002   5.5999999999999999E-003
   45.000000000000000      -0.12518378490433155        2.0000000000000001E-004  0.17899999999999999       0.79079999999999995        2.3199999999999998E-002   6.7999999999999996E-003
   46.000000000000000      -0.11259524495353752        2.0000000000000001E-004  0.17960000000000001       0.78959999999999997        2.3199999999999998E-002   7.4000000000000003E-003
   47.000000000000000      -0.10302044900613021        2.0000000000000001E-004  0.17720000000000000       0.78680000000000005        2.8000000000000001E-002   7.7999999999999996E-003
   48.000000000000000       -8.6202286060263228E-002   2.0000000000000001E-004  0.17699999999999999       0.78500000000000003        2.9999999999999999E-002   7.7999999999999996E-003
   49.000000000000000       -7.1211060049119923E-002   2.0000000000000001E-004  0.17699999999999999       0.78020000000000000        3.4799999999999998E-002   7.7999999999999996E-003
   50.000000000000000       -5.9722248819693506E-002   2.0000000000000001E-004  0.17460000000000001       0.77659999999999996        4.0599999999999997E-002   8.0000000000000002E-003
   51.000000000000000       -4.9183543900026883E-002   2.0000000000000001E-004  0.17440000000000000       0.77120000000000000        4.6199999999999998E-002   8.0000000000000002E-003
   52.000000000000000       -3.9552256224184984E-002   2.0000000000000001E-004  0.17419999999999999       0.77100000000000002        4.6199999999999998E-002   8.3999999999999995E-003
   53.000000000000000       -3.1247290723064865E-002   2.0000000000000001E-004  0.17419999999999999       0.76819999999999999        4.8399999999999999E-002   8.9999999999999993E-003
   54.000000000000000       -2.4712363431518267E-002   2.0000000000000001E-004  0.17419999999999999       0.76080000000000003        5.5800000000000002E-002   8.9999999999999993E-003
   55.000000000000000       -2.0461138296015525E-002   0.0000000000000000       0.17399999999999999       0.76160000000000005        5.5199999999999999E-002   9.1999999999999998E-003
   56.000000000000000       -1.8428337663799078E-002   1.0000000000000000E-003  0.17260000000000000       0.76200000000000001        5.5199999999999999E-002   9.1999999999999998E-003
   57.000000000000000       -1.1444979012236785E-002   1.0000000000000000E-003  0.17260000000000000       0.76180000000000003        5.5399999999999998E-002   9.1999999999999998E-003
   58.000000000000000       -4.1062025613665624E-003   1.0000000000000000E-003  0.17260000000000000       0.76039999999999996        5.5599999999999997E-002   1.0400000000000000E-002
   59.000000000000000        9.8742033261315634E-004   1.0000000000000000E-003  0.17260000000000000       0.76039999999999996        5.5199999999999999E-002   1.0800000000000001E-002
   60.000000000000000        4.5791729887439230E-003   1.0000000000000000E-003  0.16239999999999999       0.77059999999999995        5.4600000000000003E-002   1.1400000000000000E-002
   61.000000000000000        1.9169787706804633E-002   1.0000000000000000E-003  0.16239999999999999       0.77059999999999995        5.4600000000000003E-002   1.1400000000000000E-002
   62.000000000000000        4.5359870247984720E-002   1.0000000000000000E-003  0.16239999999999999       0.77059999999999995        5.4600000000000003E-002   1.1400000000000000E-002
   63.000000000000000        6.6536268748731378E-002   1.0000000000000000E-003  0.16220000000000001       0.77059999999999995        5.4600000000000003E-002   1.1599999999999999E-002
   64.000000000000000        8.3192889289038230E-002   1.0000000000000000E-003  0.16159999999999999       0.77059999999999995        5.4600000000000003E-002   1.2200000000000001E-002
   65.000000000000000        9.3905717657860641E-002   1.0000000000000000E-003  0.16120000000000001       0.77059999999999995        5.1799999999999999E-002   1.5400000000000000E-002
   66.000000000000000        9.8251753656483878E-002   2.5600000000000001E-002  0.13619999999999999       0.77059999999999995        5.2200000000000003E-002   1.5400000000000000E-002
   67.000000000000000        9.7894523662032371E-002   2.5399999999999999E-002  0.13560000000000000       0.77120000000000000        5.1999999999999998E-002   1.5800000000000002E-002
   68.000000000000000        9.2379805206187826E-002   2.5399999999999999E-002  0.13439999999999999       0.77239999999999998        5.1999999999999998E-002   1.5800000000000002E-002
   69.000000000000000        7.9981591902801935E-002   2.5000000000000001E-002  0.13360000000000000       0.77359999999999995        5.1999999999999998E-002   1.5800000000000002E-002
   70.000000000000000        6.1192964303931979E-002   2.4400000000000002E-002  0.13400000000000001       0.77359999999999995        5.1999999999999998E-002   1.6000000000000000E-002
   71.000000000000000        3.6272614102535683E-002   9.1600000000000001E-002   6.5400000000000000E-002  0.77439999999999998        5.2200000000000003E-002   1.6400000000000001E-002
   72.000000000000000        8.0547472693927123E-003   9.0200000000000002E-002   6.6799999999999998E-002  0.77439999999999998        5.2200000000000003E-002   1.6400000000000001E-002
   73.000000000000000       -2.2352292966076978E-002  0.15620000000000001        0.0000000000000000       0.77439999999999998        5.2400000000000002E-002   1.7000000000000001E-002
   74.000000000000000       -5.4718831588988694E-002  0.15559999999999999        9.7999999999999997E-003  0.76519999999999999        5.2400000000000002E-002   1.7000000000000001E-002
   75.000000000000000       -6.8628965013403737E-002  0.14480000000000001        2.0400000000000001E-002  0.76519999999999999        5.1999999999999998E-002   1.7600000000000001E-002
   76.000000000000000       -5.4852700739066992E-002  0.14480000000000001        1.8200000000000001E-002  0.76680000000000004        5.2600000000000001E-002   1.7600000000000001E-002
   77.000000000000000       -4.1977136894924195E-002  0.14260000000000000        1.8400000000000000E-002  0.76859999999999995        5.1799999999999999E-002   1.8599999999999998E-002
   78.000000000000000       -2.2898497959215641E-002  0.13059999999999999        3.0400000000000000E-002  0.76859999999999995        5.1400000000000001E-002   1.9000000000000000E-002
   79.000000000000000       -1.7817022573151627E-003  0.13039999999999999        3.0800000000000001E-002  0.76819999999999999        5.1600000000000000E-002   1.9000000000000000E-002
   80.000000000000000        1.9525294560504391E-002  0.12659999999999999        3.3799999999999997E-002  0.76919999999999999        5.1200000000000002E-002   1.9199999999999998E-002
   81.000000000000000        4.2324520327326157E-002  0.12559999999999999        3.3799999999999997E-002  0.76400000000000001        5.7400000000000000E-002   1.9199999999999998E-002
   82.000000000000000        6.5648577735149191E-002  0.11899999999999999        3.6200000000000003E-002  0.76759999999999995        5.7799999999999997E-002   1.9400000000000001E-002
   83.000000000000000        8.7705157631438019E-002  0.11840000000000001        3.6600000000000001E-002  0.76759999999999995        5.7400000000000000E-002   2.0000000000000000E-002
   84.000000000000000       0.10863257672137382       0.11820000000000000        3.6600000000000001E-002  0.76780000000000004        5.5399999999999998E-002   2.1999999999999999E-002
   85.000000000000000       0.12932488600135808       0.11620000000000000        3.5999999999999997E-002  0.76919999999999999        5.6399999999999999E-002   2.2200000000000001E-002
   86.000000000000000       0.14933662016712879       0.10920000000000001        4.2999999999999997E-002  0.76939999999999997        5.6200000000000000E-002   2.2200000000000001E-002
   87.000000000000000       0.16806800215839007       0.10539999999999999        4.6800000000000001E-002  0.76800000000000002        5.7599999999999998E-002   2.2200000000000001E-002
   88.000000000000000       0.18555273119252749       0.10340000000000001        4.6600000000000003E-002  0.77020000000000000        5.7599999999999998E-002   2.2200000000000001E-002
   89.000000000000000       0.20130065306095352       0.10320000000000000        4.6800000000000001E-002  0.77020000000000000        5.7599999999999998E-002   2.2200000000000001E-002
   90.000000000000000       0.21595915361594359       0.10299999999999999        4.6399999999999997E-002  0.77059999999999995        5.7799999999999997E-002   2.2200000000000001E-002
   91.000000000000000       0.22973679449621670       0.10040000000000000        4.7199999999999999E-002  0.77239999999999998        5.7599999999999998E-002   2.2400000000000000E-002
   92.000000000000000       0.24241038245866373        9.5200000000000007E-002   4.9599999999999998E-002  0.77459999999999996        5.8200000000000002E-002   2.2400000000000000E-002
   93.000000000000000       0.25309796172202570        9.5200000000000007E-002   4.9599999999999998E-002  0.77400000000000002        5.8799999999999998E-002   2.2400000000000000E-002
   94.000000000000000       0.26230318919039575        9.5200000000000007E-002   4.8599999999999997E-002  0.77359999999999995        6.0199999999999997E-002   2.2400000000000000E-002
   95.000000000000000       0.26971653915115956        9.5000000000000001E-002   4.7000000000000000E-002  0.77539999999999998        6.0199999999999997E-002   2.2400000000000000E-002
   96.000000000000000       0.27567500668600731        9.5000000000000001E-002   4.6800000000000001E-002  0.77559999999999996        6.0199999999999997E-002   2.2400000000000000E-002
   97.000000000000000       0.28025383971272289        9.4000000000000000E-002   4.6800000000000001E-002  0.77380000000000004        6.3000000000000000E-002   2.2400000000000000E-002
   98.000000000000000       0.28362353270395774        9.4000000000000000E-002   4.6800000000000001E-002  0.77120000000000000        6.4600000000000005E-002   2.3400000000000001E-002
   99.000000000000000       0.28482050316774976        9.4000000000000000E-002   4.6800000000000001E-002  0.76880000000000004        6.7000000000000004E-002   2.3400000000000001E-002
   100.00000000000000       0.28319658279454907        9.4000000000000000E-002   4.6800000000000001E-002  0.76619999999999999        6.9599999999999995E-002   2.3400000000000001E-002
   101.00000000000000       0.27944725841433482        9.4000000000000000E-002   4.6600000000000003E-002  0.76319999999999999        7.1999999999999995E-002   2.4199999999999999E-002
   102.00000000000000       0.27274186206055967        9.3600000000000003E-002   4.5199999999999997E-002  0.76519999999999999        7.1800000000000003E-002   2.4199999999999999E-002
   103.00000000000000       0.26453644872736487        9.2799999999999994E-002   4.3999999999999997E-002  0.76700000000000002        7.1999999999999995E-002   2.4199999999999999E-002
   104.00000000000000       0.25512670150831424        9.1999999999999998E-002   4.1000000000000002E-002  0.77039999999999997        7.1999999999999995E-002   2.4600000000000000E-002
   105.00000000000000       0.24429832308456823        8.8599999999999998E-002   4.2799999999999998E-002  0.76939999999999997        7.2200000000000000E-002   2.7000000000000000E-002
   106.00000000000000       0.23085081879767688        8.5400000000000004E-002   4.4400000000000002E-002  0.76980000000000004        7.3400000000000007E-002   2.7000000000000000E-002
   107.00000000000000       0.21711170608727601        7.8799999999999995E-002   4.6600000000000003E-002  0.77380000000000004        7.3800000000000004E-002   2.7000000000000000E-002
   108.00000000000000       0.20079607105922317        7.7799999999999994E-002   4.5400000000000003E-002  0.77539999999999998        7.3999999999999996E-002   2.7400000000000001E-002
   109.00000000000000       0.18529322744166696        6.9599999999999995E-002   5.3600000000000002E-002  0.77020000000000000        7.9000000000000001E-002   2.7600000000000000E-002
   110.00000000000000       0.16742055555557306        6.4199999999999993E-002   5.8999999999999997E-002  0.76959999999999995        8.0000000000000002E-002   2.7199999999999998E-002
   111.00000000000000       0.14955211999177953        5.9999999999999998E-002   6.0800000000000000E-002  0.77200000000000002        8.0399999999999999E-002   2.6800000000000001E-002
   112.00000000000000       0.13858116994241521        6.0199999999999997E-002   9.0800000000000006E-002  0.74160000000000004        8.0600000000000005E-002   2.6800000000000001E-002
   113.00000000000000       0.13615639403617882        5.5599999999999997E-002   9.2399999999999996E-002  0.74360000000000004        8.1199999999999994E-002   2.7199999999999998E-002
   114.00000000000000       0.13585744760961943        4.6600000000000003E-002   8.8400000000000006E-002  0.75539999999999996        7.9000000000000001E-002   3.0599999999999999E-002
   115.00000000000000       0.13468781949248124        3.5799999999999998E-002   9.7799999999999998E-002  0.75080000000000002        8.5000000000000006E-002   3.0599999999999999E-002
   116.00000000000000       0.13078110877331262        3.5000000000000003E-002   9.8400000000000001E-002  0.74160000000000004        9.6799999999999997E-002   2.8199999999999999E-002
   117.00000000000000       0.12224386225377172        3.6799999999999999E-002   9.4200000000000006E-002  0.74360000000000004        9.0999999999999998E-002   3.4400000000000000E-002
   118.00000000000000       0.11312963392429573        3.1399999999999997E-002   9.7600000000000006E-002  0.73619999999999997        8.7800000000000003E-002   4.7000000000000000E-002
   119.00000000000000        9.9364010557799406E-002   3.1800000000000002E-002   9.6400000000000000E-002  0.73280000000000001        9.1999999999999998E-002   4.7000000000000000E-002
   120.00000000000000        8.3841915619710078E-002   3.1399999999999997E-002   9.0999999999999998E-002  0.73719999999999997        9.3399999999999997E-002   4.7000000000000000E-002
   121.00000000000000        6.6376133121953895E-002   9.9199999999999997E-002   2.2400000000000000E-002  0.73780000000000001        9.3799999999999994E-002   4.6800000000000001E-002
   122.00000000000000        5.2416400335662958E-002   9.9000000000000005E-002   2.2400000000000000E-002  0.73760000000000003        9.3399999999999997E-002   4.7600000000000003E-002
   123.00000000000000        3.8594117707835260E-002   9.8199999999999996E-002   3.3999999999999998E-003  0.75680000000000003        9.3399999999999997E-002   4.8200000000000000E-002
   124.00000000000000        2.6730833168949943E-002   9.5799999999999996E-002   5.1999999999999998E-003  0.75680000000000003        9.4000000000000000E-002   4.8200000000000000E-002
   125.00000000000000        5.8934840823470787E-002   9.5799999999999996E-002   5.1999999999999998E-003  0.75680000000000003        9.3600000000000003E-002   4.8599999999999997E-002
   126.00000000000000        8.9842136753045476E-002   9.1800000000000007E-002   8.3999999999999995E-003  0.75680000000000003        9.4399999999999998E-002   4.8599999999999997E-002
   127.00000000000000       0.11730020409921614        9.0999999999999998E-002   9.1999999999999998E-003  0.75680000000000003        9.4399999999999998E-002   4.8599999999999997E-002
   128.00000000000000       0.13996475175747705        9.0600000000000000E-002   8.9999999999999993E-003  0.75680000000000003        9.5000000000000001E-002   4.8599999999999997E-002
   129.00000000000000       0.15928738559494618        8.8200000000000001E-002   1.1200000000000000E-002  0.75680000000000003        9.5200000000000007E-002   4.8599999999999997E-002
   130.00000000000000       0.17246274086094754        8.8200000000000001E-002   1.1200000000000000E-002  0.75680000000000003        9.5000000000000001E-002   4.8800000000000003E-002
   131.00000000000000       0.17993915731024593        8.8200000000000001E-002   1.1200000000000000E-002  0.75680000000000003        9.4399999999999998E-002   4.9399999999999999E-002
   132.00000000000000       0.18069885692245902        8.8200000000000001E-002   1.1200000000000000E-002  0.75680000000000003        9.4399999999999998E-002   4.9399999999999999E-002
   133.00000000000000       0.17325988175226745        8.8200000000000001E-002   1.1200000000000000E-002  0.75680000000000003        9.4399999999999998E-002   4.9399999999999999E-002
   134.00000000000000       0.16011111471235454        8.8200000000000001E-002   1.1200000000000000E-002  0.75680000000000003        9.4399999999999998E-002   4.9399999999999999E-002
   135.00000000000000       0.14156388345486898        8.7999999999999995E-002   1.1400000000000000E-002  0.75680000000000003        9.3799999999999994E-002   5.0000000000000003E-002
   136.00000000000000       0.11792048097042569        8.7999999999999995E-002   1.1400000000000000E-002  0.75680000000000003        9.3799999999999994E-002   5.0000000000000003E-002
   137.00000000000000        8.9409216890805970E-002   8.7999999999999995E-002   1.1200000000000000E-002  0.75680000000000003        9.4000000000000000E-002   5.0000000000000003E-002
   138.00000000000000        5.7376409231917058E-002   8.7999999999999995E-002   0.0000000000000000       0.76739999999999997        9.3600000000000003E-002   5.0999999999999997E-002
   139.00000000000000        5.2654322330027425E-002   8.7800000000000003E-002   0.0000000000000000       0.76659999999999995        9.4600000000000004E-002   5.0999999999999997E-002
   140.00000000000000        6.0475425940900565E-002   8.7800000000000003E-002   0.0000000000000000       0.76659999999999995        9.4600000000000004E-002   5.0999999999999997E-002
   141.00000000000000        6.7559593549074912E-002   8.7800000000000003E-002   0.0000000000000000       0.76600000000000001        9.3200000000000005E-002   5.2999999999999999E-002
   142.00000000000000        6.7871979017052678E-002   8.7800000000000003E-002   0.0000000000000000       0.76280000000000003        9.7799999999999998E-002   5.1600000000000000E-002
   143.00000000000000        7.0816240753958482E-002   8.4400000000000003E-002   3.0000000000000001E-003  0.76219999999999999       0.10000000000000001        5.0400000000000000E-002
   144.00000000000000        7.9007398045591676E-002   8.4199999999999997E-002   4.1999999999999997E-003  0.76100000000000001        9.9400000000000002E-002   5.1200000000000002E-002
   145.00000000000000        9.6291699688998381E-002   8.4199999999999997E-002   0.0000000000000000       0.76519999999999999        9.1800000000000007E-002   5.8799999999999998E-002
   146.00000000000000       0.12986928191238892        8.4199999999999997E-002   0.0000000000000000       0.76519999999999999        8.5000000000000006E-002   6.5600000000000006E-002
   147.00000000000000       0.17516321508101873        8.2600000000000007E-002   0.0000000000000000       0.74380000000000002       0.10760000000000000        6.6000000000000003E-002
   148.00000000000000       0.20777667936222216        8.2000000000000003E-002   5.9999999999999995E-004  0.68320000000000003       0.16539999999999999        6.8800000000000000E-002
   149.00000000000000       0.23423144656251993        7.4600000000000000E-002   6.0000000000000001E-003  0.68520000000000003       0.16120000000000001        7.2999999999999995E-002
   150.00000000000000       0.27961543490436847        4.9200000000000001E-002   3.0800000000000001E-002  0.67379999999999995       0.10040000000000000       0.14580000000000001     
   151.00000000000000       0.48035788832078036        4.7600000000000003E-002   3.2399999999999998E-002  0.67379999999999995       0.10040000000000000       0.14580000000000001     
   152.00000000000000       0.56340838983382002        0.0000000000000000        8.0600000000000005E-002  0.35840000000000000       0.40760000000000002       0.15340000000000001     
   153.00000000000000       0.35538837596099448        0.0000000000000000        7.7399999999999997E-002  0.35999999999999999       0.40920000000000001       0.15340000000000001     
   154.00000000000000       0.45214243526048115        0.0000000000000000        7.7399999999999997E-002  0.35980000000000001       0.40920000000000001       0.15359999999999999     
   155.00000000000000        4.8163787874001135E-002   0.0000000000000000        7.7399999999999997E-002  0.35980000000000001       0.41060000000000002       0.15220000000000000     
   156.00000000000000       0.37964376613837647        0.0000000000000000        7.6999999999999999E-002  0.35899999999999999       0.40899999999999997       0.15500000000000000     
   157.00000000000000       0.43492999927092613        0.0000000000000000        1.7200000000000000E-002  0.37240000000000001       0.39879999999999999       0.21160000000000001     
   158.00000000000000       0.74224541435851976        0.0000000000000000        1.7399999999999999E-002  0.37219999999999998       0.39879999999999999       0.21160000000000001     
   159.00000000000000       0.75824173008522311        0.0000000000000000        1.7000000000000001E-002  0.37080000000000002       0.39839999999999998       0.21379999999999999     
   160.00000000000000       0.78662985469046043        0.0000000000000000        1.6600000000000000E-002  0.37000000000000000       0.39860000000000001       0.21479999999999999     
   161.00000000000000       0.79901101484828074        0.0000000000000000        1.6000000000000000E-002  0.37040000000000001       0.39839999999999998       0.21520000000000000     
   162.00000000000000       0.78947009438769922        0.0000000000000000        1.6000000000000000E-002  0.37040000000000001       0.39839999999999998       0.21520000000000000     
   163.00000000000000       0.79480775727665331        0.0000000000000000        1.6000000000000000E-002  0.37040000000000001       0.38279999999999997       0.23080000000000001     
   164.00000000000000       0.78610653172032929        0.0000000000000000        1.5200000000000000E-002  0.36540000000000000       0.38519999999999999       0.23419999999999999     
   165.00000000000000       0.79333344606996603        0.0000000000000000        1.5200000000000000E-002  0.36540000000000000       0.38519999999999999       0.23419999999999999     
   166.00000000000000       0.78560210988593726        0.0000000000000000        1.4600000000000000E-002  0.36099999999999999       0.38879999999999998       0.23560000000000000     
   167.00000000000000       0.77648023793878873        0.0000000000000000        1.2999999999999999E-002  0.36220000000000002       0.38879999999999998       0.23599999999999999     
   168.00000000000000       0.75834954805492738        0.0000000000000000        1.2999999999999999E-002  0.36220000000000002       0.38819999999999999       0.23660000000000000     
   169.00000000000000       0.75245049794824381        0.0000000000000000        1.2999999999999999E-002  0.36159999999999998       0.38879999999999998       0.23660000000000000     
   170.00000000000000       0.78673345403369122        0.0000000000000000        1.2999999999999999E-002  0.35120000000000001       0.39920000000000000       0.23660000000000000     
   171.00000000000000       0.71886275719522863        0.0000000000000000        1.2999999999999999E-002  0.35120000000000001       0.39920000000000000       0.23660000000000000     
   172.00000000000000       0.69946216182470922        0.0000000000000000        1.0800000000000001E-002  0.17140000000000000       0.57740000000000002       0.24040000000000000     
   173.00000000000000       0.54898463229450090        0.0000000000000000        1.0800000000000001E-002  0.11400000000000000       0.46939999999999998       0.40579999999999999     
   174.00000000000000       0.73012390933149574        0.0000000000000000        9.7999999999999997E-003  0.11420000000000000       0.46920000000000001       0.40679999999999999     
   175.00000000000000       0.85833316222187350        0.0000000000000000        9.1999999999999998E-003  0.10800000000000000       0.47599999999999998       0.40679999999999999     
   176.00000000000000       0.70457955969400277        0.0000000000000000        9.1999999999999998E-003  0.10180000000000000       0.47820000000000001       0.41080000000000000     
   177.00000000000000       0.67799831982938086        0.0000000000000000        9.1999999999999998E-003   1.0400000000000000E-002  0.56960000000000000       0.41080000000000000     
   178.00000000000000       0.74647034756474784        0.0000000000000000        8.9999999999999993E-003   1.1400000000000000E-002  0.51959999999999995       0.46000000000000002     
   179.00000000000000       0.66500585052403616        0.0000000000000000        8.9999999999999993E-003   1.8599999999999998E-002  0.50619999999999998       0.46620000000000000     
   180.00000000000000       0.65415409672983627        0.0000000000000000        8.9999999999999993E-003   1.5800000000000002E-002  0.50880000000000003       0.46639999999999998     
   181.00000000000000       0.64290052859557756        0.0000000000000000        7.6000000000000000E-003   2.1800000000000000E-002  0.50419999999999998       0.46639999999999998     
   182.00000000000000       0.24991879357083441        0.0000000000000000        7.4000000000000003E-003   2.1600000000000001E-002  0.50439999999999996       0.46660000000000001     
   183.00000000000000       0.22565381081072663        0.0000000000000000        7.4000000000000003E-003   2.1600000000000001E-002  0.50439999999999996       0.46660000000000001     
   184.00000000000000       0.20394456767695709        0.0000000000000000        7.1999999999999998E-003   2.1600000000000001E-002  0.50439999999999996       0.46679999999999999     
   185.00000000000000       0.18486736683288546        0.0000000000000000        7.1999999999999998E-003   2.1600000000000001E-002  0.50460000000000005       0.46660000000000001     
   186.00000000000000       0.16865809651376859        0.0000000000000000        7.1999999999999998E-003   2.0600000000000000E-002  0.50560000000000005       0.46660000000000001     
   187.00000000000000       0.15606102097674834        0.0000000000000000        7.1999999999999998E-003   1.8599999999999998E-002  0.50719999999999998       0.46700000000000003     
   188.00000000000000       0.14626491544083442        0.0000000000000000        7.0000000000000001E-003   1.8800000000000001E-002  0.50719999999999998       0.46700000000000003     
   189.00000000000000       0.13989345899932987        0.0000000000000000        6.6000000000000000E-003   1.9000000000000000E-002  0.50680000000000003       0.46760000000000002     
   190.00000000000000       0.13711729074766121        0.0000000000000000        6.6000000000000000E-003   1.7999999999999999E-002  0.50800000000000001       0.46739999999999998     
   191.00000000000000       0.13813898921337150        2.0000000000000001E-004   6.4000000000000003E-003   1.7200000000000000E-002  0.50700000000000001       0.46920000000000001     
   192.00000000000000       0.14265427588305482        2.0000000000000001E-004   6.4000000000000003E-003   1.5599999999999999E-002  0.50300000000000000       0.47480000000000000     
   193.00000000000000       0.14884339137678923        2.0000000000000001E-004   6.4000000000000003E-003   1.5599999999999999E-002  0.50300000000000000       0.47480000000000000     
   194.00000000000000       0.15663548010816672        2.0000000000000001E-004   6.4000000000000003E-003   1.5599999999999999E-002  0.50300000000000000       0.47480000000000000     
   195.00000000000000       0.16769579126148471        2.0000000000000001E-004   6.4000000000000003E-003   1.5599999999999999E-002  0.50300000000000000       0.47480000000000000     
   196.00000000000000       0.17965075321481919        2.0000000000000001E-004   6.4000000000000003E-003   1.5599999999999999E-002  0.50300000000000000       0.47480000000000000     
   197.00000000000000       0.19272247499451076        2.0000000000000001E-004   6.4000000000000003E-003   1.5599999999999999E-002  0.50300000000000000       0.47480000000000000     
   198.00000000000000       0.20430446585449080        2.0000000000000001E-004   6.4000000000000003E-003   1.5599999999999999E-002  0.50219999999999998       0.47560000000000002     
   199.00000000000000       0.22382610024458444        2.0000000000000001E-004   6.4000000000000003E-003   1.5200000000000000E-002  0.49940000000000001       0.47880000000000000     
   200.00000000000000       0.23797980005844277        2.0000000000000001E-004   6.4000000000000003E-003   1.5200000000000000E-002  0.49859999999999999       0.47960000000000003     
   201.00000000000000       0.25138848548976139        2.0000000000000001E-004   6.4000000000000003E-003   1.4200000000000001E-002  0.49959999999999999       0.47960000000000003     
   202.00000000000000       0.26885354072612988        2.0000000000000001E-004   6.4000000000000003E-003   1.4200000000000001E-002  0.49959999999999999       0.47960000000000003     
   203.00000000000000       0.28414067194566867        2.0000000000000001E-004   6.4000000000000003E-003   1.4200000000000001E-002  0.49959999999999999       0.47960000000000003     
   204.00000000000000       0.29765714830225437        2.0000000000000001E-004   6.4000000000000003E-003   1.3800000000000000E-002  0.50000000000000000       0.47960000000000003     
   205.00000000000000       0.31249873579245685        2.0000000000000001E-004   6.4000000000000003E-003   1.2000000000000000E-002  0.50180000000000002       0.47960000000000003     
   206.00000000000000       0.32214437125718631        2.0000000000000001E-004   6.4000000000000003E-003   1.2000000000000000E-002  0.50180000000000002       0.47960000000000003     
   207.00000000000000       0.33169455033142359        2.0000000000000001E-004   6.4000000000000003E-003   1.2000000000000000E-002  0.50180000000000002       0.47960000000000003     
   208.00000000000000       0.33705883931255615        2.0000000000000001E-004   6.4000000000000003E-003   1.1800000000000000E-002  0.50180000000000002       0.47980000000000000     
   209.00000000000000       0.35040448412242686        2.0000000000000001E-004   6.4000000000000003E-003   1.1800000000000000E-002  0.50180000000000002       0.47980000000000000     
   210.00000000000000       0.35767489758650556        2.0000000000000001E-004   6.1999999999999998E-003   1.2000000000000000E-002  0.50180000000000002       0.47980000000000000     
   211.00000000000000       0.36401545728932239        2.0000000000000001E-004   6.1999999999999998E-003   1.3400000000000000E-002  0.50039999999999996       0.47980000000000000     
   212.00000000000000       0.37026210638154189        2.0000000000000001E-004   6.1999999999999998E-003   1.0000000000000000E-002  0.50360000000000005       0.47999999999999998     
   213.00000000000000       0.37597733377269626        2.0000000000000001E-004   6.1999999999999998E-003   1.0600000000000000E-002  0.50300000000000000       0.47999999999999998     
   214.00000000000000       0.38267808259136821        2.0000000000000001E-004   6.1999999999999998E-003   1.0600000000000000E-002  0.50260000000000005       0.48039999999999999     
   215.00000000000000       0.38952851263594418        2.0000000000000001E-004   6.1999999999999998E-003   1.0600000000000000E-002  0.50260000000000005       0.48039999999999999     
   216.00000000000000       0.39688532925455922        2.0000000000000001E-004   6.1999999999999998E-003   1.0600000000000000E-002  0.50260000000000005       0.48039999999999999     
