#        BMIN =   404
#        BMAX =   408
#     INIBAND =   406
#      NBANDS =   540
#         NSW =  2000
#       POTIM =   1.0
#        TEMP = 300.0
#    NAMDTINI =   441
#    NAMDTIME =  1000
#       NTRAJ =  5000
#        NELM =  1000
#       LHOLE =     T
#        LSHP =     T
#      LCPTXT =     T
#      RUNDIR = ../../run/
   1.0000000000000000       0.13689914195846670        0.0000000000000000        0.0000000000000000        1.0000000000000000        0.0000000000000000        0.0000000000000000     
   2.0000000000000000       0.13686713699475317        0.0000000000000000        0.0000000000000000        1.0000000000000000        0.0000000000000000        0.0000000000000000     
   3.0000000000000000       0.12944325010916355        0.0000000000000000        0.0000000000000000        1.0000000000000000        0.0000000000000000        0.0000000000000000     
   4.0000000000000000       0.11367264630941744        0.0000000000000000        1.0600000000000000E-002  0.98899999999999999        4.0000000000000002E-004   0.0000000000000000     
   5.0000000000000000       0.10298754137863493        0.0000000000000000        1.0600000000000000E-002  0.98740000000000006        2.0000000000000000E-003   0.0000000000000000     
   6.0000000000000000        9.4722318994104410E-002   0.0000000000000000        1.0600000000000000E-002  0.97660000000000002        1.2400000000000000E-002   4.0000000000000002E-004
   7.0000000000000000        8.2978982433708048E-002   0.0000000000000000        1.0600000000000000E-002  0.97660000000000002        1.2200000000000001E-002   5.9999999999999995E-004
   8.0000000000000000        7.0509272622922364E-002   0.0000000000000000        1.0600000000000000E-002  0.96980000000000000        1.7399999999999999E-002   2.2000000000000001E-003
   9.0000000000000000        5.3112184774467518E-002   0.0000000000000000        1.0600000000000000E-002  0.97019999999999995        1.7000000000000001E-002   2.2000000000000001E-003
   10.000000000000000        3.3822461145655604E-002   0.0000000000000000        1.0400000000000000E-002  0.96460000000000001        2.2400000000000000E-002   2.5999999999999999E-003
   11.000000000000000        1.3214797435163853E-002   0.0000000000000000        1.0400000000000000E-002  0.96360000000000001        2.2800000000000001E-002   3.2000000000000002E-003
   12.000000000000000       -8.3082211601145754E-003   0.0000000000000000        1.0400000000000000E-002  0.96360000000000001        2.2800000000000001E-002   3.2000000000000002E-003
   13.000000000000000       -3.0009128510806733E-002   0.0000000000000000        1.0400000000000000E-002  0.96360000000000001        2.2800000000000001E-002   3.2000000000000002E-003
   14.000000000000000       -5.1076313491493067E-002   0.0000000000000000        8.8000000000000005E-003  0.96519999999999995        2.2800000000000001E-002   3.2000000000000002E-003
   15.000000000000000       -7.0611827699322560E-002   0.0000000000000000        1.3599999999999999E-002  0.95999999999999996        2.2800000000000001E-002   3.5999999999999999E-003
   16.000000000000000       -8.4243693166491954E-002   0.0000000000000000        2.5399999999999999E-002  0.94820000000000004        2.2800000000000001E-002   3.5999999999999999E-003
   17.000000000000000       -8.6101376227723778E-002   0.0000000000000000        1.3200000000000000E-002  0.96040000000000003        2.2800000000000001E-002   3.5999999999999999E-003
   18.000000000000000       -8.2934647385230820E-002   0.0000000000000000        7.7999999999999996E-003  0.96579999999999999        2.2200000000000001E-002   4.1999999999999997E-003
   19.000000000000000       -7.8068367446382014E-002   0.0000000000000000        6.7999999999999996E-003  0.96660000000000001        2.2400000000000000E-002   4.1999999999999997E-003
   20.000000000000000       -7.1860548101612701E-002   0.0000000000000000        6.7999999999999996E-003  0.96599999999999997        2.2400000000000000E-002   4.7999999999999996E-003
   21.000000000000000       -6.5096812268007495E-002   0.0000000000000000        6.7999999999999996E-003  0.96599999999999997        2.1800000000000000E-002   5.4000000000000003E-003
   22.000000000000000       -5.7310130707908635E-002   0.0000000000000000        6.7999999999999996E-003  0.96540000000000004        2.1999999999999999E-002   5.7999999999999996E-003
   23.000000000000000       -4.9270630505062446E-002   0.0000000000000000        6.7999999999999996E-003  0.96499999999999997        2.1999999999999999E-002   6.1999999999999998E-003
   24.000000000000000       -4.0349074830812827E-002   0.0000000000000000        6.6000000000000000E-003  0.96519999999999995        2.1999999999999999E-002   6.1999999999999998E-003
   25.000000000000000       -3.1282524148758248E-002   0.0000000000000000        6.6000000000000000E-003  0.96519999999999995        2.1999999999999999E-002   6.1999999999999998E-003
   26.000000000000000       -2.0649613944156018E-002   0.0000000000000000        6.6000000000000000E-003  0.96499999999999997        2.1999999999999999E-002   6.4000000000000003E-003
   27.000000000000000       -9.7337873356026731E-003   0.0000000000000000        6.6000000000000000E-003  0.96499999999999997        2.1800000000000000E-002   6.6000000000000000E-003
   28.000000000000000        4.1754999784287955E-003   0.0000000000000000        6.6000000000000000E-003  0.96499999999999997        2.1600000000000001E-002   6.7999999999999996E-003
   29.000000000000000        2.4365478385576154E-002   0.0000000000000000        6.6000000000000000E-003  0.96419999999999995        2.2200000000000001E-002   7.0000000000000001E-003
   30.000000000000000        4.9284681683657308E-002   0.0000000000000000        8.2000000000000007E-003  0.96120000000000005        2.3199999999999998E-002   7.4000000000000003E-003
   31.000000000000000        7.6023985250415774E-002   0.0000000000000000        8.2000000000000007E-003  0.96060000000000001        2.3199999999999998E-002   8.0000000000000002E-003
   32.000000000000000       0.10221899420564175        0.0000000000000000        8.2000000000000007E-003  0.95779999999999998        2.4199999999999999E-002   9.7999999999999997E-003
   33.000000000000000       0.12610148937832655        2.0000000000000001E-004   7.7999999999999996E-003  0.95340000000000003        2.7199999999999998E-002   1.1400000000000000E-002
   34.000000000000000       0.14530494270854075        2.0000000000000001E-004   7.7999999999999996E-003  0.95299999999999996        2.7000000000000000E-002   1.2000000000000000E-002
   35.000000000000000       0.16049440861685410        2.0000000000000001E-004   7.7999999999999996E-003  0.95299999999999996        2.7000000000000000E-002   1.2000000000000000E-002
   36.000000000000000       0.17068985924228014        2.0000000000000001E-004   7.7999999999999996E-003  0.95240000000000002        2.7000000000000000E-002   1.2600000000000000E-002
   37.000000000000000       0.17627314479476267        2.0000000000000001E-004   7.7999999999999996E-003  0.95240000000000002        2.7000000000000000E-002   1.2600000000000000E-002
   38.000000000000000       0.17966066506676576        2.0000000000000001E-004   7.7999999999999996E-003  0.94960000000000000        2.6200000000000001E-002   1.6199999999999999E-002
   39.000000000000000       0.17629979977684529        2.0000000000000001E-004   7.7999999999999996E-003  0.94899999999999995        2.5600000000000001E-002   1.7399999999999999E-002
   40.000000000000000       0.17104945836488544        2.0000000000000001E-004   7.7999999999999996E-003  0.93740000000000001        2.5600000000000001E-002   2.9000000000000001E-002
   41.000000000000000       0.15869339270206020        2.0000000000000001E-004   7.7999999999999996E-003  0.93740000000000001        2.5600000000000001E-002   2.9000000000000001E-002
   42.000000000000000       0.14220752464393688        2.0000000000000001E-004   7.7999999999999996E-003  0.93700000000000006        2.1999999999999999E-002   3.3000000000000002E-002
   43.000000000000000       0.12186961723254373        2.0000000000000001E-004   7.7999999999999996E-003  0.93700000000000006        2.1600000000000001E-002   3.3399999999999999E-002
   44.000000000000000        9.9037387165813368E-002   2.0000000000000001E-004   7.7999999999999996E-003  0.93700000000000006        2.1600000000000001E-002   3.3399999999999999E-002
   45.000000000000000        7.4835773587694845E-002   2.0000000000000001E-004   7.7999999999999996E-003  0.93459999999999999        1.8800000000000001E-002   3.8600000000000002E-002
   46.000000000000000        4.6776765752163510E-002   2.0000000000000001E-004   7.7999999999999996E-003  0.93279999999999996        1.9800000000000002E-002   3.9399999999999998E-002
   47.000000000000000        2.2483567905352823E-002   5.4000000000000003E-003   2.5999999999999999E-003  0.93220000000000003        2.0000000000000000E-002   3.9800000000000002E-002
   48.000000000000000       -2.9765154679596024E-003   5.4000000000000003E-003   2.5999999999999999E-003  0.93120000000000003        2.0799999999999999E-002   4.0000000000000001E-002
   49.000000000000000       -2.6565927360717431E-002   5.4000000000000003E-003   2.3999999999999998E-003  0.93120000000000003        2.0600000000000000E-002   4.0399999999999998E-002
   50.000000000000000       -4.7469328010751738E-002   5.4000000000000003E-003   3.0000000000000001E-003  0.93059999999999998        2.0600000000000000E-002   4.0399999999999998E-002
   51.000000000000000       -6.3360422322491991E-002   5.4000000000000003E-003   3.2000000000000002E-003  0.93040000000000000        2.0600000000000000E-002   4.0399999999999998E-002
   52.000000000000000       -7.4479914460211988E-002   5.4000000000000003E-003   3.3999999999999998E-003  0.92979999999999996        2.0600000000000000E-002   4.0800000000000003E-002
   53.000000000000000       -7.9741036385849270E-002   5.4000000000000003E-003   0.0000000000000000       0.93279999999999996        2.1000000000000001E-002   4.0800000000000003E-002
   54.000000000000000       -7.9208703227818061E-002   5.4000000000000003E-003   0.0000000000000000       0.93179999999999996        2.1399999999999999E-002   4.1399999999999999E-002
   55.000000000000000       -7.5605039542675612E-002   5.4000000000000003E-003   0.0000000000000000       0.93179999999999996        2.1399999999999999E-002   4.1399999999999999E-002
   56.000000000000000       -6.8400051409550328E-002   5.4000000000000003E-003   0.0000000000000000       0.93120000000000003        2.1600000000000001E-002   4.1799999999999997E-002
   57.000000000000000       -5.8529436885939132E-002   5.4000000000000003E-003   0.0000000000000000       0.93100000000000005        2.1600000000000001E-002   4.2000000000000003E-002
   58.000000000000000       -4.7539442550268041E-002   5.4000000000000003E-003   0.0000000000000000       0.93020000000000003        2.2400000000000000E-002   4.2000000000000003E-002
   59.000000000000000       -3.3939580106962200E-002   5.1999999999999998E-003   0.0000000000000000       0.92879999999999996        2.0000000000000000E-002   4.5999999999999999E-002
   60.000000000000000       -1.8438605392448942E-002   5.1999999999999998E-003   0.0000000000000000       0.92759999999999998        2.0400000000000001E-002   4.6800000000000001E-002
   61.000000000000000       -2.7480899090859337E-003   4.7999999999999996E-003   0.0000000000000000       0.92459999999999998        2.2400000000000000E-002   4.8200000000000000E-002
   62.000000000000000        1.3789368956891227E-002   4.7999999999999996E-003   0.0000000000000000       0.92459999999999998        1.9400000000000001E-002   5.1200000000000002E-002
   63.000000000000000        3.0548649835128963E-002   4.7999999999999996E-003   0.0000000000000000       0.92440000000000000        1.8800000000000001E-002   5.1999999999999998E-002
   64.000000000000000        4.8225564544105898E-002   5.0000000000000001E-003   0.0000000000000000       0.92420000000000002        1.8800000000000001E-002   5.1999999999999998E-002
   65.000000000000000        6.6765633336376792E-002   3.5999999999999999E-003   0.0000000000000000       0.92559999999999998        1.8200000000000001E-002   5.2600000000000001E-002
   66.000000000000000        8.7776196680127844E-002   3.0000000000000001E-003   0.0000000000000000       0.92400000000000004        1.8200000000000001E-002   5.4800000000000001E-002
   67.000000000000000       0.10755163651045069        3.0000000000000001E-003   0.0000000000000000       0.92279999999999995        1.7399999999999999E-002   5.6800000000000003E-002
   68.000000000000000       0.12813517980632988        3.0000000000000001E-003   0.0000000000000000       0.91679999999999995        1.4800000000000001E-002   6.5400000000000000E-002
   69.000000000000000       0.14931870378088249        3.0000000000000001E-003   0.0000000000000000       0.91000000000000003        1.4800000000000001E-002   7.2200000000000000E-002
   70.000000000000000       0.17139129239757694        3.0000000000000001E-003   0.0000000000000000       0.90359999999999996        1.3400000000000000E-002   8.0000000000000002E-002
   71.000000000000000       0.18871700839154482        2.8000000000000000E-003   0.0000000000000000       0.90280000000000005        0.0000000000000000        9.4399999999999998E-002
   72.000000000000000       0.20446057711354637        2.8000000000000000E-003   0.0000000000000000       0.90120000000000000        8.0000000000000004E-004   9.5200000000000007E-002
   73.000000000000000       0.21831207691620133        2.8000000000000000E-003   0.0000000000000000       0.89820000000000000        8.0000000000000004E-004   9.8199999999999996E-002
   74.000000000000000       0.22904657264437350        2.8000000000000000E-003   0.0000000000000000       0.89800000000000002        1.0000000000000000E-003   9.8199999999999996E-002
   75.000000000000000       0.23761749227581902        2.8000000000000000E-003   0.0000000000000000       0.89780000000000004        1.1999999999999999E-003   9.8199999999999996E-002
   76.000000000000000       0.24504740389073099        2.8000000000000000E-003   0.0000000000000000       0.89439999999999997        1.0000000000000000E-003  0.10180000000000000     
   77.000000000000000       0.24972891595137953        2.8000000000000000E-003   0.0000000000000000       0.89259999999999995        1.0000000000000000E-003  0.10360000000000000     
   78.000000000000000       0.25329816443589248        2.8000000000000000E-003   0.0000000000000000       0.88939999999999997        1.0000000000000000E-003  0.10680000000000001     
   79.000000000000000       0.25451841759926835        2.8000000000000000E-003   0.0000000000000000       0.88939999999999997        1.0000000000000000E-003  0.10680000000000001     
   80.000000000000000       0.25605067331697912        2.8000000000000000E-003   4.0000000000000002E-004  0.88819999999999999        1.0000000000000000E-003  0.10760000000000000     
   81.000000000000000       0.26054290571788197        2.8000000000000000E-003   0.0000000000000000       0.88859999999999995        1.0000000000000000E-003  0.10760000000000000     
   82.000000000000000       0.27150840919666103        2.8000000000000000E-003   0.0000000000000000       0.88680000000000003        1.0000000000000000E-003  0.10940000000000000     
   83.000000000000000       0.28500381646943862        2.8000000000000000E-003   0.0000000000000000       0.88519999999999999        1.6000000000000001E-003  0.11040000000000000     
   84.000000000000000       0.29842228447337749        2.5999999999999999E-003   0.0000000000000000       0.88539999999999996        1.6000000000000001E-003  0.11040000000000000     
   85.000000000000000       0.31059783938150465        2.5999999999999999E-003   0.0000000000000000       0.88419999999999999        1.6000000000000001E-003  0.11160000000000000     
   86.000000000000000       0.31913840544977157        2.3999999999999998E-003   2.0000000000000001E-004  0.88419999999999999        1.6000000000000001E-003  0.11160000000000000     
   87.000000000000000       0.32453879386710599        2.2000000000000001E-003   4.0000000000000002E-004  0.88319999999999999        2.3999999999999998E-003  0.11180000000000000     
   88.000000000000000       0.32604184513740880        2.2000000000000001E-003   2.0000000000000001E-004  0.88319999999999999        2.5999999999999999E-003  0.11180000000000000     
   89.000000000000000       0.32466197683959674        2.2000000000000001E-003   2.0000000000000001E-004  0.88100000000000001        4.0000000000000001E-003  0.11260000000000001     
   90.000000000000000       0.31699481117603795        2.2000000000000001E-003   2.0000000000000001E-004  0.87619999999999998        8.8000000000000005E-003  0.11260000000000001     
   91.000000000000000       0.30730830501350276        2.0000000000000000E-003   2.0000000000000001E-004  0.87680000000000002        8.2000000000000007E-003  0.11280000000000000     
   92.000000000000000       0.29452416126957959        2.0000000000000000E-003   2.0000000000000001E-004  0.87600000000000000        8.9999999999999993E-003  0.11280000000000000     
   93.000000000000000       0.27987505477206720        2.0000000000000000E-003   2.0000000000000001E-004  0.87539999999999996        9.5999999999999992E-003  0.11280000000000000     
   94.000000000000000       0.26326243082047202        2.2000000000000001E-003   0.0000000000000000       0.87519999999999998        9.7999999999999997E-003  0.11280000000000000     
   95.000000000000000       0.24494855685188544        2.0000000000000000E-003   0.0000000000000000       0.87380000000000002        9.5999999999999992E-003  0.11459999999999999     
   96.000000000000000       0.22470298445932879        2.0000000000000000E-003   0.0000000000000000       0.87400000000000000        9.4000000000000004E-003  0.11459999999999999     
   97.000000000000000       0.19700174911008242        1.8000000000000000E-003  0.13600000000000001       0.73780000000000001        9.4000000000000004E-003  0.11500000000000000     
   98.000000000000000       0.18551947215612885        1.8000000000000000E-003  0.13539999999999999       0.73780000000000001        9.4000000000000004E-003  0.11559999999999999     
   99.000000000000000       0.19752943906199610        1.8000000000000000E-003  0.13500000000000001       0.73780000000000001        9.4000000000000004E-003  0.11600000000000001     
   100.00000000000000       0.20423120614341189        1.8000000000000000E-003  0.13480000000000000       0.73780000000000001        9.5999999999999992E-003  0.11600000000000001     
   101.00000000000000       0.20498062227253325        1.8000000000000000E-003  0.13480000000000000       0.73780000000000001        9.5999999999999992E-003  0.11600000000000001     
   102.00000000000000       0.19979098518636515        1.8000000000000000E-003  0.13460000000000000       0.73780000000000001        1.0000000000000000E-002  0.11580000000000000     
   103.00000000000000       0.18778939676315251        1.8000000000000000E-003  0.13439999999999999       0.73780000000000001        5.1999999999999998E-003  0.12080000000000000     
   104.00000000000000       0.16960302915953362        1.8000000000000000E-003  0.13400000000000001       0.73780000000000001        7.7999999999999996E-003  0.11860000000000000     
   105.00000000000000       0.14633589988914358        1.8000000000000000E-003  0.13339999999999999       0.73780000000000001        1.0600000000000000E-002  0.11640000000000000     
   106.00000000000000       0.11964112122211713        1.8000000000000000E-003  0.13339999999999999       0.73780000000000001        7.1999999999999998E-003  0.11980000000000000     
   107.00000000000000        8.8148539379389337E-002   1.8000000000000000E-003  0.13339999999999999       0.73780000000000001        6.7999999999999996E-003  0.12020000000000000     
   108.00000000000000        5.1673990100852676E-002   1.8000000000000000E-003  0.13339999999999999       0.73780000000000001        6.4000000000000003E-003  0.12060000000000000     
   109.00000000000000        1.3447466543602498E-002   1.8000000000000000E-003  0.13320000000000001       0.73780000000000001        6.1999999999999998E-003  0.12100000000000000     
   110.00000000000000       -2.7046088532854881E-002   1.6000000000000001E-003  0.13339999999999999       0.73780000000000001        6.1999999999999998E-003  0.12100000000000000     
   111.00000000000000       -6.6476031137694735E-002   1.1999999999999999E-003   2.0000000000000001E-004  0.87139999999999995        6.1999999999999998E-003  0.12100000000000000     
   112.00000000000000       -8.7555493224144340E-002   3.2000000000000002E-003   4.5999999999999999E-003  0.86499999999999999        6.1999999999999998E-003  0.12100000000000000     
   113.00000000000000       -9.7991894171896021E-002   3.2000000000000002E-003  0.10320000000000000       0.76519999999999999        6.6000000000000000E-003  0.12180000000000001     
   114.00000000000000       -9.4463826735746576E-002   2.8000000000000000E-003   8.3799999999999999E-002  0.78500000000000003        6.6000000000000000E-003  0.12180000000000001     
   115.00000000000000       -8.3068326598070924E-002   2.8000000000000000E-003   8.4800000000000000E-002  0.78359999999999996        6.7999999999999996E-003  0.12200000000000000     
   116.00000000000000       -6.9791224054063600E-002   2.8000000000000000E-003   8.4400000000000003E-002  0.78280000000000005        7.1999999999999998E-003  0.12280000000000001     
   117.00000000000000       -5.6069064159265825E-002   2.5999999999999999E-003   8.5000000000000006E-002  0.78180000000000005        7.1999999999999998E-003  0.12340000000000000     
   118.00000000000000       -4.5749164122890526E-002   2.5999999999999999E-003   8.4199999999999997E-002  0.77780000000000005        1.1200000000000000E-002  0.12420000000000000     
   119.00000000000000       -2.8160038918231496E-002   2.5999999999999999E-003   8.3599999999999994E-002  0.77559999999999996        1.4000000000000000E-002  0.12420000000000000     
   120.00000000000000       -1.1962327198510536E-002   2.5999999999999999E-003   8.3400000000000002E-002  0.76900000000000002        1.9000000000000000E-002  0.12600000000000000     
   121.00000000000000       -6.6520428653817076E-004   2.5999999999999999E-003   8.0799999999999997E-002  0.76800000000000002        2.2599999999999999E-002  0.12600000000000000     
   122.00000000000000        9.8051090430230220E-003   2.5999999999999999E-003   8.0399999999999999E-002  0.76359999999999995        2.7400000000000001E-002  0.12600000000000000     
   123.00000000000000        1.9508696837550160E-002   2.5999999999999999E-003   8.0399999999999999E-002  0.76239999999999997        2.7400000000000001E-002  0.12720000000000001     
   124.00000000000000        2.8171198494614670E-002   2.3999999999999998E-003   8.0199999999999994E-002  0.75800000000000001        2.9800000000000000E-002  0.12959999999999999     
   125.00000000000000        3.4161339375228486E-002   2.3999999999999998E-003   7.9799999999999996E-002  0.75160000000000005        3.6400000000000002E-002  0.12980000000000000     
   126.00000000000000        3.7813315055622181E-002   2.3999999999999998E-003   7.9799999999999996E-002  0.75100000000000000        3.5999999999999997E-002  0.13080000000000000     
   127.00000000000000        3.8999461459560271E-002   4.0000000000000001E-003   7.8000000000000000E-002  0.75100000000000000        3.5999999999999997E-002  0.13100000000000001     
   128.00000000000000        4.1126297573984026E-002   4.0000000000000001E-003   7.8000000000000000E-002  0.75100000000000000        3.5999999999999997E-002  0.13100000000000001     
   129.00000000000000        4.3301667242353577E-002   4.0000000000000001E-003   7.8000000000000000E-002  0.74760000000000004        3.6200000000000003E-002  0.13420000000000001     
   130.00000000000000        4.2534676112368303E-002   4.0000000000000001E-003   7.8000000000000000E-002  0.74760000000000004        3.6200000000000003E-002  0.13420000000000001     
   131.00000000000000        4.1147460043268441E-002   4.0000000000000001E-003   7.4200000000000002E-002  0.74860000000000004        3.6200000000000003E-002  0.13700000000000001     
   132.00000000000000        5.2449491576033402E-002   4.0000000000000001E-003   7.4200000000000002E-002  0.74860000000000004        3.5999999999999997E-002  0.13719999999999999     
   133.00000000000000        7.7364706606345382E-002   4.0000000000000001E-003   7.4200000000000002E-002  0.74860000000000004        3.5999999999999997E-002  0.13719999999999999     
   134.00000000000000        9.7512244929103264E-002   4.0000000000000001E-003   7.4200000000000002E-002  0.74860000000000004        3.5999999999999997E-002  0.13719999999999999     
   135.00000000000000       0.11332795986005695        4.0000000000000001E-003   7.4200000000000002E-002  0.74860000000000004        3.5999999999999997E-002  0.13719999999999999     
   136.00000000000000       0.12367245694833377        4.0000000000000001E-003   7.3800000000000004E-002  0.74860000000000004        3.3799999999999997E-002  0.13980000000000001     
   137.00000000000000       0.12834638168699281        3.5999999999999999E-003   7.3999999999999996E-002  0.74860000000000004        3.4000000000000002E-002  0.13980000000000001     
   138.00000000000000       0.12791269330913821        3.5999999999999999E-003   7.3400000000000007E-002  0.74919999999999998        3.1600000000000003E-002  0.14219999999999999     
   139.00000000000000       0.12222909198376053        3.5999999999999999E-003   7.2599999999999998E-002  0.75000000000000000        3.1600000000000003E-002  0.14219999999999999     
   140.00000000000000       0.11077246242407048        3.5999999999999999E-003   7.2400000000000006E-002  0.75019999999999998        2.8799999999999999E-002  0.14499999999999999     
   141.00000000000000        9.3658365902830637E-002   3.5999999999999999E-003   7.2400000000000006E-002  0.75019999999999998        2.9000000000000001E-002  0.14480000000000001     
   142.00000000000000        7.1773566164061053E-002   1.0800000000000001E-002   6.5199999999999994E-002  0.75019999999999998        2.8799999999999999E-002  0.14499999999999999     
   143.00000000000000        4.5871970746864707E-002   1.0800000000000001E-002   6.5199999999999994E-002  0.75019999999999998        2.8799999999999999E-002  0.14499999999999999     
   144.00000000000000        1.7753658515758754E-002   6.0600000000000001E-002   1.5400000000000000E-002  0.75019999999999998        2.8799999999999999E-002  0.14499999999999999     
   145.00000000000000       -1.3326072151230273E-002   6.0600000000000001E-002   5.8400000000000001E-002  0.70699999999999996        2.8799999999999999E-002  0.14520000000000000     
   146.00000000000000       -2.5192255072138063E-002   6.2799999999999995E-002   5.7599999999999998E-002  0.70560000000000000        2.8799999999999999E-002  0.14520000000000000     
   147.00000000000000       -1.0469070795856412E-002   6.3000000000000000E-002   5.3999999999999999E-002  0.70860000000000001        2.8199999999999999E-002  0.14620000000000000     
   148.00000000000000        6.2969079212383400E-003   6.0400000000000002E-002   5.5199999999999999E-002  0.70799999999999996        2.8199999999999999E-002  0.14820000000000000     
   149.00000000000000        2.7297462071268191E-002   5.9999999999999998E-002   5.5199999999999999E-002  0.70299999999999996        2.8400000000000002E-002  0.15340000000000001     
   150.00000000000000        4.9784598610475163E-002   5.9799999999999999E-002   5.5399999999999998E-002  0.69960000000000000        2.8400000000000002E-002  0.15679999999999999     
   151.00000000000000        7.1475260854581557E-002   5.8999999999999997E-002   5.5199999999999999E-002  0.70060000000000000        2.8199999999999999E-002  0.15700000000000000     
   152.00000000000000        9.4240984807346703E-002   5.8999999999999997E-002   5.5199999999999999E-002  0.69640000000000002        3.2000000000000001E-002  0.15740000000000001     
   153.00000000000000       0.11686444049672726        5.7200000000000001E-002   5.5000000000000000E-002  0.69779999999999998        3.2199999999999999E-002  0.15780000000000000     
   154.00000000000000       0.13891684832684342        5.7200000000000001E-002   5.5000000000000000E-002  0.69779999999999998        3.2199999999999999E-002  0.15780000000000000     
   155.00000000000000       0.16143956104802687        5.6800000000000003E-002   5.4600000000000003E-002  0.69379999999999997        3.2599999999999997E-002  0.16220000000000001     
   156.00000000000000       0.18272582671573051        5.4399999999999997E-002   5.4800000000000001E-002  0.69460000000000000        3.4000000000000002E-002  0.16220000000000001     
   157.00000000000000       0.20498994990289576        5.0200000000000002E-002   5.8999999999999997E-002  0.68940000000000001        3.3599999999999998E-002  0.16780000000000000     
   158.00000000000000       0.22487148271618490        4.9000000000000002E-002   6.0199999999999997E-002  0.68759999999999999        3.3000000000000002E-002  0.17019999999999999     
   159.00000000000000       0.24273697347778417        4.8599999999999997E-002   5.9999999999999998E-002  0.68820000000000003        3.3000000000000002E-002  0.17019999999999999     
   160.00000000000000       0.25927316285304375        4.8000000000000001E-002   6.0600000000000001E-002  0.68799999999999994        3.3000000000000002E-002  0.17040000000000000     
   161.00000000000000       0.27459093288441178        4.8000000000000001E-002   6.0400000000000002E-002  0.68759999999999999        3.2599999999999997E-002  0.17140000000000000     
   162.00000000000000       0.28893368307680373        4.5400000000000003E-002   5.9999999999999998E-002  0.69040000000000001        3.2599999999999997E-002  0.17160000000000000     
   163.00000000000000       0.30234006317418138        3.9399999999999998E-002   6.3600000000000004E-002  0.68959999999999999        3.3799999999999997E-002  0.17360000000000000     
   164.00000000000000       0.31305433582826286        3.9399999999999998E-002   6.3399999999999998E-002  0.68840000000000001        3.4599999999999999E-002  0.17419999999999999     
   165.00000000000000       0.32183003627965084        3.9399999999999998E-002   6.2600000000000003E-002  0.68740000000000001        3.6200000000000003E-002  0.17440000000000000     
   166.00000000000000       0.32912517748220277        3.4200000000000001E-002   6.7799999999999999E-002  0.68579999999999997        3.6200000000000003E-002  0.17599999999999999     
   167.00000000000000       0.33424833921129116        3.3599999999999998E-002   6.8400000000000002E-002  0.68579999999999997        3.6200000000000003E-002  0.17599999999999999     
   168.00000000000000       0.33836520990397712        3.2000000000000001E-002   6.9199999999999998E-002  0.68140000000000001        4.0399999999999998E-002  0.17699999999999999     
   169.00000000000000       0.33984679927899464        3.2000000000000001E-002   6.9000000000000006E-002  0.68000000000000005        4.2000000000000003E-002  0.17699999999999999     
   170.00000000000000       0.33987057426371736        3.2000000000000001E-002   6.8800000000000000E-002  0.67800000000000005        4.3200000000000002E-002  0.17799999999999999     
   171.00000000000000       0.33751040977277746        3.2000000000000001E-002   6.8800000000000000E-002  0.67559999999999998        4.3400000000000001E-002  0.18020000000000000     
   172.00000000000000       0.33307038237714048        3.2000000000000001E-002   6.8599999999999994E-002  0.67359999999999998        4.5600000000000002E-002  0.18020000000000000     
   173.00000000000000       0.32634948871117098        3.2000000000000001E-002   6.6600000000000006E-002  0.67559999999999998        4.5600000000000002E-002  0.18020000000000000     
   174.00000000000000       0.31769449638110775        3.1399999999999997E-002   6.5400000000000000E-002  0.67740000000000000        4.5600000000000002E-002  0.18020000000000000     
   175.00000000000000       0.30810167614800388        2.9600000000000001E-002   6.4000000000000001E-002  0.68059999999999998        4.5600000000000002E-002  0.18020000000000000     
   176.00000000000000       0.29613096361057312        2.7600000000000000E-002   6.4799999999999996E-002  0.68179999999999996        4.5600000000000002E-002  0.18020000000000000     
   177.00000000000000       0.28368501911712640        2.5999999999999999E-002   6.5600000000000006E-002  0.67679999999999996        4.5999999999999999E-002  0.18559999999999999     
   178.00000000000000       0.27058379732704319        2.2599999999999999E-002   6.9000000000000006E-002  0.67120000000000002        4.6199999999999998E-002  0.19100000000000000     
   179.00000000000000       0.25391204153087421        2.2599999999999999E-002   6.9199999999999998E-002  0.67100000000000004        4.5800000000000000E-002  0.19139999999999999     
   180.00000000000000       0.23787194485403873        1.7800000000000000E-002   7.2599999999999998E-002  0.66859999999999997        4.8399999999999999E-002  0.19259999999999999     
   181.00000000000000       0.22028726234993373        1.3599999999999999E-002   7.6200000000000004E-002  0.66820000000000002        4.7000000000000000E-002  0.19500000000000001     
   182.00000000000000       0.20259305882874362        1.2600000000000000E-002   6.8000000000000005E-002  0.67740000000000000        4.2799999999999998E-002  0.19919999999999999     
   183.00000000000000       0.19250633214061474        1.1800000000000000E-002   5.6200000000000000E-002  0.68759999999999999        4.2599999999999999E-002  0.20180000000000001     
   184.00000000000000       0.18855818331995811        1.2200000000000001E-002   5.6800000000000003E-002  0.68640000000000001        4.2799999999999998E-002  0.20180000000000001     
   185.00000000000000       0.18691780359156673        8.8000000000000005E-003   5.7000000000000002E-002  0.68700000000000006        4.5400000000000003E-002  0.20180000000000001     
   186.00000000000000       0.18436485486775683        8.3999999999999995E-003   5.7000000000000002E-002  0.68359999999999999        4.9200000000000001E-002  0.20180000000000001     
   187.00000000000000       0.18089794459561231        8.3999999999999995E-003   5.7000000000000002E-002  0.67600000000000005        5.2400000000000002E-002  0.20619999999999999     
   188.00000000000000       0.17384922525935598        7.6000000000000000E-003   5.5800000000000002E-002  0.67659999999999998        5.5199999999999999E-002  0.20480000000000001     
   189.00000000000000       0.16562873485605906        7.6000000000000000E-003   5.3600000000000002E-002  0.67259999999999998        6.4000000000000001E-002  0.20219999999999999     
   190.00000000000000       0.15677603615807639        7.6000000000000000E-003   5.2400000000000002E-002  0.66579999999999995        7.0000000000000007E-002  0.20419999999999999     
   191.00000000000000       0.14643385085560837        7.6000000000000000E-003   4.8800000000000003E-002  0.66500000000000004        7.1599999999999997E-002  0.20699999999999999     
   192.00000000000000       0.13523885191326079        1.6000000000000000E-002   4.0399999999999998E-002  0.66359999999999997        6.5799999999999997E-002  0.21420000000000000     
   193.00000000000000       0.12494708859349485        1.5599999999999999E-002   4.0399999999999998E-002  0.66359999999999997        6.6000000000000003E-002  0.21440000000000001     
   194.00000000000000       0.11579291918798508        1.5400000000000000E-002   3.4400000000000000E-002  0.66979999999999995        6.5600000000000006E-002  0.21479999999999999     
   195.00000000000000       0.10927066875346604        1.4200000000000001E-002   3.5600000000000000E-002  0.66979999999999995        6.5600000000000006E-002  0.21479999999999999     
   196.00000000000000       0.13983509029757485        1.4200000000000001E-002   3.5400000000000001E-002  0.66979999999999995        6.5799999999999997E-002  0.21479999999999999     
   197.00000000000000       0.16865881014986187        1.2400000000000000E-002   3.7199999999999997E-002  0.66979999999999995        6.5799999999999997E-002  0.21479999999999999     
   198.00000000000000       0.19522660229058719        1.1599999999999999E-002   3.7400000000000003E-002  0.66979999999999995        6.5199999999999994E-002  0.21600000000000000     
   199.00000000000000       0.21696889976395631        1.1599999999999999E-002   3.7400000000000003E-002  0.66979999999999995        6.4799999999999996E-002  0.21640000000000001     
   200.00000000000000       0.23593328102542815        1.0800000000000001E-002   3.7400000000000003E-002  0.66979999999999995        6.5199999999999994E-002  0.21679999999999999     
   201.00000000000000       0.24848615501066745        1.0800000000000001E-002   3.7400000000000003E-002  0.66979999999999995        6.5199999999999994E-002  0.21679999999999999     
   202.00000000000000       0.25596986414197148        1.0800000000000001E-002   3.6799999999999999E-002  0.66979999999999995        6.5600000000000006E-002  0.21700000000000000     
   203.00000000000000       0.25759789998720595        1.0800000000000001E-002   3.6799999999999999E-002  0.66979999999999995        6.5000000000000002E-002  0.21759999999999999     
   204.00000000000000       0.25224455834480120        1.0800000000000001E-002   3.6799999999999999E-002  0.66979999999999995        6.4799999999999996E-002  0.21779999999999999     
   205.00000000000000       0.24128020659473087        1.0600000000000000E-002   3.6999999999999998E-002  0.66979999999999995        6.4600000000000005E-002  0.21800000000000000     
   206.00000000000000       0.22434327917464339        1.0600000000000000E-002   3.6799999999999999E-002  0.66979999999999995        6.4399999999999999E-002  0.21840000000000001     
   207.00000000000000       0.20226247210167336        1.0600000000000000E-002   3.6799999999999999E-002  0.66979999999999995        6.4399999999999999E-002  0.21840000000000001     
   208.00000000000000       0.17555499331235241        1.0600000000000000E-002   3.5999999999999997E-002  0.66979999999999995        6.4600000000000005E-002  0.21900000000000000     
   209.00000000000000       0.14488121209712734        1.0600000000000000E-002   3.3200000000000000E-002  0.67079999999999995        6.6400000000000001E-002  0.21900000000000000     
   210.00000000000000       0.13768077335780032        1.0200000000000001E-002   3.3200000000000000E-002  0.66940000000000000        6.2799999999999995E-002  0.22439999999999999     
   211.00000000000000       0.13974455236731631        1.0999999999999999E-002   3.2399999999999998E-002  0.66800000000000004        5.9999999999999998E-002  0.22860000000000000     
   212.00000000000000       0.13984119281957313        1.0999999999999999E-002   3.2000000000000001E-002  0.66839999999999999        6.0199999999999997E-002  0.22839999999999999     
   213.00000000000000       0.14341457621382975        1.0999999999999999E-002   3.2000000000000001E-002  0.66300000000000003        5.5199999999999999E-002  0.23880000000000001     
   214.00000000000000       0.14452503550813905        9.4000000000000004E-003   3.3799999999999997E-002  0.66139999999999999        5.3400000000000003E-002  0.24199999999999999     
   215.00000000000000       0.14891204686381707        9.4000000000000004E-003   3.5400000000000001E-002  0.65880000000000005        5.5800000000000002E-002  0.24060000000000001     
   216.00000000000000       0.16242783291323526        9.4000000000000004E-003   1.2200000000000001E-002  0.68200000000000005        7.0199999999999999E-002  0.22620000000000001     
