#        BMIN =   404
#        BMAX =   408
#     INIBAND =   406
#      NBANDS =   540
#         NSW =  2000
#       POTIM =   1.0
#        TEMP = 300.0
#    NAMDTINI =   594
#    NAMDTIME =  1000
#       NTRAJ =  5000
#        NELM =  1000
#       LHOLE =     T
#        LSHP =     T
#      LCPTXT =     T
#      RUNDIR = ../../run/
   1.0000000000000000       0.11145336416259646        0.0000000000000000        0.0000000000000000        1.0000000000000000        0.0000000000000000        0.0000000000000000     
   2.0000000000000000       0.13285003624029193        0.0000000000000000        0.0000000000000000       0.99860000000000004        1.4000000000000000E-003   0.0000000000000000     
   3.0000000000000000       0.15329245350997048        0.0000000000000000        0.0000000000000000       0.99860000000000004        1.4000000000000000E-003   0.0000000000000000     
   4.0000000000000000       0.17342655221937150        0.0000000000000000        0.0000000000000000       0.99800000000000000        2.0000000000000000E-003   0.0000000000000000     
   5.0000000000000000       0.19242274102073315        0.0000000000000000        0.0000000000000000       0.99780000000000002        2.0000000000000000E-003   2.0000000000000001E-004
   6.0000000000000000       0.21003670069414618        0.0000000000000000        0.0000000000000000       0.99780000000000002        2.0000000000000000E-003   2.0000000000000001E-004
   7.0000000000000000       0.22653164073585352        0.0000000000000000        0.0000000000000000       0.99760000000000004        2.2000000000000001E-003   2.0000000000000001E-004
   8.0000000000000000       0.24182336570333429        0.0000000000000000        0.0000000000000000       0.99739999999999995        2.2000000000000001E-003   4.0000000000000002E-004
   9.0000000000000000       0.25570944059271572        0.0000000000000000        0.0000000000000000       0.99700000000000000        2.5999999999999999E-003   4.0000000000000002E-004
   10.000000000000000       0.26816909394400718        0.0000000000000000        0.0000000000000000       0.99539999999999995        3.8000000000000000E-003   8.0000000000000004E-004
   11.000000000000000       0.27945795181713334        0.0000000000000000        0.0000000000000000       0.99419999999999997        5.0000000000000001E-003   8.0000000000000004E-004
   12.000000000000000       0.28887665873686408        0.0000000000000000        0.0000000000000000       0.99280000000000002        6.4000000000000003E-003   8.0000000000000004E-004
   13.000000000000000       0.29620733200956456        0.0000000000000000        0.0000000000000000       0.99280000000000002        6.4000000000000003E-003   8.0000000000000004E-004
   14.000000000000000       0.30233149839041862        0.0000000000000000        0.0000000000000000       0.99280000000000002        6.4000000000000003E-003   8.0000000000000004E-004
   15.000000000000000       0.30640044434679498        0.0000000000000000        0.0000000000000000       0.99219999999999997        6.7999999999999996E-003   1.0000000000000000E-003
   16.000000000000000       0.30820584277726737        0.0000000000000000        0.0000000000000000       0.99219999999999997        6.7999999999999996E-003   1.0000000000000000E-003
   17.000000000000000       0.30824662290159743        0.0000000000000000        0.0000000000000000       0.99219999999999997        6.6000000000000000E-003   1.1999999999999999E-003
   18.000000000000000       0.30556711016788479        0.0000000000000000        0.0000000000000000       0.99199999999999999        6.6000000000000000E-003   1.4000000000000000E-003
   19.000000000000000       0.30117278472596587        0.0000000000000000        0.0000000000000000       0.99019999999999997        6.6000000000000000E-003   3.2000000000000002E-003
   20.000000000000000       0.29369037774809903        0.0000000000000000        0.0000000000000000       0.98999999999999999        6.7999999999999996E-003   3.2000000000000002E-003
   21.000000000000000       0.28345623041052492        0.0000000000000000        0.0000000000000000       0.98999999999999999        6.7999999999999996E-003   3.2000000000000002E-003
   22.000000000000000       0.27122070234000545        0.0000000000000000        0.0000000000000000       0.98880000000000001        8.0000000000000002E-003   3.2000000000000002E-003
   23.000000000000000       0.25653641724905502        0.0000000000000000        0.0000000000000000       0.98819999999999997        8.0000000000000002E-003   3.8000000000000000E-003
   24.000000000000000       0.23923958020135769        0.0000000000000000        0.0000000000000000       0.98719999999999997        8.9999999999999993E-003   3.8000000000000000E-003
   25.000000000000000       0.22038615347283358        0.0000000000000000        2.0000000000000001E-004  0.98699999999999999        8.9999999999999993E-003   3.8000000000000000E-003
   26.000000000000000       0.19987548527961399        0.0000000000000000        5.9999999999999995E-004  0.98580000000000001        9.1999999999999998E-003   4.4000000000000003E-003
   27.000000000000000       0.17820288100539156        0.0000000000000000        4.0000000000000002E-004  0.98440000000000005        1.0600000000000000E-002   4.5999999999999999E-003
   28.000000000000000       0.15519649608106495        0.0000000000000000        4.0000000000000002E-004  0.98440000000000005        1.0600000000000000E-002   4.5999999999999999E-003
   29.000000000000000       0.13294850321606971        0.0000000000000000        0.0000000000000000       0.98460000000000003        1.0800000000000001E-002   4.5999999999999999E-003
   30.000000000000000       0.12151435513741309        0.0000000000000000        3.6600000000000001E-002  0.94699999999999995        1.1800000000000000E-002   4.5999999999999999E-003
   31.000000000000000       0.12158561583580334        0.0000000000000000        2.5800000000000000E-002  0.95720000000000005        1.2400000000000000E-002   4.5999999999999999E-003
   32.000000000000000       0.12367057765383661        0.0000000000000000        1.9000000000000000E-002  0.96279999999999999        1.3800000000000000E-002   4.4000000000000003E-003
   33.000000000000000       0.12624865343951630        0.0000000000000000        1.8800000000000001E-002  0.95260000000000000        2.4199999999999999E-002   4.4000000000000003E-003
   34.000000000000000       0.12588582307448615        0.0000000000000000        1.8800000000000001E-002  0.94020000000000004        3.6799999999999999E-002   4.1999999999999997E-003
   35.000000000000000       0.11854448373699179        0.0000000000000000        1.8800000000000001E-002  0.94020000000000004        3.6400000000000002E-002   4.5999999999999999E-003
   36.000000000000000       0.10796668196245487        0.0000000000000000        1.8800000000000001E-002  0.93600000000000005        3.5600000000000000E-002   9.5999999999999992E-003
   37.000000000000000        9.2975237720281240E-002   0.0000000000000000        1.8800000000000001E-002  0.93540000000000001        3.6200000000000003E-002   9.5999999999999992E-003
   38.000000000000000        7.5267372856630543E-002   0.0000000000000000        1.8800000000000001E-002  0.93500000000000005        3.6200000000000003E-002   1.0000000000000000E-002
   39.000000000000000        5.6771149703507155E-002   3.0000000000000001E-003   1.5800000000000002E-002  0.93279999999999996        3.7600000000000001E-002   1.0800000000000001E-002
   40.000000000000000        3.8018254319982632E-002   2.8000000000000000E-003   1.5800000000000002E-002  0.93279999999999996        3.7600000000000001E-002   1.0999999999999999E-002
   41.000000000000000        2.0100307421700495E-002   2.8000000000000000E-003   1.5400000000000000E-002  0.93240000000000001        3.7600000000000001E-002   1.1800000000000000E-002
   42.000000000000000        6.3861397410154303E-003   2.5999999999999999E-003   1.5599999999999999E-002  0.93240000000000001        3.7600000000000001E-002   1.1800000000000000E-002
   43.000000000000000        4.6430044805555341E-002   2.5999999999999999E-003   1.5599999999999999E-002  0.93240000000000001        3.7400000000000003E-002   1.2000000000000000E-002
   44.000000000000000        8.3969947816893001E-002   1.8000000000000000E-003   1.6400000000000001E-002  0.93240000000000001        3.7400000000000003E-002   1.2000000000000000E-002
   45.000000000000000       0.11796274723345751        1.8000000000000000E-003   1.6400000000000001E-002  0.93240000000000001        3.7400000000000003E-002   1.2000000000000000E-002
   46.000000000000000       0.14645659980227552        1.8000000000000000E-003   1.5200000000000000E-002  0.93240000000000001        3.8600000000000002E-002   1.2000000000000000E-002
   47.000000000000000       0.17049950468012673        1.6000000000000001E-003   1.5400000000000000E-002  0.93240000000000001        3.8600000000000002E-002   1.2000000000000000E-002
   48.000000000000000       0.18614370395518970        1.6000000000000001E-003   1.5400000000000000E-002  0.93240000000000001        3.8600000000000002E-002   1.2000000000000000E-002
   49.000000000000000       0.19496604616201910        1.6000000000000001E-003   1.5400000000000000E-002  0.93240000000000001        3.8600000000000002E-002   1.2000000000000000E-002
   50.000000000000000       0.19629730415975419        1.6000000000000001E-003   1.5400000000000000E-002  0.93240000000000001        3.8600000000000002E-002   1.2000000000000000E-002
   51.000000000000000       0.18811742066397741        1.6000000000000001E-003   1.5400000000000000E-002  0.93240000000000001        3.8600000000000002E-002   1.2000000000000000E-002
   52.000000000000000       0.17273807570536198        1.6000000000000001E-003   1.5400000000000000E-002  0.93240000000000001        3.8600000000000002E-002   1.2000000000000000E-002
   53.000000000000000       0.14909654620937582        1.4000000000000000E-003   1.5599999999999999E-002  0.93240000000000001        3.8600000000000002E-002   1.2000000000000000E-002
   54.000000000000000       0.11928361267800174        1.4000000000000000E-003   1.5400000000000000E-002  0.93240000000000001        3.8800000000000001E-002   1.2000000000000000E-002
   55.000000000000000        8.3026504780581142E-002   1.4000000000000000E-003   1.5400000000000000E-002  0.93240000000000001        3.8800000000000001E-002   1.2000000000000000E-002
   56.000000000000000        4.2264823352844642E-002   1.4000000000000000E-003   3.0200000000000001E-002  0.91379999999999995        4.2200000000000001E-002   1.2400000000000000E-002
   57.000000000000000        3.4064353360310669E-002   1.4000000000000000E-003   3.0200000000000001E-002  0.91180000000000005        4.4200000000000003E-002   1.2400000000000000E-002
   58.000000000000000        3.9430015575106447E-002   1.4000000000000000E-003   3.0200000000000001E-002  0.91180000000000005        4.4200000000000003E-002   1.2400000000000000E-002
   59.000000000000000        4.4029712077071612E-002   1.4000000000000000E-003   2.9600000000000001E-002  0.91239999999999999        4.3400000000000001E-002   1.3200000000000000E-002
   60.000000000000000        5.0038761228448123E-002   1.4000000000000000E-003   2.8799999999999999E-002  0.91239999999999999        4.4200000000000003E-002   1.3200000000000000E-002
   61.000000000000000        5.4579359028387169E-002   1.4000000000000000E-003   2.8799999999999999E-002  0.91239999999999999        4.4200000000000003E-002   1.3200000000000000E-002
   62.000000000000000        6.3060092474247029E-002   1.4000000000000000E-003   2.9200000000000000E-002  0.91139999999999999        4.4800000000000000E-002   1.3200000000000000E-002
   63.000000000000000        8.1809449121696853E-002   1.0000000000000000E-003   3.0800000000000001E-002  0.91020000000000001        4.3999999999999997E-002   1.4000000000000000E-002
   64.000000000000000       0.11906938405223595        8.0000000000000004E-004   3.1800000000000002E-002  0.90939999999999999        4.2799999999999998E-002   1.5200000000000000E-002
   65.000000000000000       0.16820025120098114        8.0000000000000004E-004   3.1800000000000002E-002  0.88839999999999997        6.1600000000000002E-002   1.7399999999999999E-002
   66.000000000000000       0.20308789141605307        8.0000000000000004E-004   2.9200000000000000E-002  0.84499999999999997       0.10760000000000000        1.7399999999999999E-002
   67.000000000000000       0.23559134720358188        8.0000000000000004E-004   2.9200000000000000E-002  0.82979999999999998       0.10660000000000000        3.3599999999999998E-002
   68.000000000000000       0.28511482175144176        1.0000000000000000E-003   2.5399999999999999E-002  0.74380000000000002       0.15700000000000000        7.2800000000000004E-002
   69.000000000000000       0.43354864351461436        1.0000000000000000E-003   2.5399999999999999E-002  0.74380000000000002       0.15700000000000000        7.2800000000000004E-002
   70.000000000000000       0.58589053256308921        1.0000000000000000E-003   2.7400000000000001E-002  0.21980000000000000       0.62280000000000002       0.12900000000000000     
   71.000000000000000       0.38739206135256793        1.0000000000000000E-003   2.5399999999999999E-002  0.21980000000000000       0.62480000000000002       0.12900000000000000     
   72.000000000000000       0.48448264883175918        2.0000000000000001E-004   2.5399999999999999E-002  0.21800000000000000       0.62560000000000004       0.13080000000000000     
   73.000000000000000        8.1824934914555003E-002   8.0000000000000004E-004   2.5399999999999999E-002  0.21560000000000001       0.62539999999999996       0.13280000000000000     
   74.000000000000000       0.41265576959470929        8.0000000000000004E-004   2.5399999999999999E-002  0.21279999999999999       0.61580000000000001       0.14520000000000000     
   75.000000000000000       0.44846896716385243        8.0000000000000004E-004   2.1200000000000000E-002  0.14040000000000000       0.65480000000000005       0.18279999999999999     
   76.000000000000000       0.80837317082073268        8.0000000000000004E-004   2.1200000000000000E-002  0.14040000000000000       0.65480000000000005       0.18279999999999999     
   77.000000000000000       0.83505644390619405        8.0000000000000004E-004   2.0600000000000000E-002  0.13800000000000001       0.64720000000000000       0.19339999999999999     
   78.000000000000000       0.86907211971438647        8.0000000000000004E-004   2.0400000000000001E-002  0.13619999999999999       0.64739999999999998       0.19520000000000001     
   79.000000000000000       0.88315592004502352        8.0000000000000004E-004   2.0400000000000001E-002  0.13580000000000000       0.64739999999999998       0.19560000000000000     
   80.000000000000000       0.88005035482375171        8.0000000000000004E-004   2.0400000000000001E-002  0.13580000000000000       0.64739999999999998       0.19560000000000000     
   81.000000000000000       0.89561474444800493        8.0000000000000004E-004   2.0199999999999999E-002  0.13600000000000001       0.61280000000000001       0.23019999999999999     
   82.000000000000000       0.87778023345443534        8.0000000000000004E-004   1.9400000000000001E-002  0.13320000000000001       0.61639999999999995       0.23019999999999999     
   83.000000000000000       0.88900285677927515        8.0000000000000004E-004   1.9400000000000001E-002  0.13300000000000001       0.61639999999999995       0.23039999999999999     
   84.000000000000000       0.87733422158950725        8.0000000000000004E-004   1.9199999999999998E-002  0.12959999999999999       0.61519999999999997       0.23519999999999999     
   85.000000000000000       0.86439134600020651        8.0000000000000004E-004   1.7999999999999999E-002  0.13080000000000000       0.61519999999999997       0.23519999999999999     
   86.000000000000000       0.83809600956972663        8.0000000000000004E-004   1.7999999999999999E-002  0.13080000000000000       0.61519999999999997       0.23519999999999999     
   87.000000000000000       0.81033169968603658        8.0000000000000004E-004   1.7999999999999999E-002  0.13059999999999999       0.61539999999999995       0.23519999999999999     
   88.000000000000000       0.85391251814166080        8.0000000000000004E-004   1.7600000000000001E-002  0.12580000000000000       0.62039999999999995       0.23540000000000000     
   89.000000000000000       0.77327521090470142        8.0000000000000004E-004   1.7600000000000001E-002  0.12580000000000000       0.61380000000000001       0.24199999999999999     
   90.000000000000000       0.73013568198401102        8.0000000000000004E-004   1.7600000000000001E-002   2.1999999999999999E-002  0.71760000000000002       0.24199999999999999     
   91.000000000000000       0.64308193244919587        8.0000000000000004E-004   1.6199999999999999E-002   3.3999999999999998E-003  0.29959999999999998       0.68000000000000005     
   92.000000000000000       0.91286681439271078        5.9999999999999995E-004   1.4000000000000000E-002   4.0000000000000001E-003  0.30140000000000000       0.68000000000000005     
   93.000000000000000        1.1383611762209840        5.9999999999999995E-004   1.2600000000000000E-002   4.4000000000000003E-003  0.30240000000000000       0.68000000000000005     
   94.000000000000000       0.91653280534733417        5.9999999999999995E-004   1.2600000000000000E-002   3.5999999999999999E-003  0.30280000000000001       0.68040000000000000     
   95.000000000000000       0.89103938370469604        5.9999999999999995E-004   1.2600000000000000E-002   0.0000000000000000       0.30459999999999998       0.68220000000000003     
   96.000000000000000       0.98347973803753552        5.9999999999999995E-004   1.2600000000000000E-002   4.0000000000000002E-004  0.24240000000000000       0.74399999999999999     
   97.000000000000000       0.89938677334707606        5.9999999999999995E-004   1.2600000000000000E-002   5.0000000000000001E-003  0.23660000000000000       0.74519999999999997     
   98.000000000000000       0.89393979254306832        5.9999999999999995E-004   1.2600000000000000E-002   0.0000000000000000       0.24160000000000001       0.74519999999999997     
   99.000000000000000       0.88715448578398792        8.0000000000000004E-004   1.0800000000000001E-002   3.3999999999999998E-003  0.23980000000000001       0.74519999999999997     
   100.00000000000000       0.29564265783419413        8.0000000000000004E-004   1.0800000000000001E-002   3.3999999999999998E-003  0.23920000000000000       0.74580000000000002     
   101.00000000000000       0.27408266679557880        8.0000000000000004E-004   1.0800000000000001E-002   3.0000000000000001E-003  0.23960000000000001       0.74580000000000002     
   102.00000000000000       0.25438630469426526        8.0000000000000004E-004   1.0800000000000001E-002   2.8000000000000000E-003  0.23960000000000001       0.74600000000000000     
   103.00000000000000       0.23677156721465142        8.0000000000000004E-004   1.0800000000000001E-002   2.3999999999999998E-003  0.23999999999999999       0.74600000000000000     
   104.00000000000000       0.22140158240209401        4.0000000000000002E-004   1.0999999999999999E-002   2.3999999999999998E-003  0.23980000000000001       0.74639999999999995     
   105.00000000000000       0.20910585240767304        4.0000000000000002E-004   1.0800000000000001E-002   2.5999999999999999E-003  0.23840000000000000       0.74780000000000002     
   106.00000000000000       0.19948330324103714        4.0000000000000002E-004   1.0800000000000001E-002   2.5999999999999999E-003  0.23840000000000000       0.74780000000000002     
   107.00000000000000       0.19356939645461455        4.0000000000000002E-004   1.0800000000000001E-002   2.5999999999999999E-003  0.23660000000000000       0.74960000000000004     
   108.00000000000000       0.19132666770713561        4.0000000000000002E-004   1.0800000000000001E-002   2.5999999999999999E-003  0.23660000000000000       0.74960000000000004     
   109.00000000000000       0.19338822822054158        9.5999999999999992E-003   1.4000000000000000E-003   2.8000000000000000E-003  0.23499999999999999       0.75119999999999998     
   110.00000000000000       0.19896295379861564        9.5999999999999992E-003   1.4000000000000000E-003   2.8000000000000000E-003  0.23480000000000001       0.75139999999999996     
   111.00000000000000       0.20841624746885343        9.4000000000000004E-003   1.4000000000000000E-003   2.5999999999999999E-003  0.23340000000000000       0.75319999999999998     
   112.00000000000000       0.22024988023696360        9.1999999999999998E-003   1.4000000000000000E-003   2.5999999999999999E-003  0.23319999999999999       0.75360000000000005     
   113.00000000000000       0.23597845646287410        8.9999999999999993E-003   1.4000000000000000E-003   2.5999999999999999E-003  0.22900000000000001       0.75800000000000001     
   114.00000000000000       0.25215038896293579        8.9999999999999993E-003   1.4000000000000000E-003   2.5999999999999999E-003  0.22900000000000001       0.75800000000000001     
   115.00000000000000       0.26951410136370951        8.9999999999999993E-003   1.4000000000000000E-003   2.3999999999999998E-003  0.22900000000000001       0.75819999999999999     
   116.00000000000000       0.28650010015995447        8.9999999999999993E-003   1.4000000000000000E-003   2.3999999999999998E-003  0.22520000000000001       0.76200000000000001     
   117.00000000000000       0.30916572363165995        8.8000000000000005E-003   1.4000000000000000E-003   2.5999999999999999E-003  0.22280000000000000       0.76439999999999997     
   118.00000000000000       0.32677379171386139        8.8000000000000005E-003   1.4000000000000000E-003   2.5999999999999999E-003  0.22259999999999999       0.76459999999999995     
   119.00000000000000       0.34495139932546293        8.8000000000000005E-003   1.4000000000000000E-003   2.5999999999999999E-003  0.21879999999999999       0.76839999999999997     
   120.00000000000000       0.36547799050000868        8.8000000000000005E-003   1.4000000000000000E-003   2.3999999999999998E-003  0.21900000000000000       0.76839999999999997     
   121.00000000000000       0.38396883527381981        8.8000000000000005E-003   1.4000000000000000E-003   2.2000000000000001E-003  0.21920000000000001       0.76839999999999997     
   122.00000000000000       0.40046320017572562        8.8000000000000005E-003   1.4000000000000000E-003   2.2000000000000001E-003  0.21920000000000001       0.76839999999999997     
   123.00000000000000       0.41704399428011635        8.8000000000000005E-003   1.4000000000000000E-003   2.3999999999999998E-003  0.21900000000000000       0.76839999999999997     
   124.00000000000000       0.43043464723728242        8.8000000000000005E-003   1.4000000000000000E-003   2.3999999999999998E-003  0.21900000000000000       0.76839999999999997     
   125.00000000000000       0.44268774830976265        7.4000000000000003E-003   2.8000000000000000E-003   2.3999999999999998E-003  0.21900000000000000       0.76839999999999997     
   126.00000000000000       0.45093406857712570        7.4000000000000003E-003   2.8000000000000000E-003   2.3999999999999998E-003  0.21900000000000000       0.76839999999999997     
   127.00000000000000       0.46525489423612243        7.4000000000000003E-003   2.8000000000000000E-003   2.3999999999999998E-003  0.21900000000000000       0.76839999999999997     
   128.00000000000000       0.47393818391863318        7.4000000000000003E-003   2.8000000000000000E-003   2.3999999999999998E-003  0.21900000000000000       0.76839999999999997     
   129.00000000000000       0.48123798820440389        7.4000000000000003E-003   2.8000000000000000E-003   2.3999999999999998E-003  0.21900000000000000       0.76839999999999997     
   130.00000000000000       0.48710014112458244        7.4000000000000003E-003   2.8000000000000000E-003   2.0000000000000000E-003  0.21940000000000001       0.76839999999999997     
   131.00000000000000       0.49334910934008197        7.4000000000000003E-003   2.8000000000000000E-003   2.2000000000000001E-003  0.21620000000000000       0.77139999999999997     
   132.00000000000000       0.49788671878128365        7.4000000000000003E-003   2.5999999999999999E-003   2.2000000000000001E-003  0.21400000000000000       0.77380000000000004     
   133.00000000000000       0.50047758540818665        7.4000000000000003E-003   2.5999999999999999E-003   2.3999999999999998E-003  0.21379999999999999       0.77380000000000004     
   134.00000000000000       0.50221542107450767        7.4000000000000003E-003   2.5999999999999999E-003   2.3999999999999998E-003  0.21340000000000001       0.77420000000000000     
   135.00000000000000       0.50282386123500955        7.4000000000000003E-003   2.5999999999999999E-003   2.3999999999999998E-003  0.21320000000000000       0.77439999999999998     
   136.00000000000000       0.50269411266572606        7.4000000000000003E-003   2.5999999999999999E-003   2.0000000000000000E-003  0.21340000000000001       0.77459999999999996     
   137.00000000000000       0.50178396407438197        7.4000000000000003E-003   2.5999999999999999E-003   1.8000000000000000E-003  0.21160000000000001       0.77659999999999996     
   138.00000000000000       0.50116825130159426        5.5999999999999999E-003   4.4000000000000003E-003   1.6000000000000001E-003  0.21179999999999999       0.77659999999999996     
   139.00000000000000       0.49998634253654445        5.5999999999999999E-003   4.4000000000000003E-003   1.6000000000000001E-003  0.21179999999999999       0.77659999999999996     
   140.00000000000000       0.49923165935441027        5.5999999999999999E-003   4.4000000000000003E-003   1.6000000000000001E-003  0.21179999999999999       0.77659999999999996     
   141.00000000000000       0.50226853026796781        5.5999999999999999E-003   4.4000000000000003E-003   1.6000000000000001E-003  0.20860000000000001       0.77980000000000005     
   142.00000000000000       0.50893740486439332        5.5999999999999999E-003   4.4000000000000003E-003   1.6000000000000001E-003  0.20720000000000000       0.78120000000000001     
   143.00000000000000       0.51866641477397979        5.5999999999999999E-003   4.4000000000000003E-003   1.6000000000000001E-003  0.20619999999999999       0.78220000000000001     
   144.00000000000000       0.53027135117109725        5.5999999999999999E-003   2.0000000000000000E-003   4.0000000000000001E-003  0.20619999999999999       0.78220000000000001     
   145.00000000000000       0.54115205313361825        5.5999999999999999E-003   2.0000000000000000E-003   4.0000000000000001E-003  0.20619999999999999       0.78220000000000001     
   146.00000000000000       0.55158832628117149        5.4000000000000003E-003   2.3999999999999998E-003   3.5999999999999999E-003  0.20660000000000001       0.78200000000000003     
   147.00000000000000        1.1085318830620015        4.7999999999999996E-003   3.0000000000000001E-003   3.3999999999999998E-003  0.17019999999999999       0.81859999999999999     
   148.00000000000000        1.7179228348416979        4.7999999999999996E-003   2.8000000000000000E-003   3.3999999999999998E-003  0.16760000000000000       0.82140000000000002     
   149.00000000000000        1.5827832256518595        4.7999999999999996E-003   2.8000000000000000E-003   3.0000000000000001E-003  0.16780000000000000       0.82160000000000000     
   150.00000000000000        1.7027243583480876        4.7999999999999996E-003   2.8000000000000000E-003   3.0000000000000001E-003  0.16520000000000001       0.82420000000000004     
   151.00000000000000        1.4041447737488297        4.7999999999999996E-003   2.5999999999999999E-003   2.8000000000000000E-003  0.16539999999999999       0.82440000000000002     
   152.00000000000000        1.6718164741044406        4.7999999999999996E-003   2.5999999999999999E-003   2.5999999999999999E-003  0.16560000000000000       0.82440000000000002     
   153.00000000000000        1.0836121861888972        4.7999999999999996E-003   1.8000000000000000E-003   2.3999999999999998E-003  0.16259999999999999       0.82840000000000003     
   154.00000000000000       0.52320645382611952        4.7999999999999996E-003   1.8000000000000000E-003   2.3999999999999998E-003  0.16259999999999999       0.82840000000000003     
   155.00000000000000       0.49781989415849787        4.7999999999999996E-003   1.8000000000000000E-003   2.3999999999999998E-003  0.16259999999999999       0.82840000000000003     
   156.00000000000000       0.46808802174049829        4.7999999999999996E-003   1.1999999999999999E-003   3.0000000000000001E-003  0.16259999999999999       0.82840000000000003     
   157.00000000000000       0.43504359026962069        4.7999999999999996E-003   1.1999999999999999E-003   2.8000000000000000E-003  0.16280000000000000       0.82840000000000003     
   158.00000000000000       0.39859332443746515        4.7999999999999996E-003   1.1999999999999999E-003   2.8000000000000000E-003  0.16280000000000000       0.82840000000000003     
   159.00000000000000       0.35889507489585137        4.7999999999999996E-003   1.1999999999999999E-003   3.8000000000000000E-003  0.16159999999999999       0.82860000000000000     
   160.00000000000000       0.32114039955294843        0.0000000000000000        6.0000000000000001E-003   3.3999999999999998E-003  0.16200000000000001       0.82860000000000000     
   161.00000000000000       0.28519580443001219        0.0000000000000000        6.0000000000000001E-003   3.3999999999999998E-003  0.16159999999999999       0.82899999999999996     
   162.00000000000000       0.25106357790140349        0.0000000000000000        6.0000000000000001E-003   3.2000000000000002E-003  0.16159999999999999       0.82920000000000005     
   163.00000000000000       0.22159703458586727        0.0000000000000000        6.0000000000000001E-003   3.2000000000000002E-003  0.16180000000000000       0.82899999999999996     
   164.00000000000000       0.19883004111187047        0.0000000000000000        6.0000000000000001E-003   3.2000000000000002E-003  0.16180000000000000       0.82899999999999996     
   165.00000000000000       0.18353014956985980        0.0000000000000000        6.0000000000000001E-003   3.2000000000000002E-003  0.16180000000000000       0.82899999999999996     
   166.00000000000000       0.17932780020676239        0.0000000000000000        6.1999999999999998E-003   2.5999999999999999E-003  0.16120000000000001       0.82999999999999996     
   167.00000000000000       0.17912034864242640        0.0000000000000000        6.0000000000000001E-003   2.5999999999999999E-003  0.18379999999999999       0.80759999999999998     
   168.00000000000000       0.18497314205759693        0.0000000000000000        6.0000000000000001E-003   2.5999999999999999E-003  0.18360000000000001       0.80779999999999996     
   169.00000000000000       0.19208938227902705        0.0000000000000000        6.0000000000000001E-003   2.5999999999999999E-003  0.18640000000000001       0.80500000000000005     
   170.00000000000000       0.19890996920776524        0.0000000000000000        6.0000000000000001E-003   2.3999999999999998E-003  0.18659999999999999       0.80500000000000005     
   171.00000000000000       0.20514165024333095        0.0000000000000000        6.0000000000000001E-003   2.3999999999999998E-003  0.18520000000000000       0.80640000000000001     
   172.00000000000000       0.20987467324188167        0.0000000000000000        5.7999999999999996E-003   2.3999999999999998E-003  0.18820000000000001       0.80359999999999998     
   173.00000000000000       0.21386404308962670        0.0000000000000000        5.7999999999999996E-003   2.3999999999999998E-003  0.18740000000000001       0.80440000000000000     
   174.00000000000000       0.21656821189807166        0.0000000000000000        4.1999999999999997E-003   4.0000000000000001E-003  0.18759999999999999       0.80420000000000003     
   175.00000000000000       0.21758330860477373        0.0000000000000000        4.0000000000000001E-003   4.0000000000000001E-003  0.19000000000000000       0.80200000000000005     
   176.00000000000000       0.21768528229792647        0.0000000000000000        4.0000000000000001E-003   4.0000000000000001E-003  0.18980000000000000       0.80220000000000002     
   177.00000000000000       0.21715481526262387        0.0000000000000000        4.0000000000000001E-003   4.0000000000000001E-003  0.18940000000000001       0.80259999999999998     
   178.00000000000000       0.21561731772421885        0.0000000000000000        3.8000000000000000E-003   4.0000000000000001E-003  0.18920000000000001       0.80300000000000005     
   179.00000000000000       0.21189236708281989        0.0000000000000000        3.8000000000000000E-003   4.0000000000000001E-003  0.19159999999999999       0.80059999999999998     
   180.00000000000000       0.20775739954053324        0.0000000000000000        3.8000000000000000E-003   1.7399999999999999E-002  0.17760000000000001       0.80120000000000002     
   181.00000000000000       0.20566489171921912        0.0000000000000000        3.8000000000000000E-003   2.0400000000000001E-002  0.17760000000000001       0.79820000000000002     
   182.00000000000000       0.20630958820280326        2.0000000000000000E-003   1.8000000000000000E-003   2.0400000000000001E-002  0.17760000000000001       0.79820000000000002     
   183.00000000000000       0.20672946866701974        2.0000000000000000E-003   1.8000000000000000E-003   1.9800000000000002E-002  0.17760000000000001       0.79879999999999995     
   184.00000000000000       0.20616345441331826        2.0000000000000000E-003   1.8000000000000000E-003   1.9800000000000002E-002  0.17760000000000001       0.79879999999999995     
   185.00000000000000       0.20565208214613862        2.0000000000000000E-003   1.8000000000000000E-003   1.9800000000000002E-002  0.17760000000000001       0.79879999999999995     
   186.00000000000000       0.21676673151637724        2.0000000000000000E-003   1.8000000000000000E-003   1.9800000000000002E-002  0.17760000000000001       0.79879999999999995     
   187.00000000000000       0.20371480841967410        3.2000000000000002E-003   5.9999999999999995E-004   1.9800000000000002E-002  0.17760000000000001       0.79879999999999995     
   188.00000000000000       0.21346279043479524        3.2000000000000002E-003   5.9999999999999995E-004   1.9000000000000000E-002  0.17760000000000001       0.79959999999999998     
   189.00000000000000       0.19988271422687567        3.2000000000000002E-003   5.9999999999999995E-004   2.0000000000000000E-002  0.17760000000000001       0.79859999999999998     
   190.00000000000000       0.19677669011977023        3.2000000000000002E-003   5.9999999999999995E-004   2.7799999999999998E-002  0.16940000000000000       0.79900000000000004     
   191.00000000000000       0.19806542967022647        3.2000000000000002E-003   5.9999999999999995E-004   2.7799999999999998E-002  0.16880000000000001       0.79959999999999998     
   192.00000000000000       0.19856800150557308        3.2000000000000002E-003   5.9999999999999995E-004   2.7799999999999998E-002  0.16880000000000001       0.79959999999999998     
   193.00000000000000       0.19797799859527421        3.2000000000000002E-003   5.9999999999999995E-004   2.7799999999999998E-002  0.16860000000000000       0.79979999999999996     
   194.00000000000000       0.19705899487420497        3.2000000000000002E-003   8.0000000000000004E-004   2.7600000000000000E-002  0.16860000000000000       0.79979999999999996     
   195.00000000000000       0.19513986329293084        3.2000000000000002E-003   8.0000000000000004E-004   2.7600000000000000E-002  0.16839999999999999       0.80000000000000004     
   196.00000000000000       0.19400242646221791        3.2000000000000002E-003   8.0000000000000004E-004   2.7600000000000000E-002  0.16819999999999999       0.80020000000000002     
   197.00000000000000       0.19085767409210214        3.3999999999999998E-003   8.0000000000000004E-004   2.7400000000000001E-002  0.16780000000000000       0.80059999999999998     
   198.00000000000000       0.18733798041416530        3.3999999999999998E-003   8.0000000000000004E-004   2.7400000000000001E-002  0.16739999999999999       0.80100000000000005     
   199.00000000000000       0.18283281302036306        3.3999999999999998E-003   8.0000000000000004E-004   2.7400000000000001E-002  0.16739999999999999       0.80100000000000005     
   200.00000000000000       0.17819452730741400        3.3999999999999998E-003   8.0000000000000004E-004   2.7400000000000001E-002  0.16700000000000001       0.80140000000000000     
   201.00000000000000       0.17296175464034286        3.5999999999999999E-003   5.9999999999999995E-004   2.7199999999999998E-002  0.16719999999999999       0.80140000000000000     
   202.00000000000000       0.16788291478786060        3.5999999999999999E-003   5.9999999999999995E-004   2.7199999999999998E-002  0.16719999999999999       0.80140000000000000     
   203.00000000000000       0.16377932880062746        3.5999999999999999E-003   5.9999999999999995E-004   2.7199999999999998E-002  0.16719999999999999       0.80140000000000000     
   204.00000000000000       0.16057274038846020        3.5999999999999999E-003   5.9999999999999995E-004   2.7199999999999998E-002  0.16700000000000001       0.80159999999999998     
   205.00000000000000       0.15905858461849637        0.0000000000000000        4.1999999999999997E-003   2.7199999999999998E-002  0.16560000000000000       0.80300000000000005     
   206.00000000000000       0.15973593236621145        0.0000000000000000        4.1999999999999997E-003   2.7199999999999998E-002  0.16159999999999999       0.80700000000000005     
   207.00000000000000       0.16218463067310826        0.0000000000000000        4.1999999999999997E-003   2.7199999999999998E-002  0.16120000000000001       0.80740000000000001     
   208.00000000000000       0.16682226271727660        0.0000000000000000        4.1999999999999997E-003   2.6800000000000001E-002  0.16120000000000001       0.80779999999999996     
   209.00000000000000       0.17359343552728920        0.0000000000000000        4.1999999999999997E-003   2.6800000000000001E-002  0.15980000000000000       0.80920000000000003     
   210.00000000000000       0.18248324503700183        0.0000000000000000        4.1999999999999997E-003   2.6800000000000001E-002  0.15980000000000000       0.80920000000000003     
   211.00000000000000       0.19335651432654144        0.0000000000000000        4.1999999999999997E-003   2.6800000000000001E-002  0.15980000000000000       0.80920000000000003     
   212.00000000000000       0.20634511071242628        0.0000000000000000        4.1999999999999997E-003   2.6599999999999999E-002  0.15780000000000000       0.81140000000000001     
   213.00000000000000       0.22047261669647403        0.0000000000000000        4.1999999999999997E-003   2.6599999999999999E-002  0.15520000000000000       0.81399999999999995     
   214.00000000000000       0.23502657274321706        0.0000000000000000        4.1999999999999997E-003   2.6599999999999999E-002  0.15520000000000000       0.81399999999999995     
   215.00000000000000       0.24999517890712927        0.0000000000000000        4.1999999999999997E-003   2.6599999999999999E-002  0.15520000000000000       0.81399999999999995     
   216.00000000000000       0.26526494829325437        0.0000000000000000        4.1999999999999997E-003   2.6599999999999999E-002  0.15520000000000000       0.81399999999999995     
