#        BMIN =   404
#        BMAX =   408
#     INIBAND =   406
#      NBANDS =   540
#         NSW =  2000
#       POTIM =   1.0
#        TEMP = 300.0
#    NAMDTINI =   181
#    NAMDTIME =  1000
#       NTRAJ =  5000
#        NELM =  1000
#       LHOLE =     T
#        LSHP =     T
#      LCPTXT =     T
#      RUNDIR = ../../run/
   1.0000000000000000       0.16240899788552504        0.0000000000000000        0.0000000000000000        1.0000000000000000        0.0000000000000000        0.0000000000000000     
   2.0000000000000000       0.16627591496942273        0.0000000000000000        0.0000000000000000       0.99680000000000002        3.2000000000000002E-003   0.0000000000000000     
   3.0000000000000000       0.16760465671158586        0.0000000000000000        0.0000000000000000       0.99700000000000000        3.0000000000000001E-003   0.0000000000000000     
   4.0000000000000000       0.16660833587949558        0.0000000000000000        0.0000000000000000       0.99700000000000000        3.0000000000000001E-003   0.0000000000000000     
   5.0000000000000000       0.16357014773285275        0.0000000000000000        0.0000000000000000       0.99700000000000000        3.0000000000000001E-003   0.0000000000000000     
   6.0000000000000000       0.15823198746999612        0.0000000000000000        0.0000000000000000       0.99700000000000000        3.0000000000000001E-003   0.0000000000000000     
   7.0000000000000000       0.15108481480553906        0.0000000000000000        0.0000000000000000       0.99700000000000000        3.0000000000000001E-003   0.0000000000000000     
   8.0000000000000000       0.14156583092315850        0.0000000000000000        0.0000000000000000       0.99560000000000004        3.2000000000000002E-003   1.1999999999999999E-003
   9.0000000000000000       0.13177046206304374        0.0000000000000000        0.0000000000000000       0.98899999999999999        3.2000000000000002E-003   7.7999999999999996E-003
   10.000000000000000       0.11857049945275171        0.0000000000000000        0.0000000000000000       0.98899999999999999        3.2000000000000002E-003   7.7999999999999996E-003
   11.000000000000000       0.10526220455586691        0.0000000000000000        0.0000000000000000       0.98899999999999999        1.8000000000000000E-003   9.1999999999999998E-003
   12.000000000000000        9.0564112250326456E-002   0.0000000000000000        0.0000000000000000       0.98680000000000001        1.8000000000000000E-003   1.1400000000000000E-002
   13.000000000000000        7.5911704668648147E-002   0.0000000000000000        0.0000000000000000       0.98660000000000003        2.0000000000000000E-003   1.1400000000000000E-002
   14.000000000000000        6.1355307477123068E-002   0.0000000000000000        0.0000000000000000       0.98640000000000005        2.2000000000000001E-003   1.1400000000000000E-002
   15.000000000000000        4.7951584117583913E-002   0.0000000000000000        0.0000000000000000       0.98399999999999999        3.2000000000000002E-003   1.2800000000000001E-002
   16.000000000000000        3.3992648822434815E-002   0.0000000000000000        0.0000000000000000       0.98219999999999996        3.8000000000000000E-003   1.4000000000000000E-002
   17.000000000000000        2.0892097930472978E-002   0.0000000000000000        0.0000000000000000       0.97999999999999998        3.8000000000000000E-003   1.6199999999999999E-002
   18.000000000000000        6.9899181540080037E-003   0.0000000000000000        0.0000000000000000       0.97999999999999998        3.8000000000000000E-003   1.6199999999999999E-002
   19.000000000000000       -7.2789638468296319E-003   0.0000000000000000        0.0000000000000000       0.97999999999999998        3.5999999999999999E-003   1.6400000000000001E-002
   20.000000000000000       -2.1571379425873387E-002   0.0000000000000000        0.0000000000000000       0.97919999999999996        3.8000000000000000E-003   1.7000000000000001E-002
   21.000000000000000       -3.6154115907858296E-002   0.0000000000000000        0.0000000000000000       0.97680000000000000        4.7999999999999996E-003   1.8400000000000000E-002
   22.000000000000000       -5.2989941238054214E-002   0.0000000000000000       0.29320000000000002       0.68179999999999996        6.1999999999999998E-003   1.8800000000000001E-002
   23.000000000000000       -4.2346426489374464E-002   0.0000000000000000       0.29320000000000002       0.68179999999999996        5.7999999999999996E-003   1.9199999999999998E-002
   24.000000000000000       -3.1331652130857285E-002   0.0000000000000000       0.29320000000000002       0.68179999999999996        5.7999999999999996E-003   1.9199999999999998E-002
   25.000000000000000       -2.3510649787591414E-002   0.0000000000000000       0.29299999999999998       0.68179999999999996        6.0000000000000001E-003   1.9199999999999998E-002
   26.000000000000000       -1.9365621428184286E-002   0.0000000000000000       0.29280000000000000       0.68179999999999996        6.1999999999999998E-003   1.9199999999999998E-002
   27.000000000000000       -1.9193545216975964E-002   0.0000000000000000       0.29280000000000000       0.68179999999999996        6.1999999999999998E-003   1.9199999999999998E-002
   28.000000000000000       -2.2927674582491724E-002   0.0000000000000000       0.29280000000000000       0.68179999999999996        6.1999999999999998E-003   1.9199999999999998E-002
   29.000000000000000       -3.0597163760621236E-002   0.0000000000000000       0.29260000000000003       0.68179999999999996        6.1999999999999998E-003   1.9400000000000001E-002
   30.000000000000000       -4.2065044541748101E-002   0.0000000000000000       0.29260000000000003       0.68179999999999996        6.1999999999999998E-003   1.9400000000000001E-002
   31.000000000000000       -5.6766898921306569E-002   0.0000000000000000       0.29260000000000003       0.68179999999999996        6.0000000000000001E-003   1.9599999999999999E-002
   32.000000000000000       -7.5495140041256292E-002   0.0000000000000000       0.29260000000000003       0.68179999999999996        6.0000000000000001E-003   1.9599999999999999E-002
   33.000000000000000       -9.7315292577289728E-002   0.0000000000000000       0.33320000000000000       0.64100000000000001        6.1999999999999998E-003   1.9599999999999999E-002
   34.000000000000000      -0.11631624580348482        0.0000000000000000       0.33320000000000000       0.64080000000000004        6.4000000000000003E-003   1.9599999999999999E-002
   35.000000000000000      -0.12236650501252515        0.0000000000000000       0.33320000000000000       0.64080000000000004        6.4000000000000003E-003   1.9599999999999999E-002
   36.000000000000000      -0.12797227602876748        1.0000000000000000E-003  0.33220000000000000       0.64080000000000004        6.4000000000000003E-003   1.9599999999999999E-002
   37.000000000000000      -0.11896920478523443        5.9999999999999995E-004  0.33260000000000001       0.64080000000000004        6.4000000000000003E-003   1.9599999999999999E-002
   38.000000000000000      -0.10173512856396338        5.9999999999999995E-004  0.33200000000000002       0.63959999999999995        7.4000000000000003E-003   2.0400000000000001E-002
   39.000000000000000       -8.3733257555702517E-002   5.9999999999999995E-004  0.32840000000000003       0.64300000000000002        7.4000000000000003E-003   2.0600000000000000E-002
   40.000000000000000       -6.5965748845219080E-002   5.9999999999999995E-004  0.32840000000000003       0.64239999999999997        7.4000000000000003E-003   2.1200000000000000E-002
   41.000000000000000       -4.7783366348707425E-002   4.0000000000000002E-004  0.32519999999999999       0.64419999999999999        8.0000000000000002E-003   2.2200000000000001E-002
   42.000000000000000       -3.1362778865850822E-002   4.0000000000000002E-004  0.32460000000000000       0.64419999999999999        8.3999999999999995E-003   2.2400000000000000E-002
   43.000000000000000       -1.5767322375933385E-002   4.0000000000000002E-004  0.31640000000000001       0.65220000000000000        8.3999999999999995E-003   2.2599999999999999E-002
   44.000000000000000       -1.4205920259476625E-003   4.0000000000000002E-004  0.31600000000000000       0.64959999999999996        8.6000000000000000E-003   2.5399999999999999E-002
   45.000000000000000        1.0352363391357380E-002   4.0000000000000002E-004  0.30900000000000000       0.65659999999999996        8.6000000000000000E-003   2.5399999999999999E-002
   46.000000000000000        1.9666672071724220E-002   2.0000000000000001E-004  0.30880000000000002       0.65680000000000005        8.6000000000000000E-003   2.5600000000000001E-002
   47.000000000000000        2.6766206751050910E-002   2.0000000000000001E-004  0.30959999999999999       0.65439999999999998        1.0200000000000001E-002   2.5600000000000001E-002
   48.000000000000000        3.2012172078615397E-002   2.0000000000000001E-004  0.30880000000000002       0.65420000000000000        1.0200000000000001E-002   2.6599999999999999E-002
   49.000000000000000        3.8651728523503411E-002   0.0000000000000000       0.27979999999999999       0.68240000000000001        1.0200000000000001E-002   2.7600000000000000E-002
   50.000000000000000        4.1108312156632680E-002   0.0000000000000000       0.27520000000000000       0.68700000000000006        1.0200000000000001E-002   2.7600000000000000E-002
   51.000000000000000        4.2073680499735339E-002   0.0000000000000000       0.27560000000000001       0.68600000000000005        1.0200000000000001E-002   2.8199999999999999E-002
   52.000000000000000        4.4332976420545622E-002   0.0000000000000000       0.26679999999999998       0.69399999999999995        9.5999999999999992E-003   2.9600000000000001E-002
   53.000000000000000        4.4641510694809289E-002   0.0000000000000000       0.26600000000000001       0.69440000000000002        8.9999999999999993E-003   3.0599999999999999E-002
   54.000000000000000        4.4203295386620364E-002   0.0000000000000000       0.26319999999999999       0.69699999999999995        8.9999999999999993E-003   3.0800000000000001E-002
   55.000000000000000        4.1800906047777309E-002   5.0000000000000003E-002  0.21320000000000000       0.69560000000000000        8.9999999999999993E-003   3.2199999999999999E-002
   56.000000000000000        5.0121462786987640E-002   4.7399999999999998E-002  0.21320000000000000       0.69820000000000004        8.9999999999999993E-003   3.2199999999999999E-002
   57.000000000000000        6.2264087298668523E-002   4.7399999999999998E-002  0.21320000000000000       0.69420000000000004        1.2999999999999999E-002   3.2199999999999999E-002
   58.000000000000000        7.3988698740466291E-002   4.7399999999999998E-002  0.21320000000000000       0.68179999999999996        2.5399999999999999E-002   3.2199999999999999E-002
   59.000000000000000        7.9600853224107107E-002   4.7399999999999998E-002  0.21320000000000000       0.68220000000000003        2.5000000000000001E-002   3.2199999999999999E-002
   60.000000000000000        8.1431990456578257E-002   4.7199999999999999E-002   2.0000000000000001E-004  0.89539999999999997        2.4799999999999999E-002   3.2399999999999998E-002
   61.000000000000000        7.9538535970856333E-002   4.7199999999999999E-002   2.0000000000000001E-004  0.89539999999999997        2.4799999999999999E-002   3.2399999999999998E-002
   62.000000000000000        9.7590036447803952E-002   4.7199999999999999E-002   2.0000000000000001E-004  0.88219999999999998        3.7999999999999999E-002   3.2399999999999998E-002
   63.000000000000000       0.10164647752790305        4.7199999999999999E-002   2.0000000000000001E-004  0.88060000000000005        3.7999999999999999E-002   3.4000000000000002E-002
   64.000000000000000        9.6294863199328909E-002   4.7199999999999999E-002   2.0000000000000001E-004  0.87939999999999996        3.7999999999999999E-002   3.5200000000000002E-002
   65.000000000000000        8.7741306494436996E-002   4.7199999999999999E-002   2.0000000000000001E-004  0.87939999999999996        3.7999999999999999E-002   3.5200000000000002E-002
   66.000000000000000        7.3664384445328773E-002   4.7199999999999999E-002   2.0000000000000001E-004  0.87939999999999996        3.7999999999999999E-002   3.5200000000000002E-002
   67.000000000000000        6.1726548169029061E-002   4.7199999999999999E-002   2.0000000000000001E-004  0.87980000000000003        3.7600000000000001E-002   3.5200000000000002E-002
   68.000000000000000        5.3123175078877302E-002   4.7199999999999999E-002   2.0000000000000001E-004   0.0000000000000000       0.91700000000000004        3.5600000000000000E-002
   69.000000000000000        3.5082529063087571E-002   4.7199999999999999E-002   2.0000000000000001E-004   0.0000000000000000       0.91659999999999997        3.5999999999999997E-002
   70.000000000000000        2.5904395943578802E-002   4.7199999999999999E-002   2.0000000000000001E-004   0.0000000000000000       0.91239999999999999        4.0200000000000000E-002
   71.000000000000000        1.5309219134958738E-002   4.7199999999999999E-002   2.0000000000000001E-004   2.5999999999999999E-003  0.90939999999999999        4.0599999999999997E-002
   72.000000000000000        6.3448528841606785E-003   4.7199999999999999E-002   2.0000000000000001E-004   4.0000000000000002E-004  0.91039999999999999        4.1799999999999997E-002
   73.000000000000000        8.9891126778502556E-005   4.6600000000000003E-002   2.0000000000000001E-004   2.0799999999999999E-002  0.89000000000000001        4.2400000000000000E-002
   74.000000000000000        3.4464978936553890E-004   4.6600000000000003E-002   2.0000000000000001E-004   6.4000000000000001E-002  0.84680000000000000        4.2400000000000000E-002
   75.000000000000000        9.3232734627582206E-003   4.6399999999999997E-002   2.0000000000000001E-004   6.8400000000000002E-002  0.84260000000000002        4.2400000000000000E-002
   76.000000000000000        2.4207660094431944E-002   1.3599999999999999E-002   3.2800000000000003E-002   6.4799999999999996E-002  0.84640000000000004        4.2400000000000000E-002
   77.000000000000000        3.9382254239595751E-002   1.3599999999999999E-002   3.2599999999999997E-002   7.4399999999999994E-002  0.83699999999999997        4.2400000000000000E-002
   78.000000000000000        5.5906359210910299E-002   1.2800000000000001E-002   3.3399999999999999E-002   7.9799999999999996E-002  0.83140000000000003        4.2599999999999999E-002
   79.000000000000000        7.5116467536215786E-002   1.2800000000000001E-002   3.3200000000000000E-002   8.2199999999999995E-002  0.82920000000000005        4.2599999999999999E-002
   80.000000000000000        9.0639859076123541E-002   1.2600000000000000E-002   3.2399999999999998E-002   8.4800000000000000E-002  0.82760000000000000        4.2599999999999999E-002
   81.000000000000000        9.0816940369349342E-002   1.2400000000000000E-002   3.2399999999999998E-002   7.6600000000000001E-002  0.83499999999999996        4.3600000000000000E-002
   82.000000000000000        9.6549948666680749E-002   1.2400000000000000E-002   3.2199999999999999E-002   7.3400000000000007E-002  0.83640000000000003        4.5600000000000002E-002
   83.000000000000000       0.13989187578856732        1.2400000000000000E-002   3.2199999999999999E-002   7.4800000000000005E-002  0.83499999999999996        4.5600000000000002E-002
   84.000000000000000       0.17803799722699734        1.2400000000000000E-002   3.0800000000000001E-002   7.6200000000000004E-002  0.83499999999999996        4.5600000000000002E-002
   85.000000000000000       0.21466373102137018        1.2600000000000000E-002   3.0599999999999999E-002   6.9199999999999998E-002  0.84160000000000001        4.5999999999999999E-002
   86.000000000000000       0.22008134912520458        1.2400000000000000E-002   3.0800000000000001E-002   6.3799999999999996E-002  0.84699999999999998        4.5999999999999999E-002
   87.000000000000000       0.23715588010880426        1.1599999999999999E-002   3.1399999999999997E-002   6.4000000000000001E-002  0.84699999999999998        4.5999999999999999E-002
   88.000000000000000       0.14191751554176926        8.0000000000000004E-004   6.7999999999999996E-003   6.3600000000000004E-002  0.86739999999999995        6.1400000000000003E-002
   89.000000000000000        1.3517044742063915        8.0000000000000004E-004   6.0000000000000001E-003   6.2399999999999997E-002  0.83760000000000001        9.3200000000000005E-002
   90.000000000000000       0.55448318574663624        4.0000000000000002E-004   6.0000000000000001E-003   6.2600000000000003E-002  0.83360000000000001        9.7400000000000000E-002
   91.000000000000000       0.55462045445590691        4.0000000000000002E-004   5.7999999999999996E-003   5.8000000000000003E-002  0.83840000000000003        9.7400000000000000E-002
   92.000000000000000       0.61368345593777929        1.0000000000000000E-003   5.1999999999999998E-003   0.0000000000000000       0.77420000000000000       0.21959999999999999     
   93.000000000000000       0.40781441316818978        1.0000000000000000E-003   5.1999999999999998E-003   0.0000000000000000       0.77220000000000000       0.22159999999999999     
   94.000000000000000       0.42131849181837899        1.0000000000000000E-003   5.1999999999999998E-003   0.0000000000000000       0.77220000000000000       0.22159999999999999     
   95.000000000000000       0.43318963972643099        1.0000000000000000E-003   5.1999999999999998E-003   0.0000000000000000       0.75800000000000001       0.23580000000000001     
   96.000000000000000       0.44013322449879499        1.0000000000000000E-003   5.1999999999999998E-003   0.0000000000000000       0.75080000000000002       0.24299999999999999     
   97.000000000000000       0.44418071900882650        1.0000000000000000E-003   5.1999999999999998E-003   0.0000000000000000       0.75139999999999996       0.24240000000000000     
   98.000000000000000       0.44537708824101441        1.0000000000000000E-003   5.1999999999999998E-003   0.0000000000000000       0.75139999999999996       0.24240000000000000     
   99.000000000000000       0.44470375591025763        1.0000000000000000E-003   5.1999999999999998E-003   0.0000000000000000       0.75319999999999998       0.24060000000000001     
   100.00000000000000       0.44243944529361673        1.0000000000000000E-003   5.1999999999999998E-003   0.0000000000000000       0.74839999999999995       0.24540000000000001     
   101.00000000000000       0.43740528920683819        1.0000000000000000E-003   5.1999999999999998E-003   0.0000000000000000       0.74619999999999997       0.24759999999999999     
   102.00000000000000       0.43039318872801113        1.0000000000000000E-003   5.1999999999999998E-003   0.0000000000000000       0.74619999999999997       0.24759999999999999     
   103.00000000000000       0.42203178196003155        1.0000000000000000E-003   5.1999999999999998E-003   0.0000000000000000       0.74580000000000002       0.24800000000000000     
   104.00000000000000       0.41222621138240861        1.0000000000000000E-003   5.1999999999999998E-003   0.0000000000000000       0.74560000000000004       0.24820000000000000     
   105.00000000000000       0.40133546543491017        1.0000000000000000E-003   5.1999999999999998E-003   0.0000000000000000       0.74560000000000004       0.24820000000000000     
   106.00000000000000       0.38920709526206571        8.0000000000000004E-004   5.1999999999999998E-003   0.0000000000000000       0.74539999999999995       0.24859999999999999     
   107.00000000000000       0.37700921106481172        8.0000000000000004E-004   5.1999999999999998E-003   0.0000000000000000       0.71940000000000004       0.27460000000000001     
   108.00000000000000       0.36311585807742097        8.0000000000000004E-004   5.1999999999999998E-003   0.0000000000000000       0.72760000000000002       0.26640000000000003     
   109.00000000000000       0.34879701054034401        8.0000000000000004E-004   5.1999999999999998E-003   0.0000000000000000       0.73140000000000005       0.26260000000000000     
   110.00000000000000       0.33560067355104911        8.0000000000000004E-004   5.0000000000000001E-003   2.0000000000000001E-004  0.72819999999999996       0.26579999999999998     
   111.00000000000000       0.32196047403623529        8.0000000000000004E-004   5.0000000000000001E-003   2.0000000000000001E-004  0.73340000000000005       0.26060000000000000     
   112.00000000000000       0.30916920351228228        8.0000000000000004E-004   4.7999999999999996E-003   2.0000000000000001E-004  0.71819999999999995       0.27600000000000002     
   113.00000000000000       0.29715515306309709        8.0000000000000004E-004   4.7999999999999996E-003   2.0000000000000001E-004  0.69259999999999999       0.30159999999999998     
   114.00000000000000       0.28517428372362091        3.3999999999999998E-003   2.2000000000000001E-003   2.0000000000000001E-004  0.69799999999999995       0.29620000000000002     
   115.00000000000000       0.27357010160502854        3.3999999999999998E-003   2.2000000000000001E-003   2.0000000000000001E-004  0.70979999999999999       0.28439999999999999     
   116.00000000000000       0.26321871325008661        3.3999999999999998E-003   2.2000000000000001E-003   2.0000000000000001E-004  0.71360000000000001       0.28060000000000002     
   117.00000000000000       0.25508829610083650        3.3999999999999998E-003   1.4000000000000000E-003   1.0000000000000000E-003  0.68040000000000000       0.31380000000000002     
   118.00000000000000       0.24692090108623696        3.3999999999999998E-003   1.4000000000000000E-003   1.0000000000000000E-003  0.67520000000000002       0.31900000000000001     
   119.00000000000000       0.24084053915385645        3.3999999999999998E-003   1.4000000000000000E-003   1.0000000000000000E-003  0.65559999999999996       0.33860000000000001     
   120.00000000000000       0.23496186203976432        3.3999999999999998E-003   1.4000000000000000E-003   1.0000000000000000E-003  0.65420000000000000       0.34000000000000002     
   121.00000000000000       0.23010180708247141        3.3999999999999998E-003   1.4000000000000000E-003   1.0000000000000000E-003  0.64759999999999995       0.34660000000000002     
   122.00000000000000       0.22735590175570231        3.2000000000000002E-003   1.4000000000000000E-003   1.0000000000000000E-003  0.64739999999999998       0.34699999999999998     
   123.00000000000000       0.22593831354507454        3.2000000000000002E-003   1.4000000000000000E-003   1.0000000000000000E-003  0.64739999999999998       0.34699999999999998     
   124.00000000000000       0.22544442770163525        3.0000000000000001E-003   1.4000000000000000E-003   1.0000000000000000E-003  0.64759999999999995       0.34699999999999998     
   125.00000000000000       0.22827599383971894        2.8000000000000000E-003   1.4000000000000000E-003   1.0000000000000000E-003  0.64820000000000000       0.34660000000000002     
   126.00000000000000       0.23172665201978548        2.8000000000000000E-003   1.4000000000000000E-003   1.0000000000000000E-003  0.64520000000000000       0.34960000000000002     
   127.00000000000000       0.23681095105349753        2.8000000000000000E-003   1.4000000000000000E-003   1.0000000000000000E-003  0.64800000000000002       0.34680000000000000     
   128.00000000000000       0.24323864360264777        2.8000000000000000E-003   1.4000000000000000E-003   1.0000000000000000E-003  0.64859999999999995       0.34620000000000001     
   129.00000000000000       0.25099013793019687        2.5999999999999999E-003   1.4000000000000000E-003   1.0000000000000000E-003  0.64980000000000004       0.34520000000000001     
   130.00000000000000       0.25994453426966346        2.5999999999999999E-003   1.4000000000000000E-003   1.0000000000000000E-003  0.64880000000000004       0.34620000000000001     
   131.00000000000000       0.26982962527932991        2.5999999999999999E-003   1.4000000000000000E-003   1.0000000000000000E-003  0.64900000000000002       0.34599999999999997     
   132.00000000000000       0.28030915182816085        2.2000000000000001E-003   1.4000000000000000E-003   1.1999999999999999E-003  0.64980000000000004       0.34539999999999998     
   133.00000000000000       0.29090743252245543        2.2000000000000001E-003   1.4000000000000000E-003   1.1999999999999999E-003  0.64939999999999998       0.34580000000000000     
   134.00000000000000       0.30170478866936434        2.0000000000000000E-003   1.1999999999999999E-003   1.4000000000000000E-003  0.64959999999999996       0.34580000000000000     
   135.00000000000000       0.31184513346519477        2.0000000000000000E-003   1.0000000000000000E-003   1.1999999999999999E-003  0.65000000000000002       0.34580000000000000     
   136.00000000000000       0.32127782112644310        2.0000000000000000E-003   1.0000000000000000E-003   1.1999999999999999E-003  0.65000000000000002       0.34580000000000000     
   137.00000000000000       0.32964544145183705        2.0000000000000000E-003   1.0000000000000000E-003   1.1999999999999999E-003  0.65000000000000002       0.34580000000000000     
   138.00000000000000       0.33697660060363854        2.0000000000000000E-003   1.0000000000000000E-003   1.1999999999999999E-003  0.65000000000000002       0.34580000000000000     
   139.00000000000000       0.34265089631836060        2.0000000000000000E-003   8.0000000000000004E-004   1.4000000000000000E-003  0.64859999999999995       0.34720000000000001     
   140.00000000000000       0.34710584585505994        2.0000000000000000E-003   8.0000000000000004E-004   1.4000000000000000E-003  0.64539999999999997       0.35039999999999999     
   141.00000000000000       0.34890891601164598        2.0000000000000000E-003   8.0000000000000004E-004   1.4000000000000000E-003  0.64539999999999997       0.35039999999999999     
   142.00000000000000       0.34923412673436938        2.0000000000000000E-003   8.0000000000000004E-004   1.4000000000000000E-003  0.64339999999999997       0.35239999999999999     
   143.00000000000000       0.34781206965726519        2.0000000000000000E-003   8.0000000000000004E-004   1.4000000000000000E-003  0.64080000000000004       0.35499999999999998     
   144.00000000000000       0.34411770643530559        2.0000000000000000E-003   8.0000000000000004E-004   1.4000000000000000E-003  0.64039999999999997       0.35539999999999999     
   145.00000000000000       0.33870311222460958        1.0000000000000000E-003   1.8000000000000000E-003   1.4000000000000000E-003  0.64019999999999999       0.35560000000000003     
   146.00000000000000       0.33204341939083470        1.0000000000000000E-003   1.6000000000000001E-003   1.8000000000000000E-003  0.64000000000000001       0.35560000000000003     
   147.00000000000000       0.32415286193576531        1.0000000000000000E-003   1.6000000000000001E-003   1.8000000000000000E-003  0.64000000000000001       0.35560000000000003     
   148.00000000000000       0.31595176024283933        1.0000000000000000E-003   1.4000000000000000E-003   1.8000000000000000E-003  0.64000000000000001       0.35580000000000001     
   149.00000000000000       0.30734204053675745        1.0000000000000000E-003   1.1999999999999999E-003   1.8000000000000000E-003  0.63780000000000003       0.35820000000000002     
   150.00000000000000       0.29842721077868833        1.0000000000000000E-003   1.1999999999999999E-003   1.6000000000000001E-003  0.63780000000000003       0.35840000000000000     
   151.00000000000000       0.28866225373102006        1.0000000000000000E-003   1.1999999999999999E-003   1.6000000000000001E-003  0.63780000000000003       0.35840000000000000     
   152.00000000000000       0.27954878993823223        1.0000000000000000E-003   1.1999999999999999E-003   1.1999999999999999E-003  0.63680000000000003       0.35980000000000001     
   153.00000000000000       0.27056693993216696        1.0000000000000000E-003   1.1999999999999999E-003   1.1999999999999999E-003  0.63680000000000003       0.35980000000000001     
   154.00000000000000       0.26086724416518614        1.0000000000000000E-003   1.1999999999999999E-003   1.1999999999999999E-003  0.63719999999999999       0.35940000000000000     
   155.00000000000000       0.25139518696944996        1.0000000000000000E-003   1.6000000000000001E-003   8.0000000000000004E-004  0.63739999999999997       0.35920000000000002     
   156.00000000000000       0.24202654355478434        1.0000000000000000E-003   1.6000000000000001E-003   8.0000000000000004E-004  0.63800000000000001       0.35859999999999997     
   157.00000000000000       0.23294613972909445        8.0000000000000004E-004   1.8000000000000000E-003   8.0000000000000004E-004  0.63800000000000001       0.35859999999999997     
   158.00000000000000       0.22393799907418907        8.0000000000000004E-004   1.8000000000000000E-003   8.0000000000000004E-004  0.63800000000000001       0.35859999999999997     
   159.00000000000000       0.21465398278587258        8.0000000000000004E-004   1.8000000000000000E-003   8.0000000000000004E-004  0.63439999999999996       0.36220000000000002     
   160.00000000000000       0.20657318673532948        8.0000000000000004E-004   1.8000000000000000E-003   8.0000000000000004E-004  0.63060000000000005       0.36599999999999999     
   161.00000000000000       0.20902436047040390        8.0000000000000004E-004   1.8000000000000000E-003   8.0000000000000004E-004  0.63060000000000005       0.36599999999999999     
   162.00000000000000       0.21350197908923171        1.0000000000000000E-003   1.6000000000000001E-003   8.0000000000000004E-004  0.63060000000000005       0.36599999999999999     
   163.00000000000000       0.21349523755586058        1.0000000000000000E-003   1.6000000000000001E-003   8.0000000000000004E-004  0.63060000000000005       0.36599999999999999     
   164.00000000000000       0.20828616192413138        1.0000000000000000E-003   1.6000000000000001E-003   8.0000000000000004E-004  0.63060000000000005       0.36599999999999999     
   165.00000000000000       0.19894668804391721        1.0000000000000000E-003   1.6000000000000001E-003   8.0000000000000004E-004  0.63060000000000005       0.36599999999999999     
   166.00000000000000       0.18566992593205828        1.0000000000000000E-003   1.6000000000000001E-003   8.0000000000000004E-004  0.63000000000000000       0.36659999999999998     
   167.00000000000000       0.18114728451009762        1.0000000000000000E-003   1.6000000000000001E-003   8.0000000000000004E-004  0.62480000000000002       0.37180000000000002     
   168.00000000000000       0.17721268973758431        1.0000000000000000E-003   1.6000000000000001E-003   8.0000000000000004E-004  0.62460000000000004       0.37200000000000000     
   169.00000000000000       0.17905528279022143        1.0000000000000000E-003   1.6000000000000001E-003   8.0000000000000004E-004  0.61980000000000002       0.37680000000000002     
   170.00000000000000       0.18050155801072829        1.0000000000000000E-003   1.6000000000000001E-003   8.0000000000000004E-004  0.61880000000000002       0.37780000000000002     
   171.00000000000000       0.18371984131480074        1.0000000000000000E-003   1.6000000000000001E-003   1.1999999999999999E-003  0.61780000000000002       0.37840000000000001     
   172.00000000000000       0.18792737220360209        1.0000000000000000E-003   1.6000000000000001E-003   1.0000000000000000E-003  0.61799999999999999       0.37840000000000001     
   173.00000000000000       0.19373001353914773        1.0000000000000000E-003   1.6000000000000001E-003   1.6000000000000001E-003  0.61739999999999995       0.37840000000000001     
   174.00000000000000       0.20065252839734088        1.0000000000000000E-003   1.4000000000000000E-003   3.0000000000000001E-003  0.61619999999999997       0.37840000000000001     
   175.00000000000000       0.20914936730460418        1.0000000000000000E-003   1.4000000000000000E-003   4.1999999999999997E-003  0.61480000000000001       0.37859999999999999     
   176.00000000000000       0.21878850619104684        1.0000000000000000E-003   1.4000000000000000E-003   3.2000000000000002E-003  0.61419999999999997       0.38019999999999998     
   177.00000000000000       0.23033700639132620        8.0000000000000004E-004   1.6000000000000001E-003   3.3999999999999998E-003  0.60980000000000001       0.38440000000000002     
   178.00000000000000       0.24166166820224838        8.0000000000000004E-004   1.6000000000000001E-003   3.5999999999999999E-003  0.60960000000000003       0.38440000000000002     
   179.00000000000000       0.25389007660920559        8.0000000000000004E-004   1.6000000000000001E-003   3.8000000000000000E-003  0.60740000000000005       0.38640000000000002     
   180.00000000000000       0.26579795258724381        8.0000000000000004E-004   1.6000000000000001E-003   3.8000000000000000E-003  0.60740000000000005       0.38640000000000002     
   181.00000000000000       0.27773286864842783        8.0000000000000004E-004   1.6000000000000001E-003   3.8000000000000000E-003  0.60740000000000005       0.38640000000000002     
   182.00000000000000       0.28907684686043156        8.0000000000000004E-004   1.6000000000000001E-003   3.8000000000000000E-003  0.60699999999999998       0.38679999999999998     
   183.00000000000000       0.30008996586254599        8.0000000000000004E-004   1.6000000000000001E-003   3.8000000000000000E-003  0.60560000000000003       0.38819999999999999     
   184.00000000000000       0.30995660121458185        1.0000000000000000E-003   1.4000000000000000E-003   3.8000000000000000E-003  0.60560000000000003       0.38819999999999999     
   185.00000000000000       0.32006010331896928        1.0000000000000000E-003   1.4000000000000000E-003   3.8000000000000000E-003  0.60319999999999996       0.39060000000000000     
   186.00000000000000       0.32797323453356259        1.0000000000000000E-003   1.4000000000000000E-003   3.8000000000000000E-003  0.60340000000000005       0.39040000000000002     
   187.00000000000000       0.33540332434322290        1.0000000000000000E-003   1.4000000000000000E-003   3.8000000000000000E-003  0.60340000000000005       0.39040000000000002     
   188.00000000000000       0.34214190019588064        1.0000000000000000E-003   1.8000000000000000E-003   3.3999999999999998E-003  0.60340000000000005       0.39040000000000002     
   189.00000000000000       0.34726445116531240        1.0000000000000000E-003   1.8000000000000000E-003   3.3999999999999998E-003  0.60280000000000000       0.39100000000000001     
   190.00000000000000       0.35148820316360979        1.0000000000000000E-003   1.8000000000000000E-003   3.3999999999999998E-003  0.59799999999999998       0.39579999999999999     
   191.00000000000000       0.35495072515696258        1.0000000000000000E-003   1.8000000000000000E-003   3.2000000000000002E-003  0.58799999999999997       0.40600000000000003     
   192.00000000000000       0.35322121958689368        1.4000000000000000E-003   1.4000000000000000E-003   3.2000000000000002E-003  0.71360000000000001       0.28039999999999998     
   193.00000000000000       0.35476294912930595        1.4000000000000000E-003   1.4000000000000000E-003   3.2000000000000002E-003  0.71360000000000001       0.28039999999999998     
   194.00000000000000       0.35206344557068370        1.4000000000000000E-003   1.4000000000000000E-003   3.2000000000000002E-003  0.71740000000000004       0.27660000000000001     
   195.00000000000000       0.34665121177880820        1.4000000000000000E-003   1.1999999999999999E-003   3.2000000000000002E-003  0.71419999999999995       0.28000000000000003     
   196.00000000000000       0.33977323123508518        1.4000000000000000E-003   1.1999999999999999E-003   3.2000000000000002E-003  0.71579999999999999       0.27839999999999998     
   197.00000000000000       0.33261378099075273        1.1999999999999999E-003   1.4000000000000000E-003   3.2000000000000002E-003  0.71599999999999997       0.27820000000000000     
   198.00000000000000       0.32465013471597154        1.1999999999999999E-003   1.4000000000000000E-003   3.2000000000000002E-003  0.71599999999999997       0.27820000000000000     
   199.00000000000000       0.31611209516748712        1.1999999999999999E-003   1.1999999999999999E-003   3.2000000000000002E-003  0.71640000000000004       0.27800000000000002     
   200.00000000000000       0.30697503048121710        1.1999999999999999E-003   1.1999999999999999E-003   3.2000000000000002E-003  0.71599999999999997       0.27839999999999998     
   201.00000000000000       0.29730472425494769        1.0000000000000000E-003   1.4000000000000000E-003   3.2000000000000002E-003  0.71640000000000004       0.27800000000000002     
   202.00000000000000       0.28670193768642349        1.0000000000000000E-003   1.4000000000000000E-003   3.2000000000000002E-003  0.71699999999999997       0.27739999999999998     
   203.00000000000000       0.27541251860024157        8.0000000000000004E-004   1.6000000000000001E-003   3.2000000000000002E-003  0.71479999999999999       0.27960000000000002     
   204.00000000000000       0.26439600102923677        1.1999999999999999E-003   1.1999999999999999E-003   3.2000000000000002E-003  0.70840000000000003       0.28599999999999998     
   205.00000000000000       0.25215572915817180        1.1999999999999999E-003   8.0000000000000004E-004   3.5999999999999999E-003  0.70879999999999999       0.28560000000000002     
   206.00000000000000       0.23931105346266196        1.1999999999999999E-003   8.0000000000000004E-004   3.5999999999999999E-003  0.70879999999999999       0.28560000000000002     
   207.00000000000000       0.22767410893132428        1.1999999999999999E-003   8.0000000000000004E-004   3.3999999999999998E-003  0.70279999999999998       0.29180000000000000     
   208.00000000000000       0.21485193844960743        1.1999999999999999E-003   8.0000000000000004E-004   3.3999999999999998E-003  0.70279999999999998       0.29180000000000000     
   209.00000000000000       0.20241320593659146        1.1999999999999999E-003   8.0000000000000004E-004   3.3999999999999998E-003  0.70279999999999998       0.29180000000000000     
   210.00000000000000       0.19051004928524792        1.1999999999999999E-003   8.0000000000000004E-004   3.3999999999999998E-003  0.70160000000000000       0.29299999999999998     
   211.00000000000000       0.17886728466841284        1.1999999999999999E-003   8.0000000000000004E-004   3.3999999999999998E-003  0.70140000000000002       0.29320000000000002     
   212.00000000000000       0.16802579443534249        1.1999999999999999E-003   8.0000000000000004E-004   3.2000000000000002E-003  0.70160000000000000       0.29320000000000002     
   213.00000000000000       0.15788346698146311        1.1999999999999999E-003   8.0000000000000004E-004   3.3999999999999998E-003  0.70060000000000000       0.29399999999999998     
   214.00000000000000       0.14801644114262724        1.1999999999999999E-003   8.0000000000000004E-004   3.3999999999999998E-003  0.70060000000000000       0.29399999999999998     
   215.00000000000000       0.13960840031657737        1.1999999999999999E-003   8.0000000000000004E-004   3.0000000000000001E-003  0.70099999999999996       0.29399999999999998     
   216.00000000000000       0.13203607285918784        1.1999999999999999E-003   8.0000000000000004E-004   3.3999999999999998E-003  0.70060000000000000       0.29399999999999998     
