#        BMIN =   404
#        BMAX =   408
#     INIBAND =   406
#      NBANDS =   540
#         NSW =  2000
#       POTIM =   1.0
#        TEMP = 300.0
#    NAMDTINI =   185
#    NAMDTIME =  1000
#       NTRAJ =  5000
#        NELM =  1000
#       LHOLE =     T
#        LSHP =     T
#      LCPTXT =     T
#      RUNDIR = ../../run/
   1.0000000000000000       0.16317983699325783        0.0000000000000000        0.0000000000000000        1.0000000000000000        0.0000000000000000        0.0000000000000000     
   2.0000000000000000       0.15786413479076228        0.0000000000000000        0.0000000000000000       0.99980000000000002        0.0000000000000000        2.0000000000000001E-004
   3.0000000000000000       0.15069579341598727        0.0000000000000000        0.0000000000000000       0.99980000000000002        0.0000000000000000        2.0000000000000001E-004
   4.0000000000000000       0.14129012800658530        0.0000000000000000        0.0000000000000000       0.99780000000000002        0.0000000000000000        2.2000000000000001E-003
   5.0000000000000000       0.13113099713236509        0.0000000000000000        0.0000000000000000       0.99280000000000002        0.0000000000000000        7.1999999999999998E-003
   6.0000000000000000       0.11790116585297027        0.0000000000000000        0.0000000000000000       0.99280000000000002        0.0000000000000000        7.1999999999999998E-003
   7.0000000000000000       0.10449378993193134        0.0000000000000000        0.0000000000000000       0.99280000000000002        0.0000000000000000        7.1999999999999998E-003
   8.0000000000000000        9.0048937200308862E-002   0.0000000000000000        0.0000000000000000       0.98939999999999995        0.0000000000000000        1.0600000000000000E-002
   9.0000000000000000        7.5342193105649755E-002   0.0000000000000000        0.0000000000000000       0.98939999999999995        0.0000000000000000        1.0600000000000000E-002
   10.000000000000000        6.0731312192467503E-002   0.0000000000000000        0.0000000000000000       0.98939999999999995        0.0000000000000000        1.0600000000000000E-002
   11.000000000000000        4.7233930643224606E-002   0.0000000000000000        0.0000000000000000       0.98740000000000006        5.9999999999999995E-004   1.2000000000000000E-002
   12.000000000000000        3.3367533294203770E-002   0.0000000000000000        0.0000000000000000       0.98519999999999996        1.1999999999999999E-003   1.3599999999999999E-002
   13.000000000000000        2.0090601291287979E-002   0.0000000000000000        0.0000000000000000       0.98360000000000003        1.1999999999999999E-003   1.5200000000000000E-002
   14.000000000000000        6.1747106064034968E-003   0.0000000000000000        0.0000000000000000       0.98360000000000003        1.1999999999999999E-003   1.5200000000000000E-002
   15.000000000000000       -8.1241530324884480E-003   0.0000000000000000        0.0000000000000000       0.98360000000000003        1.1999999999999999E-003   1.5200000000000000E-002
   16.000000000000000       -2.2387694640224665E-002   0.0000000000000000        0.0000000000000000       0.98260000000000003        1.6000000000000001E-003   1.5800000000000002E-002
   17.000000000000000       -3.6941620661246892E-002   0.0000000000000000        0.0000000000000000       0.98019999999999996        2.2000000000000001E-003   1.7600000000000001E-002
   18.000000000000000       -5.3650681598717512E-002   0.0000000000000000       0.28720000000000001       0.69079999999999997        4.0000000000000001E-003   1.7999999999999999E-002
   19.000000000000000       -4.2814632437289141E-002   0.0000000000000000       0.28720000000000001       0.69079999999999997        4.0000000000000001E-003   1.7999999999999999E-002
   20.000000000000000       -3.1473567504512433E-002   0.0000000000000000       0.28720000000000001       0.69079999999999997        4.0000000000000001E-003   1.7999999999999999E-002
   21.000000000000000       -2.3274625553360906E-002   0.0000000000000000       0.28660000000000002       0.69079999999999997        4.4000000000000003E-003   1.8200000000000001E-002
   22.000000000000000       -1.8771192561871319E-002   0.0000000000000000       0.28580000000000000       0.69079999999999997        5.0000000000000001E-003   1.8400000000000000E-002
   23.000000000000000       -1.8473015132858178E-002   0.0000000000000000       0.28580000000000000       0.69079999999999997        5.0000000000000001E-003   1.8400000000000000E-002
   24.000000000000000       -2.2154689473092726E-002   0.0000000000000000       0.28580000000000000       0.69079999999999997        5.0000000000000001E-003   1.8400000000000000E-002
   25.000000000000000       -2.9858418095290436E-002   0.0000000000000000       0.28560000000000002       0.69079999999999997        5.0000000000000001E-003   1.8599999999999998E-002
   26.000000000000000       -4.1398218756797577E-002   0.0000000000000000       0.28539999999999999       0.69079999999999997        5.1999999999999998E-003   1.8599999999999998E-002
   27.000000000000000       -5.6290062621313051E-002   0.0000000000000000       0.28539999999999999       0.69079999999999997        5.0000000000000001E-003   1.8800000000000001E-002
   28.000000000000000       -7.5269264420114834E-002   0.0000000000000000       0.28539999999999999       0.69079999999999997        5.0000000000000001E-003   1.8800000000000001E-002
   29.000000000000000       -9.7281243570778705E-002   0.0000000000000000       0.32219999999999999       0.65359999999999996        5.4000000000000003E-003   1.8800000000000001E-002
   30.000000000000000      -0.11657066553291205        0.0000000000000000       0.32219999999999999       0.65280000000000005        6.0000000000000001E-003   1.9000000000000000E-002
   31.000000000000000      -0.12200381552081396        0.0000000000000000       0.32219999999999999       0.65259999999999996        6.1999999999999998E-003   1.9000000000000000E-002
   32.000000000000000      -0.12696242058103571        1.6000000000000001E-003  0.32060000000000000       0.65239999999999998        6.4000000000000003E-003   1.9000000000000000E-002
   33.000000000000000      -0.11774750223387168        8.0000000000000004E-004  0.32140000000000002       0.65239999999999998        6.4000000000000003E-003   1.9000000000000000E-002
   34.000000000000000      -0.10022068925475275        8.0000000000000004E-004  0.32019999999999998       0.65100000000000002        7.7999999999999996E-003   2.0199999999999999E-002
   35.000000000000000       -8.2193380528115603E-002   8.0000000000000004E-004  0.31559999999999999       0.65559999999999996        7.7999999999999996E-003   2.0199999999999999E-002
   36.000000000000000       -6.4244042575217902E-002   5.9999999999999995E-004  0.31500000000000000       0.65559999999999996        7.6000000000000000E-003   2.1200000000000000E-002
   37.000000000000000       -4.5641581745098407E-002   2.0000000000000001E-004  0.30859999999999999       0.66039999999999999        9.1999999999999998E-003   2.1600000000000001E-002
   38.000000000000000       -2.9104950137984274E-002   2.0000000000000001E-004  0.30780000000000002       0.66000000000000003        1.0400000000000000E-002   2.1600000000000001E-002
   39.000000000000000       -1.3626346118968836E-002   2.0000000000000001E-004  0.30080000000000001       0.66659999999999997        1.0600000000000000E-002   2.1800000000000000E-002
   40.000000000000000        1.6407260890446591E-003   2.0000000000000001E-004  0.29859999999999998       0.66359999999999997        1.0800000000000001E-002   2.6800000000000001E-002
   41.000000000000000        1.3155730862515900E-002   2.0000000000000001E-004  0.29360000000000003       0.66859999999999997        1.0800000000000001E-002   2.6800000000000001E-002
   42.000000000000000        2.2337959381866543E-002   2.0000000000000001E-004  0.29380000000000001       0.66820000000000002        1.0999999999999999E-002   2.6800000000000001E-002
   43.000000000000000        2.9509647826010482E-002   2.0000000000000001E-004  0.29520000000000002       0.66459999999999997        1.3200000000000000E-002   2.6800000000000001E-002
   44.000000000000000        3.4473886815225396E-002   2.0000000000000001E-004  0.29480000000000001       0.66459999999999997        1.3400000000000000E-002   2.7000000000000000E-002
   45.000000000000000        4.0584687400344058E-002   2.0000000000000001E-004  0.27020000000000000       0.68820000000000003        1.3400000000000000E-002   2.8000000000000001E-002
   46.000000000000000        4.2984587334681343E-002   2.0000000000000001E-004  0.26619999999999999       0.69220000000000004        1.3400000000000000E-002   2.8000000000000001E-002
   47.000000000000000        4.4326765162207522E-002   0.0000000000000000       0.26660000000000000       0.69059999999999999        1.3400000000000000E-002   2.9399999999999999E-002
   48.000000000000000        4.6330013671442495E-002   0.0000000000000000       0.26060000000000000       0.69599999999999995        1.2000000000000000E-002   3.1399999999999997E-002
   49.000000000000000        4.6630333577931796E-002   0.0000000000000000       0.25960000000000000       0.69660000000000000        1.2000000000000000E-002   3.1800000000000002E-002
   50.000000000000000        4.6398312857341334E-002   0.0000000000000000       0.25700000000000001       0.69820000000000004        1.2600000000000000E-002   3.2199999999999999E-002
   51.000000000000000        4.3936923704094195E-002   4.9200000000000001E-002  0.20780000000000001       0.69660000000000000        1.3599999999999999E-002   3.2800000000000003E-002
   52.000000000000000        5.2059262039649390E-002   4.6600000000000003E-002  0.20780000000000001       0.69920000000000004        1.3599999999999999E-002   3.2800000000000003E-002
   53.000000000000000        6.3919160458312224E-002   4.6600000000000003E-002  0.20780000000000001       0.69420000000000004        1.8599999999999998E-002   3.2800000000000003E-002
   54.000000000000000        7.5210102605038687E-002   4.6399999999999997E-002  0.20799999999999999       0.68479999999999996        2.8000000000000001E-002   3.2800000000000003E-002
   55.000000000000000        8.0473858710292889E-002   4.6399999999999997E-002  0.20799999999999999       0.68520000000000003        2.7600000000000000E-002   3.2800000000000003E-002
   56.000000000000000        8.1823996367498653E-002   4.6399999999999997E-002   0.0000000000000000       0.89319999999999999        2.7600000000000000E-002   3.2800000000000003E-002
   57.000000000000000        7.9905729604909881E-002   4.6399999999999997E-002   2.0000000000000001E-004  0.89319999999999999        2.7400000000000001E-002   3.2800000000000003E-002
   58.000000000000000        9.7891025364539641E-002   4.6399999999999997E-002   0.0000000000000000       0.88180000000000003        3.9000000000000000E-002   3.2800000000000003E-002
   59.000000000000000       0.10188774754780378        4.6399999999999997E-002   0.0000000000000000       0.88039999999999996        3.9000000000000000E-002   3.4200000000000001E-002
   60.000000000000000        9.6600768274856114E-002   4.6399999999999997E-002   0.0000000000000000       0.87900000000000000        3.9000000000000000E-002   3.5600000000000000E-002
   61.000000000000000        8.8052474472297790E-002   4.6399999999999997E-002   0.0000000000000000       0.87900000000000000        3.9000000000000000E-002   3.5600000000000000E-002
   62.000000000000000        7.3980031909748667E-002   4.6399999999999997E-002   0.0000000000000000       0.87900000000000000        3.9000000000000000E-002   3.5600000000000000E-002
   63.000000000000000        6.2034656982490791E-002   4.6399999999999997E-002   0.0000000000000000       0.87980000000000003        3.8199999999999998E-002   3.5600000000000000E-002
   64.000000000000000        5.3496156947731750E-002   4.6399999999999997E-002   0.0000000000000000        0.0000000000000000       0.91739999999999999        3.6200000000000003E-002
   65.000000000000000        3.5530465813807484E-002   4.6399999999999997E-002   0.0000000000000000        0.0000000000000000       0.91679999999999995        3.6799999999999999E-002
   66.000000000000000        2.6484602984825502E-002   4.6199999999999998E-002   0.0000000000000000        2.0000000000000001E-004  0.91239999999999999        4.1200000000000001E-002
   67.000000000000000        1.6027305800644282E-002   4.6199999999999998E-002   0.0000000000000000        2.2000000000000001E-003  0.90980000000000005        4.1799999999999997E-002
   68.000000000000000        6.9887503959866811E-003   4.5800000000000000E-002   0.0000000000000000        5.9999999999999995E-004  0.91120000000000001        4.2400000000000000E-002
   69.000000000000000        6.0178877303413737E-004   4.5800000000000000E-002   0.0000000000000000        2.0400000000000001E-002  0.89080000000000004        4.2999999999999997E-002
   70.000000000000000        7.7907963593264185E-004   4.5800000000000000E-002   0.0000000000000000        6.6400000000000001E-002  0.84480000000000000        4.2999999999999997E-002
   71.000000000000000        9.6643640616037359E-003   4.5800000000000000E-002   0.0000000000000000        7.1800000000000003E-002  0.83940000000000003        4.2999999999999997E-002
   72.000000000000000        2.4754543471864360E-002   1.3400000000000000E-002   3.1199999999999999E-002   6.8800000000000000E-002  0.84360000000000002        4.2999999999999997E-002
   73.000000000000000        4.0166227908910376E-002   1.3400000000000000E-002   3.1000000000000000E-002   7.9000000000000001E-002  0.83279999999999998        4.3799999999999999E-002
   74.000000000000000        5.7098165591861212E-002   1.2999999999999999E-002   3.0599999999999999E-002   8.2400000000000001E-002  0.82960000000000000        4.4400000000000002E-002
   75.000000000000000        7.6276765098199847E-002   1.3200000000000000E-002   2.9999999999999999E-002   8.5199999999999998E-002  0.82720000000000005        4.4400000000000002E-002
   76.000000000000000        9.1685330027725512E-002   1.2600000000000000E-002   2.9600000000000001E-002   8.9599999999999999E-002  0.82379999999999998        4.4400000000000002E-002
   77.000000000000000        9.1934552554601701E-002   1.2600000000000000E-002   2.9600000000000001E-002   8.1600000000000006E-002  0.83020000000000005        4.5999999999999999E-002
   78.000000000000000        9.7591811307573745E-002   1.2400000000000000E-002   2.9200000000000000E-002   7.8600000000000003E-002  0.83240000000000003        4.7399999999999998E-002
   79.000000000000000       0.14104455832523030        1.2200000000000001E-002   2.9200000000000000E-002   8.0199999999999994E-002  0.83079999999999998        4.7600000000000003E-002
   80.000000000000000       0.17893785138011481        1.2200000000000001E-002   2.9000000000000001E-002   8.0199999999999994E-002  0.83099999999999996        4.7600000000000003E-002
   81.000000000000000       0.21566831150517055        1.2200000000000001E-002   2.9000000000000001E-002   7.0400000000000004E-002  0.84060000000000001        4.7800000000000002E-002
   82.000000000000000       0.22124384799290794        1.1400000000000000E-002   2.9000000000000001E-002   6.6400000000000001E-002  0.84540000000000004        4.7800000000000002E-002
   83.000000000000000       0.23835578453668987        1.0200000000000001E-002   2.9800000000000000E-002   6.6799999999999998E-002  0.84540000000000004        4.7800000000000002E-002
   84.000000000000000       0.14288511907558568        4.0000000000000002E-004   5.0000000000000001E-003   6.5600000000000006E-002  0.86460000000000004        6.4399999999999999E-002
   85.000000000000000        1.3515864577140628        4.0000000000000002E-004   4.5999999999999999E-003   6.4799999999999996E-002  0.83540000000000003        9.4799999999999995E-002
   86.000000000000000       0.55636077159264641        4.0000000000000002E-004   4.5999999999999999E-003   6.4799999999999996E-002  0.83079999999999998        9.9400000000000002E-002
   87.000000000000000       0.55677492076694945        4.0000000000000002E-004   4.4000000000000003E-003   5.8799999999999998E-002  0.83699999999999997        9.9400000000000002E-002
   88.000000000000000       0.60900867590105845        1.0000000000000000E-003   3.8000000000000000E-003   0.0000000000000000       0.78100000000000003       0.21420000000000000     
   89.000000000000000       0.40763565533994323        1.0000000000000000E-003   3.8000000000000000E-003   0.0000000000000000       0.77759999999999996       0.21759999999999999     
   90.000000000000000       0.42116208789391096        1.0000000000000000E-003   3.8000000000000000E-003   0.0000000000000000       0.77780000000000005       0.21740000000000001     
   91.000000000000000       0.43308410465908520        1.0000000000000000E-003   3.8000000000000000E-003   0.0000000000000000       0.76359999999999995       0.23160000000000000     
   92.000000000000000       0.44003272401009708        1.0000000000000000E-003   3.8000000000000000E-003   0.0000000000000000       0.75680000000000003       0.23840000000000000     
   93.000000000000000       0.44417450205478298        1.0000000000000000E-003   3.8000000000000000E-003   0.0000000000000000       0.75700000000000001       0.23820000000000000     
   94.000000000000000       0.44541981825731375        1.0000000000000000E-003   3.8000000000000000E-003   0.0000000000000000       0.75700000000000001       0.23820000000000000     
   95.000000000000000       0.44485962664931933        1.0000000000000000E-003   3.8000000000000000E-003   0.0000000000000000       0.75800000000000001       0.23719999999999999     
   96.000000000000000       0.44261663231120241        1.0000000000000000E-003   3.8000000000000000E-003   0.0000000000000000       0.75360000000000005       0.24160000000000001     
   97.000000000000000       0.43762358409038482        1.0000000000000000E-003   3.8000000000000000E-003   0.0000000000000000       0.75160000000000005       0.24360000000000001     
   98.000000000000000       0.43074545001479153        8.0000000000000004E-004   3.8000000000000000E-003   0.0000000000000000       0.75180000000000002       0.24360000000000001     
   99.000000000000000       0.42243363156070929        8.0000000000000004E-004   3.8000000000000000E-003   0.0000000000000000       0.75160000000000005       0.24379999999999999     
   100.00000000000000       0.41269161804860016        8.0000000000000004E-004   3.8000000000000000E-003   0.0000000000000000       0.75119999999999998       0.24420000000000000     
   101.00000000000000       0.40185221935923077        8.0000000000000004E-004   3.8000000000000000E-003   0.0000000000000000       0.75119999999999998       0.24420000000000000     
   102.00000000000000       0.38967714416096577        8.0000000000000004E-004   3.8000000000000000E-003   0.0000000000000000       0.75100000000000000       0.24440000000000001     
   103.00000000000000       0.37745019028851651        8.0000000000000004E-004   3.8000000000000000E-003   0.0000000000000000       0.72660000000000002       0.26879999999999998     
   104.00000000000000       0.36347414610505485        8.0000000000000004E-004   3.8000000000000000E-003   0.0000000000000000       0.73799999999999999       0.25740000000000002     
   105.00000000000000       0.34906736146672757        8.0000000000000004E-004   3.8000000000000000E-003   0.0000000000000000       0.74480000000000002       0.25059999999999999     
   106.00000000000000       0.33581497575937674        8.0000000000000004E-004   3.8000000000000000E-003   0.0000000000000000       0.74239999999999995       0.25300000000000000     
   107.00000000000000       0.32218987511431446        8.0000000000000004E-004   3.8000000000000000E-003   0.0000000000000000       0.74700000000000000       0.24840000000000001     
   108.00000000000000       0.30941979204863462        8.0000000000000004E-004   3.5999999999999999E-003   0.0000000000000000       0.73119999999999996       0.26440000000000002     
   109.00000000000000       0.29750810844235542        8.0000000000000004E-004   3.5999999999999999E-003   0.0000000000000000       0.70260000000000000       0.29299999999999998     
   110.00000000000000       0.28557955642013888        3.0000000000000001E-003   1.4000000000000000E-003   0.0000000000000000       0.70660000000000001       0.28899999999999998     
   111.00000000000000       0.27388661716565632        3.0000000000000001E-003   1.4000000000000000E-003   0.0000000000000000       0.72080000000000000       0.27479999999999999     
   112.00000000000000       0.26352539758240351        3.0000000000000001E-003   1.4000000000000000E-003   0.0000000000000000       0.72399999999999998       0.27160000000000001     
   113.00000000000000       0.25513175547428990        3.0000000000000001E-003   1.4000000000000000E-003   0.0000000000000000       0.69660000000000000       0.29899999999999999     
   114.00000000000000       0.24691230556305716        3.0000000000000001E-003   1.4000000000000000E-003   0.0000000000000000       0.69140000000000001       0.30420000000000003     
   115.00000000000000       0.24062558670177583        3.0000000000000001E-003   1.4000000000000000E-003   0.0000000000000000       0.67479999999999996       0.32079999999999997     
   116.00000000000000       0.23465734681865613        3.0000000000000001E-003   1.4000000000000000E-003   0.0000000000000000       0.67240000000000000       0.32319999999999999     
   117.00000000000000       0.22975989309543271        3.0000000000000001E-003   1.4000000000000000E-003   0.0000000000000000       0.66400000000000003       0.33160000000000001     
   118.00000000000000       0.22679224950182866        3.0000000000000001E-003   1.4000000000000000E-003   0.0000000000000000       0.66379999999999995       0.33179999999999998     
   119.00000000000000       0.22521421482713802        3.0000000000000001E-003   1.4000000000000000E-003   0.0000000000000000       0.66439999999999999       0.33119999999999999     
   120.00000000000000       0.22457120560044186        3.0000000000000001E-003   1.1999999999999999E-003   0.0000000000000000       0.66479999999999995       0.33100000000000002     
   121.00000000000000       0.22718122682657277        3.0000000000000001E-003   1.1999999999999999E-003   0.0000000000000000       0.66559999999999997       0.33019999999999999     
   122.00000000000000       0.23056112757549671        2.8000000000000000E-003   1.1999999999999999E-003   0.0000000000000000       0.66339999999999999       0.33260000000000001     
   123.00000000000000       0.23570347836654826        2.8000000000000000E-003   1.1999999999999999E-003   0.0000000000000000       0.66439999999999999       0.33160000000000001     
   124.00000000000000       0.24212686841638528        2.5999999999999999E-003   1.1999999999999999E-003   0.0000000000000000       0.66520000000000001       0.33100000000000002     
   125.00000000000000       0.24989840892968404        2.2000000000000001E-003   1.1999999999999999E-003   0.0000000000000000       0.66639999999999999       0.33019999999999999     
   126.00000000000000       0.25892763685204534        2.2000000000000001E-003   1.1999999999999999E-003   0.0000000000000000       0.66400000000000003       0.33260000000000001     
   127.00000000000000       0.26875741392670938        2.2000000000000001E-003   1.1999999999999999E-003   0.0000000000000000       0.66420000000000001       0.33239999999999997     
   128.00000000000000       0.27908852139437407        2.2000000000000001E-003   1.1999999999999999E-003   0.0000000000000000       0.66479999999999995       0.33179999999999998     
   129.00000000000000       0.28968350246209085        2.2000000000000001E-003   1.1999999999999999E-003   0.0000000000000000       0.66400000000000003       0.33260000000000001     
   130.00000000000000       0.30030575069951615        2.3999999999999998E-003   1.0000000000000000E-003   0.0000000000000000       0.66400000000000003       0.33260000000000001     
   131.00000000000000       0.31022929778082020        2.3999999999999998E-003   1.0000000000000000E-003   0.0000000000000000       0.66400000000000003       0.33260000000000001     
   132.00000000000000       0.31954895779935721        2.3999999999999998E-003   1.0000000000000000E-003   0.0000000000000000       0.66400000000000003       0.33260000000000001     
   133.00000000000000       0.32780591968901107        2.3999999999999998E-003   1.0000000000000000E-003   0.0000000000000000       0.66400000000000003       0.33260000000000001     
   134.00000000000000       0.33504960088772340        2.3999999999999998E-003   1.0000000000000000E-003   0.0000000000000000       0.66400000000000003       0.33260000000000001     
   135.00000000000000       0.34061854355225540        2.3999999999999998E-003   1.0000000000000000E-003   0.0000000000000000       0.66259999999999997       0.33400000000000002     
   136.00000000000000       0.34506544045838816        2.3999999999999998E-003   1.0000000000000000E-003   0.0000000000000000       0.65900000000000003       0.33760000000000001     
   137.00000000000000       0.34680876664808846        2.3999999999999998E-003   1.0000000000000000E-003   0.0000000000000000       0.65900000000000003       0.33760000000000001     
   138.00000000000000       0.34721966278126037        2.3999999999999998E-003   1.0000000000000000E-003   0.0000000000000000       0.65620000000000001       0.34039999999999998     
   139.00000000000000       0.34572653089762412        2.3999999999999998E-003   1.0000000000000000E-003   0.0000000000000000       0.65380000000000005       0.34279999999999999     
   140.00000000000000       0.34200760450855272        2.3999999999999998E-003   1.0000000000000000E-003   0.0000000000000000       0.65339999999999998       0.34320000000000001     
   141.00000000000000       0.33656375311520970        2.2000000000000001E-003   1.1999999999999999E-003   0.0000000000000000       0.65320000000000000       0.34339999999999998     
   142.00000000000000       0.32989777731487618        2.2000000000000001E-003   1.1999999999999999E-003   0.0000000000000000       0.65320000000000000       0.34339999999999998     
   143.00000000000000       0.32208009836826157        2.2000000000000001E-003   1.1999999999999999E-003   0.0000000000000000       0.65280000000000005       0.34379999999999999     
   144.00000000000000       0.31382917055402493        2.2000000000000001E-003   1.1999999999999999E-003   0.0000000000000000       0.65259999999999996       0.34399999999999997     
   145.00000000000000       0.30509343620179991        2.2000000000000001E-003   1.1999999999999999E-003   0.0000000000000000       0.65080000000000005       0.34580000000000000     
   146.00000000000000       0.29617875945518601        2.2000000000000001E-003   1.1999999999999999E-003   0.0000000000000000       0.65080000000000005       0.34580000000000000     
   147.00000000000000       0.28645306827733191        2.2000000000000001E-003   1.1999999999999999E-003   2.0000000000000001E-004  0.65059999999999996       0.34580000000000000     
   148.00000000000000       0.27747194716120205        2.2000000000000001E-003   1.1999999999999999E-003   2.0000000000000001E-004  0.64839999999999998       0.34799999999999998     
   149.00000000000000       0.26861258675650140        2.2000000000000001E-003   1.1999999999999999E-003   2.0000000000000001E-004  0.64839999999999998       0.34799999999999998     
   150.00000000000000       0.25904190573445313        2.2000000000000001E-003   1.1999999999999999E-003   2.0000000000000001E-004  0.64880000000000004       0.34760000000000002     
   151.00000000000000       0.24964498088290210        2.2000000000000001E-003   1.1999999999999999E-003   2.0000000000000001E-004  0.64900000000000002       0.34739999999999999     
   152.00000000000000       0.24034129313864966        2.2000000000000001E-003   1.1999999999999999E-003   2.0000000000000001E-004  0.64920000000000000       0.34720000000000001     
   153.00000000000000       0.23125485954794564        2.2000000000000001E-003   1.1999999999999999E-003   2.0000000000000001E-004  0.64920000000000000       0.34720000000000001     
   154.00000000000000       0.22224135355536404        2.2000000000000001E-003   1.1999999999999999E-003   2.0000000000000001E-004  0.64920000000000000       0.34720000000000001     
   155.00000000000000       0.21277409230842820        2.2000000000000001E-003   1.1999999999999999E-003   2.0000000000000001E-004  0.64680000000000004       0.34960000000000002     
   156.00000000000000       0.20457123668593535        2.2000000000000001E-003   1.1999999999999999E-003   2.0000000000000001E-004  0.64359999999999995       0.35280000000000000     
   157.00000000000000       0.20711821874936009        2.2000000000000001E-003   1.1999999999999999E-003   2.0000000000000001E-004  0.64359999999999995       0.35280000000000000     
   158.00000000000000       0.21174335154204041        2.2000000000000001E-003   1.1999999999999999E-003   2.0000000000000001E-004  0.64359999999999995       0.35280000000000000     
   159.00000000000000       0.21183085935544549        2.2000000000000001E-003   1.1999999999999999E-003   2.0000000000000001E-004  0.64359999999999995       0.35280000000000000     
   160.00000000000000       0.20643280350051174        2.0000000000000000E-003   1.4000000000000000E-003   2.0000000000000001E-004  0.64359999999999995       0.35280000000000000     
   161.00000000000000       0.19692765452307012        1.8000000000000000E-003   1.4000000000000000E-003   2.0000000000000001E-004  0.64380000000000004       0.35280000000000000     
   162.00000000000000       0.18329629956508775        1.8000000000000000E-003   1.4000000000000000E-003   2.0000000000000001E-004  0.64359999999999995       0.35299999999999998     
   163.00000000000000       0.17813392108306844        1.8000000000000000E-003   1.4000000000000000E-003   2.0000000000000001E-004  0.64019999999999999       0.35639999999999999     
   164.00000000000000       0.17399739994655467        1.8000000000000000E-003   1.4000000000000000E-003   2.0000000000000001E-004  0.64019999999999999       0.35639999999999999     
   165.00000000000000       0.17537985179690185        1.8000000000000000E-003   1.4000000000000000E-003   2.0000000000000001E-004  0.63680000000000003       0.35980000000000001     
   166.00000000000000       0.17656519704529419        1.8000000000000000E-003   1.4000000000000000E-003   2.0000000000000001E-004  0.63619999999999999       0.36040000000000000     
   167.00000000000000       0.17971524441517725        2.0000000000000000E-003   1.1999999999999999E-003   2.0000000000000001E-004  0.63519999999999999       0.36140000000000000     
   168.00000000000000       0.18372801155589602        2.0000000000000000E-003   1.1999999999999999E-003   2.0000000000000001E-004  0.63519999999999999       0.36140000000000000     
   169.00000000000000       0.18931729518695675        2.0000000000000000E-003   1.1999999999999999E-003   5.9999999999999995E-004  0.63480000000000003       0.36140000000000000     
   170.00000000000000       0.19598722373257760        2.0000000000000000E-003   1.1999999999999999E-003   2.3999999999999998E-003  0.63300000000000001       0.36140000000000000     
   171.00000000000000       0.20441981776736823        2.0000000000000000E-003   1.1999999999999999E-003   3.8000000000000000E-003  0.63119999999999998       0.36180000000000001     
   172.00000000000000       0.21381749014774931        1.6000000000000001E-003   1.1999999999999999E-003   3.3999999999999998E-003  0.63139999999999996       0.36240000000000000     
   173.00000000000000       0.22522332460787353        1.6000000000000001E-003   1.1999999999999999E-003   3.5999999999999999E-003  0.62739999999999996       0.36620000000000003     
   174.00000000000000       0.23659020416790494        1.6000000000000001E-003   1.1999999999999999E-003   3.8000000000000000E-003  0.62719999999999998       0.36620000000000003     
   175.00000000000000       0.24892045227899887        1.6000000000000001E-003   1.1999999999999999E-003   4.0000000000000001E-003  0.62500000000000000       0.36820000000000003     
   176.00000000000000       0.26098620056320460        1.6000000000000001E-003   1.1999999999999999E-003   4.0000000000000001E-003  0.62500000000000000       0.36820000000000003     
   177.00000000000000       0.27314603544663330        1.4000000000000000E-003   1.4000000000000000E-003   4.0000000000000001E-003  0.62500000000000000       0.36820000000000003     
   178.00000000000000       0.28479428883648839        1.4000000000000000E-003   1.4000000000000000E-003   4.0000000000000001E-003  0.62439999999999996       0.36880000000000002     
   179.00000000000000       0.29610741332748414        1.4000000000000000E-003   1.4000000000000000E-003   4.0000000000000001E-003  0.62300000000000000       0.37019999999999997     
   180.00000000000000       0.30632275262593112        1.4000000000000000E-003   1.4000000000000000E-003   4.0000000000000001E-003  0.62300000000000000       0.37019999999999997     
   181.00000000000000       0.31648019449923259        1.4000000000000000E-003   1.4000000000000000E-003   4.0000000000000001E-003  0.62239999999999995       0.37080000000000002     
   182.00000000000000       0.32487394987180607        1.4000000000000000E-003   1.6000000000000001E-003   3.5999999999999999E-003  0.62260000000000004       0.37080000000000002     
   183.00000000000000       0.33271493543468411        1.4000000000000000E-003   1.6000000000000001E-003   3.5999999999999999E-003  0.62280000000000002       0.37059999999999998     
   184.00000000000000       0.33988707827386910        1.4000000000000000E-003   2.2000000000000001E-003   3.0000000000000001E-003  0.62280000000000002       0.37059999999999998     
   185.00000000000000       0.34549419245486374        1.4000000000000000E-003   2.2000000000000001E-003   3.0000000000000001E-003  0.62160000000000004       0.37180000000000002     
   186.00000000000000       0.35020387444596179        1.4000000000000000E-003   2.3999999999999998E-003   2.8000000000000000E-003  0.61519999999999997       0.37819999999999998     
   187.00000000000000       0.35395948003619215        1.1999999999999999E-003   2.5999999999999999E-003   2.5999999999999999E-003  0.60619999999999996       0.38740000000000002     
   188.00000000000000       0.35279613102162910        1.6000000000000001E-003   2.0000000000000000E-003   2.8000000000000000E-003  0.72240000000000004       0.27120000000000000     
   189.00000000000000       0.35445691631108878        1.6000000000000001E-003   2.0000000000000000E-003   2.8000000000000000E-003  0.72240000000000004       0.27120000000000000     
   190.00000000000000       0.35175728677939400        1.6000000000000001E-003   2.0000000000000000E-003   2.8000000000000000E-003  0.72619999999999996       0.26740000000000003     
   191.00000000000000       0.34637106138302798        1.1999999999999999E-003   2.0000000000000000E-003   2.8000000000000000E-003  0.72299999999999998       0.27100000000000002     
   192.00000000000000       0.33943540092969060        1.1999999999999999E-003   2.0000000000000000E-003   2.8000000000000000E-003  0.72380000000000000       0.27020000000000000     
   193.00000000000000       0.33232337704872661        1.1999999999999999E-003   1.4000000000000000E-003   2.8000000000000000E-003  0.72440000000000004       0.27020000000000000     
   194.00000000000000       0.32427692996848412        1.1999999999999999E-003   1.4000000000000000E-003   2.8000000000000000E-003  0.72440000000000004       0.27020000000000000     
   195.00000000000000       0.31562622880419317        1.1999999999999999E-003   1.4000000000000000E-003   2.8000000000000000E-003  0.72440000000000004       0.27020000000000000     
   196.00000000000000       0.30644728730758403        1.1999999999999999E-003   1.4000000000000000E-003   2.8000000000000000E-003  0.72360000000000002       0.27100000000000002     
   197.00000000000000       0.29665526722057889        1.1999999999999999E-003   1.4000000000000000E-003   2.8000000000000000E-003  0.72440000000000004       0.27020000000000000     
   198.00000000000000       0.28591701861357044        1.1999999999999999E-003   1.4000000000000000E-003   2.8000000000000000E-003  0.72560000000000002       0.26900000000000002     
   199.00000000000000       0.27467321880190887        1.1999999999999999E-003   1.4000000000000000E-003   2.8000000000000000E-003  0.72199999999999998       0.27260000000000001     
   200.00000000000000       0.26396529760233856        1.4000000000000000E-003   1.0000000000000000E-003   2.8000000000000000E-003  0.71299999999999997       0.28179999999999999     
   201.00000000000000       0.25168343738572790        1.4000000000000000E-003   8.0000000000000004E-004   3.0000000000000001E-003  0.71319999999999995       0.28160000000000002     
   202.00000000000000       0.23877860587578614        1.4000000000000000E-003   8.0000000000000004E-004   3.0000000000000001E-003  0.71319999999999995       0.28160000000000002     
   203.00000000000000       0.22667104981414091        1.4000000000000000E-003   8.0000000000000004E-004   3.0000000000000001E-003  0.70899999999999996       0.28580000000000000     
   204.00000000000000       0.21373029754780515        1.4000000000000000E-003   8.0000000000000004E-004   3.0000000000000001E-003  0.70899999999999996       0.28580000000000000     
   205.00000000000000       0.20124927858497571        1.4000000000000000E-003   8.0000000000000004E-004   2.8000000000000000E-003  0.70899999999999996       0.28599999999999998     
   206.00000000000000       0.18941279121108062        1.4000000000000000E-003   8.0000000000000004E-004   2.8000000000000000E-003  0.70699999999999996       0.28799999999999998     
   207.00000000000000       0.17772467156037372        1.4000000000000000E-003   8.0000000000000004E-004   2.8000000000000000E-003  0.70660000000000001       0.28839999999999999     
   208.00000000000000       0.16677822497252065        1.4000000000000000E-003   8.0000000000000004E-004   2.8000000000000000E-003  0.70660000000000001       0.28839999999999999     
   209.00000000000000       0.15642376816275189        1.4000000000000000E-003   8.0000000000000004E-004   2.8000000000000000E-003  0.70640000000000003       0.28860000000000002     
   210.00000000000000       0.14661552867098715        1.0000000000000000E-003   8.0000000000000004E-004   2.8000000000000000E-003  0.70679999999999998       0.28860000000000002     
   211.00000000000000       0.13814015379039904        1.0000000000000000E-003   8.0000000000000004E-004   2.5999999999999999E-003  0.70699999999999996       0.28860000000000002     
   212.00000000000000       0.13056299871357596        1.0000000000000000E-003   8.0000000000000004E-004   2.5999999999999999E-003  0.70699999999999996       0.28860000000000002     
   213.00000000000000       0.12412453655081046        1.0000000000000000E-003   8.0000000000000004E-004   4.4000000000000003E-003  0.70520000000000005       0.28860000000000002     
   214.00000000000000       0.11868025014238556        1.0000000000000000E-003   8.0000000000000004E-004   6.1999999999999998E-003  0.70340000000000003       0.28860000000000002     
   215.00000000000000       0.11385532609806746        1.0000000000000000E-003   8.0000000000000004E-004   5.1999999999999998E-003  0.70440000000000003       0.28860000000000002     
   216.00000000000000       0.11104931716541178        1.0000000000000000E-003   8.0000000000000004E-004   4.7999999999999996E-003  0.70340000000000003       0.28999999999999998     
