#        BMIN =   404
#        BMAX =   408
#     INIBAND =   406
#      NBANDS =   540
#         NSW =  2000
#       POTIM =   1.0
#        TEMP = 300.0
#    NAMDTINI =   749
#    NAMDTIME =  1000
#       NTRAJ =  5000
#        NELM =  1000
#       LHOLE =     T
#        LSHP =     T
#      LCPTXT =     T
#      RUNDIR = ../../run/
   1.0000000000000000        5.3734479535491146E-002   0.0000000000000000        0.0000000000000000        1.0000000000000000        0.0000000000000000        0.0000000000000000     
   2.0000000000000000        5.1054096523903525E-002   0.0000000000000000        0.0000000000000000       0.99639999999999995        3.5999999999999999E-003   0.0000000000000000     
   3.0000000000000000        5.9474618526833833E-002   0.0000000000000000        0.0000000000000000       0.98260000000000003        1.7200000000000000E-002   2.0000000000000001E-004
   4.0000000000000000        6.1621257473916037E-002   0.0000000000000000        0.0000000000000000       0.99980000000000002        0.0000000000000000        2.0000000000000001E-004
   5.0000000000000000        5.3695699223234729E-002   0.0000000000000000        0.0000000000000000       0.99180000000000001        7.1999999999999998E-003   1.0000000000000000E-003
   6.0000000000000000        3.6536171833759991E-002   0.0000000000000000        0.0000000000000000       0.98519999999999996        1.0200000000000001E-002   4.5999999999999999E-003
   7.0000000000000000        1.3287543105564036E-002   0.0000000000000000        0.0000000000000000       0.98299999999999998        1.2400000000000000E-002   4.5999999999999999E-003
   8.0000000000000000       -1.3482388223397231E-002   0.0000000000000000        0.0000000000000000       0.98299999999999998        1.2400000000000000E-002   4.5999999999999999E-003
   9.0000000000000000       -4.2524767520622245E-002   0.0000000000000000        0.0000000000000000       0.97999999999999998        1.4200000000000001E-002   5.7999999999999996E-003
   10.000000000000000       -7.4437725354299336E-002   0.0000000000000000        2.3999999999999998E-003  0.97760000000000002        1.4200000000000001E-002   5.7999999999999996E-003
   11.000000000000000      -0.10125836702071561        0.0000000000000000        1.8200000000000001E-002  0.95779999999999998        1.4600000000000000E-002   9.4000000000000004E-003
   12.000000000000000      -0.12131800192937529        0.0000000000000000        3.1000000000000000E-002  0.94499999999999995        1.4200000000000001E-002   9.7999999999999997E-003
   13.000000000000000      -0.12887286395907760        0.0000000000000000        2.9999999999999999E-002  0.94599999999999995        1.4200000000000001E-002   9.7999999999999997E-003
   14.000000000000000      -0.13221970349809126        0.0000000000000000        2.5800000000000000E-002  0.94979999999999998        1.4400000000000000E-002   1.0000000000000000E-002
   15.000000000000000      -0.13320594847236619        0.0000000000000000        2.0400000000000001E-002  0.95099999999999996        1.8599999999999998E-002   1.0000000000000000E-002
   16.000000000000000      -0.13459834545019272        0.0000000000000000        1.9000000000000000E-002  0.95220000000000005        1.8800000000000001E-002   1.0000000000000000E-002
   17.000000000000000      -0.13510754387442717        0.0000000000000000        1.8800000000000001E-002  0.95140000000000002        1.8599999999999998E-002   1.1200000000000000E-002
   18.000000000000000      -0.13548237852916395        1.1599999999999999E-002   7.1999999999999998E-003  0.95120000000000005        1.8800000000000001E-002   1.1200000000000000E-002
   19.000000000000000      -0.13822192830486560        1.1800000000000000E-002  0.11000000000000000       0.84780000000000000        1.8800000000000001E-002   1.1599999999999999E-002
   20.000000000000000      -0.12096922949258543        1.1400000000000000E-002  0.11000000000000000       0.84780000000000000        1.9199999999999998E-002   1.1599999999999999E-002
   21.000000000000000       -7.7212489855075714E-002   1.1400000000000000E-002  0.11000000000000000       0.84780000000000000        1.9199999999999998E-002   1.1599999999999999E-002
   22.000000000000000       -3.3455085105368022E-002   1.1400000000000000E-002  0.11000000000000000       0.84780000000000000        1.9199999999999998E-002   1.1599999999999999E-002
   23.000000000000000        8.0789283820572773E-003   1.1599999999999999E-002  0.10920000000000001       0.84780000000000000        1.9800000000000002E-002   1.1599999999999999E-002
   24.000000000000000        4.7327951520723638E-002   1.1599999999999999E-002  0.10920000000000001       0.84780000000000000        1.9400000000000001E-002   1.2000000000000000E-002
   25.000000000000000        8.2356551121409993E-002   1.1400000000000000E-002  0.10780000000000001       0.86660000000000004        0.0000000000000000        1.4200000000000001E-002
   26.000000000000000       0.10344023576192100        1.2400000000000000E-002  0.10680000000000001       0.86680000000000001        0.0000000000000000        1.4000000000000000E-002
   27.000000000000000       0.10130709341837249        6.4199999999999993E-002   5.3800000000000001E-002  0.86680000000000001        0.0000000000000000        1.5200000000000000E-002
   28.000000000000000       0.10179376495525633        6.2199999999999998E-002   5.4399999999999997E-002  0.85999999999999999        0.0000000000000000        2.3400000000000001E-002
   29.000000000000000       0.10029728347735334        6.6799999999999998E-002   4.9799999999999997E-002  0.85740000000000005        0.0000000000000000        2.5999999999999999E-002
   30.000000000000000        9.8062141187347948E-002   7.4399999999999994E-002   4.1000000000000002E-002  0.85860000000000003        0.0000000000000000        2.5999999999999999E-002
   31.000000000000000       0.10812530108986260        7.0999999999999994E-002   4.3200000000000002E-002  0.85919999999999996        0.0000000000000000        2.6599999999999999E-002
   32.000000000000000        8.8552999226668649E-002   7.7600000000000002E-002   3.6600000000000001E-002  0.85919999999999996        0.0000000000000000        2.6599999999999999E-002
   33.000000000000000        9.6301789241470662E-002   7.7600000000000002E-002   3.6200000000000003E-002  0.85380000000000000        0.0000000000000000        3.2399999999999998E-002
   34.000000000000000        7.6002620390122635E-002   7.7200000000000005E-002   3.5000000000000003E-002  0.85540000000000005        0.0000000000000000        3.2399999999999998E-002
   35.000000000000000        6.8504478377271055E-002   7.7200000000000005E-002   3.4799999999999998E-002  0.80900000000000005        4.6600000000000003E-002   3.2399999999999998E-002
   36.000000000000000        3.8653227517134882E-002   7.6399999999999996E-002   3.4799999999999998E-002  0.80900000000000005        4.7199999999999999E-002   3.2599999999999997E-002
   37.000000000000000        1.9903413247957767E-003   7.6399999999999996E-002   3.4799999999999998E-002  0.80900000000000005        4.7199999999999999E-002   3.2599999999999997E-002
   38.000000000000000       -3.6347788792433625E-002   7.4600000000000000E-002   3.6200000000000003E-002  0.80900000000000005        4.7600000000000003E-002   3.2599999999999997E-002
   39.000000000000000       -7.5317558201773993E-002   7.1199999999999999E-002   3.5600000000000000E-002  0.81299999999999994        4.7600000000000003E-002   3.2599999999999997E-002
   40.000000000000000      -0.11097064448465413        7.0000000000000007E-002   3.5600000000000000E-002  0.81379999999999997        4.8000000000000001E-002   3.2599999999999997E-002
   41.000000000000000      -0.10999527404175413        7.0000000000000007E-002   3.5600000000000000E-002  0.81379999999999997        4.8000000000000001E-002   3.2599999999999997E-002
   42.000000000000000      -0.10955659757051783        6.8400000000000002E-002   3.6200000000000003E-002  0.81399999999999995        4.8800000000000003E-002   3.2599999999999997E-002
   43.000000000000000      -0.10867553263430754        6.8400000000000002E-002   3.5400000000000001E-002  0.81479999999999997        4.8800000000000003E-002   3.2599999999999997E-002
   44.000000000000000      -0.10771887179223891        6.8400000000000002E-002   3.5200000000000002E-002  0.81420000000000003        4.8200000000000000E-002   3.4000000000000002E-002
   45.000000000000000      -0.10592376772349416        6.7400000000000002E-002   3.4599999999999999E-002  0.81559999999999999        4.8200000000000000E-002   3.4200000000000001E-002
   46.000000000000000      -0.10334844729817949        6.8800000000000000E-002   3.3000000000000002E-002  0.81540000000000001        4.8200000000000000E-002   3.4599999999999999E-002
   47.000000000000000      -0.10002459116323215        6.8800000000000000E-002   3.2800000000000003E-002  0.81559999999999999        4.8200000000000000E-002   3.4599999999999999E-002
   48.000000000000000       -9.5895246853257052E-002   6.9199999999999998E-002   3.2399999999999998E-002  0.81559999999999999        4.8200000000000000E-002   3.4599999999999999E-002
   49.000000000000000       -9.0947421423477171E-002   6.9800000000000001E-002   2.9600000000000001E-002  0.81720000000000004        4.8399999999999999E-002   3.5000000000000003E-002
   50.000000000000000       -8.5517617017500908E-002   1.2999999999999999E-002   8.6400000000000005E-002  0.81720000000000004        4.8399999999999999E-002   3.5000000000000003E-002
   51.000000000000000       -7.9170436788259205E-002   1.2800000000000001E-002   8.6400000000000005E-002  0.81720000000000004        4.8599999999999997E-002   3.5000000000000003E-002
   52.000000000000000       -7.1421479624342754E-002   1.2800000000000001E-002   8.6400000000000005E-002  0.81640000000000001        4.8599999999999997E-002   3.5799999999999998E-002
   53.000000000000000       -6.3470702345076152E-002   1.2800000000000001E-002   8.6400000000000005E-002  0.81620000000000004        4.7399999999999998E-002   3.7199999999999997E-002
   54.000000000000000       -5.6016628090409679E-002   1.2600000000000000E-002   8.6400000000000005E-002  0.81640000000000001        4.7199999999999999E-002   3.7400000000000003E-002
   55.000000000000000       -4.8404779920913105E-002   1.2600000000000000E-002   8.6400000000000005E-002  0.81620000000000004        4.6800000000000001E-002   3.7999999999999999E-002
   56.000000000000000       -4.0043636570815562E-002   1.2600000000000000E-002   8.6400000000000005E-002  0.80759999999999998        5.5399999999999998E-002   3.7999999999999999E-002
   57.000000000000000       -3.1520975639399561E-002   1.2600000000000000E-002   8.6400000000000005E-002  0.80720000000000003        5.4600000000000003E-002   3.9199999999999999E-002
   58.000000000000000       -2.2254055143488653E-002   1.1800000000000000E-002   8.8800000000000004E-002  0.80500000000000005        5.4600000000000003E-002   3.9800000000000002E-002
   59.000000000000000       -8.9841524281294612E-003   1.1800000000000000E-002   8.8400000000000006E-002  0.80500000000000005        5.4399999999999997E-002   4.0399999999999998E-002
   60.000000000000000        9.9296137348195909E-003   1.1200000000000000E-002   8.8999999999999996E-002  0.80500000000000005        5.3999999999999999E-002   4.0800000000000003E-002
   61.000000000000000        2.5076082614439849E-002   1.1200000000000000E-002   8.8999999999999996E-002  0.80500000000000005        5.3999999999999999E-002   4.0800000000000003E-002
   62.000000000000000        3.6638970951763196E-002   1.0999999999999999E-002   8.8999999999999996E-002  0.80500000000000005        5.4199999999999998E-002   4.0800000000000003E-002
   63.000000000000000        4.4247630523819345E-002   1.0999999999999999E-002  0.11520000000000000       0.77720000000000000        5.4199999999999998E-002   4.2400000000000000E-002
   64.000000000000000        5.3292588075452674E-002   1.0600000000000000E-002  0.11520000000000000       0.77720000000000000        5.3600000000000002E-002   4.3400000000000001E-002
   65.000000000000000        6.6194665278227482E-002   1.0600000000000000E-002  0.11520000000000000       0.77659999999999996        5.3600000000000002E-002   4.3999999999999997E-002
   66.000000000000000        7.9020527391500950E-002   1.0600000000000000E-002  0.11520000000000000       0.77400000000000002        5.0400000000000000E-002   4.9799999999999997E-002
   67.000000000000000        8.9283550048184390E-002   1.0600000000000000E-002  0.11520000000000000       0.77239999999999998        5.1999999999999998E-002   4.9799999999999997E-002
   68.000000000000000        9.8034317361497120E-002   1.0200000000000001E-002  0.11520000000000000       0.77000000000000002        5.5000000000000000E-002   4.9599999999999998E-002
   69.000000000000000       0.10414596926159282        1.0200000000000001E-002  0.11340000000000000       0.77120000000000000        5.4399999999999997E-002   5.0799999999999998E-002
   70.000000000000000       0.10885763914952326        1.0200000000000001E-002  0.11320000000000000       0.76880000000000004        5.4399999999999997E-002   5.3400000000000003E-002
   71.000000000000000       0.11353085425361567        1.0200000000000001E-002  0.11119999999999999       0.76219999999999999        6.3000000000000000E-002   5.3400000000000003E-002
   72.000000000000000       0.11261045936767025        1.0200000000000001E-002  0.11100000000000000       0.76180000000000003        6.3399999999999998E-002   5.3600000000000002E-002
   73.000000000000000       0.10901415782374463        1.0200000000000001E-002  0.11080000000000000       0.75980000000000003        6.5600000000000006E-002   5.3600000000000002E-002
   74.000000000000000       0.10285128896095742        1.0200000000000001E-002  0.11020000000000001       0.75719999999999998        6.4799999999999996E-002   5.7599999999999998E-002
   75.000000000000000        9.2604280446840881E-002   1.0200000000000001E-002  0.10979999999999999       0.75719999999999998        6.4399999999999999E-002   5.8400000000000001E-002
   76.000000000000000        7.9978309796980479E-002   1.0200000000000001E-002  0.10860000000000000       0.75719999999999998        6.4399999999999999E-002   5.9600000000000000E-002
   77.000000000000000        6.4362007056837839E-002   1.0200000000000001E-002  0.10860000000000000       0.75719999999999998        6.4399999999999999E-002   5.9600000000000000E-002
   78.000000000000000        4.7008142575235695E-002   1.0200000000000001E-002  0.10820000000000000       0.75600000000000001        6.5799999999999997E-002   5.9799999999999999E-002
   79.000000000000000        2.8239009748581730E-002   1.0200000000000001E-002  0.10780000000000001       0.75600000000000001        6.6000000000000003E-002   5.9999999999999998E-002
   80.000000000000000        7.6481768560490090E-003   1.0200000000000001E-002  0.10780000000000001       0.75600000000000001        6.5799999999999997E-002   6.0199999999999997E-002
   81.000000000000000       -1.1892849850760015E-002   1.0200000000000001E-002  0.10740000000000000       0.75580000000000003        6.6400000000000001E-002   6.0199999999999997E-002
   82.000000000000000       -3.0917184797195151E-002   1.0200000000000001E-002  0.10740000000000000       0.75339999999999996        6.8400000000000002E-002   6.0600000000000001E-002
   83.000000000000000       -5.1761610604469092E-002   7.4399999999999994E-002   4.2999999999999997E-002  0.75319999999999998        6.8599999999999994E-002   6.0800000000000000E-002
   84.000000000000000       -6.7373048406389024E-002   7.4399999999999994E-002   4.2999999999999997E-002  0.75300000000000000        6.8599999999999994E-002   6.0999999999999999E-002
   85.000000000000000       -8.1886574086531050E-002   7.4800000000000005E-002   4.2999999999999997E-002  0.75160000000000005        6.9599999999999995E-002   6.0999999999999999E-002
   86.000000000000000       -9.4573459336543778E-002   7.4800000000000005E-002   4.1200000000000001E-002  0.75339999999999996        6.9599999999999995E-002   6.0999999999999999E-002
   87.000000000000000       -9.2052518138518724E-002   7.4800000000000005E-002   4.1200000000000001E-002  0.75339999999999996        6.9599999999999995E-002   6.0999999999999999E-002
   88.000000000000000       -7.0587522719414278E-002   7.4600000000000000E-002   4.1200000000000001E-002  0.75360000000000005        6.9599999999999995E-002   6.0999999999999999E-002
   89.000000000000000       -4.6939189069008000E-002   7.4600000000000000E-002   4.1200000000000001E-002  0.75360000000000005        6.9400000000000003E-002   6.1199999999999997E-002
   90.000000000000000       -2.7035119305236777E-002   7.4600000000000000E-002   4.1200000000000001E-002  0.75360000000000005        6.8800000000000000E-002   6.1800000000000001E-002
   91.000000000000000       -1.1728025528394016E-002  0.10240000000000000        1.3200000000000000E-002  0.75360000000000005        6.8800000000000000E-002   6.2000000000000000E-002
   92.000000000000000        9.9407721012442565E-003  0.10480000000000000        1.0600000000000000E-002  0.75380000000000003        6.7599999999999993E-002   6.3200000000000006E-002
   93.000000000000000        2.4926062346863023E-002  0.10299999999999999        1.2400000000000000E-002  0.74980000000000002        7.0800000000000002E-002   6.4000000000000001E-002
   94.000000000000000        1.7886359927939514E-002  0.10960000000000000        5.5999999999999999E-003  0.74960000000000004        7.0800000000000002E-002   6.4399999999999999E-002
   95.000000000000000        9.0402026031923093E-003   6.6400000000000001E-002   4.7600000000000003E-002  0.75080000000000002        7.0800000000000002E-002   6.4399999999999999E-002
   96.000000000000000        9.9587793778331546E-004   6.6400000000000001E-002   4.6800000000000001E-002  0.74939999999999996        7.0800000000000002E-002   6.6600000000000006E-002
   97.000000000000000       -6.5619103285488485E-003   6.6400000000000001E-002   4.5600000000000002E-002  0.75039999999999996        7.0800000000000002E-002   6.6799999999999998E-002
   98.000000000000000       -1.0916191515460683E-002   6.6400000000000001E-002   3.6799999999999999E-002  0.75360000000000005        7.0800000000000002E-002   7.2400000000000006E-002
   99.000000000000000       -1.6882272867982155E-002   6.6400000000000001E-002   3.6400000000000002E-002  0.75380000000000003        7.0800000000000002E-002   7.2599999999999998E-002
   100.00000000000000       -1.9743551887420573E-002   6.6400000000000001E-002   2.9200000000000000E-002  0.75939999999999996        7.0800000000000002E-002   7.4200000000000002E-002
   101.00000000000000       -2.2145186648262732E-002   6.6400000000000001E-002   2.8199999999999999E-002  0.71980000000000000       0.11080000000000000        7.4800000000000005E-002
   102.00000000000000       -4.5989729693011162E-002   6.6400000000000001E-002   2.8199999999999999E-002  0.71980000000000000       0.11080000000000000        7.4800000000000005E-002
   103.00000000000000       -7.2177631656769742E-002   6.6199999999999995E-002   2.8000000000000001E-002  0.71980000000000000       0.11100000000000000        7.4999999999999997E-002
   104.00000000000000       -9.9581977247251888E-002   6.6000000000000003E-002   2.8000000000000001E-002  0.71980000000000000       0.10979999999999999        7.6399999999999996E-002
   105.00000000000000      -0.12785110902985830        6.5600000000000006E-002   2.8000000000000001E-002  0.71980000000000000       0.10900000000000000        7.7600000000000002E-002
   106.00000000000000      -0.15590459049399594        6.5600000000000006E-002   2.8000000000000001E-002  0.71980000000000000       0.11899999999999999        6.7599999999999993E-002
   107.00000000000000      -0.18315389729695994        6.5600000000000006E-002  0.11459999999999999       0.63219999999999998       0.11520000000000000        7.2400000000000006E-002
   108.00000000000000      -0.18907316028035356        8.8400000000000006E-002   8.5199999999999998E-002  0.63880000000000003       0.11500000000000000        7.2599999999999998E-002
   109.00000000000000      -0.18776887386394348        8.8400000000000006E-002   7.0800000000000002E-002  0.65300000000000002       0.11559999999999999        7.2200000000000000E-002
   110.00000000000000      -0.18231264722420246        8.8400000000000006E-002   7.3599999999999999E-002  0.64700000000000002       0.11760000000000000        7.3400000000000007E-002
   111.00000000000000      -0.17272603539920922        8.1600000000000006E-002  0.25300000000000000       0.47420000000000001       0.11780000000000000        7.3400000000000007E-002
   112.00000000000000      -0.15530567641971296        7.6999999999999999E-002  0.26640000000000003       0.46479999999999999       0.11820000000000000        7.3599999999999999E-002
   113.00000000000000      -0.13677573347544550        7.5800000000000006E-002  0.26860000000000001       0.46320000000000000       0.11840000000000001        7.3999999999999996E-002
   114.00000000000000      -0.11804787857506477        7.5200000000000003E-002  0.26840000000000003       0.46400000000000002       0.11840000000000001        7.3999999999999996E-002
   115.00000000000000       -9.8702105268793444E-002   7.5200000000000003E-002  0.26939999999999997       0.46239999999999998       0.11899999999999999        7.3999999999999996E-002
   116.00000000000000       -7.7034315956626728E-002   7.5200000000000003E-002  0.26000000000000001       0.47020000000000001       0.12060000000000000        7.3999999999999996E-002
   117.00000000000000       -5.4631356160394287E-002   7.5200000000000003E-002  0.25400000000000000       0.47360000000000002       0.12320000000000000        7.3999999999999996E-002
   118.00000000000000       -3.2577213476198345E-002   7.5200000000000003E-002  0.25319999999999998       0.47299999999999998       0.12340000000000000        7.5200000000000003E-002
   119.00000000000000       -1.0409119204582457E-002   7.5200000000000003E-002  0.24920000000000000       0.47660000000000002       0.12379999999999999        7.5200000000000003E-002
   120.00000000000000        1.1210906741135857E-002   7.5200000000000003E-002  0.24979999999999999       0.47560000000000002       0.12400000000000000        7.5399999999999995E-002
   121.00000000000000        3.3066555149392364E-002   7.5200000000000003E-002  0.24460000000000001       0.47839999999999999       0.12520000000000001        7.6600000000000001E-002
   122.00000000000000        5.4309298943755052E-002   5.9999999999999998E-002  0.25860000000000000       0.47360000000000002       0.12939999999999999        7.8399999999999997E-002
   123.00000000000000        7.9233930782518794E-002   6.0199999999999997E-002  0.25860000000000000       0.47339999999999999       0.12839999999999999        7.9399999999999998E-002
   124.00000000000000        9.4377624103582081E-002   5.9200000000000003E-002  0.56420000000000003       0.16600000000000001       0.13120000000000001        7.9399999999999998E-002
   125.00000000000000       0.12790891215782124        5.1400000000000001E-002  0.57140000000000002       0.16580000000000000       0.13200000000000001        7.9399999999999998E-002
   126.00000000000000       0.14565863684272118        4.9200000000000001E-002  0.57299999999999995       0.16580000000000000       0.13220000000000001        7.9799999999999996E-002
   127.00000000000000       0.16179453143640038        4.5999999999999999E-002  0.56799999999999995       0.16580000000000000       0.14040000000000000        7.9799999999999996E-002
   128.00000000000000       0.17757438308298565        3.6999999999999998E-002  0.57660000000000000       0.16580000000000000       0.14040000000000000        8.0199999999999994E-002
   129.00000000000000       0.18907978726491068        3.6999999999999998E-002  0.57660000000000000       0.16580000000000000       0.14040000000000000        8.0199999999999994E-002
   130.00000000000000       0.19875992068215842        3.9600000000000003E-002  0.57379999999999998       0.16580000000000000       0.14060000000000000        8.0199999999999994E-002
   131.00000000000000       0.20936321741040748        3.7999999999999999E-002  0.57220000000000004       0.16580000000000000       0.14380000000000001        8.0199999999999994E-002
   132.00000000000000       0.21618306536026308        4.2999999999999997E-002  0.56699999999999995       0.16580000000000000       0.14399999999999999        8.0199999999999994E-002
   133.00000000000000       0.22309973845732470        4.6800000000000001E-002  0.56279999999999997       0.16580000000000000       0.14340000000000000        8.1199999999999994E-002
   134.00000000000000       0.22905646581174458        4.5199999999999997E-002  0.59499999999999997       0.13519999999999999       0.14080000000000001        8.3799999999999999E-002
   135.00000000000000       0.22815752553445945        4.4800000000000000E-002  0.59499999999999997       0.13560000000000000       0.14080000000000001        8.3799999999999999E-002
   136.00000000000000       0.21162515930592260        5.1799999999999999E-002  0.58720000000000006       0.13220000000000001       0.14499999999999999        8.3799999999999999E-002
   137.00000000000000       0.20623076276264507        5.1799999999999999E-002  0.58760000000000001       0.13100000000000001       0.14520000000000000        8.4400000000000003E-002
   138.00000000000000       0.21368079991454056        5.1799999999999999E-002  0.58779999999999999       0.13059999999999999       0.14260000000000000        8.7200000000000000E-002
   139.00000000000000       0.22260360670031476        5.0200000000000002E-002  0.58620000000000005       0.13320000000000001       0.14199999999999999        8.8400000000000006E-002
   140.00000000000000       0.23512627516392864        4.9399999999999999E-002  0.58740000000000003       0.13139999999999999       0.14340000000000000        8.8400000000000006E-002
   141.00000000000000       0.24840814195783301        4.8599999999999997E-002  0.58360000000000001       0.13500000000000001       0.14340000000000000        8.9399999999999993E-002
   142.00000000000000       0.26585235145308062        4.8599999999999997E-002  0.57520000000000004       0.13300000000000001       0.15260000000000001        9.0600000000000000E-002
   143.00000000000000       0.28953111428022338        4.8200000000000000E-002  0.57199999999999995       0.13280000000000000       0.15559999999999999        9.1399999999999995E-002
   144.00000000000000       0.29438825822218145        4.7800000000000002E-002  0.57460000000000000       0.12820000000000001       0.15740000000000001        9.1999999999999998E-002
   145.00000000000000       0.32604251022064917        4.7800000000000002E-002  0.57620000000000005       0.12260000000000000       0.16120000000000001        9.2200000000000004E-002
   146.00000000000000       0.32531235340160458        4.5999999999999999E-002  0.57660000000000000       0.12400000000000000       0.16120000000000001        9.2200000000000004E-002
   147.00000000000000       0.34512180096774181        4.5999999999999999E-002  0.57620000000000005       0.12400000000000000       0.16159999999999999        9.2200000000000004E-002
   148.00000000000000       0.37127779304563990        4.5600000000000002E-002  0.53539999999999999       0.16520000000000001       0.16159999999999999        9.2200000000000004E-002
   149.00000000000000       0.38663557396109677        4.5600000000000002E-002  0.53979999999999995       0.15959999999999999       0.16239999999999999        9.2600000000000002E-002
   150.00000000000000       0.29687356218544653        4.1000000000000002E-002  0.55240000000000000       0.14779999999999999       0.16619999999999999        9.2600000000000002E-002
   151.00000000000000       0.38365237700935578        4.0399999999999998E-002  0.55059999999999998       0.14920000000000000       0.16680000000000000        9.2999999999999999E-002
   152.00000000000000       0.19405966918048101        3.8600000000000002E-002  0.55200000000000005       0.14640000000000000       0.16819999999999999        9.4799999999999995E-002
   153.00000000000000       0.41301497446548419        3.8199999999999998E-002  0.55179999999999996       0.14199999999999999       0.17260000000000000        9.5399999999999999E-002
   154.00000000000000       0.41623315489294394        3.7999999999999999E-002  0.55179999999999996       0.14199999999999999       0.17280000000000001        9.5399999999999999E-002
   155.00000000000000       0.40144943726731902        3.7999999999999999E-002  0.55040000000000000       0.14160000000000000       0.17360000000000000        9.6400000000000000E-002
   156.00000000000000       0.37916032036105013        3.7600000000000001E-002  0.54979999999999996       0.14140000000000000       0.17460000000000001        9.6600000000000005E-002
   157.00000000000000       0.48433436480931424        3.7600000000000001E-002  0.54979999999999996       0.14060000000000000       0.17460000000000001        9.7400000000000000E-002
   158.00000000000000       0.39110595357181510        3.5600000000000000E-002  0.55100000000000005       0.14119999999999999       0.17480000000000001        9.7400000000000000E-002
   159.00000000000000       0.38619861800722555        3.5400000000000001E-002  0.55020000000000002       0.14080000000000001       0.17580000000000001        9.7799999999999998E-002
   160.00000000000000       0.36512160727729392        0.0000000000000000       0.58620000000000005       0.13900000000000001       0.17699999999999999        9.7799999999999998E-002
   161.00000000000000       0.24169834565724357        0.0000000000000000       0.58560000000000001       0.13840000000000000       0.17699999999999999        9.9000000000000005E-002
   162.00000000000000       0.51771822264148115        0.0000000000000000       0.58020000000000005       0.13180000000000000       0.16220000000000001       0.12580000000000000     
   163.00000000000000       0.57357317343778558        0.0000000000000000       0.57760000000000000       0.12939999999999999       0.14760000000000001       0.14540000000000000     
   164.00000000000000       0.51511106097212078        0.0000000000000000       0.57420000000000004       0.12939999999999999       0.14920000000000000       0.14720000000000000     
   165.00000000000000       0.50841125692902356        0.0000000000000000       0.55459999999999998        9.0200000000000002E-002  0.19739999999999999       0.15780000000000000     
   166.00000000000000       0.35416446129190376        0.0000000000000000       0.55320000000000003        8.9599999999999999E-002  0.19839999999999999       0.15880000000000000     
   167.00000000000000       0.34000056064228168        0.0000000000000000       0.54320000000000002        9.6400000000000000E-002  0.19760000000000000       0.16280000000000000     
   168.00000000000000       0.32177404971696777        0.0000000000000000       0.54320000000000002        9.6400000000000000E-002  0.19760000000000000       0.16280000000000000     
   169.00000000000000       0.30284162980848123        0.0000000000000000       0.54259999999999997        9.6600000000000005E-002  0.19780000000000000       0.16300000000000001     
   170.00000000000000       0.28349378429252420        0.0000000000000000       0.53959999999999997        9.6199999999999994E-002  0.19780000000000000       0.16639999999999999     
   171.00000000000000       0.26306074206811036        0.0000000000000000       0.53939999999999999        9.5000000000000001E-002  0.19400000000000001       0.17160000000000000     
   172.00000000000000       0.24190542091066741        3.2000000000000002E-003  0.53639999999999999        9.3399999999999997E-002  0.19580000000000000       0.17119999999999999     
   173.00000000000000       0.22080652107413767        0.0000000000000000       0.53600000000000003        9.5600000000000004E-002  0.19939999999999999       0.16900000000000001     
   174.00000000000000       0.20119055257973129        1.1999999999999999E-003  0.52859999999999996       0.10160000000000000       0.19539999999999999       0.17319999999999999     
   175.00000000000000       0.18263593951886162        5.9999999999999995E-004  0.52620000000000000       0.10199999999999999       0.19620000000000001       0.17499999999999999     
   176.00000000000000       0.16632748170508357        1.4000000000000000E-003  0.52339999999999998       0.10180000000000000       0.12300000000000000       0.25040000000000001     
   177.00000000000000       0.14814279824747420        1.4000000000000000E-003  0.52400000000000002        9.6199999999999994E-002  0.12680000000000000       0.25159999999999999     
   178.00000000000000       0.12912094589416015        1.4000000000000000E-003  0.52000000000000002        9.7600000000000006E-002  0.11780000000000000       0.26319999999999999     
   179.00000000000000       0.11261949531484859        2.0000000000000000E-003  0.51780000000000004        8.6199999999999999E-002  0.12239999999999999       0.27160000000000001     
   180.00000000000000        9.3700253972847786E-002   4.0000000000000002E-004  0.51039999999999996        9.0200000000000002E-002  0.12220000000000000       0.27679999999999999     
   181.00000000000000        7.4467344887377732E-002   4.0000000000000002E-004  0.50619999999999998        8.9599999999999999E-002  0.12400000000000000       0.27979999999999999     
   182.00000000000000        5.5402030249311660E-002   2.0000000000000001E-004  0.50680000000000003        8.6800000000000002E-002  0.12500000000000000       0.28120000000000001     
   183.00000000000000        3.6804588189409820E-002   4.0000000000000002E-004  0.50780000000000003        8.5599999999999996E-002  0.12500000000000000       0.28120000000000001     
   184.00000000000000        2.0831300965493724E-002   5.9999999999999995E-004  0.50500000000000000        8.6400000000000005E-002  0.12620000000000001       0.28179999999999999     
   185.00000000000000        6.2792584599512119E-003   5.9999999999999995E-004  0.49940000000000001        9.1999999999999998E-002  0.12620000000000001       0.28179999999999999     
   186.00000000000000       -6.7802253391368444E-003   0.0000000000000000       0.49299999999999999        9.8599999999999993E-002  0.12659999999999999       0.28179999999999999     
   187.00000000000000       -3.7943218162765774E-003   0.0000000000000000       0.25019999999999998       0.34139999999999998       0.12600000000000000       0.28239999999999998     
   188.00000000000000       -2.4580371664160300E-003   0.0000000000000000       0.25019999999999998       0.34139999999999998       0.12600000000000000       0.28239999999999998     
   189.00000000000000        3.7590909860465635E-003   0.0000000000000000       0.25019999999999998       0.34139999999999998       0.12520000000000001       0.28320000000000001     
   190.00000000000000        1.2071969103191388E-002   0.0000000000000000       0.24959999999999999       0.34139999999999998       0.12540000000000001       0.28360000000000002     
   191.00000000000000        2.2256520609775149E-002   0.0000000000000000       0.24940000000000001       0.34139999999999998       0.12479999999999999       0.28439999999999999     
   192.00000000000000        3.2306463820929526E-002   0.0000000000000000       0.24940000000000001       0.34139999999999998       0.12479999999999999       0.28439999999999999     
   193.00000000000000        4.3532666207925300E-002   0.0000000000000000       0.24879999999999999       0.34139999999999998       0.12440000000000000       0.28539999999999999     
   194.00000000000000        5.4631210263648838E-002   0.0000000000000000       0.24820000000000000       0.34139999999999998       0.12440000000000000       0.28599999999999998     
   195.00000000000000        6.5831645878646844E-002   0.0000000000000000       0.24640000000000001       0.34139999999999998       0.12500000000000000       0.28720000000000001     
   196.00000000000000        7.6059972878597934E-002   0.0000000000000000       0.24579999999999999       0.34139999999999998       0.12500000000000000       0.28780000000000000     
   197.00000000000000        7.6951850101594860E-002   0.0000000000000000       0.55759999999999998        2.7799999999999998E-002  0.12280000000000001       0.29180000000000000     
   198.00000000000000        9.1343635414202082E-002   0.0000000000000000       0.55759999999999998        2.7799999999999998E-002  0.12280000000000001       0.29180000000000000     
   199.00000000000000        8.9185870879770396E-002   0.0000000000000000       0.55759999999999998        2.7600000000000000E-002  0.12239999999999999       0.29239999999999999     
   200.00000000000000        8.4193552204463284E-002   0.0000000000000000       0.55759999999999998        2.7400000000000001E-002  0.12260000000000000       0.29239999999999999     
   201.00000000000000        7.8032171953181725E-002  0.12800000000000000       0.42480000000000001        3.0599999999999999E-002  0.12200000000000000       0.29459999999999997     
   202.00000000000000        9.4765444170863425E-002  0.12800000000000000       0.42459999999999998        3.0400000000000000E-002  0.12100000000000000       0.29599999999999999     
   203.00000000000000       0.11425525432597870       0.11980000000000000       0.42440000000000000        3.6999999999999998E-002  0.11880000000000000       0.29999999999999999     
   204.00000000000000       0.13838465969640507       0.11899999999999999       0.42420000000000002        3.6999999999999998E-002  0.11360000000000001       0.30620000000000003     
   205.00000000000000       0.16312615001359457       0.11899999999999999       0.40799999999999997        5.2400000000000002E-002  0.11400000000000000       0.30659999999999998     
   206.00000000000000       0.18783332984293416       0.10780000000000001       0.41539999999999999        5.2999999999999999E-002  0.11420000000000000       0.30959999999999999     
   207.00000000000000       0.21082622027086712       0.10780000000000001       0.39360000000000001        7.3200000000000001E-002  0.11420000000000000       0.31119999999999998     
   208.00000000000000       0.22884477476972229       0.10720000000000000       0.39360000000000001        7.3800000000000004E-002  0.11420000000000000       0.31119999999999998     
   209.00000000000000       0.24531063475971243       0.10680000000000001       0.39360000000000001        7.3599999999999999E-002  0.11440000000000000       0.31159999999999999     
   210.00000000000000       0.25980233376681677       0.10539999999999999       0.39179999999999998        7.4200000000000002E-002  0.11600000000000001       0.31259999999999999     
   211.00000000000000       0.27027979258733137       0.10400000000000000       0.38279999999999997        8.3400000000000002E-002  0.11559999999999999       0.31419999999999998     
   212.00000000000000       0.28860018560149686       0.10180000000000000       0.38179999999999997        8.4800000000000000E-002  0.11640000000000000       0.31519999999999998     
   213.00000000000000       0.28958858673351401       0.10120000000000000       0.38219999999999998        8.4599999999999995E-002  0.11680000000000000       0.31519999999999998     
   214.00000000000000       0.28973127381260588        9.7600000000000006E-002  0.38319999999999999        8.3599999999999994E-002  0.11940000000000001       0.31619999999999998     
   215.00000000000000       0.29200499035176386        9.6000000000000002E-002  0.38040000000000002        8.5800000000000001E-002  0.11960000000000000       0.31819999999999998     
   216.00000000000000       0.29175802274885498        9.4600000000000004E-002  0.37880000000000003        8.6800000000000002E-002  0.11980000000000000       0.32000000000000001     
