#        BMIN =   404
#        BMAX =   408
#     INIBAND =   406
#      NBANDS =   540
#         NSW =  2000
#       POTIM =   1.0
#        TEMP = 300.0
#    NAMDTINI =   675
#    NAMDTIME =  1000
#       NTRAJ =  5000
#        NELM =  1000
#       LHOLE =     T
#        LSHP =     T
#      LCPTXT =     T
#      RUNDIR = ../../run/
   1.0000000000000000       0.39993250411152503        0.0000000000000000        0.0000000000000000        1.0000000000000000        0.0000000000000000        0.0000000000000000     
   2.0000000000000000       0.39210126403907586        0.0000000000000000        0.0000000000000000        1.0000000000000000        0.0000000000000000        0.0000000000000000     
   3.0000000000000000       0.39441701206724517        0.0000000000000000        0.0000000000000000       0.99939999999999996        2.0000000000000001E-004   4.0000000000000002E-004
   4.0000000000000000       0.39181008449364102        0.0000000000000000        0.0000000000000000       0.99939999999999996        2.0000000000000001E-004   4.0000000000000002E-004
   5.0000000000000000       0.39245857039369392        0.0000000000000000        0.0000000000000000       0.99900000000000000        4.0000000000000002E-004   5.9999999999999995E-004
   6.0000000000000000       0.41552447414748300        0.0000000000000000        0.0000000000000000       0.99900000000000000        4.0000000000000002E-004   5.9999999999999995E-004
   7.0000000000000000       0.43080431999663632        0.0000000000000000        0.0000000000000000       0.99560000000000004        2.0000000000000000E-003   2.3999999999999998E-003
   8.0000000000000000       0.43124128354059965        0.0000000000000000        0.0000000000000000       0.99500000000000000        2.0000000000000000E-003   3.0000000000000001E-003
   9.0000000000000000       0.40036264102643249        0.0000000000000000        0.0000000000000000       0.90720000000000001        7.8399999999999997E-002   1.4400000000000000E-002
   10.000000000000000       0.28539405999464168        0.0000000000000000        0.0000000000000000       0.85180000000000000       0.13380000000000000        1.4400000000000000E-002
   11.000000000000000       0.41063284256187743        0.0000000000000000        0.0000000000000000       0.84999999999999998       0.13360000000000000        1.6400000000000001E-002
   12.000000000000000       0.39951268389321692        0.0000000000000000        0.0000000000000000       0.84140000000000004       0.14219999999999999        1.6400000000000001E-002
   13.000000000000000       0.34602342964232652        0.0000000000000000        0.0000000000000000       0.83440000000000003       0.14440000000000000        2.1200000000000000E-002
   14.000000000000000       0.33892166644610544        0.0000000000000000        0.0000000000000000       0.61380000000000001       0.36499999999999999        2.1200000000000000E-002
   15.000000000000000       0.35118933627866356        0.0000000000000000        0.0000000000000000       0.62119999999999997       0.34580000000000000        3.3000000000000002E-002
   16.000000000000000       0.29518749352644053        0.0000000000000000        0.0000000000000000       0.65000000000000002       0.31519999999999998        3.4799999999999998E-002
   17.000000000000000       0.26812741825214070        0.0000000000000000        0.0000000000000000       0.60880000000000001       0.35539999999999999        3.5799999999999998E-002
   18.000000000000000       0.24110379742060600        0.0000000000000000        0.0000000000000000       0.63600000000000001       0.32479999999999998        3.9199999999999999E-002
   19.000000000000000        3.6560907719471618E-002   0.0000000000000000        0.0000000000000000       0.63600000000000001       0.32319999999999999        4.0800000000000003E-002
   20.000000000000000        2.1126205379879467E-002   0.0000000000000000        0.0000000000000000       0.63600000000000001       0.32319999999999999        4.0800000000000003E-002
   21.000000000000000        8.2083564267942371E-003   0.0000000000000000        0.0000000000000000       0.63600000000000001       0.32319999999999999        4.0800000000000003E-002
   22.000000000000000       -9.6661439247106191E-004   0.0000000000000000        0.0000000000000000       0.63360000000000005       0.32319999999999999        4.3200000000000002E-002
   23.000000000000000       -7.6256589201922909E-003   0.0000000000000000        0.0000000000000000       0.62839999999999996       0.32819999999999999        4.3400000000000001E-002
   24.000000000000000       -1.0097485351393241E-002   0.0000000000000000        0.0000000000000000       0.61499999999999999       0.34120000000000000        4.3799999999999999E-002
   25.000000000000000       -1.2534499933306154E-002   0.0000000000000000        0.0000000000000000       0.61499999999999999       0.34100000000000003        4.3999999999999997E-002
   26.000000000000000       -1.3269562982553357E-002   0.0000000000000000        0.0000000000000000       0.61499999999999999       0.34100000000000003        4.3999999999999997E-002
   27.000000000000000       -1.0114753795262745E-002   0.0000000000000000        0.0000000000000000       0.60380000000000000       0.34680000000000000        4.9399999999999999E-002
   28.000000000000000       -6.1755217326240376E-003   0.0000000000000000        0.0000000000000000       0.58919999999999995       0.35859999999999997        5.2200000000000003E-002
   29.000000000000000       -1.8805810075897163E-003   0.0000000000000000        0.0000000000000000       0.57560000000000000       0.36740000000000000        5.7000000000000002E-002
   30.000000000000000        1.5546272268328644E-003   0.0000000000000000        0.0000000000000000       0.57560000000000000       0.36359999999999998        6.0800000000000000E-002
   31.000000000000000        4.1986485156747591E-003   0.0000000000000000        0.0000000000000000       0.57520000000000004       0.36380000000000001        6.0999999999999999E-002
   32.000000000000000        1.1560491677149367E-002   0.0000000000000000        0.0000000000000000       0.57220000000000004       0.35899999999999999        6.8800000000000000E-002
   33.000000000000000        1.7271496001986859E-002   0.0000000000000000        0.0000000000000000       0.57120000000000004       0.35899999999999999        6.9800000000000001E-002
   34.000000000000000        2.3499646727999021E-002   0.0000000000000000        0.0000000000000000       0.57120000000000004       0.35880000000000001        7.0000000000000007E-002
   35.000000000000000        2.7861472482353097E-002   0.0000000000000000        0.0000000000000000       0.57120000000000004       0.35880000000000001        7.0000000000000007E-002
   36.000000000000000        3.9961964212129733E-002   0.0000000000000000        0.0000000000000000       0.56859999999999999       0.36140000000000000        7.0000000000000007E-002
   37.000000000000000        4.7323539197290730E-002   0.0000000000000000        0.0000000000000000       0.56859999999999999       0.36140000000000000        7.0000000000000007E-002
   38.000000000000000        5.7250106921094536E-002   0.0000000000000000        0.0000000000000000       0.56520000000000004       0.35920000000000002        7.5600000000000001E-002
   39.000000000000000        6.8704825060791549E-002   0.0000000000000000        0.0000000000000000       0.56540000000000001       0.35899999999999999        7.5600000000000001E-002
   40.000000000000000        7.8989093258885382E-002   0.0000000000000000        0.0000000000000000       0.56559999999999999       0.35880000000000001        7.5600000000000001E-002
   41.000000000000000        8.8527452353103109E-002   0.0000000000000000        0.0000000000000000       0.56340000000000001       0.36099999999999999        7.5600000000000001E-002
   42.000000000000000       0.10857849646275447        0.0000000000000000        0.0000000000000000       0.54359999999999997       0.38000000000000000        7.6399999999999996E-002
   43.000000000000000       0.10978752427254529        0.0000000000000000        0.0000000000000000       0.54379999999999995       0.37880000000000003        7.7399999999999997E-002
   44.000000000000000       0.11781983850909115        0.0000000000000000        0.0000000000000000       0.54320000000000002       0.37880000000000003        7.8000000000000000E-002
   45.000000000000000       0.12205547156182961        0.0000000000000000        0.0000000000000000       0.54179999999999995       0.38019999999999998        7.8000000000000000E-002
   46.000000000000000       0.13504573201143463        0.0000000000000000        0.0000000000000000       0.54279999999999995       0.37900000000000000        7.8200000000000006E-002
   47.000000000000000       0.14294933385963418        0.0000000000000000        0.0000000000000000       0.54440000000000000       0.37619999999999998        7.9399999999999998E-002
   48.000000000000000       0.15037765708038883        0.0000000000000000        0.0000000000000000       0.54700000000000004       0.37280000000000002        8.0199999999999994E-002
   49.000000000000000       0.15877906792809943        0.0000000000000000        0.0000000000000000       0.53139999999999998       0.38840000000000002        8.0199999999999994E-002
   50.000000000000000       0.16717618972386256        0.0000000000000000        0.0000000000000000       0.53180000000000005       0.38400000000000001        8.4199999999999997E-002
   51.000000000000000       0.17387654953816994        0.0000000000000000        0.0000000000000000       0.53139999999999998       0.38400000000000001        8.4599999999999995E-002
   52.000000000000000       0.18028853879487020        0.0000000000000000        0.0000000000000000       0.53039999999999998       0.38479999999999998        8.4800000000000000E-002
   53.000000000000000       0.18708853412065490        0.0000000000000000        0.0000000000000000       0.52380000000000004       0.39140000000000003        8.4800000000000000E-002
   54.000000000000000       0.19304061025433500        0.0000000000000000        0.0000000000000000       0.52380000000000004       0.39079999999999998        8.5400000000000004E-002
   55.000000000000000       0.19895346805072586        0.0000000000000000        0.0000000000000000       0.52380000000000004       0.39079999999999998        8.5400000000000004E-002
   56.000000000000000       0.20429169765778965        0.0000000000000000        0.0000000000000000       0.52400000000000002       0.38979999999999998        8.6199999999999999E-002
   57.000000000000000       0.21054889789022679        0.0000000000000000        0.0000000000000000       0.52400000000000002       0.38979999999999998        8.6199999999999999E-002
   58.000000000000000       0.21648408453631246        0.0000000000000000        0.0000000000000000       0.52400000000000002       0.38519999999999999        9.0800000000000006E-002
   59.000000000000000       0.22039057624184327        0.0000000000000000        0.0000000000000000       0.52320000000000000       0.38279999999999997        9.4000000000000000E-002
   60.000000000000000       0.22290074080503705        0.0000000000000000        0.0000000000000000       0.52220000000000000       0.38300000000000001        9.4799999999999995E-002
   61.000000000000000       0.22269189952068777        0.0000000000000000        0.0000000000000000       0.52200000000000002       0.38300000000000001        9.5000000000000001E-002
   62.000000000000000       0.21961913131963490        0.0000000000000000        0.0000000000000000       0.52200000000000002       0.38300000000000001        9.5000000000000001E-002
   63.000000000000000       0.21465211214015123        0.0000000000000000        3.9800000000000002E-002  0.48139999999999999       0.38300000000000001        9.5799999999999996E-002
   64.000000000000000       0.22460624760843956        0.0000000000000000        3.9800000000000002E-002  0.48139999999999999       0.38219999999999998        9.6600000000000005E-002
   65.000000000000000       0.30638371253345814        0.0000000000000000        0.0000000000000000       0.28860000000000002       0.58599999999999997       0.12540000000000001     
   66.000000000000000       0.59057061416524625        0.0000000000000000        0.0000000000000000       0.28860000000000002       0.58599999999999997       0.12540000000000001     
   67.000000000000000        1.1392139771027829        0.0000000000000000        0.0000000000000000       0.28820000000000001       0.58640000000000003       0.12540000000000001     
   68.000000000000000        1.1076464765660610        0.0000000000000000        0.0000000000000000       0.28680000000000000       0.58540000000000003       0.12780000000000000     
   69.000000000000000        1.1313899730344001        0.0000000000000000        0.0000000000000000       0.28420000000000001       0.58060000000000000       0.13519999999999999     
   70.000000000000000        1.0783113826503021        0.0000000000000000        0.0000000000000000       0.28280000000000000       0.58199999999999996       0.13519999999999999     
   71.000000000000000        1.1758906949764949        0.0000000000000000        0.0000000000000000       0.28280000000000000       0.46139999999999998       0.25580000000000003     
   72.000000000000000       0.74902749782390043        0.0000000000000000        0.0000000000000000       0.27920000000000000       0.27500000000000002       0.44579999999999997     
   73.000000000000000       0.35164727648399752        0.0000000000000000        0.0000000000000000       0.27920000000000000       0.27500000000000002       0.44579999999999997     
   74.000000000000000       0.32569274544617510        0.0000000000000000        0.0000000000000000       0.27920000000000000       0.27479999999999999       0.44600000000000001     
   75.000000000000000       0.29584243674204458        0.0000000000000000        0.0000000000000000       0.27639999999999998       0.27760000000000001       0.44600000000000001     
   76.000000000000000       0.27439189471159775        0.0000000000000000        0.0000000000000000       0.26540000000000002       0.28860000000000002       0.44600000000000001     
   77.000000000000000       0.25407038396339754        0.0000000000000000        0.0000000000000000       0.24660000000000001       0.30740000000000001       0.44600000000000001     
   78.000000000000000       0.22851832269243583        0.0000000000000000        0.0000000000000000       0.28860000000000002       0.26540000000000002       0.44600000000000001     
   79.000000000000000       0.20790926212198146        0.0000000000000000        0.0000000000000000       0.25619999999999998       0.29280000000000000       0.45100000000000001     
   80.000000000000000       0.18897626450025506        0.0000000000000000        0.0000000000000000       0.23960000000000001       0.29740000000000000       0.46300000000000002     
   81.000000000000000       0.16703492353228605        0.0000000000000000        0.0000000000000000       0.23740000000000000       0.29680000000000001       0.46579999999999999     
   82.000000000000000       0.14882300920401947        0.0000000000000000        0.0000000000000000       0.23260000000000000       0.28720000000000001       0.48020000000000002     
   83.000000000000000       0.13105984330735462        0.0000000000000000        0.0000000000000000       0.23119999999999999       0.28860000000000002       0.48020000000000002     
   84.000000000000000       0.11657292897882751        0.0000000000000000        0.0000000000000000       0.23119999999999999       0.28699999999999998       0.48180000000000001     
   85.000000000000000       0.11044135080719485        0.0000000000000000        0.0000000000000000       0.22919999999999999       0.25760000000000000       0.51319999999999999     
   86.000000000000000       0.10571251575049367        0.0000000000000000        4.0000000000000002E-004  0.22880000000000000       0.26160000000000000       0.50919999999999999     
   87.000000000000000       0.10858020758600030        0.0000000000000000        2.0000000000000001E-004  0.22580000000000000       0.25819999999999999       0.51580000000000004     
   88.000000000000000       0.11220649277893210        0.0000000000000000        0.0000000000000000       0.22600000000000001       0.25860000000000000       0.51539999999999997     
   89.000000000000000       0.11785785944518731        0.0000000000000000        0.0000000000000000       0.21959999999999999       0.26200000000000001       0.51839999999999997     
   90.000000000000000       0.12183768958789187        0.0000000000000000        0.0000000000000000       0.21959999999999999       0.25640000000000002       0.52400000000000002     
   91.000000000000000       0.12496651052023425        0.0000000000000000        0.0000000000000000       0.21900000000000000       0.25659999999999999       0.52439999999999998     
   92.000000000000000       0.12801812267750545        0.0000000000000000        0.0000000000000000       0.21900000000000000       0.25100000000000000       0.53000000000000003     
   93.000000000000000       0.12920267858903101        0.0000000000000000        2.4400000000000002E-002  0.19380000000000000       0.25100000000000000       0.53080000000000005     
   94.000000000000000       0.13391625781611244        0.0000000000000000        2.3800000000000002E-002  0.19380000000000000       0.25100000000000000       0.53139999999999998     
   95.000000000000000       0.14404412749891402        0.0000000000000000        2.3199999999999998E-002  0.19380000000000000       0.25100000000000000       0.53200000000000003     
   96.000000000000000       0.15358516987509227        0.0000000000000000        2.3199999999999998E-002  0.19380000000000000       0.25080000000000002       0.53220000000000001     
   97.000000000000000       0.16194316401654463        0.0000000000000000        2.3000000000000000E-002  0.19380000000000000       0.25059999999999999       0.53259999999999996     
   98.000000000000000       0.16838282600699944        0.0000000000000000        2.3000000000000000E-002  0.19380000000000000       0.25040000000000001       0.53280000000000005     
   99.000000000000000       0.17215402567501950        0.0000000000000000        2.2800000000000001E-002  0.26019999999999999       0.18200000000000000       0.53500000000000003     
   100.00000000000000       0.17744738926518783        0.0000000000000000        2.2800000000000001E-002  0.26140000000000002       0.18200000000000000       0.53380000000000005     
   101.00000000000000       0.17972773496399469        7.6000000000000000E-003   1.4600000000000000E-002  0.25540000000000002       0.18200000000000000       0.54039999999999999     
   102.00000000000000       0.18181416578009846        6.4000000000000003E-003   1.5599999999999999E-002  0.24460000000000001       0.18200000000000000       0.55140000000000000     
   103.00000000000000       0.18184820823330777        8.2000000000000007E-003   1.3800000000000000E-002  0.24060000000000001       0.18200000000000000       0.55540000000000000     
   104.00000000000000       0.18105160917404711        1.4000000000000000E-002   7.1999999999999998E-003  0.24140000000000000       0.18200000000000000       0.55540000000000000     
   105.00000000000000       0.19010086327482140        2.1200000000000000E-002   0.0000000000000000       0.24079999999999999       0.18200000000000000       0.55600000000000005     
   106.00000000000000       0.17599306247412463        1.4999999999999999E-002   6.1999999999999998E-003  0.24099999999999999       0.18200000000000000       0.55579999999999996     
   107.00000000000000       0.18336419163071815        1.4800000000000001E-002   6.0000000000000001E-003  0.23380000000000001       0.18220000000000000       0.56320000000000003     
   108.00000000000000       0.16777875692156613        1.4400000000000000E-002   6.1999999999999998E-003  0.23499999999999999       0.18220000000000000       0.56220000000000003     
   109.00000000000000       0.16213561660988357        1.4600000000000000E-002   6.0000000000000001E-003  0.20640000000000000       0.20820000000000000       0.56479999999999997     
   110.00000000000000       0.15626512604686410        1.4200000000000001E-002   5.5999999999999999E-003  0.20640000000000000       0.20200000000000001       0.57179999999999997     
   111.00000000000000       0.14765334379531006        1.4200000000000001E-002   5.5999999999999999E-003  0.20640000000000000       0.20200000000000001       0.57179999999999997     
   112.00000000000000       0.13828930551306745        1.4200000000000001E-002   5.5999999999999999E-003  0.20640000000000000       0.19900000000000001       0.57479999999999998     
   113.00000000000000       0.12804489314691173        1.2999999999999999E-002   9.5999999999999992E-003  0.20360000000000000       0.19900000000000001       0.57479999999999998     
   114.00000000000000       0.11852963342746434        1.2600000000000000E-002   9.5999999999999992E-003  0.20399999999999999       0.19680000000000000       0.57699999999999996     
   115.00000000000000       0.11765767686006923        1.2600000000000000E-002   9.5999999999999992E-003  0.20340000000000000       0.19700000000000001       0.57740000000000002     
   116.00000000000000       0.11515316090183797        1.3200000000000000E-002   8.6000000000000000E-003  0.20340000000000000       0.19680000000000000       0.57799999999999996     
   117.00000000000000       0.11301060851515285        1.3200000000000000E-002   8.0000000000000002E-003  0.20219999999999999       0.19719999999999999       0.57940000000000003     
   118.00000000000000       0.11058150283581999        1.3200000000000000E-002   8.0000000000000002E-003  0.20219999999999999       0.19239999999999999       0.58420000000000005     
   119.00000000000000       0.10789844840700863        1.2999999999999999E-002   7.6000000000000000E-003  0.20280000000000001       0.18980000000000000       0.58679999999999999     
   120.00000000000000       0.10506048149327163        1.1800000000000000E-002   8.0000000000000002E-003  0.20240000000000000       0.18920000000000001       0.58860000000000001     
   121.00000000000000       0.10186872901836309        1.1800000000000000E-002   8.0000000000000002E-003  0.20240000000000000       0.18920000000000001       0.58860000000000001     
   122.00000000000000        9.9714723685215972E-002   1.1400000000000000E-002   8.3999999999999995E-003  0.20260000000000000       0.18859999999999999       0.58899999999999997     
   123.00000000000000        9.9453793561945156E-002   1.0400000000000000E-002   8.8000000000000005E-003  0.20140000000000000       0.18559999999999999       0.59379999999999999     
   124.00000000000000        9.9737023467205921E-002   1.9199999999999998E-002   0.0000000000000000       0.20140000000000000       0.18240000000000001       0.59699999999999998     
   125.00000000000000       0.10376848561474551        1.8200000000000001E-002   0.0000000000000000       0.20140000000000000       0.16960000000000000       0.61080000000000001     
   126.00000000000000       0.10742286601754780        1.7800000000000000E-002   0.0000000000000000       0.20100000000000001       0.16760000000000000       0.61360000000000003     
   127.00000000000000       0.11275731593801847        1.7600000000000001E-002   0.0000000000000000       0.19919999999999999       0.16680000000000000       0.61639999999999995     
   128.00000000000000       0.11896960835121681        1.7200000000000000E-002   0.0000000000000000       0.19939999999999999       0.16660000000000000       0.61680000000000001     
   129.00000000000000       0.12778256410350697        1.7200000000000000E-002   0.0000000000000000       0.19900000000000001       0.16300000000000001       0.62080000000000002     
   130.00000000000000       0.13759403406006143        1.7000000000000001E-002   0.0000000000000000       0.19780000000000000       0.16439999999999999       0.62080000000000002     
   131.00000000000000       0.15238758995269594        1.6799999999999999E-002   0.0000000000000000       0.19439999999999999       0.15160000000000001       0.63719999999999999     
   132.00000000000000       0.16747450438399727        1.5200000000000000E-002   4.0000000000000002E-004  0.19400000000000001       0.14140000000000000       0.64900000000000002     
   133.00000000000000       0.18159404208639873        1.5200000000000000E-002   4.0000000000000002E-004  0.19400000000000001       0.14140000000000000       0.64900000000000002     
   134.00000000000000       0.19751755262146020        1.5200000000000000E-002   4.0000000000000002E-004  0.19400000000000001       0.14140000000000000       0.64900000000000002     
   135.00000000000000       0.21290407210549006        1.5200000000000000E-002   4.0000000000000002E-004  0.19400000000000001       0.14140000000000000       0.64900000000000002     
   136.00000000000000       0.22796728222122523        1.4999999999999999E-002   4.0000000000000002E-004  0.19400000000000001       0.13900000000000001       0.65159999999999996     
   137.00000000000000       0.24161095912035752        1.4999999999999999E-002   1.7999999999999999E-002  0.17380000000000001       0.13980000000000001       0.65339999999999998     
   138.00000000000000       0.25540122455111569        1.4800000000000001E-002   1.7999999999999999E-002  0.17319999999999999       0.14000000000000001       0.65400000000000003     
   139.00000000000000       0.26964757595373690        1.4800000000000001E-002   1.7999999999999999E-002  0.17319999999999999       0.14000000000000001       0.65400000000000003     
   140.00000000000000       0.28507732708249645        1.4800000000000001E-002   1.7999999999999999E-002  0.17260000000000000       0.12859999999999999       0.66600000000000004     
   141.00000000000000       0.29832276315184236        1.4800000000000001E-002   1.7999999999999999E-002  0.17060000000000000       0.13080000000000000       0.66579999999999995     
   142.00000000000000       0.31147222183665940        1.4800000000000001E-002   1.7999999999999999E-002  0.16780000000000000       0.13360000000000000       0.66579999999999995     
   143.00000000000000       0.32490392541105262        1.4800000000000001E-002   1.6199999999999999E-002  0.16860000000000000       0.12740000000000001       0.67300000000000004     
   144.00000000000000       0.33851985224748432        1.4800000000000001E-002   1.6199999999999999E-002  0.16560000000000000       0.12880000000000000       0.67459999999999998     
   145.00000000000000       0.35282481462323545        1.4800000000000001E-002   1.5599999999999999E-002  0.16280000000000000       0.13120000000000001       0.67559999999999998     
   146.00000000000000       0.36625713806496557        1.4800000000000001E-002   1.5400000000000000E-002  0.16280000000000000       0.13260000000000000       0.67440000000000000     
   147.00000000000000       0.38042164960783803        1.4800000000000001E-002   1.5400000000000000E-002  0.16280000000000000       0.12400000000000000       0.68300000000000005     
   148.00000000000000       0.39523764157451730        1.4800000000000001E-002   1.4400000000000000E-002  0.15520000000000000       0.12780000000000000       0.68779999999999997     
   149.00000000000000       0.40545294070801280        1.4800000000000001E-002   1.4400000000000000E-002  0.15479999999999999       0.12780000000000000       0.68820000000000003     
   150.00000000000000       0.41334470625350755        1.4800000000000001E-002   1.4200000000000001E-002  0.15479999999999999       0.12759999999999999       0.68859999999999999     
   151.00000000000000       0.41914103183507312        1.4800000000000001E-002   1.3599999999999999E-002  0.15479999999999999       0.12800000000000000       0.68879999999999997     
   152.00000000000000       0.42216521332903895        1.4400000000000000E-002   1.3400000000000000E-002  0.15459999999999999       0.12880000000000000       0.68879999999999997     
   153.00000000000000       0.42314387532832132        1.4400000000000000E-002   1.2400000000000000E-002  0.15479999999999999       0.12959999999999999       0.68879999999999997     
   154.00000000000000       0.42199001068895320        1.4400000000000000E-002   1.2400000000000000E-002  0.15459999999999999       0.12880000000000000       0.68979999999999997     
   155.00000000000000       0.41752150142103261        1.4400000000000000E-002   1.2400000000000000E-002  0.15420000000000000       0.12920000000000001       0.68979999999999997     
   156.00000000000000       0.41386673585180966        1.4400000000000000E-002   1.0999999999999999E-002  0.15040000000000001       0.13280000000000000       0.69140000000000001     
   157.00000000000000       0.40544728547550091        2.3000000000000000E-002   2.2000000000000001E-003  0.15040000000000001       0.13300000000000001       0.69140000000000001     
   158.00000000000000       0.39617072771827566        2.3000000000000000E-002   2.2000000000000001E-003  0.15020000000000000       0.13300000000000001       0.69159999999999999     
   159.00000000000000       0.38439238896308625        2.3000000000000000E-002   2.2000000000000001E-003  0.15020000000000000       0.13300000000000001       0.69159999999999999     
   160.00000000000000       0.37147607882908629        2.3000000000000000E-002   2.2000000000000001E-003  0.14960000000000001       0.13280000000000000       0.69240000000000002     
   161.00000000000000       0.35944208364404756        2.3000000000000000E-002   2.2000000000000001E-003  0.14960000000000001       0.13260000000000000       0.69259999999999999     
   162.00000000000000       0.34951259777102883        2.3000000000000000E-002   2.2000000000000001E-003  0.14960000000000001       0.13220000000000001       0.69299999999999995     
   163.00000000000000       0.33518244069775543        2.3000000000000000E-002   2.2000000000000001E-003  0.14960000000000001       0.13220000000000001       0.69299999999999995     
   164.00000000000000       0.32348225426826049        2.3000000000000000E-002   2.2000000000000001E-003  0.14960000000000001       0.13220000000000001       0.69299999999999995     
   165.00000000000000       0.31372636906405144        2.2599999999999999E-002   2.3999999999999998E-003  0.14960000000000001       0.13200000000000001       0.69340000000000002     
   166.00000000000000       0.29018160887701183        2.2400000000000000E-002   2.5999999999999999E-003  0.14960000000000001       0.12900000000000000       0.69640000000000002     
   167.00000000000000       0.26968362635931759        2.2599999999999999E-002   2.3999999999999998E-003  0.14660000000000001       0.13059999999999999       0.69779999999999998     
   168.00000000000000       0.24707049895920730        2.1800000000000000E-002   2.8000000000000000E-003  0.14560000000000001       0.13059999999999999       0.69920000000000004     
   169.00000000000000       0.22302096107030997        2.0400000000000001E-002   3.3999999999999998E-003  0.14580000000000001       0.13059999999999999       0.69979999999999998     
   170.00000000000000       0.19728147148369365        2.0400000000000001E-002   3.3999999999999998E-003  0.14460000000000001       0.13059999999999999       0.70099999999999996     
   171.00000000000000       0.17068814628908066        2.0400000000000001E-002   3.0000000000000001E-003  0.14480000000000001       0.13059999999999999       0.70120000000000005     
   172.00000000000000       0.14514939409736646        2.0400000000000001E-002   1.4000000000000000E-003  0.14119999999999999       0.13059999999999999       0.70640000000000003     
   173.00000000000000       0.11875540058596586        2.0400000000000001E-002   1.1999999999999999E-003  0.14119999999999999       0.13059999999999999       0.70660000000000001     
   174.00000000000000        9.4424470965690080E-002   2.0400000000000001E-002   5.9999999999999995E-004  0.14080000000000001       0.13059999999999999       0.70760000000000001     
   175.00000000000000        7.2193450705376819E-002   2.0400000000000001E-002   8.0000000000000004E-004  0.13280000000000000       0.13819999999999999       0.70779999999999998     
   176.00000000000000        5.3073910891922371E-002   2.0400000000000001E-002   8.0000000000000004E-004  0.13280000000000000       0.13700000000000001       0.70899999999999996     
   177.00000000000000        3.8131671285869126E-002   2.0199999999999999E-002   8.0000000000000004E-004  0.13280000000000000       0.13800000000000001       0.70820000000000005     
   178.00000000000000        2.7286570318809385E-002   2.0199999999999999E-002   8.0000000000000004E-004  0.13280000000000000       0.13380000000000000       0.71240000000000003     
   179.00000000000000        2.0392205164823651E-002   1.9800000000000002E-002   1.1999999999999999E-003  0.13280000000000000       0.13239999999999999       0.71379999999999999     
   180.00000000000000        1.7031154177077585E-002   1.9800000000000002E-002   1.1999999999999999E-003  0.13280000000000000       0.20280000000000001       0.64339999999999997     
   181.00000000000000        2.1090290547774254E-002   1.9400000000000001E-002  0.11780000000000000        1.6600000000000000E-002  0.16739999999999999       0.67879999999999996     
   182.00000000000000        2.8961179715320771E-002   3.4799999999999998E-002   9.8400000000000001E-002   2.0600000000000000E-002  0.16460000000000000       0.68159999999999998     
   183.00000000000000        4.2303798237744134E-002   3.4799999999999998E-002   8.9200000000000002E-002   2.8199999999999999E-002  0.16480000000000000       0.68300000000000005     
   184.00000000000000        5.8759403906589097E-002   3.5000000000000003E-002   8.6999999999999994E-002   2.7000000000000000E-002  0.16619999999999999       0.68479999999999996     
   185.00000000000000        7.5324717650651490E-002   3.3599999999999998E-002  0.10580000000000001        9.5999999999999992E-003  0.16639999999999999       0.68459999999999999     
   186.00000000000000        9.2324464232592135E-002   3.2599999999999997E-002  0.10780000000000001        8.6000000000000000E-003  0.16560000000000000       0.68540000000000001     
   187.00000000000000       0.10965488618547289        3.2399999999999998E-002  0.10780000000000001        8.3999999999999995E-003  0.16500000000000001       0.68640000000000001     
   188.00000000000000       0.12762904931636118        3.2000000000000001E-002  0.10620000000000000        8.8000000000000005E-003  0.16259999999999999       0.69040000000000001     
   189.00000000000000       0.14550950051644565        3.2000000000000001E-002  0.10480000000000000        8.8000000000000005E-003  0.16400000000000001       0.69040000000000001     
   190.00000000000000       0.16371994070799131        3.2000000000000001E-002  0.10220000000000000        1.0800000000000001E-002  0.16300000000000001       0.69199999999999995     
   191.00000000000000       0.18170563868453135        3.2000000000000001E-002  0.10160000000000000        1.0999999999999999E-002  0.16339999999999999       0.69199999999999995     
   192.00000000000000       0.19961786692348510        3.2000000000000001E-002  0.10160000000000000        1.0800000000000001E-002  0.16239999999999999       0.69320000000000004     
   193.00000000000000       0.21741638212558995        3.2000000000000001E-002  0.10040000000000000        1.1800000000000000E-002  0.16239999999999999       0.69340000000000002     
   194.00000000000000       0.23491324250044490        3.2000000000000001E-002  0.10020000000000000        1.1800000000000000E-002  0.16239999999999999       0.69359999999999999     
   195.00000000000000       0.25226611796089998        3.2000000000000001E-002   9.8400000000000001E-002   1.2600000000000000E-002  0.16280000000000000       0.69420000000000004     
   196.00000000000000       0.26928373928661742        2.7799999999999998E-002  0.10140000000000000        1.2800000000000001E-002  0.16180000000000000       0.69620000000000004     
   197.00000000000000       0.28854156592101410        2.7799999999999998E-002  0.10140000000000000        1.2400000000000000E-002  0.16139999999999999       0.69699999999999995     
   198.00000000000000       0.30759553946427159        2.7600000000000000E-002   9.9599999999999994E-002   1.4000000000000000E-002  0.16139999999999999       0.69740000000000002     
   199.00000000000000       0.32616605106171831        2.6200000000000001E-002   9.8599999999999993E-002   1.4000000000000000E-002  0.16380000000000000       0.69740000000000002     
   200.00000000000000       0.34073955480773410        2.5999999999999999E-002   9.8400000000000001E-002   1.4000000000000000E-002  0.16420000000000001       0.69740000000000002     
   201.00000000000000       0.35377559317004237        2.4799999999999999E-002   9.5600000000000004E-002   1.4000000000000000E-002  0.16819999999999999       0.69740000000000002     
   202.00000000000000       0.37011415112501256        2.2599999999999999E-002   9.6799999999999997E-002   1.4000000000000000E-002  0.16839999999999999       0.69820000000000004     
   203.00000000000000       0.38286627706829424        2.2800000000000001E-002   9.6600000000000005E-002   1.4000000000000000E-002  0.16839999999999999       0.69820000000000004     
   204.00000000000000       0.39519392966938255        2.3800000000000002E-002   9.5600000000000004E-002   1.4000000000000000E-002  0.16839999999999999       0.69820000000000004     
   205.00000000000000       0.40897296946980899        2.3000000000000000E-002   9.6400000000000000E-002   1.4000000000000000E-002  0.16839999999999999       0.69820000000000004     
   206.00000000000000       0.42108538873546542        2.4000000000000000E-002   9.4600000000000004E-002   1.4000000000000000E-002  0.16600000000000001       0.70140000000000002     
   207.00000000000000       0.43439261761274761        2.5000000000000001E-002   9.2200000000000004E-002   1.4000000000000000E-002  0.16819999999999999       0.70060000000000000     
   208.00000000000000       0.44862363507651271        2.4000000000000000E-002   9.3600000000000003E-002   1.3200000000000000E-002  0.16900000000000001       0.70020000000000004     
   209.00000000000000       0.46193002384028958        2.3800000000000002E-002   9.3600000000000003E-002   1.2600000000000000E-002  0.16900000000000001       0.70099999999999996     
   210.00000000000000       0.47332370296640264        2.4400000000000002E-002   9.1999999999999998E-002   1.3599999999999999E-002  0.16460000000000000       0.70540000000000003     
   211.00000000000000       0.48673921015354266        2.4400000000000002E-002   9.1999999999999998E-002   1.3200000000000000E-002  0.16460000000000000       0.70579999999999998     
   212.00000000000000       0.50178218848630574        2.4400000000000002E-002   9.1999999999999998E-002   1.3200000000000000E-002  0.16460000000000000       0.70579999999999998     
   213.00000000000000       0.51778903164557599        2.3800000000000002E-002   9.1999999999999998E-002   1.3599999999999999E-002  0.16420000000000001       0.70640000000000003     
   214.00000000000000       0.53540654919154984        2.3400000000000001E-002   9.2399999999999996E-002   1.3599999999999999E-002  0.16420000000000001       0.70640000000000003     
   215.00000000000000       0.55235671125855768        2.2200000000000001E-002   9.3600000000000003E-002   1.3599999999999999E-002  0.16180000000000000       0.70879999999999999     
   216.00000000000000       0.57053676752949078        2.1999999999999999E-002   9.2600000000000002E-002   1.1800000000000000E-002  0.16380000000000000       0.70979999999999999     
