#        BMIN =   404
#        BMAX =   408
#     INIBAND =   406
#      NBANDS =   540
#         NSW =  2000
#       POTIM =   1.0
#        TEMP = 300.0
#    NAMDTINI =    14
#    NAMDTIME =  1000
#       NTRAJ =  5000
#        NELM =  1000
#       LHOLE =     T
#        LSHP =     T
#      LCPTXT =     T
#      RUNDIR = ../../run/
   1.0000000000000000       0.24918228550944879        0.0000000000000000        0.0000000000000000        1.0000000000000000        0.0000000000000000        0.0000000000000000     
   2.0000000000000000       0.24895924883188081        0.0000000000000000       0.43159999999999998       0.56840000000000002        0.0000000000000000        0.0000000000000000     
   3.0000000000000000       0.28241863332679373        0.0000000000000000       0.53680000000000005       0.45900000000000002        3.5999999999999999E-003   5.9999999999999995E-004
   4.0000000000000000       0.23721006561902536        0.0000000000000000       0.65259999999999996       0.34239999999999998        4.1999999999999997E-003   8.0000000000000004E-004
   5.0000000000000000       0.27360681821722366        0.0000000000000000       0.67979999999999996       0.31440000000000001        4.4000000000000003E-003   1.4000000000000000E-003
   6.0000000000000000       0.26545455563896558        0.0000000000000000       0.77359999999999995       0.21980000000000000        5.1999999999999998E-003   1.4000000000000000E-003
   7.0000000000000000        7.1454301100740414E-002   0.0000000000000000       0.59840000000000004       0.39260000000000000        4.1999999999999997E-003   4.7999999999999996E-003
   8.0000000000000000       0.30930019825115784        0.0000000000000000       0.62200000000000000       0.36080000000000001        1.0999999999999999E-002   6.1999999999999998E-003
   9.0000000000000000       0.15343713100290565        0.0000000000000000       0.61860000000000004       0.36280000000000001        8.6000000000000000E-003   1.0000000000000000E-002
   10.000000000000000       -8.9994986315741668E-002   0.0000000000000000       0.37740000000000001       0.53520000000000001        7.6799999999999993E-002   1.0600000000000000E-002
   11.000000000000000       0.51101083236924283        2.0000000000000001E-004  0.36180000000000001       0.53680000000000005        8.4000000000000005E-002   1.7200000000000000E-002
   12.000000000000000       0.55765973056977969        0.0000000000000000       0.17160000000000000       0.71560000000000001        8.3199999999999996E-002   2.9600000000000001E-002
   13.000000000000000       0.44323842988960521        0.0000000000000000       0.16680000000000000       0.72019999999999995        8.3199999999999996E-002   2.9800000000000000E-002
   14.000000000000000       0.47151268968189958        0.0000000000000000       0.16680000000000000       0.67040000000000000       0.10080000000000000        6.2000000000000000E-002
   15.000000000000000       -8.0831845604714722E-002   0.0000000000000000       0.16980000000000001       0.66239999999999999       0.10080000000000000        6.7000000000000004E-002
   16.000000000000000       0.30522081316351318        0.0000000000000000       0.16919999999999999       0.66259999999999997       0.10080000000000000        6.7400000000000002E-002
   17.000000000000000       0.29892988104042284        0.0000000000000000       0.16739999999999999       0.65620000000000001       0.10299999999999999        7.3400000000000007E-002
   18.000000000000000       0.30039301920233774        0.0000000000000000       0.16680000000000000       0.64280000000000004       0.11340000000000000        7.6999999999999999E-002
   19.000000000000000       0.28119758832532626        0.0000000000000000       0.16680000000000000       0.63319999999999999       0.11340000000000000        8.6599999999999996E-002
   20.000000000000000       0.26646767744281230        0.0000000000000000       0.16639999999999999       0.63100000000000001       0.11260000000000001        8.9999999999999997E-002
   21.000000000000000       0.24713611598019150        0.0000000000000000       0.16639999999999999       0.62219999999999998       0.12139999999999999        8.9999999999999997E-002
   22.000000000000000       0.22590805482255039        0.0000000000000000       0.16320000000000001       0.61339999999999995       0.13300000000000001        9.0399999999999994E-002
   23.000000000000000       0.19833308158271196        2.0000000000000001E-004  0.16660000000000000       0.60960000000000003       0.13320000000000001        9.0399999999999994E-002
   24.000000000000000       0.16862579426525959        2.0000000000000001E-004  0.18459999999999999       0.58860000000000001       0.13619999999999999        9.0399999999999994E-002
   25.000000000000000       0.15812253816965000        2.0000000000000001E-004  0.18459999999999999       0.58860000000000001       0.13619999999999999        9.0399999999999994E-002
   26.000000000000000       0.16846545959765408        2.0000000000000001E-004  0.18440000000000001       0.58860000000000001       0.13639999999999999        9.0399999999999994E-002
   27.000000000000000       0.17491384639148472        2.0000000000000001E-004  0.18440000000000001       0.58860000000000001       0.13580000000000000        9.0999999999999998E-002
   28.000000000000000       0.17593665893784041        2.0000000000000001E-004  0.18440000000000001       0.63619999999999999        8.7599999999999997E-002   9.1600000000000001E-002
   29.000000000000000       0.16183719358807797        2.0000000000000001E-004  0.18420000000000000       0.63639999999999997        8.7599999999999997E-002   9.1600000000000001E-002
   30.000000000000000       0.14526626000941223        2.0000000000000001E-004  0.18420000000000000       0.63639999999999997        8.7599999999999997E-002   9.1600000000000001E-002
   31.000000000000000       0.13441606172034326        2.0000000000000001E-004  0.18360000000000001       0.63400000000000001        8.7599999999999997E-002   9.4600000000000004E-002
   32.000000000000000       0.11337107061455606        2.0000000000000001E-004  0.18360000000000001       0.63260000000000005        8.7599999999999997E-002   9.6000000000000002E-002
   33.000000000000000       0.10257325205671217        2.0000000000000001E-004  0.18320000000000000       0.59419999999999995       0.12379999999999999        9.8599999999999993E-002
   34.000000000000000        9.0972515688944044E-002   2.0000000000000001E-004  0.18320000000000000       0.59460000000000002       0.12300000000000000        9.9000000000000005E-002
   35.000000000000000        6.4911038830964357E-002   2.0000000000000001E-004  0.18300000000000000       0.59460000000000002       0.12300000000000000        9.9199999999999997E-002
   36.000000000000000        3.6580771368251309E-002   2.0000000000000001E-004  0.18300000000000000       0.59440000000000004       0.12320000000000000        9.9199999999999997E-002
   37.000000000000000        7.4443959123900953E-003   2.0000000000000001E-004  0.18300000000000000       0.59440000000000004       0.12320000000000000        9.9199999999999997E-002
   38.000000000000000       -2.1087297536056249E-002   2.0000000000000001E-004  0.18260000000000001       0.59440000000000004       0.12320000000000000        9.9599999999999994E-002
   39.000000000000000       -4.8992532897751878E-002   2.0000000000000001E-004  0.16900000000000001       0.60799999999999998       0.12280000000000001       0.10000000000000001     
   40.000000000000000       -5.8703912580036828E-002   2.0000000000000001E-004  0.16900000000000001       0.60660000000000003       0.12280000000000001       0.10140000000000000     
   41.000000000000000       -5.9998083309641494E-002   2.0000000000000001E-004  0.16900000000000001       0.60560000000000003       0.12340000000000000       0.10180000000000000     
   42.000000000000000       -6.0059994692740967E-002   2.0000000000000001E-004  0.16900000000000001       0.60560000000000003       0.12300000000000000       0.10220000000000000     
   43.000000000000000       -5.8127328621421726E-002   5.0799999999999998E-002  0.11540000000000000       0.60819999999999996       0.12939999999999999        9.6199999999999994E-002
   44.000000000000000       -5.0961838456494019E-002   4.8800000000000003E-002  0.11740000000000000       0.60399999999999998       0.13519999999999999        9.4600000000000004E-002
   45.000000000000000       -4.1854989222795874E-002   4.9000000000000002E-002  0.11660000000000000       0.60399999999999998       0.13580000000000000        9.4600000000000004E-002
   46.000000000000000       -3.0605063101549097E-002   5.5199999999999999E-002  0.10800000000000000       0.60099999999999998       0.13940000000000000        9.6400000000000000E-002
   47.000000000000000       -1.6185868701275859E-002   5.9600000000000000E-002  0.10120000000000000       0.58540000000000003       0.14920000000000000       0.10460000000000000     
   48.000000000000000       -5.0173583553895160E-003   5.9799999999999999E-002  0.10080000000000000       0.57979999999999998       0.15300000000000000       0.10660000000000000     
   49.000000000000000        4.8019443961489633E-003   6.9400000000000003E-002   9.1200000000000003E-002  0.57799999999999996       0.15359999999999999       0.10780000000000001     
   50.000000000000000        1.3724697859480155E-002   7.0999999999999994E-002   8.9399999999999993E-002  0.57799999999999996       0.15400000000000000       0.10760000000000000     
   51.000000000000000        2.3911617743163142E-002   6.7000000000000004E-002   9.1999999999999998E-002  0.57240000000000002       0.15659999999999999       0.11200000000000000     
   52.000000000000000        3.2403634108565824E-002   6.5600000000000006E-002   9.2399999999999996E-002  0.57160000000000000       0.15720000000000001       0.11320000000000000     
   53.000000000000000        4.0207789005559366E-002   6.5600000000000006E-002   9.0999999999999998E-002  0.57299999999999995       0.15740000000000001       0.11300000000000000     
   54.000000000000000        4.8424815966569584E-002   6.5600000000000006E-002   8.8599999999999998E-002  0.57279999999999998       0.16020000000000001       0.11280000000000000     
   55.000000000000000        5.8529683167219723E-002   1.3200000000000000E-002  0.14019999999999999       0.56620000000000004       0.16320000000000001       0.11720000000000000     
   56.000000000000000        6.7471231114777347E-002   1.7399999999999999E-002  0.14019999999999999       0.55940000000000001       0.16220000000000001       0.12080000000000000     
   57.000000000000000        7.9290345152386338E-002   2.3800000000000002E-002  0.14040000000000000       0.54500000000000004       0.16380000000000000       0.12700000000000000     
   58.000000000000000        9.0185208367676267E-002   2.1000000000000001E-002  0.14040000000000000       0.54779999999999995       0.16300000000000001       0.12780000000000000     
   59.000000000000000       0.10387473504294620       0.11080000000000000       0.14040000000000000       0.45779999999999998       0.16320000000000001       0.12780000000000000     
   60.000000000000000       0.12418990337893390       0.12800000000000000       0.14060000000000000       0.43359999999999999       0.16259999999999999       0.13519999999999999     
   61.000000000000000       0.14372818524095490       0.12600000000000000       0.14060000000000000       0.42820000000000003       0.16460000000000000       0.14060000000000000     
   62.000000000000000       0.16050055066280233       0.12440000000000000       0.14080000000000001       0.42959999999999998       0.16460000000000000       0.14060000000000000     
   63.000000000000000       0.17599130283098369       0.19180000000000000        7.3999999999999996E-002  0.42499999999999999       0.16760000000000000       0.14160000000000000     
   64.000000000000000       0.19142118662384533       0.19180000000000000        7.4200000000000002E-002  0.42340000000000000       0.16900000000000001       0.14160000000000000     
   65.000000000000000       0.20318212803585387       0.19180000000000000        7.2599999999999998E-002  0.42340000000000000       0.16900000000000001       0.14319999999999999     
   66.000000000000000       0.21275072161953690       0.19059999999999999        7.4200000000000002E-002  0.41920000000000002       0.17100000000000001       0.14499999999999999     
   67.000000000000000       0.22193287642074488       0.18959999999999999        7.5200000000000003E-002  0.41580000000000000       0.17199999999999999       0.14740000000000000     
   68.000000000000000       0.23169777208091874       0.18959999999999999        7.3400000000000007E-002  0.41680000000000000       0.17240000000000000       0.14779999999999999     
   69.000000000000000       0.24014035604948800       0.18820000000000001        7.3599999999999999E-002  0.41760000000000003       0.17060000000000000       0.14999999999999999     
   70.000000000000000       0.24875522484772539       0.18820000000000001        7.8000000000000000E-002  0.40560000000000002       0.17419999999999999       0.15400000000000000     
   71.000000000000000       0.25652919998375068       0.18800000000000000        7.6799999999999993E-002  0.39600000000000002       0.18520000000000000       0.15400000000000000     
   72.000000000000000       0.25578960057539124       0.18759999999999999       0.47280000000000000        4.0000000000000002E-004  0.18520000000000000       0.15400000000000000     
   73.000000000000000       0.25927780448526838       0.18759999999999999       0.47120000000000001        2.0000000000000000E-003  0.18520000000000000       0.15400000000000000     
   74.000000000000000       0.25887470523559070       0.18759999999999999       0.46920000000000001        1.8000000000000000E-003  0.18559999999999999       0.15579999999999999     
   75.000000000000000       0.25621444559650008       0.18759999999999999       0.46739999999999998        2.5999999999999999E-003  0.18379999999999999       0.15859999999999999     
   76.000000000000000       0.25183871384866235       0.18679999999999999       0.46620000000000000        3.2000000000000002E-003  0.18360000000000001       0.16020000000000001     
   77.000000000000000       0.24636867781500624       0.18559999999999999       0.46600000000000003        3.2000000000000002E-003  0.18500000000000000       0.16020000000000001     
   78.000000000000000       0.23796970578046378       0.18540000000000001       0.46100000000000002        3.3999999999999998E-003  0.19000000000000000       0.16020000000000001     
   79.000000000000000       0.23014222429350589       0.18340000000000001       0.45879999999999999        3.3999999999999998E-003  0.19059999999999999       0.16380000000000000     
   80.000000000000000       0.21897407700195792       0.18340000000000001       0.45720000000000000        4.5999999999999999E-003  0.19059999999999999       0.16420000000000001     
   81.000000000000000       0.20615050470798996       0.18140000000000001       0.45519999999999999        4.7999999999999996E-003  0.19420000000000001       0.16439999999999999     
   82.000000000000000       0.19570554046992641       0.17780000000000001       0.45260000000000000        5.5999999999999999E-003  0.19700000000000001       0.16700000000000001     
   83.000000000000000       0.17817160992825476       0.17599999999999999       0.45360000000000000        5.5999999999999999E-003  0.19760000000000000       0.16719999999999999     
   84.000000000000000       0.16136444843720621       0.17799999999999999       0.44740000000000002        8.3999999999999995E-003  0.19780000000000000       0.16839999999999999     
   85.000000000000000       0.14283963059939064       0.17540000000000000       0.44719999999999999        9.7999999999999997E-003  0.19900000000000001       0.16860000000000000     
   86.000000000000000       0.12316506621674855       0.16500000000000001       0.45739999999999997        8.8000000000000005E-003  0.19960000000000000       0.16919999999999999     
   87.000000000000000       0.10327630213027542       0.16800000000000001       0.45260000000000000        1.0400000000000000E-002  0.19819999999999999       0.17080000000000001     
   88.000000000000000       0.10664043238881243       0.16800000000000001       0.45260000000000000        1.0400000000000000E-002  0.19819999999999999       0.17080000000000001     
   89.000000000000000       0.11301000089786739       0.16780000000000000       0.45279999999999998        1.0400000000000000E-002  0.19819999999999999       0.17080000000000001     
   90.000000000000000       0.12327575194256710       0.16780000000000000       0.45279999999999998        9.7999999999999997E-003  0.19780000000000000       0.17180000000000001     
   91.000000000000000       0.13358443755037774       0.16780000000000000       0.41959999999999997        4.2999999999999997E-002  0.19780000000000000       0.17180000000000001     
   92.000000000000000       0.13316452209933338       0.16780000000000000       0.41380000000000000        4.2999999999999997E-002  0.20039999999999999       0.17499999999999999     
   93.000000000000000       0.12465632156694290       0.16780000000000000       0.41380000000000000        4.2999999999999997E-002  0.20019999999999999       0.17519999999999999     
   94.000000000000000       0.11599539603748149       0.16780000000000000       0.41280000000000000        4.2999999999999997E-002  0.19800000000000001       0.17840000000000000     
   95.000000000000000       0.10658750095457351       0.16780000000000000       0.41139999999999999        4.2999999999999997E-002  0.19939999999999999       0.17840000000000000     
   96.000000000000000        9.6959185626515440E-002  0.16780000000000000       0.41120000000000001        4.2999999999999997E-002  0.19960000000000000       0.17840000000000000     
   97.000000000000000        8.6735103936273761E-002  0.16760000000000000       0.41099999999999998        4.3200000000000002E-002  0.19980000000000001       0.17840000000000000     
   98.000000000000000        7.6476006517551320E-002  0.16760000000000000       0.41099999999999998        4.3200000000000002E-002  0.19980000000000001       0.17840000000000000     
   99.000000000000000        6.7985199330679119E-002  0.16760000000000000       0.41099999999999998        4.3200000000000002E-002  0.19719999999999999       0.18099999999999999     
   100.00000000000000        5.9017399567830198E-002  0.16760000000000000       0.40639999999999998        4.3400000000000001E-002  0.19660000000000000       0.18600000000000000     
   101.00000000000000        5.4131497730879045E-002  0.16739999999999999       0.40300000000000002        4.6199999999999998E-002  0.19739999999999999       0.18600000000000000     
   102.00000000000000        5.1579610816507873E-002  0.16600000000000001       0.40300000000000002        4.4800000000000000E-002  0.19739999999999999       0.18880000000000000     
   103.00000000000000        3.8030426273295698E-002  0.16600000000000001       0.40300000000000002        4.4600000000000001E-002  0.19700000000000001       0.18940000000000001     
   104.00000000000000        2.7298207418440981E-002   7.1800000000000003E-002  0.49340000000000001        4.6800000000000001E-002  0.19760000000000000       0.19040000000000001     
   105.00000000000000        2.3431849090782733E-002   7.1800000000000003E-002  0.47820000000000001        6.1800000000000001E-002  0.19739999999999999       0.19080000000000000     
   106.00000000000000        2.9141400822223551E-002   7.1599999999999997E-002  0.47880000000000000        6.1199999999999997E-002  0.19760000000000000       0.19080000000000000     
   107.00000000000000        3.6755058020176277E-002   7.1599999999999997E-002  0.47920000000000001        6.0800000000000000E-002  0.19739999999999999       0.19100000000000000     
   108.00000000000000        4.5268434078118001E-002   7.1400000000000005E-002  0.49199999999999999        4.7199999999999999E-002  0.19780000000000000       0.19159999999999999     
   109.00000000000000        5.2118109223160430E-002   7.0400000000000004E-002  0.49340000000000001        4.6600000000000003E-002  0.19800000000000001       0.19159999999999999     
   110.00000000000000        5.7351347397627810E-002   7.0599999999999996E-002  0.44619999999999999        9.1600000000000001E-002  0.20000000000000001       0.19159999999999999     
   111.00000000000000        5.8012800921821699E-002   7.0199999999999999E-002  0.44460000000000000        9.2999999999999999E-002  0.20080000000000001       0.19139999999999999     
   112.00000000000000        5.6636039248650578E-002   7.0199999999999999E-002  0.44419999999999998        9.2999999999999999E-002  0.20119999999999999       0.19139999999999999     
   113.00000000000000        5.4253666771365498E-002   6.9599999999999995E-002  0.44440000000000002        9.1600000000000001E-002  0.20280000000000001       0.19159999999999999     
   114.00000000000000        4.9901996969049414E-002   6.9599999999999995E-002  0.44440000000000002        9.1200000000000003E-002  0.20140000000000000       0.19339999999999999     
   115.00000000000000        4.5632718678076979E-002   6.9800000000000001E-002  0.44119999999999998        8.9599999999999999E-002  0.20560000000000000       0.19380000000000000     
   116.00000000000000        3.8902488109384854E-002   6.9400000000000003E-002  0.43680000000000002        9.4200000000000006E-002  0.20560000000000000       0.19400000000000001     
   117.00000000000000        3.0145377367339771E-002   6.9400000000000003E-002  0.43680000000000002        9.4200000000000006E-002  0.20540000000000000       0.19420000000000001     
   118.00000000000000        2.1045684617936794E-002   6.9400000000000003E-002  0.42940000000000000       0.10100000000000001       0.20540000000000000       0.19480000000000000     
   119.00000000000000        9.0940065264043662E-003   9.8599999999999993E-002  0.39839999999999998       0.10020000000000000       0.20760000000000001       0.19520000000000001     
   120.00000000000000        4.4510785852256776E-003   9.8599999999999993E-002  0.39839999999999998       0.10020000000000000       0.20760000000000001       0.19520000000000001     
   121.00000000000000        1.5533844998445269E-002   9.8199999999999996E-002  0.39760000000000001       0.10120000000000000       0.20780000000000001       0.19520000000000001     
   122.00000000000000        1.6371292321331853E-002   9.8400000000000001E-002  0.39739999999999998       0.10120000000000000       0.20540000000000000       0.19760000000000000     
   123.00000000000000        5.3145031523058259E-003   9.7600000000000006E-002  0.39820000000000000       0.10120000000000000       0.20300000000000001       0.20000000000000001     
   124.00000000000000        1.6977725500287866E-003   9.7600000000000006E-002  0.39820000000000000        0.0000000000000000       0.30420000000000003       0.20000000000000001     
   125.00000000000000       -1.2388551209564592E-002  0.14899999999999999       0.34599999999999997        0.0000000000000000       0.30459999999999998       0.20039999999999999     
   126.00000000000000       -2.8809225762790451E-003  0.14940000000000001       0.34520000000000001        4.0000000000000002E-004  0.50100000000000000        4.0000000000000001E-003
   127.00000000000000        2.0296560985479068E-002  0.14920000000000000       0.34539999999999998        2.0000000000000001E-004  0.50119999999999998        4.0000000000000001E-003
   128.00000000000000        2.0206170116375054E-002  0.15240000000000001       0.34220000000000000        2.0000000000000001E-004  0.50119999999999998        4.0000000000000001E-003
   129.00000000000000        1.7365367714022084E-002  0.15240000000000001       0.34220000000000000        4.0000000000000002E-004  0.50100000000000000        4.0000000000000001E-003
   130.00000000000000        1.1725508907443038E-002  0.15240000000000001       0.34220000000000000        2.0000000000000001E-004  0.50119999999999998        4.0000000000000001E-003
   131.00000000000000        2.7658928911225606E-003  0.15240000000000001       0.34220000000000000        2.0000000000000001E-004  0.50119999999999998        4.0000000000000001E-003
   132.00000000000000       -9.5594772828103396E-003  0.22459999999999999       0.26960000000000001        2.0000000000000001E-004  0.50119999999999998        4.4000000000000003E-003
   133.00000000000000       -2.4147540582008246E-002  0.23599999999999999       0.25819999999999999        2.0000000000000001E-004  0.50119999999999998        4.4000000000000003E-003
   134.00000000000000       -4.2155810027321265E-002  0.30259999999999998       0.19159999999999999        2.0000000000000001E-004  0.50119999999999998        4.4000000000000003E-003
   135.00000000000000       -6.2824478453988142E-002  0.33379999999999999       0.16039999999999999        4.0000000000000002E-004  0.50100000000000000        4.4000000000000003E-003
   136.00000000000000       -8.4798651078780540E-002  0.34760000000000002       0.14640000000000000        4.0000000000000002E-004  0.50100000000000000        4.5999999999999999E-003
   137.00000000000000      -0.10841542703849606       0.34499999999999997       0.14899999999999999        8.0000000000000004E-004  0.50060000000000004        4.5999999999999999E-003
   138.00000000000000      -0.13177865792257346       0.34220000000000000       0.15179999999999999        1.1999999999999999E-003  0.43500000000000000        6.9800000000000001E-002
   139.00000000000000      -0.16584072464008406       0.34279999999999999       0.15120000000000000        2.5200000000000000E-002  0.42120000000000002        5.9600000000000000E-002
   140.00000000000000      -0.19936085374828463       0.34220000000000000       0.15160000000000001        2.5399999999999999E-002  0.42059999999999997        6.0199999999999997E-002
   141.00000000000000      -0.20692701808240496       0.12900000000000000       0.36199999999999999        2.5600000000000001E-002  0.37240000000000001       0.11100000000000000     
   142.00000000000000      -0.20321171607285377       0.12620000000000001       0.36380000000000001        2.5600000000000001E-002  0.36720000000000003       0.11720000000000000     
   143.00000000000000      -0.19048646727048937       0.12520000000000001       0.35580000000000001        2.5600000000000001E-002  0.37680000000000002       0.11660000000000000     
   144.00000000000000      -0.17328124138026993       0.12479999999999999       0.35020000000000001        2.5600000000000001E-002  0.36980000000000002       0.12959999999999999     
   145.00000000000000      -0.15538865282225281       0.12479999999999999       0.34020000000000000        2.9399999999999999E-002  0.37580000000000002       0.12980000000000000     
   146.00000000000000      -0.13736139899998787       0.12340000000000000       0.34020000000000000        2.9399999999999999E-002  0.37500000000000000       0.13200000000000001     
   147.00000000000000      -0.12757552042030923       0.12160000000000000       0.34020000000000000        2.9399999999999999E-002  0.37619999999999998       0.13260000000000000     
   148.00000000000000      -0.11425245953516727       0.12160000000000000       0.34020000000000000        2.9399999999999999E-002  0.37619999999999998       0.13260000000000000     
   149.00000000000000       -9.7298469840988042E-002  0.12020000000000000       0.34020000000000000        2.9200000000000000E-002  0.37700000000000000       0.13339999999999999     
   150.00000000000000       -7.7872592409003599E-002  0.11940000000000001       0.34020000000000000        2.9200000000000000E-002  0.37780000000000002       0.13339999999999999     
   151.00000000000000       -5.6439604694165001E-002  0.11920000000000000       0.34020000000000000        2.9399999999999999E-002  0.37740000000000001       0.13380000000000000     
   152.00000000000000       -3.2741494562687087E-002  0.11799999999999999       0.34020000000000000        2.7199999999999998E-002  0.37959999999999999       0.13500000000000001     
   153.00000000000000       -8.7311726147036618E-003  0.11799999999999999       0.34020000000000000        2.7199999999999998E-002  0.37819999999999998       0.13639999999999999     
   154.00000000000000        1.6486845853284054E-002  0.11700000000000001       0.34020000000000000        2.7000000000000000E-002  0.37500000000000000       0.14080000000000001     
   155.00000000000000        4.0215214673428458E-002  0.11700000000000001       0.34020000000000000        2.7000000000000000E-002  0.36919999999999997       0.14660000000000001     
   156.00000000000000        6.3156194170816776E-002  0.11680000000000000       0.34020000000000000        2.6800000000000001E-002  0.37019999999999997       0.14599999999999999     
   157.00000000000000        8.4402524812103780E-002  0.11660000000000000       0.34020000000000000        2.6800000000000001E-002  0.37019999999999997       0.14620000000000000     
   158.00000000000000       0.10399966722256992       0.11660000000000000       0.34020000000000000        2.6800000000000001E-002  0.37100000000000000       0.14540000000000000     
   159.00000000000000       0.12278179783028709       0.11459999999999999       0.34020000000000000        2.6800000000000001E-002  0.36220000000000002       0.15620000000000001     
   160.00000000000000       0.13757840291810197       0.11440000000000000       0.34020000000000000        2.6599999999999999E-002  0.36520000000000002       0.15359999999999999     
   161.00000000000000       0.15026499065248997       0.11420000000000000       0.34020000000000000        2.5000000000000001E-002  0.36699999999999999       0.15359999999999999     
   162.00000000000000       0.16064913593755603       0.11400000000000000       0.34020000000000000        2.5000000000000001E-002  0.35980000000000001       0.16100000000000000     
   163.00000000000000       0.16821356377730626       0.11360000000000001       0.34020000000000000        2.5000000000000001E-002  0.36140000000000000       0.15980000000000000     
   164.00000000000000       0.17332315895880276       0.11340000000000000       0.34020000000000000        2.3400000000000001E-002  0.36299999999999999       0.16000000000000000     
   165.00000000000000       0.17616730094241817       0.11300000000000000       0.34020000000000000        2.0199999999999999E-002  0.36640000000000000       0.16020000000000001     
   166.00000000000000       0.17576363190626959       0.11240000000000000       0.34020000000000000        2.0799999999999999E-002  0.36599999999999999       0.16059999999999999     
   167.00000000000000       0.17273255519243316       0.11240000000000000       0.34020000000000000        2.0799999999999999E-002  0.36620000000000003       0.16039999999999999     
   168.00000000000000       0.16039583311193259       0.34200000000000003       0.10960000000000000        1.9000000000000000E-002  0.36859999999999998       0.16080000000000000     
   169.00000000000000       0.16101031693211809       0.34200000000000003       0.10800000000000000        1.7800000000000000E-002  0.37159999999999999       0.16059999999999999     
   170.00000000000000       0.15299257001443445       0.34200000000000003       0.10299999999999999        1.7800000000000000E-002  0.37659999999999999       0.16059999999999999     
   171.00000000000000       0.14208293566859534       0.34120000000000000       0.10380000000000000        1.7800000000000000E-002  0.37659999999999999       0.16059999999999999     
   172.00000000000000       0.13577671917069586       0.34079999999999999       0.10360000000000000        1.7600000000000001E-002  0.37719999999999998       0.16080000000000000     
   173.00000000000000       0.13723337436260916       0.33560000000000001       0.10700000000000000        1.7600000000000001E-002  0.37800000000000000       0.16180000000000000     
   174.00000000000000       0.13696613019505238       0.33279999999999998       0.10879999999999999        1.8400000000000000E-002  0.37800000000000000       0.16200000000000001     
   175.00000000000000       0.13448526400668626       0.33079999999999998       0.10960000000000000        1.9599999999999999E-002  0.37900000000000000       0.16100000000000000     
   176.00000000000000       0.13169591040637332       0.31719999999999998       0.12239999999999999        2.0400000000000001E-002  0.37819999999999998       0.16180000000000000     
   177.00000000000000       0.12663374145565559       0.31280000000000002       0.12379999999999999        2.0600000000000000E-002  0.38260000000000000       0.16020000000000001     
   178.00000000000000       0.12021534583502272       0.31680000000000003       0.11860000000000000        2.1000000000000001E-002  0.37140000000000001       0.17219999999999999     
   179.00000000000000       0.11181162567178275       0.30459999999999998       0.12800000000000000        2.1999999999999999E-002  0.37480000000000002       0.17060000000000000     
   180.00000000000000       0.10206127143215674       0.30980000000000002       0.11720000000000000        2.5399999999999999E-002  0.38019999999999998       0.16739999999999999     
   181.00000000000000        9.2048786956289042E-002  0.32060000000000000       0.10480000000000000        2.5200000000000000E-002  0.38000000000000000       0.16940000000000000     
   182.00000000000000        8.4312269183341920E-002  0.31380000000000002       0.11060000000000000        2.4400000000000002E-002  0.38059999999999999       0.17060000000000000     
   183.00000000000000        7.2514425500290414E-002  0.34379999999999999        7.9799999999999996E-002   2.4799999999999999E-002  0.37800000000000000       0.17360000000000000     
   184.00000000000000        6.0832233461484669E-002  0.34339999999999998        7.8000000000000000E-002   2.4600000000000000E-002  0.38059999999999999       0.17340000000000000     
   185.00000000000000        5.1922629765841416E-002  0.33520000000000000        8.5800000000000001E-002   2.3800000000000002E-002  0.38419999999999999       0.17100000000000001     
   186.00000000000000        5.3589595244727423E-002  0.33500000000000002        8.5800000000000001E-002   2.3800000000000002E-002  0.38479999999999998       0.17060000000000000     
   187.00000000000000        4.6040820286357323E-002  0.33260000000000001        8.5800000000000001E-002   2.2599999999999999E-002  0.38840000000000002       0.17060000000000000     
   188.00000000000000        3.7264316738993490E-002  0.33079999999999998        8.5800000000000001E-002   2.2400000000000000E-002  0.39119999999999999       0.16980000000000001     
   189.00000000000000        2.9053169015486782E-002  0.32979999999999998       0.10040000000000000        4.1999999999999997E-003  0.39279999999999998       0.17280000000000001     
   190.00000000000000        1.6753197284478889E-002  0.32979999999999998       0.10059999999999999        4.1999999999999997E-003  0.39340000000000003       0.17199999999999999     
   191.00000000000000        1.0965486766406650E-002  0.32979999999999998       0.10059999999999999        4.1999999999999997E-003  0.39260000000000000       0.17280000000000001     
   192.00000000000000        6.1347452089614909E-003  0.32979999999999998       0.10059999999999999        4.1999999999999997E-003  0.39260000000000000       0.17280000000000001     
   193.00000000000000        6.3478831117159962E-004  0.32979999999999998       0.10059999999999999        4.1999999999999997E-003  0.39240000000000003       0.17299999999999999     
   194.00000000000000       -4.8216630743344174E-003  0.32979999999999998        9.9000000000000005E-002   4.1999999999999997E-003  0.39379999999999998       0.17319999999999999     
   195.00000000000000       -1.0945927265556495E-002  0.32979999999999998        9.8799999999999999E-002   4.1999999999999997E-003  0.39360000000000001       0.17360000000000000     
   196.00000000000000       -1.6964295591835758E-002  0.32960000000000000        9.7600000000000006E-002   4.4000000000000003E-003  0.39479999999999998       0.17360000000000000     
   197.00000000000000       -2.2826272632987053E-002  0.32960000000000000        9.5799999999999996E-002   4.4000000000000003E-003  0.39560000000000001       0.17460000000000001     
   198.00000000000000       -2.8536448908526225E-002  0.32840000000000003        9.5600000000000004E-002   4.4000000000000003E-003  0.39679999999999999       0.17480000000000001     
   199.00000000000000       -3.2258288899257352E-002  0.32800000000000001        9.5600000000000004E-002   4.4000000000000003E-003  0.39500000000000002       0.17699999999999999     
   200.00000000000000       -1.7772725990515055E-002  0.31960000000000000        0.0000000000000000        9.9800000000000000E-002  0.40160000000000001       0.17899999999999999     
   201.00000000000000       -8.5600829258610650E-003  0.30819999999999997        0.0000000000000000        9.9599999999999994E-002  0.41120000000000001       0.18099999999999999     
   202.00000000000000        2.8930054432037902E-003  0.30819999999999997        0.0000000000000000        9.9599999999999994E-002  0.41120000000000001       0.18099999999999999     
   203.00000000000000        1.6607650618248745E-002  0.29840000000000000        9.7999999999999997E-003   9.9599999999999994E-002  0.41120000000000001       0.18099999999999999     
   204.00000000000000        2.1156017021919216E-002  0.29940000000000000        8.3999999999999995E-003   9.8799999999999999E-002  0.40999999999999998       0.18340000000000001     
   205.00000000000000        3.0587567927392104E-002  0.29899999999999999        8.6000000000000000E-003   9.3399999999999997E-002  0.41499999999999998       0.18400000000000000     
   206.00000000000000        4.8094819870107740E-002  0.29880000000000001        6.0000000000000001E-003   9.3600000000000003E-002  0.41720000000000002       0.18440000000000001     
   207.00000000000000        6.6157058566823732E-002  0.29640000000000000        4.4000000000000003E-003   9.4200000000000006E-002  0.41999999999999998       0.18500000000000000     
   208.00000000000000        8.3154917361498951E-002  0.29559999999999997        3.2000000000000002E-003   9.5000000000000001E-002  0.42059999999999997       0.18559999999999999     
   209.00000000000000       0.10004497291601740       0.29440000000000000        2.8000000000000000E-003   9.2999999999999999E-002  0.42259999999999998       0.18720000000000001     
   210.00000000000000       0.11444919025127864       0.29360000000000003        3.0000000000000001E-003   9.3600000000000003E-002  0.42259999999999998       0.18720000000000001     
   211.00000000000000       0.12771689788965779       0.29299999999999998        2.0000000000000000E-003   9.4600000000000004E-002  0.42499999999999999       0.18540000000000001     
   212.00000000000000       0.13869503868073113       0.29239999999999999        2.0000000000000000E-003   9.4399999999999998E-002  0.42520000000000002       0.18600000000000000     
   213.00000000000000       0.14699575828393530       0.29220000000000002        1.1999999999999999E-003   9.4799999999999995E-002  0.42740000000000000       0.18440000000000001     
   214.00000000000000       0.15395567845879182       0.28820000000000001        1.4000000000000000E-003   9.4799999999999995E-002  0.43180000000000002       0.18379999999999999     
   215.00000000000000       0.15740631711409514       0.28820000000000001        1.4000000000000000E-003   9.2799999999999994E-002  0.43259999999999998       0.18500000000000000     
   216.00000000000000       0.16032583495088415       0.28360000000000002        2.2000000000000001E-003   9.3799999999999994E-002  0.43559999999999999       0.18479999999999999     
