#        BMIN =   404
#        BMAX =   408
#     INIBAND =   406
#      NBANDS =   540
#         NSW =  2000
#       POTIM =   1.0
#        TEMP = 300.0
#    NAMDTINI =   819
#    NAMDTIME =  1000
#       NTRAJ =  5000
#        NELM =  1000
#       LHOLE =     T
#        LSHP =     T
#      LCPTXT =     T
#      RUNDIR = ../../run/
   1.0000000000000000       0.10082909331640436        0.0000000000000000        0.0000000000000000        1.0000000000000000        0.0000000000000000        0.0000000000000000     
   2.0000000000000000        9.8631881947311206E-002   0.0000000000000000        0.0000000000000000       0.99980000000000002        0.0000000000000000        2.0000000000000001E-004
   3.0000000000000000        9.3177288538865005E-002   0.0000000000000000        0.0000000000000000       0.99880000000000002        1.0000000000000000E-003   2.0000000000000001E-004
   4.0000000000000000        8.3594260326093670E-002   0.0000000000000000        0.0000000000000000       0.99880000000000002        1.0000000000000000E-003   2.0000000000000001E-004
   5.0000000000000000        7.0625693773835777E-002   0.0000000000000000        0.0000000000000000       0.99880000000000002        1.0000000000000000E-003   2.0000000000000001E-004
   6.0000000000000000        5.4492588850080827E-002   0.0000000000000000        0.0000000000000000       0.99880000000000002        1.0000000000000000E-003   2.0000000000000001E-004
   7.0000000000000000        3.5845716732231185E-002   0.0000000000000000        0.0000000000000000       0.99880000000000002        1.0000000000000000E-003   2.0000000000000001E-004
   8.0000000000000000        1.4686525260205171E-002   0.0000000000000000        0.0000000000000000       0.99880000000000002        1.0000000000000000E-003   2.0000000000000001E-004
   9.0000000000000000       -7.5979138190804133E-003   0.0000000000000000        0.0000000000000000       0.99880000000000002        1.0000000000000000E-003   2.0000000000000001E-004
   10.000000000000000       -3.1754810762265100E-002   0.0000000000000000        0.0000000000000000       0.99880000000000002        1.0000000000000000E-003   2.0000000000000001E-004
   11.000000000000000       -5.4245867306186926E-002   0.0000000000000000        0.0000000000000000       0.99860000000000004        1.0000000000000000E-003   4.0000000000000002E-004
   12.000000000000000       -7.7004112678965855E-002   0.0000000000000000        0.0000000000000000       0.99860000000000004        1.0000000000000000E-003   4.0000000000000002E-004
   13.000000000000000       -9.8770503386507377E-002   0.0000000000000000        0.0000000000000000       0.99860000000000004        8.0000000000000004E-004   5.9999999999999995E-004
   14.000000000000000      -0.11825534837133454        0.0000000000000000        0.0000000000000000       0.99860000000000004        8.0000000000000004E-004   5.9999999999999995E-004
   15.000000000000000      -0.13546110541709469        0.0000000000000000        0.0000000000000000       0.99860000000000004        8.0000000000000004E-004   5.9999999999999995E-004
   16.000000000000000      -0.14988021444790781        0.0000000000000000        0.0000000000000000       0.99819999999999998        1.1999999999999999E-003   5.9999999999999995E-004
   17.000000000000000      -0.14493810879209615        0.0000000000000000        0.0000000000000000       0.99819999999999998        1.1999999999999999E-003   5.9999999999999995E-004
   18.000000000000000      -0.11426204046144986        0.0000000000000000        0.0000000000000000       0.99819999999999998        1.1999999999999999E-003   5.9999999999999995E-004
   19.000000000000000       -8.0119559523086317E-002   0.0000000000000000        0.0000000000000000       0.99819999999999998        1.1999999999999999E-003   5.9999999999999995E-004
   20.000000000000000       -5.1976427223138541E-002   0.0000000000000000        0.0000000000000000       0.99819999999999998        1.1999999999999999E-003   5.9999999999999995E-004
   21.000000000000000       -2.9734194966980449E-002   0.0000000000000000        0.0000000000000000       0.99819999999999998        1.1999999999999999E-003   5.9999999999999995E-004
   22.000000000000000        2.9745632716692487E-003   0.0000000000000000        0.0000000000000000       0.99819999999999998        1.1999999999999999E-003   5.9999999999999995E-004
   23.000000000000000        2.5880051175015042E-002   0.0000000000000000        0.0000000000000000       0.99819999999999998        1.0000000000000000E-003   8.0000000000000004E-004
   24.000000000000000        1.8371967589306214E-002   0.0000000000000000        0.0000000000000000       0.99660000000000004        1.0000000000000000E-003   2.3999999999999998E-003
   25.000000000000000        8.5128540900865270E-003   0.0000000000000000        0.0000000000000000       0.99539999999999995        1.0000000000000000E-003   3.5999999999999999E-003
   26.000000000000000       -1.9411046034311014E-004   0.0000000000000000        0.0000000000000000       0.99539999999999995        1.0000000000000000E-003   3.5999999999999999E-003
   27.000000000000000       -6.1937557664135945E-003   0.0000000000000000        0.0000000000000000       0.99419999999999997        1.0000000000000000E-003   4.7999999999999996E-003
   28.000000000000000       -1.0462648008633516E-002   0.0000000000000000        0.0000000000000000       0.99419999999999997        1.0000000000000000E-003   4.7999999999999996E-003
   29.000000000000000       -1.2333428156136094E-002   0.0000000000000000        0.0000000000000000       0.99419999999999997        1.0000000000000000E-003   4.7999999999999996E-003
   30.000000000000000       -1.1044050663728874E-002   0.0000000000000000        0.0000000000000000       0.99399999999999999        1.0000000000000000E-003   5.0000000000000001E-003
   31.000000000000000       -7.2174332778746301E-003   0.0000000000000000        0.0000000000000000       0.97919999999999996        1.5800000000000002E-002   5.0000000000000001E-003
   32.000000000000000       -3.5138583956237368E-002   0.0000000000000000        0.0000000000000000       0.97919999999999996        1.5800000000000002E-002   5.0000000000000001E-003
   33.000000000000000       -6.9982866180737249E-002   0.0000000000000000        0.0000000000000000       0.97919999999999996        1.5800000000000002E-002   5.0000000000000001E-003
   34.000000000000000      -0.10771407293668592        0.0000000000000000        0.0000000000000000       0.97919999999999996        1.5599999999999999E-002   5.1999999999999998E-003
   35.000000000000000      -0.14742888829772302        0.0000000000000000        0.0000000000000000       0.97919999999999996        1.5599999999999999E-002   5.1999999999999998E-003
   36.000000000000000      -0.18696205080819858        0.0000000000000000        0.0000000000000000       0.97919999999999996        1.5800000000000002E-002   5.0000000000000001E-003
   37.000000000000000      -0.22857761334492643        0.0000000000000000       0.67420000000000002       0.30440000000000000        1.4400000000000000E-002   7.0000000000000001E-003
   38.000000000000000      -0.25242781221251709        4.1999999999999997E-003  0.63360000000000005       0.34079999999999999        1.4400000000000000E-002   7.0000000000000001E-003
   39.000000000000000      -0.25152603072403856        4.1999999999999997E-003  0.56640000000000001       0.40780000000000000        1.4400000000000000E-002   7.1999999999999998E-003
   40.000000000000000      -0.23734638631583535        4.1999999999999997E-003  0.57020000000000004       0.40300000000000002        1.5200000000000000E-002   7.4000000000000003E-003
   41.000000000000000      -0.22264429051501816        2.0000000000000000E-003  0.82220000000000004       0.15320000000000000        1.5200000000000000E-002   7.4000000000000003E-003
   42.000000000000000      -0.20821135012723074        8.0000000000000004E-004  0.83079999999999998       0.14580000000000001        1.5200000000000000E-002   7.4000000000000003E-003
   43.000000000000000      -0.19332066094758649        5.9999999999999995E-004  0.83220000000000005       0.14460000000000001        1.5200000000000000E-002   7.4000000000000003E-003
   44.000000000000000      -0.17718716329360135        5.9999999999999995E-004  0.83099999999999996       0.14560000000000001        1.4999999999999999E-002   7.7999999999999996E-003
   45.000000000000000      -0.15911232544774190        5.9999999999999995E-004  0.82979999999999998       0.14419999999999999        1.7600000000000001E-002   7.7999999999999996E-003
   46.000000000000000      -0.14075537108418690        5.9999999999999995E-004  0.82079999999999997       0.15320000000000000        1.7600000000000001E-002   7.7999999999999996E-003
   47.000000000000000      -0.12146957548793032        5.9999999999999995E-004  0.81320000000000003       0.15939999999999999        1.8599999999999998E-002   8.2000000000000007E-003
   48.000000000000000      -0.10273742689397357        5.9999999999999995E-004  0.81100000000000005       0.16120000000000001        1.8800000000000001E-002   8.3999999999999995E-003
   49.000000000000000       -8.4207332434366317E-002   5.9999999999999995E-004  0.80940000000000001       0.16280000000000000        1.8800000000000001E-002   8.3999999999999995E-003
   50.000000000000000       -6.6115747381414361E-002   5.9999999999999995E-004  0.80940000000000001       0.16239999999999999        1.9199999999999998E-002   8.3999999999999995E-003
   51.000000000000000       -4.8692625168567052E-002   5.9999999999999995E-004  0.80720000000000003       0.16439999999999999        1.9199999999999998E-002   8.6000000000000000E-003
   52.000000000000000       -3.2394631390265348E-002   9.7999999999999997E-003  0.79740000000000000       0.16200000000000001        2.1600000000000001E-002   9.1999999999999998E-003
   53.000000000000000        7.2545008918525715E-003   9.5999999999999992E-003  0.79740000000000000       0.16200000000000001        2.1600000000000001E-002   9.4000000000000004E-003
   54.000000000000000        6.2834176542209810E-002   7.6000000000000000E-003  0.45560000000000000       0.50439999999999996        2.2800000000000001E-002   9.5999999999999992E-003
   55.000000000000000        9.2312876463492066E-002   7.4000000000000003E-003  0.45379999999999998       0.50539999999999996        2.3400000000000001E-002   1.0000000000000000E-002
   56.000000000000000       0.11973194877692905        7.4000000000000003E-003  0.45319999999999999       0.50539999999999996        2.4000000000000000E-002   1.0000000000000000E-002
   57.000000000000000       0.14369887313852078        7.4000000000000003E-003  0.44960000000000000       0.50539999999999996        2.7600000000000000E-002   1.0000000000000000E-002
   58.000000000000000       0.16308090616137910        7.6000000000000000E-003  0.44860000000000000       0.50539999999999996        2.7600000000000000E-002   1.0800000000000001E-002
   59.000000000000000       0.17789973545580295        7.6000000000000000E-003  0.44860000000000000       0.50539999999999996        2.7600000000000000E-002   1.0800000000000001E-002
   60.000000000000000       0.18821678997674851        7.6000000000000000E-003  0.44840000000000002       0.50539999999999996        2.7799999999999998E-002   1.0800000000000001E-002
   61.000000000000000       0.19459229727630536        7.1999999999999998E-003  0.44779999999999998       0.50539999999999996        2.8400000000000002E-002   1.1200000000000000E-002
   62.000000000000000       0.19622139661381230        8.2000000000000007E-003  0.44679999999999997       0.50539999999999996        2.7799999999999998E-002   1.1800000000000000E-002
   63.000000000000000       0.19391679545013071        9.4000000000000004E-003  0.44519999999999998       0.50539999999999996        2.8000000000000001E-002   1.2000000000000000E-002
   64.000000000000000       0.18678560123038027        8.6000000000000000E-003  0.48480000000000001       0.46639999999999998        2.8199999999999999E-002   1.2000000000000000E-002
   65.000000000000000       0.17865976419240817        7.7999999999999996E-003  0.48480000000000001       0.46639999999999998        2.8199999999999999E-002   1.2800000000000001E-002
   66.000000000000000       0.16781738240236502        9.5999999999999992E-003  0.47439999999999999       0.47339999999999999        2.7799999999999998E-002   1.4800000000000001E-002
   67.000000000000000       0.16687864956716847        9.5999999999999992E-003  0.47539999999999999       0.47199999999999998        2.8199999999999999E-002   1.4800000000000001E-002
   68.000000000000000       0.17714830839842038        9.5999999999999992E-003  0.47560000000000002       0.47180000000000000        2.8199999999999999E-002   1.4800000000000001E-002
   69.000000000000000       0.18924921530055971        7.7999999999999996E-003  0.47160000000000002       0.47760000000000002        2.8199999999999999E-002   1.4800000000000001E-002
   70.000000000000000       0.20208204203765862        7.4000000000000003E-003  0.47220000000000001       0.47739999999999999        2.8199999999999999E-002   1.4800000000000001E-002
   71.000000000000000       0.21539110611342524        4.1999999999999997E-003  0.46820000000000001       0.48420000000000002        2.8600000000000000E-002   1.4800000000000001E-002
   72.000000000000000       0.23003552299414476        3.8000000000000000E-003  0.46100000000000002       0.48980000000000001        3.0400000000000000E-002   1.4999999999999999E-002
   73.000000000000000       0.25192112457300631        3.8000000000000000E-003  0.45800000000000002       0.49099999999999999        3.2199999999999999E-002   1.4999999999999999E-002
   74.000000000000000       0.25476399474657302        3.5999999999999999E-003  0.45839999999999997       0.49040000000000000        3.2399999999999998E-002   1.5200000000000000E-002
   75.000000000000000       0.28423606873734930        3.3999999999999998E-003  0.45860000000000001       0.48859999999999998        3.4200000000000001E-002   1.5200000000000000E-002
   76.000000000000000       0.28093378004781389        3.3999999999999998E-003  0.45860000000000001       0.48859999999999998        3.4200000000000001E-002   1.5200000000000000E-002
   77.000000000000000       0.29937368872358577        2.3999999999999998E-003  0.45739999999999997       0.48959999999999998        3.5400000000000001E-002   1.5200000000000000E-002
   78.000000000000000       0.32330974060236195        2.3999999999999998E-003  0.46479999999999999       0.48220000000000002        3.5400000000000001E-002   1.5200000000000000E-002
   79.000000000000000       0.34055582148552654        2.3999999999999998E-003  0.45839999999999997       0.48820000000000002        3.5799999999999998E-002   1.5200000000000000E-002
   80.000000000000000       0.25456605696004952        1.6000000000000001E-003  0.43319999999999997       0.51259999999999994        3.6799999999999999E-002   1.5800000000000002E-002
   81.000000000000000       0.34610039611028670        1.6000000000000001E-003  0.43340000000000001       0.51139999999999997        3.6799999999999999E-002   1.6799999999999999E-002
   82.000000000000000       0.15990479819685008        1.1999999999999999E-003  0.42420000000000002       0.52039999999999997        3.6799999999999999E-002   1.7399999999999999E-002
   83.000000000000000       0.38212865793203371        1.1999999999999999E-003  0.42420000000000002       0.51800000000000002        3.9000000000000000E-002   1.7600000000000001E-002
   84.000000000000000       0.38848154181278677        5.9999999999999995E-004  0.42480000000000001       0.51780000000000004        3.9000000000000000E-002   1.7800000000000000E-002
   85.000000000000000       0.37616687355801587        4.0000000000000002E-004  0.42080000000000001       0.52100000000000002        4.0000000000000001E-002   1.7800000000000000E-002
   86.000000000000000       0.35632488923532163        2.0000000000000001E-004  0.41199999999999998       0.52920000000000000        4.0399999999999998E-002   1.8200000000000001E-002
   87.000000000000000       0.46356808170537556        2.0000000000000001E-004  0.41220000000000001       0.52900000000000003        4.0399999999999998E-002   1.8200000000000001E-002
   88.000000000000000       0.36771837499942794        2.0000000000000001E-004  0.40720000000000001       0.53339999999999999        4.1000000000000002E-002   1.8200000000000001E-002
   89.000000000000000       0.36066352577200184        2.0000000000000001E-004  0.40699999999999997       0.53339999999999999        4.1200000000000001E-002   1.8200000000000001E-002
   90.000000000000000       0.33284050709808549        2.2000000000000001E-003  0.40520000000000000       0.53220000000000001        4.2000000000000003E-002   1.8400000000000000E-002
   91.000000000000000       0.20076270975310373        1.6000000000000001E-003  0.40479999999999999       0.52159999999999995        3.1000000000000000E-002   4.1000000000000002E-002
   92.000000000000000       0.47467389962928291        1.6000000000000001E-003  0.40420000000000000       0.50860000000000005        4.3400000000000001E-002   4.2200000000000001E-002
   93.000000000000000       0.48677510012885766        1.6000000000000001E-003  0.39979999999999999       0.50860000000000005        4.3400000000000001E-002   4.6600000000000003E-002
   94.000000000000000       0.47211617286529306        1.6000000000000001E-003  0.39800000000000002       0.50680000000000003        4.1399999999999999E-002   5.2200000000000003E-002
   95.000000000000000       0.46602144270300000        2.8000000000000000E-003  0.35180000000000000       0.55179999999999996        4.1399999999999999E-002   5.2200000000000003E-002
   96.000000000000000       0.29005108549847036        2.5999999999999999E-003  0.35180000000000000       0.55159999999999998        4.1399999999999999E-002   5.2600000000000001E-002
   97.000000000000000       0.27417986303695108        2.3999999999999998E-003  0.34020000000000000       0.56020000000000003        4.1799999999999997E-002   5.5399999999999998E-002
   98.000000000000000       0.25490806300041058        2.3999999999999998E-003  0.34039999999999998       0.55940000000000001        4.2400000000000000E-002   5.5399999999999998E-002
   99.000000000000000       0.23562150802510165        2.3999999999999998E-003  0.33960000000000001       0.55879999999999996        4.2599999999999999E-002   5.6599999999999998E-002
   100.00000000000000       0.21465824906348593        2.3999999999999998E-003  0.33960000000000001       0.55679999999999996        4.3799999999999999E-002   5.7400000000000000E-002
   101.00000000000000       0.19347074779274825        3.2000000000000002E-003  0.33679999999999999       0.55759999999999998        4.3999999999999997E-002   5.8400000000000001E-002
   102.00000000000000       0.17201568036149506        3.0000000000000001E-003  0.33700000000000002       0.55700000000000005        4.4600000000000001E-002   5.8400000000000001E-002
   103.00000000000000       0.15149374268837448        5.7999999999999996E-003  0.31979999999999997       0.56999999999999995        4.5800000000000000E-002   5.8599999999999999E-002
   104.00000000000000       0.13235472566893589        2.1600000000000001E-002  0.27660000000000001       0.59640000000000004        4.7000000000000000E-002   5.8400000000000001E-002
   105.00000000000000       0.11191876039921880        2.0400000000000001E-002  0.26960000000000001       0.60240000000000005        4.7399999999999998E-002   6.0199999999999997E-002
   106.00000000000000        9.0728631622309805E-002   2.1600000000000001E-002  0.26760000000000000       0.60199999999999998        5.6000000000000001E-002   5.2800000000000000E-002
   107.00000000000000        6.8974561781055502E-002   2.1600000000000001E-002  0.27260000000000001       0.59640000000000004        5.6000000000000001E-002   5.3400000000000003E-002
   108.00000000000000        4.7613577499936284E-002   2.1800000000000000E-002  0.27839999999999998       0.58860000000000001        5.7200000000000001E-002   5.3999999999999999E-002
   109.00000000000000        3.0185214393852876E-002   2.3000000000000000E-002  0.24859999999999999       0.61119999999999997        6.2199999999999998E-002   5.5000000000000000E-002
   110.00000000000000        9.8280366307930966E-003   2.0199999999999999E-002  0.25359999999999999       0.60799999999999998        6.2199999999999998E-002   5.6000000000000001E-002
   111.00000000000000       -9.2796305504840929E-003   1.8599999999999998E-002  0.25059999999999999       0.60999999999999999        6.2199999999999998E-002   5.8599999999999999E-002
   112.00000000000000       -2.7810270379199312E-002   1.7600000000000001E-002  0.23840000000000000       0.62219999999999998        6.2199999999999998E-002   5.9600000000000000E-002
   113.00000000000000       -4.6194849941533625E-002   1.7600000000000001E-002  0.23660000000000000       0.62039999999999995        6.5600000000000006E-002   5.9799999999999999E-002
   114.00000000000000       -6.4681367325601813E-002   1.8200000000000001E-002  0.23680000000000001       0.61880000000000002        6.6400000000000001E-002   5.9799999999999999E-002
   115.00000000000000       -8.1357863231485708E-002   1.8200000000000001E-002  0.23780000000000001       0.61780000000000002        6.5799999999999997E-002   6.0400000000000002E-002
   116.00000000000000       -9.6079897579436663E-002   1.2200000000000001E-002  0.24440000000000001       0.61699999999999999        6.6000000000000003E-002   6.0400000000000002E-002
   117.00000000000000      -0.10341198700403646        1.5200000000000000E-002  0.22860000000000000       0.62980000000000003        6.5799999999999997E-002   6.0600000000000001E-002
   118.00000000000000       -9.9088745039329268E-002   1.6600000000000000E-002  0.22680000000000000       0.62980000000000003        6.6199999999999995E-002   6.0600000000000001E-002
   119.00000000000000       -8.3612084581208904E-002   1.6600000000000000E-002  0.22680000000000000       0.62980000000000003        6.6000000000000003E-002   6.0800000000000000E-002
   120.00000000000000       -6.6925068653108877E-002   1.6600000000000000E-002  0.22680000000000000       0.62980000000000003        6.6000000000000003E-002   6.0800000000000000E-002
   121.00000000000000       -4.9051747910615687E-002   1.6600000000000000E-002  0.22639999999999999       0.62980000000000003        6.5600000000000006E-002   6.1600000000000002E-002
   122.00000000000000       -3.3899844347548738E-002   1.6600000000000000E-002  0.22639999999999999       0.62980000000000003        6.5600000000000006E-002   6.1600000000000002E-002
   123.00000000000000       -1.9010030774337931E-002   1.6400000000000001E-002  0.22580000000000000       0.63000000000000000        6.6199999999999995E-002   6.1600000000000002E-002
   124.00000000000000       -6.9601382654106998E-003   1.6199999999999999E-002  0.22580000000000000       0.63019999999999998        6.6199999999999995E-002   6.1600000000000002E-002
   125.00000000000000        2.2077642085674871E-003   1.6000000000000000E-002  0.22580000000000000       0.63019999999999998        6.6000000000000003E-002   6.2000000000000000E-002
   126.00000000000000        8.3262361670136294E-003   1.6000000000000000E-002  0.22600000000000001       0.63019999999999998        6.5799999999999997E-002   6.2000000000000000E-002
   127.00000000000000       -5.7717000104470194E-003   1.6000000000000000E-002  0.85580000000000001        0.0000000000000000        6.6199999999999995E-002   6.2000000000000000E-002
   128.00000000000000        8.3203702137156724E-003   1.6000000000000000E-002  0.85580000000000001        2.0000000000000001E-004   6.6000000000000003E-002   6.2000000000000000E-002
   129.00000000000000       -5.4531248718697849E-003   1.6000000000000000E-002  0.85580000000000001        2.0000000000000001E-004   6.6199999999999995E-002   6.1800000000000001E-002
   130.00000000000000       -2.3933081792839300E-002   1.6400000000000001E-002  0.85540000000000005        2.0000000000000001E-004   6.6199999999999995E-002   6.1800000000000001E-002
   131.00000000000000       -4.5982298024505666E-002   3.1199999999999999E-002  0.83779999999999999        3.0000000000000001E-003   6.4199999999999993E-002   6.3799999999999996E-002
   132.00000000000000       -2.2404208899626923E-002   3.1199999999999999E-002  0.83779999999999999        3.0000000000000001E-003   6.3200000000000006E-002   6.4799999999999996E-002
   133.00000000000000        3.4463356475031605E-003   3.0599999999999999E-002  0.83440000000000003        3.5999999999999999E-003   6.1400000000000003E-002   7.0000000000000007E-002
   134.00000000000000        2.8941603269494291E-002   3.0599999999999999E-002  0.83360000000000001        4.4000000000000003E-003   6.0199999999999997E-002   7.1199999999999999E-002
   135.00000000000000        5.4178707861680456E-002   3.0200000000000001E-002  0.83260000000000001        4.4000000000000003E-003   6.0199999999999997E-002   7.2599999999999998E-002
   136.00000000000000        8.0004767240499874E-002   3.0200000000000001E-002  0.81459999999999999        2.1399999999999999E-002   6.0999999999999999E-002   7.2800000000000004E-002
   137.00000000000000       0.10232397600612850        2.9200000000000000E-002  0.81379999999999997        2.1200000000000000E-002   6.2199999999999998E-002   7.3599999999999999E-002
   138.00000000000000       0.12159555999000859        2.8799999999999999E-002  0.81340000000000001        2.1800000000000000E-002   6.2399999999999997E-002   7.3599999999999999E-002
   139.00000000000000       0.13920277728592470        2.7799999999999998E-002  0.81379999999999997        2.1999999999999999E-002   6.0600000000000001E-002   7.5800000000000006E-002
   140.00000000000000       0.15341776234374993        2.7799999999999998E-002  0.80559999999999998        2.9999999999999999E-002   6.0800000000000000E-002   7.5800000000000006E-002
   141.00000000000000       0.16173601912733596        2.7799999999999998E-002  0.80379999999999996        2.9999999999999999E-002   6.2600000000000003E-002   7.5800000000000006E-002
   142.00000000000000       0.17795212433982066        2.6400000000000000E-002  0.80379999999999996        3.0200000000000001E-002   6.1800000000000001E-002   7.7799999999999994E-002
   143.00000000000000       0.17736186968383358        2.5800000000000000E-002  0.79339999999999999        4.0800000000000003E-002   6.1800000000000001E-002   7.8200000000000006E-002
   144.00000000000000       0.17210810931399445        2.5399999999999999E-002  0.79339999999999999        4.0599999999999997E-002   6.2000000000000000E-002   7.8600000000000003E-002
   145.00000000000000       0.16843854517823281        2.5200000000000000E-002  0.79059999999999997        4.2999999999999997E-002   6.2600000000000003E-002   7.8600000000000003E-002
   146.00000000000000       0.16190227027468196        2.5200000000000000E-002  0.78879999999999995        4.2999999999999997E-002   6.3399999999999998E-002   7.9600000000000004E-002
   147.00000000000000       0.14292125410528184        2.5200000000000000E-002  0.78879999999999995        4.2999999999999997E-002   6.3399999999999998E-002   7.9600000000000004E-002
   148.00000000000000       0.12921917804227648        2.5000000000000001E-002  0.78680000000000005        4.4999999999999998E-002   6.3200000000000006E-002   8.0000000000000002E-002
   149.00000000000000       0.11120600476749086        2.5000000000000001E-002  0.78580000000000005        4.4999999999999998E-002   6.3600000000000004E-002   8.0600000000000005E-002
   150.00000000000000        9.0830050728610931E-002   2.5000000000000001E-002  0.78480000000000005        4.4999999999999998E-002   6.4600000000000005E-002   8.0600000000000005E-002
   151.00000000000000        6.8874760653683101E-002   2.5200000000000000E-002  0.78459999999999996        4.4999999999999998E-002   6.4199999999999993E-002   8.1000000000000003E-002
   152.00000000000000        4.7230603747195281E-002   2.5200000000000000E-002  0.78220000000000001        4.4999999999999998E-002   6.6000000000000003E-002   8.1600000000000006E-002
   153.00000000000000        2.6504143695834901E-002   0.0000000000000000       0.80679999999999996        4.5400000000000003E-002   6.6000000000000003E-002   8.1799999999999998E-002
   154.00000000000000        3.8742636609750344E-002   0.0000000000000000       0.80679999999999996        4.5400000000000003E-002   6.6000000000000003E-002   8.1799999999999998E-002
   155.00000000000000        7.7127351398902630E-002   0.0000000000000000       0.80679999999999996        4.5400000000000003E-002   6.6000000000000003E-002   8.1799999999999998E-002
   156.00000000000000       0.11210774366507792        0.0000000000000000       0.80679999999999996        4.5400000000000003E-002   6.6000000000000003E-002   8.1799999999999998E-002
   157.00000000000000       0.14315145738362925        0.0000000000000000       0.80679999999999996        4.4600000000000001E-002   6.6600000000000006E-002   8.2000000000000003E-002
   158.00000000000000       0.16894074286009944        0.0000000000000000       0.80679999999999996        4.4200000000000003E-002   6.6600000000000006E-002   8.2400000000000001E-002
   159.00000000000000       0.19437604174788992        0.0000000000000000       0.57260000000000000       0.27839999999999998        6.5600000000000006E-002   8.3400000000000002E-002
   160.00000000000000       0.19681476351321994        0.0000000000000000       0.57160000000000000       0.27839999999999998        6.4000000000000001E-002   8.5999999999999993E-002
   161.00000000000000       0.18864435454486886        0.0000000000000000       0.56999999999999995       0.27839999999999998        6.4000000000000001E-002   8.7599999999999997E-002
   162.00000000000000       0.17914467190957523        0.0000000000000000       0.56960000000000000       0.27839999999999998        6.4000000000000001E-002   8.7999999999999995E-002
   163.00000000000000       0.16629666785955766        0.0000000000000000       0.56940000000000002       0.27839999999999998        6.4199999999999993E-002   8.7999999999999995E-002
   164.00000000000000       0.15175068431804745        0.0000000000000000       0.56920000000000004       0.27839999999999998        5.9200000000000003E-002   9.3200000000000005E-002
   165.00000000000000       0.13553221653379213        0.0000000000000000       0.56879999999999997       0.27839999999999998        5.9600000000000000E-002   9.3200000000000005E-002
   166.00000000000000       0.11779113602210292        0.0000000000000000       0.56840000000000002       0.27839999999999998        5.7799999999999997E-002   9.5399999999999999E-002
   167.00000000000000       0.10948320417117768        0.0000000000000000        0.0000000000000000       0.84599999999999997        5.8000000000000003E-002   9.6000000000000002E-002
   168.00000000000000        8.4195475907005032E-002   0.0000000000000000        0.0000000000000000       0.84060000000000001        5.9600000000000000E-002   9.9800000000000000E-002
   169.00000000000000        7.4189207257520512E-002   0.0000000000000000        0.0000000000000000       0.84060000000000001        5.9799999999999999E-002   9.9599999999999994E-002
   170.00000000000000        6.5692977632829358E-002   0.0000000000000000        0.0000000000000000       0.83760000000000001        6.0999999999999999E-002  0.10140000000000000     
   171.00000000000000        5.7155915908894128E-002   0.0000000000000000        0.0000000000000000       0.83279999999999998        6.2799999999999995E-002  0.10440000000000001     
   172.00000000000000        5.0245995248867296E-002   0.0000000000000000        0.0000000000000000       0.83279999999999998        6.2199999999999998E-002  0.10500000000000000     
   173.00000000000000        4.3307114230030155E-002   0.0000000000000000        0.0000000000000000       0.83279999999999998        6.2199999999999998E-002  0.10500000000000000     
   174.00000000000000        3.8045687720904921E-002   0.0000000000000000        0.0000000000000000       0.83120000000000005        6.1600000000000002E-002  0.10720000000000000     
   175.00000000000000        3.3112086461921590E-002   0.0000000000000000        0.0000000000000000       0.83120000000000005        6.1400000000000003E-002  0.10740000000000000     
   176.00000000000000        3.0561951151423801E-002   0.0000000000000000        0.0000000000000000       0.82899999999999996        6.1400000000000003E-002  0.10960000000000000     
   177.00000000000000        2.5128119689448138E-002   0.0000000000000000        0.0000000000000000       0.82899999999999996        6.1400000000000003E-002  0.10960000000000000     
   178.00000000000000        2.8750210553766212E-002   0.0000000000000000        0.0000000000000000       0.82840000000000003        6.0800000000000000E-002  0.11080000000000000     
   179.00000000000000        1.8580534059976457E-002   0.0000000000000000        0.0000000000000000       0.82799999999999996        6.0400000000000002E-002  0.11160000000000000     
   180.00000000000000       -2.4294912721495324E-002   0.0000000000000000        0.0000000000000000       0.82740000000000002        6.0800000000000000E-002  0.11180000000000000     
   181.00000000000000        5.0503105870268308E-002   0.0000000000000000        0.0000000000000000       0.82599999999999996        6.0800000000000000E-002  0.11320000000000000     
   182.00000000000000        1.2734342499843843E-002   0.0000000000000000        0.0000000000000000       0.82599999999999996        6.0800000000000000E-002  0.11320000000000000     
   183.00000000000000       0.12920195959577827        0.0000000000000000        0.0000000000000000       0.82520000000000004        5.7599999999999998E-002  0.11720000000000000     
   184.00000000000000        2.3196746873679751E-002   0.0000000000000000        0.0000000000000000       0.82520000000000004        5.7200000000000001E-002  0.11760000000000000     
   185.00000000000000        7.7797116257098259E-003   0.0000000000000000        0.0000000000000000       0.82420000000000004        5.2400000000000002E-002  0.12340000000000000     
   186.00000000000000        7.4270537830156969E-003   0.0000000000000000        0.0000000000000000       0.82420000000000004        4.8599999999999997E-002  0.12720000000000001     
   187.00000000000000        4.6308514351371052E-003   0.0000000000000000        2.8000000000000000E-003  0.82140000000000002        4.8599999999999997E-002  0.12720000000000001     
   188.00000000000000        1.3419642510009731E-002   0.0000000000000000        2.8000000000000000E-003  0.82140000000000002        4.8599999999999997E-002  0.12720000000000001     
   189.00000000000000        4.5332535975154659E-002   0.0000000000000000        2.8000000000000000E-003  0.82140000000000002        4.7800000000000002E-002  0.12800000000000000     
   190.00000000000000        7.4418628336813356E-002   0.0000000000000000        2.8000000000000000E-003  0.82140000000000002        4.5800000000000000E-002  0.13000000000000000     
   191.00000000000000        9.9235714185665624E-002   0.0000000000000000        2.8000000000000000E-003  0.82140000000000002        4.5800000000000000E-002  0.13000000000000000     
   192.00000000000000       0.11943487448922045        0.0000000000000000        2.8000000000000000E-003  0.82140000000000002        4.4400000000000002E-002  0.13139999999999999     
   193.00000000000000       0.13660122646054881        0.0000000000000000        2.8000000000000000E-003  0.82140000000000002        4.4400000000000002E-002  0.13139999999999999     
   194.00000000000000       0.14549414111459530        0.0000000000000000        2.8000000000000000E-003  0.82140000000000002        4.4400000000000002E-002  0.13139999999999999     
   195.00000000000000       0.14830216762392628        0.0000000000000000        2.8000000000000000E-003  0.82140000000000002        4.1599999999999998E-002  0.13420000000000001     
   196.00000000000000       0.14674518802105435        0.0000000000000000        2.8000000000000000E-003  0.82140000000000002        3.9600000000000003E-002  0.13619999999999999     
   197.00000000000000       0.13962953593290359        0.0000000000000000        2.8000000000000000E-003  0.82140000000000002        3.8199999999999998E-002  0.13760000000000000     
   198.00000000000000       0.12754821222725066        0.0000000000000000        2.8000000000000000E-003  0.82140000000000002        3.7800000000000000E-002  0.13800000000000001     
   199.00000000000000       0.11108704290849530        0.0000000000000000        2.8000000000000000E-003  0.82140000000000002        3.7800000000000000E-002  0.13800000000000001     
   200.00000000000000        9.0512835103071621E-002   0.0000000000000000        2.8000000000000000E-003  0.82140000000000002        3.7800000000000000E-002  0.13800000000000001     
   201.00000000000000        6.7330581486538435E-002   0.0000000000000000        2.8000000000000000E-003  0.82140000000000002        3.7600000000000001E-002  0.13819999999999999     
   202.00000000000000        4.2017876943905672E-002   0.0000000000000000        2.8000000000000000E-003  0.82140000000000002        3.7600000000000001E-002  0.13819999999999999     
   203.00000000000000        1.5517755472107122E-002   0.0000000000000000        2.8000000000000000E-003  0.82140000000000002        3.7600000000000001E-002  0.13819999999999999     
   204.00000000000000       -1.1304932418239162E-002   8.0000000000000004E-004   6.7999999999999996E-003  0.81659999999999999        3.7600000000000001E-002  0.13819999999999999     
   205.00000000000000       -2.5576939082426531E-002   2.3999999999999998E-003   6.7999999999999996E-003  0.81459999999999999        3.6600000000000001E-002  0.13960000000000000     
   206.00000000000000       -2.7561211584010148E-002   2.5999999999999999E-003   6.7999999999999996E-003  0.81179999999999997        3.7800000000000000E-002  0.14099999999999999     
   207.00000000000000       -3.0284347099313901E-002   5.4000000000000003E-003   3.5999999999999999E-003  0.80800000000000005        4.2000000000000003E-002  0.14099999999999999     
   208.00000000000000       -3.3830433919607314E-002   5.4000000000000003E-003   3.5999999999999999E-003  0.80359999999999998        4.2000000000000003E-002  0.14540000000000000     
   209.00000000000000       -3.8756025601013940E-002   5.4000000000000003E-003   3.5999999999999999E-003  0.80179999999999996        4.2400000000000000E-002  0.14680000000000001     
   210.00000000000000       -4.6396061942412338E-002   5.4000000000000003E-003   3.3999999999999998E-003  0.80059999999999998        3.8600000000000002E-002  0.15200000000000000     
   211.00000000000000       -5.0658042944637563E-002   5.4000000000000003E-003   3.3999999999999998E-003  0.80059999999999998        3.8600000000000002E-002  0.15200000000000000     
   212.00000000000000       -5.7518586342150638E-002   8.8000000000000005E-003   0.0000000000000000       0.79979999999999996        3.9600000000000003E-002  0.15179999999999999     
   213.00000000000000       -6.3602306064998115E-002   8.8000000000000005E-003   0.0000000000000000       0.79820000000000002        3.7999999999999999E-002  0.15500000000000000     
   214.00000000000000       -7.0658218066832673E-002   8.8000000000000005E-003   0.0000000000000000       0.79779999999999995        3.8399999999999997E-002  0.15500000000000000     
   215.00000000000000       -7.7375448155259527E-002   8.8000000000000005E-003   3.7199999999999997E-002  0.75860000000000005        3.9800000000000002E-002  0.15559999999999999     
   216.00000000000000       -7.6517480797863885E-002   8.8000000000000005E-003   3.7199999999999997E-002  0.75860000000000005        3.7400000000000003E-002  0.15800000000000000     
