#        BMIN =   404
#        BMAX =   408
#     INIBAND =   406
#      NBANDS =   540
#         NSW =  2000
#       POTIM =   1.0
#        TEMP = 300.0
#    NAMDTINI =   525
#    NAMDTIME =  1000
#       NTRAJ =  5000
#        NELM =  1000
#       LHOLE =     T
#        LSHP =     T
#      LCPTXT =     T
#      RUNDIR = ../../run/
   1.0000000000000000       0.27678628738948763        0.0000000000000000        0.0000000000000000        1.0000000000000000        0.0000000000000000        0.0000000000000000     
   2.0000000000000000       0.28627140420331232        0.0000000000000000        0.0000000000000000       0.99960000000000004        4.0000000000000002E-004   0.0000000000000000     
   3.0000000000000000       0.29280206643149309        0.0000000000000000        0.0000000000000000       0.99439999999999995        5.4000000000000003E-003   2.0000000000000001E-004
   4.0000000000000000       0.29483724622043228        0.0000000000000000        0.0000000000000000       0.99399999999999999        5.7999999999999996E-003   2.0000000000000001E-004
   5.0000000000000000       0.29366426769508908        0.0000000000000000        0.0000000000000000       0.99219999999999997        7.6000000000000000E-003   2.0000000000000001E-004
   6.0000000000000000       0.28639203176946565        0.0000000000000000        0.0000000000000000       0.98480000000000001        1.4999999999999999E-002   2.0000000000000001E-004
   7.0000000000000000       0.27674318906102086        0.0000000000000000        0.0000000000000000       0.98519999999999996        1.4600000000000000E-002   2.0000000000000001E-004
   8.0000000000000000       0.26405704227655491        0.0000000000000000        0.0000000000000000       0.98460000000000003        1.5200000000000000E-002   2.0000000000000001E-004
   9.0000000000000000       0.24941574865798916        0.0000000000000000        0.0000000000000000       0.98440000000000005        1.5400000000000000E-002   2.0000000000000001E-004
   10.000000000000000       0.23282430904586462        0.0000000000000000        0.0000000000000000       0.98399999999999999        1.5800000000000002E-002   2.0000000000000001E-004
   11.000000000000000       0.21413512612630459        0.0000000000000000        0.0000000000000000       0.98399999999999999        1.5800000000000002E-002   2.0000000000000001E-004
   12.000000000000000       0.19407854000960648        0.0000000000000000        0.0000000000000000       0.98399999999999999        1.5800000000000002E-002   2.0000000000000001E-004
   13.000000000000000       0.16706623423640091        0.0000000000000000       0.12200000000000000       0.86180000000000001        1.6000000000000000E-002   2.0000000000000001E-004
   14.000000000000000       0.15564872299338606        0.0000000000000000       0.12180000000000001       0.86199999999999999        1.6000000000000000E-002   2.0000000000000001E-004
   15.000000000000000       0.17355530387500326        0.0000000000000000       0.12180000000000001       0.86199999999999999        1.6000000000000000E-002   2.0000000000000001E-004
   16.000000000000000       0.18560974526127758        0.0000000000000000       0.12160000000000000       0.86199999999999999        1.6199999999999999E-002   2.0000000000000001E-004
   17.000000000000000       0.19072076694997320        0.0000000000000000       0.12139999999999999       0.86199999999999999        1.6400000000000001E-002   2.0000000000000001E-004
   18.000000000000000       0.18865299743345204        0.0000000000000000       0.12139999999999999       0.86199999999999999        1.6400000000000001E-002   2.0000000000000001E-004
   19.000000000000000       0.17779466068145414        0.0000000000000000       0.12139999999999999       0.86199999999999999        1.6199999999999999E-002   4.0000000000000002E-004
   20.000000000000000       0.15988285265834329        0.0000000000000000       0.12080000000000000       0.86199999999999999        1.6799999999999999E-002   4.0000000000000002E-004
   21.000000000000000       0.13480194234827847        0.0000000000000000       0.12080000000000000       0.86199999999999999        1.6799999999999999E-002   4.0000000000000002E-004
   22.000000000000000       0.10457217205009815        0.0000000000000000       0.12080000000000000       0.86199999999999999        1.6799999999999999E-002   4.0000000000000002E-004
   23.000000000000000        6.7988839729617334E-002   0.0000000000000000       0.12080000000000000       0.86199999999999999        1.6799999999999999E-002   4.0000000000000002E-004
   24.000000000000000        2.5073579579531234E-002   0.0000000000000000       0.12080000000000000       0.86199999999999999        1.6799999999999999E-002   4.0000000000000002E-004
   25.000000000000000       -2.0020960017635932E-002   0.0000000000000000       0.12080000000000000       0.86199999999999999        1.6799999999999999E-002   4.0000000000000002E-004
   26.000000000000000       -6.7780935834314243E-002   0.0000000000000000       0.12080000000000000       0.86199999999999999        1.6799999999999999E-002   4.0000000000000002E-004
   27.000000000000000      -0.11474801726170558        0.0000000000000000        0.0000000000000000       0.98280000000000001        1.6799999999999999E-002   4.0000000000000002E-004
   28.000000000000000      -0.13946479510416096        0.0000000000000000        3.0000000000000001E-003  0.97960000000000003        1.6799999999999999E-002   5.9999999999999995E-004
   29.000000000000000      -0.15224841733482605        0.0000000000000000       0.13200000000000001       0.84880000000000000        1.7800000000000000E-002   1.4000000000000000E-003
   30.000000000000000      -0.14905735155329097        0.0000000000000000       0.11140000000000000       0.86899999999999999        1.7999999999999999E-002   1.6000000000000001E-003
   31.000000000000000      -0.13736514945464373        0.0000000000000000       0.11280000000000000       0.86699999999999999        1.7999999999999999E-002   2.2000000000000001E-003
   32.000000000000000      -0.12399184534560972        0.0000000000000000       0.11340000000000000       0.86580000000000001        1.8200000000000001E-002   2.5999999999999999E-003
   33.000000000000000      -0.10962012612754934        0.0000000000000000       0.11360000000000001       0.86480000000000001        1.8200000000000001E-002   3.3999999999999998E-003
   34.000000000000000       -9.8382077615211616E-002   0.0000000000000000       0.11200000000000000       0.86060000000000003        2.3400000000000001E-002   4.0000000000000001E-003
   35.000000000000000       -8.0274335593456966E-002   0.0000000000000000       0.11140000000000000       0.86040000000000005        2.4199999999999999E-002   4.0000000000000001E-003
   36.000000000000000       -6.3793383840817230E-002   0.0000000000000000       0.11119999999999999       0.85519999999999996        2.9600000000000001E-002   4.0000000000000001E-003
   37.000000000000000       -5.1021021405314365E-002   0.0000000000000000       0.11020000000000001       0.84860000000000002        3.6799999999999999E-002   4.4000000000000003E-003
   38.000000000000000       -3.9627592567035755E-002   0.0000000000000000       0.10979999999999999       0.84519999999999995        4.0599999999999997E-002   4.4000000000000003E-003
   39.000000000000000       -2.8876752479515946E-002   0.0000000000000000       0.10940000000000000       0.84480000000000000        4.0599999999999997E-002   5.1999999999999998E-003
   40.000000000000000       -1.9969785647792674E-002   0.0000000000000000       0.10920000000000001       0.84319999999999995        4.2200000000000001E-002   5.4000000000000003E-003
   41.000000000000000       -1.2895494143235150E-002   0.0000000000000000       0.10920000000000001       0.83640000000000003        4.9000000000000002E-002   5.4000000000000003E-003
   42.000000000000000       -8.3751263272242409E-003   0.0000000000000000       0.10920000000000001       0.83679999999999999        4.8599999999999997E-002   5.4000000000000003E-003
   43.000000000000000       -6.0316183623282081E-003   4.0000000000000002E-004  0.10800000000000000       0.83760000000000001        4.8599999999999997E-002   5.4000000000000003E-003
   44.000000000000000       -1.5957607182262936E-003   4.0000000000000002E-004  0.10800000000000000       0.83740000000000003        4.8800000000000003E-002   5.4000000000000003E-003
   45.000000000000000        2.4509645742002571E-003   4.0000000000000002E-004  0.10800000000000000       0.83620000000000005        4.8800000000000003E-002   6.6000000000000000E-003
   46.000000000000000        4.2501059244238444E-003   4.0000000000000002E-004  0.10800000000000000       0.83620000000000005        4.8000000000000001E-002   7.4000000000000003E-003
   47.000000000000000        4.2614393667628706E-003   4.0000000000000002E-004  0.10860000000000000       0.83540000000000003        4.7600000000000003E-002   8.0000000000000002E-003
   48.000000000000000        1.8819869443917520E-002   4.0000000000000002E-004  0.10860000000000000       0.83540000000000003        4.7600000000000003E-002   8.0000000000000002E-003
   49.000000000000000        4.7740314791690198E-002   4.0000000000000002E-004  0.10860000000000000       0.83540000000000003        4.7600000000000003E-002   8.0000000000000002E-003
   50.000000000000000        7.1372929253467304E-002   4.0000000000000002E-004  0.10820000000000000       0.83540000000000003        4.7600000000000003E-002   8.3999999999999995E-003
   51.000000000000000        8.9891269208480701E-002   4.0000000000000002E-004  0.10800000000000000       0.83540000000000003        4.7600000000000003E-002   8.6000000000000000E-003
   52.000000000000000       0.10177765404606305        4.0000000000000002E-004  0.10800000000000000       0.83540000000000003        4.6800000000000001E-002   9.4000000000000004E-003
   53.000000000000000       0.10721622904881466        2.2800000000000001E-002   8.5199999999999998E-002  0.83540000000000003        4.7199999999999999E-002   9.4000000000000004E-003
   54.000000000000000       0.10721485162569945        2.2599999999999999E-002   8.4199999999999997E-002  0.83620000000000005        4.6199999999999998E-002   1.0800000000000001E-002
   55.000000000000000       0.10125014536183007        2.2599999999999999E-002   8.2199999999999995E-002  0.83819999999999995        4.6199999999999998E-002   1.0800000000000001E-002
   56.000000000000000        8.8000235440793786E-002   2.2599999999999999E-002   8.1799999999999998E-002  0.83860000000000001        4.5800000000000000E-002   1.1200000000000000E-002
   57.000000000000000        6.8270690272326684E-002   2.2599999999999999E-002   8.1799999999999998E-002  0.83860000000000001        4.5800000000000000E-002   1.1200000000000000E-002
   58.000000000000000        4.2498104556677400E-002   7.0999999999999994E-002   3.2599999999999997E-002  0.83899999999999997        4.5800000000000000E-002   1.1599999999999999E-002
   59.000000000000000        1.2903990503778903E-002   7.0400000000000004E-002   3.3200000000000000E-002  0.83899999999999997        4.5800000000000000E-002   1.1599999999999999E-002
   60.000000000000000       -1.9685500051585113E-002  0.10340000000000001        0.0000000000000000       0.83899999999999997        4.5800000000000000E-002   1.1800000000000000E-002
   61.000000000000000       -5.4591912938851801E-002  0.10280000000000000        9.4000000000000004E-003  0.83020000000000005        4.5800000000000000E-002   1.1800000000000000E-002
   62.000000000000000       -6.9579305923913787E-002   9.4600000000000004E-002   1.7600000000000001E-002  0.83020000000000005        4.5199999999999997E-002   1.2400000000000000E-002
   63.000000000000000       -5.3412934327897531E-002   9.4600000000000004E-002   1.6000000000000000E-002  0.83140000000000003        4.5400000000000003E-002   1.2600000000000000E-002
   64.000000000000000       -3.7610559856806322E-002   9.4799999999999995E-002   1.6600000000000000E-002  0.83060000000000000        4.4999999999999998E-002   1.2999999999999999E-002
   65.000000000000000       -1.6482490523965099E-002   8.1000000000000003E-002   2.9600000000000001E-002  0.83099999999999996        4.5400000000000003E-002   1.2999999999999999E-002
   66.000000000000000        5.9350522518007414E-003   8.0799999999999997E-002   2.9800000000000000E-002  0.83099999999999996        4.5400000000000003E-002   1.2999999999999999E-002
   67.000000000000000        2.8622455310909650E-002   7.7200000000000005E-002   3.2199999999999999E-002  0.83240000000000003        4.4999999999999998E-002   1.3200000000000000E-002
   68.000000000000000        5.2103815886936015E-002   7.6799999999999993E-002   3.2000000000000001E-002  0.82779999999999998        5.0200000000000002E-002   1.3200000000000000E-002
   69.000000000000000        7.5632803382117322E-002   7.2599999999999998E-002   3.3000000000000002E-002  0.82960000000000000        5.1200000000000002E-002   1.3599999999999999E-002
   70.000000000000000        9.7758232817867219E-002   7.2599999999999998E-002   3.3000000000000002E-002  0.82940000000000003        5.1200000000000002E-002   1.3800000000000000E-002
   71.000000000000000       0.11852417527900713        7.2400000000000006E-002   3.3200000000000000E-002  0.82940000000000003        5.0799999999999998E-002   1.4200000000000001E-002
   72.000000000000000       0.13933331862593601        7.0800000000000002E-002   3.3000000000000002E-002  0.82860000000000000        5.3199999999999997E-002   1.4400000000000000E-002
   73.000000000000000       0.15934006154739569        6.7000000000000004E-002   3.6400000000000002E-002  0.82899999999999996        5.2999999999999999E-002   1.4600000000000000E-002
   74.000000000000000       0.17820461147414091        6.5400000000000000E-002   3.7999999999999999E-002  0.82679999999999998        5.5000000000000000E-002   1.4800000000000001E-002
   75.000000000000000       0.19598406181331407        6.3200000000000006E-002   3.7600000000000001E-002  0.82940000000000003        5.5000000000000000E-002   1.4800000000000001E-002
   76.000000000000000       0.21194990270070793        6.3000000000000000E-002   3.7800000000000000E-002  0.82940000000000003        5.5000000000000000E-002   1.4800000000000001E-002
   77.000000000000000       0.22679946817889754        6.3000000000000000E-002   3.7199999999999997E-002  0.82999999999999996        5.5000000000000000E-002   1.4800000000000001E-002
   78.000000000000000       0.24156173624009980        6.0999999999999999E-002   3.4200000000000001E-002  0.83479999999999999        5.4600000000000003E-002   1.5400000000000000E-002
   79.000000000000000       0.25437605231957194        5.8599999999999999E-002   3.3399999999999999E-002  0.83760000000000001        5.4600000000000003E-002   1.5800000000000002E-002
   80.000000000000000       0.26530301434033987        5.8599999999999999E-002   3.3399999999999999E-002  0.83699999999999997        5.5000000000000000E-002   1.6000000000000000E-002
   81.000000000000000       0.27458675425243961        5.8599999999999999E-002   3.2599999999999997E-002  0.83679999999999999        5.6000000000000001E-002   1.6000000000000000E-002
   82.000000000000000       0.28206172860431139        5.8400000000000001E-002   3.1600000000000003E-002  0.83760000000000001        5.6399999999999999E-002   1.6000000000000000E-002
   83.000000000000000       0.28817662137003802        5.8200000000000002E-002   3.1399999999999997E-002  0.83840000000000003        5.5800000000000002E-002   1.6199999999999999E-002
   84.000000000000000       0.29286778439907302        5.7400000000000000E-002   3.1399999999999997E-002  0.83579999999999999        5.8999999999999997E-002   1.6400000000000001E-002
   85.000000000000000       0.29556855879984090        5.7400000000000000E-002   3.1399999999999997E-002  0.83440000000000003        6.0400000000000002E-002   1.6400000000000001E-002
   86.000000000000000       0.29682646825188908        5.7400000000000000E-002   3.1399999999999997E-002  0.82979999999999998        6.5000000000000002E-002   1.6400000000000001E-002
   87.000000000000000       0.29504584038006593        5.7400000000000000E-002   3.1399999999999997E-002  0.82720000000000005        6.7599999999999993E-002   1.6400000000000001E-002
   88.000000000000000       0.29101568322749560        5.7400000000000000E-002   3.1000000000000000E-002  0.82560000000000000        6.9599999999999995E-002   1.6400000000000001E-002
   89.000000000000000       0.28435812137155470        5.6800000000000003E-002   2.9800000000000000E-002  0.82760000000000000        6.9400000000000003E-002   1.6400000000000001E-002
   90.000000000000000       0.27558533692892090        5.6399999999999999E-002   2.8799999999999999E-002  0.82899999999999996        6.9400000000000003E-002   1.6400000000000001E-002
   91.000000000000000       0.26573637592749322        5.5399999999999998E-002   2.6800000000000001E-002  0.83060000000000000        6.9400000000000003E-002   1.7800000000000000E-002
   92.000000000000000       0.25385255731236389        5.3400000000000003E-002   2.7799999999999998E-002  0.82899999999999996        6.9800000000000001E-002   2.0000000000000000E-002
   93.000000000000000       0.23923443207155010        5.0999999999999997E-002   2.8799999999999999E-002  0.82979999999999998        7.0199999999999999E-002   2.0199999999999999E-002
   94.000000000000000       0.22404644802150422        4.4999999999999998E-002   3.2800000000000003E-002  0.83160000000000001        7.0400000000000004E-002   2.0199999999999999E-002
   95.000000000000000       0.20617702467881494        4.4400000000000002E-002   3.2599999999999997E-002  0.83240000000000003        7.0599999999999996E-002   2.0000000000000000E-002
   96.000000000000000       0.18888514025271352        4.0000000000000001E-002   3.6999999999999998E-002  0.82699999999999996        7.5800000000000006E-002   2.0199999999999999E-002
   97.000000000000000       0.16918314104765869        3.7600000000000001E-002   3.8800000000000001E-002  0.82760000000000000        7.5999999999999998E-002   2.0000000000000000E-002
   98.000000000000000       0.15037253052605906        3.2399999999999998E-002   3.6999999999999998E-002  0.83420000000000005        7.7399999999999997E-002   1.9000000000000000E-002
   99.000000000000000       0.13942039166340822        3.2399999999999998E-002   5.2600000000000001E-002  0.81859999999999999        7.7600000000000002E-002   1.8800000000000001E-002
   100.00000000000000       0.13810441317570968        2.8400000000000002E-002   5.5000000000000000E-002  0.81920000000000004        7.8399999999999997E-002   1.9000000000000000E-002
   101.00000000000000       0.13837038361623791        2.3599999999999999E-002   5.3400000000000003E-002  0.82520000000000004        7.5600000000000001E-002   2.2200000000000001E-002
   102.00000000000000       0.13781167327144980        1.7600000000000001E-002   5.9200000000000003E-002  0.82120000000000004        7.9799999999999996E-002   2.2200000000000001E-002
   103.00000000000000       0.13466255987083400        1.7600000000000001E-002   5.9200000000000003E-002  0.81359999999999999        9.0399999999999994E-002   1.9199999999999998E-002
   104.00000000000000       0.12690371547338022        1.9400000000000001E-002   5.6000000000000001E-002  0.81499999999999995        8.3000000000000004E-002   2.6599999999999999E-002
   105.00000000000000       0.11810603583696173        1.6000000000000000E-002   5.8799999999999998E-002  0.80600000000000005        8.0000000000000002E-002   3.9199999999999999E-002
   106.00000000000000       0.10466906598648629        1.6000000000000000E-002   5.8200000000000002E-002  0.80200000000000005        8.4599999999999995E-002   3.9199999999999999E-002
   107.00000000000000        8.9119571559528737E-002   1.6000000000000000E-002   5.4399999999999997E-002  0.80300000000000005        8.7400000000000005E-002   3.9199999999999999E-002
   108.00000000000000        7.1462641034300778E-002   5.7000000000000002E-002   1.3400000000000000E-002  0.80200000000000005        8.7800000000000003E-002   3.9800000000000002E-002
   109.00000000000000        5.5774293805841368E-002   5.6800000000000003E-002   1.3400000000000000E-002  0.80140000000000000        8.7800000000000003E-002   4.0599999999999997E-002
   110.00000000000000        4.0167477505019325E-002   5.6200000000000000E-002   0.0000000000000000       0.81520000000000004        8.7800000000000003E-002   4.0800000000000003E-002
   111.00000000000000        2.7491168533592680E-002   5.3600000000000002E-002   2.2000000000000001E-003  0.81520000000000004        8.8200000000000001E-002   4.0800000000000003E-002
   112.00000000000000        6.2292111302210282E-002   5.3600000000000002E-002   2.2000000000000001E-003  0.81520000000000004        8.8200000000000001E-002   4.0800000000000003E-002
   113.00000000000000        9.5274051660594550E-002   5.1200000000000002E-002   4.4000000000000003E-003  0.81520000000000004        8.8400000000000006E-002   4.0800000000000003E-002
   114.00000000000000       0.12510234747438137        5.0000000000000003E-002   5.5999999999999999E-003  0.81520000000000004        8.7999999999999995E-002   4.1200000000000001E-002
   115.00000000000000       0.14956222577992706        4.9799999999999997E-002   5.5999999999999999E-003  0.81520000000000004        8.8200000000000001E-002   4.1200000000000001E-002
   116.00000000000000       0.17040236965885797        4.8800000000000003E-002   6.6000000000000000E-003  0.81520000000000004        8.8200000000000001E-002   4.1200000000000001E-002
   117.00000000000000       0.18444444888877881        4.8800000000000003E-002   6.6000000000000000E-003  0.81520000000000004        8.7800000000000003E-002   4.1599999999999998E-002
   118.00000000000000       0.19243814297166373        4.8800000000000003E-002   6.6000000000000000E-003  0.81520000000000004        8.7200000000000000E-002   4.2200000000000001E-002
   119.00000000000000       0.19347167791586778        4.8800000000000003E-002   6.6000000000000000E-003  0.81520000000000004        8.7200000000000000E-002   4.2200000000000001E-002
   120.00000000000000       0.18598078199179088        4.8800000000000003E-002   6.6000000000000000E-003  0.81520000000000004        8.7200000000000000E-002   4.2200000000000001E-002
   121.00000000000000       0.17227096926444865        4.8800000000000003E-002   6.6000000000000000E-003  0.81520000000000004        8.7200000000000000E-002   4.2200000000000001E-002
   122.00000000000000       0.15218030095364579        4.8399999999999999E-002   7.0000000000000001E-003  0.81520000000000004        8.6599999999999996E-002   4.2799999999999998E-002
   123.00000000000000       0.12649663637261133        4.8399999999999999E-002   7.0000000000000001E-003  0.81520000000000004        8.6599999999999996E-002   4.2799999999999998E-002
   124.00000000000000        9.5514823709449623E-002   4.8200000000000000E-002   6.7999999999999996E-003  0.81520000000000004        8.6999999999999994E-002   4.2799999999999998E-002
   125.00000000000000        6.0436622732190970E-002   4.8200000000000000E-002   0.0000000000000000       0.82099999999999995        8.6999999999999994E-002   4.3799999999999999E-002
   126.00000000000000        5.4975617961915413E-002   4.8200000000000000E-002   0.0000000000000000       0.81879999999999997        8.9200000000000002E-002   4.3799999999999999E-002
   127.00000000000000        6.2375883036819277E-002   4.8200000000000000E-002   0.0000000000000000       0.81879999999999997        8.9200000000000002E-002   4.3799999999999999E-002
   128.00000000000000        6.8699843910468794E-002   4.8200000000000000E-002   0.0000000000000000       0.81879999999999997        8.8400000000000006E-002   4.4600000000000001E-002
   129.00000000000000        7.2337389915432260E-002   4.8200000000000000E-002   0.0000000000000000       0.81299999999999994        9.4399999999999998E-002   4.4400000000000002E-002
   130.00000000000000        7.5290715599406921E-002   4.7399999999999998E-002   1.1999999999999999E-003  0.81220000000000003        9.4799999999999995E-002   4.4400000000000002E-002
   131.00000000000000        8.2832479338372456E-002   4.7399999999999998E-002   2.0000000000000000E-003  0.81140000000000001        9.5000000000000001E-002   4.4200000000000003E-002
   132.00000000000000       0.10016865529661234        4.7399999999999998E-002   0.0000000000000000       0.81279999999999997        9.2399999999999996E-002   4.7399999999999998E-002
   133.00000000000000       0.13469410020641273        4.7000000000000000E-002   0.0000000000000000       0.81279999999999997        8.9599999999999999E-002   5.0599999999999999E-002
   134.00000000000000       0.18083578686453183        4.5600000000000002E-002   0.0000000000000000       0.79239999999999999       0.11140000000000000        5.0599999999999999E-002
   135.00000000000000       0.21484636225982168        4.5400000000000003E-002   2.0000000000000001E-004  0.72880000000000000       0.17480000000000001        5.0799999999999998E-002
   136.00000000000000       0.24273135864506795        4.0800000000000003E-002   3.3999999999999998E-003  0.72580000000000000       0.17240000000000000        5.7599999999999998E-002
   137.00000000000000       0.28181735227400839        3.2800000000000003E-002   1.1400000000000000E-002  0.71940000000000004       0.13980000000000001        9.6600000000000005E-002
   138.00000000000000       0.44642458483283615        3.0200000000000001E-002   1.4000000000000000E-002  0.71940000000000004       0.13980000000000001        9.6600000000000005E-002
   139.00000000000000       0.54851193053414982        0.0000000000000000        4.5199999999999997E-002  0.38600000000000001       0.44280000000000003       0.12600000000000000     
   140.00000000000000       0.35766575873363765        0.0000000000000000        4.3600000000000000E-002  0.38579999999999998       0.44460000000000000       0.12600000000000000     
   141.00000000000000       0.45337704678856594        0.0000000000000000        4.3600000000000000E-002  0.38560000000000000       0.44460000000000000       0.12620000000000001     
   142.00000000000000        4.8590757649118216E-002   0.0000000000000000        4.3600000000000000E-002  0.38560000000000000       0.44519999999999998       0.12559999999999999     
   143.00000000000000       0.37959317016833022        0.0000000000000000        4.2799999999999998E-002  0.38460000000000000       0.44419999999999998       0.12839999999999999     
   144.00000000000000       0.41353179175249766        0.0000000000000000        1.5800000000000002E-002  0.36020000000000002       0.47420000000000001       0.14979999999999999     
   145.00000000000000       0.70757351383809286        0.0000000000000000        1.6000000000000000E-002  0.35999999999999999       0.47420000000000001       0.14979999999999999     
   146.00000000000000       0.72537053262191231        0.0000000000000000        1.6000000000000000E-002  0.35840000000000000       0.47320000000000001       0.15240000000000001     
   147.00000000000000       0.75520289558172293        0.0000000000000000        1.5599999999999999E-002  0.35759999999999997       0.47360000000000002       0.15320000000000000     
   148.00000000000000       0.76846978493627482        0.0000000000000000        1.4999999999999999E-002  0.35799999999999998       0.47360000000000002       0.15340000000000001     
   149.00000000000000       0.75999244753692508        0.0000000000000000        1.4999999999999999E-002  0.35799999999999998       0.47360000000000002       0.15340000000000001     
   150.00000000000000       0.76451276164172421        0.0000000000000000        1.4999999999999999E-002  0.35799999999999998       0.45939999999999998       0.16760000000000000     
   151.00000000000000       0.75564222972731132        0.0000000000000000        1.4400000000000000E-002  0.35239999999999999       0.46439999999999998       0.16880000000000001     
   152.00000000000000       0.76183481489964344        0.0000000000000000        1.4400000000000000E-002  0.35239999999999999       0.46439999999999998       0.16880000000000001     
   153.00000000000000       0.75312272032660754        0.0000000000000000        1.3599999999999999E-002  0.34760000000000002       0.46939999999999998       0.16940000000000000     
   154.00000000000000       0.74290961008924095        0.0000000000000000        1.2600000000000000E-002  0.34839999999999999       0.46939999999999998       0.16960000000000000     
   155.00000000000000       0.72331082272396319        0.0000000000000000        1.2600000000000000E-002  0.34839999999999999       0.46920000000000001       0.16980000000000001     
   156.00000000000000       0.70731002413491328        0.0000000000000000        1.2600000000000000E-002  0.34839999999999999       0.46920000000000001       0.16980000000000001     
   157.00000000000000       0.74584178402698353        0.0000000000000000        1.2000000000000000E-002  0.33879999999999999       0.47899999999999998       0.17019999999999999     
   158.00000000000000       0.68248920076243991        0.0000000000000000        1.2000000000000000E-002  0.33879999999999999       0.47899999999999998       0.17019999999999999     
   159.00000000000000       0.66286025527598647        0.0000000000000000        1.0600000000000000E-002  0.15120000000000000       0.66420000000000001       0.17399999999999999     
   160.00000000000000       0.53408127075969003        2.0000000000000001E-004   1.0400000000000000E-002   9.5600000000000004E-002  0.56100000000000005       0.33279999999999998     
   161.00000000000000       0.68506345814514014        2.0000000000000001E-004   9.4000000000000004E-003   9.7600000000000006E-002  0.55979999999999996       0.33300000000000002     
   162.00000000000000       0.78686047035549422        0.0000000000000000        8.9999999999999993E-003   9.1600000000000001E-002  0.56640000000000001       0.33300000000000002     
   163.00000000000000       0.64828341405130174        0.0000000000000000        8.9999999999999993E-003   8.7400000000000005E-002  0.56879999999999997       0.33479999999999999     
   164.00000000000000       0.61861859111287987        0.0000000000000000        8.9999999999999993E-003   2.8000000000000000E-003  0.65339999999999998       0.33479999999999999     
   165.00000000000000       0.68515192181283902        0.0000000000000000        8.9999999999999993E-003   4.0000000000000001E-003  0.60080000000000000       0.38619999999999999     
   166.00000000000000       0.60126529803960660        0.0000000000000000        8.9999999999999993E-003   1.2000000000000000E-002  0.58840000000000003       0.39060000000000000     
   167.00000000000000       0.58887145691984799        0.0000000000000000        8.9999999999999993E-003   1.0600000000000000E-002  0.58979999999999999       0.39060000000000000     
   168.00000000000000       0.57654091951584308        0.0000000000000000        8.8000000000000005E-003   1.4600000000000000E-002  0.58579999999999999       0.39079999999999998     
   169.00000000000000       0.23967444985204664        0.0000000000000000        8.8000000000000005E-003   1.4400000000000000E-002  0.58579999999999999       0.39100000000000001     
   170.00000000000000       0.21446123872577352        0.0000000000000000        8.8000000000000005E-003   1.4400000000000000E-002  0.58579999999999999       0.39100000000000001     
   171.00000000000000       0.19188446520449143        2.0000000000000001E-004   8.0000000000000002E-003   1.4999999999999999E-002  0.58599999999999997       0.39079999999999998     
   172.00000000000000       0.17229740073729077        2.0000000000000001E-004   7.7999999999999996E-003   1.5200000000000000E-002  0.58599999999999997       0.39079999999999998     
   173.00000000000000       0.15564439677561082        2.0000000000000001E-004   7.7999999999999996E-003   1.4200000000000001E-002  0.58720000000000006       0.39060000000000000     
   174.00000000000000       0.14284054684636324        0.0000000000000000        8.0000000000000002E-003   1.2200000000000001E-002  0.58860000000000001       0.39119999999999999     
   175.00000000000000       0.13283835145176703        0.0000000000000000        8.0000000000000002E-003   1.2200000000000001E-002  0.58860000000000001       0.39119999999999999     
   176.00000000000000       0.12616443288340562        0.0000000000000000        8.0000000000000002E-003   1.2200000000000001E-002  0.58819999999999995       0.39160000000000000     
   177.00000000000000       0.12323315251430050        0.0000000000000000        7.7999999999999996E-003   1.1200000000000000E-002  0.58940000000000003       0.39160000000000000     
   178.00000000000000       0.12361529641675315        8.0000000000000004E-004   7.0000000000000001E-003   1.0200000000000001E-002  0.58979999999999999       0.39219999999999999     
   179.00000000000000       0.12648872850572690        8.0000000000000004E-004   7.0000000000000001E-003   9.4000000000000004E-003  0.58960000000000001       0.39319999999999999     
   180.00000000000000       0.13178907836224768        8.0000000000000004E-004   7.0000000000000001E-003   9.4000000000000004E-003  0.58960000000000001       0.39319999999999999     
   181.00000000000000       0.13837631856070701        8.0000000000000004E-004   7.0000000000000001E-003   9.4000000000000004E-003  0.58960000000000001       0.39319999999999999     
   182.00000000000000       0.14870161387678674        8.0000000000000004E-004   7.0000000000000001E-003   9.4000000000000004E-003  0.58819999999999995       0.39460000000000001     
   183.00000000000000       0.15942894673710609        8.0000000000000004E-004   7.0000000000000001E-003   9.4000000000000004E-003  0.58819999999999995       0.39460000000000001     
   184.00000000000000       0.17128366086591623        8.0000000000000004E-004   7.0000000000000001E-003   9.4000000000000004E-003  0.58819999999999995       0.39460000000000001     
   185.00000000000000       0.18167164306019118        8.0000000000000004E-004   7.0000000000000001E-003   9.4000000000000004E-003  0.58699999999999997       0.39579999999999999     
   186.00000000000000       0.19976750224944689        8.0000000000000004E-004   7.0000000000000001E-003   9.1999999999999998E-003  0.58560000000000001       0.39739999999999998     
   187.00000000000000       0.21296317799524592        8.0000000000000004E-004   7.0000000000000001E-003   9.1999999999999998E-003  0.58460000000000001       0.39839999999999998     
   188.00000000000000       0.22522749866685224        8.0000000000000004E-004   7.0000000000000001E-003   9.1999999999999998E-003  0.58460000000000001       0.39839999999999998     
   189.00000000000000       0.24189647168456080        8.0000000000000004E-004   7.0000000000000001E-003   9.1999999999999998E-003  0.58460000000000001       0.39839999999999998     
   190.00000000000000       0.25632972343500271        8.0000000000000004E-004   7.0000000000000001E-003   9.1999999999999998E-003  0.58460000000000001       0.39839999999999998     
   191.00000000000000       0.26898221202749018        8.0000000000000004E-004   7.0000000000000001E-003   9.1999999999999998E-003  0.58460000000000001       0.39839999999999998     
   192.00000000000000       0.28321167890551585        8.0000000000000004E-004   7.0000000000000001E-003   7.6000000000000000E-003  0.58620000000000005       0.39839999999999998     
   193.00000000000000       0.29188333240133413        8.0000000000000004E-004   7.0000000000000001E-003   7.6000000000000000E-003  0.58620000000000005       0.39839999999999998     
   194.00000000000000       0.30073925312630917        4.0000000000000002E-004   7.1999999999999998E-003   7.6000000000000000E-003  0.58640000000000003       0.39839999999999998     
   195.00000000000000       0.30507028534872110        4.0000000000000002E-004   7.1999999999999998E-003   7.6000000000000000E-003  0.58640000000000003       0.39839999999999998     
   196.00000000000000       0.31805203494823553        4.0000000000000002E-004   7.0000000000000001E-003   8.0000000000000002E-003  0.58620000000000005       0.39839999999999998     
   197.00000000000000       0.32474144692992274        4.0000000000000002E-004   7.0000000000000001E-003   8.3999999999999995E-003  0.58579999999999999       0.39839999999999998     
   198.00000000000000       0.33084171935088591        4.0000000000000002E-004   7.0000000000000001E-003   8.9999999999999993E-003  0.58520000000000005       0.39839999999999998     
   199.00000000000000       0.33686403868424214        4.0000000000000002E-004   7.0000000000000001E-003   6.4000000000000003E-003  0.58779999999999999       0.39839999999999998     
   200.00000000000000       0.34290107480758819        4.0000000000000002E-004   7.0000000000000001E-003   7.0000000000000001E-003  0.58679999999999999       0.39879999999999999     
   201.00000000000000       0.35060405238915454        4.0000000000000002E-004   7.0000000000000001E-003   7.0000000000000001E-003  0.58599999999999997       0.39960000000000001     
   202.00000000000000       0.35872594026718874        4.0000000000000002E-004   6.7999999999999996E-003   7.0000000000000001E-003  0.58620000000000005       0.39960000000000001     
   203.00000000000000       0.36775219357278988        4.0000000000000002E-004   6.7999999999999996E-003   7.0000000000000001E-003  0.58620000000000005       0.39960000000000001     
   204.00000000000000       0.37745961436554010        4.0000000000000002E-004   6.7999999999999996E-003   7.0000000000000001E-003  0.58620000000000005       0.39960000000000001     
   205.00000000000000       0.38810073371139903        4.0000000000000002E-004   6.7999999999999996E-003   7.0000000000000001E-003  0.58620000000000005       0.39960000000000001     
   206.00000000000000       0.39855322335430104        4.0000000000000002E-004   6.7999999999999996E-003   7.0000000000000001E-003  0.58560000000000001       0.40020000000000000     
   207.00000000000000       0.41059189035908178        0.0000000000000000        7.1999999999999998E-003   7.0000000000000001E-003  0.58560000000000001       0.40020000000000000     
   208.00000000000000       0.42119543492766609        0.0000000000000000        7.1999999999999998E-003   7.0000000000000001E-003  0.58679999999999999       0.39900000000000002     
   209.00000000000000       0.43095063083988805        0.0000000000000000        7.1999999999999998E-003   6.7999999999999996E-003  0.58599999999999997       0.40000000000000002     
   210.00000000000000       0.43982964684101611        0.0000000000000000        7.1999999999999998E-003   6.7999999999999996E-003  0.58640000000000003       0.39960000000000001     
   211.00000000000000       0.44669355773331987        0.0000000000000000        7.1999999999999998E-003   6.7999999999999996E-003  0.58720000000000006       0.39879999999999999     
   212.00000000000000       0.45086461979757420        0.0000000000000000        7.1999999999999998E-003   6.7999999999999996E-003  0.58640000000000003       0.39960000000000001     
   213.00000000000000       0.45261386089147376        0.0000000000000000        7.7999999999999996E-003   6.1999999999999998E-003  0.58579999999999999       0.40020000000000000     
   214.00000000000000       0.45150354385419161        0.0000000000000000        7.7999999999999996E-003   6.1999999999999998E-003  0.58579999999999999       0.40020000000000000     
   215.00000000000000       0.48822371407605414        0.0000000000000000        8.0000000000000002E-003   0.0000000000000000       0.45340000000000003       0.53859999999999997     
   216.00000000000000       0.93045454635760494        0.0000000000000000        6.7999999999999996E-003   4.0000000000000002E-004  0.45400000000000001       0.53879999999999995     
