#        BMIN =   404
#        BMAX =   408
#     INIBAND =   406
#      NBANDS =   540
#         NSW =  2000
#       POTIM =   1.0
#        TEMP = 300.0
#    NAMDTINI =   839
#    NAMDTIME =  1000
#       NTRAJ =  5000
#        NELM =  1000
#       LHOLE =     T
#        LSHP =     T
#      LCPTXT =     T
#      RUNDIR = ../../run/
   1.0000000000000000       -3.0143694035490005E-002   0.0000000000000000        0.0000000000000000        1.0000000000000000        0.0000000000000000        0.0000000000000000     
   2.0000000000000000        2.6761331582329092E-003   0.0000000000000000        0.0000000000000000        1.0000000000000000        0.0000000000000000        0.0000000000000000     
   3.0000000000000000        2.5591232305721259E-002   0.0000000000000000        0.0000000000000000       0.99980000000000002        2.0000000000000001E-004   0.0000000000000000     
   4.0000000000000000        1.7690612354660136E-002   0.0000000000000000        0.0000000000000000       0.99939999999999996        2.0000000000000001E-004   4.0000000000000002E-004
   5.0000000000000000        7.6188179273547710E-003   0.0000000000000000        0.0000000000000000       0.99900000000000000        2.0000000000000001E-004   8.0000000000000004E-004
   6.0000000000000000       -1.0221085194548455E-003   0.0000000000000000        0.0000000000000000       0.99900000000000000        2.0000000000000001E-004   8.0000000000000004E-004
   7.0000000000000000       -7.1895068036798727E-003   0.0000000000000000        0.0000000000000000       0.99880000000000002        2.0000000000000001E-004   1.0000000000000000E-003
   8.0000000000000000       -1.1292630650795669E-002   0.0000000000000000        0.0000000000000000       0.99860000000000004        2.0000000000000001E-004   1.1999999999999999E-003
   9.0000000000000000       -1.3037596061963353E-002   0.0000000000000000        0.0000000000000000       0.99860000000000004        2.0000000000000001E-004   1.1999999999999999E-003
   10.000000000000000       -1.1615486789827573E-002   0.0000000000000000        0.0000000000000000       0.99839999999999995        2.0000000000000001E-004   1.4000000000000000E-003
   11.000000000000000       -7.6496390435773984E-003   0.0000000000000000        0.0000000000000000       0.98140000000000005        1.7200000000000000E-002   1.4000000000000000E-003
   12.000000000000000       -3.5549062076691798E-002   0.0000000000000000        0.0000000000000000       0.98140000000000005        1.7200000000000000E-002   1.4000000000000000E-003
   13.000000000000000       -7.0414551137016584E-002   0.0000000000000000        0.0000000000000000       0.98140000000000005        1.7399999999999999E-002   1.1999999999999999E-003
   14.000000000000000      -0.10817373050787954        0.0000000000000000        0.0000000000000000       0.98140000000000005        1.7200000000000000E-002   1.4000000000000000E-003
   15.000000000000000      -0.14794379089240955        0.0000000000000000        0.0000000000000000       0.98140000000000005        1.7200000000000000E-002   1.4000000000000000E-003
   16.000000000000000      -0.18758541824760805        0.0000000000000000        0.0000000000000000       0.98140000000000005        1.8200000000000001E-002   4.0000000000000002E-004
   17.000000000000000      -0.22911291375602971        0.0000000000000000       0.67059999999999997       0.30940000000000001        1.8200000000000001E-002   1.8000000000000000E-003
   18.000000000000000      -0.25287983018129540        2.5999999999999999E-003  0.63100000000000001       0.34639999999999999        1.7999999999999999E-002   2.0000000000000000E-003
   19.000000000000000      -0.25215177682915701        2.5999999999999999E-003  0.57179999999999997       0.40500000000000003        1.8200000000000001E-002   2.3999999999999998E-003
   20.000000000000000      -0.23804004701630171        3.0000000000000001E-003  0.57860000000000000       0.39700000000000002        1.8800000000000001E-002   2.5999999999999999E-003
   21.000000000000000      -0.22337396509424981        1.4000000000000000E-003  0.83320000000000005       0.14399999999999999        1.8800000000000001E-002   2.5999999999999999E-003
   22.000000000000000      -0.20896824079286311        5.9999999999999995E-004  0.84099999999999997       0.13660000000000000        1.8800000000000001E-002   3.0000000000000001E-003
   23.000000000000000      -0.19424188007756707        5.9999999999999995E-004  0.84219999999999995       0.13539999999999999        1.8599999999999998E-002   3.2000000000000002E-003
   24.000000000000000      -0.17831027759792320        5.9999999999999995E-004  0.84079999999999999       0.13680000000000000        1.8400000000000000E-002   3.3999999999999998E-003
   25.000000000000000      -0.16040046383935611        5.9999999999999995E-004  0.83960000000000001       0.13560000000000000        2.0799999999999999E-002   3.3999999999999998E-003
   26.000000000000000      -0.14210334739600455        5.9999999999999995E-004  0.82999999999999996       0.14520000000000000        2.0799999999999999E-002   3.3999999999999998E-003
   27.000000000000000      -0.12263531836268932        5.9999999999999995E-004  0.82399999999999995       0.14840000000000000        2.2599999999999999E-002   4.4000000000000003E-003
   28.000000000000000      -0.10405681671033135        5.9999999999999995E-004  0.82240000000000002       0.14979999999999999        2.2400000000000000E-002   4.7999999999999996E-003
   29.000000000000000       -8.5336949354485769E-002   5.9999999999999995E-004  0.81940000000000002       0.15200000000000000        2.3199999999999998E-002   4.7999999999999996E-003
   30.000000000000000       -6.7408930369341369E-002   5.9999999999999995E-004  0.81960000000000000       0.15179999999999999        2.3199999999999998E-002   4.7999999999999996E-003
   31.000000000000000       -4.9849149497137889E-002   5.9999999999999995E-004  0.81579999999999997       0.15500000000000000        2.3800000000000002E-002   4.7999999999999996E-003
   32.000000000000000       -3.3803057274590834E-002   1.4200000000000001E-002  0.80200000000000005       0.15279999999999999        2.5800000000000000E-002   5.1999999999999998E-003
   33.000000000000000        5.9763285298503506E-003   1.4000000000000000E-002  0.80200000000000005       0.15279999999999999        2.5999999999999999E-002   5.1999999999999998E-003
   34.000000000000000        6.2800548443887952E-002   9.4000000000000004E-003  0.43300000000000000       0.52539999999999998        2.6800000000000001E-002   5.4000000000000003E-003
   35.000000000000000        9.1492921663773194E-002   9.4000000000000004E-003  0.43140000000000001       0.52620000000000000        2.7600000000000000E-002   5.4000000000000003E-003
   36.000000000000000       0.11949939133398599        9.4000000000000004E-003  0.43140000000000001       0.52620000000000000        2.7600000000000000E-002   5.4000000000000003E-003
   37.000000000000000       0.14460259993594635        9.4000000000000004E-003  0.42540000000000000       0.52620000000000000        3.3399999999999999E-002   5.5999999999999999E-003
   38.000000000000000       0.16435547231400199        9.5999999999999992E-003  0.42459999999999998       0.52620000000000000        3.3399999999999999E-002   6.1999999999999998E-003
   39.000000000000000       0.17954370722094362        9.5999999999999992E-003  0.42459999999999998       0.52620000000000000        3.3399999999999999E-002   6.1999999999999998E-003
   40.000000000000000       0.19016121272811956        8.3999999999999995E-003  0.42559999999999998       0.52620000000000000        3.3399999999999999E-002   6.4000000000000003E-003
   41.000000000000000       0.19654909389943559        8.3999999999999995E-003  0.42399999999999999       0.52620000000000000        3.4799999999999998E-002   6.6000000000000000E-003
   42.000000000000000       0.19804325306203718        8.6000000000000000E-003  0.42380000000000001       0.52620000000000000        3.4000000000000002E-002   7.4000000000000003E-003
   43.000000000000000       0.19516634310751063        9.4000000000000004E-003  0.42299999999999999       0.52620000000000000        3.4000000000000002E-002   7.4000000000000003E-003
   44.000000000000000       0.18712694989350667        9.1999999999999998E-003  0.46539999999999998       0.48399999999999999        3.4000000000000002E-002   7.4000000000000003E-003
   45.000000000000000       0.17882821623963513        8.3999999999999995E-003  0.46539999999999998       0.48399999999999999        3.4000000000000002E-002   8.2000000000000007E-003
   46.000000000000000       0.16922346841444433        9.5999999999999992E-003  0.45579999999999998       0.48959999999999998        3.5200000000000002E-002   9.7999999999999997E-003
   47.000000000000000       0.16889572108152834        9.5999999999999992E-003  0.45619999999999999       0.48859999999999998        3.5799999999999998E-002   9.7999999999999997E-003
   48.000000000000000       0.17926393305454669        9.5999999999999992E-003  0.45639999999999997       0.48820000000000002        3.5799999999999998E-002   1.0000000000000000E-002
   49.000000000000000       0.19135614620653288        8.0000000000000002E-003  0.45179999999999998       0.49440000000000001        3.5799999999999998E-002   1.0000000000000000E-002
   50.000000000000000       0.20416102208689940        7.6000000000000000E-003  0.45219999999999999       0.49440000000000001        3.5600000000000000E-002   1.0200000000000001E-002
   51.000000000000000       0.21728306993201355        4.0000000000000001E-003  0.44879999999999998       0.50139999999999996        3.5600000000000000E-002   1.0200000000000001E-002
   52.000000000000000       0.23218756327469958        3.8000000000000000E-003  0.43880000000000002       0.50860000000000005        3.8399999999999997E-002   1.0400000000000000E-002
   53.000000000000000       0.25406949580291821        3.8000000000000000E-003  0.43419999999999997       0.51080000000000003        4.0800000000000003E-002   1.0400000000000000E-002
   54.000000000000000       0.25638798821265996        3.8000000000000000E-003  0.43440000000000001       0.51060000000000005        4.0800000000000003E-002   1.0400000000000000E-002
   55.000000000000000       0.28538082166929474        3.8000000000000000E-003  0.43459999999999999       0.50880000000000003        4.2400000000000000E-002   1.0400000000000000E-002
   56.000000000000000       0.28166000511796763        3.8000000000000000E-003  0.43459999999999999       0.50880000000000003        4.2400000000000000E-002   1.0400000000000000E-002
   57.000000000000000       0.29948053545906950        3.5999999999999999E-003  0.43380000000000002       0.50900000000000001        4.3200000000000002E-002   1.0400000000000000E-002
   58.000000000000000       0.32312046967654906        3.5999999999999999E-003  0.44400000000000001       0.49880000000000002        4.3200000000000002E-002   1.0400000000000000E-002
   59.000000000000000       0.34049351630085073        3.5999999999999999E-003  0.43700000000000000       0.50500000000000000        4.3999999999999997E-002   1.0400000000000000E-002
   60.000000000000000       0.25450125185000294        3.0000000000000001E-003  0.41439999999999999       0.52620000000000000        4.5600000000000002E-002   1.0800000000000001E-002
   61.000000000000000       0.34627165563890444        3.0000000000000001E-003  0.41439999999999999       0.52459999999999996        4.6600000000000003E-002   1.1400000000000000E-002
   62.000000000000000       0.16001781426578804        2.2000000000000001E-003  0.40699999999999997       0.53259999999999996        4.6600000000000003E-002   1.1599999999999999E-002
   63.000000000000000       0.38228833176293836        1.6000000000000001E-003  0.40760000000000002       0.53159999999999996        4.7600000000000003E-002   1.1599999999999999E-002
   64.000000000000000       0.38886351372604772        5.9999999999999995E-004  0.40880000000000000       0.53120000000000001        4.7600000000000003E-002   1.1800000000000000E-002
   65.000000000000000       0.37666930042720947        5.9999999999999995E-004  0.40420000000000000       0.53539999999999999        4.8000000000000001E-002   1.1800000000000000E-002
   66.000000000000000       0.35703077080602241        5.9999999999999995E-004  0.39639999999999997       0.54179999999999995        4.8399999999999999E-002   1.2800000000000001E-002
   67.000000000000000       0.46454534973856748        2.0000000000000001E-004  0.39679999999999999       0.54179999999999995        4.8399999999999999E-002   1.2800000000000001E-002
   68.000000000000000       0.36836810258157915        2.0000000000000001E-004  0.39319999999999999       0.54540000000000000        4.8399999999999999E-002   1.2800000000000001E-002
   69.000000000000000       0.36145226440932682        2.0000000000000001E-004  0.39260000000000000       0.54540000000000000        4.9000000000000002E-002   1.2800000000000001E-002
   70.000000000000000       0.33398177380624738        8.0000000000000004E-004  0.39200000000000002       0.54379999999999995        5.0200000000000002E-002   1.3200000000000000E-002
   71.000000000000000       0.20010841941246713        8.0000000000000004E-004  0.39179999999999998       0.54400000000000004        2.1999999999999999E-002   4.1399999999999999E-002
   72.000000000000000       0.47597521368261120        8.0000000000000004E-004  0.39100000000000001       0.53000000000000003        3.4799999999999998E-002   4.3400000000000001E-002
   73.000000000000000       0.48727570340253862        8.0000000000000004E-004  0.38500000000000001       0.53339999999999999        3.4799999999999998E-002   4.5999999999999999E-002
   74.000000000000000       0.47209902294843048        8.0000000000000004E-004  0.38400000000000001       0.53139999999999998        3.4599999999999999E-002   4.9200000000000001E-002
   75.000000000000000       0.46576167227056159        1.6000000000000001E-003  0.34339999999999998       0.56940000000000002        3.6400000000000002E-002   4.9200000000000001E-002
   76.000000000000000       0.28858354505697759        1.6000000000000001E-003  0.34379999999999999       0.56859999999999999        3.6400000000000002E-002   4.9599999999999998E-002
   77.000000000000000       0.27227081627607846        1.1999999999999999E-003  0.33400000000000002       0.57620000000000005        3.6600000000000001E-002   5.1999999999999998E-002
   78.000000000000000       0.25278520908168745        1.1999999999999999E-003  0.33420000000000000       0.57599999999999996        3.6600000000000001E-002   5.1999999999999998E-002
   79.000000000000000       0.23339128879666490        1.1999999999999999E-003  0.33279999999999998       0.57599999999999996        3.7600000000000001E-002   5.2400000000000002E-002
   80.000000000000000       0.21283802402065871        1.1999999999999999E-003  0.33279999999999998       0.57299999999999995        3.8600000000000002E-002   5.4399999999999997E-002
   81.000000000000000       0.19131835645881445        1.8000000000000000E-003  0.33000000000000002       0.57479999999999998        3.8800000000000001E-002   5.4600000000000003E-002
   82.000000000000000       0.16964657882010062        1.6000000000000001E-003  0.33019999999999999       0.57479999999999998        3.8800000000000001E-002   5.4600000000000003E-002
   83.000000000000000       0.14917391555557469        6.7999999999999996E-003  0.31419999999999998       0.58260000000000001        4.1399999999999999E-002   5.5000000000000000E-002
   84.000000000000000       0.13039232049863797        2.2200000000000001E-002  0.27120000000000000       0.60819999999999996        4.2999999999999997E-002   5.5399999999999998E-002
   85.000000000000000       0.11014698420977095        2.0400000000000001E-002  0.26379999999999998       0.61480000000000001        4.3799999999999999E-002   5.7200000000000001E-002
   86.000000000000000        8.8729891976535608E-002   2.0799999999999999E-002  0.26260000000000000       0.61480000000000001        5.4800000000000001E-002   4.7000000000000000E-002
   87.000000000000000        6.6625823022654018E-002   2.0799999999999999E-002  0.26900000000000002       0.60840000000000005        5.4800000000000001E-002   4.7000000000000000E-002
   88.000000000000000        4.5202268795204018E-002   2.0799999999999999E-002  0.27379999999999999       0.60219999999999996        5.5800000000000002E-002   4.7399999999999998E-002
   89.000000000000000        2.8351781069321097E-002   2.1399999999999999E-002  0.24420000000000000       0.62319999999999998        6.4000000000000001E-002   4.7199999999999999E-002
   90.000000000000000        8.1322933251358510E-003   1.7800000000000000E-002  0.25059999999999999       0.61899999999999999        6.4000000000000001E-002   4.8599999999999997E-002
   91.000000000000000       -1.1081270294960466E-002   1.6199999999999999E-002  0.24879999999999999       0.62000000000000000        6.3399999999999998E-002   5.1600000000000000E-002
   92.000000000000000       -2.9672553768435549E-002   1.5200000000000000E-002  0.23619999999999999       0.63280000000000003        6.3399999999999998E-002   5.2400000000000002E-002
   93.000000000000000       -4.8330993395484884E-002   1.5599999999999999E-002  0.23300000000000001       0.63300000000000001        6.6000000000000003E-002   5.2400000000000002E-002
   94.000000000000000       -6.6611683781887254E-002   1.5800000000000002E-002  0.23240000000000000       0.63200000000000001        6.7400000000000002E-002   5.2400000000000002E-002
   95.000000000000000       -8.3413600473567898E-002   1.5800000000000002E-002  0.23400000000000001       0.63019999999999998        6.7000000000000004E-002   5.2999999999999999E-002
   96.000000000000000       -9.8470587177147448E-002   1.2600000000000000E-002  0.23980000000000001       0.62760000000000005        6.7000000000000004E-002   5.2999999999999999E-002
   97.000000000000000      -0.10610444050766284        1.3200000000000000E-002  0.23880000000000001       0.62800000000000000        6.6400000000000001E-002   5.3600000000000002E-002
   98.000000000000000      -0.10149179391874556        1.4600000000000000E-002  0.23699999999999999       0.62800000000000000        6.6600000000000006E-002   5.3800000000000001E-002
   99.000000000000000       -8.6006710844611783E-002   1.4600000000000000E-002  0.23699999999999999       0.62800000000000000        6.6400000000000001E-002   5.3999999999999999E-002
   100.00000000000000       -6.9292615304978988E-002   1.4600000000000000E-002  0.23699999999999999       0.62800000000000000        6.6400000000000001E-002   5.3999999999999999E-002
   101.00000000000000       -5.1598959184653952E-002   1.4600000000000000E-002  0.23699999999999999       0.62800000000000000        6.6400000000000001E-002   5.3999999999999999E-002
   102.00000000000000       -3.6384618166406126E-002   1.4600000000000000E-002  0.23699999999999999       0.62800000000000000        6.6400000000000001E-002   5.3999999999999999E-002
   103.00000000000000       -2.1376442031708843E-002   1.4400000000000000E-002  0.23619999999999999       0.62819999999999998        6.7199999999999996E-002   5.3999999999999999E-002
   104.00000000000000       -9.2006141612843602E-003   1.4400000000000000E-002  0.23619999999999999       0.62819999999999998        6.6799999999999998E-002   5.4399999999999997E-002
   105.00000000000000        1.4798958409559942E-005   1.4400000000000000E-002  0.23619999999999999       0.62819999999999998        6.6600000000000006E-002   5.4600000000000003E-002
   106.00000000000000        6.2988337539841288E-003   1.4400000000000000E-002  0.23619999999999999       0.62819999999999998        6.6600000000000006E-002   5.4600000000000003E-002
   107.00000000000000       -5.7315647695763295E-003   1.4400000000000000E-002  0.80159999999999998        6.1400000000000003E-002   6.7199999999999996E-002   5.5399999999999998E-002
   108.00000000000000        7.2710445828870918E-003   1.4400000000000000E-002  0.80159999999999998        6.1600000000000002E-002   6.6600000000000006E-002   5.5800000000000002E-002
   109.00000000000000       -4.1348932482764660E-003   1.4400000000000000E-002  0.80159999999999998        6.1600000000000002E-002   6.6600000000000006E-002   5.5800000000000002E-002
   110.00000000000000       -1.9890998587470975E-002   1.4400000000000000E-002  0.80159999999999998        6.1199999999999997E-002   6.6600000000000006E-002   5.6200000000000000E-002
   111.00000000000000       -3.8989579398389256E-002   2.0400000000000001E-002  0.79220000000000002        6.4000000000000001E-002   6.5600000000000006E-002   5.7799999999999997E-002
   112.00000000000000       -1.4818970161440584E-002   2.0400000000000001E-002  0.79179999999999995        6.4000000000000001E-002   6.4199999999999993E-002   5.9600000000000000E-002
   113.00000000000000        1.0258337204456045E-002   2.0400000000000001E-002  0.79020000000000001        6.4199999999999993E-002   6.3399999999999998E-002   6.1800000000000001E-002
   114.00000000000000        3.5789994491543485E-002   2.0400000000000001E-002  0.78939999999999999        6.5000000000000002E-002   6.0600000000000001E-002   6.4600000000000005E-002
   115.00000000000000        6.0498578738440209E-002   1.9599999999999999E-002  0.78939999999999999        6.5000000000000002E-002   6.0600000000000001E-002   6.5400000000000000E-002
   116.00000000000000        8.5975040127131738E-002   1.9599999999999999E-002  0.77259999999999995        8.0600000000000005E-002   6.1199999999999997E-002   6.6000000000000003E-002
   117.00000000000000       0.10787262785743304        1.9400000000000001E-002  0.77139999999999997        8.0600000000000005E-002   6.0999999999999999E-002   6.7599999999999993E-002
   118.00000000000000       0.12689676904604874        1.9400000000000001E-002  0.77000000000000002        8.1799999999999998E-002   6.1199999999999997E-002   6.7599999999999993E-002
   119.00000000000000       0.14401123517768039        1.9199999999999998E-002  0.77020000000000000        8.1799999999999998E-002   5.9200000000000003E-002   6.9599999999999995E-002
   120.00000000000000       0.15822364121530644        1.9199999999999998E-002  0.76180000000000003        8.9800000000000005E-002   5.9400000000000001E-002   6.9800000000000001E-002
   121.00000000000000       0.16657963524580988        1.9000000000000000E-002  0.76180000000000003        8.8200000000000001E-002   6.0600000000000001E-002   7.0400000000000004E-002
   122.00000000000000       0.18304443730786671        1.8200000000000001E-002  0.76080000000000003        8.7999999999999995E-002   6.0600000000000001E-002   7.2400000000000006E-002
   123.00000000000000       0.18289620826182826        1.8200000000000001E-002  0.74880000000000002        9.9400000000000002E-002   6.0600000000000001E-002   7.2999999999999995E-002
   124.00000000000000       0.17792546937392376        1.7999999999999999E-002  0.74939999999999996        9.9000000000000005E-002   6.0600000000000001E-002   7.2999999999999995E-002
   125.00000000000000       0.17527969891043682        1.7800000000000000E-002  0.74500000000000000       0.10299999999999999        6.0999999999999999E-002   7.3200000000000001E-002
   126.00000000000000       0.16945558246672682        1.7600000000000001E-002  0.74419999999999997       0.10299999999999999        6.1199999999999997E-002   7.3999999999999996E-002
   127.00000000000000       0.15152710938689889        1.7600000000000001E-002  0.74419999999999997       0.10299999999999999        6.1199999999999997E-002   7.3999999999999996E-002
   128.00000000000000       0.13906715699836050        1.7600000000000001E-002  0.74219999999999997       0.10440000000000001        6.0800000000000000E-002   7.4999999999999997E-002
   129.00000000000000       0.12223574235426291        1.7600000000000001E-002  0.74119999999999997       0.10440000000000001        6.1199999999999997E-002   7.5600000000000001E-002
   130.00000000000000       0.10302892124240684        1.7600000000000001E-002  0.74039999999999995       0.10440000000000001        6.1800000000000001E-002   7.5800000000000006E-002
   131.00000000000000        8.2282198489473796E-002   1.7800000000000000E-002  0.74019999999999997       0.10440000000000001        6.1199999999999997E-002   7.6399999999999996E-002
   132.00000000000000        6.0839413098349095E-002   1.7800000000000000E-002  0.73980000000000001       0.10420000000000000        6.1400000000000003E-002   7.6799999999999993E-002
   133.00000000000000        4.0978989006798409E-002   0.0000000000000000       0.75500000000000000       0.10600000000000000        6.2199999999999998E-002   7.6799999999999993E-002
   134.00000000000000        5.1914800514178822E-002   0.0000000000000000       0.75500000000000000       0.10600000000000000        6.2199999999999998E-002   7.6799999999999993E-002
   135.00000000000000        8.7271588157959351E-002   0.0000000000000000       0.75500000000000000       0.10600000000000000        6.2000000000000000E-002   7.6999999999999999E-002
   136.00000000000000       0.11931828164915936        0.0000000000000000       0.75500000000000000       0.10600000000000000        6.2000000000000000E-002   7.6999999999999999E-002
   137.00000000000000       0.14747501847958075        0.0000000000000000       0.75500000000000000       0.10560000000000000        6.2399999999999997E-002   7.6999999999999999E-002
   138.00000000000000       0.17090767939032159        0.0000000000000000       0.75500000000000000       0.10440000000000001        6.2399999999999997E-002   7.8200000000000006E-002
   139.00000000000000       0.19336394817384556        0.0000000000000000       0.55220000000000002       0.30700000000000000        6.2000000000000000E-002   7.8799999999999995E-002
   140.00000000000000       0.19560461153880532        0.0000000000000000       0.55159999999999998       0.30700000000000000        5.9400000000000001E-002   8.2000000000000003E-002
   141.00000000000000       0.18796809692466063        0.0000000000000000       0.55100000000000005       0.30700000000000000        5.9799999999999999E-002   8.2199999999999995E-002
   142.00000000000000       0.17878970601201910        0.0000000000000000       0.55100000000000005       0.30700000000000000        5.9799999999999999E-002   8.2199999999999995E-002
   143.00000000000000       0.16628418262563657        0.0000000000000000       0.55059999999999998       0.30700000000000000        5.9799999999999999E-002   8.2600000000000007E-002
   144.00000000000000       0.15155964830804527        0.0000000000000000       0.55040000000000000       0.30700000000000000        5.6800000000000003E-002   8.5800000000000001E-002
   145.00000000000000       0.13510205586247553        0.0000000000000000       0.54979999999999996       0.30700000000000000        5.7400000000000000E-002   8.5800000000000001E-002
   146.00000000000000       0.11696890176336390        0.0000000000000000       0.54879999999999995       0.30700000000000000        5.6200000000000000E-002   8.7999999999999995E-002
   147.00000000000000       0.10755128219968554        0.0000000000000000        0.0000000000000000       0.85499999999999998        5.6399999999999999E-002   8.8599999999999998E-002
   148.00000000000000        8.2171771400586013E-002   0.0000000000000000        0.0000000000000000       0.84899999999999998        5.8400000000000001E-002   9.2600000000000002E-002
   149.00000000000000        7.2127168637233896E-002   0.0000000000000000        0.0000000000000000       0.84899999999999998        5.8400000000000001E-002   9.2600000000000002E-002
   150.00000000000000        6.3459868896397903E-002   0.0000000000000000        0.0000000000000000       0.84640000000000004        5.9600000000000000E-002   9.4000000000000000E-002
   151.00000000000000        5.4313716734275451E-002   0.0000000000000000        0.0000000000000000       0.84419999999999995        5.9600000000000000E-002   9.6199999999999994E-002
   152.00000000000000        4.7329949989377618E-002   0.0000000000000000        0.0000000000000000       0.84419999999999995        5.8799999999999998E-002   9.7000000000000003E-002
   153.00000000000000        4.0350472315565059E-002   0.0000000000000000        0.0000000000000000       0.84399999999999997        5.8799999999999998E-002   9.7199999999999995E-002
   154.00000000000000        3.4923772756241166E-002   0.0000000000000000        0.0000000000000000       0.84260000000000002        5.8200000000000002E-002   9.9199999999999997E-002
   155.00000000000000        2.9966183255263526E-002   0.0000000000000000        0.0000000000000000       0.84260000000000002        5.7200000000000001E-002  0.10020000000000000     
   156.00000000000000        2.7670923069455448E-002   0.0000000000000000        0.0000000000000000       0.83919999999999995        5.7400000000000000E-002  0.10340000000000001     
   157.00000000000000        2.2195409265417576E-002   0.0000000000000000        0.0000000000000000       0.83919999999999995        5.6800000000000003E-002  0.10400000000000000     
   158.00000000000000        2.5595962572183679E-002   0.0000000000000000        0.0000000000000000       0.83879999999999999        5.6599999999999998E-002  0.10460000000000000     
   159.00000000000000        1.5424132177514094E-002   0.0000000000000000        0.0000000000000000       0.83779999999999999        5.7200000000000001E-002  0.10500000000000000     
   160.00000000000000       -2.7441659845983755E-002   0.0000000000000000        0.0000000000000000       0.83699999999999997        5.7200000000000001E-002  0.10580000000000001     
   161.00000000000000        4.7236450437387806E-002   0.0000000000000000        2.0000000000000001E-004  0.83540000000000003        5.7200000000000001E-002  0.10720000000000000     
   162.00000000000000        9.3725579295889927E-003   0.0000000000000000        2.0000000000000001E-004  0.83540000000000003        5.7200000000000001E-002  0.10720000000000000     
   163.00000000000000       0.12582800472251421        0.0000000000000000        2.0000000000000001E-004  0.83460000000000001        5.4399999999999997E-002  0.11080000000000000     
   164.00000000000000        1.9841652648997267E-002   0.0000000000000000        2.0000000000000001E-004  0.83399999999999996        5.4199999999999998E-002  0.11160000000000000     
   165.00000000000000        4.1833609339030284E-003   0.0000000000000000        2.0000000000000001E-004  0.83279999999999998        5.1799999999999999E-002  0.11520000000000000     
   166.00000000000000        3.8611398050594006E-003   0.0000000000000000        2.0000000000000001E-004  0.83279999999999998        4.7199999999999999E-002  0.11980000000000000     
   167.00000000000000        1.1172464003379179E-003   0.0000000000000000        0.0000000000000000       0.83299999999999996        4.7199999999999999E-002  0.11980000000000000     
   168.00000000000000        9.9352180407240795E-003   0.0000000000000000        0.0000000000000000       0.83299999999999996        4.7199999999999999E-002  0.11980000000000000     
   169.00000000000000        4.2325685659329190E-002   0.0000000000000000        0.0000000000000000       0.83299999999999996        4.6199999999999998E-002  0.12080000000000000     
   170.00000000000000        7.1768631766370578E-002   0.0000000000000000        0.0000000000000000       0.83299999999999996        4.4800000000000000E-002  0.12220000000000000     
   171.00000000000000        9.6965473876571173E-002   0.0000000000000000        0.0000000000000000       0.83299999999999996        4.4800000000000000E-002  0.12220000000000000     
   172.00000000000000       0.11757174602347788        0.0000000000000000        0.0000000000000000       0.83299999999999996        4.2599999999999999E-002  0.12440000000000000     
   173.00000000000000       0.13507292856668640        0.0000000000000000        0.0000000000000000       0.83299999999999996        4.2599999999999999E-002  0.12440000000000000     
   174.00000000000000       0.14412492274291069        0.0000000000000000        0.0000000000000000       0.83299999999999996        4.2799999999999998E-002  0.12420000000000000     
   175.00000000000000       0.14687770505349682        0.0000000000000000        0.0000000000000000       0.83299999999999996        4.1200000000000001E-002  0.12580000000000000     
   176.00000000000000       0.14520472658664851        0.0000000000000000        0.0000000000000000       0.83299999999999996        4.0800000000000003E-002  0.12620000000000001     
   177.00000000000000       0.13803757091259300        0.0000000000000000        0.0000000000000000       0.83299999999999996        3.9800000000000002E-002  0.12720000000000001     
   178.00000000000000       0.12587323452420174        0.0000000000000000        0.0000000000000000       0.83299999999999996        3.9399999999999998E-002  0.12759999999999999     
   179.00000000000000       0.10927530467755477        0.0000000000000000        0.0000000000000000       0.83299999999999996        3.9399999999999998E-002  0.12759999999999999     
   180.00000000000000        8.8481588310066792E-002   0.0000000000000000        0.0000000000000000       0.83299999999999996        3.9600000000000003E-002  0.12740000000000001     
   181.00000000000000        6.5057065737741823E-002   0.0000000000000000        0.0000000000000000       0.83299999999999996        3.9600000000000003E-002  0.12740000000000001     
   182.00000000000000        3.9484199655004881E-002   0.0000000000000000        0.0000000000000000       0.83299999999999996        3.9600000000000003E-002  0.12740000000000001     
   183.00000000000000        1.2706490282756916E-002   0.0000000000000000        0.0000000000000000       0.83299999999999996        3.9600000000000003E-002  0.12740000000000001     
   184.00000000000000       -1.4434861225344646E-002   1.0000000000000000E-003   5.5999999999999999E-003  0.82640000000000002        3.9600000000000003E-002  0.12740000000000001     
   185.00000000000000       -2.8615429659730240E-002   3.5999999999999999E-003   5.5999999999999999E-003  0.82260000000000000        3.9399999999999998E-002  0.12880000000000000     
   186.00000000000000       -3.0302561899500986E-002   5.1999999999999998E-003   5.5999999999999999E-003  0.81720000000000004        4.1799999999999997E-002  0.13020000000000001     
   187.00000000000000       -3.3404814223713407E-002   8.0000000000000002E-003   2.2000000000000001E-003  0.81540000000000001        4.4200000000000003E-002  0.13020000000000001     
   188.00000000000000       -3.6925872103630873E-002   8.0000000000000002E-003   2.0000000000000000E-003  0.81120000000000003        4.4400000000000002E-002  0.13439999999999999     
   189.00000000000000       -4.1990213345965754E-002   8.0000000000000002E-003   2.0000000000000000E-003  0.80979999999999996        4.4999999999999998E-002  0.13519999999999999     
   190.00000000000000       -4.9954255083283661E-002   8.0000000000000002E-003   1.8000000000000000E-003  0.80959999999999999        4.1599999999999998E-002  0.13900000000000001     
   191.00000000000000       -5.4199893634217011E-002   8.0000000000000002E-003   1.6000000000000001E-003  0.80959999999999999        4.2400000000000000E-002  0.13840000000000000     
   192.00000000000000       -6.1064698004513238E-002   9.5999999999999992E-003   0.0000000000000000       0.80900000000000005        4.3200000000000002E-002  0.13819999999999999     
   193.00000000000000       -6.7215615573402221E-002   9.5999999999999992E-003   0.0000000000000000       0.80740000000000001        4.2599999999999999E-002  0.14040000000000000     
   194.00000000000000       -7.4233060781560445E-002   9.5999999999999992E-003   0.0000000000000000       0.80679999999999996        4.3400000000000001E-002  0.14019999999999999     
   195.00000000000000       -8.0815475568961098E-002   9.5999999999999992E-003   4.2599999999999999E-002  0.76119999999999999        4.5999999999999999E-002  0.14060000000000000     
   196.00000000000000       -7.9715910346503063E-002   9.1999999999999998E-003   4.2599999999999999E-002  0.76119999999999999        4.4600000000000001E-002  0.14240000000000000     
   197.00000000000000       -6.0896577802967304E-002   8.9999999999999993E-003   4.2400000000000000E-002  0.76119999999999999        4.4800000000000000E-002  0.14260000000000000     
   198.00000000000000       -4.0794619253263498E-002   8.9999999999999993E-003   4.2400000000000000E-002  0.76119999999999999        4.6600000000000003E-002  0.14080000000000001     
   199.00000000000000       -1.9360454958032649E-002   8.8000000000000005E-003   4.2599999999999999E-002  0.76119999999999999        4.8399999999999999E-002  0.13900000000000001     
   200.00000000000000        2.1990749805154558E-003   8.8000000000000005E-003   4.2599999999999999E-002  0.76119999999999999        4.8000000000000001E-002  0.13940000000000000     
   201.00000000000000        2.2786677618803715E-002   8.8000000000000005E-003   4.2599999999999999E-002  0.76119999999999999        5.0999999999999997E-002  0.13639999999999999     
   202.00000000000000        4.1096611665046370E-002   8.8000000000000005E-003   4.2599999999999999E-002  0.76119999999999999        5.0000000000000003E-002  0.13739999999999999     
   203.00000000000000        5.6775491734054259E-002   8.8000000000000005E-003   4.2599999999999999E-002  0.76119999999999999        4.4600000000000001E-002  0.14280000000000001     
   204.00000000000000        7.2178529886109080E-002   8.3999999999999995E-003   4.2599999999999999E-002  0.76119999999999999       0.13500000000000001        5.2800000000000000E-002
   205.00000000000000        8.0522845433343634E-002   8.3999999999999995E-003   4.2599999999999999E-002  0.76119999999999999       0.11820000000000000        6.9599999999999995E-002
   206.00000000000000        8.2573469624211776E-002   8.3999999999999995E-003   4.2599999999999999E-002  0.76119999999999999       0.11920000000000000        6.8599999999999994E-002
   207.00000000000000        8.1929319171033785E-002   8.3999999999999995E-003   4.2599999999999999E-002  0.76119999999999999       0.11920000000000000        6.8599999999999994E-002
   208.00000000000000        7.6511966918665408E-002   8.3999999999999995E-003   4.2599999999999999E-002  0.76119999999999999       0.12000000000000000        6.7799999999999999E-002
   209.00000000000000        6.7023996870083563E-002   7.7999999999999996E-003   2.2400000000000000E-002  0.78139999999999998       0.12200000000000000        6.6400000000000001E-002
   210.00000000000000        5.6608057854932253E-002   7.0000000000000001E-003   2.2400000000000000E-002  0.78020000000000000       0.12120000000000000        6.9199999999999998E-002
   211.00000000000000        7.4137013901729984E-002   7.0000000000000001E-003   2.2400000000000000E-002  0.77680000000000005       0.12160000000000000        7.2200000000000000E-002
   212.00000000000000        9.0814108837861743E-002   2.2200000000000001E-002   6.6000000000000000E-003  0.77139999999999997       0.12759999999999999        7.2200000000000000E-002
   213.00000000000000       0.10492457214197480        2.2200000000000001E-002   6.4000000000000003E-003  0.77139999999999997       0.12759999999999999        7.2400000000000006E-002
   214.00000000000000       0.11674391299558821        2.2200000000000001E-002   6.4000000000000003E-003  0.77020000000000000       0.12759999999999999        7.3599999999999999E-002
   215.00000000000000       0.12792424907013350        2.2200000000000001E-002   6.4000000000000003E-003  0.76939999999999997       0.12780000000000000        7.4200000000000002E-002
   216.00000000000000       0.13349601799234903        2.2200000000000001E-002   6.4000000000000003E-003  0.76939999999999997       0.12559999999999999        7.6399999999999996E-002
