#        BMIN =   404
#        BMAX =   408
#     INIBAND =   406
#      NBANDS =   540
#         NSW =  2000
#       POTIM =   1.0
#        TEMP = 300.0
#    NAMDTINI =   633
#    NAMDTIME =  1000
#       NTRAJ =  5000
#        NELM =  1000
#       LHOLE =     T
#        LSHP =     T
#      LCPTXT =     T
#      RUNDIR = ../../run/
   1.0000000000000000        2.5570694408660111E-002   0.0000000000000000        0.0000000000000000        1.0000000000000000        0.0000000000000000        0.0000000000000000     
   2.0000000000000000        5.5251253815363959E-003   0.0000000000000000        8.0000000000000004E-004  0.99919999999999998        0.0000000000000000        0.0000000000000000     
   3.0000000000000000       -9.5265595642836480E-003   0.0000000000000000        8.0000000000000004E-004  0.99919999999999998        0.0000000000000000        0.0000000000000000     
   4.0000000000000000        3.3876720446607701E-002   0.0000000000000000        8.0000000000000004E-004  0.99919999999999998        0.0000000000000000        0.0000000000000000     
   5.0000000000000000        7.4448467924068742E-002   0.0000000000000000        8.0000000000000004E-004  0.99919999999999998        0.0000000000000000        0.0000000000000000     
   6.0000000000000000       0.11120616909729814        0.0000000000000000        8.0000000000000004E-004  0.99919999999999998        0.0000000000000000        0.0000000000000000     
   7.0000000000000000       0.14156635724400735        0.0000000000000000        8.0000000000000004E-004  0.99919999999999998        0.0000000000000000        0.0000000000000000     
   8.0000000000000000       0.16737514754951238        0.0000000000000000        8.0000000000000004E-004  0.99919999999999998        0.0000000000000000        0.0000000000000000     
   9.0000000000000000       0.18402326522465129        0.0000000000000000        8.0000000000000004E-004  0.99919999999999998        0.0000000000000000        0.0000000000000000     
   10.000000000000000       0.19328788827566867        0.0000000000000000        8.0000000000000004E-004  0.99919999999999998        0.0000000000000000        0.0000000000000000     
   11.000000000000000       0.19445894165157152        0.0000000000000000        8.0000000000000004E-004  0.99919999999999998        0.0000000000000000        0.0000000000000000     
   12.000000000000000       0.18527015934520560        0.0000000000000000        8.0000000000000004E-004  0.99919999999999998        0.0000000000000000        0.0000000000000000     
   13.000000000000000       0.16834437572037478        0.0000000000000000        8.0000000000000004E-004  0.99919999999999998        0.0000000000000000        0.0000000000000000     
   14.000000000000000       0.14241880732044351        0.0000000000000000        8.0000000000000004E-004  0.99919999999999998        0.0000000000000000        0.0000000000000000     
   15.000000000000000       0.10987968913995373        0.0000000000000000        8.0000000000000004E-004  0.99919999999999998        0.0000000000000000        0.0000000000000000     
   16.000000000000000        7.0494581265629103E-002   0.0000000000000000        8.0000000000000004E-004  0.99919999999999998        0.0000000000000000        0.0000000000000000     
   17.000000000000000        2.4548453192542598E-002   0.0000000000000000        4.6600000000000003E-002  0.95340000000000003        0.0000000000000000        0.0000000000000000     
   18.000000000000000        1.4461931668542476E-002   0.0000000000000000        4.6600000000000003E-002  0.95340000000000003        0.0000000000000000        0.0000000000000000     
   19.000000000000000        1.8852272762249014E-002   0.0000000000000000        4.6600000000000003E-002  0.95340000000000003        0.0000000000000000        0.0000000000000000     
   20.000000000000000        2.2831660668861560E-002   0.0000000000000000        4.4800000000000000E-002  0.95479999999999998        2.0000000000000001E-004   2.0000000000000001E-004
   21.000000000000000        2.9287542654100600E-002   0.0000000000000000        4.4999999999999998E-002  0.95379999999999998        4.0000000000000002E-004   8.0000000000000004E-004
   22.000000000000000        3.4573852231970875E-002   0.0000000000000000        4.5999999999999999E-002  0.95199999999999996        1.0000000000000000E-003   1.0000000000000000E-003
   23.000000000000000        4.3572180685065999E-002   0.0000000000000000        4.7199999999999999E-002  0.95079999999999998        8.0000000000000004E-004   1.1999999999999999E-003
   24.000000000000000        6.5186805471984452E-002   0.0000000000000000        2.1399999999999999E-002  0.97660000000000002        4.0000000000000002E-004   1.6000000000000001E-003
   25.000000000000000       0.10539076490578134        0.0000000000000000        2.0000000000000000E-002  0.97799999999999998        4.0000000000000002E-004   1.6000000000000001E-003
   26.000000000000000       0.15464084987539567        0.0000000000000000        2.0000000000000000E-002  0.97219999999999995        6.1999999999999998E-003   1.6000000000000001E-003
   27.000000000000000       0.19063493263016146        0.0000000000000000        1.9199999999999998E-002  0.94199999999999995        3.6799999999999999E-002   2.0000000000000000E-003
   28.000000000000000       0.22282939177689390        0.0000000000000000        1.9199999999999998E-002  0.93959999999999999        3.6200000000000003E-002   5.0000000000000001E-003
   29.000000000000000       0.27399548885870473        2.0000000000000001E-004   1.6799999999999999E-002  0.80579999999999996       0.16080000000000000        1.6400000000000001E-002
   30.000000000000000       0.38019877987354866        2.0000000000000001E-004   1.6600000000000000E-002  0.80600000000000005       0.16080000000000000        1.6400000000000001E-002
   31.000000000000000       0.54051824518442104        2.0000000000000001E-004   1.7999999999999999E-002  0.25600000000000001       0.64920000000000000        7.6600000000000001E-002
   32.000000000000000       0.37466213202323850        2.0000000000000001E-004   1.7000000000000001E-002  0.25500000000000000       0.65120000000000000        7.6600000000000001E-002
   33.000000000000000       0.46853832460600908        2.0000000000000001E-004   1.7000000000000001E-002  0.25500000000000000       0.65120000000000000        7.6600000000000001E-002
   34.000000000000000        7.2476719473708984E-002   2.0000000000000001E-004   1.7000000000000001E-002  0.25500000000000000       0.65120000000000000        7.6600000000000001E-002
   35.000000000000000       0.38861921496085161        2.0000000000000001E-004   1.7000000000000001E-002  0.25359999999999999       0.64980000000000004        7.9399999999999998E-002
   36.000000000000000       0.40406740724034806        2.0000000000000001E-004   8.9999999999999993E-003  0.25259999999999999       0.65200000000000002        8.6199999999999999E-002
   37.000000000000000       0.71174827672373819        2.0000000000000001E-004   9.1999999999999998E-003  0.25040000000000001       0.65320000000000000        8.6999999999999994E-002
   38.000000000000000       0.73563689587763958        2.0000000000000001E-004   9.4000000000000004E-003  0.24660000000000001       0.65100000000000002        9.2799999999999994E-002
   39.000000000000000       0.77032912167263479        2.0000000000000001E-004   9.4000000000000004E-003  0.24640000000000001       0.64759999999999995        9.6400000000000000E-002
   40.000000000000000       0.78559855083578101        2.0000000000000001E-004   9.1999999999999998E-003  0.24579999999999999       0.64759999999999995        9.7199999999999995E-002
   41.000000000000000       0.78125517587369875        2.0000000000000001E-004   9.1999999999999998E-003  0.24579999999999999       0.64759999999999995        9.7199999999999995E-002
   42.000000000000000       0.78026459900507328        2.0000000000000001E-004   9.1999999999999998E-003  0.24579999999999999       0.64239999999999997       0.10240000000000000     
   43.000000000000000       0.77120194209817106        2.0000000000000001E-004   8.8000000000000005E-003  0.23419999999999999       0.65439999999999998       0.10240000000000000     
   44.000000000000000       0.77868177691105922        2.0000000000000001E-004   8.8000000000000005E-003  0.23380000000000001       0.65439999999999998       0.10280000000000000     
   45.000000000000000       0.76637575044219319        2.0000000000000001E-004   8.6000000000000000E-003  0.23200000000000001       0.65359999999999996       0.10560000000000000     
   46.000000000000000       0.75384890689533879        2.0000000000000001E-004   7.7999999999999996E-003  0.23280000000000001       0.65320000000000000       0.10600000000000000     
   47.000000000000000       0.72968481990649736        2.0000000000000001E-004   8.0000000000000002E-003  0.23160000000000000       0.65420000000000000       0.10600000000000000     
   48.000000000000000       0.69449908067294119        2.0000000000000001E-004   8.0000000000000002E-003  0.23019999999999999       0.65559999999999996       0.10600000000000000     
   49.000000000000000       0.74222869213135789        2.0000000000000001E-004   8.0000000000000002E-003  0.21779999999999999       0.66800000000000004       0.10600000000000000     
   50.000000000000000       0.68082919344263271        4.0000000000000002E-004   7.7999999999999996E-003  0.21479999999999999       0.66200000000000003       0.11500000000000000     
   51.000000000000000       0.64955779652050216        4.0000000000000002E-004   6.4000000000000003E-003   5.4399999999999997E-002  0.82379999999999998       0.11500000000000000     
   52.000000000000000       0.51588178926086414        0.0000000000000000        6.7999999999999996E-003   3.1800000000000002E-002  0.75839999999999996       0.20300000000000001     
   53.000000000000000       0.62228415737616749        0.0000000000000000        5.1999999999999998E-003   3.3200000000000000E-002  0.74080000000000001       0.22080000000000000     
   54.000000000000000       0.68400039317954819        2.0000000000000001E-004   4.5999999999999999E-003   2.8600000000000000E-002  0.74560000000000004       0.22100000000000000     
   55.000000000000000       0.56891776388917048        2.0000000000000001E-004   4.5999999999999999E-003   2.7600000000000000E-002  0.74660000000000004       0.22100000000000000     
   56.000000000000000       0.53492345097365335        2.0000000000000001E-004   4.5999999999999999E-003   2.8400000000000002E-002  0.73819999999999997       0.22860000000000000     
   57.000000000000000       0.61129745026521909        2.0000000000000001E-004   4.5999999999999999E-003   1.4800000000000001E-002  0.68340000000000001       0.29699999999999999     
   58.000000000000000       0.52353882542917152        2.0000000000000001E-004   4.5999999999999999E-003   1.3400000000000000E-002  0.68479999999999996       0.29699999999999999     
   59.000000000000000       0.50910690900869238        2.0000000000000001E-004   4.5999999999999999E-003   1.9400000000000001E-002  0.67879999999999996       0.29699999999999999     
   60.000000000000000       0.50213213028950587        4.0000000000000002E-004   4.1999999999999997E-003   0.0000000000000000       0.69159999999999999       0.30380000000000001     
   61.000000000000000       0.23181111241063715        4.0000000000000002E-004   4.1999999999999997E-003   0.0000000000000000       0.68740000000000001       0.30800000000000000     
   62.000000000000000       0.20535748650926167        4.0000000000000002E-004   4.1999999999999997E-003   0.0000000000000000       0.68740000000000001       0.30800000000000000     
   63.000000000000000       0.18174063550031583        4.0000000000000002E-004   4.1999999999999997E-003   0.0000000000000000       0.68740000000000001       0.30800000000000000     
   64.000000000000000       0.16132199917883955        4.0000000000000002E-004   4.1999999999999997E-003   0.0000000000000000       0.68740000000000001       0.30800000000000000     
   65.000000000000000       0.14390849296111741        4.0000000000000002E-004   4.1999999999999997E-003   0.0000000000000000       0.68740000000000001       0.30800000000000000     
   66.000000000000000       0.13066753759940114        4.0000000000000002E-004   4.1999999999999997E-003   0.0000000000000000       0.68500000000000005       0.31040000000000001     
   67.000000000000000       0.12036123556002601        4.0000000000000002E-004   4.1999999999999997E-003   0.0000000000000000       0.68500000000000005       0.31040000000000001     
   68.000000000000000       0.11337694949571810        4.0000000000000002E-004   4.1999999999999997E-003   0.0000000000000000       0.68479999999999996       0.31059999999999999     
   69.000000000000000       0.11008887468783178        4.0000000000000002E-004   4.1999999999999997E-003   0.0000000000000000       0.68420000000000003       0.31119999999999998     
   70.000000000000000       0.10975599129134644        2.8000000000000000E-003   1.8000000000000000E-003   0.0000000000000000       0.68420000000000003       0.31119999999999998     
   71.000000000000000       0.11161505741260845        2.8000000000000000E-003   1.8000000000000000E-003   2.0000000000000001E-004  0.68400000000000005       0.31119999999999998     
   72.000000000000000       0.11698655185349208        2.8000000000000000E-003   1.8000000000000000E-003   2.0000000000000001E-004  0.67859999999999998       0.31659999999999999     
   73.000000000000000       0.12243420774943645        2.8000000000000000E-003   1.8000000000000000E-003   2.0000000000000001E-004  0.67779999999999996       0.31740000000000002     
   74.000000000000000       0.13526113553502378        2.8000000000000000E-003   1.8000000000000000E-003   2.0000000000000001E-004  0.66139999999999999       0.33379999999999999     
   75.000000000000000       0.14494242134535862        2.8000000000000000E-003   1.8000000000000000E-003   2.0000000000000001E-004  0.66139999999999999       0.33379999999999999     
   76.000000000000000       0.15579228527425673        2.8000000000000000E-003   1.8000000000000000E-003   2.0000000000000001E-004  0.66139999999999999       0.33379999999999999     
   77.000000000000000       0.16608749979814924        2.8000000000000000E-003   1.8000000000000000E-003   2.0000000000000001E-004  0.65680000000000005       0.33839999999999998     
   78.000000000000000       0.18306498975934749        2.8000000000000000E-003   1.8000000000000000E-003   2.0000000000000001E-004  0.65680000000000005       0.33839999999999998     
   79.000000000000000       0.19523095539707921        2.8000000000000000E-003   1.8000000000000000E-003   2.0000000000000001E-004  0.65680000000000005       0.33839999999999998     
   80.000000000000000       0.21120767918247590        2.8000000000000000E-003   1.8000000000000000E-003   2.0000000000000001E-004  0.64319999999999999       0.35199999999999998     
   81.000000000000000       0.22756842744815869        2.8000000000000000E-003   1.8000000000000000E-003   2.0000000000000001E-004  0.64319999999999999       0.35199999999999998     
   82.000000000000000       0.24164864296345032        2.8000000000000000E-003   1.8000000000000000E-003   2.0000000000000001E-004  0.64319999999999999       0.35199999999999998     
   83.000000000000000       0.25397846065158647        2.8000000000000000E-003   1.8000000000000000E-003   2.0000000000000001E-004  0.64319999999999999       0.35199999999999998     
   84.000000000000000       0.26790838267279166        2.8000000000000000E-003   1.8000000000000000E-003   2.0000000000000001E-004  0.64300000000000002       0.35220000000000001     
   85.000000000000000       0.27700349706885152        2.8000000000000000E-003   1.8000000000000000E-003   2.0000000000000001E-004  0.64080000000000004       0.35439999999999999     
   86.000000000000000       0.28554413561442854        2.0000000000000000E-003   2.5999999999999999E-003   2.0000000000000001E-004  0.64080000000000004       0.35439999999999999     
   87.000000000000000       0.28929600566018310        2.0000000000000000E-003   2.5999999999999999E-003   2.0000000000000001E-004  0.64080000000000004       0.35439999999999999     
   88.000000000000000       0.30200207794939615        2.0000000000000000E-003   2.5999999999999999E-003   2.0000000000000001E-004  0.64080000000000004       0.35439999999999999     
   89.000000000000000       0.30841894589563168        2.0000000000000000E-003   2.5999999999999999E-003   0.0000000000000000       0.64100000000000001       0.35439999999999999     
   90.000000000000000       0.31476732603168334        2.0000000000000000E-003   2.5999999999999999E-003   0.0000000000000000       0.64000000000000001       0.35539999999999999     
   91.000000000000000       0.32046918372563854        2.0000000000000000E-003   2.5999999999999999E-003   2.0000000000000001E-004  0.63980000000000004       0.35539999999999999     
   92.000000000000000       0.32952862774465835        2.0000000000000000E-003   2.5999999999999999E-003   0.0000000000000000       0.63260000000000005       0.36280000000000001     
   93.000000000000000       0.33864609904751058        2.0000000000000000E-003   2.5999999999999999E-003   0.0000000000000000       0.62939999999999996       0.36599999999999999     
   94.000000000000000       0.34733135116754521        2.0000000000000000E-003   2.5999999999999999E-003   0.0000000000000000       0.62939999999999996       0.36599999999999999     
   95.000000000000000       0.35723292280057084        2.0000000000000000E-003   2.5999999999999999E-003   0.0000000000000000       0.62939999999999996       0.36599999999999999     
   96.000000000000000       0.36850379248746201        2.0000000000000000E-003   2.5999999999999999E-003   0.0000000000000000       0.62800000000000000       0.36740000000000000     
   97.000000000000000       0.38040458422681173        2.0000000000000000E-003   2.5999999999999999E-003   0.0000000000000000       0.62800000000000000       0.36740000000000000     
   98.000000000000000       0.39322146987320528        2.0000000000000000E-003   2.5999999999999999E-003   0.0000000000000000       0.62380000000000002       0.37159999999999999     
   99.000000000000000       0.40660984014629065        2.0000000000000000E-003   2.5999999999999999E-003   0.0000000000000000       0.62380000000000002       0.37159999999999999     
   100.00000000000000       0.41877760134880970        2.0000000000000000E-003   2.5999999999999999E-003   0.0000000000000000       0.62380000000000002       0.37159999999999999     
   101.00000000000000       0.42914481258807796        2.0000000000000000E-003   2.5999999999999999E-003   0.0000000000000000       0.62360000000000004       0.37180000000000002     
   102.00000000000000       0.43857366350984284        2.0000000000000000E-003   2.5999999999999999E-003   0.0000000000000000       0.62360000000000004       0.37180000000000002     
   103.00000000000000       0.44551753875098055        2.0000000000000000E-003   2.5999999999999999E-003   0.0000000000000000       0.62360000000000004       0.37180000000000002     
   104.00000000000000       0.44893892058706297        2.0000000000000000E-003   2.5999999999999999E-003   0.0000000000000000       0.62380000000000002       0.37159999999999999     
   105.00000000000000       0.44964887060702219        2.0000000000000000E-003   2.3999999999999998E-003   2.0000000000000001E-004  0.62380000000000002       0.37159999999999999     
   106.00000000000000       0.44768449176236796        2.0000000000000000E-003   2.3999999999999998E-003   2.0000000000000001E-004  0.62239999999999995       0.37300000000000000     
   107.00000000000000       0.44466267096975781        2.0000000000000000E-003   2.3999999999999998E-003   2.0000000000000001E-004  0.62239999999999995       0.37300000000000000     
   108.00000000000000       0.83857271166211733        2.0000000000000000E-003   2.2000000000000001E-003   0.0000000000000000       0.60119999999999996       0.39460000000000001     
   109.00000000000000        1.4757553678518032        2.0000000000000000E-003   1.4000000000000000E-003   0.0000000000000000       0.59819999999999995       0.39839999999999998     
   110.00000000000000        1.4077703112330240        2.0000000000000000E-003   1.4000000000000000E-003   0.0000000000000000       0.59819999999999995       0.39839999999999998     
   111.00000000000000        1.4664316849403618        2.0000000000000000E-003   1.4000000000000000E-003   0.0000000000000000       0.58220000000000005       0.41439999999999999     
   112.00000000000000        1.3146568862166819        2.0000000000000000E-003   1.4000000000000000E-003   0.0000000000000000       0.58220000000000005       0.41439999999999999     
   113.00000000000000        1.4573819185696775        2.0000000000000000E-003   1.4000000000000000E-003   0.0000000000000000       0.56179999999999997       0.43480000000000002     
   114.00000000000000       0.91090975074491876        1.8000000000000000E-003   1.4000000000000000E-003   2.0000000000000001E-004  0.43940000000000001       0.55720000000000003     
   115.00000000000000       0.41527781791608248        1.8000000000000000E-003   1.4000000000000000E-003   2.0000000000000001E-004  0.43940000000000001       0.55720000000000003     
   116.00000000000000       0.39144836683893747        1.8000000000000000E-003   1.4000000000000000E-003   2.0000000000000001E-004  0.43919999999999998       0.55740000000000001     
   117.00000000000000       0.36477936680003104        1.8000000000000000E-003   1.6000000000000001E-003   2.0000000000000001E-004  0.43900000000000000       0.55740000000000001     
   118.00000000000000       0.33605871972826212        1.8000000000000000E-003   1.6000000000000001E-003   2.0000000000000001E-004  0.43900000000000000       0.55740000000000001     
   119.00000000000000       0.30533323707472027        1.8000000000000000E-003   1.6000000000000001E-003   0.0000000000000000       0.43919999999999998       0.55740000000000001     
   120.00000000000000       0.27324000726596415        1.8000000000000000E-003   1.6000000000000001E-003   3.3999999999999998E-003  0.43580000000000002       0.55740000000000001     
   121.00000000000000       0.24695939095924954        0.0000000000000000        3.3999999999999998E-003   2.2000000000000001E-003  0.43659999999999999       0.55779999999999996     
   122.00000000000000       0.22523051672799238        0.0000000000000000        3.3999999999999998E-003   2.2000000000000001E-003  0.43659999999999999       0.55779999999999996     
   123.00000000000000       0.20598667696958800        0.0000000000000000        3.3999999999999998E-003   1.4000000000000000E-003  0.43540000000000001       0.55979999999999996     
   124.00000000000000       0.19042205107247401        0.0000000000000000        3.3999999999999998E-003   1.4000000000000000E-003  0.43040000000000000       0.56479999999999997     
   125.00000000000000       0.17858384693867074        0.0000000000000000        3.3999999999999998E-003   1.0000000000000000E-003  0.43040000000000000       0.56520000000000004     
   126.00000000000000       0.17109319382982610        0.0000000000000000        3.8000000000000000E-003   5.9999999999999995E-004  0.42859999999999998       0.56699999999999995     
   127.00000000000000       0.17071160059878143        0.0000000000000000        3.8000000000000000E-003   5.9999999999999995E-004  0.40780000000000000       0.58779999999999999     
   128.00000000000000       0.17009387230918255        0.0000000000000000        3.5999999999999999E-003   8.0000000000000004E-004  0.41580000000000000       0.57979999999999998     
   129.00000000000000       0.17367714336553303        0.0000000000000000        3.3999999999999998E-003   8.0000000000000004E-004  0.41280000000000000       0.58299999999999996     
   130.00000000000000       0.17833985214294309        0.0000000000000000        3.3999999999999998E-003   8.0000000000000004E-004  0.41399999999999998       0.58179999999999998     
   131.00000000000000       0.18287396598139632        0.0000000000000000        3.5999999999999999E-003   5.9999999999999995E-004  0.41399999999999998       0.58179999999999998     
   132.00000000000000       0.18750452573345319        0.0000000000000000        3.5999999999999999E-003   5.9999999999999995E-004  0.40939999999999999       0.58640000000000003     
   133.00000000000000       0.19091629641542854        0.0000000000000000        3.5999999999999999E-003   5.9999999999999995E-004  0.40999999999999998       0.58579999999999999     
   134.00000000000000       0.19415159149008968        2.0000000000000001E-004   3.3999999999999998E-003   5.9999999999999995E-004  0.40600000000000003       0.58979999999999999     
   135.00000000000000       0.19617034048734869        2.0000000000000001E-004   1.6000000000000001E-003   2.3999999999999998E-003  0.40600000000000003       0.58979999999999999     
   136.00000000000000       0.19685606153340704        2.0000000000000001E-004   1.4000000000000000E-003   2.3999999999999998E-003  0.40720000000000001       0.58879999999999999     
   137.00000000000000       0.19686267419654666        2.0000000000000001E-004   1.4000000000000000E-003   2.3999999999999998E-003  0.40720000000000001       0.58879999999999999     
   138.00000000000000       0.19653727829151124        2.0000000000000001E-004   1.4000000000000000E-003   2.3999999999999998E-003  0.40699999999999997       0.58899999999999997     
   139.00000000000000       0.19560497589105613        2.0000000000000001E-004   1.4000000000000000E-003   2.3999999999999998E-003  0.40460000000000002       0.59140000000000004     
   140.00000000000000       0.19275782633990596        2.0000000000000001E-004   1.4000000000000000E-003   2.3999999999999998E-003  0.40479999999999999       0.59119999999999995     
   141.00000000000000       0.18895815120565582        2.0000000000000001E-004   1.4000000000000000E-003   3.4799999999999998E-002  0.37119999999999997       0.59240000000000004     
   142.00000000000000       0.19015121530056311        4.0000000000000002E-004   1.1999999999999999E-003   3.5600000000000000E-002  0.37119999999999997       0.59160000000000001     
   143.00000000000000       0.19729885648110640        1.0000000000000000E-003   5.9999999999999995E-004   3.5400000000000001E-002  0.37119999999999997       0.59179999999999999     
   144.00000000000000       0.20224908100652583        1.0000000000000000E-003   5.9999999999999995E-004   3.4200000000000001E-002  0.37119999999999997       0.59299999999999997     
   145.00000000000000       0.20450379135423280        1.0000000000000000E-003   5.9999999999999995E-004   3.3399999999999999E-002  0.37119999999999997       0.59379999999999999     
   146.00000000000000       0.20463519346985468        1.0000000000000000E-003   5.9999999999999995E-004   3.3399999999999999E-002  0.37119999999999997       0.59379999999999999     
   147.00000000000000       0.20817931718262697        5.9999999999999995E-004   1.0000000000000000E-003   3.3200000000000000E-002  0.37119999999999997       0.59399999999999997     
   148.00000000000000       0.19817016290263037        1.1999999999999999E-003   4.0000000000000002E-004   3.3399999999999999E-002  0.37119999999999997       0.59379999999999999     
   149.00000000000000       0.19699001397219312        1.1999999999999999E-003   4.0000000000000002E-004   3.1800000000000002E-002  0.37119999999999997       0.59540000000000004     
   150.00000000000000       0.18286831350902874        1.1999999999999999E-003   4.0000000000000002E-004   3.1800000000000002E-002  0.37119999999999997       0.59540000000000004     
   151.00000000000000       0.17193125625101668        1.1999999999999999E-003   4.0000000000000002E-004   4.1000000000000002E-002  0.36120000000000002       0.59619999999999995     
   152.00000000000000       0.17007676418374257        1.1999999999999999E-003   4.0000000000000002E-004   4.1000000000000002E-002  0.35539999999999999       0.60199999999999998     
   153.00000000000000       0.16787679680665862        1.1999999999999999E-003   4.0000000000000002E-004   4.1000000000000002E-002  0.35539999999999999       0.60199999999999998     
   154.00000000000000       0.16518098231192235        1.1999999999999999E-003   4.0000000000000002E-004   4.1000000000000002E-002  0.35239999999999999       0.60499999999999998     
   155.00000000000000       0.16181820936406871        1.4000000000000000E-003   1.8000000000000000E-003   3.9399999999999998E-002  0.35239999999999999       0.60499999999999998     
   156.00000000000000       0.15824843499798041        1.4000000000000000E-003   1.8000000000000000E-003   3.9399999999999998E-002  0.35039999999999999       0.60699999999999998     
   157.00000000000000       0.15609947804515520        1.4000000000000000E-003   1.8000000000000000E-003   3.9399999999999998E-002  0.34920000000000001       0.60819999999999996     
   158.00000000000000       0.15237979965365459        1.1999999999999999E-003   2.0000000000000000E-003   3.9399999999999998E-002  0.34739999999999999       0.60999999999999999     
   159.00000000000000       0.14884518491351811        1.1999999999999999E-003   2.0000000000000000E-003   3.8600000000000002E-002  0.34560000000000002       0.61260000000000003     
   160.00000000000000       0.14412791814828599        1.1999999999999999E-003   2.0000000000000000E-003   3.8600000000000002E-002  0.34560000000000002       0.61260000000000003     
   161.00000000000000       0.13964662470046885        1.1999999999999999E-003   2.0000000000000000E-003   3.8600000000000002E-002  0.34460000000000002       0.61360000000000003     
   162.00000000000000       0.13466972338267996        1.4000000000000000E-003   1.8000000000000000E-003   3.8600000000000002E-002  0.34439999999999998       0.61380000000000001     
   163.00000000000000       0.12999745237216889        1.4000000000000000E-003   1.8000000000000000E-003   3.8600000000000002E-002  0.34439999999999998       0.61380000000000001     
   164.00000000000000       0.12673765914360527        1.4000000000000000E-003   1.8000000000000000E-003   3.8600000000000002E-002  0.34260000000000002       0.61560000000000004     
   165.00000000000000       0.12475134572297725        1.6000000000000001E-003   1.6000000000000001E-003   3.8399999999999997E-002  0.33879999999999999       0.61960000000000004     
   166.00000000000000       0.12389903240201146        0.0000000000000000        3.2000000000000002E-003   3.8399999999999997E-002  0.33560000000000001       0.62280000000000002     
   167.00000000000000       0.12840261047765480        0.0000000000000000        3.2000000000000002E-003   3.8399999999999997E-002  0.31219999999999998       0.64620000000000000     
   168.00000000000000       0.13142723919157839        0.0000000000000000        3.2000000000000002E-003   3.8199999999999998E-002  0.30859999999999999       0.65000000000000002     
   169.00000000000000       0.13574937890949171        0.0000000000000000        3.2000000000000002E-003   3.7999999999999999E-002  0.30859999999999999       0.65020000000000000     
   170.00000000000000       0.14305936963263718        0.0000000000000000        3.2000000000000002E-003   3.7999999999999999E-002  0.30259999999999998       0.65620000000000001     
   171.00000000000000       0.15192504210696509        0.0000000000000000        3.2000000000000002E-003   3.7199999999999997E-002  0.30199999999999999       0.65759999999999996     
   172.00000000000000       0.16246940342780272        0.0000000000000000        3.2000000000000002E-003   3.7600000000000001E-002  0.30159999999999998       0.65759999999999996     
   173.00000000000000       0.17730401471769044        0.0000000000000000        3.2000000000000002E-003   3.6999999999999998E-002  0.28999999999999998       0.66979999999999995     
   174.00000000000000       0.19327801899646874        0.0000000000000000        3.3999999999999998E-003   3.6999999999999998E-002  0.27760000000000001       0.68200000000000005     
   175.00000000000000       0.20798413365851209        0.0000000000000000        3.3999999999999998E-003   3.6999999999999998E-002  0.27760000000000001       0.68200000000000005     
   176.00000000000000       0.22336439640681771        0.0000000000000000        3.3999999999999998E-003   3.6999999999999998E-002  0.27760000000000001       0.68200000000000005     
   177.00000000000000       0.23918724229337190        0.0000000000000000        3.3999999999999998E-003   3.6999999999999998E-002  0.27760000000000001       0.68200000000000005     
   178.00000000000000       0.25592252815761074        0.0000000000000000        3.3999999999999998E-003   3.6999999999999998E-002  0.27320000000000000       0.68640000000000001     
   179.00000000000000       0.27187763606933268        0.0000000000000000        3.0000000000000001E-003   3.6400000000000002E-002  0.27239999999999998       0.68820000000000003     
   180.00000000000000       0.28773081744810736        0.0000000000000000        3.0000000000000001E-003   3.5999999999999997E-002  0.27260000000000001       0.68840000000000001     
   181.00000000000000       0.30384068553912535        0.0000000000000000        3.0000000000000001E-003   3.5799999999999998E-002  0.27179999999999999       0.68940000000000001     
   182.00000000000000       0.31969290376139003        0.0000000000000000        3.0000000000000001E-003   3.5799999999999998E-002  0.27079999999999999       0.69040000000000001     
   183.00000000000000       0.33523657849893784        0.0000000000000000        3.0000000000000001E-003   3.4799999999999998E-002  0.27220000000000000       0.68999999999999995     
   184.00000000000000       0.35053482249060569        0.0000000000000000        3.0000000000000001E-003   3.4599999999999999E-002  0.27320000000000000       0.68920000000000003     
   185.00000000000000       0.36621253142794807        0.0000000000000000        3.0000000000000001E-003   3.4599999999999999E-002  0.26740000000000003       0.69499999999999995     
   186.00000000000000       0.38189213246421161        0.0000000000000000        3.0000000000000001E-003   3.3599999999999998E-002  0.26900000000000002       0.69440000000000002     
   187.00000000000000       0.39776771453897591        0.0000000000000000        3.0000000000000001E-003   3.2000000000000001E-002  0.27379999999999999       0.69120000000000004     
   188.00000000000000       0.41303186628593047        0.0000000000000000        3.0000000000000001E-003   3.2000000000000001E-002  0.27739999999999998       0.68759999999999999     
   189.00000000000000       0.42929104639545668        0.0000000000000000        3.0000000000000001E-003   3.1800000000000002E-002  0.26840000000000003       0.69679999999999997     
   190.00000000000000       0.44329681380029340        0.0000000000000000        2.8000000000000000E-003   3.0200000000000001E-002  0.27060000000000001       0.69640000000000002     
   191.00000000000000       0.45506208349151334        0.0000000000000000        2.8000000000000000E-003   2.9999999999999999E-002  0.27079999999999999       0.69640000000000002     
   192.00000000000000       0.46457703544936452        0.0000000000000000        2.8000000000000000E-003   2.9999999999999999E-002  0.26979999999999998       0.69740000000000002     
   193.00000000000000       0.47174040110710203        0.0000000000000000        2.8000000000000000E-003   2.9800000000000000E-002  0.26939999999999997       0.69799999999999995     
   194.00000000000000       0.47582287049264976        0.0000000000000000        2.8000000000000000E-003   2.9399999999999999E-002  0.26979999999999998       0.69799999999999995     
   195.00000000000000       0.47751749353271006        0.0000000000000000        2.8000000000000000E-003   2.9399999999999999E-002  0.26979999999999998       0.69799999999999995     
   196.00000000000000       0.47688071379942415        0.0000000000000000        2.8000000000000000E-003   2.9399999999999999E-002  0.26979999999999998       0.69799999999999995     
   197.00000000000000       0.47276418134068510        0.0000000000000000        2.8000000000000000E-003   2.9200000000000000E-002  0.27000000000000002       0.69799999999999995     
   198.00000000000000       0.46690572329863322        0.0000000000000000        2.8000000000000000E-003   2.9000000000000001E-002  0.27000000000000002       0.69820000000000004     
   199.00000000000000       0.45823216230037489        2.0000000000000001E-004   2.5999999999999999E-003   2.9000000000000001E-002  0.27000000000000002       0.69820000000000004     
   200.00000000000000       0.44785113864862136        2.0000000000000001E-004   2.5999999999999999E-003   2.9000000000000001E-002  0.27000000000000002       0.69820000000000004     
   201.00000000000000       0.43567368194670270        2.0000000000000001E-004   2.5999999999999999E-003   2.8799999999999999E-002  0.26939999999999997       0.69899999999999995     
   202.00000000000000       0.42111728110203434        2.0000000000000001E-004   2.5999999999999999E-003   2.8799999999999999E-002  0.26939999999999997       0.69899999999999995     
   203.00000000000000       0.40509622859798755        2.0000000000000001E-004   2.5999999999999999E-003   2.8799999999999999E-002  0.26939999999999997       0.69899999999999995     
   204.00000000000000       0.38836611317030023        2.0000000000000001E-004   2.5999999999999999E-003   2.8799999999999999E-002  0.26819999999999999       0.70020000000000004     
   205.00000000000000       0.36605564698876247        2.0000000000000001E-004   2.5999999999999999E-003   2.8799999999999999E-002  0.26819999999999999       0.70020000000000004     
   206.00000000000000       0.34840186608417367        2.0000000000000001E-004   2.5999999999999999E-003   2.8799999999999999E-002  0.26819999999999999       0.70020000000000004     
   207.00000000000000       0.33418616962386727        2.0000000000000001E-004   2.5999999999999999E-003   2.8799999999999999E-002  0.26819999999999999       0.70020000000000004     
   208.00000000000000       0.30218910875685528        4.0000000000000002E-004   2.3999999999999998E-003   2.8799999999999999E-002  0.26740000000000003       0.70099999999999996     
   209.00000000000000       0.27614120407429527        4.0000000000000002E-004   2.3999999999999998E-003   2.7799999999999998E-002  0.26819999999999999       0.70120000000000005     
   210.00000000000000       0.25564542962174330        8.0000000000000004E-004   2.0000000000000000E-003   2.7600000000000000E-002  0.26819999999999999       0.70140000000000002     
   211.00000000000000       0.23409585612740166        0.0000000000000000        2.8000000000000000E-003   2.7400000000000001E-002  0.26819999999999999       0.70160000000000000     
   212.00000000000000       0.20994888785941465        0.0000000000000000        2.8000000000000000E-003   2.7400000000000001E-002  0.26819999999999999       0.70160000000000000     
   213.00000000000000       0.18423382505385935        0.0000000000000000        2.5999999999999999E-003   2.7400000000000001E-002  0.26819999999999999       0.70179999999999998     
   214.00000000000000       0.15728665791449412        0.0000000000000000        2.3999999999999998E-003   2.7199999999999998E-002  0.26819999999999999       0.70220000000000005     
   215.00000000000000       0.12972877052298562        0.0000000000000000        2.3999999999999998E-003   2.7199999999999998E-002  0.26819999999999999       0.70220000000000005     
   216.00000000000000       0.10282933691768159        0.0000000000000000        2.3999999999999998E-003   2.7199999999999998E-002  0.26819999999999999       0.70220000000000005     
