#        BMIN =   404
#        BMAX =   408
#     INIBAND =   406
#      NBANDS =   540
#         NSW =  2000
#       POTIM =   1.0
#        TEMP = 300.0
#    NAMDTINI =   949
#    NAMDTIME =  1000
#       NTRAJ =  5000
#        NELM =  1000
#       LHOLE =     T
#        LSHP =     T
#      LCPTXT =     T
#      RUNDIR = ../../run/
   1.0000000000000000        5.6875102700254511E-002   0.0000000000000000        0.0000000000000000        1.0000000000000000        0.0000000000000000        0.0000000000000000     
   2.0000000000000000        7.7970055422257142E-002   0.0000000000000000        0.0000000000000000       0.99939999999999996        5.9999999999999995E-004   0.0000000000000000     
   3.0000000000000000        9.9008897228255607E-002   0.0000000000000000        0.0000000000000000       0.99939999999999996        5.9999999999999995E-004   0.0000000000000000     
   4.0000000000000000       0.11969688757807548        0.0000000000000000        0.0000000000000000       0.99839999999999995        1.6000000000000001E-003   0.0000000000000000     
   5.0000000000000000       0.13768125813239968        0.0000000000000000        0.0000000000000000       0.99839999999999995        1.6000000000000001E-003   0.0000000000000000     
   6.0000000000000000       0.15501354908131784        0.0000000000000000        0.0000000000000000       0.99839999999999995        1.6000000000000001E-003   0.0000000000000000     
   7.0000000000000000       0.17070696578096078        0.0000000000000000        2.0000000000000001E-004  0.99819999999999998        1.6000000000000001E-003   0.0000000000000000     
   8.0000000000000000       0.18467365038827824        0.0000000000000000        2.0000000000000001E-004  0.99819999999999998        1.6000000000000001E-003   0.0000000000000000     
   9.0000000000000000       0.19772535441371611        0.0000000000000000        2.0000000000000001E-004  0.99800000000000000        1.6000000000000001E-003   2.0000000000000001E-004
   10.000000000000000       0.20887027327153374        0.0000000000000000        0.0000000000000000       0.99819999999999998        1.6000000000000001E-003   2.0000000000000001E-004
   11.000000000000000       0.21694582348013206        0.0000000000000000        2.0000000000000001E-004  0.99739999999999995        2.2000000000000001E-003   2.0000000000000001E-004
   12.000000000000000       0.23533805201729779        0.0000000000000000        2.0000000000000001E-004  0.99700000000000000        2.5999999999999999E-003   2.0000000000000001E-004
   13.000000000000000       0.23954190924586713        0.0000000000000000        2.0000000000000001E-004  0.99700000000000000        2.5999999999999999E-003   2.0000000000000001E-004
   14.000000000000000       0.24359756957014764        0.0000000000000000        2.0000000000000001E-004  0.99700000000000000        2.5999999999999999E-003   2.0000000000000001E-004
   15.000000000000000       0.25210922863325619        0.0000000000000000        2.0000000000000001E-004  0.99680000000000002        2.5999999999999999E-003   4.0000000000000002E-004
   16.000000000000000       0.26024617254424087        0.0000000000000000        2.0000000000000001E-004  0.99639999999999995        3.0000000000000001E-003   4.0000000000000002E-004
   17.000000000000000       0.25860923259122920        0.0000000000000000        2.0000000000000001E-004  0.99639999999999995        3.0000000000000001E-003   4.0000000000000002E-004
   18.000000000000000       0.26324015915668092        0.0000000000000000        2.0000000000000001E-004  0.99639999999999995        3.0000000000000001E-003   4.0000000000000002E-004
   19.000000000000000       0.26447772347417592        0.0000000000000000        2.0000000000000001E-004  0.99619999999999997        3.0000000000000001E-003   5.9999999999999995E-004
   20.000000000000000       0.26383572476777728        0.0000000000000000        2.0000000000000001E-004  0.99600000000000000        3.0000000000000001E-003   8.0000000000000004E-004
   21.000000000000000       0.26145508122372407        0.0000000000000000        2.0000000000000001E-004  0.99600000000000000        3.0000000000000001E-003   8.0000000000000004E-004
   22.000000000000000       0.25711807521467372        0.0000000000000000        2.0000000000000001E-004  0.99600000000000000        2.8000000000000000E-003   1.0000000000000000E-003
   23.000000000000000       0.25067221921892013        0.0000000000000000        2.0000000000000001E-004  0.99580000000000002        2.8000000000000000E-003   1.1999999999999999E-003
   24.000000000000000       0.24267736038686344        0.0000000000000000        2.0000000000000001E-004  0.99560000000000004        3.0000000000000001E-003   1.1999999999999999E-003
   25.000000000000000       0.23343602921594572        0.0000000000000000        2.0000000000000001E-004  0.99560000000000004        3.0000000000000001E-003   1.1999999999999999E-003
   26.000000000000000       0.22290908749789978        0.0000000000000000        2.0000000000000001E-004  0.99500000000000000        3.2000000000000002E-003   1.6000000000000001E-003
   27.000000000000000       0.21005182224368837        0.0000000000000000        2.0000000000000001E-004  0.99500000000000000        3.2000000000000002E-003   1.6000000000000001E-003
   28.000000000000000       0.19599986715502712        0.0000000000000000        2.0000000000000001E-004  0.99500000000000000        3.2000000000000002E-003   1.6000000000000001E-003
   29.000000000000000       0.17852357462676355        0.0000000000000000       0.13120000000000001       0.86399999999999999        3.2000000000000002E-003   1.6000000000000001E-003
   30.000000000000000       0.17538252803906604        0.0000000000000000       0.13120000000000001       0.86399999999999999        3.2000000000000002E-003   1.6000000000000001E-003
   31.000000000000000       0.18362321057875547        0.0000000000000000       0.13120000000000001       0.86399999999999999        3.2000000000000002E-003   1.6000000000000001E-003
   32.000000000000000       0.18259884994504860        0.0000000000000000       0.13120000000000001       0.86399999999999999        3.2000000000000002E-003   1.6000000000000001E-003
   33.000000000000000       0.17548952821735331        0.0000000000000000       0.13120000000000001       0.86399999999999999        3.2000000000000002E-003   1.6000000000000001E-003
   34.000000000000000       0.16109967018934079        0.0000000000000000       0.13100000000000001       0.86399999999999999        2.8000000000000000E-003   2.2000000000000001E-003
   35.000000000000000       0.13951203782592683        0.0000000000000000       0.13100000000000001       0.86399999999999999        2.8000000000000000E-003   2.2000000000000001E-003
   36.000000000000000       0.11190537344341142        0.0000000000000000       0.13100000000000001       0.86399999999999999        2.5999999999999999E-003   2.3999999999999998E-003
   37.000000000000000        6.3886474967026555E-002   0.0000000000000000       0.99500000000000000        0.0000000000000000        2.5999999999999999E-003   2.3999999999999998E-003
   38.000000000000000        3.9704011854858154E-002   0.0000000000000000       0.99500000000000000        0.0000000000000000        2.5999999999999999E-003   2.3999999999999998E-003
   39.000000000000000       -5.2236414628831556E-003   0.0000000000000000       0.99500000000000000        0.0000000000000000        2.5999999999999999E-003   2.3999999999999998E-003
   40.000000000000000       -5.2271425300298276E-002   0.0000000000000000       0.99500000000000000        0.0000000000000000        2.5999999999999999E-003   2.3999999999999998E-003
   41.000000000000000       -9.8593515900909395E-002   0.0000000000000000       0.99500000000000000        0.0000000000000000        2.5999999999999999E-003   2.3999999999999998E-003
   42.000000000000000      -0.15648062089735881       0.31859999999999999       0.67600000000000005        0.0000000000000000        3.0000000000000001E-003   2.3999999999999998E-003
   43.000000000000000      -0.17880402511580229       0.31859999999999999       0.67559999999999998        4.0000000000000002E-004   3.0000000000000001E-003   2.3999999999999998E-003
   44.000000000000000      -0.18680190724594614       0.31859999999999999       0.67459999999999998        5.9999999999999995E-004   3.8000000000000000E-003   2.3999999999999998E-003
   45.000000000000000      -0.19332771416433348       0.31859999999999999       0.67459999999999998        5.9999999999999995E-004   3.8000000000000000E-003   2.3999999999999998E-003
   46.000000000000000      -0.19737419509873036       0.31840000000000002       0.67459999999999998        5.9999999999999995E-004   4.0000000000000001E-003   2.3999999999999998E-003
   47.000000000000000      -0.19791521823548275       0.31819999999999998       0.67400000000000004        5.9999999999999995E-004   4.0000000000000001E-003   3.2000000000000002E-003
   48.000000000000000      -0.18640229886568549       0.31319999999999998       0.67820000000000003        1.0000000000000000E-003   4.1999999999999997E-003   3.3999999999999998E-003
   49.000000000000000      -0.18990870723760292       0.31319999999999998       0.67659999999999998        2.5999999999999999E-003   4.1999999999999997E-003   3.3999999999999998E-003
   50.000000000000000      -0.21311765985279760       0.31240000000000001       0.67640000000000000        2.5999999999999999E-003   4.1999999999999997E-003   4.4000000000000003E-003
   51.000000000000000      -0.14641938279756914       0.31240000000000001       0.67359999999999998        5.4000000000000003E-003   4.1999999999999997E-003   4.4000000000000003E-003
   52.000000000000000      -0.17946281363421590       0.31219999999999998       0.67359999999999998        5.4000000000000003E-003   4.4000000000000003E-003   4.4000000000000003E-003
   53.000000000000000       -4.8412271776092364E-002  0.31240000000000001       0.67200000000000004        5.5999999999999999E-003   3.0000000000000001E-003   7.0000000000000001E-003
   54.000000000000000      -0.15930556687959738       0.31240000000000001       0.67159999999999997        5.5999999999999999E-003   3.0000000000000001E-003   7.4000000000000003E-003
   55.000000000000000      -0.15418606652284406       0.27260000000000001       0.70979999999999999        6.1999999999999998E-003   2.8000000000000000E-003   8.6000000000000000E-003
   56.000000000000000      -0.13648535232303244       0.27239999999999998       0.70979999999999999        6.1999999999999998E-003   2.3999999999999998E-003   9.1999999999999998E-003
   57.000000000000000       -9.7810093005356813E-002  0.27320000000000000       0.37719999999999998       0.33800000000000002        2.3999999999999998E-003   9.1999999999999998E-003
   58.000000000000000       -8.4727299804180034E-002  0.27320000000000000       0.37680000000000002       0.33800000000000002        2.3999999999999998E-003   9.5999999999999992E-003
   59.000000000000000       -7.3285392959352602E-002  0.27300000000000002       0.37640000000000001       0.33800000000000002        2.3999999999999998E-003   1.0200000000000001E-002
   60.000000000000000       -6.2763860145220618E-002  0.27300000000000002       0.37640000000000001       0.33800000000000002        2.2000000000000001E-003   1.0400000000000000E-002
   61.000000000000000       -5.2999853069525496E-002  0.27260000000000001       0.37659999999999999       0.33800000000000002        2.3999999999999998E-003   1.0400000000000000E-002
   62.000000000000000       -4.3674386507151046E-002  0.27260000000000001       0.37659999999999999       0.33800000000000002        2.2000000000000001E-003   1.0600000000000000E-002
   63.000000000000000       -3.6342374119153080E-002  0.27239999999999998       0.37600000000000000       0.33800000000000002        2.2000000000000001E-003   1.1400000000000000E-002
   64.000000000000000       -3.0519869675552612E-002  0.27239999999999998       0.37580000000000002       0.33800000000000002        2.3999999999999998E-003   1.1400000000000000E-002
   65.000000000000000       -2.6335687236472519E-002  0.27300000000000002       0.37519999999999998       0.33800000000000002        2.3999999999999998E-003   1.1400000000000000E-002
   66.000000000000000       -2.5179411626553405E-002  0.27660000000000001       0.37119999999999997       0.33800000000000002        2.3999999999999998E-003   1.1800000000000000E-002
   67.000000000000000       -2.6413081824734445E-002  0.27360000000000001       0.37400000000000000       0.33800000000000002        2.3999999999999998E-003   1.2000000000000000E-002
   68.000000000000000       -2.9885039654170813E-002  0.27639999999999998       0.37100000000000000       0.33800000000000002        2.3999999999999998E-003   1.2200000000000001E-002
   69.000000000000000       -3.5318599701988002E-002  0.27879999999999999       0.36759999999999998       0.33800000000000002        2.8000000000000000E-003   1.2800000000000001E-002
   70.000000000000000       -4.2079752598355266E-002  0.27060000000000001       0.37500000000000000       0.33800000000000002        2.8000000000000000E-003   1.3599999999999999E-002
   71.000000000000000       -5.0683284237510312E-002  0.25459999999999999       0.39040000000000002       0.33800000000000002        3.3999999999999998E-003   1.3599999999999999E-002
   72.000000000000000       -6.0055002547124273E-002  0.23139999999999999       0.41339999999999999       0.33800000000000002        3.3999999999999998E-003   1.3800000000000000E-002
   73.000000000000000       -7.0609013484976724E-002  0.21740000000000001       0.42720000000000002       0.33800000000000002        3.3999999999999998E-003   1.4000000000000000E-002
   74.000000000000000       -8.1988515595819586E-002  0.22259999999999999       0.41120000000000001       0.34739999999999999        4.1999999999999997E-003   1.4600000000000000E-002
   75.000000000000000       -9.5419326985451344E-002  0.22800000000000001       0.41120000000000001       0.34160000000000001        4.1999999999999997E-003   1.4999999999999999E-002
   76.000000000000000      -0.10917339602212899       0.23039999999999999       0.41120000000000001       0.33920000000000000        4.1999999999999997E-003   1.4999999999999999E-002
   77.000000000000000      -0.12097389806159700        9.1600000000000001E-002  0.54820000000000002       0.34060000000000001        4.4000000000000003E-003   1.5200000000000000E-002
   78.000000000000000      -0.13129073139957134        9.1600000000000001E-002  0.55000000000000004       0.33879999999999999        3.3999999999999998E-003   1.6199999999999999E-002
   79.000000000000000      -0.13816901912768081        9.1600000000000001E-002  0.55040000000000000       0.33739999999999998        3.3999999999999998E-003   1.7200000000000000E-002
   80.000000000000000      -0.14692241578598067        9.1600000000000001E-002  0.55240000000000000       0.33520000000000000        3.5999999999999999E-003   1.7200000000000000E-002
   81.000000000000000      -0.15071556772887756        9.1600000000000001E-002  0.55240000000000000       0.33520000000000000        3.2000000000000002E-003   1.7600000000000001E-002
   82.000000000000000      -0.15460182851711721        0.0000000000000000       0.64139999999999997       0.33739999999999998        3.5999999999999999E-003   1.7600000000000001E-002
   83.000000000000000      -0.15892745961765564        4.0000000000000002E-004  0.64139999999999997       0.33700000000000002        3.5999999999999999E-003   1.7600000000000001E-002
   84.000000000000000      -0.15307158879903043        1.0000000000000000E-003  0.64139999999999997       0.33620000000000000        3.0000000000000001E-003   1.8400000000000000E-002
   85.000000000000000      -0.14560723694463973        1.8000000000000000E-003  0.72540000000000004       0.25059999999999999        3.5999999999999999E-003   1.8599999999999998E-002
   86.000000000000000      -0.13468586266223928        1.8000000000000000E-003  0.72540000000000004       0.25059999999999999        3.5999999999999999E-003   1.8599999999999998E-002
   87.000000000000000      -0.13149655095284454        1.1999999999999999E-003  0.72580000000000000       0.25059999999999999        3.8000000000000000E-003   1.8599999999999998E-002
   88.000000000000000      -0.12578635889035630        3.5999999999999999E-003  0.72340000000000004       0.25059999999999999        3.5999999999999999E-003   1.8800000000000001E-002
   89.000000000000000      -0.11822896955912580        2.8000000000000000E-003  0.72419999999999995       0.25059999999999999        3.5999999999999999E-003   1.8800000000000001E-002
   90.000000000000000      -0.10811842310931706        2.8000000000000000E-003  0.72399999999999998       0.25059999999999999        3.5999999999999999E-003   1.9000000000000000E-002
   91.000000000000000       -9.7440429021645431E-002   3.2000000000000002E-003  0.72360000000000002       0.25059999999999999        3.3999999999999998E-003   1.9199999999999998E-002
   92.000000000000000       -8.4120943390867911E-002   3.0000000000000001E-003  0.72380000000000000       0.25059999999999999        3.5999999999999999E-003   1.9000000000000000E-002
   93.000000000000000       -7.0506491709214664E-002   3.0000000000000001E-003  0.72380000000000000       0.25059999999999999        4.1999999999999997E-003   1.8400000000000000E-002
   94.000000000000000       -6.1935542163107184E-002   2.5999999999999999E-003  0.72419999999999995       0.25059999999999999        0.0000000000000000        2.2599999999999999E-002
   95.000000000000000       -4.7188608372462193E-002   2.8000000000000000E-003  0.72360000000000002       0.25059999999999999        2.0000000000000000E-003   2.1000000000000001E-002
   96.000000000000000       -3.0778640403301992E-002   2.8000000000000000E-003  0.72360000000000002       0.25059999999999999        2.0000000000000000E-003   2.1000000000000001E-002
   97.000000000000000       -1.8282808191108724E-002   2.8000000000000000E-003  0.72340000000000004       0.25059999999999999        2.0000000000000000E-003   2.1200000000000000E-002
   98.000000000000000       -6.9484925305593930E-003   2.8000000000000000E-003  0.72340000000000004       0.25059999999999999        2.0000000000000000E-003   2.1200000000000000E-002
   99.000000000000000        6.0718258650786098E-003   2.8000000000000000E-003  0.66020000000000001       0.31300000000000000        2.5999999999999999E-003   2.1399999999999999E-002
   100.00000000000000        1.0747306736247448E-002   3.0000000000000001E-003  0.66020000000000001       0.31000000000000000        5.4000000000000003E-003   2.1399999999999999E-002
   101.00000000000000       -1.6455320627267421E-003   3.0000000000000001E-003  0.66020000000000001       0.30780000000000002        7.6000000000000000E-003   2.1399999999999999E-002
   102.00000000000000       -1.7019017607395052E-002   2.3000000000000000E-002  0.63859999999999995       0.30700000000000000        1.0000000000000000E-002   2.1399999999999999E-002
   103.00000000000000       -2.5338600607760199E-002   2.3000000000000000E-002  0.63580000000000003       0.30980000000000002        1.0000000000000000E-002   2.1399999999999999E-002
   104.00000000000000       -1.7652673043955708E-002   2.3000000000000000E-002  0.63539999999999996       0.31019999999999998        1.0000000000000000E-002   2.1399999999999999E-002
   105.00000000000000       -1.0230328601900738E-002   2.3000000000000000E-002  0.63400000000000001       0.31140000000000001        1.0000000000000000E-002   2.1600000000000001E-002
   106.00000000000000       -7.2673860828310890E-003   2.1600000000000001E-002  0.63539999999999996       0.31000000000000000        1.1200000000000000E-002   2.1800000000000000E-002
   107.00000000000000       -4.5819259211479458E-003   2.1399999999999999E-002  0.63539999999999996       0.31019999999999998        1.1200000000000000E-002   2.1800000000000000E-002
   108.00000000000000       -2.4095496148538800E-003   2.1600000000000001E-002  0.63480000000000003       0.30819999999999997        1.3200000000000000E-002   2.2200000000000001E-002
   109.00000000000000       -7.7738356532594879E-004   2.1800000000000000E-002  0.63339999999999996       0.30859999999999999        1.3400000000000000E-002   2.2800000000000001E-002
   110.00000000000000        1.5297565636342271E-003   2.1600000000000001E-002  0.62539999999999996       0.31419999999999998        1.6199999999999999E-002   2.2599999999999999E-002
   111.00000000000000        2.4968809089409086E-003   2.1600000000000001E-002  0.61639999999999995       0.32160000000000000        1.7600000000000001E-002   2.2800000000000001E-002
   112.00000000000000        1.0737644788263324E-003   2.1600000000000001E-002  0.61619999999999997       0.31900000000000001        1.9400000000000001E-002   2.3800000000000002E-002
   113.00000000000000       -3.8122268686827734E-003   2.1600000000000001E-002  0.61580000000000001       0.31900000000000001        1.9599999999999999E-002   2.4000000000000000E-002
   114.00000000000000       -9.6937907405641680E-003   2.1399999999999999E-002  0.59799999999999998       0.33700000000000002        1.9599999999999999E-002   2.4000000000000000E-002
   115.00000000000000       -2.0433444616979331E-002   2.1399999999999999E-002  0.59799999999999998       0.33660000000000001        2.0000000000000000E-002   2.4000000000000000E-002
   116.00000000000000       -3.3229989852987071E-002   2.1399999999999999E-002  0.58799999999999997       0.34520000000000001        2.1600000000000001E-002   2.3800000000000002E-002
   117.00000000000000       -4.7034896698228704E-002   2.1399999999999999E-002  0.56620000000000004       0.36659999999999998        2.1399999999999999E-002   2.4400000000000002E-002
   118.00000000000000       -6.3998902338375019E-002   2.1399999999999999E-002  0.55840000000000001       0.37419999999999998        2.1399999999999999E-002   2.4600000000000000E-002
   119.00000000000000       -8.2834046123120619E-002   2.1399999999999999E-002  0.55579999999999996       0.37480000000000002        2.2800000000000001E-002   2.5200000000000000E-002
   120.00000000000000      -0.10672850915572707       0.13660000000000000       0.43919999999999998       0.37619999999999998        2.2800000000000001E-002   2.5200000000000000E-002
   121.00000000000000      -0.11036950888738806       0.13660000000000000       0.48099999999999998       0.33439999999999998        2.2800000000000001E-002   2.5200000000000000E-002
   122.00000000000000      -0.10428727195006485        9.9000000000000005E-002  0.51900000000000002       0.33400000000000002        2.2800000000000001E-002   2.5200000000000000E-002
   123.00000000000000       -9.7947727539006296E-002   9.9599999999999994E-002  0.51839999999999997       0.33400000000000002        2.2800000000000001E-002   2.5200000000000000E-002
   124.00000000000000       -6.3505209815986119E-002  0.10059999999999999       0.51739999999999997       0.33400000000000002        2.2599999999999999E-002   2.5399999999999999E-002
   125.00000000000000       -2.8419389371054392E-002  0.10020000000000000       0.51759999999999995       0.17620000000000000       0.18060000000000001        2.5399999999999999E-002
   126.00000000000000       -5.7531236983412075E-003  0.10020000000000000       0.51659999999999995       0.17620000000000000       0.18160000000000001        2.5399999999999999E-002
   127.00000000000000        1.3500032230443911E-002   9.9800000000000000E-002  0.51700000000000002       0.17620000000000000       0.18160000000000001        2.5399999999999999E-002
   128.00000000000000        2.0953348781767564E-002   9.9199999999999997E-002  0.51700000000000002       0.17580000000000001       0.18220000000000000        2.5800000000000000E-002
   129.00000000000000        3.9713845647370558E-002   9.9199999999999997E-002  0.51700000000000002       0.17580000000000001       0.18220000000000000        2.5800000000000000E-002
   130.00000000000000        4.5716870886563024E-002   9.9000000000000005E-002  0.51639999999999997       0.17580000000000001       0.18300000000000000        2.5800000000000000E-002
   131.00000000000000        4.6896200891656990E-002   9.9000000000000005E-002  0.51600000000000001       0.17580000000000001       0.18340000000000001        2.5800000000000000E-002
   132.00000000000000        4.3023844919016153E-002   9.8799999999999999E-002  0.51600000000000001       0.17580000000000001       0.18360000000000001        2.5800000000000000E-002
   133.00000000000000        3.2679186061037903E-002   9.8799999999999999E-002  0.51600000000000001       0.17580000000000001       0.18360000000000001        2.5800000000000000E-002
   134.00000000000000        1.7668452943455606E-002   9.9199999999999997E-002  0.51480000000000004       0.17580000000000001       0.18440000000000001        2.5800000000000000E-002
   135.00000000000000       -1.5028006137989885E-003   9.9000000000000005E-002  0.51500000000000001       0.17280000000000001       0.18740000000000001        2.5800000000000000E-002
   136.00000000000000       -2.4504776818187114E-002  0.10160000000000000       0.51160000000000005       0.17360000000000000       0.18740000000000001        2.5800000000000000E-002
   137.00000000000000       -4.8830479514969348E-002  0.10100000000000001       0.51060000000000005       0.17360000000000000       0.18880000000000000        2.5999999999999999E-002
   138.00000000000000       -4.4067749032599586E-002   9.8000000000000004E-002  0.51239999999999997       0.17360000000000000       0.18920000000000001        2.6800000000000001E-002
   139.00000000000000       -4.1280186240388109E-002  0.10020000000000000       0.66180000000000005        2.0199999999999999E-002  0.18880000000000000        2.9000000000000001E-002
   140.00000000000000       -3.3947670674094758E-002  0.10260000000000000       0.66279999999999994        1.6600000000000000E-002  0.18859999999999999        2.9399999999999999E-002
   141.00000000000000       -4.2502726375417209E-002  0.10100000000000001       0.65880000000000005        1.4400000000000000E-002  0.19620000000000001        2.9600000000000001E-002
   142.00000000000000       -3.0347972061056862E-002  0.10100000000000001       0.65920000000000001        1.3599999999999999E-002  0.19620000000000001        2.9999999999999999E-002
   143.00000000000000       -1.3665844445667945E-002  0.10080000000000000       0.65880000000000005        1.2999999999999999E-002  0.19059999999999999        3.6799999999999999E-002
   144.00000000000000        2.8037589111966736E-003   9.9000000000000005E-002  0.65559999999999996        1.4200000000000001E-002  0.19320000000000001        3.7999999999999999E-002
   145.00000000000000        1.6978370855909697E-002   9.9000000000000005E-002  0.65539999999999998        1.4400000000000000E-002  0.19120000000000001        4.0000000000000001E-002
   146.00000000000000        2.9370787873936509E-002   9.9000000000000005E-002  0.65380000000000005        1.4200000000000001E-002  0.19220000000000001        4.0800000000000003E-002
   147.00000000000000        7.7768806733205298E-002   9.7199999999999995E-002  0.65259999999999996        1.4600000000000000E-002  0.18820000000000001        4.7399999999999998E-002
   148.00000000000000        5.3566067735266260E-002   9.6600000000000005E-002  0.65159999999999996        1.5800000000000002E-002  0.18880000000000000        4.7199999999999999E-002
   149.00000000000000        6.8178829176812450E-002   9.5000000000000001E-002  0.63700000000000001        3.1199999999999999E-002  0.18459999999999999        5.2200000000000003E-002
   150.00000000000000        7.6926092584239769E-002   9.5000000000000001E-002  0.65900000000000003        8.0000000000000002E-003  0.18420000000000000        5.3800000000000001E-002
   151.00000000000000        8.0420940228580970E-002   9.4000000000000000E-002  0.65220000000000000        1.4999999999999999E-002  0.18479999999999999        5.3999999999999999E-002
   152.00000000000000        8.2857897261912020E-002   9.4000000000000000E-002  0.65239999999999998        1.2800000000000001E-002  0.18479999999999999        5.6000000000000001E-002
   153.00000000000000        8.3076118297058521E-002   9.4600000000000004E-002  0.65759999999999996        5.4000000000000003E-003  0.18440000000000001        5.8000000000000003E-002
   154.00000000000000        8.3316126767203375E-002   9.4600000000000004E-002  0.64680000000000004        5.4000000000000003E-003  0.19320000000000001        5.9999999999999998E-002
   155.00000000000000        8.1648562365932903E-002   7.5600000000000001E-002  0.66439999999999999        5.1999999999999998E-003  0.19480000000000000        5.9999999999999998E-002
   156.00000000000000        7.9848744522158233E-002   7.6600000000000001E-002  0.65820000000000001        4.7999999999999996E-003  0.19800000000000001        6.2399999999999997E-002
   157.00000000000000        7.8868574787914050E-002  0.10260000000000000       0.62819999999999998        5.1999999999999998E-003  0.20140000000000000        6.2600000000000003E-002
   158.00000000000000        8.1806984238010735E-002  0.11960000000000000       0.60740000000000005        8.3999999999999995E-003  0.19819999999999999        6.6400000000000001E-002
   159.00000000000000        8.8152218902494972E-002  0.12000000000000000       0.59899999999999998        1.4000000000000000E-002  0.19860000000000000        6.8400000000000002E-002
   160.00000000000000        9.6463569353649484E-002  0.12000000000000000       0.59680000000000000        1.6000000000000000E-002  0.19800000000000001        6.9199999999999998E-002
   161.00000000000000       0.10590265658524498       0.16539999999999999       0.55059999999999998        1.5800000000000002E-002  0.19860000000000000        6.9599999999999995E-002
   162.00000000000000       0.12647729741465041       0.16320000000000001       0.55059999999999998        1.2999999999999999E-002  0.19980000000000001        7.3400000000000007E-002
   163.00000000000000       0.14544428188598313       0.16320000000000001       0.55059999999999998        1.2999999999999999E-002  0.19919999999999999        7.3999999999999996E-002
   164.00000000000000       0.16221169027160054       0.16280000000000000       0.55020000000000002        8.0000000000000002E-003  0.20000000000000001        7.9000000000000001E-002
   165.00000000000000       0.16530156863128984       0.16300000000000001       0.53220000000000001        8.0000000000000002E-003  0.21620000000000000        8.0600000000000005E-002
   166.00000000000000       0.16384066232276243       0.16339999999999999       0.52980000000000005        8.0000000000000002E-003  0.21800000000000000        8.0799999999999997E-002
   167.00000000000000       0.16020804038294728       0.16280000000000000       0.52900000000000003        8.0000000000000002E-003  0.21779999999999999        8.2400000000000001E-002
   168.00000000000000       0.15022075430272000       0.16239999999999999       0.52939999999999998        8.0000000000000002E-003  0.21640000000000001        8.3799999999999999E-002
   169.00000000000000       0.14598469010927970       0.16239999999999999       0.52720000000000000        8.0000000000000002E-003  0.21820000000000001        8.4199999999999997E-002
   170.00000000000000       0.13662222568945809       0.15759999999999999       0.52980000000000005        8.0000000000000002E-003  0.22040000000000001        8.4199999999999997E-002
   171.00000000000000       0.12614336015310459       0.15220000000000000       0.53420000000000001        8.0000000000000002E-003  0.21840000000000001        8.7200000000000000E-002
   172.00000000000000       0.11316547713537947       0.15020000000000000       0.53600000000000003        8.0000000000000002E-003  0.21859999999999999        8.7200000000000000E-002
   173.00000000000000        9.8725515210258324E-002  0.14999999999999999       0.53600000000000003        8.0000000000000002E-003  0.21859999999999999        8.7400000000000005E-002
   174.00000000000000        8.2175750272741904E-002  0.15079999999999999       0.51280000000000003        2.9399999999999999E-002  0.21900000000000000        8.7999999999999995E-002
   175.00000000000000        6.2785069144462330E-002  0.15060000000000001       0.51280000000000003        2.8000000000000001E-002  0.21879999999999999        8.9800000000000005E-002
   176.00000000000000        4.1754589280722683E-002   1.4400000000000000E-002  0.55140000000000000       0.12520000000000001       0.21920000000000001        8.9800000000000005E-002
   177.00000000000000        2.6035193098698173E-002   1.4400000000000000E-002  0.54820000000000002       0.12500000000000000       0.22180000000000000        9.0600000000000000E-002
   178.00000000000000        6.4209623145205889E-003   1.4400000000000000E-002  0.55320000000000003       0.11780000000000000       0.22259999999999999        9.1999999999999998E-002
   179.00000000000000       -1.4613897067984379E-002   1.4400000000000000E-002  0.55320000000000003       0.11600000000000001       0.22380000000000000        9.2600000000000002E-002
   180.00000000000000       -3.5515655280194736E-002  0.12440000000000000       0.44340000000000002       0.11380000000000000       0.22380000000000000        9.4600000000000004E-002
   181.00000000000000       -5.1073860985417746E-002  0.12340000000000000       0.44340000000000002       0.11459999999999999       0.22280000000000000        9.5799999999999996E-002
   182.00000000000000       -6.1573103878337129E-002  0.12340000000000000       0.44340000000000002       0.11320000000000000       0.22400000000000000        9.6000000000000002E-002
   183.00000000000000       -6.7603593076419000E-002  0.12100000000000000       0.44340000000000002       0.11320000000000000       0.22480000000000000        9.7600000000000006E-002
   184.00000000000000       -6.8008664618926434E-002  0.12080000000000000       0.44340000000000002       0.10720000000000000       0.22059999999999999       0.10800000000000000     
   185.00000000000000       -6.5848356493405688E-002  0.11960000000000000       0.43880000000000002       0.10820000000000000       0.22320000000000001       0.11020000000000001     
   186.00000000000000       -6.3636736628771118E-002  0.11960000000000000       0.43880000000000002       0.10820000000000000       0.21360000000000001       0.11980000000000000     
   187.00000000000000       -6.5682921291726898E-002  0.11720000000000000       0.44059999999999999       0.10820000000000000       0.21360000000000001       0.12039999999999999     
   188.00000000000000       -6.5487371189667770E-002  0.11720000000000000       0.44040000000000001       0.10820000000000000       0.21060000000000001       0.12360000000000000     
   189.00000000000000       -6.1442341101814374E-002  0.11480000000000000       0.44180000000000003       0.10820000000000000       0.19900000000000001       0.13619999999999999     
   190.00000000000000       -5.6784571693017004E-002  0.11160000000000000       0.44479999999999997       0.10820000000000000       0.19919999999999999       0.13619999999999999     
   191.00000000000000       -5.0084222645082700E-002  0.11080000000000000       0.44560000000000000       0.10820000000000000       0.19919999999999999       0.13619999999999999     
   192.00000000000000       -4.1693143479263256E-002  0.11040000000000000       0.44540000000000002       0.10820000000000000       0.19919999999999999       0.13680000000000000     
   193.00000000000000       -3.3012343408839136E-002  0.11040000000000000       0.44479999999999997       0.10820000000000000       0.19860000000000000       0.13800000000000001     
   194.00000000000000       -2.3477735971492518E-002  0.11040000000000000       0.44479999999999997       0.10820000000000000       0.19860000000000000       0.13800000000000001     
   195.00000000000000       -8.7373591643857620E-003  0.10340000000000001       0.44900000000000001       0.10820000000000000       0.19860000000000000       0.14080000000000001     
   196.00000000000000        4.7375534147475751E-003  0.10360000000000000       0.44879999999999998       0.10820000000000000       0.19860000000000000       0.14080000000000001     
   197.00000000000000        1.7589214381897922E-002  0.10360000000000000       0.44879999999999998       0.10820000000000000       0.19860000000000000       0.14080000000000001     
   198.00000000000000        3.0951920751605334E-002   9.7799999999999998E-002  0.45460000000000000       0.10820000000000000       0.19819999999999999       0.14119999999999999     
   199.00000000000000        4.4602221864681407E-002   9.7000000000000003E-002  0.45400000000000001       0.10820000000000000       0.19800000000000001       0.14280000000000001     
   200.00000000000000        6.1886713746856940E-002   9.7000000000000003E-002  0.35039999999999999       0.21020000000000000       0.19960000000000000       0.14280000000000001     
   201.00000000000000        6.8740502527553760E-002   9.7000000000000003E-002  0.35039999999999999       0.20899999999999999       0.19960000000000000       0.14399999999999999     
   202.00000000000000        6.9689895235654761E-002   0.0000000000000000       0.44760000000000000       0.20799999999999999       0.20000000000000001       0.14440000000000000     
   203.00000000000000        8.9778070116282138E-002   0.0000000000000000       0.44560000000000000       0.20640000000000000       0.20039999999999999       0.14760000000000001     
   204.00000000000000       0.11179983650683484        0.0000000000000000       0.43240000000000001       0.21779999999999999       0.20300000000000001       0.14680000000000001     
   205.00000000000000       0.13309861252312105        0.0000000000000000       0.43240000000000001       0.21440000000000001       0.19239999999999999       0.16080000000000000     
   206.00000000000000       0.15249248328854742        0.0000000000000000       0.43259999999999998       0.21420000000000000       0.18360000000000001       0.16960000000000000     
   207.00000000000000       0.17277148030994335        0.0000000000000000       0.43359999999999999       0.21320000000000000       0.19180000000000000       0.16139999999999999     
   208.00000000000000       0.18903242199184056        0.0000000000000000       0.43380000000000002       0.21260000000000001        1.1800000000000000E-002  0.34179999999999999     
   209.00000000000000       0.19319339529416280        0.0000000000000000       0.43500000000000000       0.20699999999999999        1.4999999999999999E-002  0.34300000000000003     
   210.00000000000000       0.29009169367529369        5.0000000000000001E-003  0.44640000000000002       0.16120000000000001        3.8600000000000002E-002  0.34880000000000000     
   211.00000000000000       0.84802467616826538        2.0799999999999999E-002  0.30800000000000000       0.25380000000000003        6.8599999999999994E-002  0.34880000000000000     
   212.00000000000000       0.25276443010472738        2.0000000000000000E-002  0.29160000000000003       0.26460000000000000        7.1800000000000003E-002  0.35199999999999998     
   213.00000000000000       0.25950445438221692        1.9400000000000001E-002  0.25979999999999998       0.29299999999999998        7.9399999999999998E-002  0.34839999999999999     
   214.00000000000000       0.26225186191157074        1.7800000000000000E-002  0.25080000000000002       0.30340000000000000        7.8399999999999997E-002  0.34960000000000002     
   215.00000000000000       0.26328970529507434        1.7000000000000001E-002  0.24440000000000001       0.30800000000000000        8.1000000000000003E-002  0.34960000000000002     
   216.00000000000000       0.26270603926123126        2.3000000000000000E-002  0.24520000000000000       0.29999999999999999        8.1799999999999998E-002  0.34999999999999998     
