#        BMIN =   404
#        BMAX =   408
#     INIBAND =   406
#      NBANDS =   540
#         NSW =  2000
#       POTIM =   1.0
#        TEMP = 300.0
#    NAMDTINI =   928
#    NAMDTIME =  1000
#       NTRAJ =  5000
#        NELM =  1000
#       LHOLE =     T
#        LSHP =     T
#      LCPTXT =     T
#      RUNDIR = ../../run/
   1.0000000000000000       -9.9850753178581837E-003   0.0000000000000000        0.0000000000000000        1.0000000000000000        0.0000000000000000        0.0000000000000000     
   2.0000000000000000       -2.9461932777934706E-002   0.0000000000000000        0.0000000000000000       0.99980000000000002        0.0000000000000000        2.0000000000000001E-004
   3.0000000000000000       -4.8705127498695835E-002   0.0000000000000000        4.0000000000000002E-004  0.99880000000000002        5.9999999999999995E-004   2.0000000000000001E-004
   4.0000000000000000       -6.8457054190642019E-002   0.0000000000000000        4.0000000000000002E-004  0.99880000000000002        5.9999999999999995E-004   2.0000000000000001E-004
   5.0000000000000000       -8.8144762353843761E-002   0.0000000000000000        2.0000000000000001E-004  0.99900000000000000        5.9999999999999995E-004   2.0000000000000001E-004
   6.0000000000000000      -0.10653832241420033        0.0000000000000000        0.0000000000000000       0.99780000000000002        5.9999999999999995E-004   1.6000000000000001E-003
   7.0000000000000000      -0.12291084758232373        1.0000000000000000E-003   2.0000000000000001E-004  0.99419999999999997        2.8000000000000000E-003   1.8000000000000000E-003
   8.0000000000000000      -0.13719412571637468        0.0000000000000000       0.10800000000000000       0.88519999999999999        5.0000000000000001E-003   1.8000000000000000E-003
   9.0000000000000000      -0.13286258020431024        0.0000000000000000       0.10800000000000000       0.88519999999999999        5.0000000000000001E-003   1.8000000000000000E-003
   10.000000000000000      -0.10940474469582341        0.0000000000000000       0.10800000000000000       0.88519999999999999        5.0000000000000001E-003   1.8000000000000000E-003
   11.000000000000000       -8.5802643593607550E-002   0.0000000000000000       0.10800000000000000       0.88519999999999999        5.0000000000000001E-003   1.8000000000000000E-003
   12.000000000000000       -6.2600621775482770E-002   0.0000000000000000       0.10800000000000000       0.88519999999999999        5.0000000000000001E-003   1.8000000000000000E-003
   13.000000000000000       -4.3989897172316113E-002   0.0000000000000000       0.10800000000000000       0.88519999999999999        5.0000000000000001E-003   1.8000000000000000E-003
   14.000000000000000       -2.6851234394046099E-002   0.0000000000000000       0.10800000000000000       0.88519999999999999        5.0000000000000001E-003   1.8000000000000000E-003
   15.000000000000000       -1.4513591173334638E-002   0.0000000000000000       0.10780000000000001       0.88519999999999999        5.1999999999999998E-003   1.8000000000000000E-003
   16.000000000000000       -7.3729847244453058E-003   0.0000000000000000       0.10760000000000000       0.88519999999999999        5.4000000000000003E-003   1.8000000000000000E-003
   17.000000000000000       -4.9954447311893798E-003   0.0000000000000000       0.10720000000000000       0.88519999999999999        5.7999999999999996E-003   1.8000000000000000E-003
   18.000000000000000       -9.2028407303602726E-003   0.0000000000000000       0.14580000000000001       0.84660000000000002        5.5999999999999999E-003   2.0000000000000000E-003
   19.000000000000000       -1.0525979044268826E-002   0.0000000000000000       0.14580000000000001       0.84399999999999997        8.0000000000000002E-003   2.2000000000000001E-003
   20.000000000000000        6.6871517809059802E-003   0.0000000000000000       0.14580000000000001       0.84319999999999995        8.8000000000000005E-003   2.2000000000000001E-003
   21.000000000000000        2.2601647484982963E-002   0.0000000000000000       0.14580000000000001       0.84079999999999999        1.1200000000000000E-002   2.2000000000000001E-003
   22.000000000000000        3.7777865722831774E-002   5.1200000000000002E-002   9.4600000000000004E-002  0.83740000000000003        1.4200000000000001E-002   2.5999999999999999E-003
   23.000000000000000        5.6993977510337288E-002   5.1200000000000002E-002   9.2999999999999999E-002  0.83679999999999999        1.6400000000000001E-002   2.5999999999999999E-003
   24.000000000000000        7.6219069175596843E-002   4.7399999999999998E-002   9.5799999999999996E-002  0.83720000000000006        1.7000000000000001E-002   2.5999999999999999E-003
   25.000000000000000        9.7345529373972048E-002   4.7399999999999998E-002   9.3200000000000005E-002  0.83979999999999999        1.6600000000000000E-002   3.0000000000000001E-003
   26.000000000000000       0.11616359420784163        4.6399999999999997E-002   9.3600000000000003E-002  0.84019999999999995        1.6600000000000000E-002   3.2000000000000002E-003
   27.000000000000000       0.13603585899006410        4.2999999999999997E-002   8.5999999999999993E-002  0.85060000000000002        1.6600000000000000E-002   3.8000000000000000E-003
   28.000000000000000       0.15223824391606328        4.2999999999999997E-002   8.6400000000000005E-002  0.84960000000000002        1.7000000000000001E-002   4.0000000000000001E-003
   29.000000000000000       0.16680438691513555        4.2999999999999997E-002   8.5199999999999998E-002  0.84980000000000000        1.7999999999999999E-002   4.0000000000000001E-003
   30.000000000000000       0.18023413670038202        4.2799999999999998E-002   8.4800000000000000E-002  0.84919999999999995        1.9199999999999998E-002   4.0000000000000001E-003
   31.000000000000000       0.19155657266067544        4.2799999999999998E-002   8.3000000000000004E-002  0.85080000000000000        1.9199999999999998E-002   4.1999999999999997E-003
   32.000000000000000       0.19961153564525938        4.2799999999999998E-002   8.3199999999999996E-002  0.84819999999999995        2.1399999999999999E-002   4.4000000000000003E-003
   33.000000000000000       0.21844873017466676        4.0000000000000001E-002   8.4599999999999995E-002  0.84660000000000002        2.4400000000000002E-002   4.4000000000000003E-003
   34.000000000000000       0.22169654168699807        4.0000000000000001E-002   8.4599999999999995E-002  0.84599999999999997        2.5000000000000001E-002   4.4000000000000003E-003
   35.000000000000000       0.22553695823115028        3.8800000000000001E-002   8.1799999999999998E-002  0.84860000000000002        2.5000000000000001E-002   5.7999999999999996E-003
   36.000000000000000       0.23243599059119269        3.8800000000000001E-002   8.1799999999999998E-002  0.84799999999999998        2.5000000000000001E-002   6.4000000000000003E-003
   37.000000000000000       0.23970986515971029        3.8800000000000001E-002   7.5200000000000003E-002  0.85299999999999998        2.6599999999999999E-002   6.4000000000000003E-003
   38.000000000000000       0.23730947437839942        3.8600000000000002E-002   6.8599999999999994E-002  0.85940000000000005        2.6599999999999999E-002   6.7999999999999996E-003
   39.000000000000000       0.24019215931003149        3.7600000000000001E-002   6.8599999999999994E-002  0.86019999999999996        2.6800000000000001E-002   6.7999999999999996E-003
   40.000000000000000       0.23935857380326134        3.7600000000000001E-002   6.8000000000000005E-002  0.86040000000000005        2.7199999999999998E-002   6.7999999999999996E-003
   41.000000000000000       0.23680657825789195        3.7199999999999997E-002   6.8000000000000005E-002  0.85999999999999999        2.7600000000000000E-002   7.1999999999999998E-003
   42.000000000000000       0.23232731336891718        3.7199999999999997E-002   6.8000000000000005E-002  0.85999999999999999        2.7600000000000000E-002   7.1999999999999998E-003
   43.000000000000000       0.22655408743273034        3.7199999999999997E-002   6.7599999999999993E-002  0.85999999999999999        2.8000000000000001E-002   7.1999999999999998E-003
   44.000000000000000       0.22222676182118803        0.0000000000000000       0.10480000000000000       0.85980000000000001        2.8000000000000001E-002   7.4000000000000003E-003
   45.000000000000000       0.21694795905803993        0.0000000000000000       0.10480000000000000       0.85899999999999999        2.8799999999999999E-002   7.4000000000000003E-003
   46.000000000000000       0.21391920974370640        0.0000000000000000       0.10480000000000000       0.85899999999999999        2.8799999999999999E-002   7.4000000000000003E-003
   47.000000000000000       0.20927475713893784        0.0000000000000000       0.10480000000000000       0.85860000000000003        2.9200000000000000E-002   7.4000000000000003E-003
   48.000000000000000       0.20215572775268015        0.0000000000000000       0.10480000000000000       0.85860000000000003        2.9200000000000000E-002   7.4000000000000003E-003
   49.000000000000000       0.19332586857992637        0.0000000000000000       0.10480000000000000       0.85860000000000003        2.9200000000000000E-002   7.4000000000000003E-003
   50.000000000000000       0.17186292836778344        0.0000000000000000       0.57399999999999995       0.38940000000000002        2.9200000000000000E-002   7.4000000000000003E-003
   51.000000000000000       0.17527280554111088        0.0000000000000000       0.57320000000000004       0.38940000000000002        2.9999999999999999E-002   7.4000000000000003E-003
   52.000000000000000       0.17002984072876548        0.0000000000000000       0.57320000000000004       0.38940000000000002        2.9600000000000001E-002   7.7999999999999996E-003
   53.000000000000000       0.16225744156477281        0.0000000000000000       0.57160000000000000       0.38940000000000002        3.1000000000000000E-002   8.0000000000000002E-003
   54.000000000000000       0.15035056395164742        0.0000000000000000       0.57160000000000000       0.38940000000000002        3.1000000000000000E-002   8.0000000000000002E-003
   55.000000000000000       0.13515424145623700        0.0000000000000000       0.57160000000000000       0.38940000000000002        3.1000000000000000E-002   8.0000000000000002E-003
   56.000000000000000       0.11756491898233604        0.0000000000000000       0.57160000000000000       0.38940000000000002        3.1000000000000000E-002   8.0000000000000002E-003
   57.000000000000000        9.7337194732707036E-002   0.0000000000000000       0.57160000000000000       0.38940000000000002        3.1000000000000000E-002   8.0000000000000002E-003
   58.000000000000000        7.7996224223774988E-002   0.0000000000000000       0.45340000000000003       0.50739999999999996        3.1000000000000000E-002   8.2000000000000007E-003
   59.000000000000000        5.1702695024845875E-002   0.0000000000000000       0.45340000000000003       0.50580000000000003        3.2800000000000003E-002   8.0000000000000002E-003
   60.000000000000000        2.5451144775336002E-002   0.0000000000000000       0.45340000000000003       0.50580000000000003        3.2800000000000003E-002   8.0000000000000002E-003
   61.000000000000000       -1.0905831402156980E-003   0.0000000000000000       0.45340000000000003       0.50419999999999998        3.4400000000000000E-002   8.0000000000000002E-003
   62.000000000000000       -2.7288296100921143E-002   0.0000000000000000       0.45340000000000003       0.50119999999999998        3.6799999999999999E-002   8.6000000000000000E-003
   63.000000000000000       -5.6724483777348587E-002  0.12620000000000001       0.32579999999999998       0.50100000000000000        3.7999999999999999E-002   8.9999999999999993E-003
   64.000000000000000       -7.1294849260195498E-002  0.12620000000000001       0.32460000000000000       0.50219999999999998        3.7999999999999999E-002   8.9999999999999993E-003
   65.000000000000000       -7.7401782552873485E-002  0.12620000000000001       0.32240000000000002       0.50400000000000000        3.8199999999999998E-002   9.1999999999999998E-003
   66.000000000000000       -8.2620981092113813E-002  0.12620000000000001       0.32240000000000002       0.50300000000000000        3.9199999999999999E-002   9.1999999999999998E-003
   67.000000000000000       -8.5749699502765384E-002  0.12620000000000001       0.32219999999999999       0.50160000000000005        4.0599999999999997E-002   9.4000000000000004E-003
   68.000000000000000       -8.9178042449481465E-002  0.12620000000000001       0.32200000000000001       0.50100000000000000        4.1200000000000001E-002   9.5999999999999992E-003
   69.000000000000000       -8.1890553885878639E-002  0.12320000000000000       0.32260000000000000       0.50200000000000000        4.1599999999999998E-002   1.0600000000000000E-002
   70.000000000000000       -8.9406477467482579E-002  0.12260000000000000       0.32279999999999998       0.50160000000000005        4.2000000000000003E-002   1.0999999999999999E-002
   71.000000000000000      -0.12374043247265044       0.12120000000000000       0.31519999999999998       0.50980000000000003        4.2000000000000003E-002   1.1800000000000000E-002
   72.000000000000000       -5.2730981746009611E-002  0.12060000000000000       0.31580000000000003       0.50960000000000005        4.2200000000000001E-002   1.1800000000000000E-002
   73.000000000000000       -8.7833610467178386E-002  0.11700000000000001       0.31319999999999998       0.51500000000000001        4.2999999999999997E-002   1.1800000000000000E-002
   74.000000000000000        3.5305100483665690E-002  0.11360000000000001       0.31159999999999999       0.51839999999999997        4.1399999999999999E-002   1.4999999999999999E-002
   75.000000000000000       -7.2520804374900757E-002  0.11360000000000001       0.29940000000000000       0.53039999999999998        4.1200000000000001E-002   1.5400000000000000E-002
   76.000000000000000       -8.0429516272904414E-002   5.6000000000000001E-002  0.35520000000000002       0.53200000000000003        4.0800000000000003E-002   1.6000000000000000E-002
   77.000000000000000       -7.3972430793243130E-002   5.5800000000000002E-002  0.35520000000000002       0.53220000000000001        3.9600000000000003E-002   1.7200000000000000E-002
   78.000000000000000       -6.5211990209829498E-002   5.5000000000000000E-002  0.49320000000000003       0.39500000000000002        3.9600000000000003E-002   1.7200000000000000E-002
   79.000000000000000       -4.7511375452805010E-002   5.5000000000000000E-002  0.49299999999999999       0.39500000000000002        3.9600000000000003E-002   1.7399999999999999E-002
   80.000000000000000       -3.3503290529042842E-002   5.5000000000000000E-002  0.49299999999999999       0.39500000000000002        3.9199999999999999E-002   1.7800000000000000E-002
   81.000000000000000       -2.0553380318908725E-002   5.5000000000000000E-002  0.49299999999999999       0.39500000000000002        3.8800000000000001E-002   1.8200000000000001E-002
   82.000000000000000       -9.1762908530579161E-003   5.3600000000000002E-002  0.49440000000000001       0.39500000000000002        3.8800000000000001E-002   1.8200000000000001E-002
   83.000000000000000        5.1163761608748800E-004   5.3400000000000003E-002  0.49440000000000001       0.39500000000000002        3.8800000000000001E-002   1.8400000000000000E-002
   84.000000000000000        7.3365620681040298E-003   5.3400000000000003E-002  0.49419999999999997       0.39500000000000002        3.8800000000000001E-002   1.8599999999999998E-002
   85.000000000000000        1.2341597665734888E-002   5.3999999999999999E-002  0.49199999999999999       0.39500000000000002        4.0599999999999997E-002   1.8400000000000000E-002
   86.000000000000000        1.4810683030275168E-002   5.4399999999999997E-002  0.49159999999999998       0.39500000000000002        4.0599999999999997E-002   1.8400000000000000E-002
   87.000000000000000        1.4451008938669184E-002   5.7000000000000002E-002  0.48799999999999999       0.39500000000000002        4.0599999999999997E-002   1.9400000000000001E-002
   88.000000000000000        1.1094282542286053E-002   5.3600000000000002E-002  0.49140000000000000       0.39500000000000002        4.0599999999999997E-002   1.9400000000000001E-002
   89.000000000000000        5.4486845374902750E-003   5.5199999999999999E-002  0.48959999999999998       0.39500000000000002        4.0599999999999997E-002   1.9599999999999999E-002
   90.000000000000000       -2.3021647241015806E-003   5.6000000000000001E-002  0.48820000000000002       0.39500000000000002        4.0800000000000003E-002   2.0000000000000000E-002
   91.000000000000000       -1.1555609413368851E-002   4.9399999999999999E-002  0.49459999999999998       0.39500000000000002        4.0800000000000003E-002   2.0199999999999999E-002
   92.000000000000000       -2.2548405703926348E-002   4.2799999999999998E-002  0.50119999999999998       0.39500000000000002        4.0399999999999998E-002   2.0600000000000000E-002
   93.000000000000000       -3.4273971465197867E-002   3.5200000000000002E-002  0.50880000000000003       0.39500000000000002        4.0599999999999997E-002   2.0400000000000001E-002
   94.000000000000000       -4.6570679539025134E-002   3.0800000000000001E-002  0.51280000000000003       0.39500000000000002        4.0800000000000003E-002   2.0600000000000000E-002
   95.000000000000000       -5.9185879730694974E-002   3.2599999999999997E-002  0.50939999999999996       0.39560000000000001        4.1399999999999999E-002   2.1000000000000001E-002
   96.000000000000000       -7.3725830608636647E-002   3.4799999999999998E-002  0.50939999999999996       0.39319999999999999        4.0200000000000000E-002   2.2400000000000000E-002
   97.000000000000000       -8.9137134065128201E-002   3.6200000000000003E-002  0.50939999999999996       0.39179999999999998        3.8800000000000001E-002   2.3800000000000002E-002
   98.000000000000000      -0.10242150332737453        2.2000000000000001E-003  0.54200000000000004       0.39079999999999998        3.9800000000000002E-002   2.5200000000000000E-002
   99.000000000000000      -0.11164310327621664        2.2000000000000001E-003  0.54259999999999997       0.38979999999999998        3.7800000000000000E-002   2.7600000000000000E-002
   100.00000000000000      -0.11788509220745964        2.2000000000000001E-003  0.54279999999999995       0.38919999999999999        3.7999999999999999E-002   2.7799999999999998E-002
   101.00000000000000      -0.12652378986513754        2.2000000000000001E-003  0.54379999999999995       0.38819999999999999        3.5799999999999998E-002   2.9999999999999999E-002
   102.00000000000000      -0.13001756485481994        2.2000000000000001E-003  0.54379999999999995       0.38779999999999998        3.5799999999999998E-002   3.0400000000000000E-002
   103.00000000000000      -0.13764395502155091       0.21240000000000001       0.33260000000000001       0.38800000000000001        3.5999999999999997E-002   3.1000000000000000E-002
   104.00000000000000      -0.14018830051078957       0.21279999999999999       0.33260000000000001       0.38719999999999999        3.5400000000000001E-002   3.2000000000000001E-002
   105.00000000000000      -0.13955168023196524       0.21360000000000001       0.33260000000000001       0.38540000000000002        3.5799999999999998E-002   3.2599999999999997E-002
   106.00000000000000      -0.14025893757975097       0.21560000000000001       0.48520000000000002       0.23000000000000001        3.6400000000000002E-002   3.2800000000000003E-002
   107.00000000000000      -0.13320856789195534       0.21179999999999999       0.48899999999999999       0.23000000000000001        3.5000000000000003E-002   3.4200000000000001E-002
   108.00000000000000      -0.12850116386085161       0.18579999999999999       0.51500000000000001       0.23000000000000001        3.5000000000000003E-002   3.4200000000000001E-002
   109.00000000000000      -0.12263370128669580       0.18940000000000001       0.51000000000000001       0.23000000000000001        3.5000000000000003E-002   3.5600000000000000E-002
   110.00000000000000      -0.11467761415528679       0.17299999999999999       0.52580000000000005       0.23000000000000001        3.5000000000000003E-002   3.6200000000000003E-002
   111.00000000000000      -0.10522676591047621       0.17240000000000000       0.52559999999999996       0.23000000000000001        3.4200000000000001E-002   3.7800000000000000E-002
   112.00000000000000       -9.5724969229438947E-002  0.17299999999999999       0.52500000000000002       0.23000000000000001        3.4200000000000001E-002   3.7800000000000000E-002
   113.00000000000000       -8.3334654561328547E-002  0.17000000000000001       0.52800000000000002       0.23000000000000001        3.3599999999999998E-002   3.8399999999999997E-002
   114.00000000000000       -7.0817357197201378E-002  0.17019999999999999       0.52780000000000005       0.23000000000000001        2.9200000000000000E-002   4.2799999999999998E-002
   115.00000000000000       -6.3429364181684766E-002  0.16780000000000000       0.52980000000000005       0.23000000000000001        3.8399999999999997E-002   3.4000000000000002E-002
   116.00000000000000       -4.9682964422905165E-002  0.16819999999999999       0.52939999999999998       0.23000000000000001        3.1399999999999997E-002   4.1000000000000002E-002
   117.00000000000000       -3.3726158341066612E-002  0.16500000000000001       0.53259999999999996       0.23000000000000001        3.1600000000000003E-002   4.0800000000000003E-002
   118.00000000000000       -2.1202016019209475E-002  0.16520000000000001       0.52900000000000003       0.23000000000000001        3.5000000000000003E-002   4.0800000000000003E-002
   119.00000000000000       -1.0403035653556932E-002  0.16539999999999999       0.52739999999999998       0.23000000000000001        3.6400000000000002E-002   4.0800000000000003E-002
   120.00000000000000        1.1459944576490202E-003  0.16200000000000001       0.50300000000000000       0.25600000000000001        3.8600000000000002E-002   4.0399999999999998E-002
   121.00000000000000        6.6876043529090178E-003  0.15980000000000000       0.50300000000000000       0.25819999999999999        3.8600000000000002E-002   4.0399999999999998E-002
   122.00000000000000       -2.4691989606536249E-004  0.15939999999999999       0.50300000000000000       0.25860000000000000        3.9000000000000000E-002   4.0000000000000001E-002
   123.00000000000000       -9.7001059161149726E-003  0.18079999999999999       0.48080000000000001       0.25860000000000000        3.9800000000000002E-002   4.0000000000000001E-002
   124.00000000000000       -1.5478482172725188E-002  0.18079999999999999       0.47880000000000000       0.25840000000000002        4.2000000000000003E-002   4.0000000000000001E-002
   125.00000000000000       -1.5063201413505641E-002  0.18079999999999999       0.47880000000000000       0.25840000000000002        4.2000000000000003E-002   4.0000000000000001E-002
   126.00000000000000       -1.5146779855408561E-002  0.18079999999999999       0.47799999999999998       0.25879999999999997        4.2000000000000003E-002   4.0399999999999998E-002
   127.00000000000000       -1.8287615749952253E-002  0.18099999999999999       0.47739999999999999       0.25679999999999997        4.4600000000000001E-002   4.0200000000000000E-002
   128.00000000000000       -1.4154065856056134E-002  0.16860000000000000       0.48959999999999998       0.25700000000000001        4.4600000000000001E-002   4.0200000000000000E-002
   129.00000000000000       -7.8453803338873526E-003  0.15359999999999999       0.50419999999999998       0.25440000000000002        4.7199999999999999E-002   4.0599999999999997E-002
   130.00000000000000       -3.0811023080661443E-003  0.13280000000000000       0.52500000000000002       0.25440000000000002        4.7000000000000000E-002   4.0800000000000003E-002
   131.00000000000000       -2.5079462604984323E-003  0.13280000000000000       0.52500000000000002       0.25319999999999998        4.6800000000000001E-002   4.2200000000000001E-002
   132.00000000000000       -3.7379298846568192E-003  0.13280000000000000       0.52420000000000000       0.25259999999999999        4.7800000000000002E-002   4.2599999999999999E-002
   133.00000000000000       -7.0824332409158211E-003  0.13280000000000000       0.52320000000000000       0.25280000000000002        4.8599999999999997E-002   4.2599999999999999E-002
   134.00000000000000       -1.3505313258547201E-002  0.13280000000000000       0.52039999999999997       0.25519999999999998        4.9000000000000002E-002   4.2599999999999999E-002
   135.00000000000000       -2.2892181654625907E-002  0.13200000000000001       0.52039999999999997       0.25559999999999999        4.7199999999999999E-002   4.4800000000000000E-002
   136.00000000000000       -3.5140870653204356E-002  0.13200000000000001       0.52059999999999995       0.25500000000000000        4.8000000000000001E-002   4.4400000000000002E-002
   137.00000000000000       -4.9207887757945566E-002  0.13200000000000001       0.51859999999999995       0.25600000000000001        4.8200000000000000E-002   4.5199999999999997E-002
   138.00000000000000       -6.0781178683585353E-002  0.13200000000000001       0.51100000000000001       0.26179999999999998        4.7000000000000000E-002   4.8200000000000000E-002
   139.00000000000000       -7.1709044808317857E-002  0.13200000000000001       0.50600000000000001       0.26619999999999999        4.7000000000000000E-002   4.8800000000000003E-002
   140.00000000000000       -8.4111689960534586E-002  0.13200000000000001       0.50480000000000003       0.26740000000000003        4.5800000000000000E-002   5.0000000000000003E-002
   141.00000000000000       -9.5123629981121449E-002   7.0800000000000002E-002  0.56399999999999995       0.26939999999999997        4.5800000000000000E-002   5.0000000000000003E-002
   142.00000000000000       -9.4718895963549599E-002   7.0800000000000002E-002  0.58160000000000001       0.25159999999999999        4.5800000000000000E-002   5.0200000000000002E-002
   143.00000000000000       -9.1681691302915314E-002   7.7200000000000005E-002  0.57499999999999996       0.25159999999999999        4.5800000000000000E-002   5.0400000000000000E-002
   144.00000000000000       -9.1853550515566679E-002   7.6799999999999993E-002  0.57540000000000002       0.25159999999999999        4.5800000000000000E-002   5.0400000000000000E-002
   145.00000000000000       -5.9794608731921300E-002   7.6600000000000001E-002  0.57540000000000002       0.25180000000000002        4.5800000000000000E-002   5.0400000000000000E-002
   146.00000000000000       -2.6798188808512521E-002   7.6799999999999993E-002  0.57499999999999996        2.0000000000000001E-004  0.29759999999999998        5.0400000000000000E-002
   147.00000000000000        1.5921049353571290E-003   7.6799999999999993E-002  0.57299999999999995        2.0000000000000001E-004  0.29959999999999998        5.0400000000000000E-002
   148.00000000000000        2.6919395182055765E-002   7.8600000000000003E-002  0.57120000000000004        2.0000000000000001E-004  0.29959999999999998        5.0400000000000000E-002
   149.00000000000000        3.4755722954763646E-002   7.9600000000000004E-002  0.57020000000000004        2.0000000000000001E-004  0.29959999999999998        5.0400000000000000E-002
   150.00000000000000        6.0413871025181053E-002   7.9200000000000007E-002  0.57060000000000000        2.0000000000000001E-004  0.29959999999999998        5.0400000000000000E-002
   151.00000000000000        6.7399907611157148E-002   7.9799999999999996E-002  0.56979999999999997        2.0000000000000001E-004  0.29980000000000001        5.0400000000000000E-002
   152.00000000000000        6.8219613704061988E-002   7.9799999999999996E-002  0.56979999999999997        2.0000000000000001E-004  0.29980000000000001        5.0400000000000000E-002
   153.00000000000000        6.2236569937605721E-002   8.0000000000000002E-002  0.56960000000000000        2.0000000000000001E-004  0.29980000000000001        5.0400000000000000E-002
   154.00000000000000        4.7667718894792745E-002   8.1400000000000000E-002  0.56779999999999997        2.0000000000000001E-004  0.30020000000000002        5.0400000000000000E-002
   155.00000000000000        2.6857446307596969E-002   8.0799999999999997E-002  0.56840000000000002        2.0000000000000001E-004  0.30020000000000002        5.0400000000000000E-002
   156.00000000000000        1.1307312876291092E-003   8.3400000000000002E-002  0.56479999999999997        1.8000000000000000E-003  0.29959999999999998        5.0400000000000000E-002
   157.00000000000000       -2.4772413906903563E-002  0.18420000000000000       0.46360000000000001        1.8000000000000000E-003  0.29959999999999998        5.0799999999999998E-002
   158.00000000000000       -3.8760425252443741E-002  0.17319999999999999       0.47039999999999998        2.2000000000000001E-003  0.30299999999999999        5.1200000000000002E-002
   159.00000000000000       -2.5401965418343400E-002  0.14620000000000000       0.49619999999999997        2.2000000000000001E-003  0.30199999999999999        5.3400000000000003E-002
   160.00000000000000        7.9952018129770507E-003  0.14040000000000000       0.28639999999999999       0.21779999999999999       0.30159999999999998        5.3800000000000001E-002
   161.00000000000000        1.1832520797519463E-002  0.14940000000000001       0.28680000000000000       0.20280000000000001       0.30640000000000001        5.4600000000000003E-002
   162.00000000000000        1.5367483199326831E-002  0.14000000000000001       0.29640000000000000       0.20260000000000000       0.30640000000000001        5.4600000000000003E-002
   163.00000000000000        2.8266832870667058E-002  0.14000000000000001       0.29659999999999997       0.19780000000000000       0.30759999999999998        5.8000000000000003E-002
   164.00000000000000        4.4468751181164771E-002  0.13840000000000000       0.29659999999999997       0.19919999999999999       0.30780000000000002        5.8000000000000003E-002
   165.00000000000000        6.1403444222440089E-002  0.13480000000000000       0.29239999999999999       0.20219999999999999       0.31259999999999999        5.8000000000000003E-002
   166.00000000000000        7.4785375098562229E-002  0.13480000000000000       0.29199999999999998       0.20260000000000000       0.31280000000000002        5.7799999999999997E-002
   167.00000000000000        8.5192164130239070E-002  0.13480000000000000       0.29220000000000002       0.20240000000000000       0.31280000000000002        5.7799999999999997E-002
   168.00000000000000       0.12994841336654678       0.13420000000000001       0.29280000000000000       0.20240000000000000       0.31300000000000000        5.7599999999999998E-002
   169.00000000000000       0.10300478937362482       0.13400000000000001       0.29199999999999998       0.20319999999999999       0.31059999999999999        6.0199999999999997E-002
   170.00000000000000       0.11424293365907483       0.13260000000000000       0.28260000000000002       0.21079999999999999       0.31300000000000000        6.0999999999999999E-002
   171.00000000000000       0.12064227719694021       0.13120000000000001       0.28820000000000001       0.20440000000000000       0.31319999999999998        6.3000000000000000E-002
   172.00000000000000       0.12359582017228593       0.12759999999999999       0.27920000000000000       0.20880000000000001       0.32060000000000000        6.3799999999999996E-002
   173.00000000000000       0.12594589502404632       0.12400000000000000       0.27860000000000001       0.21099999999999999       0.32240000000000002        6.4000000000000001E-002
   174.00000000000000       0.13130959169326623       0.12400000000000000       0.27000000000000002       0.20820000000000000       0.33360000000000001        6.4199999999999993E-002
   175.00000000000000       0.13318246840993231       0.12420000000000000       0.26979999999999998       0.20440000000000000       0.33620000000000000        6.5400000000000000E-002
   176.00000000000000       0.13444747717322045       0.12379999999999999       0.26900000000000002       0.20440000000000000       0.33720000000000000        6.5600000000000006E-002
   177.00000000000000       0.13758447582583405       0.12200000000000000       0.26479999999999998       0.20399999999999999       0.34079999999999999        6.8400000000000002E-002
   178.00000000000000       0.14369592438411366        8.4800000000000000E-002  0.29099999999999998       0.20680000000000001       0.34880000000000000        6.8599999999999994E-002
   179.00000000000000       0.14764891022130822        6.7199999999999996E-002  0.30299999999999999       0.21220000000000000       0.34760000000000002        7.0000000000000007E-002
   180.00000000000000       0.15252986876389632        6.3399999999999998E-002  0.29980000000000001       0.21800000000000000       0.34780000000000000        7.0999999999999994E-002
   181.00000000000000       0.15881112235708536        6.3399999999999998E-002  0.29580000000000001       0.21980000000000000       0.34899999999999998        7.1999999999999995E-002
   182.00000000000000       0.16566931084506975        3.3200000000000000E-002  0.32600000000000001       0.21700000000000000       0.35139999999999999        7.2400000000000006E-002
   183.00000000000000       0.17743040861599424        3.2399999999999998E-002  0.32600000000000001       0.21540000000000001       0.35360000000000003        7.2599999999999998E-002
   184.00000000000000       0.18914737947865645        3.2199999999999999E-002  0.32600000000000001       0.21560000000000001       0.35360000000000003        7.2599999999999998E-002
   185.00000000000000       0.19857869198109990        3.1800000000000002E-002  0.34220000000000000       0.19900000000000001       0.35360000000000003        7.3400000000000007E-002
   186.00000000000000       0.20254895094843944        3.1800000000000002E-002  0.34120000000000000       0.19900000000000001       0.35460000000000003        7.3400000000000007E-002
   187.00000000000000       0.20411864155565176        3.1800000000000002E-002  0.34100000000000003       0.19900000000000001       0.35439999999999999        7.3800000000000004E-002
   188.00000000000000       0.20267410878615055        2.9600000000000001E-002  0.34320000000000001       0.19900000000000001       0.35439999999999999        7.3800000000000004E-002
   189.00000000000000       0.19573649366336793        2.9600000000000001E-002  0.34339999999999998       0.19900000000000001       0.35020000000000001        7.7799999999999994E-002
   190.00000000000000       0.19143407631784951        2.9600000000000001E-002  0.34039999999999998       0.19900000000000001       0.35280000000000000        7.8200000000000006E-002
   191.00000000000000       0.18160288386732143        2.7600000000000000E-002  0.34039999999999998       0.19900000000000001       0.35480000000000000        7.8200000000000006E-002
   192.00000000000000       0.16904278004576156        2.5600000000000001E-002  0.34239999999999998       0.19900000000000001       0.35399999999999998        7.9000000000000001E-002
   193.00000000000000       0.15416566235176943        2.5000000000000001E-002  0.34200000000000003       0.19900000000000001       0.35499999999999998        7.9000000000000001E-002
   194.00000000000000       0.13765865773183239        2.5000000000000001E-002  0.33979999999999999       0.19900000000000001       0.35720000000000002        7.9000000000000001E-002
   195.00000000000000       0.11659619166288764        2.6200000000000001E-002  0.53700000000000003        0.0000000000000000       0.35780000000000001        7.9000000000000001E-002
   196.00000000000000        9.5706057568564568E-002   2.6200000000000001E-002  0.53700000000000003        0.0000000000000000       0.35780000000000001        7.9000000000000001E-002
   197.00000000000000        7.1970632727209299E-002   0.0000000000000000       0.54720000000000002        1.6000000000000000E-002  0.35780000000000001        7.9000000000000001E-002
   198.00000000000000        5.7151823845830514E-002   0.0000000000000000       0.54220000000000002        1.6600000000000000E-002  0.36220000000000002        7.9000000000000001E-002
   199.00000000000000        3.6904173334011386E-002   0.0000000000000000       0.54059999999999997        1.5400000000000000E-002  0.36459999999999998        7.9399999999999998E-002
   200.00000000000000        1.6456353986660802E-002   0.0000000000000000       0.53739999999999999        1.4200000000000001E-002  0.36740000000000000        8.1000000000000003E-002
   201.00000000000000       -3.4451032823467828E-003   0.0000000000000000       0.53439999999999999        1.2400000000000000E-002  0.37200000000000000        8.1199999999999994E-002
   202.00000000000000       -1.8603401890644640E-002   0.0000000000000000       0.53439999999999999        1.2200000000000001E-002  0.37059999999999998        8.2799999999999999E-002
   203.00000000000000       -2.6947625499904860E-002   0.0000000000000000       0.53439999999999999        1.2200000000000001E-002  0.37080000000000002        8.2600000000000007E-002
   204.00000000000000       -3.0506933920363306E-002   0.0000000000000000       0.53439999999999999        1.1599999999999999E-002  0.37100000000000000        8.3000000000000004E-002
   205.00000000000000       -2.9188809522646998E-002   0.0000000000000000       0.53439999999999999        1.1599999999999999E-002  0.36640000000000000        8.7599999999999997E-002
   206.00000000000000       -2.3203706571909097E-002   0.0000000000000000       0.53000000000000003        1.2000000000000000E-002  0.36859999999999998        8.9399999999999993E-002
   207.00000000000000       -1.8292714706540956E-002   0.0000000000000000       0.52939999999999998        1.2000000000000000E-002  0.36180000000000001        9.6799999999999997E-002
   208.00000000000000       -2.1995261010874290E-002   0.0000000000000000       0.52900000000000003        1.2000000000000000E-002  0.36220000000000002        9.6799999999999997E-002
   209.00000000000000       -2.3537305184899739E-002   0.0000000000000000       0.52880000000000005        1.2000000000000000E-002  0.36059999999999998        9.8599999999999993E-002
   210.00000000000000       -2.2242456694072529E-002   0.0000000000000000       0.52759999999999996        1.2000000000000000E-002  0.35580000000000001       0.10460000000000000     
   211.00000000000000       -1.9999715468028874E-002   0.0000000000000000       0.52759999999999996        1.2000000000000000E-002  0.35599999999999998       0.10440000000000001     
   212.00000000000000       -1.4929010513898604E-002   0.0000000000000000       0.52759999999999996        1.2000000000000000E-002  0.35599999999999998       0.10440000000000001     
   213.00000000000000       -8.0278109904731408E-003   0.0000000000000000       0.52739999999999998        1.2000000000000000E-002  0.35599999999999998       0.10460000000000000     
   214.00000000000000       -4.3793220761840015E-004   0.0000000000000000       0.52620000000000000        1.2000000000000000E-002  0.35720000000000002       0.10460000000000000     
   215.00000000000000        8.6052483206507206E-003   0.0000000000000000       0.52620000000000000        1.2000000000000000E-002  0.35659999999999997       0.10520000000000000     
   216.00000000000000        2.3116308370123208E-002   0.0000000000000000       0.52300000000000002        1.2000000000000000E-002  0.35780000000000001       0.10720000000000000     
