#        BMIN =   404
#        BMAX =   408
#     INIBAND =   406
#      NBANDS =   540
#         NSW =  2000
#       POTIM =   1.0
#        TEMP = 300.0
#    NAMDTINI =   349
#    NAMDTIME =  1000
#       NTRAJ =  5000
#        NELM =  1000
#       LHOLE =     T
#        LSHP =     T
#      LCPTXT =     T
#      RUNDIR = ../../run/
   1.0000000000000000        1.7062847213522869E-002   0.0000000000000000        0.0000000000000000        1.0000000000000000        0.0000000000000000        0.0000000000000000     
   2.0000000000000000        7.8389925576216202E-003   0.0000000000000000        0.0000000000000000       0.99980000000000002        0.0000000000000000        2.0000000000000001E-004
   3.0000000000000000        1.9034433472745232E-002   0.0000000000000000        0.0000000000000000       0.99980000000000002        0.0000000000000000        2.0000000000000001E-004
   4.0000000000000000        2.9868156479142195E-002   0.0000000000000000        0.0000000000000000       0.99960000000000004        2.0000000000000001E-004   2.0000000000000001E-004
   5.0000000000000000        4.0671994959943912E-002   0.0000000000000000        0.0000000000000000       0.99960000000000004        2.0000000000000001E-004   2.0000000000000001E-004
   6.0000000000000000        5.1041050488755048E-002   0.0000000000000000        0.0000000000000000       0.99680000000000002        2.3999999999999998E-003   8.0000000000000004E-004
   7.0000000000000000        6.0702295998791386E-002   0.0000000000000000        0.0000000000000000       0.99339999999999995        5.4000000000000003E-003   1.1999999999999999E-003
   8.0000000000000000        6.8221022898913616E-002   0.0000000000000000        0.0000000000000000       0.99439999999999995        4.4000000000000003E-003   1.1999999999999999E-003
   9.0000000000000000        7.4561459834094873E-002   0.0000000000000000        0.0000000000000000       0.99380000000000002        5.0000000000000001E-003   1.1999999999999999E-003
   10.000000000000000        7.9565911176979295E-002   0.0000000000000000        0.0000000000000000       0.99339999999999995        5.4000000000000003E-003   1.1999999999999999E-003
   11.000000000000000        8.3291205736566509E-002   0.0000000000000000        0.0000000000000000       0.99219999999999997        6.4000000000000003E-003   1.4000000000000000E-003
   12.000000000000000        8.5481761326336156E-002   0.0000000000000000        0.0000000000000000       0.99219999999999997        6.4000000000000003E-003   1.4000000000000000E-003
   13.000000000000000        8.6430267920210191E-002   0.0000000000000000        0.0000000000000000       0.99260000000000004        6.0000000000000001E-003   1.4000000000000000E-003
   14.000000000000000        8.5698915975534626E-002   0.0000000000000000        0.0000000000000000       0.99219999999999997        6.0000000000000001E-003   1.8000000000000000E-003
   15.000000000000000        8.3425195578913286E-002   0.0000000000000000        0.0000000000000000       0.99180000000000001        6.0000000000000001E-003   2.2000000000000001E-003
   16.000000000000000        7.9160101790440973E-002   0.0000000000000000        0.0000000000000000       0.99180000000000001        6.0000000000000001E-003   2.2000000000000001E-003
   17.000000000000000        7.3827135706863362E-002   0.0000000000000000        0.0000000000000000       0.99180000000000001        6.0000000000000001E-003   2.2000000000000001E-003
   18.000000000000000        6.6056412822725716E-002   0.0000000000000000        0.0000000000000000       0.99180000000000001        6.0000000000000001E-003   2.2000000000000001E-003
   19.000000000000000        5.7286437209417521E-002   0.0000000000000000        8.0000000000000004E-004  0.99099999999999999        6.0000000000000001E-003   2.2000000000000001E-003
   20.000000000000000        4.7844745662938178E-002   0.0000000000000000        4.0800000000000003E-002  0.94999999999999996        7.0000000000000001E-003   2.2000000000000001E-003
   21.000000000000000        4.4169286092607632E-002   0.0000000000000000        2.7600000000000000E-002  0.96260000000000001        7.6000000000000000E-003   2.2000000000000001E-003
   22.000000000000000        4.7361186779822116E-002   0.0000000000000000        3.4799999999999998E-002  0.95540000000000003        7.6000000000000000E-003   2.2000000000000001E-003
   23.000000000000000        5.3391026323695898E-002   0.0000000000000000        3.5400000000000001E-002  0.95479999999999998        7.6000000000000000E-003   2.2000000000000001E-003
   24.000000000000000        5.9080889768533762E-002   2.2000000000000001E-003   3.1800000000000002E-002  0.95620000000000005        7.6000000000000000E-003   2.2000000000000001E-003
   25.000000000000000        6.4190991499834246E-002   2.2000000000000001E-003   3.1800000000000002E-002  0.95599999999999996        7.7999999999999996E-003   2.2000000000000001E-003
   26.000000000000000        6.8441121897750437E-002   2.2000000000000001E-003   3.1800000000000002E-002  0.95599999999999996        7.6000000000000000E-003   2.3999999999999998E-003
   27.000000000000000        7.0548214655809988E-002   2.2000000000000001E-003   4.0000000000000001E-002  0.94740000000000002        8.0000000000000002E-003   2.3999999999999998E-003
   28.000000000000000        7.8068769166185353E-002   2.2000000000000001E-003   4.0000000000000001E-002  0.94740000000000002        8.0000000000000002E-003   2.3999999999999998E-003
   29.000000000000000        9.5596640980953718E-002   2.2000000000000001E-003   4.0000000000000001E-002  0.94740000000000002        8.0000000000000002E-003   2.3999999999999998E-003
   30.000000000000000       0.10627962777136386        2.2000000000000001E-003   4.0000000000000001E-002  0.94740000000000002        8.0000000000000002E-003   2.3999999999999998E-003
   31.000000000000000       0.10967005928415616        2.2000000000000001E-003   3.9800000000000002E-002  0.94740000000000002        8.2000000000000007E-003   2.3999999999999998E-003
   32.000000000000000       0.10609002752641318        2.2000000000000001E-003   3.9600000000000003E-002  0.94740000000000002        8.2000000000000007E-003   2.5999999999999999E-003
   33.000000000000000        9.5730850408971391E-002   2.2000000000000001E-003   3.9600000000000003E-002  0.94740000000000002        8.2000000000000007E-003   2.5999999999999999E-003
   34.000000000000000        7.8887298935690436E-002   2.2000000000000001E-003   3.9600000000000003E-002  0.94740000000000002        8.0000000000000002E-003   2.8000000000000000E-003
   35.000000000000000        5.6897935763269882E-002   2.2000000000000001E-003   3.9600000000000003E-002  0.94740000000000002        8.0000000000000002E-003   2.8000000000000000E-003
   36.000000000000000        2.9250307410556588E-002   3.0000000000000001E-003   3.8800000000000001E-002  0.94740000000000002        8.0000000000000002E-003   2.8000000000000000E-003
   37.000000000000000       -5.0337928424958630E-004   1.0000000000000000E-003   3.6600000000000001E-002  0.95160000000000000        8.0000000000000002E-003   2.8000000000000000E-003
   38.000000000000000       -3.0933676486942886E-002   1.6000000000000001E-003   3.6600000000000001E-002  0.94999999999999996        8.6000000000000000E-003   3.2000000000000002E-003
   39.000000000000000       -2.7969770641197295E-002   1.6000000000000001E-003   3.6600000000000001E-002  0.94879999999999998        8.6000000000000000E-003   4.4000000000000003E-003
   40.000000000000000       -2.6213395494511245E-002   1.8000000000000000E-003   3.6600000000000001E-002  0.94860000000000000        8.6000000000000000E-003   4.4000000000000003E-003
   41.000000000000000       -2.4644449656916007E-002   1.8000000000000000E-003   3.6600000000000001E-002  0.94820000000000004        8.6000000000000000E-003   4.7999999999999996E-003
   42.000000000000000       -2.3658269035536705E-002   1.8000000000000000E-003   3.6600000000000001E-002  0.94740000000000002        9.4000000000000004E-003   4.7999999999999996E-003
   43.000000000000000       -2.3219419780609676E-002   1.8000000000000000E-003   3.6600000000000001E-002  0.94740000000000002        9.4000000000000004E-003   4.7999999999999996E-003
   44.000000000000000       -2.2859229389817659E-002   1.8000000000000000E-003   3.6600000000000001E-002  0.94699999999999995        9.5999999999999992E-003   5.0000000000000001E-003
   45.000000000000000       -2.3133956523846522E-002   1.8000000000000000E-003   3.6600000000000001E-002  0.94660000000000000        1.0000000000000000E-002   5.0000000000000001E-003
   46.000000000000000       -2.4037272261202610E-002   1.8000000000000000E-003   3.6600000000000001E-002  0.94560000000000000        1.0999999999999999E-002   5.0000000000000001E-003
   47.000000000000000       -2.5354635599486655E-002   1.8000000000000000E-003   3.6600000000000001E-002  0.94599999999999995        1.0600000000000000E-002   5.0000000000000001E-003
   48.000000000000000       -2.7167900195082865E-002   1.4000000000000000E-003   3.6600000000000001E-002  0.94620000000000004        1.0800000000000001E-002   5.0000000000000001E-003
   49.000000000000000       -2.9219402898222509E-002   1.4000000000000000E-003   3.6600000000000001E-002  0.94020000000000004        1.6600000000000000E-002   5.1999999999999998E-003
   50.000000000000000       -3.1215557206707534E-002   8.0000000000000004E-004   3.6600000000000001E-002  0.92720000000000002        3.0200000000000001E-002   5.1999999999999998E-003
   51.000000000000000       -3.5351906384577678E-002   8.0000000000000004E-004   3.6600000000000001E-002  0.92740000000000000        2.9999999999999999E-002   5.1999999999999998E-003
   52.000000000000000       -3.9019623939794711E-002   8.0000000000000004E-004   3.6600000000000001E-002  0.92779999999999996        2.9600000000000001E-002   5.1999999999999998E-003
   53.000000000000000       -4.6951564404411630E-002   8.0000000000000004E-004  0.24220000000000000       0.72040000000000004        3.1399999999999997E-002   5.1999999999999998E-003
   54.000000000000000       -3.2681954975113850E-002   8.0000000000000004E-004  0.24199999999999999       0.72040000000000004        3.1600000000000003E-002   5.1999999999999998E-003
   55.000000000000000       -6.1398997073376701E-003   8.0000000000000004E-004  0.24060000000000001       0.56079999999999997       0.19200000000000000        5.7999999999999996E-003
   56.000000000000000        8.9706287185710547E-003   8.0000000000000004E-004  0.23840000000000000       0.56259999999999999       0.19180000000000000        6.4000000000000003E-003
   57.000000000000000        1.4028509826463574E-002   8.0000000000000004E-004  0.23880000000000001       0.56220000000000003       0.19180000000000000        6.4000000000000003E-003
   58.000000000000000        1.7169996327375512E-002   5.9999999999999995E-004  0.23619999999999999       0.56499999999999995       0.19180000000000000        6.4000000000000003E-003
   59.000000000000000        2.2641396193119612E-002   5.9999999999999995E-004  0.22660000000000000       0.57120000000000004       0.19180000000000000        9.7999999999999997E-003
   60.000000000000000        2.5114247871892773E-002   5.9999999999999995E-004  0.22660000000000000       0.57120000000000004       0.19180000000000000        9.7999999999999997E-003
   61.000000000000000        2.8152690633091441E-002   5.9999999999999995E-004  0.20660000000000001       0.59079999999999999       0.19180000000000000        1.0200000000000001E-002
   62.000000000000000        3.0250522386686410E-002   5.9999999999999995E-004  0.20660000000000001       0.58860000000000001       0.19180000000000000        1.2400000000000000E-002
   63.000000000000000        2.8659292269150503E-002   5.9999999999999995E-004  0.20519999999999999       0.77839999999999998        1.4000000000000000E-003   1.4400000000000000E-002
   64.000000000000000        1.9059462536421386E-002   5.9999999999999995E-004  0.20519999999999999       0.77839999999999998        1.4000000000000000E-003   1.4400000000000000E-002
   65.000000000000000       -3.6951463236016974E-003   5.9999999999999995E-004  0.20519999999999999       0.77839999999999998        1.4000000000000000E-003   1.4400000000000000E-002
   66.000000000000000       -2.9925831161069047E-002   5.9999999999999995E-004  0.20480000000000001       0.77839999999999998        1.4000000000000000E-003   1.4800000000000001E-002
   67.000000000000000       -5.7284968320451587E-002   2.0000000000000000E-003  0.15759999999999999       0.81979999999999997        5.0000000000000001E-003   1.5599999999999999E-002
   68.000000000000000       -7.1936124433106249E-002   2.4799999999999999E-002  0.16020000000000001       0.79200000000000004        6.1999999999999998E-003   1.6799999999999999E-002
   69.000000000000000       -6.3303247940964744E-002   2.4799999999999999E-002  0.15340000000000001       0.79459999999999997        1.0400000000000000E-002   1.6799999999999999E-002
   70.000000000000000       -4.9651360722836595E-002   2.4799999999999999E-002  0.15620000000000001       0.79059999999999997        1.1599999999999999E-002   1.6799999999999999E-002
   71.000000000000000       -3.1526675180286790E-002   2.2599999999999999E-002  0.15359999999999999       0.78939999999999999        1.7200000000000000E-002   1.7200000000000000E-002
   72.000000000000000       -1.4496057132990188E-002   2.2400000000000000E-002  0.15320000000000000       0.78779999999999994        1.8800000000000001E-002   1.7800000000000000E-002
   73.000000000000000        2.1665357711843549E-003   2.1999999999999999E-002  0.15320000000000000       0.78779999999999994        1.9000000000000000E-002   1.7999999999999999E-002
   74.000000000000000        1.7123484417636132E-002   2.0799999999999999E-002  0.15220000000000000       0.78939999999999999        1.9400000000000001E-002   1.8200000000000001E-002
   75.000000000000000        3.3161338227165292E-002   2.0799999999999999E-002  0.15220000000000000       0.78359999999999996        2.2599999999999999E-002   2.0799999999999999E-002
   76.000000000000000        4.6726601437673015E-002   2.0799999999999999E-002  0.15220000000000000       0.78359999999999996        2.2599999999999999E-002   2.0799999999999999E-002
   77.000000000000000        6.0312346627469163E-002   1.2200000000000001E-002  0.16020000000000001       0.78400000000000003        2.2800000000000001E-002   2.0799999999999999E-002
   78.000000000000000        7.4276234046651984E-002   1.1200000000000000E-002  0.15500000000000000       0.78979999999999995        2.3199999999999998E-002   2.0799999999999999E-002
   79.000000000000000        8.6878987100596911E-002   1.1200000000000000E-002  0.15160000000000001       0.79200000000000004        2.4000000000000000E-002   2.1200000000000000E-002
   80.000000000000000        9.9067853611568571E-002   1.1200000000000000E-002  0.14460000000000001       0.79840000000000000        2.4600000000000000E-002   2.1200000000000000E-002
   81.000000000000000       0.11033806187146422        1.0600000000000000E-002  0.13739999999999999       0.80579999999999996        2.4400000000000002E-002   2.1800000000000000E-002
   82.000000000000000       0.11968096451861118        1.0600000000000000E-002  0.13220000000000001       0.81100000000000005        2.4400000000000002E-002   2.1800000000000000E-002
   83.000000000000000       0.12786462388985476        1.0400000000000000E-002  0.12620000000000001       0.81579999999999997        2.5800000000000000E-002   2.1800000000000000E-002
   84.000000000000000       0.13408149241325212        1.0400000000000000E-002  0.12620000000000001       0.81579999999999997        2.5800000000000000E-002   2.1800000000000000E-002
   85.000000000000000       0.14023928173444539        1.0400000000000000E-002  0.12020000000000000       0.81699999999999995        3.0599999999999999E-002   2.1800000000000000E-002
   86.000000000000000       0.14401728282955634        1.0400000000000000E-002  0.12000000000000000       0.81459999999999999        3.3000000000000002E-002   2.1999999999999999E-002
   87.000000000000000       0.14498481739707936        5.1999999999999998E-003  0.12520000000000001       0.81279999999999997        3.4799999999999998E-002   2.1999999999999999E-002
   88.000000000000000       0.14987322579700216        4.5999999999999999E-003  0.12520000000000001       0.81279999999999997        3.5000000000000003E-002   2.2400000000000000E-002
   89.000000000000000       0.15245796984587207        4.5999999999999999E-003  0.12520000000000001       0.81279999999999997        3.5000000000000003E-002   2.2400000000000000E-002
   90.000000000000000       0.15393485875178822        4.5999999999999999E-003  0.12500000000000000       0.81279999999999997        3.5000000000000003E-002   2.2599999999999999E-002
   91.000000000000000       0.15238667464601960        4.5999999999999999E-003  0.12500000000000000       0.81220000000000003        3.5600000000000000E-002   2.2599999999999999E-002
   92.000000000000000       0.14889388612166962        4.5999999999999999E-003  0.20499999999999999       0.73180000000000001        3.5799999999999998E-002   2.2800000000000001E-002
   93.000000000000000       0.14782003544437819        4.5999999999999999E-003  0.20519999999999999       0.73140000000000005        3.5799999999999998E-002   2.3000000000000000E-002
   94.000000000000000       0.14553958074081874        4.5999999999999999E-003  0.20519999999999999       0.73140000000000005        3.5600000000000000E-002   2.3199999999999998E-002
   95.000000000000000       0.13745157180967105        4.5999999999999999E-003  0.20499999999999999       0.73160000000000003        3.5600000000000000E-002   2.3199999999999998E-002
   96.000000000000000       0.12357303781371798        4.5999999999999999E-003  0.26979999999999998       0.66100000000000003        4.0200000000000000E-002   2.4400000000000002E-002
   97.000000000000000       0.10970377483169547        4.5999999999999999E-003  0.26979999999999998       0.65639999999999998        4.4800000000000000E-002   2.4400000000000002E-002
   98.000000000000000        9.6144934107426042E-002   4.5999999999999999E-003  0.26979999999999998       0.62439999999999996        7.5800000000000006E-002   2.5399999999999999E-002
   99.000000000000000        7.7229633099963446E-002   4.0000000000000001E-003  0.27020000000000000       0.62560000000000004        7.4800000000000005E-002   2.5399999999999999E-002
   100.00000000000000        5.6689848387778081E-002   4.0000000000000001E-003  0.27020000000000000       0.61199999999999999        8.6400000000000005E-002   2.7400000000000001E-002
   101.00000000000000        3.2323992800760031E-002   4.0000000000000001E-003  0.27020000000000000       0.61260000000000003        8.5599999999999996E-002   2.7600000000000000E-002
   102.00000000000000        6.7110031845543892E-003   3.5999999999999999E-003  0.26919999999999999       0.60340000000000005        9.4799999999999995E-002   2.9000000000000001E-002
   103.00000000000000       -1.1824786391694998E-002   3.5999999999999999E-003  0.26660000000000000       0.60199999999999998        9.8000000000000004E-002   2.9800000000000000E-002
   104.00000000000000       -2.2903563901792032E-002   3.5999999999999999E-003  0.26660000000000000       0.60199999999999998        9.7600000000000006E-002   3.0200000000000001E-002
   105.00000000000000       -3.4012484738268532E-002   3.5999999999999999E-003  0.26579999999999998       0.60140000000000005        9.9000000000000005E-002   3.0200000000000001E-002
   106.00000000000000       -4.2708157771000337E-002   2.8000000000000000E-003  0.23119999999999999       0.63639999999999997        9.9400000000000002E-002   3.0200000000000001E-002
   107.00000000000000       -5.0815366654101413E-002   2.8000000000000000E-003  0.16159999999999999       0.70399999999999996       0.10140000000000000        3.0200000000000001E-002
   108.00000000000000       -5.8992802131196502E-002   2.8000000000000000E-003  0.12540000000000001       0.74019999999999997       0.10140000000000000        3.0200000000000001E-002
   109.00000000000000       -6.1183794575284667E-002   2.3999999999999998E-003  0.13500000000000001       0.73040000000000005       0.10199999999999999        3.0200000000000001E-002
   110.00000000000000       -5.9524223585458655E-002   2.0000000000000000E-003  0.13819999999999999       0.72599999999999998       0.10260000000000000        3.1199999999999999E-002
   111.00000000000000       -5.6391703253298654E-002   1.1999999999999999E-003  0.13960000000000000       0.72419999999999995       0.10380000000000000        3.1199999999999999E-002
   112.00000000000000       -5.1679207662935329E-002   1.1999999999999999E-003  0.13900000000000001       0.72299999999999998       0.10420000000000000        3.2599999999999997E-002
   113.00000000000000       -4.6045438573076171E-002   1.1999999999999999E-003  0.13860000000000000       0.72180000000000000       0.10380000000000000        3.4599999999999999E-002
   114.00000000000000       -3.9684552803125349E-002   3.5999999999999999E-003  0.13619999999999999       0.72099999999999997       0.10360000000000000        3.5600000000000000E-002
   115.00000000000000       -3.1852276542646898E-002   3.5999999999999999E-003  0.13500000000000001       0.72040000000000004       0.10620000000000000        3.4799999999999998E-002
   116.00000000000000       -2.1471829773692490E-002   4.0000000000000002E-004  0.13680000000000000       0.72040000000000004       0.10680000000000001        3.5600000000000000E-002
   117.00000000000000       -9.9237026920461126E-003   4.0000000000000002E-004  0.13539999999999999       0.72180000000000000       0.10660000000000000        3.5799999999999998E-002
   118.00000000000000        3.5632303414364474E-003   4.0000000000000002E-004  0.13519999999999999       0.72160000000000002       0.10680000000000001        3.5999999999999997E-002
   119.00000000000000        1.7617941499186017E-002   5.9999999999999995E-004  0.13280000000000000       0.72199999999999998       0.10860000000000000        3.5999999999999997E-002
   120.00000000000000        3.2508174108199644E-002   5.9999999999999995E-004  0.13339999999999999       0.72140000000000004       0.10860000000000000        3.5999999999999997E-002
   121.00000000000000        5.2868531721281087E-002   5.9999999999999995E-004  0.12859999999999999       0.72080000000000000       0.11400000000000000        3.5999999999999997E-002
   122.00000000000000        7.8474783360343553E-002   2.0000000000000001E-004   9.6000000000000002E-002  0.74560000000000004       0.12200000000000000        3.6200000000000003E-002
   123.00000000000000       0.10154897009821834        2.0000000000000001E-004   9.3600000000000003E-002  0.74519999999999997       0.12320000000000000        3.7800000000000000E-002
   124.00000000000000       0.12453117893824947        2.0000000000000001E-004   8.8599999999999998E-002  0.74339999999999995       0.12839999999999999        3.9399999999999998E-002
   125.00000000000000       0.14464836595845482        1.0800000000000001E-002   7.8000000000000000E-002  0.73499999999999999       0.13619999999999999        4.0000000000000001E-002
   126.00000000000000       0.16209431708340616        1.0800000000000001E-002   7.8000000000000000E-002  0.73499999999999999       0.13619999999999999        4.0000000000000001E-002
   127.00000000000000       0.17627295782197300        1.0800000000000001E-002   7.8000000000000000E-002  0.73499999999999999       0.13619999999999999        4.0000000000000001E-002
   128.00000000000000       0.18611090787477857        1.0600000000000000E-002   7.8000000000000000E-002  0.73299999999999998       0.13780000000000001        4.0599999999999997E-002
   129.00000000000000       0.19135117571690710        1.0600000000000000E-002   7.8000000000000000E-002  0.73319999999999996       0.13760000000000000        4.0599999999999997E-002
   130.00000000000000       0.19460361286661543        1.0600000000000000E-002   7.8000000000000000E-002  0.73060000000000003       0.13660000000000000        4.4200000000000003E-002
   131.00000000000000       0.19186963106595795        1.0600000000000000E-002   7.8000000000000000E-002  0.72760000000000002       0.13800000000000001        4.5800000000000000E-002
   132.00000000000000       0.18705621344267426        1.0000000000000000E-002   7.8000000000000000E-002  0.71719999999999995       0.13860000000000000        5.6200000000000000E-002
   133.00000000000000       0.17560695969998377        9.7999999999999997E-003   7.8000000000000000E-002  0.71719999999999995       0.13860000000000000        5.6399999999999999E-002
   134.00000000000000       0.16061540523194492        9.4000000000000004E-003   7.8000000000000000E-002  0.71760000000000002       0.13159999999999999        6.3399999999999998E-002
   135.00000000000000       0.14211026598113119        9.1999999999999998E-003   7.8000000000000000E-002  0.71760000000000002       0.13139999999999999        6.3799999999999996E-002
   136.00000000000000       0.12129158789788901        9.1999999999999998E-003   7.8000000000000000E-002  0.71760000000000002       0.13159999999999999        6.3600000000000004E-002
   137.00000000000000       0.10042289457097299        8.8000000000000005E-003   7.8000000000000000E-002  0.71199999999999997       0.13159999999999999        6.9599999999999995E-002
   138.00000000000000        7.6100600900034010E-002   8.6000000000000000E-003   7.8000000000000000E-002  0.70760000000000001       0.13500000000000001        7.0800000000000002E-002
   139.00000000000000        5.4629519172428240E-002   5.2600000000000001E-002   3.2199999999999999E-002  0.70720000000000005       0.13639999999999999        7.1599999999999997E-002
   140.00000000000000        3.4308776892789980E-002   5.2600000000000001E-002   3.2399999999999998E-002  0.70079999999999998       0.14299999999999999        7.1199999999999999E-002
   141.00000000000000        1.4267057217260352E-002   5.2600000000000001E-002   3.1800000000000002E-002  0.70120000000000005       0.14219999999999999        7.2200000000000000E-002
   142.00000000000000       -2.8483726453048600E-003   5.2600000000000001E-002   2.2599999999999999E-002  0.71040000000000003       0.14240000000000000        7.1999999999999995E-002
   143.00000000000000       -1.6371864775891233E-002   5.2600000000000001E-002   2.1600000000000001E-002  0.71140000000000003       0.14240000000000000        7.1999999999999995E-002
   144.00000000000000       -2.6028112605433182E-002   5.2600000000000001E-002   2.1200000000000000E-002  0.71140000000000003       0.14240000000000000        7.2400000000000006E-002
   145.00000000000000       -3.0662237830267048E-002   5.2600000000000001E-002   2.3199999999999998E-002  0.70779999999999998       0.14380000000000001        7.2599999999999998E-002
   146.00000000000000       -3.0230295382378675E-002   5.2600000000000001E-002   2.5200000000000000E-002  0.70460000000000000       0.14299999999999999        7.4600000000000000E-002
   147.00000000000000       -2.7370266792824206E-002   5.2600000000000001E-002   2.5600000000000001E-002  0.70420000000000005       0.14299999999999999        7.4600000000000000E-002
   148.00000000000000       -2.0407346242368299E-002   5.2600000000000001E-002   2.5800000000000000E-002  0.70120000000000005       0.14560000000000001        7.4800000000000005E-002
   149.00000000000000       -1.1602886249850144E-002   5.2600000000000001E-002   2.6200000000000001E-002  0.70020000000000004       0.14560000000000001        7.5399999999999995E-002
   150.00000000000000       -1.1870917674283478E-003   5.2600000000000001E-002   2.6599999999999999E-002  0.69720000000000004       0.14820000000000000        7.5399999999999995E-002
   151.00000000000000        1.2546498065736621E-002   5.0400000000000000E-002   2.8199999999999999E-002  0.69320000000000004       0.14660000000000001        8.1600000000000006E-002
   152.00000000000000        2.8629141203667767E-002   5.0599999999999999E-002   2.8199999999999999E-002  0.68620000000000003       0.15020000000000000        8.4800000000000000E-002
   153.00000000000000        4.3850058908184698E-002   5.0599999999999999E-002   2.8199999999999999E-002  0.67800000000000005       0.15740000000000001        8.5800000000000001E-002
   154.00000000000000        5.9591542684812635E-002   4.4200000000000003E-002   2.8199999999999999E-002  0.68440000000000001       0.15060000000000001        9.2600000000000002E-002
   155.00000000000000        7.5023103256256593E-002   3.7999999999999999E-002   2.8199999999999999E-002  0.69059999999999999       0.14999999999999999        9.3200000000000005E-002
   156.00000000000000        9.1462907526339898E-002   3.1000000000000000E-002   2.8199999999999999E-002  0.69760000000000000       0.15020000000000000        9.2999999999999999E-002
   157.00000000000000       0.10762670876804700        3.1199999999999999E-002   2.8199999999999999E-002  0.69740000000000002       0.14720000000000000        9.6000000000000002E-002
   158.00000000000000       0.12602915600657136        3.1000000000000000E-002   2.8199999999999999E-002  0.69520000000000004       0.14740000000000000        9.8199999999999996E-002
   159.00000000000000       0.14442776367913135        2.8199999999999999E-002   2.8199999999999999E-002  0.69279999999999997       0.15020000000000000       0.10059999999999999     
   160.00000000000000       0.16291741102443988        2.3599999999999999E-002   2.8199999999999999E-002  0.69159999999999999       0.14720000000000000       0.10940000000000000     
   161.00000000000000       0.18099358133184115        2.2599999999999999E-002   2.8199999999999999E-002  0.68759999999999999       0.14720000000000000       0.11440000000000000     
   162.00000000000000       0.20018466343648655        2.1999999999999999E-002   2.8199999999999999E-002  0.68320000000000003       0.14440000000000000       0.12220000000000000     
   163.00000000000000       0.21524855776483295        2.1600000000000001E-002   2.8199999999999999E-002  0.68300000000000005       0.12939999999999999       0.13780000000000001     
   164.00000000000000       0.22928866759039329        2.1600000000000001E-002   2.8199999999999999E-002  0.68100000000000005       0.12859999999999999       0.14060000000000000     
   165.00000000000000       0.24228034373666496        2.0400000000000001E-002   2.8199999999999999E-002  0.67740000000000000       0.13120000000000001       0.14280000000000001     
   166.00000000000000       0.25260112629681508        9.7999999999999997E-003   3.8399999999999997E-002  0.67759999999999998       0.13220000000000001       0.14199999999999999     
   167.00000000000000       0.26139362164318858        9.1999999999999998E-003   3.8199999999999998E-002  0.67759999999999998       0.13280000000000000       0.14219999999999999     
   168.00000000000000       0.27075658385803864        8.9999999999999993E-003   3.7800000000000000E-002  0.67479999999999996       0.13280000000000000       0.14560000000000001     
   169.00000000000000       0.27904909774120923        8.8000000000000005E-003   3.3000000000000002E-002  0.67359999999999998       0.13860000000000000       0.14599999999999999     
   170.00000000000000       0.28557287117193875        8.8000000000000005E-003   3.3000000000000002E-002  0.66920000000000002       0.13860000000000000       0.15040000000000001     
   171.00000000000000       0.28941716718746729        8.8000000000000005E-003   3.1800000000000002E-002  0.67020000000000002       0.13880000000000001       0.15040000000000001     
   172.00000000000000       0.29326210099554090        8.8000000000000005E-003   2.5800000000000000E-002  0.67520000000000002       0.13919999999999999       0.15100000000000000     
   173.00000000000000       0.29859196466676208        8.8000000000000005E-003   2.8400000000000002E-002  0.67020000000000002       0.14060000000000000       0.15200000000000000     
   174.00000000000000       0.30859777514724973        8.6000000000000000E-003   2.8000000000000001E-002  0.66779999999999995       0.13919999999999999       0.15640000000000001     
   175.00000000000000       0.31879846198860373        8.6000000000000000E-003   3.1000000000000000E-002  0.66279999999999994       0.13919999999999999       0.15840000000000001     
   176.00000000000000       0.32863103550525607        7.4000000000000003E-003   3.2199999999999999E-002  0.66120000000000001       0.14000000000000001       0.15920000000000001     
   177.00000000000000       0.33761427776599362        8.0000000000000002E-003   3.1600000000000003E-002  0.65759999999999996       0.13900000000000001       0.16380000000000000     
   178.00000000000000       0.34245893739697575        8.9999999999999993E-003   3.0400000000000000E-002  0.65720000000000001       0.13940000000000000       0.16400000000000001     
   179.00000000000000       0.34486171627270146        9.4000000000000004E-003   2.9999999999999999E-002  0.65480000000000005       0.14099999999999999       0.16480000000000000     
   180.00000000000000       0.34398423360162772        6.6000000000000000E-003   3.2599999999999997E-002  0.65480000000000005       0.14119999999999999       0.16480000000000000     
   181.00000000000000       0.34096208543711576        6.1999999999999998E-003   3.2000000000000001E-002  0.65459999999999996       0.14180000000000001       0.16539999999999999     
   182.00000000000000       0.33230500745130842        6.1999999999999998E-003   3.1000000000000000E-002  0.65539999999999998       0.14199999999999999       0.16539999999999999     
   183.00000000000000       0.32231110294208021        6.1999999999999998E-003   3.1000000000000000E-002  0.65400000000000003       0.14340000000000000       0.16539999999999999     
   184.00000000000000       0.30963253945728408        6.0000000000000001E-003   3.1199999999999999E-002  0.65420000000000000       0.14319999999999999       0.16539999999999999     
   185.00000000000000       0.29564504538676351        6.0000000000000001E-003   3.1000000000000000E-002  0.65420000000000000       0.14340000000000000       0.16539999999999999     
   186.00000000000000       0.28032138821468988        0.0000000000000000        3.6600000000000001E-002  0.65439999999999998       0.14299999999999999       0.16600000000000001     
   187.00000000000000       0.26559818486997144        0.0000000000000000        3.6600000000000001E-002  0.64759999999999995       0.14799999999999999       0.16780000000000000     
   188.00000000000000       0.24970857477477004        0.0000000000000000        3.6600000000000001E-002  0.64259999999999995       0.15160000000000001       0.16919999999999999     
   189.00000000000000       0.23333073439448793        0.0000000000000000        1.5400000000000000E-002  0.66320000000000001       0.15120000000000000       0.17019999999999999     
   190.00000000000000       0.21802611551695844        0.0000000000000000        1.5400000000000000E-002  0.66320000000000001       0.14960000000000001       0.17180000000000001     
   191.00000000000000       0.22934525697879646        0.0000000000000000        1.5400000000000000E-002  0.66320000000000001       0.14599999999999999       0.17540000000000000     
   192.00000000000000       0.23560858153973921        0.0000000000000000        1.5200000000000000E-002  0.66320000000000001       0.14599999999999999       0.17560000000000001     
   193.00000000000000       0.23671996582867266        0.0000000000000000        1.5200000000000000E-002  0.66320000000000001       0.14599999999999999       0.17560000000000001     
   194.00000000000000       0.23279158993236104        0.0000000000000000        1.4600000000000000E-002  0.66320000000000001       0.14660000000000001       0.17560000000000001     
   195.00000000000000       0.22287482216546897        0.0000000000000000        1.4600000000000000E-002  0.66320000000000001       0.14319999999999999       0.17899999999999999     
   196.00000000000000       0.20746890224350745        0.0000000000000000        1.4200000000000001E-002  0.66320000000000001       0.14620000000000000       0.17640000000000000     
   197.00000000000000       0.18702012229358936        0.0000000000000000        1.4200000000000001E-002  0.66320000000000001       0.14860000000000001       0.17399999999999999     
   198.00000000000000       0.16321142538766012        0.0000000000000000        1.4200000000000001E-002  0.66320000000000001       0.14460000000000001       0.17799999999999999     
   199.00000000000000       0.13502153121941679        0.0000000000000000        1.4200000000000001E-002  0.66320000000000001       0.14419999999999999       0.17840000000000000     
   200.00000000000000       0.10265102154974712        0.0000000000000000        1.4200000000000001E-002  0.66320000000000001       0.14199999999999999       0.18060000000000001     
   201.00000000000000        6.8545168439413065E-002   0.0000000000000000        1.4200000000000001E-002  0.66320000000000001       0.14140000000000000       0.18120000000000000     
   202.00000000000000        3.2470958136381248E-002   0.0000000000000000        1.4200000000000001E-002  0.66320000000000001       0.14140000000000000       0.18120000000000000     
   203.00000000000000       -8.9770949902075875E-003   4.0000000000000002E-004  0.42940000000000000       0.24759999999999999       0.14140000000000000       0.18120000000000000     
   204.00000000000000       -3.2252250371282959E-002   2.5600000000000001E-002  0.37519999999999998       0.27660000000000001       0.14140000000000000       0.18120000000000000     
   205.00000000000000       -3.6642140211815354E-002   2.5600000000000001E-002  0.42940000000000000       0.22200000000000000       0.14140000000000000       0.18160000000000001     
   206.00000000000000       -3.6612941857052154E-002   2.5000000000000001E-002  0.43219999999999997       0.21759999999999999       0.14340000000000000       0.18179999999999999     
   207.00000000000000       -3.5362179612923116E-002   1.9800000000000002E-002  0.43580000000000002       0.21640000000000001       0.14399999999999999       0.18400000000000000     
   208.00000000000000       -3.3126395929007971E-002   1.9800000000000002E-002  0.43099999999999999       0.21779999999999999       0.14499999999999999       0.18640000000000001     
   209.00000000000000       -3.0495907017735344E-002   1.7000000000000001E-002  0.42840000000000000       0.22200000000000000       0.14599999999999999       0.18659999999999999     
   210.00000000000000       -3.1534734777099852E-002   1.6600000000000000E-002  0.42840000000000000       0.21779999999999999       0.14979999999999999       0.18740000000000001     
   211.00000000000000       -2.4579109935932320E-002   1.5400000000000000E-002  0.42880000000000001       0.21720000000000000       0.15060000000000001       0.18800000000000000     
   212.00000000000000       -1.7764409535508896E-002   1.5400000000000000E-002  0.42759999999999998       0.21240000000000001       0.15320000000000000       0.19139999999999999     
   213.00000000000000       -1.5062974072780885E-002   1.5400000000000000E-002  0.42199999999999999       0.21579999999999999       0.15520000000000000       0.19159999999999999     
   214.00000000000000       -1.2725153237824402E-002   1.5200000000000000E-002  0.42120000000000002       0.21440000000000001       0.15759999999999999       0.19159999999999999     
   215.00000000000000       -1.0202445399351737E-002   1.4999999999999999E-002  0.42140000000000000       0.21400000000000000       0.15759999999999999       0.19200000000000000     
   216.00000000000000       -6.0565084166145644E-003   1.3599999999999999E-002  0.41940000000000000       0.21260000000000001       0.15780000000000000       0.19660000000000000     
