#        BMIN =   404
#        BMAX =   408
#     INIBAND =   406
#      NBANDS =   540
#         NSW =  2000
#       POTIM =   1.0
#        TEMP = 300.0
#    NAMDTINI =   369
#    NAMDTIME =  1000
#       NTRAJ =  5000
#        NELM =  1000
#       LHOLE =     T
#        LSHP =     T
#      LCPTXT =     T
#      RUNDIR = ../../run/
   1.0000000000000000        4.2005595526046213E-002   0.0000000000000000        0.0000000000000000        1.0000000000000000        0.0000000000000000        0.0000000000000000     
   2.0000000000000000        4.5796180261900993E-002   2.0000000000000001E-004   0.0000000000000000       0.99980000000000002        0.0000000000000000        0.0000000000000000     
   3.0000000000000000        5.2618635283046000E-002   0.0000000000000000        0.0000000000000000        1.0000000000000000        0.0000000000000000        0.0000000000000000     
   4.0000000000000000        5.9058151767409736E-002   0.0000000000000000        0.0000000000000000        1.0000000000000000        0.0000000000000000        0.0000000000000000     
   5.0000000000000000        6.4121833595189581E-002   0.0000000000000000        0.0000000000000000       0.99980000000000002        2.0000000000000001E-004   0.0000000000000000     
   6.0000000000000000        6.7416679824674183E-002   0.0000000000000000        0.0000000000000000       0.99980000000000002        2.0000000000000001E-004   0.0000000000000000     
   7.0000000000000000        6.8693975865558393E-002   0.0000000000000000        2.0000000000000001E-004  0.99960000000000004        2.0000000000000001E-004   0.0000000000000000     
   8.0000000000000000        7.6023160311320670E-002   0.0000000000000000        2.0000000000000001E-004  0.99960000000000004        2.0000000000000001E-004   0.0000000000000000     
   9.0000000000000000        9.4765783451386226E-002   0.0000000000000000        2.0000000000000001E-004  0.99960000000000004        2.0000000000000001E-004   0.0000000000000000     
   10.000000000000000       0.10641414801555253        0.0000000000000000        2.0000000000000001E-004  0.99960000000000004        2.0000000000000001E-004   0.0000000000000000     
   11.000000000000000       0.11043353391591411        0.0000000000000000        2.0000000000000001E-004  0.99960000000000004        2.0000000000000001E-004   0.0000000000000000     
   12.000000000000000       0.10718880848950268        0.0000000000000000        2.0000000000000001E-004  0.99960000000000004        2.0000000000000001E-004   0.0000000000000000     
   13.000000000000000        9.6956379430594777E-002   0.0000000000000000        2.0000000000000001E-004  0.99960000000000004        2.0000000000000001E-004   0.0000000000000000     
   14.000000000000000        7.9969855803026513E-002   0.0000000000000000        2.0000000000000001E-004  0.99960000000000004        2.0000000000000001E-004   0.0000000000000000     
   15.000000000000000        5.7671786985349804E-002   0.0000000000000000        2.0000000000000001E-004  0.99960000000000004        2.0000000000000001E-004   0.0000000000000000     
   16.000000000000000        2.9432180655743437E-002   0.0000000000000000        2.0000000000000001E-004  0.99960000000000004        2.0000000000000001E-004   0.0000000000000000     
   17.000000000000000       -1.8796684261851841E-003   4.0000000000000002E-004   2.0000000000000000E-003  0.99739999999999995        2.0000000000000001E-004   0.0000000000000000     
   18.000000000000000       -3.3981168004175222E-002   0.0000000000000000        2.0000000000000000E-003  0.99780000000000002        2.0000000000000001E-004   0.0000000000000000     
   19.000000000000000       -2.9818830502601128E-002   0.0000000000000000        2.0000000000000000E-003  0.99760000000000004        2.0000000000000001E-004   2.0000000000000001E-004
   20.000000000000000       -2.6486202990209835E-002   0.0000000000000000        2.0000000000000000E-003  0.99739999999999995        4.0000000000000002E-004   2.0000000000000001E-004
   21.000000000000000       -2.3508414603701958E-002   0.0000000000000000        2.0000000000000000E-003  0.99680000000000002        8.0000000000000004E-004   4.0000000000000002E-004
   22.000000000000000       -2.1420156094202329E-002   0.0000000000000000        2.0000000000000000E-003  0.99700000000000000        5.9999999999999995E-004   4.0000000000000002E-004
   23.000000000000000       -1.9901751920002538E-002   0.0000000000000000        2.0000000000000000E-003  0.99680000000000002        8.0000000000000004E-004   4.0000000000000002E-004
   24.000000000000000       -1.8835225989237599E-002   0.0000000000000000        2.0000000000000000E-003  0.99680000000000002        8.0000000000000004E-004   4.0000000000000002E-004
   25.000000000000000       -1.8620426775859514E-002   0.0000000000000000        2.0000000000000000E-003  0.99680000000000002        8.0000000000000004E-004   4.0000000000000002E-004
   26.000000000000000       -1.9263478910829218E-002   0.0000000000000000        2.0000000000000000E-003  0.99619999999999997        1.1999999999999999E-003   5.9999999999999995E-004
   27.000000000000000       -2.0639222902736960E-002   0.0000000000000000        2.0000000000000000E-003  0.99619999999999997        1.1999999999999999E-003   5.9999999999999995E-004
   28.000000000000000       -2.2949383723654581E-002   0.0000000000000000        2.0000000000000000E-003  0.99600000000000000        1.4000000000000000E-003   5.9999999999999995E-004
   29.000000000000000       -2.5917847343798608E-002   0.0000000000000000        2.0000000000000000E-003  0.99239999999999995        5.0000000000000001E-003   5.9999999999999995E-004
   30.000000000000000       -2.9323289978066828E-002   0.0000000000000000        2.0000000000000000E-003  0.98319999999999996        1.4200000000000001E-002   5.9999999999999995E-004
   31.000000000000000       -3.4614753818061395E-002   0.0000000000000000        2.0000000000000000E-003  0.98360000000000003        1.3800000000000000E-002   5.9999999999999995E-004
   32.000000000000000       -3.9516493873927992E-002   0.0000000000000000        2.0000000000000000E-003  0.98340000000000005        1.3800000000000000E-002   8.0000000000000004E-004
   33.000000000000000       -5.2205609374443684E-002   0.0000000000000000       0.38540000000000002       0.59940000000000004        1.4400000000000000E-002   8.0000000000000004E-004
   34.000000000000000       -3.7648858871226126E-002   0.0000000000000000       0.38460000000000000       0.59940000000000004        1.5200000000000000E-002   8.0000000000000004E-004
   35.000000000000000       -1.6119041359664348E-002   0.0000000000000000       0.38279999999999997       0.45540000000000003       0.16100000000000000        8.0000000000000004E-004
   36.000000000000000       -4.5707557113176429E-003   0.0000000000000000       0.37880000000000003       0.45979999999999999       0.16059999999999999        8.0000000000000004E-004
   37.000000000000000       -4.5047433857573903E-004   0.0000000000000000       0.37900000000000000       0.45839999999999997       0.16059999999999999        2.0000000000000000E-003
   38.000000000000000        1.5536157201715018E-003   0.0000000000000000       0.37519999999999998       0.46220000000000000       0.16059999999999999        2.0000000000000000E-003
   39.000000000000000        6.1297934899385504E-003   0.0000000000000000       0.36359999999999998       0.47180000000000000       0.16059999999999999        4.0000000000000001E-003
   40.000000000000000        8.0503686665727957E-003   0.0000000000000000       0.36359999999999998       0.47180000000000000       0.16059999999999999        4.0000000000000001E-003
   41.000000000000000        1.0250572702578110E-002   0.0000000000000000       0.34780000000000000       0.48759999999999998       0.16059999999999999        4.0000000000000001E-003
   42.000000000000000        1.1877165074414530E-002   0.0000000000000000       0.34720000000000001       0.48720000000000002       0.16059999999999999        5.0000000000000001E-003
   43.000000000000000        9.9225008270309410E-003   0.0000000000000000       0.34680000000000000       0.64780000000000004        0.0000000000000000        5.4000000000000003E-003
   44.000000000000000        1.6195937318956659E-003   0.0000000000000000       0.34680000000000000       0.64780000000000004        0.0000000000000000        5.4000000000000003E-003
   45.000000000000000       -1.7565686169577148E-002   0.0000000000000000       0.34639999999999999       0.64780000000000004        0.0000000000000000        5.7999999999999996E-003
   46.000000000000000       -3.9762340543488310E-002   0.0000000000000000       0.34620000000000001       0.64780000000000004        0.0000000000000000        6.0000000000000001E-003
   47.000000000000000       -6.4087431944289869E-002   1.0000000000000000E-003  0.38019999999999998       0.61160000000000003        1.0000000000000000E-003   6.1999999999999998E-003
   48.000000000000000       -8.0846256862904919E-002   2.4000000000000000E-002  0.36059999999999998       0.60519999999999996        3.3999999999999998E-003   6.7999999999999996E-003
   49.000000000000000       -7.3960263858586894E-002   2.4000000000000000E-002  0.36020000000000002       0.59999999999999998        7.6000000000000000E-003   8.2000000000000007E-003
   50.000000000000000       -6.1695301099753713E-002   2.3400000000000001E-002  0.35499999999999998       0.60499999999999998        8.6000000000000000E-003   8.0000000000000002E-003
   51.000000000000000       -4.5798568409239376E-002   1.9400000000000001E-002  0.35539999999999999       0.60040000000000004        1.4999999999999999E-002   9.7999999999999997E-003
   52.000000000000000       -3.1766196868603470E-002   1.9400000000000001E-002  0.35420000000000001       0.59819999999999995        1.7399999999999999E-002   1.0800000000000001E-002
   53.000000000000000       -1.8326024850453426E-002   1.8800000000000001E-002  0.35439999999999999       0.59799999999999998        1.7600000000000001E-002   1.1200000000000000E-002
   54.000000000000000       -5.7527087469424702E-003   1.7600000000000001E-002  0.34539999999999998       0.60780000000000001        1.7999999999999999E-002   1.1200000000000000E-002
   55.000000000000000        8.0272282903095394E-003   1.7399999999999999E-002  0.34539999999999998       0.60140000000000005        2.0000000000000000E-002   1.5800000000000002E-002
   56.000000000000000        1.9650875407031997E-002   1.7399999999999999E-002  0.34539999999999998       0.60140000000000005        2.0000000000000000E-002   1.5800000000000002E-002
   57.000000000000000        3.2382648619628286E-002   1.7399999999999999E-002  0.34339999999999998       0.60240000000000005        2.0600000000000000E-002   1.6199999999999999E-002
   58.000000000000000        4.6873708553425403E-002   1.5800000000000002E-002  0.33639999999999998       0.61099999999999999        2.0600000000000000E-002   1.6199999999999999E-002
   59.000000000000000        5.9977394930115994E-002   1.6000000000000000E-002  0.33339999999999997       0.61299999999999999        2.1200000000000000E-002   1.6400000000000001E-002
   60.000000000000000        7.2969863220478035E-002   1.6000000000000000E-002  0.32579999999999998       0.61980000000000002        2.1999999999999999E-002   1.6400000000000001E-002
   61.000000000000000        8.5059932899573212E-002   1.4999999999999999E-002  0.31659999999999999       0.62900000000000000        2.2599999999999999E-002   1.6799999999999999E-002
   62.000000000000000        9.4254628367981402E-002   1.4999999999999999E-002  0.31200000000000000       0.63360000000000005        2.2599999999999999E-002   1.6799999999999999E-002
   63.000000000000000       0.10210634795101235        1.4600000000000000E-002  0.30740000000000001       0.63580000000000003        2.5000000000000001E-002   1.7200000000000000E-002
   64.000000000000000       0.10733661019947556        1.4600000000000000E-002  0.30740000000000001       0.63580000000000003        2.5000000000000001E-002   1.7200000000000000E-002
   65.000000000000000       0.11212436419269839        1.4600000000000000E-002  0.30259999999999998       0.63500000000000001        3.0400000000000000E-002   1.7399999999999999E-002
   66.000000000000000       0.11595482044271047        1.4600000000000000E-002  0.29759999999999998       0.63139999999999996        3.7999999999999999E-002   1.8400000000000000E-002
   67.000000000000000       0.11467049748340191        0.0000000000000000       0.31219999999999998       0.63019999999999998        3.9199999999999999E-002   1.8400000000000000E-002
   68.000000000000000       0.12572327153631829        0.0000000000000000       0.31219999999999998       0.63000000000000000        3.9199999999999999E-002   1.8599999999999998E-002
   69.000000000000000       0.13561987015537064        0.0000000000000000       0.31219999999999998       0.62819999999999998        4.1000000000000002E-002   1.8599999999999998E-002
   70.000000000000000       0.14293848949815041        0.0000000000000000       0.31219999999999998       0.62780000000000002        4.1200000000000001E-002   1.8800000000000001E-002
   71.000000000000000       0.14683340803879735        0.0000000000000000       0.31219999999999998       0.62680000000000002        4.2200000000000001E-002   1.8800000000000001E-002
   72.000000000000000       0.14648600991246466        0.0000000000000000       0.45839999999999997       0.48039999999999999        4.2400000000000000E-002   1.8800000000000001E-002
   73.000000000000000       0.14667579335946584        0.0000000000000000       0.45860000000000001       0.48020000000000002        4.2400000000000000E-002   1.8800000000000001E-002
   74.000000000000000       0.14270120175482731        0.0000000000000000       0.45820000000000000       0.48020000000000002        4.2799999999999998E-002   1.8800000000000001E-002
   75.000000000000000       0.13455701980709303        0.0000000000000000       0.45820000000000000       0.48020000000000002        4.2799999999999998E-002   1.8800000000000001E-002
   76.000000000000000       0.12233547374398354        0.0000000000000000       0.54239999999999999       0.39119999999999999        4.6800000000000001E-002   1.9599999999999999E-002
   77.000000000000000       0.10552523072710990        0.0000000000000000       0.54239999999999999       0.38679999999999998        5.1200000000000002E-002   1.9599999999999999E-002
   78.000000000000000        8.5354527578811276E-002   0.0000000000000000       0.54239999999999999       0.36120000000000002        7.5800000000000006E-002   2.0600000000000000E-002
   79.000000000000000        5.9679746774450045E-002   0.0000000000000000       0.54239999999999999       0.36259999999999998        7.4200000000000002E-002   2.0799999999999999E-002
   80.000000000000000        2.9835711498948068E-002   0.0000000000000000       0.54239999999999999       0.35460000000000003        8.1199999999999994E-002   2.1800000000000000E-002
   81.000000000000000       -2.5501327150639526E-003   0.0000000000000000       0.54239999999999999       0.35480000000000000        8.0600000000000005E-002   2.2200000000000001E-002
   82.000000000000000       -3.7280902822645269E-002   0.0000000000000000       0.54059999999999997       0.34860000000000002        8.7400000000000005E-002   2.3400000000000001E-002
   83.000000000000000       -5.6270396017650479E-002   0.0000000000000000       0.53700000000000003       0.34820000000000001        9.1200000000000003E-002   2.3599999999999999E-002
   84.000000000000000       -5.8484604232631923E-002   0.0000000000000000       0.53700000000000003       0.34799999999999998        9.0800000000000006E-002   2.4199999999999999E-002
   85.000000000000000       -6.1116078846967799E-002   0.0000000000000000       0.53600000000000003       0.34699999999999998        9.2799999999999994E-002   2.4199999999999999E-002
   86.000000000000000       -6.2451134407612741E-002   0.0000000000000000       0.50160000000000005       0.38140000000000002        9.2799999999999994E-002   2.4199999999999999E-002
   87.000000000000000       -6.3229971191526263E-002   0.0000000000000000       0.40620000000000001       0.47460000000000002        9.5000000000000001E-002   2.4199999999999999E-002
   88.000000000000000       -6.8054506409058718E-002   0.0000000000000000       0.34439999999999998       0.53600000000000003        9.5000000000000001E-002   2.4600000000000000E-002
   89.000000000000000       -7.2847117207967063E-002   0.0000000000000000       0.35460000000000003       0.52459999999999996        9.6199999999999994E-002   2.4600000000000000E-002
   90.000000000000000       -7.5062395791562181E-002   0.0000000000000000       0.35460000000000003       0.52100000000000002        9.7400000000000000E-002   2.7000000000000000E-002
   91.000000000000000       -7.6663484854879685E-002   0.0000000000000000       0.35399999999999998       0.51980000000000004        9.9199999999999997E-002   2.7000000000000000E-002
   92.000000000000000       -7.6717290806725055E-002   0.0000000000000000       0.35239999999999999       0.52020000000000000        9.9199999999999997E-002   2.8199999999999999E-002
   93.000000000000000       -7.5624569910309011E-002   2.0000000000000001E-004  0.35180000000000000       0.51980000000000004        9.9000000000000005E-002   2.9200000000000000E-002
   94.000000000000000       -7.2487201849880306E-002   0.0000000000000000       0.35199999999999998       0.51859999999999995        9.9599999999999994E-002   2.9800000000000000E-002
   95.000000000000000       -6.5920762681781056E-002   0.0000000000000000       0.34939999999999999       0.51819999999999999       0.10080000000000000        3.1600000000000003E-002
   96.000000000000000       -5.4670909008597619E-002   4.1999999999999997E-003  0.34300000000000003       0.51819999999999999       0.10240000000000000        3.2199999999999999E-002
   97.000000000000000       -3.9642489384373772E-002   4.7999999999999996E-003  0.34079999999999999       0.51980000000000004       0.10220000000000000        3.2399999999999998E-002
   98.000000000000000       -2.1507497855554353E-002   4.1999999999999997E-003  0.34120000000000000       0.51959999999999995       0.10220000000000000        3.2800000000000003E-002
   99.000000000000000       -1.7029634801937546E-003   3.3999999999999998E-003  0.33679999999999999       0.52000000000000002       0.10700000000000000        3.2800000000000003E-002
   100.00000000000000        1.6376207135286078E-002   2.3999999999999998E-003  0.33760000000000001       0.52020000000000000       0.10700000000000000        3.2800000000000003E-002
   101.00000000000000        3.7058043695434660E-002   2.3999999999999998E-003  0.32979999999999998       0.52339999999999998       0.11100000000000000        3.3399999999999999E-002
   102.00000000000000        6.1240697861682319E-002   2.3999999999999998E-003  0.28220000000000001       0.56340000000000001       0.11760000000000000        3.4400000000000000E-002
   103.00000000000000        8.0987322218791680E-002   2.3999999999999998E-003  0.27879999999999999       0.56340000000000001       0.11899999999999999        3.6400000000000002E-002
   104.00000000000000       0.10046743024824227        2.3999999999999998E-003  0.26879999999999998       0.56679999999999997       0.12440000000000000        3.7600000000000001E-002
   105.00000000000000       0.11676477093692748        2.8199999999999999E-002  0.24279999999999999       0.55800000000000005       0.13339999999999999        3.7600000000000001E-002
   106.00000000000000       0.13603285037838619        2.7799999999999998E-002  0.24279999999999999       0.55800000000000005       0.13380000000000000        3.7600000000000001E-002
   107.00000000000000       0.15229583853258499        2.7799999999999998E-002  0.24279999999999999       0.55800000000000005       0.13380000000000000        3.7600000000000001E-002
   108.00000000000000       0.16407398802826836        2.7799999999999998E-002  0.24279999999999999       0.55479999999999996       0.13619999999999999        3.8399999999999997E-002
   109.00000000000000       0.17083153570048054        2.7799999999999998E-002  0.24279999999999999       0.55479999999999996       0.13639999999999999        3.8199999999999998E-002
   110.00000000000000       0.17532513331670219        2.7799999999999998E-002  0.24279999999999999       0.55100000000000005       0.13500000000000001        4.3400000000000001E-002
   111.00000000000000       0.17351027595518392        2.7600000000000000E-002  0.24279999999999999       0.54700000000000004       0.13739999999999999        4.5199999999999997E-002
   112.00000000000000       0.16823023418233110        2.6800000000000001E-002  0.24279999999999999       0.54020000000000001       0.13780000000000001        5.2400000000000002E-002
   113.00000000000000       0.15670263311369464        2.6599999999999999E-002  0.24279999999999999       0.54020000000000001       0.13780000000000001        5.2600000000000001E-002
   114.00000000000000       0.14115671436544203        2.6200000000000001E-002  0.24279999999999999       0.54059999999999997       0.13180000000000000        5.8599999999999999E-002
   115.00000000000000       0.12212611743679903        2.6200000000000001E-002  0.24279999999999999       0.54059999999999997       0.13100000000000001        5.9400000000000001E-002
   116.00000000000000       0.10051999235392427        2.5800000000000000E-002  0.24279999999999999       0.54059999999999997       0.13159999999999999        5.9200000000000003E-002
   117.00000000000000        7.8139199822464422E-002   2.5200000000000000E-002  0.24279999999999999       0.53580000000000005       0.13360000000000000        6.2600000000000003E-002
   118.00000000000000        5.3082292572546999E-002   2.5200000000000000E-002  0.24279999999999999       0.53080000000000005       0.13780000000000001        6.3399999999999998E-002
   119.00000000000000        3.0649931559461274E-002   6.1800000000000001E-002  0.20060000000000000       0.53359999999999996       0.14040000000000000        6.3600000000000004E-002
   120.00000000000000        1.0239264561467086E-002   6.1800000000000001E-002  0.20060000000000000       0.53080000000000005       0.14319999999999999        6.3600000000000004E-002
   121.00000000000000       -6.8047593880541622E-003   6.1800000000000001E-002  0.19819999999999999       0.53259999999999996       0.14340000000000000        6.4000000000000001E-002
   122.00000000000000       -1.9445966307133765E-002   6.1800000000000001E-002  0.16439999999999999       0.56640000000000001       0.14340000000000000        6.4000000000000001E-002
   123.00000000000000       -3.1131124438787055E-002   6.1800000000000001E-002  0.15880000000000000       0.57179999999999997       0.14360000000000001        6.4000000000000001E-002
   124.00000000000000       -3.9930964505703714E-002   6.1800000000000001E-002  0.15540000000000001       0.57479999999999998       0.14360000000000001        6.4399999999999999E-002
   125.00000000000000       -4.4728011743290122E-002   6.1800000000000001E-002  0.15959999999999999       0.56879999999999997       0.14480000000000001        6.5000000000000002E-002
   126.00000000000000       -4.5155471373429588E-002   6.1800000000000001E-002  0.16180000000000000       0.56579999999999997       0.14340000000000000        6.7199999999999996E-002
   127.00000000000000       -4.3373504018770964E-002   6.1800000000000001E-002  0.16480000000000000       0.56240000000000001       0.14360000000000001        6.7400000000000002E-002
   128.00000000000000       -3.8139919967604741E-002   6.1800000000000001E-002  0.16500000000000001       0.56120000000000003       0.14440000000000000        6.7599999999999993E-002
   129.00000000000000       -3.0494641357836610E-002   6.1800000000000001E-002  0.16560000000000000       0.56020000000000003       0.14440000000000000        6.8000000000000005E-002
   130.00000000000000       -2.0574192713511897E-002   6.1800000000000001E-002  0.16520000000000001       0.55720000000000003       0.14740000000000000        6.8400000000000002E-002
   131.00000000000000       -7.1168029374211496E-003   6.0400000000000002E-002  0.16259999999999999       0.55679999999999996       0.14499999999999999        7.5200000000000003E-002
   132.00000000000000        8.1808008947137738E-003   6.0400000000000002E-002  0.16259999999999999       0.55340000000000000       0.14720000000000000        7.6399999999999996E-002
   133.00000000000000        2.5796881077708722E-002   6.0600000000000001E-002  0.16259999999999999       0.54700000000000004       0.15260000000000001        7.7200000000000005E-002
   134.00000000000000        4.4074255895149267E-002   5.5800000000000002E-002  0.16259999999999999       0.55179999999999996       0.14720000000000000        8.2600000000000007E-002
   135.00000000000000        6.2608044538280644E-002   4.8599999999999997E-002  0.16259999999999999       0.55859999999999999       0.14640000000000000        8.3799999999999999E-002
   136.00000000000000        8.1302820885938681E-002   4.2599999999999999E-002  0.16259999999999999       0.56459999999999999       0.14640000000000000        8.3799999999999999E-002
   137.00000000000000        9.9253766375643274E-002   4.2599999999999999E-002  0.16259999999999999       0.56459999999999999       0.14440000000000000        8.5800000000000001E-002
   138.00000000000000       0.11894019310754800        4.1799999999999997E-002  0.16259999999999999       0.56140000000000001       0.14599999999999999        8.8200000000000001E-002
   139.00000000000000       0.13805245170888170        3.7199999999999997E-002  0.16259999999999999       0.56000000000000005       0.14979999999999999        9.0399999999999994E-002
   140.00000000000000       0.15576318742955472        3.1000000000000000E-002  0.16259999999999999       0.56240000000000001       0.14779999999999999        9.6199999999999994E-002
   141.00000000000000       0.17186910769258157        2.9600000000000001E-002  0.16259999999999999       0.56079999999999997       0.14779999999999999        9.9199999999999997E-002
   142.00000000000000       0.18726670823212188        2.8400000000000002E-002  0.16259999999999999       0.56079999999999997       0.14660000000000001       0.10160000000000000     
   143.00000000000000       0.19908321525569433        2.8400000000000002E-002  0.16259999999999999       0.56079999999999997       0.13439999999999999       0.11380000000000000     
   144.00000000000000       0.20928936314760513        2.8400000000000002E-002  0.16259999999999999       0.55879999999999996       0.13339999999999999       0.11680000000000000     
   145.00000000000000       0.21803594671089760        2.7199999999999998E-002  0.16259999999999999       0.55479999999999996       0.13580000000000000       0.11960000000000000     
   146.00000000000000       0.22422168496776604        0.0000000000000000       0.18920000000000001       0.55500000000000005       0.13660000000000000       0.11920000000000000     
   147.00000000000000       0.23007143254825768        0.0000000000000000       0.18820000000000001       0.55500000000000005       0.13760000000000000       0.11920000000000000     
   148.00000000000000       0.24182123219317264        5.9999999999999995E-004  0.18659999999999999       0.55279999999999996       0.13739999999999999       0.12260000000000000     
   149.00000000000000       0.25313260309223162        5.9999999999999995E-004  0.18020000000000000       0.55259999999999998       0.14380000000000001       0.12280000000000001     
   150.00000000000000       0.26221737013906044        5.9999999999999995E-004  0.18079999999999999       0.55000000000000004       0.14380000000000001       0.12479999999999999     
   151.00000000000000       0.26951660714812620        5.9999999999999995E-004  0.17840000000000000       0.55200000000000005       0.14399999999999999       0.12500000000000000     
   152.00000000000000       0.27709822584895027        5.9999999999999995E-004  0.16059999999999999       0.56820000000000004       0.14480000000000001       0.12580000000000000     
   153.00000000000000       0.28410345903039919        5.9999999999999995E-004  0.16420000000000001       0.55979999999999996       0.14799999999999999       0.12740000000000001     
   154.00000000000000       0.29341563905994489        5.9999999999999995E-004  0.16159999999999999       0.55859999999999999       0.14799999999999999       0.13120000000000001     
   155.00000000000000       0.30112317529630894        5.9999999999999995E-004  0.16320000000000001       0.55540000000000000       0.14779999999999999       0.13300000000000001     
   156.00000000000000       0.30778333637056943        0.0000000000000000       0.16380000000000000       0.55259999999999998       0.15040000000000001       0.13320000000000001     
   157.00000000000000       0.31276803996870317        1.1999999999999999E-003  0.16259999999999999       0.55020000000000002       0.15100000000000000       0.13500000000000001     
   158.00000000000000       0.31512506835150311        5.5999999999999999E-003  0.15759999999999999       0.54800000000000004       0.15179999999999999       0.13700000000000001     
   159.00000000000000       0.31530773798087453        6.7999999999999996E-003  0.15540000000000001       0.54679999999999995       0.15300000000000000       0.13800000000000001     
   160.00000000000000       0.31304440623897922        4.0000000000000001E-003  0.15679999999999999       0.54700000000000004       0.15420000000000000       0.13800000000000001     
   161.00000000000000       0.30934149406118305        3.8000000000000000E-003  0.15440000000000001       0.54659999999999997       0.15620000000000001       0.13900000000000001     
   162.00000000000000       0.30082164450010029        3.8000000000000000E-003  0.15040000000000001       0.54820000000000002       0.15840000000000001       0.13919999999999999     
   163.00000000000000       0.29043546552819172        3.8000000000000000E-003  0.15040000000000001       0.54659999999999997       0.16000000000000000       0.13919999999999999     
   164.00000000000000       0.27780866889703332        3.5999999999999999E-003  0.15020000000000000       0.54659999999999997       0.16000000000000000       0.13960000000000000     
   165.00000000000000       0.26398115514862902        3.5999999999999999E-003  0.14920000000000000       0.54659999999999997       0.16080000000000000       0.13980000000000001     
   166.00000000000000       0.24920299776779892        0.0000000000000000       0.15060000000000001       0.54800000000000004       0.16059999999999999       0.14080000000000001     
   167.00000000000000       0.24211592258528539        0.0000000000000000       0.15060000000000001       0.53559999999999997       0.16960000000000000       0.14419999999999999     
   168.00000000000000       0.23332606570326886        0.0000000000000000       0.15060000000000001       0.52820000000000000       0.17660000000000001       0.14460000000000001     
   169.00000000000000       0.22978921065855618        0.0000000000000000        0.0000000000000000       0.67879999999999996       0.17599999999999999       0.14520000000000000     
   170.00000000000000       0.21428571995739348        0.0000000000000000        0.0000000000000000       0.67879999999999996       0.17419999999999999       0.14699999999999999     
   171.00000000000000       0.22653948546771016        0.0000000000000000        0.0000000000000000       0.67879999999999996       0.17240000000000000       0.14879999999999999     
   172.00000000000000       0.23392349326445139        0.0000000000000000        0.0000000000000000       0.67879999999999996       0.17240000000000000       0.14879999999999999     
   173.00000000000000       0.23613861556210095        0.0000000000000000        0.0000000000000000       0.67879999999999996       0.17219999999999999       0.14899999999999999     
   174.00000000000000       0.23303776951474339        0.0000000000000000        0.0000000000000000       0.67879999999999996       0.17219999999999999       0.14899999999999999     
   175.00000000000000       0.22389609081583822        0.0000000000000000        0.0000000000000000       0.67879999999999996       0.16760000000000000       0.15359999999999999     
   176.00000000000000       0.20880976513972152        0.0000000000000000        0.0000000000000000       0.67879999999999996       0.17060000000000000       0.15060000000000001     
   177.00000000000000       0.18830101398896321        0.0000000000000000        0.0000000000000000       0.67879999999999996       0.17419999999999999       0.14699999999999999     
   178.00000000000000       0.16396839112111172        0.0000000000000000        0.0000000000000000       0.67879999999999996       0.17100000000000001       0.15020000000000000     
   179.00000000000000       0.13496548983097145        0.0000000000000000        0.0000000000000000       0.67879999999999996       0.17040000000000000       0.15079999999999999     
   180.00000000000000       0.10156867321811258        0.0000000000000000        0.0000000000000000       0.67879999999999996       0.16819999999999999       0.15300000000000000     
   181.00000000000000        6.6455753084557964E-002   0.0000000000000000        0.0000000000000000       0.67879999999999996       0.16700000000000001       0.15420000000000000     
   182.00000000000000        2.9265991654822587E-002   0.0000000000000000        0.0000000000000000       0.67879999999999996       0.16700000000000001       0.15420000000000000     
   183.00000000000000       -1.6408146377832653E-002   2.0000000000000001E-004  0.67859999999999998        0.0000000000000000       0.16700000000000001       0.15420000000000000     
   184.00000000000000       -4.3852421655581550E-002   1.6799999999999999E-002  0.62080000000000002        4.1200000000000001E-002  0.16700000000000001       0.15420000000000000     
   185.00000000000000       -4.4025625385797011E-002   1.6799999999999999E-002  0.59940000000000004        6.2399999999999997E-002  0.16700000000000001       0.15440000000000001     
   186.00000000000000       -4.4983281768382934E-002   1.7000000000000001E-002  0.60660000000000003        5.3400000000000003E-002  0.16860000000000000       0.15440000000000001     
   187.00000000000000       -4.8112405113396338E-002   1.5200000000000000E-002  0.60280000000000000        5.7200000000000001E-002  0.16739999999999999       0.15740000000000001     
   188.00000000000000       -4.9171810848834083E-002   1.5200000000000000E-002  0.59140000000000004        6.4799999999999996E-002  0.16760000000000000       0.16100000000000000     
   189.00000000000000       -5.0365027114617558E-002   1.4800000000000001E-002  0.58520000000000005        7.0599999999999996E-002  0.16760000000000000       0.16180000000000000     
   190.00000000000000       -5.5579525837425592E-002   1.4800000000000001E-002  0.58540000000000003        6.7799999999999999E-002  0.17019999999999999       0.16180000000000000     
   191.00000000000000       -5.1575031735101889E-002   1.4200000000000001E-002  0.58540000000000003        6.7000000000000004E-002  0.16980000000000001       0.16360000000000000     
   192.00000000000000       -4.8359977894331739E-002   1.4200000000000001E-002  0.58399999999999996        6.5199999999999994E-002  0.17080000000000001       0.16580000000000000     
   193.00000000000000       -4.8300733587552075E-002   1.4000000000000000E-002  0.57920000000000005        6.8199999999999997E-002  0.17260000000000000       0.16600000000000001     
   194.00000000000000       -4.8126694035636915E-002   1.3800000000000000E-002  0.57920000000000005        6.5799999999999997E-002  0.17460000000000001       0.16660000000000000     
   195.00000000000000       -4.7607712134989141E-002   1.3200000000000000E-002  0.57979999999999998        6.6000000000000003E-002  0.17440000000000000       0.16660000000000000     
   196.00000000000000       -4.5341648877105720E-002   1.0400000000000000E-002  0.57940000000000003        6.5400000000000000E-002  0.17499999999999999       0.16980000000000001     
   197.00000000000000       -4.5398341046556927E-002   9.7999999999999997E-003  0.57960000000000000        6.5000000000000002E-002  0.17560000000000001       0.17000000000000001     
   198.00000000000000       -4.4053247807612453E-002   7.6000000000000000E-003  0.57679999999999998        6.7799999999999999E-002  0.17660000000000001       0.17119999999999999     
   199.00000000000000       -4.4202985352359392E-002   1.7600000000000001E-002  0.56659999999999999        6.6600000000000006E-002  0.17660000000000001       0.17260000000000000     
   200.00000000000000       -2.2249050551121308E-002   1.7600000000000001E-002  0.56659999999999999        6.5400000000000000E-002  0.17660000000000001       0.17380000000000001     
   201.00000000000000        4.0648013120007237E-003   1.7600000000000001E-002  0.56659999999999999        6.5400000000000000E-002  0.17660000000000001       0.17380000000000001     
   202.00000000000000        2.9441331187490878E-002   1.7600000000000001E-002  0.56659999999999999        6.5400000000000000E-002  0.17660000000000001       0.17380000000000001     
   203.00000000000000        5.1521936527119915E-002   1.7600000000000001E-002  0.63160000000000005        0.0000000000000000       0.17660000000000001       0.17419999999999999     
   204.00000000000000        6.2830132642312506E-002   1.7600000000000001E-002  0.63100000000000001        0.0000000000000000       0.17440000000000000       0.17699999999999999     
   205.00000000000000        5.7423286635754904E-002   1.7600000000000001E-002  0.63039999999999996        0.0000000000000000       0.17399999999999999       0.17799999999999999     
   206.00000000000000        5.0887104916099796E-002   1.7600000000000001E-002  0.63039999999999996        0.0000000000000000       0.17399999999999999       0.17799999999999999     
   207.00000000000000        4.4899018785933970E-002   1.7600000000000001E-002  0.63039999999999996        0.0000000000000000       0.17340000000000000       0.17860000000000001     
   208.00000000000000        3.8341911628567774E-002   1.7600000000000001E-002  0.63000000000000000        0.0000000000000000       0.17360000000000000       0.17879999999999999     
   209.00000000000000        3.0417733670255322E-002  0.17540000000000000       0.46939999999999998        0.0000000000000000       0.17599999999999999       0.17920000000000000     
   210.00000000000000        2.8928009570043947E-002  0.17620000000000000       0.46860000000000002        0.0000000000000000       0.17480000000000001       0.18040000000000000     
   211.00000000000000        2.9227496200469646E-002  0.17620000000000000       0.46860000000000002        0.0000000000000000       0.17499999999999999       0.18020000000000000     
   212.00000000000000        2.6400231989082340E-002  0.17540000000000000       0.46939999999999998        0.0000000000000000       0.17299999999999999       0.18220000000000000     
   213.00000000000000        1.9789446010274096E-002  0.17440000000000000       0.47020000000000001        0.0000000000000000       0.17340000000000000       0.18200000000000000     
   214.00000000000000        7.0891373699236912E-003  0.42299999999999999       0.22159999999999999        0.0000000000000000       0.17280000000000001       0.18260000000000001     
   215.00000000000000       -6.9545104934599922E-005  0.41940000000000000       0.22459999999999999        0.0000000000000000       0.17340000000000000       0.18260000000000001     
   216.00000000000000       -1.9386498345049380E-003  0.49480000000000002       0.14240000000000000        0.0000000000000000       0.17720000000000000       0.18559999999999999     
