#        BMIN =   404
#        BMAX =   408
#     INIBAND =   406
#      NBANDS =   540
#         NSW =  2000
#       POTIM =   1.0
#        TEMP = 300.0
#    NAMDTINI =   397
#    NAMDTIME =  1000
#       NTRAJ =  5000
#        NELM =  1000
#       LHOLE =     T
#        LSHP =     T
#      LCPTXT =     T
#      RUNDIR = ../../run/
   1.0000000000000000       -2.6150735494685544E-002   0.0000000000000000        0.0000000000000000        1.0000000000000000        0.0000000000000000        0.0000000000000000     
   2.0000000000000000       -2.9862746757628220E-002   0.0000000000000000        0.0000000000000000       0.99480000000000002        5.1999999999999998E-003   0.0000000000000000     
   3.0000000000000000       -3.5203923406172559E-002   0.0000000000000000        0.0000000000000000       0.99480000000000002        5.1999999999999998E-003   0.0000000000000000     
   4.0000000000000000       -4.0207714287463669E-002   0.0000000000000000        0.0000000000000000       0.99460000000000004        5.1999999999999998E-003   2.0000000000000001E-004
   5.0000000000000000       -5.1763657228389950E-002   0.0000000000000000       0.31540000000000001       0.67879999999999996        5.5999999999999999E-003   2.0000000000000001E-004
   6.0000000000000000       -3.6876214051356014E-002   0.0000000000000000       0.31419999999999998       0.67879999999999996        6.4000000000000003E-003   5.9999999999999995E-004
   7.0000000000000000       -1.0505085422449378E-002   0.0000000000000000       0.31300000000000000       0.45960000000000001       0.22680000000000000        5.9999999999999995E-004
   8.0000000000000000        1.7751707450904947E-003   0.0000000000000000       0.30700000000000000       0.46560000000000001       0.22680000000000000        5.9999999999999995E-004
   9.0000000000000000        7.4426742049353359E-003   0.0000000000000000       0.30759999999999998       0.46439999999999998       0.22680000000000000        1.1999999999999999E-003
   10.000000000000000        1.1061824011235306E-002   0.0000000000000000       0.30520000000000003       0.46660000000000001       0.22680000000000000        1.4000000000000000E-003
   11.000000000000000        1.6661574688254570E-002   0.0000000000000000       0.29459999999999997       0.47399999999999998       0.22680000000000000        4.5999999999999999E-003
   12.000000000000000        1.9003765948057940E-002   0.0000000000000000       0.29459999999999997       0.47399999999999998       0.22680000000000000        4.5999999999999999E-003
   13.000000000000000        2.0834434055331145E-002   0.0000000000000000       0.28079999999999999       0.48780000000000001       0.22680000000000000        4.5999999999999999E-003
   14.000000000000000        2.1707983016073958E-002   0.0000000000000000       0.28079999999999999       0.48720000000000002       0.22680000000000000        5.1999999999999998E-003
   15.000000000000000        1.8273786411967485E-002   0.0000000000000000       0.28060000000000002       0.70620000000000005        6.6000000000000000E-003   6.6000000000000000E-003
   16.000000000000000        9.3810285657691117E-003   0.0000000000000000       0.28060000000000002       0.70620000000000005        6.6000000000000000E-003   6.6000000000000000E-003
   17.000000000000000       -1.1398822276039267E-002   0.0000000000000000       0.28060000000000002       0.70620000000000005        6.6000000000000000E-003   6.6000000000000000E-003
   18.000000000000000       -3.5222180673883399E-002   0.0000000000000000       0.28000000000000003       0.70620000000000005        6.6000000000000000E-003   7.1999999999999998E-003
   19.000000000000000       -6.1914907669925710E-002   5.9999999999999995E-004  0.34379999999999999       0.63980000000000004        8.2000000000000007E-003   7.6000000000000000E-003
   20.000000000000000       -7.7713902417358857E-002   2.5399999999999999E-002  0.32179999999999997       0.63280000000000003        1.0999999999999999E-002   8.9999999999999993E-003
   21.000000000000000       -6.9374552468403392E-002   2.5399999999999999E-002  0.32240000000000002       0.62139999999999995        2.0799999999999999E-002   1.0000000000000000E-002
   22.000000000000000       -5.5894561108871324E-002   2.4000000000000000E-002  0.30880000000000002       0.63400000000000001        2.3199999999999998E-002   1.0000000000000000E-002
   23.000000000000000       -3.9694168641459394E-002   2.1200000000000000E-002  0.31019999999999998       0.62760000000000005        3.0599999999999999E-002   1.0400000000000000E-002
   24.000000000000000       -2.4487322017137016E-002   2.1200000000000000E-002  0.30800000000000000       0.62500000000000000        3.3399999999999999E-002   1.2400000000000000E-002
   25.000000000000000       -1.0486042179255922E-002   2.1000000000000001E-002  0.30819999999999997       0.62460000000000004        3.3399999999999999E-002   1.2800000000000001E-002
   26.000000000000000        2.7174883400627268E-003   2.0400000000000001E-002  0.30020000000000002       0.63200000000000001        3.4200000000000001E-002   1.3200000000000000E-002
   27.000000000000000        1.6891243136036082E-002   1.9800000000000002E-002  0.29999999999999999       0.62639999999999996        3.7999999999999999E-002   1.5800000000000002E-002
   28.000000000000000        2.8992194706807254E-002   1.9800000000000002E-002  0.29980000000000001       0.62639999999999996        3.7999999999999999E-002   1.6000000000000000E-002
   29.000000000000000        4.1535809220896912E-002   1.9800000000000002E-002  0.29840000000000000       0.62760000000000005        3.8199999999999998E-002   1.6000000000000000E-002
   30.000000000000000        5.5757680751229791E-002   1.9199999999999998E-002  0.29139999999999999       0.63480000000000003        3.8600000000000002E-002   1.6000000000000000E-002
   31.000000000000000        6.8646120254655774E-002   1.9199999999999998E-002  0.28880000000000000       0.63639999999999997        3.9199999999999999E-002   1.6400000000000001E-002
   32.000000000000000        8.1448718077925766E-002   1.9199999999999998E-002  0.28100000000000003       0.64300000000000002        4.0399999999999998E-002   1.6400000000000001E-002
   33.000000000000000        9.2797731744331868E-002   1.9000000000000000E-002  0.27379999999999999       0.64959999999999996        4.0800000000000003E-002   1.6799999999999999E-002
   34.000000000000000       0.10179095119339900        1.9000000000000000E-002  0.26939999999999997       0.65400000000000003        4.0800000000000003E-002   1.6799999999999999E-002
   35.000000000000000       0.10940763117902949        1.8599999999999998E-002  0.26519999999999999       0.65580000000000005        4.3600000000000000E-002   1.6799999999999999E-002
   36.000000000000000       0.11486823739366142        1.8599999999999998E-002  0.26500000000000001       0.65580000000000005        4.3799999999999999E-002   1.6799999999999999E-002
   37.000000000000000       0.12062327677064058        1.8599999999999998E-002  0.25940000000000002       0.65320000000000000        5.1600000000000000E-002   1.7200000000000000E-002
   38.000000000000000       0.12413494548835616        1.8599999999999998E-002  0.25640000000000002       0.64980000000000004        5.7400000000000000E-002   1.7800000000000000E-002
   39.000000000000000       0.12380409207475235        0.0000000000000000       0.27439999999999998       0.64720000000000000        6.0600000000000001E-002   1.7800000000000000E-002
   40.000000000000000       0.13339113856265872        0.0000000000000000       0.27439999999999998       0.64700000000000002        6.0600000000000001E-002   1.7999999999999999E-002
   41.000000000000000       0.14164770509285191        0.0000000000000000       0.27439999999999998       0.64559999999999995        6.2000000000000000E-002   1.7999999999999999E-002
   42.000000000000000       0.14773136101776446        0.0000000000000000       0.27439999999999998       0.64500000000000002        6.2199999999999998E-002   1.8400000000000000E-002
   43.000000000000000       0.15054684281323696        0.0000000000000000       0.27439999999999998       0.64280000000000004        6.4399999999999999E-002   1.8400000000000000E-002
   44.000000000000000       0.14888961905683556        0.0000000000000000       0.46000000000000002       0.45720000000000000        6.4199999999999993E-002   1.8599999999999998E-002
   45.000000000000000       0.14887097699350346        0.0000000000000000       0.46000000000000002       0.45679999999999998        6.4600000000000005E-002   1.8599999999999998E-002
   46.000000000000000       0.14454348285072571        0.0000000000000000       0.45979999999999999       0.45679999999999998        6.4799999999999996E-002   1.8599999999999998E-002
   47.000000000000000       0.13620226825814519        0.0000000000000000       0.45979999999999999       0.45679999999999998        6.4799999999999996E-002   1.8599999999999998E-002
   48.000000000000000       0.12456623788529114        0.0000000000000000       0.55579999999999996       0.35180000000000000        7.1800000000000003E-002   2.0600000000000000E-002
   49.000000000000000       0.10757189530876694        0.0000000000000000       0.55579999999999996       0.34560000000000002        7.8000000000000000E-002   2.0600000000000000E-002
   50.000000000000000        8.6919468866688068E-002   0.0000000000000000       0.55579999999999996       0.31540000000000001       0.10800000000000000        2.0799999999999999E-002
   51.000000000000000        6.0743053806165223E-002   0.0000000000000000       0.55579999999999996       0.31659999999999999       0.10660000000000000        2.1000000000000001E-002
   52.000000000000000        3.0569556297552744E-002   0.0000000000000000       0.55579999999999996       0.30700000000000000       0.11520000000000000        2.1999999999999999E-002
   53.000000000000000       -1.9745152309728255E-003   0.0000000000000000       0.55579999999999996       0.30759999999999998       0.11420000000000000        2.2400000000000000E-002
   54.000000000000000       -3.6281945150296771E-002   0.0000000000000000       0.55259999999999998       0.29959999999999998       0.12460000000000000        2.3199999999999998E-002
   55.000000000000000       -5.3977376955322481E-002   0.0000000000000000       0.54679999999999995       0.29840000000000000       0.13159999999999999        2.3199999999999998E-002
   56.000000000000000       -5.4811555889867594E-002   0.0000000000000000       0.54659999999999997       0.29820000000000002       0.13100000000000001        2.4199999999999999E-002
   57.000000000000000       -5.6162189103421037E-002   0.0000000000000000       0.54579999999999995       0.29759999999999998       0.13220000000000001        2.4400000000000002E-002
   58.000000000000000       -5.6525230662290059E-002   0.0000000000000000       0.51839999999999997       0.32500000000000001       0.13220000000000001        2.4400000000000002E-002
   59.000000000000000       -5.5618640697787117E-002   0.0000000000000000       0.43540000000000001       0.40300000000000002       0.13719999999999999        2.4400000000000002E-002
   60.000000000000000       -5.9374917043076798E-002   0.0000000000000000       0.38419999999999999       0.45400000000000001       0.13719999999999999        2.4600000000000000E-002
   61.000000000000000       -6.3982542448626473E-002   0.0000000000000000       0.39600000000000002       0.44100000000000000       0.13840000000000000        2.4600000000000000E-002
   62.000000000000000       -6.6833882560897256E-002   0.0000000000000000       0.39800000000000002       0.43540000000000001       0.14099999999999999        2.5600000000000001E-002
   63.000000000000000       -6.8779630289024285E-002   0.0000000000000000       0.39879999999999999       0.43200000000000000       0.14360000000000001        2.5600000000000001E-002
   64.000000000000000       -6.9582935324952286E-002   0.0000000000000000       0.39760000000000001       0.43259999999999998       0.14360000000000001        2.6200000000000001E-002
   65.000000000000000       -6.8704298428588675E-002   0.0000000000000000       0.39720000000000000       0.43159999999999998       0.14360000000000001        2.7600000000000000E-002
   66.000000000000000       -6.6171007000788512E-002   0.0000000000000000       0.39720000000000000       0.43140000000000001       0.14240000000000000        2.9000000000000001E-002
   67.000000000000000       -6.0381935705316823E-002   0.0000000000000000       0.39560000000000001       0.43080000000000002       0.14520000000000000        2.8400000000000002E-002
   68.000000000000000       -4.8569419403819036E-002   6.0000000000000001E-003  0.38660000000000000       0.43099999999999999       0.14720000000000000        2.9200000000000000E-002
   69.000000000000000       -3.2561267086331822E-002   7.0000000000000001E-003  0.38260000000000000       0.43380000000000002       0.14720000000000000        2.9399999999999999E-002
   70.000000000000000       -1.3559086076802078E-002   6.4000000000000003E-003  0.38260000000000000       0.43400000000000000       0.14740000000000000        2.9600000000000001E-002
   71.000000000000000        8.2467692533012404E-003   5.7999999999999996E-003  0.37380000000000002       0.43540000000000001       0.15540000000000001        2.9600000000000001E-002
   72.000000000000000        2.6760850910703890E-002   3.2000000000000002E-003  0.37400000000000000       0.43780000000000002       0.15540000000000001        2.9600000000000001E-002
   73.000000000000000        4.6729367637784708E-002   3.2000000000000002E-003  0.36780000000000002       0.43900000000000000       0.16039999999999999        2.9600000000000001E-002
   74.000000000000000        6.9604188248214210E-002   2.5999999999999999E-003  0.31119999999999998       0.49099999999999999       0.16539999999999999        2.9800000000000000E-002
   75.000000000000000        8.8077071018022993E-002   2.5999999999999999E-003  0.30840000000000001       0.48840000000000000       0.17000000000000001        3.0599999999999999E-002
   76.000000000000000       0.10642558090140146        2.5999999999999999E-003  0.29820000000000002       0.48940000000000000       0.17879999999999999        3.1000000000000000E-002
   77.000000000000000       0.12178375825061338        2.8000000000000001E-002  0.27260000000000001       0.47760000000000002       0.19080000000000000        3.1000000000000000E-002
   78.000000000000000       0.14055194196978960        2.7799999999999998E-002  0.27260000000000001       0.47760000000000002       0.19100000000000000        3.1000000000000000E-002
   79.000000000000000       0.15667017334604982        2.7799999999999998E-002  0.27260000000000001       0.47760000000000002       0.19080000000000000        3.1199999999999999E-002
   80.000000000000000       0.16818747146614285        2.7600000000000000E-002  0.27260000000000001       0.47599999999999998       0.19220000000000001        3.1600000000000003E-002
   81.000000000000000       0.17502893479350765        2.7600000000000000E-002  0.27260000000000001       0.47599999999999998       0.19239999999999999        3.1399999999999997E-002
   82.000000000000000       0.17949481217951674        2.7400000000000001E-002  0.27260000000000001       0.47320000000000001       0.19080000000000000        3.5999999999999997E-002
   83.000000000000000       0.17776786371214864        2.7400000000000001E-002  0.27260000000000001       0.46960000000000002       0.19180000000000000        3.8600000000000002E-002
   84.000000000000000       0.17228381170251522        2.6400000000000000E-002  0.27260000000000001       0.46479999999999999       0.19200000000000000        4.4200000000000003E-002
   85.000000000000000       0.16084344638022599        2.6400000000000000E-002  0.27260000000000001       0.46479999999999999       0.19200000000000000        4.4200000000000003E-002
   86.000000000000000       0.14574952262212235        2.5600000000000001E-002  0.27260000000000001       0.46539999999999998       0.18520000000000000        5.1200000000000002E-002
   87.000000000000000       0.12706981532423037        2.5600000000000001E-002  0.27260000000000001       0.46539999999999998       0.18479999999999999        5.1600000000000000E-002
   88.000000000000000       0.10593129976830898        2.5200000000000000E-002  0.27260000000000001       0.46539999999999998       0.18520000000000000        5.1600000000000000E-002
   89.000000000000000        8.4483903622666570E-002   2.5200000000000000E-002  0.27260000000000001       0.45839999999999997       0.18759999999999999        5.6200000000000000E-002
   90.000000000000000        6.0272044408738790E-002   2.5000000000000001E-002  0.27279999999999999       0.45319999999999999       0.19220000000000001        5.6800000000000003E-002
   91.000000000000000        3.8796717708706893E-002   6.4600000000000005E-002  0.22559999999999999       0.45779999999999998       0.19460000000000000        5.7400000000000000E-002
   92.000000000000000        1.9837234780906248E-002   6.4600000000000005E-002  0.22559999999999999       0.45400000000000001       0.19839999999999999        5.7400000000000000E-002
   93.000000000000000        4.3484139660036163E-003   6.4600000000000005E-002  0.22220000000000001       0.45679999999999998       0.19839999999999999        5.8000000000000003E-002
   94.000000000000000       -5.9514282630177620E-003   6.4600000000000005E-002  0.17540000000000000       0.50360000000000005       0.19839999999999999        5.8000000000000003E-002
   95.000000000000000       -1.6399201210065814E-002   6.4600000000000005E-002  0.16860000000000000       0.50980000000000003       0.19780000000000000        5.9200000000000003E-002
   96.000000000000000       -2.4404608357071221E-002   6.4600000000000005E-002  0.16560000000000000       0.51180000000000003       0.19800000000000001        5.9999999999999998E-002
   97.000000000000000       -2.8966041813404435E-002   6.4600000000000005E-002  0.17199999999999999       0.50300000000000000       0.20039999999999999        5.9999999999999998E-002
   98.000000000000000       -2.9183530970878786E-002   6.4600000000000005E-002  0.17599999999999999       0.49680000000000002       0.20140000000000000        6.1199999999999997E-002
   99.000000000000000       -2.7458990692615398E-002   6.4600000000000005E-002  0.17840000000000000       0.49359999999999998       0.20200000000000001        6.1400000000000003E-002
   100.00000000000000       -2.2549586019611774E-002   6.4600000000000005E-002  0.17920000000000000       0.49159999999999998       0.20280000000000001        6.1800000000000001E-002
   101.00000000000000       -1.5157060866051241E-002   6.4600000000000005E-002  0.17940000000000000       0.49059999999999998       0.20280000000000001        6.2600000000000003E-002
   102.00000000000000       -6.1868960148958249E-003   6.4600000000000005E-002  0.17979999999999999       0.48759999999999998       0.20540000000000000        6.2600000000000003E-002
   103.00000000000000        6.7709149036354090E-003   6.3600000000000004E-002  0.17780000000000001       0.48540000000000000       0.20460000000000000        6.8599999999999994E-002
   104.00000000000000        2.2566936332339325E-002   6.3600000000000004E-002  0.17780000000000001       0.47899999999999998       0.20960000000000001        7.0000000000000007E-002
   105.00000000000000        4.0574438440464357E-002   6.3200000000000006E-002  0.17780000000000001       0.47139999999999999       0.21600000000000000        7.1599999999999997E-002
   106.00000000000000        5.8826536672178756E-002   5.8599999999999999E-002  0.17780000000000001       0.47599999999999998       0.20680000000000001        8.0799999999999997E-002
   107.00000000000000        7.7097858347404402E-002   4.9599999999999998E-002  0.17780000000000001       0.48499999999999999       0.20519999999999999        8.2400000000000001E-002
   108.00000000000000        9.5247429470522629E-002   4.3799999999999999E-002  0.17780000000000001       0.49080000000000001       0.20560000000000000        8.2000000000000003E-002
   109.00000000000000       0.11271221281566302        4.3799999999999999E-002  0.17780000000000001       0.49080000000000001       0.20260000000000000        8.5000000000000006E-002
   110.00000000000000       0.13112841660329472        4.3400000000000001E-002  0.17780000000000001       0.48920000000000002       0.20300000000000001        8.6599999999999996E-002
   111.00000000000000       0.14938429620072158        4.0200000000000000E-002  0.17780000000000001       0.48640000000000000       0.20540000000000000        9.0200000000000002E-002
   112.00000000000000       0.16680453595207206        3.4599999999999999E-002  0.17780000000000001       0.48680000000000001       0.19919999999999999       0.10160000000000000     
   113.00000000000000       0.18206171939223437        3.4400000000000000E-002  0.17780000000000001       0.48280000000000001       0.19919999999999999       0.10580000000000001     
   114.00000000000000       0.19672297888286686        3.3399999999999999E-002  0.17780000000000001       0.48139999999999999       0.19739999999999999       0.11000000000000000     
   115.00000000000000       0.20802544850192889        3.3200000000000000E-002  0.17780000000000001       0.48159999999999997       0.17940000000000000       0.12800000000000000     
   116.00000000000000       0.21772110725681529        3.3000000000000002E-002  0.17780000000000001       0.47860000000000003       0.17879999999999999       0.13180000000000000     
   117.00000000000000       0.22581254448647819        3.1600000000000003E-002  0.17780000000000001       0.47560000000000002       0.17940000000000000       0.13560000000000000     
   118.00000000000000       0.23181335863620037        0.0000000000000000       0.20899999999999999       0.47460000000000002       0.18120000000000000       0.13519999999999999     
   119.00000000000000       0.23796459904573355        0.0000000000000000       0.20760000000000001       0.47299999999999998       0.18400000000000000       0.13539999999999999     
   120.00000000000000       0.25095419903934524        2.0000000000000001E-004  0.20580000000000001       0.47039999999999998       0.18279999999999999       0.14080000000000001     
   121.00000000000000       0.26438039297722271        2.0000000000000001E-004  0.19500000000000001       0.47180000000000000       0.19139999999999999       0.14160000000000000     
   122.00000000000000       0.27439463784324425        2.0000000000000001E-004  0.19539999999999999       0.46980000000000000       0.19139999999999999       0.14319999999999999     
   123.00000000000000       0.28256257739051943        2.0000000000000001E-004  0.19359999999999999       0.47120000000000001       0.19180000000000000       0.14319999999999999     
   124.00000000000000       0.29056138235602907        0.0000000000000000       0.18140000000000001       0.48159999999999997       0.19280000000000000       0.14419999999999999     
   125.00000000000000       0.29753789914510725        0.0000000000000000       0.18640000000000001       0.47320000000000001       0.19439999999999999       0.14599999999999999     
   126.00000000000000       0.30626656196792323        0.0000000000000000       0.18340000000000001       0.47280000000000000       0.19359999999999999       0.15020000000000000     
   127.00000000000000       0.31295762742119637        0.0000000000000000       0.18500000000000000       0.46860000000000002       0.19359999999999999       0.15279999999999999     
   128.00000000000000       0.31779496703377430        0.0000000000000000       0.18479999999999999       0.46739999999999998       0.19480000000000000       0.15300000000000000     
   129.00000000000000       0.32131053824608469        1.6000000000000001E-003  0.18320000000000000       0.46500000000000002       0.19460000000000000       0.15559999999999999     
   130.00000000000000       0.32225761278928056        7.1999999999999998E-003  0.17640000000000000       0.46379999999999999       0.19480000000000000       0.15780000000000000     
   131.00000000000000       0.32145574053377829        8.0000000000000002E-003  0.17440000000000000       0.46279999999999999       0.19520000000000001       0.15959999999999999     
   132.00000000000000       0.31826717220549461        5.7999999999999996E-003  0.17519999999999999       0.46279999999999999       0.19660000000000000       0.15959999999999999     
   133.00000000000000       0.31399766841199100        5.7999999999999996E-003  0.17240000000000000       0.46239999999999998       0.19860000000000000       0.16080000000000000     
   134.00000000000000       0.30477893427541425        6.1999999999999998E-003  0.16940000000000000       0.46420000000000000       0.19880000000000000       0.16139999999999999     
   135.00000000000000       0.29437682387174902        6.1999999999999998E-003  0.16940000000000000       0.46100000000000002       0.20180000000000001       0.16159999999999999     
   136.00000000000000       0.28187090266390580        6.0000000000000001E-003  0.16880000000000001       0.46100000000000002       0.20219999999999999       0.16200000000000001     
   137.00000000000000       0.26840280779811504        6.0000000000000001E-003  0.16719999999999999       0.46100000000000002       0.20380000000000001       0.16200000000000001     
   138.00000000000000       0.25426441077635820        0.0000000000000000       0.17040000000000000       0.46120000000000000       0.20560000000000000       0.16280000000000000     
   139.00000000000000       0.24856738354107641        0.0000000000000000       0.17040000000000000       0.44940000000000002       0.21440000000000001       0.16580000000000000     
   140.00000000000000       0.24125135262710387        0.0000000000000000       0.17040000000000000       0.44379999999999997       0.21959999999999999       0.16619999999999999     
   141.00000000000000       0.24016038401524123        0.0000000000000000        5.1999999999999998E-003  0.60860000000000003       0.21920000000000001       0.16700000000000001     
   142.00000000000000       0.22517966478001078        0.0000000000000000        5.4000000000000003E-003  0.60860000000000003       0.21679999999999999       0.16919999999999999     
   143.00000000000000       0.23520331872262618        0.0000000000000000        5.4000000000000003E-003  0.60840000000000005       0.21279999999999999       0.17340000000000000     
   144.00000000000000       0.24040704054650130        0.0000000000000000        5.4000000000000003E-003  0.60840000000000005       0.21279999999999999       0.17340000000000000     
   145.00000000000000       0.24112584035983681        0.0000000000000000        5.4000000000000003E-003  0.60840000000000005       0.21199999999999999       0.17419999999999999     
   146.00000000000000       0.23729179108941190        0.0000000000000000        5.1999999999999998E-003  0.60840000000000005       0.21060000000000001       0.17580000000000001     
   147.00000000000000       0.22788499522203279        0.0000000000000000        5.1999999999999998E-003  0.60840000000000005       0.21079999999999999       0.17560000000000001     
   148.00000000000000       0.21356930850420669        0.0000000000000000        5.1999999999999998E-003  0.60840000000000005       0.21120000000000000       0.17519999999999999     
   149.00000000000000       0.19429110441041494        0.0000000000000000        5.1999999999999998E-003  0.60840000000000005       0.21199999999999999       0.17440000000000000     
   150.00000000000000       0.17139279846732008        0.0000000000000000        5.1999999999999998E-003  0.60840000000000005       0.20920000000000000       0.17720000000000000     
   151.00000000000000       0.14443972754141560        0.0000000000000000        5.1999999999999998E-003  0.60840000000000005       0.20920000000000000       0.17720000000000000     
   152.00000000000000       0.11368188182157249        0.0000000000000000        5.1999999999999998E-003  0.60840000000000005       0.20820000000000000       0.17820000000000000     
   153.00000000000000        8.1441582047919195E-002   0.0000000000000000        5.1999999999999998E-003  0.60840000000000005       0.20740000000000000       0.17899999999999999     
   154.00000000000000        4.7447790925409260E-002   0.0000000000000000        5.1999999999999998E-003  0.60840000000000005       0.20740000000000000       0.17899999999999999     
   155.00000000000000        5.9571043990066380E-003   2.0000000000000001E-004  0.61339999999999995        0.0000000000000000       0.20740000000000000       0.17899999999999999     
   156.00000000000000       -1.9603200589666032E-002   2.0600000000000000E-002  0.57240000000000002        2.0600000000000000E-002  0.20740000000000000       0.17899999999999999     
   157.00000000000000       -1.9148343881292051E-002   2.0600000000000000E-002  0.48440000000000000       0.10860000000000000       0.20740000000000000       0.17899999999999999     
   158.00000000000000       -2.0321913963555149E-002   1.9800000000000002E-002  0.49840000000000001        9.4200000000000006E-002  0.20860000000000001       0.17899999999999999     
   159.00000000000000       -2.1276734630650669E-002   1.6000000000000000E-002  0.49440000000000001        9.8799999999999999E-002  0.20820000000000000       0.18260000000000001     
   160.00000000000000       -2.1030688131612962E-002   1.5800000000000002E-002  0.48259999999999997       0.10740000000000000       0.20840000000000000       0.18579999999999999     
   161.00000000000000       -2.0590941247970243E-002   1.5200000000000000E-002  0.47399999999999998       0.11559999999999999       0.20860000000000001       0.18659999999999999     
   162.00000000000000       -2.4040174111897156E-002   1.5200000000000000E-002  0.47439999999999999       0.11000000000000000       0.21379999999999999       0.18659999999999999     
   163.00000000000000       -1.9218214251842780E-002   1.4800000000000001E-002  0.47460000000000002       0.10860000000000000       0.21440000000000001       0.18759999999999999     
   164.00000000000000       -1.4725547928482033E-002   1.4200000000000001E-002  0.47380000000000000       0.10420000000000000       0.21840000000000001       0.18940000000000001     
   165.00000000000000       -1.3620554731255299E-002   1.3400000000000000E-002  0.46879999999999999       0.10700000000000000       0.22120000000000001       0.18959999999999999     
   166.00000000000000       -1.2896106371670144E-002   1.2999999999999999E-002  0.46879999999999999       0.10500000000000000       0.22320000000000001       0.19000000000000000     
   167.00000000000000       -1.1907176187966662E-002   1.2600000000000000E-002  0.46920000000000001       0.10500000000000000       0.22320000000000001       0.19000000000000000     
   168.00000000000000       -8.9752076503350348E-003   1.1200000000000000E-002  0.46639999999999998       0.10440000000000001       0.22439999999999999       0.19359999999999999     
   169.00000000000000       -8.7210820130747130E-003   1.1200000000000000E-002  0.46600000000000003       0.10280000000000000       0.22620000000000001       0.19380000000000000     
   170.00000000000000       -7.8572590318596452E-003   8.9999999999999993E-003  0.46579999999999999       0.10340000000000001       0.22680000000000000       0.19500000000000001     
   171.00000000000000       -7.6171159257374110E-003   2.0000000000000000E-002  0.45460000000000000       0.10120000000000000       0.22680000000000000       0.19739999999999999     
   172.00000000000000        9.7177945004713606E-003   2.0000000000000000E-002  0.45460000000000000       0.10020000000000000       0.22700000000000001       0.19819999999999999     
   173.00000000000000        3.0544794471168119E-002   2.0000000000000000E-002  0.45460000000000000        9.9800000000000000E-002  0.22720000000000001       0.19839999999999999     
   174.00000000000000        5.0376066527732591E-002   2.0000000000000000E-002  0.45460000000000000        9.9800000000000000E-002  0.22720000000000001       0.19839999999999999     
   175.00000000000000        6.6474140886680702E-002   2.0000000000000000E-002  0.55340000000000000        0.0000000000000000       0.22720000000000001       0.19939999999999999     
   176.00000000000000        7.6598404447359103E-002   1.9800000000000002E-002  0.55320000000000003        2.0000000000000001E-004  0.22259999999999999       0.20419999999999999     
   177.00000000000000        7.1864056767997675E-002   1.9800000000000002E-002  0.55300000000000005        2.0000000000000001E-004  0.22120000000000001       0.20580000000000001     
   178.00000000000000        6.6099959091843102E-002   1.9800000000000002E-002  0.55300000000000005        2.0000000000000001E-004  0.22080000000000000       0.20619999999999999     
   179.00000000000000        6.0835377509476374E-002   1.9800000000000002E-002  0.55300000000000005        2.0000000000000001E-004  0.22020000000000001       0.20680000000000001     
   180.00000000000000        5.5066961813205473E-002   1.9800000000000002E-002  0.55240000000000000        2.0000000000000001E-004  0.22080000000000000       0.20680000000000001     
   181.00000000000000        4.8356896208799280E-002  0.16520000000000001       0.40300000000000002        2.0000000000000001E-004  0.22400000000000000       0.20760000000000001     
   182.00000000000000        4.6967850469284630E-002  0.16580000000000000       0.40239999999999998        2.0000000000000001E-004  0.22400000000000000       0.20760000000000001     
   183.00000000000000        4.7161117714708538E-002  0.16580000000000000       0.40239999999999998        2.0000000000000001E-004  0.22420000000000001       0.20740000000000000     
   184.00000000000000        4.4595755228874039E-002  0.16460000000000000       0.40360000000000001        2.0000000000000001E-004  0.22339999999999999       0.20820000000000000     
   185.00000000000000        3.8785863732451568E-002  0.16400000000000001       0.40420000000000000        2.0000000000000001E-004  0.22380000000000000       0.20780000000000001     
   186.00000000000000        2.7691485610941233E-002  0.38679999999999998       0.18140000000000001        2.0000000000000001E-004  0.22320000000000001       0.20840000000000000     
   187.00000000000000        2.1784027033641410E-002  0.38200000000000001       0.18540000000000001        2.0000000000000001E-004  0.22400000000000000       0.20840000000000000     
   188.00000000000000        2.1612877443155445E-002  0.37140000000000001       0.18640000000000001        2.0000000000000001E-004  0.23080000000000001       0.21120000000000000     
   189.00000000000000        2.6366648474542523E-002  0.37080000000000002       0.16300000000000001        2.3800000000000002E-002  0.23039999999999999       0.21199999999999999     
   190.00000000000000        2.6972942971324222E-002  0.32619999999999999       0.20720000000000000        2.3800000000000002E-002  0.23119999999999999       0.21160000000000001     
   191.00000000000000        1.9279235679932540E-002  0.32619999999999999       0.20720000000000000        2.3599999999999999E-002  0.22760000000000000       0.21540000000000001     
   192.00000000000000        1.1918728109286722E-002  0.32300000000000001       0.19800000000000001        3.5799999999999998E-002  0.22780000000000000       0.21540000000000001     
   193.00000000000000        2.0151258243159949E-002  0.27260000000000001       0.24720000000000000        3.5400000000000001E-002  0.22919999999999999       0.21560000000000001     
   194.00000000000000        3.1763560850326923E-002  0.27260000000000001       0.24099999999999999        4.1000000000000002E-002  0.22980000000000000       0.21560000000000001     
   195.00000000000000        4.6312845908874072E-002  0.25700000000000001       0.25480000000000003        3.7999999999999999E-002  0.23319999999999999       0.21700000000000000     
   196.00000000000000        6.3080771739803213E-002  0.25319999999999998       0.25440000000000002        3.8199999999999998E-002  0.23660000000000000       0.21759999999999999     
   197.00000000000000        8.4542510378078639E-002  0.24340000000000001       0.25740000000000002        3.4599999999999999E-002  0.24420000000000000       0.22040000000000001     
   198.00000000000000       0.10380358562703582       0.24279999999999999       0.25740000000000002        3.4000000000000002E-002  0.24540000000000001       0.22040000000000001     
   199.00000000000000       0.12358703203615634       0.24260000000000001       0.25559999999999999        3.1000000000000000E-002  0.24859999999999999       0.22220000000000001     
   200.00000000000000       0.14313235971785954       0.24040000000000000       0.25319999999999998        3.3799999999999997E-002  0.25000000000000000       0.22259999999999999     
   201.00000000000000       0.16233343667202596       0.22939999999999999       0.26400000000000001        3.2800000000000003E-002  0.25080000000000002       0.22300000000000000     
   202.00000000000000       0.18100551599257733       0.22180000000000000       0.26819999999999999        3.6200000000000003E-002  0.24800000000000000       0.22580000000000000     
   203.00000000000000       0.19664069271593376       0.22220000000000001       0.26740000000000003        3.6400000000000002E-002  0.24820000000000000       0.22580000000000000     
   204.00000000000000       0.21164864990978860       0.22120000000000001       0.26679999999999998        3.6799999999999999E-002  0.24920000000000000       0.22600000000000001     
   205.00000000000000       0.22501699941448167       0.22120000000000001       0.26679999999999998        3.6600000000000001E-002  0.24840000000000001       0.22700000000000001     
   206.00000000000000       0.23908417544239580       0.21720000000000000       0.26700000000000002        3.6200000000000003E-002  0.24959999999999999       0.23000000000000001     
   207.00000000000000       0.25014335977501523       0.21320000000000000       0.26979999999999998        3.6200000000000003E-002  0.25040000000000001       0.23039999999999999     
   208.00000000000000       0.25985756016932543       0.21099999999999999       0.27100000000000002        3.7199999999999997E-002  0.25040000000000001       0.23039999999999999     
   209.00000000000000       0.26791698862260915       0.20999999999999999       0.27100000000000002        3.7400000000000003E-002  0.25100000000000000       0.23060000000000000     
   210.00000000000000       0.27491390233679114       0.20820000000000000       0.27020000000000000        3.7800000000000000E-002  0.25300000000000000       0.23080000000000001     
   211.00000000000000       0.28066040927506419       0.20820000000000000       0.26900000000000002        3.7199999999999997E-002  0.25400000000000000       0.23160000000000000     
   212.00000000000000       0.28563682447222716       0.20660000000000001       0.26579999999999998        3.9800000000000002E-002  0.25600000000000001       0.23180000000000001     
   213.00000000000000       0.29095020154820023       0.20660000000000001       0.26079999999999998        4.2799999999999998E-002  0.25819999999999999       0.23160000000000000     
   214.00000000000000       0.29416754910107457       0.20660000000000001       0.25919999999999999        4.3600000000000000E-002  0.25500000000000000       0.23560000000000000     
   215.00000000000000       0.29419199175670818       0.20660000000000001       0.25819999999999999        4.4600000000000001E-002  0.25380000000000003       0.23680000000000001     
   216.00000000000000       0.29287786001810034       0.20660000000000001       0.25819999999999999        4.1200000000000001E-002  0.25359999999999999       0.24040000000000000     
