#        BMIN =   404
#        BMAX =   408
#     INIBAND =   406
#      NBANDS =   540
#         NSW =  2000
#       POTIM =   1.0
#        TEMP = 300.0
#    NAMDTINI =   532
#    NAMDTIME =  1000
#       NTRAJ =  5000
#        NELM =  1000
#       LHOLE =     T
#        LSHP =     T
#      LCPTXT =     T
#      RUNDIR = ../../run/
   1.0000000000000000       0.26303446130312647        0.0000000000000000        0.0000000000000000        1.0000000000000000        0.0000000000000000        0.0000000000000000     
   2.0000000000000000       0.24831410545569907        0.0000000000000000        0.0000000000000000        1.0000000000000000        0.0000000000000000        0.0000000000000000     
   3.0000000000000000       0.23165063849349066        0.0000000000000000        0.0000000000000000       0.99980000000000002        0.0000000000000000        2.0000000000000001E-004
   4.0000000000000000       0.21282899866775024        0.0000000000000000        0.0000000000000000       0.99980000000000002        0.0000000000000000        2.0000000000000001E-004
   5.0000000000000000       0.19262157854406017        0.0000000000000000        0.0000000000000000       0.99960000000000004        2.0000000000000001E-004   2.0000000000000001E-004
   6.0000000000000000       0.16398719561732283        0.0000000000000000       0.15200000000000000       0.84760000000000002        2.0000000000000001E-004   2.0000000000000001E-004
   7.0000000000000000       0.15363829986991490        0.0000000000000000       0.15200000000000000       0.84760000000000002        2.0000000000000001E-004   2.0000000000000001E-004
   8.0000000000000000       0.17058316320295155        0.0000000000000000       0.15200000000000000       0.84760000000000002        2.0000000000000001E-004   2.0000000000000001E-004
   9.0000000000000000       0.18168312453067542        0.0000000000000000       0.15200000000000000       0.84760000000000002        2.0000000000000001E-004   2.0000000000000001E-004
   10.000000000000000       0.18591591454652903        0.0000000000000000       0.15200000000000000       0.84760000000000002        2.0000000000000001E-004   2.0000000000000001E-004
   11.000000000000000       0.18316919985441368        0.0000000000000000       0.15179999999999999       0.84760000000000002        2.0000000000000001E-004   4.0000000000000002E-004
   12.000000000000000       0.17174411213523938        0.0000000000000000       0.15179999999999999       0.84760000000000002        2.0000000000000001E-004   4.0000000000000002E-004
   13.000000000000000       0.15327442039687081        0.0000000000000000       0.15179999999999999       0.84760000000000002        4.0000000000000002E-004   2.0000000000000001E-004
   14.000000000000000       0.12799595666651400        0.0000000000000000       0.15179999999999999       0.84760000000000002        4.0000000000000002E-004   2.0000000000000001E-004
   15.000000000000000        9.7765282211130733E-002   0.0000000000000000       0.15179999999999999       0.84760000000000002        4.0000000000000002E-004   2.0000000000000001E-004
   16.000000000000000        6.1373115470174412E-002   0.0000000000000000       0.15179999999999999       0.84760000000000002        4.0000000000000002E-004   2.0000000000000001E-004
   17.000000000000000        1.8821666406513646E-002   0.0000000000000000       0.15179999999999999       0.84760000000000002        2.0000000000000001E-004   4.0000000000000002E-004
   18.000000000000000       -2.5876417346508227E-002   0.0000000000000000       0.15179999999999999       0.84760000000000002        2.0000000000000001E-004   4.0000000000000002E-004
   19.000000000000000       -7.3177290940670131E-002   0.0000000000000000       0.15179999999999999       0.84760000000000002        2.0000000000000001E-004   4.0000000000000002E-004
   20.000000000000000      -0.11930152648894542        2.0000000000000001E-004   0.0000000000000000       0.99919999999999998        2.0000000000000001E-004   4.0000000000000002E-004
   21.000000000000000      -0.14445165485020828        2.0000000000000001E-004   6.4000000000000003E-003  0.99280000000000002        2.0000000000000001E-004   4.0000000000000002E-004
   22.000000000000000      -0.15721348350683390        2.0000000000000001E-004  0.10760000000000000       0.89100000000000001        2.0000000000000001E-004   1.0000000000000000E-003
   23.000000000000000      -0.15385269376303470        2.0000000000000001E-004   9.0800000000000006E-002  0.90739999999999998        5.9999999999999995E-004   1.0000000000000000E-003
   24.000000000000000      -0.14143485875060935        0.0000000000000000        9.2399999999999996E-002  0.90539999999999998        1.1999999999999999E-003   1.0000000000000000E-003
   25.000000000000000      -0.12713609597947834        0.0000000000000000        9.2600000000000002E-002  0.90439999999999998        1.6000000000000001E-003   1.4000000000000000E-003
   26.000000000000000      -0.11174961585151172        0.0000000000000000        9.2799999999999994E-002  0.90300000000000002        1.6000000000000001E-003   2.5999999999999999E-003
   27.000000000000000      -0.10004040636187365        0.0000000000000000        9.0200000000000002E-002  0.90200000000000002        4.5999999999999999E-003   3.2000000000000002E-003
   28.000000000000000       -8.1026884315717973E-002   0.0000000000000000        8.9399999999999993E-002  0.90159999999999996        5.7999999999999996E-003   3.2000000000000002E-003
   29.000000000000000       -6.4406489547180243E-002   0.0000000000000000        8.9399999999999993E-002  0.89980000000000004        7.6000000000000000E-003   3.2000000000000002E-003
   30.000000000000000       -5.1784333836145183E-002   0.0000000000000000        8.8599999999999998E-002  0.89859999999999995        9.4000000000000004E-003   3.3999999999999998E-003
   31.000000000000000       -3.9897217851333010E-002   0.0000000000000000        8.8400000000000006E-002  0.89659999999999995        1.1599999999999999E-002   3.3999999999999998E-003
   32.000000000000000       -2.8436412374591116E-002   0.0000000000000000        8.8200000000000001E-002  0.89559999999999995        1.1800000000000000E-002   4.4000000000000003E-003
   33.000000000000000       -1.8879038006556381E-002   0.0000000000000000        8.7800000000000003E-002  0.89480000000000004        1.2200000000000001E-002   5.1999999999999998E-003
   34.000000000000000       -1.1887082858124051E-002   0.0000000000000000        8.7800000000000003E-002  0.89280000000000004        1.4200000000000001E-002   5.1999999999999998E-003
   35.000000000000000       -7.0678304174640024E-003   0.0000000000000000        8.7800000000000003E-002  0.89280000000000004        1.4200000000000001E-002   5.1999999999999998E-003
   36.000000000000000       -4.5345882853732814E-003   2.0000000000000001E-004   8.7400000000000005E-002  0.89100000000000001        1.6000000000000000E-002   5.4000000000000003E-003
   37.000000000000000       -9.1964048077145693E-004   2.0000000000000001E-004   8.7400000000000005E-002  0.89000000000000001        1.7000000000000001E-002   5.4000000000000003E-003
   38.000000000000000        2.1628802772249555E-003   2.0000000000000001E-004   8.7400000000000005E-002  0.88800000000000001        1.7000000000000001E-002   7.4000000000000003E-003
   39.000000000000000        2.4952875433303084E-003   2.0000000000000001E-004   8.7400000000000005E-002  0.88800000000000001        1.7000000000000001E-002   7.4000000000000003E-003
   40.000000000000000        1.0639455121141121E-003   2.0000000000000001E-004   9.3799999999999994E-002  0.88100000000000001        1.7000000000000001E-002   8.0000000000000002E-003
   41.000000000000000        1.5909434966910281E-002   2.0000000000000001E-004   9.3799999999999994E-002  0.88100000000000001        1.7000000000000001E-002   8.0000000000000002E-003
   42.000000000000000        4.6489014833668622E-002   0.0000000000000000        9.3799999999999994E-002  0.88119999999999998        1.7000000000000001E-002   8.0000000000000002E-003
   43.000000000000000        7.1364874726180819E-002   0.0000000000000000        9.3799999999999994E-002  0.88119999999999998        1.7000000000000001E-002   8.0000000000000002E-003
   44.000000000000000        9.0898704113759041E-002   0.0000000000000000        9.3799999999999994E-002  0.88119999999999998        1.7000000000000001E-002   8.0000000000000002E-003
   45.000000000000000       0.10355521941409011        0.0000000000000000        9.3799999999999994E-002  0.88119999999999998        1.6000000000000000E-002   8.9999999999999993E-003
   46.000000000000000       0.10959046993424926        1.5200000000000000E-002   7.8000000000000000E-002  0.88119999999999998        1.6199999999999999E-002   9.4000000000000004E-003
   47.000000000000000       0.10937543114654819        1.5200000000000000E-002   7.7399999999999997E-002  0.88180000000000003        1.5200000000000000E-002   1.0400000000000000E-002
   48.000000000000000       0.10283335983655577        1.5200000000000000E-002   7.6600000000000001E-002  0.88260000000000005        1.5200000000000000E-002   1.0400000000000000E-002
   49.000000000000000        8.8951642135140022E-002   1.4999999999999999E-002   7.6399999999999996E-002  0.88300000000000001        1.4999999999999999E-002   1.0600000000000000E-002
   50.000000000000000        6.8394510189017613E-002   1.4999999999999999E-002   7.6399999999999996E-002  0.88300000000000001        1.4999999999999999E-002   1.0600000000000000E-002
   51.000000000000000        4.1567999831001498E-002   5.7400000000000000E-002   3.3399999999999999E-002  0.88360000000000005        1.4999999999999999E-002   1.0600000000000000E-002
   52.000000000000000        1.0604249688009847E-002   5.6599999999999998E-002   3.4200000000000001E-002  0.88360000000000005        1.4999999999999999E-002   1.0600000000000000E-002
   53.000000000000000       -2.3515654240498063E-002   9.0399999999999994E-002   0.0000000000000000       0.88360000000000005        1.5200000000000000E-002   1.0800000000000001E-002
   54.000000000000000       -6.0366697809648533E-002   9.0200000000000002E-002   1.2200000000000001E-002  0.87160000000000004        1.5200000000000000E-002   1.0800000000000001E-002
   55.000000000000000       -7.5945673320534798E-002   8.3799999999999999E-002   2.0799999999999999E-002  0.86780000000000002        1.6799999999999999E-002   1.0800000000000001E-002
   56.000000000000000       -5.8902049482761856E-002   8.3799999999999999E-002   1.8599999999999998E-002  0.86960000000000004        1.7000000000000001E-002   1.0999999999999999E-002
   57.000000000000000       -4.1786291058144041E-002   8.4000000000000005E-002   1.8800000000000001E-002  0.86860000000000004        1.7000000000000001E-002   1.1599999999999999E-002
   58.000000000000000       -2.0189471373994152E-002   7.5600000000000001E-002   2.6599999999999999E-002  0.86839999999999995        1.7399999999999999E-002   1.2000000000000000E-002
   59.000000000000000        2.7657820668328093E-003   7.5399999999999995E-002   2.6800000000000001E-002  0.86839999999999995        1.7399999999999999E-002   1.2000000000000000E-002
   60.000000000000000        2.5919982162209275E-002   7.1400000000000005E-002   2.9999999999999999E-002  0.86919999999999997        1.7200000000000000E-002   1.2200000000000001E-002
   61.000000000000000        4.9220922315347589E-002   7.1400000000000005E-002   2.9800000000000000E-002  0.86699999999999999        1.9599999999999999E-002   1.2200000000000001E-002
   62.000000000000000        7.2864795640039254E-002   6.7799999999999999E-002   3.1000000000000000E-002  0.86819999999999997        1.9599999999999999E-002   1.3400000000000000E-002
   63.000000000000000        9.5080921751590761E-002   6.7400000000000002E-002   3.1399999999999997E-002  0.86819999999999997        1.9599999999999999E-002   1.3400000000000000E-002
   64.000000000000000       0.11611510249806323        6.7199999999999996E-002   3.1600000000000003E-002  0.86799999999999999        1.8400000000000000E-002   1.4800000000000001E-002
   65.000000000000000       0.13672372722418794        6.5600000000000006E-002   3.1199999999999999E-002  0.87000000000000000        1.7999999999999999E-002   1.5200000000000000E-002
   66.000000000000000       0.15724537086180165        6.1800000000000001E-002   3.4400000000000000E-002  0.86919999999999997        1.7999999999999999E-002   1.6600000000000000E-002
   67.000000000000000       0.17602811372547933        5.9799999999999999E-002   3.6200000000000003E-002  0.86939999999999995        1.7600000000000001E-002   1.7000000000000001E-002
   68.000000000000000       0.19374825336655499        5.8000000000000003E-002   3.6200000000000003E-002  0.87119999999999997        1.7399999999999999E-002   1.7200000000000000E-002
   69.000000000000000       0.20981588089558487        5.7599999999999998E-002   3.6600000000000001E-002  0.87119999999999997        1.7399999999999999E-002   1.7200000000000000E-002
   70.000000000000000       0.22501548491195753        5.7599999999999998E-002   3.5400000000000001E-002  0.87219999999999998        1.7000000000000001E-002   1.7800000000000000E-002
   71.000000000000000       0.23931692170342916        5.6399999999999999E-002   3.4200000000000001E-002  0.87319999999999998        1.7999999999999999E-002   1.8200000000000001E-002
   72.000000000000000       0.25212770620595554        5.3999999999999999E-002   3.4400000000000000E-002  0.87380000000000002        1.9000000000000000E-002   1.8800000000000001E-002
   73.000000000000000       0.26331957726179217        5.3999999999999999E-002   3.4400000000000000E-002  0.87300000000000000        1.8400000000000000E-002   2.0199999999999999E-002
   74.000000000000000       0.27280514870686962        5.3999999999999999E-002   3.3000000000000002E-002  0.87260000000000004        2.0199999999999999E-002   2.0199999999999999E-002
   75.000000000000000       0.28002250214139296        5.3999999999999999E-002   3.2399999999999998E-002  0.87319999999999998        2.0199999999999999E-002   2.0199999999999999E-002
   76.000000000000000       0.28604600387863899        5.3999999999999999E-002   3.2000000000000001E-002  0.87360000000000004        2.0199999999999999E-002   2.0199999999999999E-002
   77.000000000000000       0.29062322918538780        5.2400000000000002E-002   3.2000000000000001E-002  0.87400000000000000        2.1000000000000001E-002   2.0600000000000000E-002
   78.000000000000000       0.29301199991241933        5.2400000000000002E-002   3.2000000000000001E-002  0.87339999999999995        2.1600000000000001E-002   2.0600000000000000E-002
   79.000000000000000       0.29346745672058044        5.2400000000000002E-002   3.2000000000000001E-002  0.87319999999999998        2.1600000000000001E-002   2.0799999999999999E-002
   80.000000000000000       0.29138362399946233        5.2400000000000002E-002   3.2000000000000001E-002  0.87160000000000004        2.2400000000000000E-002   2.1600000000000001E-002
   81.000000000000000       0.28673000903158791        5.2400000000000002E-002   3.1800000000000002E-002  0.87180000000000002        2.2400000000000000E-002   2.1600000000000001E-002
   82.000000000000000       0.27966680103728697        5.1999999999999998E-002   3.1000000000000000E-002  0.87280000000000002        2.2599999999999999E-002   2.1600000000000001E-002
   83.000000000000000       0.27031923012482190        5.1999999999999998E-002   3.0599999999999999E-002  0.87280000000000002        2.3000000000000000E-002   2.1600000000000001E-002
   84.000000000000000       0.25950764752759403        5.1999999999999998E-002   2.8600000000000000E-002  0.87380000000000002        2.4000000000000000E-002   2.1600000000000001E-002
   85.000000000000000       0.24642550191642226        4.9799999999999997E-002   3.0200000000000001E-002  0.87439999999999996        2.4000000000000000E-002   2.1600000000000001E-002
   86.000000000000000       0.23114727587847794        4.7800000000000002E-002   3.1000000000000000E-002  0.87500000000000000        2.4600000000000000E-002   2.1600000000000001E-002
   87.000000000000000       0.21544040850272314        4.4200000000000003E-002   3.1600000000000003E-002  0.87660000000000005        2.4600000000000000E-002   2.3000000000000000E-002
   88.000000000000000       0.19704127876864422        4.3400000000000001E-002   3.1399999999999997E-002  0.87739999999999996        2.4799999999999999E-002   2.3000000000000000E-002
   89.000000000000000       0.17843783554768070        3.9800000000000002E-002   3.4799999999999998E-002  0.87480000000000002        2.6400000000000000E-002   2.4199999999999999E-002
   90.000000000000000       0.15796389547446718        3.7999999999999999E-002   3.5799999999999998E-002  0.87560000000000004        2.6599999999999999E-002   2.4000000000000000E-002
   91.000000000000000       0.13845525090498292        3.3000000000000002E-002   3.3399999999999999E-002  0.88280000000000003        2.7600000000000000E-002   2.3199999999999998E-002
   92.000000000000000       0.12774923116897932        3.2800000000000003E-002   5.0000000000000003E-002  0.86539999999999995        2.8400000000000002E-002   2.3400000000000001E-002
   93.000000000000000       0.12660953938871539        2.9000000000000001E-002   5.2999999999999999E-002  0.86619999999999997        2.8400000000000002E-002   2.3400000000000001E-002
   94.000000000000000       0.12802493985216576        2.2599999999999999E-002   5.2200000000000003E-002  0.87200000000000000        2.3000000000000000E-002   3.0200000000000001E-002
   95.000000000000000       0.12926557684608792        1.7399999999999999E-002   5.7000000000000002E-002  0.86219999999999997        3.3000000000000002E-002   3.0400000000000000E-002
   96.000000000000000       0.12667182151816295        1.7399999999999999E-002   5.6800000000000003E-002  0.85319999999999996        4.5199999999999997E-002   2.7400000000000001E-002
   97.000000000000000       0.11888618083855787        1.8599999999999998E-002   5.4399999999999997E-002  0.85440000000000005        3.7999999999999999E-002   3.4599999999999999E-002
   98.000000000000000       0.10844452045699314        1.6400000000000001E-002   5.4800000000000001E-002  0.85219999999999996        3.4799999999999998E-002   4.1799999999999997E-002
   99.000000000000000        9.4010461713669516E-002   1.6400000000000001E-002   5.4199999999999998E-002  0.85140000000000005        3.5799999999999998E-002   4.2200000000000001E-002
   100.00000000000000        7.7936264342581205E-002   1.6600000000000000E-002   5.0599999999999999E-002  0.85319999999999996        3.5799999999999998E-002   4.3799999999999999E-002
   101.00000000000000        6.0866884704765721E-002   5.1600000000000000E-002   1.5400000000000000E-002  0.85019999999999996        3.7600000000000001E-002   4.5199999999999997E-002
   102.00000000000000        4.5048574852147430E-002   5.0999999999999997E-002   1.5400000000000000E-002  0.84980000000000000        3.7400000000000003E-002   4.6399999999999997E-002
   103.00000000000000        2.9648550112397785E-002   5.0200000000000002E-002   0.0000000000000000       0.86539999999999995        3.7400000000000003E-002   4.7000000000000000E-002
   104.00000000000000        1.6838268839323642E-002   4.7800000000000002E-002   2.2000000000000001E-003  0.86539999999999995        3.7600000000000001E-002   4.7000000000000000E-002
   105.00000000000000        5.4455350296619701E-002   4.7800000000000002E-002   2.2000000000000001E-003  0.86539999999999995        3.7600000000000001E-002   4.7000000000000000E-002
   106.00000000000000        8.9905058094009366E-002   4.5999999999999999E-002   4.0000000000000001E-003  0.86539999999999995        3.7600000000000001E-002   4.7000000000000000E-002
   107.00000000000000       0.12207422619688985        4.5999999999999999E-002   4.0000000000000001E-003  0.86539999999999995        3.6600000000000001E-002   4.8000000000000001E-002
   108.00000000000000       0.14836489275204665        4.5999999999999999E-002   4.0000000000000001E-003  0.86539999999999995        3.6600000000000001E-002   4.8000000000000001E-002
   109.00000000000000       0.17096894946667288        4.3600000000000000E-002   6.1999999999999998E-003  0.86539999999999995        3.6799999999999999E-002   4.8000000000000001E-002
   110.00000000000000       0.18584211550337063        4.3600000000000000E-002   6.1999999999999998E-003  0.86539999999999995        3.6600000000000001E-002   4.8200000000000000E-002
   111.00000000000000       0.19413570254939494        4.3600000000000000E-002   6.1999999999999998E-003  0.86539999999999995        3.6400000000000002E-002   4.8399999999999999E-002
   112.00000000000000       0.19508150969747426        4.3600000000000000E-002   6.1999999999999998E-003  0.86539999999999995        3.6400000000000002E-002   4.8399999999999999E-002
   113.00000000000000       0.18693685166693097        4.3600000000000000E-002   6.0000000000000001E-003  0.86539999999999995        3.6400000000000002E-002   4.8599999999999997E-002
   114.00000000000000       0.17197666762442923        4.3600000000000000E-002   6.0000000000000001E-003  0.86539999999999995        3.6400000000000002E-002   4.8599999999999997E-002
   115.00000000000000       0.15006174368775321        4.3400000000000001E-002   6.1999999999999998E-003  0.86539999999999995        3.5400000000000001E-002   4.9599999999999998E-002
   116.00000000000000       0.12210036031668373        4.3400000000000001E-002   6.1999999999999998E-003  0.86539999999999995        3.5400000000000001E-002   4.9599999999999998E-002
   117.00000000000000        8.8315251130673886E-002   4.3200000000000002E-002   6.4000000000000003E-003  0.86539999999999995        3.5400000000000001E-002   4.9599999999999998E-002
   118.00000000000000        5.0206919778301634E-002   4.3200000000000002E-002   0.0000000000000000       0.87100000000000000        3.4799999999999998E-002   5.0999999999999997E-002
   119.00000000000000        4.3140223692070850E-002   4.2799999999999998E-002   0.0000000000000000       0.87060000000000004        3.5600000000000000E-002   5.0999999999999997E-002
   120.00000000000000        5.0070785387173869E-002   4.2400000000000000E-002   4.0000000000000002E-004  0.87060000000000004        3.5600000000000000E-002   5.0999999999999997E-002
   121.00000000000000        5.5753237203846479E-002   4.2400000000000000E-002   4.0000000000000002E-004  0.87060000000000004        3.5600000000000000E-002   5.0999999999999997E-002
   122.00000000000000        5.7572661354890524E-002   4.2400000000000000E-002   4.0000000000000002E-004  0.87060000000000004        3.4400000000000000E-002   5.2200000000000003E-002
   123.00000000000000        6.0120529704715778E-002   4.1399999999999999E-002   1.4000000000000000E-003  0.87060000000000004        3.4000000000000002E-002   5.2600000000000001E-002
   124.00000000000000        6.7539834211210625E-002   4.1399999999999999E-002   2.2000000000000001E-003  0.86960000000000004        3.4599999999999999E-002   5.2200000000000003E-002
   125.00000000000000        8.5350605201905572E-002   4.1399999999999999E-002   0.0000000000000000       0.87180000000000002        4.2000000000000003E-002   4.4800000000000000E-002
   126.00000000000000       0.12251399743323890        4.1200000000000001E-002   0.0000000000000000       0.87039999999999995        4.3600000000000000E-002   4.4800000000000000E-002
   127.00000000000000       0.17149268653799615        3.9800000000000002E-002   0.0000000000000000       0.85060000000000002        6.3000000000000000E-002   4.6600000000000003E-002
   128.00000000000000       0.20604174941782202        3.9199999999999999E-002   5.9999999999999995E-004  0.80079999999999996       0.11280000000000000        4.6600000000000003E-002
   129.00000000000000       0.23878547920801982        3.5200000000000002E-002   3.8000000000000000E-003  0.78380000000000005       0.11300000000000000        6.4199999999999993E-002
   130.00000000000000       0.27949495935613095        2.5200000000000000E-002   1.3599999999999999E-002  0.73419999999999996       0.15500000000000000        7.1999999999999995E-002
   131.00000000000000       0.42658893289925970        2.4199999999999999E-002   1.4400000000000000E-002  0.73419999999999996       0.15500000000000000        7.2200000000000000E-002
   132.00000000000000       0.57052183181142824        0.0000000000000000        3.9000000000000000E-002  0.29360000000000003       0.53700000000000003       0.13039999999999999     
   133.00000000000000       0.37351753057379816        0.0000000000000000        3.8199999999999998E-002  0.29280000000000000       0.53859999999999997       0.13039999999999999     
   134.00000000000000       0.46944234804381052        0.0000000000000000        3.8199999999999998E-002  0.29280000000000000       0.53859999999999997       0.13039999999999999     
   135.00000000000000        6.5942990318724609E-002   4.0000000000000002E-004   3.7800000000000000E-002  0.29280000000000000       0.53879999999999995       0.13020000000000001     
   136.00000000000000       0.39481989064663131        4.0000000000000002E-004   3.7800000000000000E-002  0.29060000000000002       0.53739999999999999       0.13380000000000000     
   137.00000000000000       0.41956632156227691        0.0000000000000000        1.6400000000000001E-002  0.26279999999999998       0.58360000000000001       0.13719999999999999     
   138.00000000000000       0.73585959610438134        0.0000000000000000        1.6400000000000001E-002  0.26279999999999998       0.58360000000000001       0.13719999999999999     
   139.00000000000000       0.75644922807540826        0.0000000000000000        1.6000000000000000E-002  0.26019999999999999       0.58379999999999999       0.14000000000000001     
   140.00000000000000       0.78785429921051342        0.0000000000000000        1.5800000000000002E-002  0.26000000000000001       0.58379999999999999       0.14040000000000000     
   141.00000000000000       0.80190396850783974        0.0000000000000000        1.4999999999999999E-002  0.26060000000000000       0.58379999999999999       0.14060000000000000     
   142.00000000000000       0.79627477239806499        0.0000000000000000        1.4999999999999999E-002  0.26060000000000000       0.58379999999999999       0.14060000000000000     
   143.00000000000000       0.79771403538343966        0.0000000000000000        1.4999999999999999E-002  0.26060000000000000       0.57440000000000002       0.14999999999999999     
   144.00000000000000       0.78656148818700589        0.0000000000000000        1.4600000000000000E-002  0.25300000000000000       0.58240000000000003       0.14999999999999999     
   145.00000000000000       0.79428895473975736        0.0000000000000000        1.4600000000000000E-002  0.25280000000000002       0.58240000000000003       0.15020000000000000     
   146.00000000000000       0.78252711955209131        0.0000000000000000        1.4400000000000000E-002  0.24979999999999999       0.58420000000000005       0.15160000000000001     
   147.00000000000000       0.77049215751752598        0.0000000000000000        1.3599999999999999E-002  0.25059999999999999       0.58420000000000005       0.15160000000000001     
   148.00000000000000       0.74724588814490356        0.0000000000000000        1.3599999999999999E-002  0.25059999999999999       0.58420000000000005       0.15160000000000001     
   149.00000000000000       0.71990864747642558        0.0000000000000000        1.3599999999999999E-002  0.24979999999999999       0.58499999999999996       0.15160000000000001     
   150.00000000000000       0.76451380484898135        0.0000000000000000        1.3200000000000000E-002  0.23760000000000001       0.59740000000000004       0.15179999999999999     
   151.00000000000000       0.69661260564899075        0.0000000000000000        1.3200000000000000E-002  0.23760000000000001       0.59480000000000000       0.15440000000000001     
   152.00000000000000       0.66729108006878557        0.0000000000000000        1.2000000000000000E-002   7.3800000000000004E-002  0.75980000000000003       0.15440000000000001     
   153.00000000000000       0.54044856643713912        0.0000000000000000        1.1800000000000000E-002   3.8600000000000002E-002  0.63959999999999995       0.31000000000000000     
   154.00000000000000       0.67577224318302043        0.0000000000000000        1.1400000000000000E-002   3.9000000000000000E-002  0.63959999999999995       0.31000000000000000     
   155.00000000000000       0.76910124288732051        0.0000000000000000        1.0999999999999999E-002   3.3799999999999997E-002  0.64520000000000000       0.31000000000000000     
   156.00000000000000       0.63442259100821619        0.0000000000000000        1.0999999999999999E-002   3.1000000000000000E-002  0.64720000000000000       0.31080000000000002     
   157.00000000000000       0.59962174971290372        0.0000000000000000        1.0999999999999999E-002   0.0000000000000000       0.67759999999999998       0.31140000000000001     
   158.00000000000000       0.67812823816549173        0.0000000000000000        1.0999999999999999E-002   0.0000000000000000       0.61060000000000003       0.37840000000000001     
   159.00000000000000       0.59296402391171421        0.0000000000000000        1.0999999999999999E-002   4.5999999999999999E-003  0.60299999999999998       0.38140000000000002     
   160.00000000000000       0.58056299749780127        0.0000000000000000        1.0800000000000001E-002   4.0000000000000001E-003  0.60380000000000000       0.38140000000000002     
   161.00000000000000       0.56847333560022051        2.0000000000000001E-004   1.0200000000000001E-002   4.0000000000000001E-003  0.60399999999999998       0.38159999999999999     
   162.00000000000000       0.24051137971100911        2.0000000000000001E-004   1.0000000000000000E-002   4.1999999999999997E-003  0.60240000000000005       0.38319999999999999     
   163.00000000000000       0.21513004909660949        2.0000000000000001E-004   9.5999999999999992E-003   4.1999999999999997E-003  0.60280000000000000       0.38319999999999999     
   164.00000000000000       0.19234486908207524        2.0000000000000001E-004   8.9999999999999993E-003   4.7999999999999996E-003  0.60280000000000000       0.38319999999999999     
   165.00000000000000       0.17253870916015290        5.9999999999999995E-004   8.6000000000000000E-003   4.5999999999999999E-003  0.60280000000000000       0.38340000000000002     
   166.00000000000000       0.15546801160669144        5.9999999999999995E-004   8.3999999999999995E-003   4.7999999999999996E-003  0.60340000000000005       0.38279999999999997     
   167.00000000000000       0.14234142693311011        5.9999999999999995E-004   8.3999999999999995E-003   4.0000000000000001E-003  0.60340000000000005       0.38360000000000000     
   168.00000000000000       0.13222490473539494        5.9999999999999995E-004   8.3999999999999995E-003   4.0000000000000001E-003  0.60340000000000005       0.38360000000000000     
   169.00000000000000       0.12587462245700093        5.9999999999999995E-004   7.7999999999999996E-003   4.4000000000000003E-003  0.60160000000000002       0.38560000000000000     
   170.00000000000000       0.12293660246220021        5.9999999999999995E-004   7.4000000000000003E-003   3.3999999999999998E-003  0.60299999999999998       0.38560000000000000     
   171.00000000000000       0.12306809731752280        2.0000000000000000E-003   6.0000000000000001E-003   3.0000000000000001E-003  0.60340000000000005       0.38560000000000000     
   172.00000000000000       0.12556652582782074        2.0000000000000000E-003   6.0000000000000001E-003   2.8000000000000000E-003  0.60380000000000000       0.38540000000000002     
   173.00000000000000       0.13091224268910701        1.8000000000000000E-003   6.0000000000000001E-003   2.8000000000000000E-003  0.60340000000000005       0.38600000000000001     
   174.00000000000000       0.13746373450425992        1.6000000000000001E-003   6.0000000000000001E-003   2.5999999999999999E-003  0.60360000000000003       0.38619999999999999     
   175.00000000000000       0.14835009860119128        1.6000000000000001E-003   6.0000000000000001E-003   2.5999999999999999E-003  0.59940000000000004       0.39040000000000002     
   176.00000000000000       0.15899091450268604        1.6000000000000001E-003   6.0000000000000001E-003   2.5999999999999999E-003  0.59940000000000004       0.39040000000000002     
   177.00000000000000       0.17076952400225473        1.6000000000000001E-003   6.0000000000000001E-003   2.5999999999999999E-003  0.59940000000000004       0.39040000000000002     
   178.00000000000000       0.18136242906093936        1.6000000000000001E-003   6.0000000000000001E-003   2.5999999999999999E-003  0.59719999999999995       0.39260000000000000     
   179.00000000000000       0.19918468202359721        1.6000000000000001E-003   6.0000000000000001E-003   2.5999999999999999E-003  0.59640000000000004       0.39340000000000003     
   180.00000000000000       0.21209595460803507        1.6000000000000001E-003   6.0000000000000001E-003   2.5999999999999999E-003  0.59619999999999995       0.39360000000000001     
   181.00000000000000       0.22505043556813231        1.6000000000000001E-003   6.0000000000000001E-003   2.3999999999999998E-003  0.59419999999999995       0.39579999999999999     
   182.00000000000000       0.24174352653640088        1.6000000000000001E-003   6.0000000000000001E-003   2.3999999999999998E-003  0.59419999999999995       0.39579999999999999     
   183.00000000000000       0.25618455140287649        1.6000000000000001E-003   6.0000000000000001E-003   2.3999999999999998E-003  0.59419999999999995       0.39579999999999999     
   184.00000000000000       0.26884235367471504        1.6000000000000001E-003   6.0000000000000001E-003   2.3999999999999998E-003  0.59419999999999995       0.39579999999999999     
   185.00000000000000       0.28298319296833141        1.6000000000000001E-003   6.0000000000000001E-003   1.1999999999999999E-003  0.59540000000000004       0.39579999999999999     
   186.00000000000000       0.29169322014267346        1.6000000000000001E-003   6.0000000000000001E-003   1.1999999999999999E-003  0.59540000000000004       0.39579999999999999     
   187.00000000000000       0.30048215672526629        2.0000000000000001E-004   7.4000000000000003E-003   1.1999999999999999E-003  0.59540000000000004       0.39579999999999999     
   188.00000000000000       0.30474949157364167        2.0000000000000001E-004   7.4000000000000003E-003   1.1999999999999999E-003  0.59540000000000004       0.39579999999999999     
   189.00000000000000       0.31767477835933533        2.0000000000000001E-004   7.4000000000000003E-003   1.4000000000000000E-003  0.59519999999999995       0.39579999999999999     
   190.00000000000000       0.32436116895811773        2.0000000000000001E-004   7.4000000000000003E-003   1.4000000000000000E-003  0.59519999999999995       0.39579999999999999     
   191.00000000000000       0.33044509294873969        2.0000000000000001E-004   7.4000000000000003E-003   1.8000000000000000E-003  0.59480000000000000       0.39579999999999999     
   192.00000000000000       0.33631990171230403        2.0000000000000001E-004   7.1999999999999998E-003   1.1999999999999999E-003  0.59560000000000002       0.39579999999999999     
   193.00000000000000       0.34329783262863633        2.0000000000000001E-004   7.1999999999999998E-003   1.4000000000000000E-003  0.59279999999999999       0.39839999999999998     
   194.00000000000000       0.35159211098286702        2.0000000000000001E-004   7.0000000000000001E-003   1.4000000000000000E-003  0.59099999999999997       0.40039999999999998     
   195.00000000000000       0.35970816262933492        2.0000000000000001E-004   7.0000000000000001E-003   1.4000000000000000E-003  0.59099999999999997       0.40039999999999998     
   196.00000000000000       0.36896468858685283        2.0000000000000001E-004   6.7999999999999996E-003   1.4000000000000000E-003  0.59099999999999997       0.40060000000000001     
   197.00000000000000       0.37884681530066627        2.0000000000000001E-004   6.7999999999999996E-003   1.4000000000000000E-003  0.59079999999999999       0.40079999999999999     
   198.00000000000000       0.38970698765512019        2.0000000000000001E-004   6.7999999999999996E-003   1.1999999999999999E-003  0.59079999999999999       0.40100000000000002     
   199.00000000000000       0.40034369657215829        2.0000000000000001E-004   6.7999999999999996E-003   1.1999999999999999E-003  0.58999999999999997       0.40179999999999999     
   200.00000000000000       0.41250874864250353        0.0000000000000000        7.0000000000000001E-003   1.1999999999999999E-003  0.58999999999999997       0.40179999999999999     
   201.00000000000000       0.42345852385687077        0.0000000000000000        7.0000000000000001E-003   1.1999999999999999E-003  0.59019999999999995       0.40160000000000001     
   202.00000000000000       0.43306224219851702        0.0000000000000000        7.0000000000000001E-003   1.1999999999999999E-003  0.59019999999999995       0.40160000000000001     
   203.00000000000000       0.44210465342572269        0.0000000000000000        7.0000000000000001E-003   1.1999999999999999E-003  0.59019999999999995       0.40160000000000001     
   204.00000000000000       0.44917088475800671        0.0000000000000000        7.0000000000000001E-003   1.1999999999999999E-003  0.59019999999999995       0.40160000000000001     
   205.00000000000000       0.45325735095837960        0.0000000000000000        7.0000000000000001E-003   1.1999999999999999E-003  0.59019999999999995       0.40160000000000001     
   206.00000000000000       0.45491470468520534        0.0000000000000000        7.0000000000000001E-003   1.1999999999999999E-003  0.59019999999999995       0.40160000000000001     
   207.00000000000000       0.45362458529127053        0.0000000000000000        7.0000000000000001E-003   1.1999999999999999E-003  0.59019999999999995       0.40160000000000001     
   208.00000000000000       0.47815048995145548        0.0000000000000000        7.1999999999999998E-003   0.0000000000000000       0.49280000000000002       0.50000000000000000     
   209.00000000000000       0.90560287823293018        0.0000000000000000        6.4000000000000003E-003   5.9999999999999995E-004  0.49299999999999999       0.50000000000000000     
   210.00000000000000        1.5356394775690658        0.0000000000000000        5.5999999999999999E-003   8.0000000000000004E-004  0.48940000000000000       0.50419999999999998     
   211.00000000000000        1.4507025638447475        0.0000000000000000        5.5999999999999999E-003   8.0000000000000004E-004  0.48940000000000000       0.50419999999999998     
   212.00000000000000        1.5171266791850240        0.0000000000000000        5.5999999999999999E-003   8.0000000000000004E-004  0.48940000000000000       0.50419999999999998     
   213.00000000000000        1.3332858178847817        0.0000000000000000        5.5999999999999999E-003   8.0000000000000004E-004  0.48959999999999998       0.50400000000000000     
   214.00000000000000        1.5048812685364279        0.0000000000000000        4.0000000000000001E-003   2.3999999999999998E-003  0.47120000000000001       0.52239999999999998     
   215.00000000000000       0.89702052040311198        0.0000000000000000        4.1999999999999997E-003   2.2000000000000001E-003  0.45679999999999998       0.53680000000000005     
   216.00000000000000       0.40716689808735651        0.0000000000000000        4.1999999999999997E-003   2.2000000000000001E-003  0.45679999999999998       0.53680000000000005     
