#        BMIN =   404
#        BMAX =   408
#     INIBAND =   406
#      NBANDS =   540
#         NSW =  2000
#       POTIM =   1.0
#        TEMP = 300.0
#    NAMDTINI =   390
#    NAMDTIME =  1000
#       NTRAJ =  5000
#        NELM =  1000
#       LHOLE =     T
#        LSHP =     T
#      LCPTXT =     T
#      RUNDIR = ../../run/
   1.0000000000000000       -2.1373560932573109E-002   0.0000000000000000        0.0000000000000000        1.0000000000000000        0.0000000000000000        0.0000000000000000     
   2.0000000000000000       -1.9820443418490000E-002   0.0000000000000000        0.0000000000000000        1.0000000000000000        0.0000000000000000        0.0000000000000000     
   3.0000000000000000       -1.8592105663145328E-002   0.0000000000000000        0.0000000000000000       0.99900000000000000        1.0000000000000000E-003   0.0000000000000000     
   4.0000000000000000       -1.8358840049756797E-002   0.0000000000000000        0.0000000000000000       0.99900000000000000        1.0000000000000000E-003   0.0000000000000000     
   5.0000000000000000       -1.9015840601235668E-002   0.0000000000000000        0.0000000000000000       0.99860000000000004        1.1999999999999999E-003   2.0000000000000001E-004
   6.0000000000000000       -2.0418876752788070E-002   0.0000000000000000        0.0000000000000000       0.99880000000000002        1.0000000000000000E-003   2.0000000000000001E-004
   7.0000000000000000       -2.2769033542335948E-002   0.0000000000000000        0.0000000000000000       0.99880000000000002        1.0000000000000000E-003   2.0000000000000001E-004
   8.0000000000000000       -2.5817469173473460E-002   0.0000000000000000        0.0000000000000000       0.99580000000000002        4.0000000000000001E-003   2.0000000000000001E-004
   9.0000000000000000       -2.9329819141404666E-002   0.0000000000000000        0.0000000000000000       0.98740000000000006        1.2400000000000000E-002   2.0000000000000001E-004
   10.000000000000000       -3.4661860469091720E-002   0.0000000000000000        0.0000000000000000       0.98740000000000006        1.2400000000000000E-002   2.0000000000000001E-004
   11.000000000000000       -3.9669119329269600E-002   0.0000000000000000        0.0000000000000000       0.98760000000000003        1.2000000000000000E-002   4.0000000000000002E-004
   12.000000000000000       -5.1145177933716035E-002   0.0000000000000000       0.31719999999999998       0.66879999999999995        1.3599999999999999E-002   4.0000000000000002E-004
   13.000000000000000       -3.6442374880974182E-002   0.0000000000000000       0.31600000000000000       0.66900000000000004        1.4400000000000000E-002   5.9999999999999995E-004
   14.000000000000000       -1.1377188656188692E-002   0.0000000000000000       0.31419999999999998       0.49180000000000001       0.19300000000000000        1.0000000000000000E-003
   15.000000000000000        1.6691193089774952E-003   0.0000000000000000       0.30880000000000002       0.49740000000000001       0.19280000000000000        1.0000000000000000E-003
   16.000000000000000        6.8541334645016152E-003   0.0000000000000000       0.30880000000000002       0.49600000000000000       0.19280000000000000        2.3999999999999998E-003
   17.000000000000000        9.7099564348242517E-003   0.0000000000000000       0.30620000000000003       0.49859999999999999       0.19280000000000000        2.3999999999999998E-003
   18.000000000000000        1.4826676400531430E-002   0.0000000000000000       0.29559999999999997       0.50680000000000003       0.19280000000000000        4.7999999999999996E-003
   19.000000000000000        1.7080682630485920E-002   0.0000000000000000       0.29559999999999997       0.50680000000000003       0.19280000000000000        4.7999999999999996E-003
   20.000000000000000        1.9015377118961462E-002   0.0000000000000000       0.28280000000000000       0.51959999999999995       0.19280000000000000        4.7999999999999996E-003
   21.000000000000000        2.0533654932814401E-002   0.0000000000000000       0.28220000000000001       0.51919999999999999       0.19280000000000000        5.7999999999999996E-003
   22.000000000000000        1.7861354055637040E-002   0.0000000000000000       0.28220000000000001       0.71199999999999997        0.0000000000000000        5.7999999999999996E-003
   23.000000000000000        8.9192817972876849E-003   0.0000000000000000       0.28220000000000001       0.71199999999999997        0.0000000000000000        5.7999999999999996E-003
   24.000000000000000       -1.2038527362436637E-002   0.0000000000000000       0.28199999999999997       0.71199999999999997        0.0000000000000000        6.0000000000000001E-003
   25.000000000000000       -3.6270270436453832E-002   0.0000000000000000       0.28179999999999999       0.71199999999999997        0.0000000000000000        6.1999999999999998E-003
   26.000000000000000       -6.3264623188780914E-002   5.9999999999999995E-004  0.34379999999999999       0.64720000000000000        2.0000000000000000E-003   6.4000000000000003E-003
   27.000000000000000       -7.9663831417444306E-002   2.6200000000000001E-002  0.32179999999999997       0.64080000000000004        4.0000000000000001E-003   7.1999999999999998E-003
   28.000000000000000       -7.1498416692741165E-002   2.6200000000000001E-002  0.32300000000000001       0.62919999999999998        1.2800000000000001E-002   8.8000000000000005E-003
   29.000000000000000       -5.8353137481559902E-002   2.4799999999999999E-002  0.31040000000000001       0.64159999999999995        1.4400000000000000E-002   8.8000000000000005E-003
   30.000000000000000       -4.1722175089971100E-002   2.0199999999999999E-002  0.31200000000000000       0.63580000000000003        2.2800000000000001E-002   9.1999999999999998E-003
   31.000000000000000       -2.6419976790899406E-002   2.0199999999999999E-002  0.30919999999999997       0.63339999999999996        2.6400000000000000E-002   1.0800000000000001E-002
   32.000000000000000       -1.2433168029628147E-002   1.9800000000000002E-002  0.30919999999999997       0.63360000000000005        2.6599999999999999E-002   1.0800000000000001E-002
   33.000000000000000        4.4317792316462190E-004   1.9199999999999998E-002  0.30240000000000000       0.64059999999999995        2.6800000000000001E-002   1.0999999999999999E-002
   34.000000000000000        1.4395829795704975E-002   1.9000000000000000E-002  0.30240000000000000       0.63480000000000003        3.0200000000000001E-002   1.3599999999999999E-002
   35.000000000000000        2.6536574508833712E-002   1.8800000000000001E-002  0.30220000000000002       0.63480000000000003        3.0400000000000000E-002   1.3800000000000000E-002
   36.000000000000000        3.8956958328512065E-002   1.9000000000000000E-002  0.30120000000000002       0.63539999999999996        3.0599999999999999E-002   1.3800000000000000E-002
   37.000000000000000        5.3474022974437860E-002   1.7999999999999999E-002  0.29280000000000000       0.64419999999999999        3.1199999999999999E-002   1.3800000000000000E-002
   38.000000000000000        6.6481669373665592E-002   1.7999999999999999E-002  0.28960000000000002       0.64580000000000004        3.2800000000000003E-002   1.3800000000000000E-002
   39.000000000000000        7.9123844513035377E-002   1.7999999999999999E-002  0.28179999999999999       0.65320000000000000        3.3200000000000000E-002   1.3800000000000000E-002
   40.000000000000000        9.0593702454482075E-002   1.7600000000000001E-002  0.27379999999999999       0.66080000000000005        3.3799999999999997E-002   1.4000000000000000E-002
   41.000000000000000        9.9861309172151427E-002   1.7600000000000001E-002  0.26819999999999999       0.66639999999999999        3.3399999999999999E-002   1.4400000000000000E-002
   42.000000000000000       0.10751251918481887        1.7000000000000001E-002  0.26360000000000000       0.66979999999999995        3.5000000000000003E-002   1.4600000000000000E-002
   43.000000000000000       0.11303743852610612        1.7000000000000001E-002  0.26360000000000000       0.66959999999999997        3.5000000000000003E-002   1.4800000000000001E-002
   44.000000000000000       0.11778471636701321        1.7000000000000001E-002  0.26019999999999999       0.66839999999999999        3.9600000000000003E-002   1.4800000000000001E-002
   45.000000000000000       0.12207751904893509        1.7000000000000001E-002  0.25419999999999998       0.66579999999999995        4.7800000000000002E-002   1.5200000000000000E-002
   46.000000000000000       0.12145394494001344        0.0000000000000000       0.27079999999999999       0.66500000000000004        4.9000000000000002E-002   1.5200000000000000E-002
   47.000000000000000       0.13093777067569193        0.0000000000000000       0.27079999999999999       0.66500000000000004        4.9000000000000002E-002   1.5200000000000000E-002
   48.000000000000000       0.13916629457618729        0.0000000000000000       0.27079999999999999       0.66359999999999997        5.0400000000000000E-002   1.5200000000000000E-002
   49.000000000000000       0.14524430771224911        0.0000000000000000       0.27079999999999999       0.66300000000000003        5.0599999999999999E-002   1.5599999999999999E-002
   50.000000000000000       0.14806430067572404        0.0000000000000000       0.27079999999999999       0.66080000000000005        5.2800000000000000E-002   1.5599999999999999E-002
   51.000000000000000       0.14640331491544176        0.0000000000000000       0.46039999999999998       0.47120000000000001        5.2600000000000001E-002   1.5800000000000002E-002
   52.000000000000000       0.14654944529128680        0.0000000000000000       0.46039999999999998       0.47099999999999997        5.2800000000000000E-002   1.5800000000000002E-002
   53.000000000000000       0.14252455029805458        0.0000000000000000       0.46000000000000002       0.47099999999999997        5.2999999999999999E-002   1.6000000000000000E-002
   54.000000000000000       0.13429036111056186        0.0000000000000000       0.46039999999999998       0.47099999999999997        5.2600000000000001E-002   1.6000000000000000E-002
   55.000000000000000       0.12236612420058095        0.0000000000000000       0.56040000000000001       0.36399999999999999        5.8200000000000002E-002   1.7399999999999999E-002
   56.000000000000000       0.10534166994945064        0.0000000000000000       0.56040000000000001       0.35920000000000002        6.3000000000000000E-002   1.7399999999999999E-002
   57.000000000000000        8.4423681936012782E-002   0.0000000000000000       0.56040000000000001       0.33520000000000000        8.6599999999999996E-002   1.7800000000000000E-002
   58.000000000000000        5.8428613429008479E-002   0.0000000000000000       0.56020000000000003       0.33520000000000000        8.6400000000000005E-002   1.8200000000000001E-002
   59.000000000000000        2.8306512836607088E-002   0.0000000000000000       0.56020000000000003       0.32600000000000001        9.3799999999999994E-002   2.0000000000000000E-002
   60.000000000000000       -4.4631460481674955E-003   0.0000000000000000       0.56020000000000003       0.32640000000000002        9.2799999999999994E-002   2.0600000000000000E-002
   61.000000000000000       -3.9438184832770652E-002   0.0000000000000000       0.55820000000000003       0.31879999999999997       0.10120000000000000        2.1800000000000000E-002
   62.000000000000000       -5.8076529647345415E-002   0.0000000000000000       0.55420000000000003       0.31780000000000003       0.10620000000000000        2.1800000000000000E-002
   63.000000000000000       -5.9314925144205770E-002   0.0000000000000000       0.55420000000000003       0.31759999999999999       0.10539999999999999        2.2800000000000001E-002
   64.000000000000000       -6.1180081548681486E-002   0.0000000000000000       0.55340000000000000       0.31719999999999998       0.10660000000000000        2.2800000000000001E-002
   65.000000000000000       -6.1992042550670902E-002   0.0000000000000000       0.52459999999999996       0.34599999999999997       0.10660000000000000        2.2800000000000001E-002
   66.000000000000000       -6.1243821786914225E-002   0.0000000000000000       0.43980000000000002       0.42380000000000001       0.11360000000000001        2.2800000000000001E-002
   67.000000000000000       -6.5382712185962005E-002   0.0000000000000000       0.38400000000000001       0.47920000000000001       0.11360000000000001        2.3199999999999998E-002
   68.000000000000000       -7.0480576585572371E-002   0.0000000000000000       0.39700000000000002       0.46520000000000000       0.11459999999999999        2.3199999999999998E-002
   69.000000000000000       -7.3780361111254911E-002   0.0000000000000000       0.39979999999999999       0.45939999999999998       0.11600000000000001        2.4799999999999999E-002
   70.000000000000000       -7.6166262129600731E-002   0.0000000000000000       0.39920000000000000       0.45820000000000000       0.11780000000000000        2.4799999999999999E-002
   71.000000000000000       -7.6907813858222110E-002   0.0000000000000000       0.39760000000000001       0.45839999999999997       0.11780000000000000        2.6200000000000001E-002
   72.000000000000000       -7.6465340351930935E-002   2.0000000000000001E-004  0.39679999999999999       0.45860000000000001       0.11580000000000000        2.8600000000000000E-002
   73.000000000000000       -7.4094002586754540E-002   0.0000000000000000       0.39700000000000002       0.45820000000000000       0.11500000000000000        2.9800000000000000E-002
   74.000000000000000       -6.8534404971169943E-002   0.0000000000000000       0.39620000000000000       0.45700000000000002       0.11640000000000000        3.0400000000000000E-002
   75.000000000000000       -5.6939993016807820E-002   4.4000000000000003E-003  0.38900000000000001       0.45739999999999997       0.11820000000000000        3.1000000000000000E-002
   76.000000000000000       -4.1058740993289988E-002   5.5999999999999999E-003  0.38560000000000000       0.45960000000000001       0.11780000000000000        3.1399999999999997E-002
   77.000000000000000       -2.1933455166222148E-002   5.0000000000000001E-003  0.38579999999999998       0.45960000000000001       0.11780000000000000        3.1800000000000002E-002
   78.000000000000000       -9.2625749294248695E-004   4.4000000000000003E-003  0.37980000000000003       0.46079999999999999       0.12300000000000000        3.2000000000000001E-002
   79.000000000000000        1.7705962801402575E-002   3.3999999999999998E-003  0.37980000000000003       0.46179999999999999       0.12300000000000000        3.2000000000000001E-002
   80.000000000000000        3.8585139063765692E-002   3.3999999999999998E-003  0.36980000000000002       0.46620000000000000       0.12839999999999999        3.2199999999999999E-002
   81.000000000000000        6.3345637074287087E-002   3.2000000000000002E-003  0.30859999999999999       0.51900000000000002       0.13560000000000000        3.3599999999999998E-002
   82.000000000000000        8.2481483152277477E-002   3.2000000000000002E-003  0.30599999999999999       0.51659999999999995       0.13860000000000000        3.5600000000000000E-002
   83.000000000000000       0.10099200350938783        3.2000000000000002E-003  0.29540000000000000       0.52100000000000002       0.14319999999999999        3.7199999999999997E-002
   84.000000000000000       0.11660968162085304        2.8400000000000002E-002  0.27000000000000002       0.51100000000000001       0.15340000000000001        3.7199999999999997E-002
   85.000000000000000       0.13587823537080976        2.8000000000000001E-002  0.27000000000000002       0.51100000000000001       0.15379999999999999        3.7199999999999997E-002
   86.000000000000000       0.15248240625085607        2.7799999999999998E-002  0.27000000000000002       0.51060000000000005       0.15379999999999999        3.7800000000000000E-002
   87.000000000000000       0.16452321671249545        2.7799999999999998E-002  0.27000000000000002       0.50719999999999998       0.15559999999999999        3.9399999999999998E-002
   88.000000000000000       0.17138817406158163        2.7799999999999998E-002  0.27000000000000002       0.50719999999999998       0.15640000000000001        3.8600000000000002E-002
   89.000000000000000       0.17606410056266231        2.7799999999999998E-002  0.27000000000000002       0.50300000000000000       0.15540000000000001        4.3799999999999999E-002
   90.000000000000000       0.17430114098563718        2.7799999999999998E-002  0.27000000000000002       0.49919999999999998       0.15700000000000000        4.5999999999999999E-002
   91.000000000000000       0.16919985426785644        2.5999999999999999E-002  0.27000000000000002       0.49380000000000002       0.15800000000000000        5.2200000000000003E-002
   92.000000000000000       0.15775599107412303        2.5800000000000000E-002  0.27000000000000002       0.49380000000000002       0.15800000000000000        5.2400000000000002E-002
   93.000000000000000       0.14242911530844563        2.5000000000000001E-002  0.27000000000000002       0.49459999999999998       0.15140000000000001        5.8999999999999997E-002
   94.000000000000000       0.12353532356119701        2.5000000000000001E-002  0.27000000000000002       0.49459999999999998       0.15060000000000001        5.9799999999999999E-002
   95.000000000000000       0.10204650718017383        2.4600000000000000E-002  0.27000000000000002       0.49459999999999998       0.15120000000000000        5.9600000000000000E-002
   96.000000000000000        8.0068268787505545E-002   2.4400000000000002E-002  0.27000000000000002       0.48840000000000000       0.15320000000000000        6.4000000000000001E-002
   97.000000000000000        5.5308594085077503E-002   2.4199999999999999E-002  0.27000000000000002       0.48380000000000001       0.15700000000000000        6.5000000000000002E-002
   98.000000000000000        3.3529219482175673E-002   6.3200000000000006E-002  0.22259999999999999       0.48880000000000001       0.15980000000000000        6.5600000000000006E-002
   99.000000000000000        1.3500700743315872E-002   6.3200000000000006E-002  0.22300000000000000       0.48620000000000002       0.16200000000000001        6.5600000000000006E-002
   100.00000000000000       -2.7050302644779159E-003   6.3200000000000006E-002  0.22100000000000000       0.48780000000000001       0.16120000000000001        6.6799999999999998E-002
   101.00000000000000       -1.3503136050520035E-002   6.3200000000000006E-002  0.17399999999999999       0.53480000000000005       0.16120000000000001        6.6799999999999998E-002
   102.00000000000000       -2.4821458276182588E-002   6.3200000000000006E-002  0.16819999999999999       0.54059999999999997       0.16120000000000001        6.6799999999999998E-002
   103.00000000000000       -3.3266894861743723E-002   6.3200000000000006E-002  0.16300000000000001       0.54540000000000000       0.16139999999999999        6.7000000000000004E-002
   104.00000000000000       -3.8694485637950055E-002   6.3200000000000006E-002  0.17160000000000000       0.53600000000000003       0.16220000000000001        6.7000000000000004E-002
   105.00000000000000       -3.8759882908031507E-002   6.3200000000000006E-002  0.17540000000000000       0.53020000000000000       0.16120000000000001        7.0000000000000007E-002
   106.00000000000000       -3.7073725118708739E-002   6.3200000000000006E-002  0.17680000000000001       0.52839999999999998       0.16180000000000000        6.9800000000000001E-002
   107.00000000000000       -3.2133880575204360E-002   6.3200000000000006E-002  0.17740000000000000       0.52700000000000002       0.16220000000000001        7.0199999999999999E-002
   108.00000000000000       -2.4842517083902362E-002   6.3200000000000006E-002  0.17799999999999999       0.52620000000000000       0.16220000000000001        7.0400000000000004E-002
   109.00000000000000       -1.5577537389869851E-002   6.3200000000000006E-002  0.17799999999999999       0.52380000000000004       0.16420000000000001        7.0800000000000002E-002
   110.00000000000000       -3.2524629032959877E-003   6.2000000000000000E-002  0.17740000000000000       0.52220000000000000       0.16339999999999999        7.4999999999999997E-002
   111.00000000000000        1.2253789298948457E-002   6.2000000000000000E-002  0.17740000000000000       0.51780000000000004       0.16619999999999999        7.6600000000000001E-002
   112.00000000000000        3.0179529183276994E-002   6.2000000000000000E-002  0.17740000000000000       0.51100000000000001       0.17199999999999999        7.7600000000000002E-002
   113.00000000000000        4.8863425266891081E-002   5.5599999999999997E-002  0.17740000000000000       0.51739999999999997       0.16500000000000001        8.4599999999999995E-002
   114.00000000000000        6.7096366858666698E-002   4.9399999999999999E-002  0.17740000000000000       0.52359999999999995       0.16480000000000000        8.4800000000000000E-002
   115.00000000000000        8.5581866991832053E-002   4.4800000000000000E-002  0.17740000000000000       0.52820000000000000       0.16480000000000000        8.4800000000000000E-002
   116.00000000000000       0.10344228887300239        4.4800000000000000E-002  0.17740000000000000       0.52820000000000000       0.16280000000000000        8.6800000000000002E-002
   117.00000000000000       0.12297738409091806        4.3999999999999997E-002  0.17740000000000000       0.52500000000000002       0.16360000000000000        8.9999999999999997E-002
   118.00000000000000       0.14121377306993643        4.0599999999999997E-002  0.17740000000000000       0.52439999999999998       0.16520000000000001        9.2399999999999996E-002
   119.00000000000000       0.15855781220006349        3.6200000000000003E-002  0.17740000000000000       0.52459999999999996       0.16080000000000000       0.10100000000000001     
   120.00000000000000       0.17461946135202180        3.5000000000000003E-002  0.17740000000000000       0.52100000000000002       0.16080000000000000       0.10580000000000001     
   121.00000000000000       0.18968360700788833        3.4400000000000000E-002  0.17740000000000000       0.51900000000000002       0.15900000000000000       0.11020000000000001     
   122.00000000000000       0.20102128589259219        3.4400000000000000E-002  0.17740000000000000       0.51919999999999999       0.14480000000000001       0.12420000000000000     
   123.00000000000000       0.21063550279805560        3.4400000000000000E-002  0.17740000000000000       0.51719999999999999       0.14419999999999999       0.12680000000000000     
   124.00000000000000       0.21905011052735668        3.2599999999999997E-002  0.17740000000000000       0.51380000000000003       0.14560000000000001       0.13059999999999999     
   125.00000000000000       0.22495890459736712        0.0000000000000000       0.20960000000000001       0.51359999999999995       0.14640000000000000       0.13039999999999999     
   126.00000000000000       0.23081216053594100        0.0000000000000000       0.20760000000000001       0.51419999999999999       0.14760000000000001       0.13059999999999999     
   127.00000000000000       0.24322137617245060        2.0000000000000001E-004  0.20499999999999999       0.51419999999999999       0.14640000000000000       0.13420000000000001     
   128.00000000000000       0.25545224140742262        2.0000000000000001E-004  0.19600000000000001       0.51700000000000002       0.15240000000000001       0.13439999999999999     
   129.00000000000000       0.26482166643977367        0.0000000000000000       0.19660000000000000       0.51600000000000001       0.15240000000000001       0.13500000000000001     
   130.00000000000000       0.27282305610461277        0.0000000000000000       0.19420000000000001       0.51739999999999997       0.15340000000000001       0.13500000000000001     
   131.00000000000000       0.28081574886376354        0.0000000000000000       0.17820000000000000       0.53139999999999998       0.15479999999999999       0.13560000000000000     
   132.00000000000000       0.28814453332617768        0.0000000000000000       0.18079999999999999       0.52420000000000000       0.15759999999999999       0.13739999999999999     
   133.00000000000000       0.29811044570014045        0.0000000000000000       0.17860000000000001       0.52039999999999997       0.15659999999999999       0.14440000000000000     
   134.00000000000000       0.30539058539607689        0.0000000000000000       0.18040000000000000       0.51659999999999995       0.15640000000000001       0.14660000000000001     
   135.00000000000000       0.31135092324599911        0.0000000000000000       0.17999999999999999       0.51500000000000001       0.15759999999999999       0.14740000000000000     
   136.00000000000000       0.31592710810462765        1.4000000000000000E-003  0.17860000000000001       0.51180000000000003       0.15800000000000000       0.15020000000000000     
   137.00000000000000       0.31724367570040096        6.0000000000000001E-003  0.17319999999999999       0.51180000000000003       0.15800000000000000       0.15100000000000000     
   138.00000000000000       0.31685606723453996        7.7999999999999996E-003  0.17040000000000000       0.51119999999999999       0.15859999999999999       0.15200000000000000     
   139.00000000000000       0.31447201618551057        4.7999999999999996E-003  0.17119999999999999       0.51119999999999999       0.16080000000000000       0.15200000000000000     
   140.00000000000000       0.31030358400893776        4.5999999999999999E-003  0.17060000000000000       0.50960000000000005       0.16120000000000001       0.15400000000000000     
   141.00000000000000       0.30174442375362914        4.5999999999999999E-003  0.16660000000000000       0.51139999999999997       0.16259999999999999       0.15479999999999999     
   142.00000000000000       0.29132112917135505        4.5999999999999999E-003  0.16660000000000000       0.50960000000000005       0.16420000000000001       0.15500000000000000     
   143.00000000000000       0.27848570994547944        4.5999999999999999E-003  0.16639999999999999       0.50960000000000005       0.16439999999999999       0.15500000000000000     
   144.00000000000000       0.26468301833991964        4.5999999999999999E-003  0.16539999999999999       0.50960000000000005       0.16520000000000001       0.15520000000000000     
   145.00000000000000       0.24982514020235128        0.0000000000000000       0.16800000000000001       0.51019999999999999       0.16639999999999999       0.15540000000000001     
   146.00000000000000       0.24360566159033359        0.0000000000000000       0.16800000000000001       0.49959999999999999       0.17380000000000001       0.15859999999999999     
   147.00000000000000       0.23564362107104525        0.0000000000000000       0.16800000000000001       0.49440000000000001       0.17879999999999999       0.15880000000000000     
   148.00000000000000       0.23339922531847968        0.0000000000000000        1.5200000000000000E-002  0.64659999999999995       0.17820000000000000       0.16000000000000000     
   149.00000000000000       0.21862505638963275        0.0000000000000000        1.5200000000000000E-002  0.64659999999999995       0.17519999999999999       0.16300000000000001     
   150.00000000000000       0.22953193250291637        0.0000000000000000        1.5200000000000000E-002  0.64659999999999995       0.17219999999999999       0.16600000000000001     
   151.00000000000000       0.23555135337273470        0.0000000000000000        1.5200000000000000E-002  0.64659999999999995       0.17219999999999999       0.16600000000000001     
   152.00000000000000       0.23673675117538295        0.0000000000000000        1.5200000000000000E-002  0.64659999999999995       0.17119999999999999       0.16700000000000001     
   153.00000000000000       0.23300425835293037        0.0000000000000000        1.4600000000000000E-002  0.64659999999999995       0.17080000000000001       0.16800000000000001     
   154.00000000000000       0.22333479919180141        0.0000000000000000        1.4400000000000000E-002  0.64659999999999995       0.16940000000000000       0.16960000000000000     
   155.00000000000000       0.20825733068206065        0.0000000000000000        1.4400000000000000E-002  0.64659999999999995       0.17140000000000000       0.16760000000000000     
   156.00000000000000       0.18823291634574341        0.0000000000000000        1.4200000000000001E-002  0.64659999999999995       0.17240000000000000       0.16680000000000000     
   157.00000000000000       0.16456644102987517        0.0000000000000000        1.4200000000000001E-002  0.64659999999999995       0.16919999999999999       0.17000000000000001     
   158.00000000000000       0.13661313034153541        0.0000000000000000        1.4200000000000001E-002  0.64659999999999995       0.16860000000000000       0.17060000000000000     
   159.00000000000000       0.10445262859128895        0.0000000000000000        1.4200000000000001E-002  0.64659999999999995       0.16800000000000001       0.17119999999999999     
   160.00000000000000        7.0835713261718100E-002   0.0000000000000000        1.4000000000000000E-002  0.64659999999999995       0.16700000000000001       0.17240000000000000     
   161.00000000000000        3.5215363893905435E-002   0.0000000000000000        1.4000000000000000E-002  0.64659999999999995       0.16700000000000001       0.17240000000000000     
   162.00000000000000       -8.4557955267882401E-003   2.0000000000000001E-004  0.66039999999999999        0.0000000000000000       0.16700000000000001       0.17240000000000000     
   163.00000000000000       -3.5612077720077823E-002   1.4999999999999999E-002  0.62639999999999996        1.9199999999999998E-002  0.16700000000000001       0.17240000000000000     
   164.00000000000000       -3.4219078156871141E-002   1.4999999999999999E-002  0.52320000000000000       0.12239999999999999       0.16700000000000001       0.17240000000000000     
   165.00000000000000       -3.4645576457401843E-002   1.4999999999999999E-002  0.53380000000000005       0.10979999999999999       0.16900000000000001       0.17240000000000000     
   166.00000000000000       -3.5618606706032799E-002   1.1200000000000000E-002  0.53159999999999996       0.11240000000000000       0.16960000000000000       0.17519999999999999     
   167.00000000000000       -3.5584023361093703E-002   1.1200000000000000E-002  0.52139999999999997       0.11940000000000001       0.17019999999999999       0.17780000000000001     
   168.00000000000000       -3.5568006567513681E-002   1.0999999999999999E-002  0.51480000000000004       0.12580000000000000       0.17040000000000000       0.17799999999999999     
   169.00000000000000       -3.9273013346329939E-002   1.0999999999999999E-002  0.51500000000000001       0.12220000000000000       0.17380000000000001       0.17799999999999999     
   170.00000000000000       -3.4662789125604734E-002   1.0999999999999999E-002  0.51519999999999999       0.12080000000000000       0.17480000000000001       0.17820000000000000     
   171.00000000000000       -3.0252868186178158E-002   1.0800000000000001E-002  0.51380000000000003       0.11760000000000000       0.17799999999999999       0.17979999999999999     
   172.00000000000000       -2.8673982716384550E-002   1.0200000000000001E-002  0.50760000000000005       0.12060000000000000       0.18140000000000001       0.18020000000000000     
   173.00000000000000       -2.7348998544776459E-002   1.0000000000000000E-002  0.50719999999999998       0.11760000000000000       0.18360000000000001       0.18160000000000001     
   174.00000000000000       -2.6234957939357637E-002   1.0000000000000000E-002  0.50719999999999998       0.11760000000000000       0.18360000000000001       0.18160000000000001     
   175.00000000000000       -2.3200923409738922E-002   8.6000000000000000E-003  0.50460000000000005       0.11720000000000000       0.18420000000000000       0.18540000000000001     
   176.00000000000000       -2.2656179450075323E-002   8.2000000000000007E-003  0.50419999999999998       0.11620000000000000       0.18540000000000001       0.18600000000000000     
   177.00000000000000       -2.0235653195139300E-002   7.0000000000000001E-003  0.49980000000000002       0.11700000000000001       0.18659999999999999       0.18959999999999999     
   178.00000000000000       -2.0497764893950610E-002   1.6400000000000001E-002  0.49040000000000000       0.11580000000000000       0.18659999999999999       0.19080000000000000     
   179.00000000000000       -1.8576555049952745E-003   1.6400000000000001E-002  0.49040000000000000       0.11480000000000000       0.18700000000000000       0.19139999999999999     
   180.00000000000000        2.0650854751115152E-002   1.6400000000000001E-002  0.49040000000000000       0.11400000000000000       0.18759999999999999       0.19159999999999999     
   181.00000000000000        4.2058596996532430E-002   1.6400000000000001E-002  0.49040000000000000       0.11400000000000000       0.18759999999999999       0.19159999999999999     
   182.00000000000000        5.9427845987653591E-002   1.6400000000000001E-002  0.60280000000000000        0.0000000000000000       0.18759999999999999       0.19320000000000001     
   183.00000000000000        7.0456630327866185E-002   1.6400000000000001E-002  0.60140000000000005        0.0000000000000000       0.18420000000000000       0.19800000000000001     
   184.00000000000000        6.5169465130778273E-002   1.6400000000000001E-002  0.60099999999999998        0.0000000000000000       0.18279999999999999       0.19980000000000001     
   185.00000000000000        5.8697173932760367E-002   1.6400000000000001E-002  0.60119999999999996        0.0000000000000000       0.18240000000000001       0.20000000000000001     
   186.00000000000000        5.2778689084945457E-002   1.6400000000000001E-002  0.60119999999999996        0.0000000000000000       0.18200000000000000       0.20039999999999999     
   187.00000000000000        4.6440335751691694E-002   1.6400000000000001E-002  0.60040000000000004        0.0000000000000000       0.18260000000000001       0.20060000000000000     
   188.00000000000000        3.8861188198474464E-002  0.16780000000000000       0.44579999999999997        0.0000000000000000       0.18540000000000001       0.20100000000000001     
   189.00000000000000        3.7372368986343038E-002  0.16800000000000001       0.44519999999999998        0.0000000000000000       0.18559999999999999       0.20119999999999999     
   190.00000000000000        3.7624707581974379E-002  0.16800000000000001       0.44519999999999998        0.0000000000000000       0.18579999999999999       0.20100000000000001     
   191.00000000000000        3.4944274419568058E-002  0.16719999999999999       0.44600000000000001        0.0000000000000000       0.18400000000000000       0.20280000000000001     
   192.00000000000000        2.8663941322327212E-002  0.16619999999999999       0.44700000000000001        0.0000000000000000       0.18440000000000001       0.20240000000000000     
   193.00000000000000        1.6538584906042576E-002  0.41639999999999999       0.19639999999999999        4.0000000000000002E-004  0.18420000000000000       0.20260000000000000     
   194.00000000000000        9.9198929915147796E-003  0.41380000000000000       0.19880000000000000        4.0000000000000002E-004  0.18440000000000001       0.20260000000000000     
   195.00000000000000        8.4025133733783008E-003  0.44280000000000003       0.16320000000000001        4.0000000000000002E-004  0.18880000000000000       0.20480000000000001     
   196.00000000000000        1.2381757648578441E-002  0.44200000000000000       0.14360000000000001        2.0400000000000001E-002  0.18859999999999999       0.20540000000000000     
   197.00000000000000        1.3066341325815578E-002  0.38600000000000001       0.19939999999999999        1.9599999999999999E-002  0.18959999999999999       0.20540000000000000     
   198.00000000000000        3.7012275835868469E-003  0.38600000000000001       0.19960000000000000        1.9199999999999998E-002  0.18800000000000000       0.20720000000000000     
   199.00000000000000       -6.4805551644681950E-003  0.38100000000000001       0.19159999999999999        3.2199999999999999E-002  0.18820000000000001       0.20699999999999999     
   200.00000000000000        1.4520373724986463E-003  0.31819999999999998       0.25300000000000000        3.2399999999999998E-002  0.18940000000000001       0.20699999999999999     
   201.00000000000000        1.2600286268566810E-002  0.31819999999999998       0.24620000000000000        3.9000000000000000E-002  0.18920000000000001       0.20740000000000000     
   202.00000000000000        2.6190818534440705E-002  0.30259999999999998       0.25979999999999998        3.7199999999999997E-002  0.19239999999999999       0.20799999999999999     
   203.00000000000000        4.2549271000484848E-002  0.29840000000000000       0.25919999999999999        3.7400000000000003E-002  0.19700000000000001       0.20799999999999999     
   204.00000000000000        6.3165839070552884E-002  0.28960000000000002       0.26200000000000001        3.4599999999999999E-002  0.20399999999999999       0.20979999999999999     
   205.00000000000000        8.2094579083542896E-002  0.28920000000000001       0.26200000000000001        3.4799999999999998E-002  0.20419999999999999       0.20979999999999999     
   206.00000000000000       0.10206413368599596       0.28899999999999998       0.25979999999999998        3.1000000000000000E-002  0.20799999999999999       0.21220000000000000     
   207.00000000000000       0.12190577521184337       0.28580000000000000       0.25659999999999999        3.4799999999999998E-002  0.21060000000000001       0.21220000000000000     
   208.00000000000000       0.14094905117059323       0.27439999999999998       0.26779999999999998        3.3399999999999999E-002  0.21220000000000000       0.21220000000000000     
   209.00000000000000       0.15890980857768131       0.26700000000000002       0.27300000000000002        3.5600000000000000E-002  0.21079999999999999       0.21360000000000001     
   210.00000000000000       0.17432546587148726       0.26700000000000002       0.27260000000000001        3.5999999999999997E-002  0.21079999999999999       0.21360000000000001     
   211.00000000000000       0.18895786956938732       0.26619999999999999       0.27260000000000001        3.5600000000000000E-002  0.21160000000000001       0.21400000000000000     
   212.00000000000000       0.20239337063742396       0.26640000000000003       0.27239999999999998        3.4799999999999998E-002  0.21020000000000000       0.21620000000000000     
   213.00000000000000       0.21588903149233221       0.26140000000000002       0.27500000000000002        3.4000000000000002E-002  0.21040000000000000       0.21920000000000001     
   214.00000000000000       0.22711790844776814       0.25679999999999997       0.27739999999999998        3.3799999999999997E-002  0.21260000000000001       0.21940000000000001     
   215.00000000000000       0.23675998390461162       0.25380000000000003       0.27939999999999998        3.4799999999999998E-002  0.21240000000000001       0.21959999999999999     
   216.00000000000000       0.24535892639106033       0.25019999999999998       0.28100000000000003        3.5000000000000003E-002  0.21340000000000001       0.22040000000000001     
