#        BMIN =   404
#        BMAX =   408
#     INIBAND =   406
#      NBANDS =   540
#         NSW =  2000
#       POTIM =   1.0
#        TEMP = 300.0
#    NAMDTINI =   203
#    NAMDTIME =  1000
#       NTRAJ =  5000
#        NELM =  1000
#       LHOLE =     T
#        LSHP =     T
#      LCPTXT =     T
#      RUNDIR = ../../run/
   1.0000000000000000       -3.9336872883439782E-002   0.0000000000000000        0.0000000000000000        1.0000000000000000        0.0000000000000000        0.0000000000000000     
   2.0000000000000000       -1.6601252801973186E-002   0.0000000000000000        0.0000000000000000        1.0000000000000000        0.0000000000000000        0.0000000000000000     
   3.0000000000000000        8.0697628436966697E-004   0.0000000000000000        0.0000000000000000        1.0000000000000000        0.0000000000000000        0.0000000000000000     
   4.0000000000000000        1.2290847102881784E-002   0.0000000000000000        0.0000000000000000        1.0000000000000000        0.0000000000000000        0.0000000000000000     
   5.0000000000000000        1.6982859409236453E-002   0.0000000000000000        0.0000000000000000        1.0000000000000000        0.0000000000000000        0.0000000000000000     
   6.0000000000000000        1.5167851783359698E-002   0.0000000000000000        0.0000000000000000        1.0000000000000000        0.0000000000000000        0.0000000000000000     
   7.0000000000000000        6.2732493049481221E-003   0.0000000000000000        0.0000000000000000        1.0000000000000000        0.0000000000000000        0.0000000000000000     
   8.0000000000000000       -9.1247178996369249E-003   0.0000000000000000        0.0000000000000000        1.0000000000000000        0.0000000000000000        0.0000000000000000     
   9.0000000000000000       -3.0537705210086294E-002   0.0000000000000000        0.0000000000000000        1.0000000000000000        0.0000000000000000        0.0000000000000000     
   10.000000000000000       -5.8023350336937313E-002   0.0000000000000000        0.0000000000000000        1.0000000000000000        0.0000000000000000        0.0000000000000000     
   11.000000000000000      -0.10058774589724166        0.0000000000000000       0.21879999999999999       0.78120000000000001        0.0000000000000000        0.0000000000000000     
   12.000000000000000      -0.12466627150505791        0.0000000000000000       0.21879999999999999       0.78120000000000001        0.0000000000000000        0.0000000000000000     
   13.000000000000000      -0.12470473357502185        0.0000000000000000       0.21879999999999999       0.78120000000000001        0.0000000000000000        0.0000000000000000     
   14.000000000000000      -0.12386106891782395        2.2000000000000001E-003  0.21640000000000001       0.78139999999999998        0.0000000000000000        0.0000000000000000     
   15.000000000000000      -0.11145391412520077        5.9999999999999995E-004  0.21240000000000001       0.78500000000000003        2.0000000000000000E-003   0.0000000000000000     
   16.000000000000000       -9.4281337385016831E-002   5.9999999999999995E-004  0.20860000000000001       0.78800000000000003        2.8000000000000000E-003   0.0000000000000000     
   17.000000000000000       -7.7016049111965981E-002   0.0000000000000000       0.20940000000000000       0.78779999999999994        2.8000000000000000E-003   0.0000000000000000     
   18.000000000000000       -5.8962889810441475E-002   0.0000000000000000       0.20640000000000000       0.78939999999999999        3.8000000000000000E-003   4.0000000000000002E-004
   19.000000000000000       -4.1481606671384265E-002   0.0000000000000000       0.20519999999999999       0.78920000000000001        5.1999999999999998E-003   4.0000000000000002E-004
   20.000000000000000       -2.4545177332108741E-002   0.0000000000000000       0.20380000000000001       0.78759999999999997        7.4000000000000003E-003   1.1999999999999999E-003
   21.000000000000000       -9.9568653778969816E-003   0.0000000000000000       0.20340000000000000       0.78720000000000001        8.2000000000000007E-003   1.1999999999999999E-003
   22.000000000000000        4.0522780104071763E-003   0.0000000000000000       0.20319999999999999       0.78420000000000001        1.0999999999999999E-002   1.6000000000000001E-003
   23.000000000000000        1.4889602369773731E-002   0.0000000000000000       0.20280000000000001       0.78459999999999996        1.0999999999999999E-002   1.6000000000000001E-003
   24.000000000000000        2.3821291926358911E-002   0.0000000000000000       0.20300000000000001       0.78439999999999999        1.0999999999999999E-002   1.6000000000000001E-003
   25.000000000000000        3.1250937949966147E-002   0.0000000000000000       0.20419999999999999       0.77959999999999996        1.2999999999999999E-002   3.2000000000000002E-003
   26.000000000000000        3.6313719351776061E-002   0.0000000000000000       0.20300000000000001       0.77959999999999996        1.4000000000000000E-002   3.3999999999999998E-003
   27.000000000000000        4.1384920979608990E-002   0.0000000000000000       0.18520000000000000       0.79720000000000002        1.4000000000000000E-002   3.5999999999999999E-003
   28.000000000000000        4.4328798109953965E-002   0.0000000000000000       0.18140000000000001       0.79979999999999996        1.5200000000000000E-002   3.5999999999999999E-003
   29.000000000000000        4.6402630009233711E-002   0.0000000000000000       0.18140000000000001       0.79820000000000002        1.5599999999999999E-002   4.7999999999999996E-003
   30.000000000000000        5.0575940658437429E-002   0.0000000000000000       0.16700000000000001       0.81179999999999997        1.6199999999999999E-002   5.0000000000000001E-003
   31.000000000000000        5.2912132740609435E-002   0.0000000000000000       0.16580000000000000       0.81240000000000001        1.6199999999999999E-002   5.5999999999999999E-003
   32.000000000000000        5.4975456207690288E-002   0.0000000000000000       0.16500000000000001       0.81059999999999999        1.8800000000000001E-002   5.5999999999999999E-003
   33.000000000000000        5.6994630685745555E-002   2.7199999999999998E-002  0.13560000000000000       0.80620000000000003        2.5200000000000000E-002   5.7999999999999996E-003
   34.000000000000000        6.3681993670102854E-002   2.7199999999999998E-002  0.13539999999999999       0.80620000000000003        2.5200000000000000E-002   6.0000000000000001E-003
   35.000000000000000        7.3571360048876808E-002   2.7199999999999998E-002  0.13539999999999999       0.79239999999999999        3.9000000000000000E-002   6.0000000000000001E-003
   36.000000000000000        8.2268394360573704E-002   2.7000000000000000E-002  0.13560000000000000       0.77080000000000004        6.0600000000000001E-002   6.0000000000000001E-003
   37.000000000000000        8.2802315500863324E-002   2.7000000000000000E-002  0.13560000000000000       0.77080000000000004        6.0400000000000002E-002   6.1999999999999998E-003
   38.000000000000000        7.5188728014650957E-002   2.7000000000000000E-002  0.10059999999999999       0.80400000000000005        6.2199999999999998E-002   6.1999999999999998E-003
   39.000000000000000        7.3888598638723213E-002   2.7000000000000000E-002  0.10059999999999999       0.80400000000000005        6.2000000000000000E-002   6.4000000000000003E-003
   40.000000000000000        8.7903907212331281E-002   2.7000000000000000E-002  0.10080000000000000       0.77900000000000003        8.5800000000000001E-002   7.4000000000000003E-003
   41.000000000000000        8.9097469641921875E-002   2.7000000000000000E-002  0.10059999999999999       0.77920000000000000        8.5800000000000001E-002   7.4000000000000003E-003
   42.000000000000000        8.2471214130581491E-002   2.7000000000000000E-002  0.10020000000000000       0.77959999999999996        8.5800000000000001E-002   7.4000000000000003E-003
   43.000000000000000        7.3365341719873273E-002   2.7000000000000000E-002   9.8799999999999999E-002  0.78100000000000003        8.5800000000000001E-002   7.4000000000000003E-003
   44.000000000000000        5.9276800189399736E-002   2.7000000000000000E-002   9.6799999999999997E-002  0.78300000000000003        8.5800000000000001E-002   7.4000000000000003E-003
   45.000000000000000        4.8648149065712326E-002   2.7000000000000000E-002   9.3600000000000003E-002  0.78280000000000005        8.5199999999999998E-002   1.1400000000000000E-002
   46.000000000000000        3.9546053803254849E-002   2.7000000000000000E-002   9.3799999999999994E-002   0.0000000000000000       0.86780000000000002        1.1400000000000000E-002
   47.000000000000000        2.2578633504764495E-002   2.7000000000000000E-002   9.4399999999999998E-002   0.0000000000000000       0.86719999999999997        1.1400000000000000E-002
   48.000000000000000        1.3346238595537052E-002   2.7000000000000000E-002   9.6199999999999994E-002   0.0000000000000000       0.86539999999999995        1.1400000000000000E-002
   49.000000000000000        4.5274234467822397E-003   2.7000000000000000E-002   9.1800000000000007E-002   6.7999999999999996E-003  0.86280000000000001        1.1599999999999999E-002
   50.000000000000000       -6.4290849260510412E-003   2.6800000000000001E-002   9.1800000000000007E-002   8.0000000000000004E-004  0.86699999999999999        1.3599999999999999E-002
   51.000000000000000       -1.6062041310961481E-002   2.6800000000000001E-002   9.1800000000000007E-002   1.7399999999999999E-002  0.85040000000000004        1.3599999999999999E-002
   52.000000000000000       -1.9735521105965666E-002   2.6800000000000001E-002   9.1800000000000007E-002   5.3999999999999999E-002  0.81379999999999997        1.3599999999999999E-002
   53.000000000000000       -1.5040187521985424E-002   2.6800000000000001E-002   9.1800000000000007E-002   5.8400000000000001E-002  0.80940000000000001        1.3599999999999999E-002
   54.000000000000000       -5.0380490974041570E-003   1.8800000000000001E-002   9.9599999999999994E-002   5.5399999999999998E-002  0.81259999999999999        1.3599999999999999E-002
   55.000000000000000        8.8953781408490154E-003   1.8800000000000001E-002   9.9000000000000005E-002   6.4000000000000001E-002  0.80440000000000000        1.3800000000000000E-002
   56.000000000000000        2.5900646805031385E-002   1.8800000000000001E-002   9.9000000000000005E-002   6.8199999999999997E-002  0.79959999999999998        1.4400000000000000E-002
   57.000000000000000        4.5830324045001328E-002   1.8800000000000001E-002   9.9000000000000005E-002   7.1800000000000003E-002  0.79440000000000000        1.6000000000000000E-002
   58.000000000000000        6.1778713846164436E-002   1.8800000000000001E-002   9.8199999999999996E-002   7.4600000000000000E-002  0.79239999999999999        1.6000000000000000E-002
   59.000000000000000        6.2058579374130222E-002   1.8400000000000000E-002   9.8599999999999993E-002   6.7000000000000004E-002  0.80000000000000004        1.6000000000000000E-002
   60.000000000000000        6.8001325875531704E-002   1.8400000000000000E-002   9.7400000000000000E-002   6.4399999999999999E-002  0.80340000000000000        1.6400000000000001E-002
   61.000000000000000       0.11180071135621331        1.8800000000000001E-002   9.7000000000000003E-002   6.5199999999999994E-002  0.80259999999999998        1.6400000000000001E-002
   62.000000000000000       0.15027798348992047        1.9400000000000001E-002   9.5000000000000001E-002   6.6600000000000006E-002  0.80259999999999998        1.6400000000000001E-002
   63.000000000000000       0.18726231229493837        1.9800000000000002E-002   9.4600000000000004E-002   5.9400000000000001E-002  0.80940000000000001        1.6799999999999999E-002
   64.000000000000000       0.19322947770621934        1.7800000000000000E-002   9.6199999999999994E-002   5.8599999999999999E-002  0.80920000000000003        1.8200000000000001E-002
   65.000000000000000       0.21180885836448504        0.0000000000000000       0.11400000000000000        5.8400000000000001E-002  0.80940000000000001        1.8200000000000001E-002
   66.000000000000000       0.13257766806748142        0.0000000000000000        5.0000000000000003E-002   4.5199999999999997E-002  0.85980000000000001        4.4999999999999998E-002
   67.000000000000000        1.3318734324312893        0.0000000000000000        4.7800000000000002E-002   4.3799999999999999E-002  0.71140000000000003       0.19700000000000001     
   68.000000000000000       0.64116740728392485        0.0000000000000000        4.7199999999999999E-002   4.2799999999999998E-002  0.71160000000000001       0.19839999999999999     
   69.000000000000000       0.64110568071447616        0.0000000000000000        4.6800000000000001E-002   3.4400000000000000E-002  0.72040000000000004       0.19839999999999999     
   70.000000000000000       0.58252129347067716        0.0000000000000000        4.6399999999999997E-002   0.0000000000000000       0.75480000000000003       0.19880000000000000     
   71.000000000000000       0.39171184787003255        0.0000000000000000        4.6399999999999997E-002   0.0000000000000000       0.75339999999999996       0.20019999999999999     
   72.000000000000000       0.40596001829466155        0.0000000000000000        4.6399999999999997E-002   0.0000000000000000       0.75380000000000003       0.19980000000000001     
   73.000000000000000       0.41806686379765473        0.0000000000000000        4.6399999999999997E-002   0.0000000000000000       0.74380000000000002       0.20979999999999999     
   74.000000000000000       0.42567013391553121        0.0000000000000000        4.6399999999999997E-002   0.0000000000000000       0.73680000000000001       0.21679999999999999     
   75.000000000000000       0.43021862937065636        0.0000000000000000        4.6399999999999997E-002   0.0000000000000000       0.73719999999999997       0.21640000000000001     
   76.000000000000000       0.43176074390285946        0.0000000000000000        4.6399999999999997E-002   0.0000000000000000       0.73719999999999997       0.21640000000000001     
   77.000000000000000       0.43094232841340080        0.0000000000000000        4.6399999999999997E-002   0.0000000000000000       0.74139999999999995       0.21220000000000000     
   78.000000000000000       0.42861937529724947        0.0000000000000000        4.6399999999999997E-002   0.0000000000000000       0.73560000000000003       0.21800000000000000     
   79.000000000000000       0.42337685667244995        0.0000000000000000        4.6399999999999997E-002   0.0000000000000000       0.73180000000000001       0.22180000000000000     
   80.000000000000000       0.41587456329959688        0.0000000000000000        4.6399999999999997E-002   0.0000000000000000       0.73199999999999998       0.22159999999999999     
   81.000000000000000       0.40698694270432278        0.0000000000000000        4.6399999999999997E-002   0.0000000000000000       0.72860000000000003       0.22500000000000001     
   82.000000000000000       0.39650780182398715        0.0000000000000000        4.6399999999999997E-002   0.0000000000000000       0.72580000000000000       0.22780000000000000     
   83.000000000000000       0.38467742555143369        0.0000000000000000        4.6399999999999997E-002   0.0000000000000000       0.72819999999999996       0.22539999999999999     
   84.000000000000000       0.37151711561740136        0.0000000000000000        4.6399999999999997E-002   0.0000000000000000       0.73060000000000003       0.22300000000000000     
   85.000000000000000       0.35782891603058187        0.0000000000000000        4.5999999999999999E-002   0.0000000000000000       0.75560000000000005       0.19839999999999999     
   86.000000000000000       0.34406002945095998        0.0000000000000000        4.5999999999999999E-002   0.0000000000000000       0.75000000000000000       0.20399999999999999     
   87.000000000000000       0.32976077060590642        0.0000000000000000        4.5999999999999999E-002   0.0000000000000000       0.74299999999999999       0.21099999999999999     
   88.000000000000000       0.31645462860141499        0.0000000000000000        4.5199999999999997E-002   0.0000000000000000       0.74560000000000004       0.20920000000000000     
   89.000000000000000       0.30299560870769782        0.0000000000000000        4.5199999999999997E-002   0.0000000000000000       0.73580000000000001       0.21900000000000000     
   90.000000000000000       0.28952194894858574        0.0000000000000000        4.4400000000000002E-002   0.0000000000000000       0.74399999999999999       0.21160000000000001     
   91.000000000000000       0.27642484231643516        0.0000000000000000        4.4400000000000002E-002   0.0000000000000000       0.74700000000000000       0.20860000000000001     
   92.000000000000000       0.26442140746645915        1.2200000000000001E-002   3.2199999999999999E-002   0.0000000000000000       0.74719999999999998       0.20840000000000000     
   93.000000000000000       0.25364074007884369        1.2200000000000001E-002   3.2199999999999999E-002   0.0000000000000000       0.74580000000000002       0.20979999999999999     
   94.000000000000000       0.24410962685282947        1.2200000000000001E-002   3.2199999999999999E-002   0.0000000000000000       0.74480000000000002       0.21079999999999999     
   95.000000000000000       0.23582183788050293        8.3999999999999995E-003   3.5000000000000003E-002   1.0000000000000000E-003  0.74539999999999995       0.21020000000000000     
   96.000000000000000       0.22794595137975115        8.0000000000000002E-003   3.5400000000000001E-002   1.0000000000000000E-003  0.74500000000000000       0.21060000000000001     
   97.000000000000000       0.22085800589240170        7.7999999999999996E-003   3.5400000000000001E-002   1.0000000000000000E-003  0.74039999999999995       0.21540000000000001     
   98.000000000000000       0.21474293766097430        7.0000000000000001E-003   3.5600000000000000E-002   1.0000000000000000E-003  0.73980000000000001       0.21659999999999999     
   99.000000000000000       0.21000020275699866        6.4000000000000003E-003   3.4200000000000001E-002   1.0000000000000000E-003  0.73980000000000001       0.21859999999999999     
   100.00000000000000       0.20684273514975016        6.4000000000000003E-003   3.4000000000000002E-002   1.0000000000000000E-003  0.73999999999999999       0.21859999999999999     
   101.00000000000000       0.20502969446818819        6.4000000000000003E-003   3.4000000000000002E-002   1.0000000000000000E-003  0.74039999999999995       0.21820000000000001     
   102.00000000000000       0.20411747419193460        6.4000000000000003E-003   3.4000000000000002E-002   1.0000000000000000E-003  0.74039999999999995       0.21820000000000001     
   103.00000000000000       0.20677429015062387        6.4000000000000003E-003   3.3200000000000000E-002   1.0000000000000000E-003  0.74139999999999995       0.21800000000000000     
   104.00000000000000       0.20982747868786167        6.1999999999999998E-003   3.3000000000000002E-002   1.0000000000000000E-003  0.74099999999999999       0.21879999999999999     
   105.00000000000000       0.21468149808364145        6.1999999999999998E-003   3.2800000000000003E-002   1.0000000000000000E-003  0.74280000000000002       0.21720000000000000     
   106.00000000000000       0.22074975708553785        6.1999999999999998E-003   3.2199999999999999E-002   1.0000000000000000E-003  0.74519999999999997       0.21540000000000001     
   107.00000000000000       0.22814797387380009        5.7999999999999996E-003   3.2199999999999999E-002   1.0000000000000000E-003  0.74619999999999997       0.21479999999999999     
   108.00000000000000       0.23661090892752976        5.7999999999999996E-003   3.2199999999999999E-002   1.0000000000000000E-003  0.74500000000000000       0.21600000000000000     
   109.00000000000000       0.24604484857192618        5.5999999999999999E-003   3.2199999999999999E-002   1.0000000000000000E-003  0.74519999999999997       0.21600000000000000     
   110.00000000000000       0.25575450085486673        5.5999999999999999E-003   3.2199999999999999E-002   1.0000000000000000E-003  0.74660000000000004       0.21460000000000001     
   111.00000000000000       0.26548171456614017        5.5999999999999999E-003   3.2199999999999999E-002   8.0000000000000004E-004  0.74619999999999997       0.21520000000000000     
   112.00000000000000       0.27445523226782242        6.7999999999999996E-003   2.9399999999999999E-002   8.0000000000000004E-004  0.74800000000000000       0.21500000000000000     
   113.00000000000000       0.28268440616080637        6.7999999999999996E-003   2.9399999999999999E-002   5.9999999999999995E-004  0.74839999999999995       0.21479999999999999     
   114.00000000000000       0.29131346039305639        6.7999999999999996E-003   2.9000000000000001E-002   5.9999999999999995E-004  0.74800000000000000       0.21560000000000001     
   115.00000000000000       0.29870023341933549        6.7999999999999996E-003   2.9000000000000001E-002   5.9999999999999995E-004  0.74760000000000004       0.21600000000000000     
   116.00000000000000       0.30524756297761824        6.7999999999999996E-003   2.9000000000000001E-002   5.9999999999999995E-004  0.74760000000000004       0.21600000000000000     
   117.00000000000000       0.31004138339730092        6.7999999999999996E-003   2.8600000000000000E-002   1.0000000000000000E-003  0.74760000000000004       0.21600000000000000     
   118.00000000000000       0.31362949356190417        6.7999999999999996E-003   2.8000000000000001E-002   1.0000000000000000E-003  0.74780000000000002       0.21640000000000001     
   119.00000000000000       0.31498287362968624        6.7999999999999996E-003   2.8000000000000001E-002   5.9999999999999995E-004  0.74819999999999998       0.21640000000000001     
   120.00000000000000       0.31500315213044405        6.7999999999999996E-003   2.7000000000000000E-002   5.9999999999999995E-004  0.74860000000000004       0.21700000000000000     
   121.00000000000000       0.31298771477135201        6.7999999999999996E-003   2.7000000000000000E-002   2.0000000000000001E-004  0.74839999999999995       0.21759999999999999     
   122.00000000000000       0.30899432500759449        7.7999999999999996E-003   2.5999999999999999E-002   2.0000000000000001E-004  0.74839999999999995       0.21759999999999999     
   123.00000000000000       0.30363339647420462        0.0000000000000000        3.3799999999999997E-002   2.0000000000000001E-004  0.74839999999999995       0.21759999999999999     
   124.00000000000000       0.29707530657524583        0.0000000000000000        3.3799999999999997E-002   2.0000000000000001E-004  0.74839999999999995       0.21759999999999999     
   125.00000000000000       0.28978461422868868        0.0000000000000000        3.3799999999999997E-002   2.0000000000000001E-004  0.74839999999999995       0.21759999999999999     
   126.00000000000000       0.28238656616309871        0.0000000000000000        3.3599999999999998E-002   4.0000000000000002E-004  0.74800000000000000       0.21800000000000000     
   127.00000000000000       0.27422039145418703        0.0000000000000000        3.3599999999999998E-002   4.0000000000000002E-004  0.74800000000000000       0.21800000000000000     
   128.00000000000000       0.26625453158961160        0.0000000000000000        3.3599999999999998E-002   4.0000000000000002E-004  0.74800000000000000       0.21800000000000000     
   129.00000000000000       0.25740830047609842        0.0000000000000000        3.3799999999999997E-002   4.0000000000000002E-004  0.74780000000000002       0.21800000000000000     
   130.00000000000000       0.24908172302702525        0.0000000000000000        3.3799999999999997E-002   4.0000000000000002E-004  0.74719999999999998       0.21859999999999999     
   131.00000000000000       0.24100604455289848        0.0000000000000000        3.3599999999999998E-002   5.9999999999999995E-004  0.74719999999999998       0.21859999999999999     
   132.00000000000000       0.23223640171741147        0.0000000000000000        3.3000000000000002E-002   5.9999999999999995E-004  0.74780000000000002       0.21859999999999999     
   133.00000000000000       0.22490377086251334        0.0000000000000000        2.9399999999999999E-002   4.0000000000000001E-003  0.74860000000000004       0.21800000000000000     
   134.00000000000000       0.21607098191865376        0.0000000000000000        2.9399999999999999E-002   4.0000000000000001E-003  0.74960000000000004       0.21700000000000000     
   135.00000000000000       0.20685471322859073        5.9999999999999995E-004   2.8799999999999999E-002   4.0000000000000001E-003  0.74980000000000002       0.21679999999999999     
   136.00000000000000       0.19825759017189890        8.0000000000000004E-004   2.8600000000000000E-002   4.0000000000000001E-003  0.75019999999999998       0.21640000000000001     
   137.00000000000000       0.18945446789202763        5.9999999999999995E-004   2.8799999999999999E-002   4.0000000000000001E-003  0.74919999999999998       0.21740000000000001     
   138.00000000000000       0.18141557670709643        5.9999999999999995E-004   2.8799999999999999E-002   4.1999999999999997E-003  0.74819999999999998       0.21820000000000001     
   139.00000000000000       0.18502041344705089        5.9999999999999995E-004   2.8799999999999999E-002   4.1999999999999997E-003  0.74819999999999998       0.21820000000000001     
   140.00000000000000       0.19091407593037074        5.9999999999999995E-004   2.8799999999999999E-002   4.1999999999999997E-003  0.74819999999999998       0.21820000000000001     
   141.00000000000000       0.19181267097671684        5.9999999999999995E-004   2.8799999999999999E-002   4.1999999999999997E-003  0.74819999999999998       0.21820000000000001     
   142.00000000000000       0.18451495035133508        5.9999999999999995E-004   2.8799999999999999E-002   4.1999999999999997E-003  0.74819999999999998       0.21820000000000001     
   143.00000000000000       0.17297835301414743        1.4000000000000000E-003   2.8000000000000001E-002   4.1999999999999997E-003  0.74819999999999998       0.21820000000000001     
   144.00000000000000       0.15638740270401999        1.4000000000000000E-003   2.7400000000000001E-002   1.4600000000000000E-002  0.73839999999999995       0.21820000000000001     
   145.00000000000000       0.14840102636144420        1.4000000000000000E-003   2.7400000000000001E-002   1.4600000000000000E-002  0.73819999999999997       0.21840000000000001     
   146.00000000000000       0.14288879001760429        1.4000000000000000E-003   2.7400000000000001E-002   1.4600000000000000E-002  0.73819999999999997       0.21840000000000001     
   147.00000000000000       0.14234761285238956        1.4000000000000000E-003   2.2200000000000001E-002   1.9599999999999999E-002  0.73699999999999999       0.21980000000000000     
   148.00000000000000       0.14130272759894730        1.4000000000000000E-003   2.2200000000000001E-002   1.9400000000000001E-002  0.73719999999999997       0.21980000000000000     
   149.00000000000000       0.14187211262443383        5.7999999999999996E-003   1.7800000000000000E-002   1.9199999999999998E-002  0.73699999999999999       0.22020000000000001     
   150.00000000000000       0.14397541125907592        5.7999999999999996E-003   1.7600000000000001E-002   1.9800000000000002E-002  0.73640000000000005       0.22040000000000001     
   151.00000000000000       0.14836245188858990        6.0000000000000001E-003   1.7000000000000001E-002   1.9000000000000000E-002  0.73760000000000003       0.22040000000000001     
   152.00000000000000       0.15456853801091403        5.1999999999999998E-003   1.6600000000000000E-002   1.4999999999999999E-002  0.74239999999999995       0.22080000000000000     
   153.00000000000000       0.16218370339765678        5.1999999999999998E-003   1.6600000000000000E-002   1.3800000000000000E-002  0.74360000000000004       0.22080000000000000     
   154.00000000000000       0.17049383838045395        5.1999999999999998E-003   1.6600000000000000E-002   1.9400000000000001E-002  0.73780000000000001       0.22100000000000000     
   155.00000000000000       0.18136989541081927        5.1999999999999998E-003   1.6400000000000001E-002   1.9000000000000000E-002  0.73599999999999999       0.22339999999999999     
   156.00000000000000       0.19290655805140133        5.1999999999999998E-003   1.6400000000000001E-002   1.8800000000000001E-002  0.73619999999999997       0.22339999999999999     
   157.00000000000000       0.20568166258196419        5.0000000000000001E-003   1.6400000000000001E-002   1.8400000000000000E-002  0.73560000000000003       0.22459999999999999     
   158.00000000000000       0.21869800975113179        5.0000000000000001E-003   1.6400000000000001E-002   1.8400000000000000E-002  0.73560000000000003       0.22459999999999999     
   159.00000000000000       0.23215611147452772        5.0000000000000001E-003   1.6400000000000001E-002   1.8400000000000000E-002  0.73560000000000003       0.22459999999999999     
   160.00000000000000       0.24539119799685694        5.0000000000000001E-003   1.6199999999999999E-002   1.8400000000000000E-002  0.73580000000000001       0.22459999999999999     
   161.00000000000000       0.25846579098488381        5.0000000000000001E-003   1.6199999999999999E-002   1.8400000000000000E-002  0.73560000000000003       0.22480000000000000     
   162.00000000000000       0.27100215344260697        5.0000000000000001E-003   1.6000000000000000E-002   1.8599999999999998E-002  0.73560000000000003       0.22480000000000000     
   163.00000000000000       0.28368315191859961        5.0000000000000001E-003   1.6000000000000000E-002   1.8599999999999998E-002  0.73499999999999999       0.22539999999999999     
   164.00000000000000       0.29479155464817974        4.7999999999999996E-003   1.5400000000000000E-002   1.9400000000000001E-002  0.73499999999999999       0.22539999999999999     
   165.00000000000000       0.30540236274443955        4.7999999999999996E-003   1.4400000000000000E-002   2.0400000000000001E-002  0.73519999999999996       0.22520000000000001     
   166.00000000000000       0.31564578183477110        4.7999999999999996E-003   3.2000000000000002E-003   3.1600000000000003E-002  0.73519999999999996       0.22520000000000001     
   167.00000000000000       0.32386875119250536        4.7999999999999996E-003   4.0000000000000001E-003   3.0599999999999999E-002  0.73480000000000001       0.22580000000000000     
   168.00000000000000       0.33114250341186541        4.7999999999999996E-003   3.5999999999999999E-003   3.1000000000000000E-002  0.73180000000000001       0.22880000000000000     
   169.00000000000000       0.33751272358008871        5.0000000000000001E-003   2.8000000000000000E-003   3.1000000000000000E-002  0.72940000000000005       0.23180000000000001     
   170.00000000000000       0.33610514053000395        3.0000000000000001E-003   4.5999999999999999E-003   3.1000000000000000E-002  0.96140000000000003        0.0000000000000000     
   171.00000000000000       0.34122113092214962        3.0000000000000001E-003   4.5999999999999999E-003   3.1000000000000000E-002  0.96140000000000003        0.0000000000000000     
   172.00000000000000       0.33837608069418662        3.0000000000000001E-003   4.5999999999999999E-003   3.1000000000000000E-002  0.95560000000000000        5.7999999999999996E-003
   173.00000000000000       0.33019543631774773        2.8000000000000000E-003   4.7999999999999996E-003   3.1000000000000000E-002  0.95860000000000001        2.8000000000000000E-003
   174.00000000000000       0.32089389215655495        2.8000000000000000E-003   4.7999999999999996E-003   3.1000000000000000E-002  0.95760000000000001        3.8000000000000000E-003
   175.00000000000000       0.31188910042191320        2.8000000000000000E-003   4.4000000000000003E-003   3.1000000000000000E-002  0.95760000000000001        4.1999999999999997E-003
   176.00000000000000       0.30203444344988084        2.8000000000000000E-003   4.4000000000000003E-003   3.1000000000000000E-002  0.95760000000000001        4.1999999999999997E-003
   177.00000000000000       0.29161933308958843        2.8000000000000000E-003   4.0000000000000001E-003   3.1000000000000000E-002  0.95799999999999996        4.1999999999999997E-003
   178.00000000000000       0.28034610452820585        2.8000000000000000E-003   4.0000000000000001E-003   3.1000000000000000E-002  0.95760000000000001        4.5999999999999999E-003
   179.00000000000000       0.26817666965302822        2.8000000000000000E-003   4.0000000000000001E-003   3.1000000000000000E-002  0.95779999999999998        4.4000000000000003E-003
   180.00000000000000       0.25460913435698795        2.8000000000000000E-003   4.0000000000000001E-003   3.1000000000000000E-002  0.95779999999999998        4.4000000000000003E-003
   181.00000000000000       0.23980845850728927        2.2000000000000001E-003   4.1999999999999997E-003   3.1000000000000000E-002  0.95679999999999998        5.7999999999999996E-003
   182.00000000000000       0.22442628441839263        2.2000000000000001E-003   4.1999999999999997E-003   3.1000000000000000E-002  0.95140000000000002        1.1200000000000000E-002
   183.00000000000000       0.20752605893730761        2.2000000000000001E-003   4.5999999999999999E-003   3.0400000000000000E-002  0.95179999999999998        1.0999999999999999E-002
   184.00000000000000       0.18976781218671576        2.5999999999999999E-003   4.5999999999999999E-003   2.9600000000000001E-002  0.95220000000000005        1.0999999999999999E-002
   185.00000000000000       0.17291282298579896        2.5999999999999999E-003   4.5999999999999999E-003   2.9600000000000001E-002  0.95060000000000000        1.2600000000000000E-002
   186.00000000000000       0.15557017337201468        2.3999999999999998E-003   4.5999999999999999E-003   2.9600000000000001E-002  0.95079999999999998        1.2600000000000000E-002
   187.00000000000000       0.13855394650351896        2.3999999999999998E-003   4.5999999999999999E-003   2.9800000000000000E-002  0.95060000000000000        1.2600000000000000E-002
   188.00000000000000       0.12224988330613927        2.3999999999999998E-003   4.5999999999999999E-003   2.8600000000000000E-002  0.95140000000000002        1.2999999999999999E-002
   189.00000000000000       0.10639436995100590        2.3999999999999998E-003   4.5999999999999999E-003   2.8600000000000000E-002  0.95140000000000002        1.2999999999999999E-002
   190.00000000000000        9.2186816308707689E-002   2.3999999999999998E-003   4.5999999999999999E-003   2.5600000000000001E-002  0.95399999999999996        1.3400000000000000E-002
   191.00000000000000        7.8463823694810517E-002   2.3999999999999998E-003   4.5999999999999999E-003   2.6599999999999999E-002  0.95279999999999998        1.3599999999999999E-002
   192.00000000000000        6.5902122093681542E-002   2.3999999999999998E-003   4.5999999999999999E-003   2.7000000000000000E-002  0.95240000000000002        1.3599999999999999E-002
   193.00000000000000        5.5474136781702557E-002   2.3999999999999998E-003   4.5999999999999999E-003   2.5200000000000000E-002  0.95399999999999996        1.3800000000000000E-002
   194.00000000000000        4.6564614149235621E-002   2.3999999999999998E-003   4.5999999999999999E-003   2.5399999999999999E-002  0.95379999999999998        1.3800000000000000E-002
   195.00000000000000        3.9575243883492976E-002   2.3999999999999998E-003   4.5999999999999999E-003   2.7400000000000001E-002  0.95179999999999998        1.3800000000000000E-002
   196.00000000000000        3.4459672063140906E-002   2.2000000000000001E-003   4.5999999999999999E-003   2.9200000000000000E-002  0.95020000000000004        1.3800000000000000E-002
   197.00000000000000        3.0525957302622735E-002   2.2000000000000001E-003   4.5999999999999999E-003   2.8799999999999999E-002  0.95060000000000000        1.3800000000000000E-002
   198.00000000000000        2.9129429708330518E-002   2.2000000000000001E-003   4.5999999999999999E-003   2.8400000000000002E-002  0.94999999999999996        1.4800000000000001E-002
   199.00000000000000        2.6872835696053685E-002   2.2000000000000001E-003   2.2800000000000001E-002   1.0400000000000000E-002  0.94979999999999998        1.4800000000000001E-002
   200.00000000000000        2.8403733492103796E-002   2.0000000000000000E-003   2.3000000000000000E-002   1.0400000000000000E-002  0.94899999999999995        1.5599999999999999E-002
   201.00000000000000        2.8820231824223708E-002   1.8000000000000000E-003   2.3000000000000000E-002   2.4600000000000000E-002  0.93479999999999996        1.5800000000000002E-002
   202.00000000000000        3.1024736140117009E-002   1.8000000000000000E-003   2.2800000000000001E-002   2.4799999999999999E-002  0.93479999999999996        1.5800000000000002E-002
   203.00000000000000        5.2668360357285865E-002   1.8000000000000000E-003   2.3000000000000000E-002   2.4600000000000000E-002  0.93479999999999996        1.5800000000000002E-002
   204.00000000000000        7.2005204615145507E-002   1.8000000000000000E-003   2.3000000000000000E-002   2.4600000000000000E-002  0.93479999999999996        1.5800000000000002E-002
   205.00000000000000        8.3121471013354514E-002   1.8000000000000000E-003   2.2200000000000001E-002   2.5000000000000001E-002  0.93479999999999996        1.6199999999999999E-002
   206.00000000000000        8.8191540644739774E-002   1.8000000000000000E-003   2.1999999999999999E-002   2.5000000000000001E-002  0.93479999999999996        1.6400000000000001E-002
   207.00000000000000        8.5068666960847306E-002   1.8000000000000000E-003   2.1200000000000000E-002   2.5800000000000000E-002  0.93479999999999996        1.6400000000000001E-002
   208.00000000000000        7.6571133627448634E-002   1.8000000000000000E-003   2.1200000000000000E-002   2.5800000000000000E-002  0.93479999999999996        1.6400000000000001E-002
   209.00000000000000        6.1790706407919671E-002   1.4000000000000000E-003   2.1600000000000001E-002   0.0000000000000000       0.96020000000000005        1.6799999999999999E-002
   210.00000000000000        5.8821019880925897E-002   1.0000000000000000E-003   2.1999999999999999E-002   0.0000000000000000       0.96020000000000005        1.6799999999999999E-002
   211.00000000000000        6.9351322803129181E-002   1.0000000000000000E-003   2.1800000000000000E-002   0.0000000000000000       0.95799999999999996        1.9199999999999998E-002
   212.00000000000000        8.2444211061355854E-002   1.0000000000000000E-003   2.1800000000000000E-002   0.0000000000000000       0.95799999999999996        1.9199999999999998E-002
   213.00000000000000       0.10067282646209891        1.4000000000000000E-003   1.8800000000000001E-002   2.5999999999999999E-003  0.95240000000000002        2.4799999999999999E-002
   214.00000000000000       0.12005498702503581        4.4000000000000003E-003   1.5400000000000000E-002   3.0000000000000001E-003  0.95279999999999998        2.4400000000000002E-002
   215.00000000000000       0.14424294815604882        4.4000000000000003E-003   1.3800000000000000E-002   4.0000000000000001E-003  0.94860000000000000        2.9200000000000000E-002
   216.00000000000000       0.17007577753056560        4.1999999999999997E-003   1.4000000000000000E-002   4.0000000000000001E-003  0.93059999999999998        4.7199999999999999E-002
