#        BMIN =   404
#        BMAX =   408
#     INIBAND =   406
#      NBANDS =   540
#         NSW =  2000
#       POTIM =   1.0
#        TEMP = 300.0
#    NAMDTINI =   851
#    NAMDTIME =  1000
#       NTRAJ =  5000
#        NELM =  1000
#       LHOLE =     T
#        LSHP =     T
#      LCPTXT =     T
#      RUNDIR = ../../run/
   1.0000000000000000       -7.1980282279918040E-002   0.0000000000000000        0.0000000000000000        1.0000000000000000        0.0000000000000000        0.0000000000000000     
   2.0000000000000000      -0.11064214077052671        0.0000000000000000        0.0000000000000000        1.0000000000000000        0.0000000000000000        0.0000000000000000     
   3.0000000000000000      -0.15135302072450935        0.0000000000000000        0.0000000000000000        1.0000000000000000        0.0000000000000000        0.0000000000000000     
   4.0000000000000000      -0.19188186022780918        0.0000000000000000        0.0000000000000000        1.0000000000000000        0.0000000000000000        0.0000000000000000     
   5.0000000000000000      -0.23462179761351531        0.0000000000000000       0.66080000000000005       0.33900000000000002        2.0000000000000001E-004   0.0000000000000000     
   6.0000000000000000      -0.25828939426718822        4.4000000000000003E-003  0.61660000000000004       0.37859999999999999        4.0000000000000002E-004   0.0000000000000000     
   7.0000000000000000      -0.25775776465493333        4.4000000000000003E-003  0.55359999999999998       0.44159999999999999        4.0000000000000002E-004   0.0000000000000000     
   8.0000000000000000      -0.24430054118798936        4.5999999999999999E-003  0.55920000000000003       0.43580000000000002        4.0000000000000002E-004   0.0000000000000000     
   9.0000000000000000      -0.22999306796096314        2.5999999999999999E-003  0.83899999999999997       0.15800000000000000        4.0000000000000002E-004   0.0000000000000000     
   10.000000000000000      -0.21549629785320218        1.1999999999999999E-003  0.84719999999999995       0.15120000000000000        4.0000000000000002E-004   0.0000000000000000     
   11.000000000000000      -0.20062219835331385        1.1999999999999999E-003  0.84919999999999995       0.14920000000000000        4.0000000000000002E-004   0.0000000000000000     
   12.000000000000000      -0.18444762649535840        1.1999999999999999E-003  0.84760000000000002       0.15060000000000001        4.0000000000000002E-004   2.0000000000000001E-004
   13.000000000000000      -0.16699774427958236        1.1999999999999999E-003  0.84840000000000004       0.14960000000000001        5.9999999999999995E-004   2.0000000000000001E-004
   14.000000000000000      -0.14812678634098797        1.1999999999999999E-003  0.83279999999999998       0.16520000000000001        5.9999999999999995E-004   2.0000000000000001E-004
   15.000000000000000      -0.12893563866985652        1.1999999999999999E-003  0.82579999999999998       0.17180000000000001        5.9999999999999995E-004   5.9999999999999995E-004
   16.000000000000000      -0.10992671728885821        1.1999999999999999E-003  0.82360000000000000       0.17319999999999999        1.0000000000000000E-003   1.0000000000000000E-003
   17.000000000000000       -9.1134009958330972E-002   1.1999999999999999E-003  0.82079999999999997       0.17599999999999999        1.0000000000000000E-003   1.0000000000000000E-003
   18.000000000000000       -7.3012360989897732E-002   1.1999999999999999E-003  0.82140000000000002       0.17540000000000000        1.0000000000000000E-003   1.0000000000000000E-003
   19.000000000000000       -5.5260475055274906E-002   1.1999999999999999E-003  0.81679999999999997       0.17979999999999999        1.1999999999999999E-003   1.0000000000000000E-003
   20.000000000000000       -3.9354976621923603E-002   5.1999999999999998E-003  0.81220000000000003       0.18020000000000000        1.1999999999999999E-003   1.1999999999999999E-003
   21.000000000000000        6.7819743587830032E-004   5.1999999999999998E-003  0.81220000000000003       0.17999999999999999        1.4000000000000000E-003   1.1999999999999999E-003
   22.000000000000000        5.3221044799509648E-002   3.3999999999999998E-003  0.57220000000000004       0.42140000000000000        1.8000000000000000E-003   1.1999999999999999E-003
   23.000000000000000        8.6285535842398162E-002   3.3999999999999998E-003  0.57040000000000002       0.42220000000000002        1.8000000000000000E-003   2.2000000000000001E-003
   24.000000000000000       0.11069446249974291        3.5999999999999999E-003  0.56999999999999995       0.42240000000000000        1.8000000000000000E-003   2.2000000000000001E-003
   25.000000000000000       0.13144618662235408        3.2000000000000002E-003  0.56979999999999997       0.42240000000000000        1.8000000000000000E-003   2.8000000000000000E-003
   26.000000000000000       0.14865390229136183        3.8000000000000000E-003  0.56920000000000004       0.42240000000000000        1.8000000000000000E-003   2.8000000000000000E-003
   27.000000000000000       0.16186856931265328        3.8000000000000000E-003  0.56920000000000004       0.42240000000000000        1.6000000000000001E-003   3.0000000000000001E-003
   28.000000000000000       0.17132200306035558        3.0000000000000001E-003  0.56979999999999997       0.42240000000000000        1.8000000000000000E-003   3.0000000000000001E-003
   29.000000000000000       0.17769657787051021        3.0000000000000001E-003  0.56940000000000002       0.42240000000000000        1.8000000000000000E-003   3.3999999999999998E-003
   30.000000000000000       0.17999697663096278        4.0000000000000001E-003  0.56840000000000002       0.42240000000000000        1.8000000000000000E-003   3.3999999999999998E-003
   31.000000000000000       0.17953334708578830        4.1999999999999997E-003  0.56820000000000004       0.42240000000000000        1.1999999999999999E-003   4.0000000000000001E-003
   32.000000000000000       0.17510076088508456        4.4000000000000003E-003  0.60660000000000003       0.38379999999999997        1.0000000000000000E-003   4.1999999999999997E-003
   33.000000000000000       0.16685430124220513        4.1999999999999997E-003  0.60660000000000003       0.38400000000000001        1.0000000000000000E-003   4.1999999999999997E-003
   34.000000000000000       0.14929550959420093        6.0000000000000001E-003  0.59480000000000000       0.39400000000000002        1.0000000000000000E-003   4.1999999999999997E-003
   35.000000000000000       0.14489737121369364        6.0000000000000001E-003  0.59519999999999995       0.39360000000000001        1.0000000000000000E-003   4.1999999999999997E-003
   36.000000000000000       0.15485321061304405        6.0000000000000001E-003  0.59560000000000002       0.39319999999999999        1.0000000000000000E-003   4.1999999999999997E-003
   37.000000000000000       0.16703435298911426        5.0000000000000001E-003  0.58840000000000003       0.40139999999999998        1.0000000000000000E-003   4.1999999999999997E-003
   38.000000000000000       0.18005411158337795        4.4000000000000003E-003  0.58899999999999997       0.40100000000000002        1.4000000000000000E-003   4.1999999999999997E-003
   39.000000000000000       0.19364043652414273        2.2000000000000001E-003  0.58199999999999996       0.41020000000000001        1.4000000000000000E-003   4.1999999999999997E-003
   40.000000000000000       0.20852203784335518        2.0000000000000000E-003  0.57479999999999998       0.41720000000000002        1.6000000000000001E-003   4.4000000000000003E-003
   41.000000000000000       0.23118251550809857        2.0000000000000000E-003  0.56979999999999997       0.42220000000000002        1.6000000000000001E-003   4.4000000000000003E-003
   42.000000000000000       0.23519972462935668        2.0000000000000000E-003  0.57060000000000000       0.42120000000000002        1.6000000000000001E-003   4.5999999999999999E-003
   43.000000000000000       0.26572421661727419        2.0000000000000000E-003  0.57060000000000000       0.42099999999999999        1.8000000000000000E-003   4.5999999999999999E-003
   44.000000000000000       0.26406355023916522        2.0000000000000000E-003  0.57060000000000000       0.42080000000000001        1.8000000000000000E-003   4.7999999999999996E-003
   45.000000000000000       0.28333578853980823        2.0000000000000000E-003  0.57040000000000002       0.42080000000000001        2.0000000000000000E-003   4.7999999999999996E-003
   46.000000000000000       0.30802705736766184        1.8000000000000000E-003  0.57679999999999998       0.41460000000000002        2.0000000000000000E-003   4.7999999999999996E-003
   47.000000000000000       0.32482694460105943        1.8000000000000000E-003  0.57179999999999997       0.41959999999999997        2.0000000000000000E-003   4.7999999999999996E-003
   48.000000000000000       0.23719657266169938        1.1999999999999999E-003  0.54959999999999998       0.44219999999999998        2.2000000000000001E-003   4.7999999999999996E-003
   49.000000000000000       0.32676307482878691        1.1999999999999999E-003  0.54959999999999998       0.44200000000000000        2.0000000000000000E-003   5.1999999999999998E-003
   50.000000000000000       0.13886182314000026        8.0000000000000004E-004  0.53859999999999997       0.45340000000000003        2.0000000000000000E-003   5.1999999999999998E-003
   51.000000000000000       0.35943070659585347        5.9999999999999995E-004  0.53879999999999995       0.45319999999999999        2.2000000000000001E-003   5.1999999999999998E-003
   52.000000000000000       0.36437116731836122        0.0000000000000000       0.53939999999999999       0.45319999999999999        2.2000000000000001E-003   5.1999999999999998E-003
   53.000000000000000       0.35092148794535566        0.0000000000000000       0.53380000000000005       0.45860000000000001        2.3999999999999998E-003   5.1999999999999998E-003
   54.000000000000000       0.32980643064674592        0.0000000000000000       0.52600000000000002       0.46639999999999998        2.3999999999999998E-003   5.1999999999999998E-003
   55.000000000000000       0.43593530561316451        0.0000000000000000       0.52600000000000002       0.46639999999999998        2.3999999999999998E-003   5.1999999999999998E-003
   56.000000000000000       0.33987231136430601        0.0000000000000000       0.52320000000000000       0.46920000000000001        2.3999999999999998E-003   5.1999999999999998E-003
   57.000000000000000       0.33265049889122644        0.0000000000000000       0.52320000000000000       0.46920000000000001        2.3999999999999998E-003   5.1999999999999998E-003
   58.000000000000000       0.30506992918950598        8.0000000000000004E-004  0.52280000000000004       0.46820000000000001        2.3999999999999998E-003   5.7999999999999996E-003
   59.000000000000000       0.19047644225272295        8.0000000000000004E-004  0.52080000000000004       0.38940000000000002        8.3199999999999996E-002   5.7999999999999996E-003
   60.000000000000000       0.44675397852813648        8.0000000000000004E-004  0.52080000000000004       0.37100000000000000       0.10160000000000000        5.7999999999999996E-003
   61.000000000000000       0.43930813909328398        8.0000000000000004E-004  0.51439999999999997       0.37580000000000002       0.10320000000000000        5.7999999999999996E-003
   62.000000000000000       0.43475801397480945        5.9999999999999995E-004  0.51439999999999997       0.37380000000000002       0.10440000000000001        6.7999999999999996E-003
   63.000000000000000       0.43277900244088952        1.0000000000000000E-003  0.45100000000000001       0.43680000000000002       0.10440000000000001        6.7999999999999996E-003
   64.000000000000000       0.27446369210134663        1.0000000000000000E-003  0.45100000000000001       0.43680000000000002       0.10420000000000000        7.0000000000000001E-003
   65.000000000000000       0.25856499571021818        1.0000000000000000E-003  0.43900000000000000       0.44860000000000000       0.10420000000000000        7.1999999999999998E-003
   66.000000000000000       0.24054975772084425        1.0000000000000000E-003  0.43940000000000001       0.44719999999999999       0.10520000000000000        7.1999999999999998E-003
   67.000000000000000       0.22213001898250770        1.0000000000000000E-003  0.43800000000000000       0.44779999999999998       0.10600000000000000        7.1999999999999998E-003
   68.000000000000000       0.20297839145170682        1.1999999999999999E-003  0.43719999999999998       0.44460000000000000       0.10840000000000000        8.6000000000000000E-003
   69.000000000000000       0.18283676459219120        1.6000000000000001E-003  0.43459999999999999       0.44579999999999997       0.10960000000000000        8.3999999999999995E-003
   70.000000000000000       0.16258653954623939        1.4000000000000000E-003  0.43459999999999999       0.44560000000000000       0.10960000000000000        8.8000000000000005E-003
   71.000000000000000       0.14322585388608688        4.7999999999999996E-003  0.41860000000000003       0.45720000000000000       0.10780000000000001        1.1599999999999999E-002
   72.000000000000000       0.12656782594774732        1.9199999999999998E-002  0.37359999999999999       0.48520000000000002       0.11000000000000000        1.2000000000000000E-002
   73.000000000000000       0.10850724602452873        1.6799999999999999E-002  0.36559999999999998       0.49199999999999999       0.11080000000000000        1.4800000000000001E-002
   74.000000000000000        8.8442890166104376E-002   1.7800000000000000E-002  0.36540000000000000       0.48959999999999998       0.11840000000000001        8.8000000000000005E-003
   75.000000000000000        6.6799037734033895E-002   1.7800000000000000E-002  0.37240000000000001       0.48199999999999998       0.11840000000000001        9.4000000000000004E-003
   76.000000000000000        4.5186262083102786E-002   1.7800000000000000E-002  0.37440000000000001       0.47880000000000000       0.11940000000000001        9.5999999999999992E-003
   77.000000000000000        2.5688531150956369E-002   1.9000000000000000E-002  0.34980000000000000       0.49959999999999999       0.12200000000000000        9.5999999999999992E-003
   78.000000000000000        4.1735022361912193E-003   1.5800000000000002E-002  0.35539999999999999       0.49719999999999998       0.12200000000000000        9.5999999999999992E-003
   79.000000000000000       -1.6532149829624188E-002   1.5400000000000000E-002  0.35439999999999999       0.49759999999999999       0.12180000000000001        1.0800000000000001E-002
   80.000000000000000       -3.6278274630285282E-002   1.3800000000000000E-002  0.34860000000000002       0.50500000000000000       0.12180000000000001        1.0800000000000001E-002
   81.000000000000000       -5.5142634305815549E-002   1.4000000000000000E-002  0.34739999999999999       0.50319999999999998       0.12440000000000000        1.0999999999999999E-002
   82.000000000000000       -7.2911888919223997E-002   1.4200000000000001E-002  0.34639999999999999       0.50139999999999996       0.12700000000000000        1.0999999999999999E-002
   83.000000000000000       -8.9300616018230430E-002   1.4200000000000001E-002  0.34539999999999998       0.50219999999999998       0.12700000000000000        1.1200000000000000E-002
   84.000000000000000      -0.10326421690682366        1.0600000000000000E-002  0.34499999999999997       0.50400000000000000       0.12920000000000001        1.1200000000000000E-002
   85.000000000000000      -0.10715020901955094        1.3800000000000000E-002  0.26379999999999998       0.58079999999999998       0.13039999999999999        1.1200000000000000E-002
   86.000000000000000      -0.10274165818090346        1.6600000000000000E-002  0.26079999999999998       0.58079999999999998       0.13059999999999999        1.1200000000000000E-002
   87.000000000000000       -8.8850144402759623E-002   1.6600000000000000E-002  0.26079999999999998       0.58079999999999998       0.13059999999999999        1.1200000000000000E-002
   88.000000000000000       -7.3450681947439700E-002   1.6600000000000000E-002  0.26079999999999998       0.58079999999999998       0.13059999999999999        1.1200000000000000E-002
   89.000000000000000       -5.6792362238155078E-002   1.6600000000000000E-002  0.26079999999999998       0.58079999999999998       0.13059999999999999        1.1200000000000000E-002
   90.000000000000000       -4.2029792781317750E-002   1.6600000000000000E-002  0.26040000000000002       0.58079999999999998       0.13039999999999999        1.1800000000000000E-002
   91.000000000000000       -2.7540791738862647E-002   1.6600000000000000E-002  0.26000000000000001       0.58079999999999998       0.13080000000000000        1.1800000000000000E-002
   92.000000000000000       -1.5374837968346034E-002   1.6600000000000000E-002  0.26000000000000001       0.58079999999999998       0.13059999999999999        1.2000000000000000E-002
   93.000000000000000       -5.7311779997299573E-003   1.6600000000000000E-002  0.26000000000000001       0.58079999999999998       0.13059999999999999        1.2000000000000000E-002
   94.000000000000000        1.3433962141538901E-003   1.6600000000000000E-002  0.26000000000000001       0.58079999999999998       0.13059999999999999        1.2000000000000000E-002
   95.000000000000000       -9.9757666549596564E-003   1.6600000000000000E-002  0.83899999999999997        0.0000000000000000       0.13239999999999999        1.2000000000000000E-002
   96.000000000000000        4.2346507947895410E-003   1.6600000000000000E-002  0.83899999999999997        0.0000000000000000       0.13239999999999999        1.2000000000000000E-002
   97.000000000000000       -8.7897886361009252E-003   1.6600000000000000E-002  0.83899999999999997        0.0000000000000000       0.13200000000000001        1.2400000000000000E-002
   98.000000000000000       -2.6486486335919279E-002   1.6400000000000001E-002  0.83899999999999997        2.0000000000000001E-004  0.13200000000000001        1.2400000000000000E-002
   99.000000000000000       -4.7802756377959034E-002   1.6000000000000000E-002  0.83620000000000005        2.8000000000000000E-003  0.13200000000000001        1.2999999999999999E-002
   100.00000000000000       -2.3661580134847836E-002   1.6000000000000000E-002  0.83620000000000005        2.8000000000000000E-003  0.13200000000000001        1.2999999999999999E-002
   101.00000000000000        1.3961713528502151E-003   1.5599999999999999E-002  0.83479999999999999        4.4000000000000003E-003  0.13200000000000001        1.3200000000000000E-002
   102.00000000000000        2.6626064569799743E-002   1.5599999999999999E-002  0.83460000000000001        4.4000000000000003E-003  0.13200000000000001        1.3400000000000000E-002
   103.00000000000000        5.1385377275035657E-002   1.5200000000000000E-002  0.83479999999999999        4.5999999999999999E-003  0.13000000000000000        1.5400000000000000E-002
   104.00000000000000        7.5747451667196944E-002   1.5200000000000000E-002  0.82740000000000002        1.0999999999999999E-002  0.13059999999999999        1.5800000000000002E-002
   105.00000000000000        9.8345430961003066E-002   1.5200000000000000E-002  0.82360000000000000        1.0999999999999999E-002  0.13280000000000000        1.7399999999999999E-002
   106.00000000000000       0.11767636173731691        1.5200000000000000E-002  0.82160000000000000        1.1200000000000000E-002  0.13460000000000000        1.7399999999999999E-002
   107.00000000000000       0.13461587377588188        1.4999999999999999E-002  0.82140000000000002        1.1200000000000000E-002  0.13400000000000001        1.8400000000000000E-002
   108.00000000000000       0.14862899391295856        1.4999999999999999E-002  0.81240000000000001        2.0000000000000000E-002  0.13400000000000001        1.8599999999999998E-002
   109.00000000000000       0.15674568667551828        1.4999999999999999E-002  0.81040000000000001        1.9800000000000002E-002  0.13600000000000001        1.8800000000000001E-002
   110.00000000000000       0.17276984184251915        1.3800000000000000E-002  0.80820000000000003        2.0199999999999999E-002  0.13860000000000000        1.9199999999999998E-002
   111.00000000000000       0.17170968355271188        1.3800000000000000E-002  0.79820000000000002        2.9399999999999999E-002  0.13900000000000001        1.9599999999999999E-002
   112.00000000000000       0.16589619823263652        1.3800000000000000E-002  0.79820000000000002        2.9399999999999999E-002  0.13900000000000001        1.9599999999999999E-002
   113.00000000000000       0.16189240849057954        1.3800000000000000E-002  0.79679999999999995        3.0200000000000001E-002  0.13900000000000001        2.0199999999999999E-002
   114.00000000000000       0.15550430100026019        1.3599999999999999E-002  0.79459999999999997        3.0200000000000001E-002  0.14000000000000001        2.1600000000000001E-002
   115.00000000000000       0.13645285313248473        1.3599999999999999E-002  0.79459999999999997        3.0200000000000001E-002  0.14000000000000001        2.1600000000000001E-002
   116.00000000000000       0.12273856138395675        1.3400000000000000E-002  0.79259999999999997        3.2399999999999998E-002  0.13960000000000000        2.1999999999999999E-002
   117.00000000000000       0.10515681328510815        1.3400000000000000E-002  0.79100000000000004        3.2399999999999998E-002  0.14000000000000001        2.3199999999999998E-002
   118.00000000000000        8.5355929170904635E-002   1.3400000000000000E-002  0.78939999999999999        3.2000000000000001E-002  0.14140000000000000        2.3800000000000002E-002
   119.00000000000000        6.3664939169918361E-002   1.3400000000000000E-002  0.78939999999999999        3.2000000000000001E-002  0.14119999999999999        2.4000000000000000E-002
   120.00000000000000        4.2129659590000111E-002   1.3400000000000000E-002  0.78700000000000003        3.2000000000000001E-002  0.14360000000000001        2.4000000000000000E-002
   121.00000000000000        2.0972303664306084E-002   0.0000000000000000       0.79920000000000002        3.2800000000000003E-002  0.14280000000000001        2.5200000000000000E-002
   122.00000000000000        3.3581131245432327E-002   0.0000000000000000       0.79920000000000002        3.2800000000000003E-002  0.14219999999999999        2.5800000000000000E-002
   123.00000000000000        7.2009288932035689E-002   0.0000000000000000       0.79920000000000002        3.2800000000000003E-002  0.14219999999999999        2.5800000000000000E-002
   124.00000000000000       0.10728726406352475        0.0000000000000000       0.79920000000000002        3.2800000000000003E-002  0.14080000000000001        2.7199999999999998E-002
   125.00000000000000       0.13845016231762650        0.0000000000000000       0.79920000000000002        3.1600000000000003E-002  0.14199999999999999        2.7199999999999998E-002
   126.00000000000000       0.16476759195902957        0.0000000000000000       0.79920000000000002        3.0400000000000000E-002  0.14060000000000000        2.9800000000000000E-002
   127.00000000000000       0.19217355391128940        0.0000000000000000       0.51019999999999999       0.31780000000000003       0.13919999999999999        3.2800000000000003E-002
   128.00000000000000       0.19396770922088852        0.0000000000000000       0.51000000000000001       0.31780000000000003       0.13539999999999999        3.6799999999999999E-002
   129.00000000000000       0.18695990562636439        0.0000000000000000       0.51000000000000001       0.31780000000000003       0.13539999999999999        3.6799999999999999E-002
   130.00000000000000       0.17831771546524061        0.0000000000000000       0.51000000000000001       0.31780000000000003       0.13539999999999999        3.6799999999999999E-002
   131.00000000000000       0.16646789559527858        0.0000000000000000       0.50860000000000005       0.31780000000000003       0.13560000000000000        3.7999999999999999E-002
   132.00000000000000       0.15188210564307647        0.0000000000000000       0.50860000000000005       0.31780000000000003       0.13380000000000000        3.9800000000000002E-002
   133.00000000000000       0.13549076638293478        0.0000000000000000       0.50860000000000005       0.31780000000000003       0.13380000000000000        3.9800000000000002E-002
   134.00000000000000       0.11720096007294178        0.0000000000000000       0.50780000000000003       0.31780000000000003       0.13400000000000001        4.0399999999999998E-002
   135.00000000000000       0.10690536554370447        0.0000000000000000        0.0000000000000000       0.82520000000000004       0.13400000000000001        4.0800000000000003E-002
   136.00000000000000        8.1567624746305745E-002   0.0000000000000000        0.0000000000000000       0.82160000000000000       0.13560000000000000        4.2799999999999998E-002
   137.00000000000000        7.1610289741680516E-002   0.0000000000000000        0.0000000000000000       0.82160000000000000       0.13560000000000000        4.2799999999999998E-002
   138.00000000000000        6.2961223431584404E-002   0.0000000000000000        0.0000000000000000       0.81859999999999999       0.13860000000000000        4.2799999999999998E-002
   139.00000000000000        5.3925016377488075E-002   0.0000000000000000        0.0000000000000000       0.81499999999999995       0.14219999999999999        4.2799999999999998E-002
   140.00000000000000        4.6946218021612460E-002   0.0000000000000000        0.0000000000000000       0.81520000000000004       0.14199999999999999        4.2799999999999998E-002
   141.00000000000000        4.0230335899023806E-002   0.0000000000000000        0.0000000000000000       0.81479999999999997       0.14160000000000000        4.3600000000000000E-002
   142.00000000000000        3.5191461511698004E-002   0.0000000000000000        0.0000000000000000       0.81259999999999999       0.14160000000000000        4.5800000000000000E-002
   143.00000000000000        3.0394256186332416E-002   0.0000000000000000        0.0000000000000000       0.81259999999999999       0.14160000000000000        4.5800000000000000E-002
   144.00000000000000        2.7817076727747327E-002   0.0000000000000000        0.0000000000000000       0.81140000000000001       0.14080000000000001        4.7800000000000002E-002
   145.00000000000000        2.2589160884745482E-002   0.0000000000000000        0.0000000000000000       0.81140000000000001       0.14099999999999999        4.7600000000000003E-002
   146.00000000000000        2.6396245337678845E-002   0.0000000000000000        0.0000000000000000       0.81140000000000001       0.13900000000000001        4.9599999999999998E-002
   147.00000000000000        1.6551539424057772E-002   0.0000000000000000        0.0000000000000000       0.81059999999999999       0.13919999999999999        5.0200000000000002E-002
   148.00000000000000       -2.6105715713523759E-002   0.0000000000000000        0.0000000000000000       0.81000000000000005       0.13980000000000001        5.0200000000000002E-002
   149.00000000000000        4.8683603322107041E-002   0.0000000000000000        2.0000000000000001E-004  0.80879999999999996       0.14000000000000001        5.0999999999999997E-002
   150.00000000000000        1.1076259239841242E-002   0.0000000000000000        2.0000000000000001E-004  0.80879999999999996       0.14000000000000001        5.0999999999999997E-002
   151.00000000000000       0.12827266534280868        0.0000000000000000        2.0000000000000001E-004  0.80859999999999999       0.12440000000000000        6.6799999999999998E-002
   152.00000000000000        2.3068342720505144E-002   0.0000000000000000        2.0000000000000001E-004  0.80820000000000003       0.12280000000000001        6.8800000000000000E-002
   153.00000000000000        7.8951209362847843E-003   0.0000000000000000        2.0000000000000001E-004  0.80720000000000003       0.11620000000000000        7.6399999999999996E-002
   154.00000000000000        7.6822739422380826E-003   0.0000000000000000        2.0000000000000001E-004  0.80720000000000003       0.11140000000000000        8.1199999999999994E-002
   155.00000000000000        4.5894648868800396E-003   0.0000000000000000        1.3400000000000000E-002  0.79400000000000004       0.11140000000000000        8.1199999999999994E-002
   156.00000000000000        1.3349080927781799E-002   0.0000000000000000        1.3400000000000000E-002  0.79400000000000004       0.11140000000000000        8.1199999999999994E-002
   157.00000000000000        4.4044323458870827E-002   0.0000000000000000        1.3400000000000000E-002  0.79400000000000004       0.11140000000000000        8.1199999999999994E-002
   158.00000000000000        7.2024616493104140E-002   0.0000000000000000        1.3400000000000000E-002  0.79400000000000004       0.11020000000000001        8.2400000000000001E-002
   159.00000000000000        9.5955676145707436E-002   0.0000000000000000        1.3400000000000000E-002  0.79400000000000004       0.11020000000000001        8.2400000000000001E-002
   160.00000000000000       0.11538539461698577        0.0000000000000000        1.3200000000000000E-002  0.79400000000000004       0.11020000000000001        8.2600000000000007E-002
   161.00000000000000       0.13188463762579289        0.0000000000000000        1.3200000000000000E-002  0.79400000000000004       0.10979999999999999        8.3000000000000004E-002
   162.00000000000000       0.14089973749472584        0.0000000000000000        1.3200000000000000E-002  0.79400000000000004       0.10580000000000001        8.6999999999999994E-002
   163.00000000000000       0.14337054263884580        0.0000000000000000        1.3200000000000000E-002  0.79400000000000004       0.10580000000000001        8.6999999999999994E-002
   164.00000000000000       0.14165150184764716        0.0000000000000000        1.3200000000000000E-002  0.79400000000000004       0.10580000000000001        8.6999999999999994E-002
   165.00000000000000       0.13460197220002315        2.0000000000000001E-004   1.2999999999999999E-002  0.79400000000000004       0.10580000000000001        8.6999999999999994E-002
   166.00000000000000       0.12288707161664153        2.0000000000000001E-004   1.2999999999999999E-002  0.79400000000000004       0.10580000000000001        8.6999999999999994E-002
   167.00000000000000       0.10698207658763902        2.0000000000000001E-004   1.2999999999999999E-002  0.79400000000000004       0.10560000000000000        8.7200000000000000E-002
   168.00000000000000        8.7600188044754848E-002   2.0000000000000001E-004   1.2999999999999999E-002  0.79400000000000004       0.10020000000000000        9.2600000000000002E-002
   169.00000000000000        6.5611949121036697E-002   2.0000000000000001E-004   1.2999999999999999E-002  0.79400000000000004        9.4799999999999995E-002   9.8000000000000004E-002
   170.00000000000000        4.1042202168286718E-002   2.0000000000000001E-004   1.2999999999999999E-002  0.79400000000000004        9.5200000000000007E-002   9.7600000000000006E-002
   171.00000000000000        1.5344440488705275E-002   2.0000000000000001E-004   1.2999999999999999E-002  0.79400000000000004        9.5200000000000007E-002   9.7600000000000006E-002
   172.00000000000000       -1.0578128132352583E-002   1.1999999999999999E-003   2.0400000000000001E-002  0.78500000000000003        9.5600000000000004E-002   9.7799999999999998E-002
   173.00000000000000       -2.4452446756125411E-002   1.8000000000000000E-003   2.0400000000000001E-002  0.78380000000000005        9.3799999999999994E-002  0.10020000000000000     
   174.00000000000000       -2.6531083295917576E-002   2.2000000000000001E-003   2.0400000000000001E-002  0.77939999999999998        9.6600000000000005E-002  0.10140000000000000     
   175.00000000000000       -2.9785674522744089E-002   1.0000000000000000E-002   1.1800000000000000E-002  0.77659999999999996       0.10040000000000000       0.10120000000000000     
   176.00000000000000       -3.3112213875901228E-002   1.0000000000000000E-002   1.0200000000000001E-002  0.77259999999999995       0.10180000000000000       0.10539999999999999     
   177.00000000000000       -3.7681571053002613E-002   1.0000000000000000E-002   1.0200000000000001E-002  0.76900000000000002       0.10380000000000000       0.10700000000000000     
   178.00000000000000       -4.5916080545643133E-002   1.0000000000000000E-002   9.7999999999999997E-003  0.76939999999999997       0.10199999999999999       0.10879999999999999     
   179.00000000000000       -5.0072531965667369E-002   1.0000000000000000E-002   9.7999999999999997E-003  0.76919999999999999       0.10220000000000000       0.10879999999999999     
   180.00000000000000       -5.6964532132678887E-002   1.9800000000000002E-002   2.0000000000000001E-004  0.76880000000000004       0.10260000000000000       0.10860000000000000     
   181.00000000000000       -6.3129441001964853E-002   1.9800000000000002E-002   2.0000000000000001E-004  0.76839999999999997       0.10160000000000000       0.11000000000000000     
   182.00000000000000       -6.9745194679094846E-002   1.9800000000000002E-002   2.0000000000000001E-004  0.76759999999999995       0.10240000000000000       0.11000000000000000     
   183.00000000000000       -7.5982143684470121E-002   1.9599999999999999E-002   2.3400000000000001E-002  0.74339999999999995       0.10340000000000001       0.11020000000000001     
   184.00000000000000       -7.5211893305107053E-002   1.9599999999999999E-002   2.3400000000000001E-002  0.74339999999999995       0.10320000000000000       0.11040000000000000     
   185.00000000000000       -5.6530964870550607E-002   1.9599999999999999E-002   2.3199999999999998E-002  0.74339999999999995       0.10340000000000001       0.11040000000000000     
   186.00000000000000       -3.6346897412758608E-002   1.9400000000000001E-002   2.3199999999999998E-002  0.74339999999999995       0.10400000000000000       0.11000000000000000     
   187.00000000000000       -1.4893788473793319E-002   1.9400000000000001E-002   2.3000000000000000E-002  0.74339999999999995       0.10420000000000000       0.11000000000000000     
   188.00000000000000        6.6403931824788702E-003   1.9199999999999998E-002   2.3000000000000000E-002  0.74339999999999995       0.10420000000000000       0.11020000000000001     
   189.00000000000000        2.7190912610442611E-002   1.9199999999999998E-002   2.3000000000000000E-002  0.74339999999999995       0.10460000000000000       0.10979999999999999     
   190.00000000000000        4.5472847641318356E-002   1.9199999999999998E-002   2.3000000000000000E-002  0.74339999999999995       0.10440000000000001       0.11000000000000000     
   191.00000000000000        6.1131496554425430E-002   1.9199999999999998E-002   2.3000000000000000E-002  0.74339999999999995       0.10320000000000000       0.11119999999999999     
   192.00000000000000        7.6881106512369762E-002   1.9000000000000000E-002   2.3199999999999998E-002  0.74339999999999995        9.7199999999999995E-002  0.11720000000000000     
   193.00000000000000        8.4935534933239382E-002   1.9000000000000000E-002   2.3199999999999998E-002  0.74339999999999995       0.11320000000000000       0.10120000000000000     
   194.00000000000000        8.7277520399401440E-002   1.9000000000000000E-002   2.3199999999999998E-002  0.74339999999999995       0.11300000000000000       0.10140000000000000     
   195.00000000000000        8.6886207922545436E-002   1.9000000000000000E-002   2.3199999999999998E-002  0.74339999999999995       0.11300000000000000       0.10140000000000000     
   196.00000000000000        8.1823705090355914E-002   1.9000000000000000E-002   2.3199999999999998E-002  0.74339999999999995       0.11280000000000000       0.10160000000000000     
   197.00000000000000        7.2995739544786428E-002   1.8400000000000000E-002   9.4000000000000004E-003  0.75560000000000005       0.11360000000000001       0.10299999999999999     
   198.00000000000000        6.3195332992280667E-002   1.7000000000000001E-002   9.4000000000000004E-003  0.75580000000000003       0.11380000000000000       0.10400000000000000     
   199.00000000000000        8.0418318888151819E-002   1.6799999999999999E-002   9.4000000000000004E-003  0.75519999999999998       0.11540000000000000       0.10320000000000000     
   200.00000000000000        9.6836528581583314E-002   2.0199999999999999E-002   6.0000000000000001E-003  0.75339999999999996       0.11700000000000001       0.10340000000000001     
   201.00000000000000       0.11090636360220074        2.0199999999999999E-002   5.7999999999999996E-003  0.75339999999999996       0.11720000000000000       0.10340000000000001     
   202.00000000000000       0.12244227299039964        2.0199999999999999E-002   5.7999999999999996E-003  0.75339999999999996       0.11720000000000000       0.10340000000000001     
   203.00000000000000       0.13351179781049941        2.0199999999999999E-002   5.7999999999999996E-003  0.75319999999999998       0.11760000000000000       0.10320000000000000     
   204.00000000000000       0.13928139580184531        2.0199999999999999E-002   5.5999999999999999E-003  0.75260000000000005       0.11840000000000001       0.10320000000000000     
   205.00000000000000       0.14437671796095508        1.9000000000000000E-002   6.7999999999999996E-003  0.75219999999999998       0.11820000000000000       0.10380000000000000     
   206.00000000000000       0.14713358242623947        1.8800000000000001E-002   6.7999999999999996E-003  0.75039999999999996       0.11780000000000000       0.10620000000000000     
   207.00000000000000       0.14737003043293434        1.7200000000000000E-002   8.3999999999999995E-003  0.74819999999999998       0.11799999999999999       0.10820000000000000     
   208.00000000000000       0.14392612633893065        1.7200000000000000E-002   8.3999999999999995E-003  0.74739999999999995       0.11880000000000000       0.10820000000000000     
   209.00000000000000       0.13765025285541754        1.7200000000000000E-002   8.3999999999999995E-003  0.74539999999999995       0.11720000000000000       0.11180000000000000     
   210.00000000000000       0.12976074092079798        1.7200000000000000E-002   8.3999999999999995E-003  0.73999999999999999       0.12300000000000000       0.11140000000000000     
   211.00000000000000       0.11795967572644148        1.7000000000000001E-002   7.1999999999999998E-003  0.74119999999999997       0.12360000000000000       0.11100000000000000     
   212.00000000000000       0.10389639407066673        1.7000000000000001E-002   7.1999999999999998E-003  0.74119999999999997       0.11940000000000001       0.11520000000000000     
   213.00000000000000        8.8103649714798810E-002   1.7000000000000001E-002   5.5999999999999999E-003  0.74260000000000004       0.12039999999999999       0.11440000000000000     
   214.00000000000000        7.0113101489536214E-002   1.7000000000000001E-002   5.7999999999999996E-003  0.74199999999999999       0.12080000000000000       0.11440000000000000     
   215.00000000000000        5.2186983929275288E-002   1.7000000000000001E-002   6.1999999999999998E-003  0.73860000000000003       0.11960000000000000       0.11860000000000000     
   216.00000000000000        3.2381858225703705E-002   1.7000000000000001E-002   6.6000000000000000E-003  0.73799999999999999       0.11980000000000000       0.11860000000000000     
