#        BMIN =   404
#        BMAX =   408
#     INIBAND =   406
#      NBANDS =   540
#         NSW =  2000
#       POTIM =   1.0
#        TEMP = 300.0
#    NAMDTINI =   795
#    NAMDTIME =  1000
#       NTRAJ =  5000
#        NELM =  1000
#       LHOLE =     T
#        LSHP =     T
#      LCPTXT =     T
#      RUNDIR = ../../run/
   1.0000000000000000       -9.6410724435194245E-002   0.0000000000000000        0.0000000000000000        1.0000000000000000        0.0000000000000000        0.0000000000000000     
   2.0000000000000000       -9.1201288750051623E-002   0.0000000000000000        0.0000000000000000        1.0000000000000000        0.0000000000000000        0.0000000000000000     
   3.0000000000000000       -8.5753624059447878E-002   0.0000000000000000        0.0000000000000000       0.99980000000000002        0.0000000000000000        2.0000000000000001E-004
   4.0000000000000000       -8.0108097045783450E-002   0.0000000000000000        0.0000000000000000       0.99980000000000002        0.0000000000000000        2.0000000000000001E-004
   5.0000000000000000       -7.4301583998228157E-002   0.0000000000000000        0.0000000000000000       0.99980000000000002        0.0000000000000000        2.0000000000000001E-004
   6.0000000000000000       -6.8109060084658460E-002   0.0000000000000000        0.0000000000000000       0.99919999999999998        5.9999999999999995E-004   2.0000000000000001E-004
   7.0000000000000000       -6.2304948231045217E-002   0.0000000000000000        0.0000000000000000       0.99880000000000002        1.0000000000000000E-003   2.0000000000000001E-004
   8.0000000000000000       -5.7245501334548740E-002   0.0000000000000000        0.0000000000000000       0.99819999999999998        1.6000000000000001E-003   2.0000000000000001E-004
   9.0000000000000000       -5.2452441552712753E-002   0.0000000000000000        0.0000000000000000       0.99800000000000000        1.8000000000000000E-003   2.0000000000000001E-004
   10.000000000000000       -4.7680345913383111E-002   0.0000000000000000        0.0000000000000000       0.99800000000000000        1.8000000000000000E-003   2.0000000000000001E-004
   11.000000000000000       -4.2324385767860635E-002   0.0000000000000000        0.0000000000000000       0.99800000000000000        1.8000000000000000E-003   2.0000000000000001E-004
   12.000000000000000       -3.5809302589699603E-002   0.0000000000000000        2.0000000000000001E-004  0.99719999999999998        2.0000000000000000E-003   5.9999999999999995E-004
   13.000000000000000       -2.3743847950238806E-002   0.0000000000000000        2.0000000000000001E-004  0.99719999999999998        2.0000000000000000E-003   5.9999999999999995E-004
   14.000000000000000       -3.6471967709330176E-003   0.0000000000000000        2.0000000000000001E-004  0.99719999999999998        2.0000000000000000E-003   5.9999999999999995E-004
   15.000000000000000        1.1633708562532204E-002   0.0000000000000000        2.0000000000000001E-004  0.99719999999999998        2.0000000000000000E-003   5.9999999999999995E-004
   16.000000000000000        2.2178890513928504E-002   0.0000000000000000        0.0000000000000000       0.99719999999999998        2.0000000000000000E-003   8.0000000000000004E-004
   17.000000000000000        2.6661269312212962E-002   0.0000000000000000        9.5600000000000004E-002  0.90159999999999996        2.0000000000000000E-003   8.0000000000000004E-004
   18.000000000000000        3.4246498172481321E-002   0.0000000000000000        9.5600000000000004E-002  0.90159999999999996        2.0000000000000000E-003   8.0000000000000004E-004
   19.000000000000000        4.6843973439450931E-002   0.0000000000000000        9.5600000000000004E-002  0.90159999999999996        2.0000000000000000E-003   8.0000000000000004E-004
   20.000000000000000        5.8565797240732166E-002   0.0000000000000000        9.5600000000000004E-002  0.90080000000000005        2.2000000000000001E-003   1.4000000000000000E-003
   21.000000000000000        6.8452842069086833E-002   0.0000000000000000        9.5600000000000004E-002  0.90080000000000005        2.2000000000000001E-003   1.4000000000000000E-003
   22.000000000000000        7.6408711000649512E-002   0.0000000000000000        9.5600000000000004E-002  0.90080000000000005        2.2000000000000001E-003   1.4000000000000000E-003
   23.000000000000000        8.2025053407483714E-002   2.0000000000000001E-004   9.4000000000000000E-002  0.90139999999999998        2.8000000000000000E-003   1.6000000000000001E-003
   24.000000000000000        8.5508894892914883E-002   2.0000000000000001E-004   9.4000000000000000E-002  0.90020000000000000        4.0000000000000001E-003   1.6000000000000001E-003
   25.000000000000000        8.7289827638769218E-002   2.0000000000000001E-004   9.3200000000000005E-002  0.89980000000000004        3.3999999999999998E-003   3.3999999999999998E-003
   26.000000000000000        8.4949532511402331E-002   2.0000000000000001E-004   9.2999999999999999E-002  0.89980000000000004        2.8000000000000000E-003   4.1999999999999997E-003
   27.000000000000000        7.9672132889878844E-002   2.0000000000000001E-004   9.2799999999999994E-002  0.89859999999999995        3.2000000000000002E-003   5.1999999999999998E-003
   28.000000000000000        7.0608961426153319E-002   2.0000000000000001E-004   9.1800000000000007E-002  0.89920000000000000        2.5999999999999999E-003   6.1999999999999998E-003
   29.000000000000000        5.8146774229534834E-002   2.0000000000000001E-004   9.1800000000000007E-002  0.89920000000000000        1.4000000000000000E-003   7.4000000000000003E-003
   30.000000000000000        4.2796657947353552E-002   2.0000000000000001E-004   9.1800000000000007E-002  0.89820000000000000        2.3999999999999998E-003   7.4000000000000003E-003
   31.000000000000000        2.5906301170597397E-002   2.0000000000000001E-004   8.7599999999999997E-002  0.90159999999999996        2.3999999999999998E-003   8.2000000000000007E-003
   32.000000000000000        5.9710401452641674E-003   2.0000000000000001E-004   8.7599999999999997E-002  0.90080000000000005        2.3999999999999998E-003   8.9999999999999993E-003
   33.000000000000000       -1.5046031132322887E-002   2.0000000000000001E-004   8.6400000000000005E-002  0.90159999999999996        2.5999999999999999E-003   9.1999999999999998E-003
   34.000000000000000       -3.8014048997265258E-002   2.0000000000000001E-004   8.6599999999999996E-002  0.90120000000000000        2.5999999999999999E-003   9.4000000000000004E-003
   35.000000000000000       -5.9510425250801031E-002   2.0000000000000001E-004   8.6599999999999996E-002  0.90080000000000005        2.5999999999999999E-003   9.7999999999999997E-003
   36.000000000000000       -8.1283327345194015E-002   2.0000000000000001E-004   8.6599999999999996E-002  0.90080000000000005        2.5999999999999999E-003   9.7999999999999997E-003
   37.000000000000000      -0.10232578637212085        1.5599999999999999E-002   7.1199999999999999E-002  0.90039999999999998        2.5999999999999999E-003   1.0200000000000001E-002
   38.000000000000000      -0.12021025378874593        1.5599999999999999E-002   7.1199999999999999E-002  0.90039999999999998        2.3999999999999998E-003   1.0400000000000000E-002
   39.000000000000000      -0.13437430262310524        1.5599999999999999E-002   7.1199999999999999E-002  0.90039999999999998        2.3999999999999998E-003   1.0400000000000000E-002
   40.000000000000000      -0.14580372282823617        1.5599999999999999E-002   6.9800000000000001E-002  0.90159999999999996        2.5999999999999999E-003   1.0400000000000000E-002
   41.000000000000000      -0.14051558050758434        1.5599999999999999E-002   6.9800000000000001E-002  0.90159999999999996        2.5999999999999999E-003   1.0400000000000000E-002
   42.000000000000000      -0.11339347448037770        1.5599999999999999E-002   6.9800000000000001E-002  0.90159999999999996        2.5999999999999999E-003   1.0400000000000000E-002
   43.000000000000000       -8.3258711241137109E-002   1.5599999999999999E-002   6.9800000000000001E-002  0.90159999999999996        2.5999999999999999E-003   1.0400000000000000E-002
   44.000000000000000       -5.7938791618137121E-002   1.5400000000000000E-002   6.9800000000000001E-002  0.90180000000000005        2.5999999999999999E-003   1.0400000000000000E-002
   45.000000000000000       -3.7770413482613535E-002   2.8000000000000001E-002   5.7200000000000001E-002  0.90180000000000005        2.5999999999999999E-003   1.0400000000000000E-002
   46.000000000000000       -8.5175319430770419E-003   2.9999999999999999E-002   5.5199999999999999E-002  0.90180000000000005        2.5999999999999999E-003   1.0400000000000000E-002
   47.000000000000000        1.2195992322443906E-002   2.8000000000000001E-002   5.7200000000000001E-002  0.90220000000000000        2.0000000000000000E-003   1.0600000000000000E-002
   48.000000000000000        5.8598442209671642E-003   3.3599999999999998E-002   4.8000000000000001E-002  0.90400000000000003        2.0000000000000000E-003   1.2400000000000000E-002
   49.000000000000000       -2.9086213967502786E-003   0.0000000000000000        7.9600000000000004E-002  0.90380000000000005        2.0000000000000000E-003   1.4600000000000000E-002
   50.000000000000000       -1.1180052285116045E-002   0.0000000000000000        7.9600000000000004E-002  0.90380000000000005        2.0000000000000000E-003   1.4600000000000000E-002
   51.000000000000000       -1.5485861810015241E-002   0.0000000000000000        7.1199999999999999E-002  0.91139999999999999        2.0000000000000000E-003   1.5400000000000000E-002
   52.000000000000000       -1.5790495449528950E-002   0.0000000000000000        4.8800000000000003E-002  0.93259999999999998        2.0000000000000000E-003   1.6600000000000000E-002
   53.000000000000000       -1.7845340171014530E-002   0.0000000000000000        4.8200000000000000E-002  0.93300000000000005        2.0000000000000000E-003   1.6799999999999999E-002
   54.000000000000000       -1.5983962863019122E-002   0.0000000000000000        4.2000000000000003E-002  0.93820000000000003        2.0000000000000000E-003   1.7800000000000000E-002
   55.000000000000000       -1.2954617732024979E-002   0.0000000000000000        4.2000000000000003E-002  0.93040000000000000        9.7999999999999997E-003   1.7800000000000000E-002
   56.000000000000000       -4.0054301238836090E-002   0.0000000000000000        4.1799999999999997E-002  0.93040000000000000        1.0000000000000000E-002   1.7800000000000000E-002
   57.000000000000000       -7.3802222835115117E-002   0.0000000000000000        4.1799999999999997E-002  0.93040000000000000        1.0000000000000000E-002   1.7800000000000000E-002
   58.000000000000000      -0.11017800652117252        0.0000000000000000        4.1399999999999999E-002  0.93040000000000000        9.7999999999999997E-003   1.8400000000000000E-002
   59.000000000000000      -0.14846543002163365        0.0000000000000000        4.1399999999999999E-002  0.93040000000000000        9.4000000000000004E-003   1.8800000000000001E-002
   60.000000000000000      -0.18643757824556406        0.0000000000000000        4.1399999999999999E-002  0.93020000000000003        1.1800000000000000E-002   1.6600000000000000E-002
   61.000000000000000      -0.22728245476477110        0.0000000000000000       0.97160000000000002        0.0000000000000000        1.0000000000000000E-002   1.8400000000000000E-002
   62.000000000000000      -0.25916317632366520        1.7600000000000001E-002  0.91920000000000002        3.4400000000000000E-002   9.7999999999999997E-003   1.9000000000000000E-002
   63.000000000000000      -0.25939303737087249        1.7600000000000001E-002  0.85760000000000003        9.6000000000000002E-002   9.7999999999999997E-003   1.9000000000000000E-002
   64.000000000000000      -0.24045232957167115        1.8400000000000000E-002  0.85660000000000003        9.4200000000000006E-002   1.0800000000000001E-002   2.0000000000000000E-002
   65.000000000000000      -0.22185992040629868        1.4600000000000000E-002  0.94440000000000002        1.0200000000000001E-002   1.0800000000000001E-002   2.0000000000000000E-002
   66.000000000000000      -0.20874040604728775        1.2400000000000000E-002  0.94679999999999997        1.0000000000000000E-002   1.0800000000000001E-002   2.0000000000000000E-002
   67.000000000000000      -0.19569568320545155        1.2400000000000000E-002  0.94679999999999997        1.0000000000000000E-002   1.0800000000000001E-002   2.0000000000000000E-002
   68.000000000000000      -0.18135837043257394        1.2400000000000000E-002  0.94579999999999997        1.0999999999999999E-002   1.0600000000000000E-002   2.0199999999999999E-002
   69.000000000000000      -0.16512732117758491        1.2400000000000000E-002  0.94460000000000000        1.0999999999999999E-002   1.1800000000000000E-002   2.0199999999999999E-002
   70.000000000000000      -0.14783276946236806        1.2400000000000000E-002  0.93620000000000003        1.9400000000000001E-002   1.1599999999999999E-002   2.0400000000000001E-002
   71.000000000000000      -0.12908207348852604        1.2400000000000000E-002  0.92959999999999998        2.3599999999999999E-002   1.2400000000000000E-002   2.1999999999999999E-002
   72.000000000000000      -0.11099879218675329        1.2400000000000000E-002  0.92840000000000000        2.4400000000000002E-002   1.2200000000000001E-002   2.2599999999999999E-002
   73.000000000000000       -9.2454428064524016E-002   1.2400000000000000E-002  0.92420000000000002        2.7199999999999998E-002   1.3599999999999999E-002   2.2599999999999999E-002
   74.000000000000000       -7.4677436918341583E-002   1.2400000000000000E-002  0.92400000000000004        2.7199999999999998E-002   1.3599999999999999E-002   2.2800000000000001E-002
   75.000000000000000       -5.7210184147609998E-002   1.2400000000000000E-002  0.91940000000000000        3.1600000000000003E-002   1.3800000000000000E-002   2.2800000000000001E-002
   76.000000000000000       -4.0467058366965590E-002   0.0000000000000000       0.92959999999999998        3.1199999999999999E-002   1.4000000000000000E-002   2.5200000000000000E-002
   77.000000000000000        2.6550114217767998E-003   0.0000000000000000       0.92940000000000000        3.1399999999999997E-002   1.4000000000000000E-002   2.5200000000000000E-002
   78.000000000000000        5.7200670375512283E-002   0.0000000000000000       0.75160000000000005       0.20899999999999999        1.4000000000000000E-002   2.5399999999999999E-002
   79.000000000000000        9.5530943808846497E-002   0.0000000000000000       0.75039999999999996       0.20960000000000001        1.4600000000000000E-002   2.5399999999999999E-002
   80.000000000000000       0.11323562775606175        0.0000000000000000       0.75000000000000000       0.20979999999999999        1.4800000000000001E-002   2.5399999999999999E-002
   81.000000000000000       0.12829843131122151        0.0000000000000000       0.74580000000000002       0.20979999999999999        1.9000000000000000E-002   2.5399999999999999E-002
   82.000000000000000       0.14237270435376809        8.0000000000000004E-004  0.74360000000000004       0.20979999999999999        1.9000000000000000E-002   2.6800000000000001E-002
   83.000000000000000       0.15265323927870428        8.0000000000000004E-004  0.74360000000000004       0.20979999999999999        1.9000000000000000E-002   2.6800000000000001E-002
   84.000000000000000       0.16103537756461278        8.0000000000000004E-004  0.74319999999999997       0.20979999999999999        1.9000000000000000E-002   2.7199999999999998E-002
   85.000000000000000       0.16914188604303099        5.9999999999999995E-004  0.74239999999999995       0.20979999999999999        1.9599999999999999E-002   2.7600000000000000E-002
   86.000000000000000       0.17441261271398256        1.1999999999999999E-003  0.74180000000000001       0.20979999999999999        1.8599999999999998E-002   2.8600000000000000E-002
   87.000000000000000       0.17968097809241243        1.1999999999999999E-003  0.74080000000000001       0.20979999999999999        1.8800000000000001E-002   2.9399999999999999E-002
   88.000000000000000       0.18347405703786029        1.1999999999999999E-003  0.76160000000000005       0.18880000000000000        1.9000000000000000E-002   2.9399999999999999E-002
   89.000000000000000       0.17852913029874395        1.0000000000000000E-003  0.76160000000000005       0.18800000000000000        1.9000000000000000E-002   3.0400000000000000E-002
   90.000000000000000       0.15339233191892390        2.5999999999999999E-003  0.75400000000000000       0.19320000000000001        1.7399999999999999E-002   3.2800000000000003E-002
   91.000000000000000       0.14460707942469531        2.5999999999999999E-003  0.75419999999999998       0.19280000000000000        1.7600000000000001E-002   3.2800000000000003E-002
   92.000000000000000       0.15417243460160387        2.5999999999999999E-003  0.75419999999999998       0.19280000000000000        1.7600000000000001E-002   3.2800000000000003E-002
   93.000000000000000       0.16573231077809461        2.0000000000000000E-003  0.75200000000000000       0.19520000000000001        1.7600000000000001E-002   3.3200000000000000E-002
   94.000000000000000       0.17858661283029154        2.0000000000000000E-003  0.75200000000000000       0.19520000000000001        1.7600000000000001E-002   3.3200000000000000E-002
   95.000000000000000       0.19197498755059131        1.1999999999999999E-003  0.75280000000000002       0.19300000000000000        1.9800000000000002E-002   3.3200000000000000E-002
   96.000000000000000       0.20732088360102716        1.1999999999999999E-003  0.75200000000000000       0.19280000000000000        2.0400000000000001E-002   3.3599999999999998E-002
   97.000000000000000       0.23113406749938206        1.1999999999999999E-003  0.75200000000000000       0.19259999999999999        2.0600000000000000E-002   3.3599999999999998E-002
   98.000000000000000       0.23909158943983505        1.1999999999999999E-003  0.73080000000000001       0.21360000000000001        2.0600000000000000E-002   3.3799999999999997E-002
   99.000000000000000       0.27282154049683438        1.1999999999999999E-003  0.71499999999999997       0.22919999999999999        2.0799999999999999E-002   3.3799999999999997E-002
   100.00000000000000       0.27339886392316587        1.0000000000000000E-003  0.71519999999999995       0.22900000000000001        2.0799999999999999E-002   3.4000000000000002E-002
   101.00000000000000       0.29478456911849843        1.0000000000000000E-003  0.71379999999999999       0.22900000000000001        2.2200000000000001E-002   3.4000000000000002E-002
   102.00000000000000       0.31936805499806470        5.9999999999999995E-004  0.74360000000000004       0.19960000000000000        2.2200000000000001E-002   3.4000000000000002E-002
   103.00000000000000       0.33597557233118608        5.9999999999999995E-004  0.72280000000000000       0.21920000000000001        2.3400000000000001E-002   3.4000000000000002E-002
   104.00000000000000       0.24875293186867839        0.0000000000000000       0.66400000000000003       0.27620000000000000        2.5399999999999999E-002   3.4400000000000000E-002
   105.00000000000000       0.33651421561549033        0.0000000000000000       0.66459999999999997       0.27139999999999997        2.8400000000000002E-002   3.5600000000000000E-002
   106.00000000000000       0.14760537923740100        0.0000000000000000       0.64480000000000004       0.29060000000000002        2.8000000000000001E-002   3.6600000000000001E-002
   107.00000000000000       0.36617814838180018        0.0000000000000000       0.64480000000000004       0.29060000000000002        2.7799999999999998E-002   3.6799999999999999E-002
   108.00000000000000       0.36949242214798950        0.0000000000000000       0.64459999999999995       0.29060000000000002        2.7799999999999998E-002   3.6999999999999998E-002
   109.00000000000000       0.35482519357489462        0.0000000000000000       0.63880000000000003       0.29499999999999998        2.9200000000000000E-002   3.6999999999999998E-002
   110.00000000000000       0.33346488391061491        0.0000000000000000       0.62900000000000000       0.30340000000000000        3.0200000000000001E-002   3.7400000000000003E-002
   111.00000000000000       0.43811421027164565        0.0000000000000000       0.62900000000000000       0.30340000000000000        3.0200000000000001E-002   3.7400000000000003E-002
   112.00000000000000       0.34312386545966805        0.0000000000000000       0.62660000000000005       0.30580000000000002        3.0200000000000001E-002   3.7400000000000003E-002
   113.00000000000000       0.33658930904771239        0.0000000000000000       0.62580000000000002       0.30580000000000002        3.1000000000000000E-002   3.7400000000000003E-002
   114.00000000000000       0.31009774975570925        1.4000000000000000E-003  0.62339999999999995       0.30540000000000000        3.1600000000000003E-002   3.8199999999999998E-002
   115.00000000000000       0.19430025794288336        1.1999999999999999E-003  0.62380000000000002       0.30359999999999998        3.3200000000000000E-002   3.8199999999999998E-002
   116.00000000000000       0.43392005365187369        8.0000000000000004E-004  0.61839999999999995       0.29759999999999998        3.5600000000000000E-002   4.7600000000000003E-002
   117.00000000000000       0.45129732620969382        8.0000000000000004E-004  0.61580000000000001       0.29420000000000002        3.6999999999999998E-002   5.2200000000000003E-002
   118.00000000000000       0.42894701821023612        8.0000000000000004E-004  0.61280000000000001       0.29099999999999998        3.5000000000000003E-002   6.0400000000000002E-002
   119.00000000000000       0.45825377889216440        1.6000000000000001E-003  0.41520000000000001       0.47199999999999998        4.9799999999999997E-002   6.1400000000000003E-002
   120.00000000000000       0.28991136867714001        1.6000000000000001E-003  0.41420000000000001       0.47180000000000000        5.0599999999999999E-002   6.1800000000000001E-002
   121.00000000000000       0.27470632254149013        1.6000000000000001E-003  0.39639999999999997       0.48659999999999998        5.0999999999999997E-002   6.4399999999999999E-002
   122.00000000000000       0.25534516406918523        1.6000000000000001E-003  0.39700000000000002       0.48580000000000001        5.1200000000000002E-002   6.4399999999999999E-002
   123.00000000000000       0.23691770092563841        1.6000000000000001E-003  0.39579999999999999       0.48340000000000000        5.2200000000000003E-002   6.7000000000000004E-002
   124.00000000000000       0.21545502827781815        1.4000000000000000E-003  0.39579999999999999       0.48299999999999998        5.2800000000000000E-002   6.7000000000000004E-002
   125.00000000000000       0.19415731513232434        1.4000000000000000E-003  0.39360000000000001       0.48459999999999998        5.1999999999999998E-002   6.8400000000000002E-002
   126.00000000000000       0.17259956397603765        3.0000000000000001E-003  0.39219999999999999       0.48359999999999997        5.3199999999999997E-002   6.8000000000000005E-002
   127.00000000000000       0.15238564903667617        3.0000000000000001E-003  0.38019999999999998       0.49280000000000002        5.6399999999999999E-002   6.7599999999999993E-002
   128.00000000000000       0.13231946411796555        4.4000000000000003E-003  0.36659999999999998       0.50439999999999996        5.6200000000000000E-002   6.8400000000000002E-002
   129.00000000000000       0.11152016809724809        4.1999999999999997E-003  0.36340000000000000       0.50760000000000005        5.6800000000000003E-002   6.8000000000000005E-002
   130.00000000000000        9.1893211373013317E-002   4.5999999999999999E-003  0.36159999999999998       0.50739999999999996        5.1400000000000001E-002   7.4999999999999997E-002
   131.00000000000000        7.1704678647069350E-002   4.5999999999999999E-003  0.36059999999999998       0.50700000000000001        5.1400000000000001E-002   7.6399999999999996E-002
   132.00000000000000        5.1833709149146409E-002   4.4000000000000003E-003  0.35720000000000002       0.50839999999999996        5.0000000000000003E-002   8.0000000000000002E-002
   133.00000000000000        3.3381168038091824E-002   5.7999999999999996E-003  0.35659999999999997       0.50019999999999998        5.5599999999999997E-002   8.1799999999999998E-002
   134.00000000000000        1.5290163847836775E-002   4.5999999999999999E-003  0.34079999999999999       0.51339999999999997        5.5399999999999998E-002   8.5800000000000001E-002
   135.00000000000000       -4.0649924997402907E-003   4.4000000000000003E-003  0.33879999999999999       0.51319999999999999        5.6000000000000001E-002   8.7599999999999997E-002
   136.00000000000000       -2.1793727074742086E-002   4.1999999999999997E-003  0.33600000000000002       0.51139999999999997        5.7200000000000001E-002   9.1200000000000003E-002
   137.00000000000000       -4.0305153970429095E-002   4.1999999999999997E-003  0.33720000000000000       0.50800000000000001        5.9400000000000001E-002   9.1200000000000003E-002
   138.00000000000000       -5.7587077254192702E-002   5.4000000000000003E-003  0.32960000000000000       0.51280000000000003        6.0999999999999999E-002   9.1200000000000003E-002
   139.00000000000000       -7.3298717329789417E-002   5.4000000000000003E-003  0.31459999999999999       0.52780000000000005        6.0800000000000000E-002   9.1399999999999995E-002
   140.00000000000000       -8.7315749685384414E-002   3.2000000000000002E-003  0.29940000000000000       0.54500000000000004        6.0800000000000000E-002   9.1600000000000001E-002
   141.00000000000000       -8.7448706831572423E-002   7.7999999999999996E-003   2.9399999999999999E-002  0.81040000000000001        6.0199999999999997E-002   9.2200000000000004E-002
   142.00000000000000       -8.6336846479080492E-002   8.2000000000000007E-003   2.9000000000000001E-002  0.81040000000000001        6.0199999999999997E-002   9.2200000000000004E-002
   143.00000000000000       -6.5779225472039460E-002   8.2000000000000007E-003   2.9000000000000001E-002  0.81040000000000001        5.9200000000000003E-002   9.3200000000000005E-002
   144.00000000000000       -4.5083802876056289E-002   8.2000000000000007E-003   2.9000000000000001E-002  0.81040000000000001        5.8999999999999997E-002   9.3399999999999997E-002
   145.00000000000000       -2.4376107313438769E-002   8.2000000000000007E-003   2.9000000000000001E-002  0.81040000000000001        5.8200000000000002E-002   9.4200000000000006E-002
   146.00000000000000       -7.8609514262578360E-003   8.2000000000000007E-003   2.9000000000000001E-002  0.81040000000000001        5.8200000000000002E-002   9.4200000000000006E-002
   147.00000000000000        7.5179787121339887E-003   8.2000000000000007E-003   2.9000000000000001E-002  0.81040000000000001        5.8000000000000003E-002   9.4399999999999998E-002
   148.00000000000000        1.8641943042580211E-002   8.2000000000000007E-003   2.9000000000000001E-002  0.81040000000000001        5.8000000000000003E-002   9.4399999999999998E-002
   149.00000000000000        2.5299726354400923E-002   8.0000000000000002E-003   2.9000000000000001E-002  0.81040000000000001        5.8000000000000003E-002   9.4600000000000004E-002
   150.00000000000000        2.7857489391194878E-002   8.0000000000000002E-003   2.9000000000000001E-002  0.81040000000000001        5.7599999999999998E-002   9.5000000000000001E-002
   151.00000000000000        5.5559494014594639E-003   8.0000000000000002E-003  0.78879999999999995        5.0200000000000002E-002   5.7400000000000000E-002   9.5600000000000004E-002
   152.00000000000000        1.8783037951098903E-002   8.0000000000000002E-003  0.78879999999999995        5.0200000000000002E-002   5.7400000000000000E-002   9.5600000000000004E-002
   153.00000000000000        7.9031321655320154E-003   8.0000000000000002E-003  0.78879999999999995        4.9799999999999997E-002   5.7400000000000000E-002   9.6000000000000002E-002
   154.00000000000000       -7.4413991356320069E-003   8.0000000000000002E-003  0.78879999999999995        4.9799999999999997E-002   5.7400000000000000E-002   9.6000000000000002E-002
   155.00000000000000       -2.6583772718645114E-002   4.8399999999999999E-002  0.74819999999999998        4.9799999999999997E-002   5.7000000000000002E-002   9.6600000000000005E-002
   156.00000000000000       -3.6534748501452843E-003   4.8399999999999999E-002  0.74560000000000004        5.1200000000000002E-002   5.6399999999999999E-002   9.8400000000000001E-002
   157.00000000000000        2.0281238367762251E-002   4.7399999999999998E-002  0.74419999999999997        5.0799999999999998E-002   5.5399999999999998E-002  0.10220000000000000     
   158.00000000000000        4.5971343727669332E-002   4.7600000000000003E-002  0.74139999999999995        5.2999999999999999E-002   5.1400000000000001E-002  0.10660000000000000     
   159.00000000000000        7.1428596707110520E-002   4.7600000000000003E-002  0.73860000000000003        5.1400000000000001E-002   5.2999999999999999E-002  0.10940000000000000     
   160.00000000000000        9.6558446682015853E-002   4.6399999999999997E-002  0.72919999999999996        5.9600000000000000E-002   5.3199999999999997E-002  0.11160000000000000     
   161.00000000000000       0.11802390623920139        4.5199999999999997E-002  0.73040000000000005        5.8799999999999998E-002   5.3800000000000001E-002  0.11180000000000000     
   162.00000000000000       0.13679445299142481        4.5199999999999997E-002  0.73040000000000005        5.8799999999999998E-002   5.3800000000000001E-002  0.11180000000000000     
   163.00000000000000       0.15427299631818020        4.3999999999999997E-002  0.73140000000000005        5.7200000000000001E-002   5.4199999999999998E-002  0.11320000000000000     
   164.00000000000000       0.16839907970482060        4.3799999999999999E-002  0.72780000000000000        5.8599999999999999E-002   5.6399999999999999E-002  0.11340000000000000     
   165.00000000000000       0.17708169668443180        4.3799999999999999E-002  0.72480000000000000        5.8999999999999997E-002   5.8999999999999997E-002  0.11340000000000000     
   166.00000000000000       0.19452594855485930        4.2000000000000003E-002  0.72019999999999995        6.1800000000000001E-002   6.0999999999999999E-002  0.11500000000000000     
   167.00000000000000       0.19301178862717183        4.2000000000000003E-002  0.72040000000000004        6.1400000000000003E-002   6.1199999999999997E-002  0.11500000000000000     
   168.00000000000000       0.19002902092455029        4.1399999999999999E-002  0.70999999999999996        7.1199999999999999E-002   6.1400000000000003E-002  0.11600000000000001     
   169.00000000000000       0.18703323592526772        4.1200000000000001E-002  0.70999999999999996        7.1199999999999999E-002   6.1199999999999997E-002  0.11640000000000000     
   170.00000000000000       0.18350273687556426        4.0800000000000003E-002  0.69640000000000002        8.4400000000000003E-002   6.1199999999999997E-002  0.11720000000000000     
   171.00000000000000       0.16808888413860013        4.0800000000000003E-002  0.68659999999999999        9.4200000000000006E-002   5.9999999999999998E-002  0.11840000000000001     
   172.00000000000000       0.15569621229562303        4.0800000000000003E-002  0.68659999999999999        9.4200000000000006E-002   5.9999999999999998E-002  0.11840000000000001     
   173.00000000000000       0.13968545550318706        4.0800000000000003E-002  0.68500000000000005        9.4399999999999998E-002   6.1199999999999997E-002  0.11860000000000000     
   174.00000000000000       0.12164702712470798        4.0800000000000003E-002  0.68320000000000003        9.3799999999999994E-002   6.3399999999999998E-002  0.11880000000000000     
   175.00000000000000       0.10155534147214920        4.0800000000000003E-002  0.68320000000000003        9.3600000000000003E-002   6.3600000000000004E-002  0.11880000000000000     
   176.00000000000000        8.1661467672999005E-002   4.0800000000000003E-002  0.68100000000000005        9.5200000000000007E-002   6.3200000000000006E-002  0.11980000000000000     
   177.00000000000000        6.4842372422421440E-002   0.0000000000000000       0.71960000000000002        9.5200000000000007E-002   6.5400000000000000E-002  0.11980000000000000     
   178.00000000000000        7.4528293420575695E-002   0.0000000000000000       0.71960000000000002        9.4399999999999998E-002   6.6199999999999995E-002  0.11980000000000000     
   179.00000000000000       0.10733908633272782        0.0000000000000000       0.71960000000000002        9.4399999999999998E-002   6.6199999999999995E-002  0.11980000000000000     
   180.00000000000000       0.13705058583570129        0.0000000000000000       0.71960000000000002        9.4200000000000006E-002   6.6199999999999995E-002  0.12000000000000000     
   181.00000000000000       0.16306917738985541        0.0000000000000000       0.71960000000000002        9.4200000000000006E-002   6.5000000000000002E-002  0.12120000000000000     
   182.00000000000000       0.18415937629781648        0.0000000000000000       0.71960000000000002        9.4200000000000006E-002   6.5000000000000002E-002  0.12120000000000000     
   183.00000000000000       0.20351791446319903        0.0000000000000000       0.56840000000000002       0.24540000000000001        6.5000000000000002E-002  0.12120000000000000     
   184.00000000000000       0.20542135451627383        0.0000000000000000       0.56640000000000001       0.24540000000000001        6.5000000000000002E-002  0.12320000000000000     
   185.00000000000000       0.19674315154158067        0.0000000000000000       0.56320000000000003       0.24540000000000001        6.3600000000000004E-002  0.12780000000000000     
   186.00000000000000       0.18687956294565283        0.0000000000000000       0.56259999999999999       0.24540000000000001        6.2399999999999997E-002  0.12959999999999999     
   187.00000000000000       0.17378085341776278        0.0000000000000000       0.56240000000000001       0.24540000000000001        6.1800000000000001E-002  0.13039999999999999     
   188.00000000000000       0.15917239788306314        0.0000000000000000       0.56020000000000003       0.24540000000000001        6.2199999999999998E-002  0.13220000000000001     
   189.00000000000000       0.14336190898416390        0.0000000000000000       0.55979999999999996       0.24540000000000001        6.2600000000000003E-002  0.13220000000000001     
   190.00000000000000       0.12622352230487519        0.0000000000000000       0.55920000000000003       0.24540000000000001        6.2199999999999998E-002  0.13320000000000001     
   191.00000000000000       0.11877064049231975        0.0000000000000000        0.0000000000000000       0.80420000000000003        6.2199999999999998E-002  0.13360000000000000     
   192.00000000000000        9.4412316072907537E-002   0.0000000000000000        0.0000000000000000       0.79859999999999998        6.4600000000000005E-002  0.13680000000000000     
   193.00000000000000        8.4718786069995250E-002   0.0000000000000000        0.0000000000000000       0.79859999999999998        6.4600000000000005E-002  0.13680000000000000     
   194.00000000000000        7.6507869582019300E-002   0.0000000000000000        0.0000000000000000       0.79579999999999995        6.5600000000000006E-002  0.13860000000000000     
   195.00000000000000        6.8170360657619972E-002   0.0000000000000000        0.0000000000000000       0.79239999999999999        6.5000000000000002E-002  0.14260000000000000     
   196.00000000000000        6.1710021018672186E-002   0.0000000000000000        0.0000000000000000       0.79220000000000002        6.4000000000000001E-002  0.14380000000000001     
   197.00000000000000        5.5177407391668966E-002   0.0000000000000000        0.0000000000000000       0.79200000000000004        6.4199999999999993E-002  0.14380000000000001     
   198.00000000000000        5.0307256450779103E-002   0.0000000000000000        0.0000000000000000       0.79059999999999997        6.3000000000000000E-002  0.14640000000000000     
   199.00000000000000        4.5874098447597413E-002   0.0000000000000000        0.0000000000000000       0.79059999999999997        6.1800000000000001E-002  0.14760000000000001     
   200.00000000000000        4.3855157591323551E-002   0.0000000000000000        0.0000000000000000       0.78800000000000003        6.1800000000000001E-002  0.15020000000000000     
   201.00000000000000        3.9046887205682258E-002   0.0000000000000000        0.0000000000000000       0.78800000000000003        5.9799999999999999E-002  0.15220000000000000     
   202.00000000000000        4.3310308170022523E-002   0.0000000000000000        0.0000000000000000       0.78659999999999997        5.9799999999999999E-002  0.15359999999999999     
   203.00000000000000        3.3812332329888742E-002   0.0000000000000000        0.0000000000000000       0.78500000000000003        6.1199999999999997E-002  0.15379999999999999     
   204.00000000000000       -8.0705417076912742E-003   0.0000000000000000        0.0000000000000000       0.78400000000000003        5.7799999999999997E-002  0.15820000000000001     
   205.00000000000000        6.7196912602806205E-002   0.0000000000000000        0.0000000000000000       0.78259999999999996        5.7599999999999998E-002  0.15980000000000000     
   206.00000000000000        3.0656701221387306E-002   0.0000000000000000        0.0000000000000000       0.77980000000000005        6.0400000000000002E-002  0.15980000000000000     
   207.00000000000000       0.14697066845567658        0.0000000000000000        0.0000000000000000       0.77759999999999996        6.3000000000000000E-002  0.15939999999999999     
   208.00000000000000        4.1903972763918454E-002   0.0000000000000000        0.0000000000000000       0.77759999999999996        6.3000000000000000E-002  0.15939999999999999     
   209.00000000000000        2.6077174191166123E-002   0.0000000000000000        2.0000000000000001E-004  0.77700000000000002        6.3000000000000000E-002  0.15980000000000000     
   210.00000000000000        2.5626510543177168E-002   0.0000000000000000        2.0000000000000001E-004  0.77700000000000002        6.3000000000000000E-002  0.15980000000000000     
   211.00000000000000        2.0000463496008446E-002   0.0000000000000000       0.10500000000000000       0.67220000000000002        6.3000000000000000E-002  0.15980000000000000     
   212.00000000000000        3.0255394321835345E-002   0.0000000000000000       0.10460000000000000       0.67220000000000002        6.3600000000000004E-002  0.15959999999999999     
   213.00000000000000        5.6110457910928807E-002   0.0000000000000000       0.10460000000000000       0.67220000000000002        6.3200000000000006E-002  0.16000000000000000     
   214.00000000000000        7.9673104178364387E-002   0.0000000000000000       0.10440000000000001       0.67220000000000002        6.2199999999999998E-002  0.16120000000000001     
   215.00000000000000        9.9654897687690730E-002   0.0000000000000000       0.10440000000000001       0.67220000000000002        6.2199999999999998E-002  0.16120000000000001     
   216.00000000000000       0.11597553313270767        0.0000000000000000       0.10440000000000001       0.67220000000000002        6.0199999999999997E-002  0.16320000000000001     
