#        BMIN =   404
#        BMAX =   408
#     INIBAND =   406
#      NBANDS =   540
#         NSW =  2000
#       POTIM =   1.0
#        TEMP = 300.0
#    NAMDTINI =   110
#    NAMDTIME =  1000
#       NTRAJ =  5000
#        NELM =  1000
#       LHOLE =     T
#        LSHP =     T
#      LCPTXT =     T
#      RUNDIR = ../../run/
   1.0000000000000000       0.10328836718882853        0.0000000000000000        0.0000000000000000        1.0000000000000000        0.0000000000000000        0.0000000000000000     
   2.0000000000000000        8.8014735616184614E-002   0.0000000000000000        0.0000000000000000        1.0000000000000000        0.0000000000000000        0.0000000000000000     
   3.0000000000000000        6.5047883264801182E-002   0.0000000000000000        0.0000000000000000        1.0000000000000000        0.0000000000000000        0.0000000000000000     
   4.0000000000000000        3.7711956441570466E-002   0.0000000000000000        0.0000000000000000        1.0000000000000000        0.0000000000000000        0.0000000000000000     
   5.0000000000000000        4.5784317160207340E-003   0.0000000000000000        2.0000000000000000E-003  0.99800000000000000        0.0000000000000000        0.0000000000000000     
   6.0000000000000000       -2.8472824081452259E-002   0.0000000000000000        2.0000000000000000E-003  0.99580000000000002        2.0000000000000001E-004   2.0000000000000000E-003
   7.0000000000000000       -3.3506372515022878E-002   0.0000000000000000        2.0000000000000000E-003  0.99519999999999997        2.0000000000000001E-004   2.5999999999999999E-003
   8.0000000000000000       -3.8390165832558484E-002   0.0000000000000000        2.5999999999999999E-003  0.99460000000000004        2.0000000000000001E-004   2.5999999999999999E-003
   9.0000000000000000       -4.3915051056476702E-002   0.0000000000000000        3.0000000000000001E-003  0.99380000000000002        2.0000000000000001E-004   3.0000000000000001E-003
   10.000000000000000       -4.8192394450038714E-002   0.0000000000000000        2.2000000000000001E-003  0.99460000000000004        2.0000000000000001E-004   3.0000000000000001E-003
   11.000000000000000       -5.2238073917320729E-002   0.0000000000000000        1.8000000000000000E-003  0.99500000000000000        2.0000000000000001E-004   3.0000000000000001E-003
   12.000000000000000       -5.5150729033618652E-002   0.0000000000000000        0.0000000000000000       0.99580000000000002        2.0000000000000001E-004   4.0000000000000001E-003
   13.000000000000000       -5.5391408039436610E-002   0.0000000000000000        0.0000000000000000       0.99580000000000002        2.0000000000000001E-004   4.0000000000000001E-003
   14.000000000000000       -5.1229875658235176E-002   0.0000000000000000        7.6000000000000000E-003  0.98819999999999997        2.0000000000000001E-004   4.0000000000000001E-003
   15.000000000000000       -4.4344947873972293E-002   0.0000000000000000        8.9999999999999993E-003  0.98680000000000001        2.0000000000000001E-004   4.0000000000000001E-003
   16.000000000000000       -3.7166154331376808E-002   0.0000000000000000        8.3999999999999995E-003  0.98740000000000006        2.0000000000000001E-004   4.0000000000000001E-003
   17.000000000000000       -3.0890433276615958E-002   0.0000000000000000        7.4000000000000003E-003  0.98839999999999995        2.0000000000000001E-004   4.0000000000000001E-003
   18.000000000000000       -2.6526986236989181E-002   0.0000000000000000        7.0000000000000001E-003  0.98839999999999995        2.0000000000000001E-004   4.4000000000000003E-003
   19.000000000000000       -2.4222545607100167E-002   0.0000000000000000        6.0000000000000001E-003  0.98939999999999995        0.0000000000000000        4.5999999999999999E-003
   20.000000000000000       -2.4832494649153596E-002   0.0000000000000000        6.0000000000000001E-003  0.98939999999999995        0.0000000000000000        4.5999999999999999E-003
   21.000000000000000       -2.8271813692359104E-002   0.0000000000000000        6.0000000000000001E-003  0.98939999999999995        0.0000000000000000        4.5999999999999999E-003
   22.000000000000000       -3.4109521763683821E-002   0.0000000000000000        6.0000000000000001E-003  0.98839999999999995        0.0000000000000000        5.5999999999999999E-003
   23.000000000000000       -4.3460868311322114E-002   4.0000000000000002E-004   5.5999999999999999E-003  0.98819999999999997        0.0000000000000000        5.7999999999999996E-003
   24.000000000000000       -5.5983528330990420E-002   4.0000000000000002E-004   5.5999999999999999E-003  0.98819999999999997        0.0000000000000000        5.7999999999999996E-003
   25.000000000000000       -7.0786462368191166E-002   4.0000000000000002E-004   4.1999999999999997E-003  0.98960000000000004        0.0000000000000000        5.7999999999999996E-003
   26.000000000000000       -5.5547356686282981E-002   4.0000000000000002E-004   4.1999999999999997E-003  0.98960000000000004        0.0000000000000000        5.7999999999999996E-003
   27.000000000000000       -3.3895776160798169E-003   4.0000000000000002E-004   4.0000000000000001E-003  0.98960000000000004        2.0000000000000001E-004   5.7999999999999996E-003
   28.000000000000000        7.6430779434953411E-002   4.0000000000000002E-004   4.0000000000000001E-003  0.46579999999999999       0.52220000000000000        7.6000000000000000E-003
   29.000000000000000        8.9945208635109269E-002   5.9999999999999995E-004   3.8000000000000000E-003  0.46300000000000002       0.52220000000000000        1.0400000000000000E-002
   30.000000000000000       0.10749390309983631        5.9999999999999995E-004   3.8000000000000000E-003  0.46360000000000001       0.44679999999999997        8.5199999999999998E-002
   31.000000000000000       0.11372970459023618        5.9999999999999995E-004   3.8000000000000000E-003  0.41860000000000003       0.49180000000000001        8.5199999999999998E-002
   32.000000000000000       0.10027627422165633        5.9999999999999995E-004   3.8000000000000000E-003  0.41980000000000001       0.49059999999999998        8.5199999999999998E-002
   33.000000000000000        8.5743606899925745E-002   5.9999999999999995E-004   3.8000000000000000E-003  0.42080000000000001       0.48959999999999998        8.5199999999999998E-002
   34.000000000000000        7.5043047292452675E-002   5.9999999999999995E-004   3.8000000000000000E-003  0.38500000000000001       0.52539999999999998        8.5199999999999998E-002
   35.000000000000000        5.9136446177969738E-002   5.9999999999999995E-004   3.8000000000000000E-003  0.38200000000000001       0.52839999999999998        8.5199999999999998E-002
   36.000000000000000        4.4014322197263769E-002   5.9999999999999995E-004   3.8000000000000000E-003  0.38219999999999998       0.52820000000000000        8.5199999999999998E-002
   37.000000000000000        3.0561463985142513E-002   5.9999999999999995E-004   3.8000000000000000E-003  0.38240000000000002       0.52800000000000002        8.5199999999999998E-002
   38.000000000000000        1.7368767863145059E-002   8.0000000000000004E-004   3.5999999999999999E-003  0.38260000000000000       0.52780000000000005        8.5199999999999998E-002
   39.000000000000000        3.1506172809178754E-003   8.0000000000000004E-004   3.5999999999999999E-003  0.38019999999999998       0.53020000000000000        8.5199999999999998E-002
   40.000000000000000       -3.5866994254175732E-003   8.0000000000000004E-004   3.5999999999999999E-003  0.38019999999999998       0.53020000000000000        8.5199999999999998E-002
   41.000000000000000       -1.4029483245239623E-002   8.0000000000000004E-004   3.5999999999999999E-003  0.38040000000000002       0.53000000000000003        8.5199999999999998E-002
   42.000000000000000       -2.1104615231131447E-002   8.0000000000000004E-004   3.5999999999999999E-003  0.37540000000000001       0.47380000000000000       0.14640000000000000     
   43.000000000000000       -3.8070636887099205E-002   8.0000000000000004E-004   3.5999999999999999E-003  0.28799999999999998       0.55320000000000003       0.15440000000000001     
   44.000000000000000       -5.8638390986131855E-002   8.0000000000000004E-004   3.5999999999999999E-003  0.28799999999999998       0.55279999999999996       0.15479999999999999     
   45.000000000000000       -6.5538741114367818E-002   0.0000000000000000        4.0000000000000001E-003  0.28799999999999998       0.46679999999999999       0.24120000000000000     
   46.000000000000000       -7.1927842544932813E-002   0.0000000000000000        4.0000000000000001E-003  0.28799999999999998       0.45619999999999999       0.25180000000000002     
   47.000000000000000       -7.7103260308997626E-002   0.0000000000000000        3.8000000000000000E-003  0.28799999999999998       0.45760000000000001       0.25059999999999999     
   48.000000000000000       -7.6094755381644563E-002   0.0000000000000000        3.8000000000000000E-003  0.28799999999999998       0.44059999999999999       0.26760000000000000     
   49.000000000000000       -7.2132079769176016E-002   0.0000000000000000        2.2000000000000001E-003  0.28520000000000001       0.44500000000000001       0.26760000000000000     
   50.000000000000000       -6.0898698066726702E-002   0.0000000000000000        2.2000000000000001E-003  0.27320000000000000       0.45360000000000000       0.27100000000000002     
   51.000000000000000       -4.1721885078042045E-002   0.0000000000000000        2.2000000000000001E-003  0.27320000000000000       0.45260000000000000       0.27200000000000002     
   52.000000000000000       -1.9465925913142987E-002   0.0000000000000000        2.2000000000000001E-003  0.26979999999999998       0.45419999999999999       0.27379999999999999     
   53.000000000000000        2.1572373320999302E-003   0.0000000000000000        2.2000000000000001E-003  0.26840000000000003       0.45540000000000003       0.27400000000000002     
   54.000000000000000        2.3473067314899482E-002   0.0000000000000000        2.2000000000000001E-003  0.26840000000000003       0.45540000000000003       0.27400000000000002     
   55.000000000000000        4.6662540951349696E-002   0.0000000000000000        2.2000000000000001E-003  0.26440000000000002       0.45279999999999998       0.28060000000000002     
   56.000000000000000        6.8120899775839822E-002   0.0000000000000000        2.2000000000000001E-003  0.26279999999999998       0.44879999999999998       0.28620000000000001     
   57.000000000000000        8.9039120736091062E-002   0.0000000000000000        2.2000000000000001E-003  0.26219999999999999       0.44660000000000000       0.28899999999999998     
   58.000000000000000       0.10983898891243016        0.0000000000000000        2.2000000000000001E-003  0.26200000000000001       0.43959999999999999       0.29620000000000002     
   59.000000000000000       0.12975682788511406        0.0000000000000000        2.2000000000000001E-003  0.26200000000000001       0.42699999999999999       0.30880000000000002     
   60.000000000000000       0.14693148001791714        0.0000000000000000        2.2000000000000001E-003  0.26040000000000002       0.42740000000000000       0.31000000000000000     
   61.000000000000000       0.16321954296441496        0.0000000000000000        2.2000000000000001E-003  0.26040000000000002       0.42840000000000000       0.30900000000000000     
   62.000000000000000       0.17914103977308837        0.0000000000000000        2.2000000000000001E-003  0.25659999999999999       0.42980000000000002       0.31140000000000001     
   63.000000000000000       0.19509380859501491        0.0000000000000000        2.2000000000000001E-003  0.25659999999999999       0.40520000000000000       0.33600000000000002     
   64.000000000000000       0.20845910353659869        0.0000000000000000        2.2000000000000001E-003  0.25359999999999999       0.41120000000000001       0.33300000000000002     
   65.000000000000000       0.22111028332111266        0.0000000000000000        2.2000000000000001E-003  0.24979999999999999       0.41499999999999998       0.33300000000000002     
   66.000000000000000       0.23326611835806987        0.0000000000000000        2.2000000000000001E-003  0.24900000000000000       0.40160000000000001       0.34720000000000001     
   67.000000000000000       0.24381490632463493        0.0000000000000000        2.2000000000000001E-003  0.24900000000000000       0.40260000000000001       0.34620000000000001     
   68.000000000000000       0.25311116979764514        0.0000000000000000        2.2000000000000001E-003  0.24900000000000000       0.40260000000000001       0.34620000000000001     
   69.000000000000000       0.26215346331343536        0.0000000000000000        2.2000000000000001E-003  0.24600000000000000       0.40300000000000002       0.34880000000000000     
   70.000000000000000       0.27050357778640011        0.0000000000000000        2.2000000000000001E-003  0.23740000000000000       0.41060000000000002       0.34980000000000000     
   71.000000000000000       0.27671455844241311        0.0000000000000000        2.2000000000000001E-003  0.23699999999999999       0.41099999999999998       0.34980000000000000     
   72.000000000000000       0.28182159702704879        4.0000000000000002E-004   1.6000000000000001E-003  0.23640000000000000       0.41039999999999999       0.35120000000000001     
   73.000000000000000       0.28529177313253362        4.0000000000000002E-004   1.6000000000000001E-003  0.23640000000000000       0.41039999999999999       0.35120000000000001     
   74.000000000000000       0.28908238061474234        4.0000000000000002E-004   1.6000000000000001E-003  0.22320000000000001       0.42340000000000000       0.35139999999999999     
   75.000000000000000       0.29093452681397114        4.0000000000000002E-004   1.4000000000000000E-003  0.21379999999999999       0.43280000000000002       0.35160000000000002     
   76.000000000000000       0.29073752369038386        4.0000000000000002E-004   1.1999999999999999E-003  0.21199999999999999       0.43300000000000000       0.35339999999999999     
   77.000000000000000       0.28924144810199737        4.0000000000000002E-004   1.1999999999999999E-003  0.20740000000000000       0.43680000000000002       0.35420000000000001     
   78.000000000000000       0.28668457392528968        4.0000000000000002E-004   1.1999999999999999E-003  0.20280000000000001       0.44080000000000003       0.35480000000000000     
   79.000000000000000       0.28331751321719834        2.0000000000000001E-004   1.1999999999999999E-003  0.19339999999999999       0.44560000000000000       0.35959999999999998     
   80.000000000000000       0.28003316620164870        2.0000000000000001E-004   1.0000000000000000E-003  0.18160000000000001       0.44359999999999999       0.37359999999999999     
   81.000000000000000       0.27253203730339082        2.0000000000000001E-004   1.0000000000000000E-003  0.18140000000000001       0.44460000000000000       0.37280000000000002     
   82.000000000000000       0.26641042138552817        2.0000000000000001E-004   8.0000000000000004E-004  0.18160000000000001       0.41820000000000002       0.39920000000000000     
   83.000000000000000       0.25695368443069455        2.0000000000000001E-004   8.0000000000000004E-004  0.18160000000000001       0.42140000000000000       0.39600000000000002     
   84.000000000000000       0.24789571277643674        2.0000000000000001E-004   8.0000000000000004E-004  0.18120000000000000       0.42420000000000002       0.39360000000000001     
   85.000000000000000       0.23877022898774930        0.0000000000000000        1.0000000000000000E-003  0.18120000000000000       0.42140000000000000       0.39639999999999997     
   86.000000000000000       0.23009543835465984        0.0000000000000000        1.0000000000000000E-003  0.18020000000000000       0.41940000000000000       0.39939999999999998     
   87.000000000000000       0.22101143167011533        0.0000000000000000        1.0000000000000000E-003  0.17940000000000000       0.41020000000000001       0.40939999999999999     
   88.000000000000000       0.21329351538946564        0.0000000000000000        1.0000000000000000E-003  0.17219999999999999       0.41339999999999999       0.41339999999999999     
   89.000000000000000       0.20400574701430402        0.0000000000000000        1.0000000000000000E-003  0.16839999999999999       0.41959999999999997       0.41099999999999998     
   90.000000000000000       0.19361331223338496        0.0000000000000000        1.0000000000000000E-003  0.16839999999999999       0.41999999999999998       0.41060000000000002     
   91.000000000000000       0.18339155786124434        0.0000000000000000        1.0000000000000000E-003  0.16600000000000001       0.42240000000000000       0.41060000000000002     
   92.000000000000000       0.17209897582361178        0.0000000000000000        1.0000000000000000E-003  0.16520000000000001       0.42359999999999998       0.41020000000000001     
   93.000000000000000       0.16226823309794425        0.0000000000000000        2.0000000000000000E-002  0.14599999999999999       0.41020000000000001       0.42380000000000001     
   94.000000000000000       0.15631687984338452        0.0000000000000000        2.0000000000000000E-002  0.14599999999999999       0.41020000000000001       0.42380000000000001     
   95.000000000000000       0.15110152728921503        0.0000000000000000        1.9800000000000002E-002  0.14599999999999999       0.40920000000000001       0.42499999999999999     
   96.000000000000000       0.14596684695300727        0.0000000000000000        1.9800000000000002E-002  0.14599999999999999       0.40839999999999999       0.42580000000000001     
   97.000000000000000       0.14109830474952001        0.0000000000000000        1.9800000000000002E-002  0.14599999999999999       0.40660000000000002       0.42759999999999998     
   98.000000000000000       0.13697075744884704        0.0000000000000000        1.8599999999999998E-002  0.14599999999999999       0.40760000000000002       0.42780000000000001     
   99.000000000000000       0.13287726876554484        0.0000000000000000        1.8599999999999998E-002  0.14599999999999999       0.40760000000000002       0.42780000000000001     
   100.00000000000000       0.13010700711698872        0.0000000000000000        1.8200000000000001E-002  0.14599999999999999       0.40560000000000002       0.43020000000000003     
   101.00000000000000       0.12785827429597291        0.0000000000000000        1.7800000000000000E-002  0.14599999999999999       0.40400000000000003       0.43219999999999997     
   102.00000000000000       0.12619103452681896        0.0000000000000000        1.7399999999999999E-002  0.14599999999999999       0.40400000000000003       0.43259999999999998     
   103.00000000000000       0.12674875546359032        0.0000000000000000        1.7399999999999999E-002  0.14599999999999999       0.39340000000000003       0.44319999999999998     
   104.00000000000000       0.12891873198231746        0.0000000000000000        4.5800000000000000E-002  0.11760000000000000       0.38440000000000002       0.45219999999999999     
   105.00000000000000       0.13405992856535373        0.0000000000000000        4.5800000000000000E-002  0.11760000000000000       0.37840000000000001       0.45820000000000000     
   106.00000000000000       0.14269044161280797        0.0000000000000000        4.5800000000000000E-002  0.11760000000000000       0.37840000000000001       0.45820000000000000     
   107.00000000000000       0.15259242631896824        0.0000000000000000        4.5800000000000000E-002  0.11760000000000000       0.37859999999999999       0.45800000000000002     
   108.00000000000000       0.16716269573199571        0.0000000000000000        4.3600000000000000E-002  0.11760000000000000       0.37959999999999999       0.45920000000000000     
   109.00000000000000       0.18537064128659483        0.0000000000000000        4.0399999999999998E-002  0.11219999999999999       0.38479999999999998       0.46260000000000001     
   110.00000000000000       0.20173058511296821        0.0000000000000000        4.0200000000000000E-002  0.11180000000000000       0.38460000000000000       0.46339999999999998     
   111.00000000000000       0.21831990801453210        0.0000000000000000        4.0200000000000000E-002  0.11060000000000000       0.38479999999999998       0.46439999999999998     
   112.00000000000000       0.23520958628671246        0.0000000000000000        4.0200000000000000E-002  0.11040000000000000       0.37780000000000002       0.47160000000000002     
   113.00000000000000       0.25068305181351369        0.0000000000000000        4.0200000000000000E-002  0.10920000000000001       0.37780000000000002       0.47280000000000000     
   114.00000000000000       0.26465503757297676        0.0000000000000000        3.9399999999999998E-002  0.10960000000000000       0.37800000000000000       0.47299999999999998     
   115.00000000000000       0.27795494831894829        0.0000000000000000        3.8600000000000002E-002  0.10800000000000000       0.38279999999999997       0.47060000000000002     
   116.00000000000000       0.28932995968598019        0.0000000000000000        3.7999999999999999E-002  0.10700000000000000       0.38500000000000001       0.46999999999999997     
   117.00000000000000       0.29969743553161349        0.0000000000000000        3.7199999999999997E-002  0.10460000000000000       0.38840000000000002       0.46980000000000000     
   118.00000000000000       0.30724704272402314        0.0000000000000000        3.7600000000000001E-002  0.10260000000000000       0.39119999999999999       0.46860000000000002     
   119.00000000000000       0.31381190813783466        0.0000000000000000        3.7400000000000003E-002  0.10260000000000000       0.37719999999999998       0.48280000000000001     
   120.00000000000000       0.31752086510283584        0.0000000000000000        3.3799999999999997E-002  0.10600000000000000       0.37880000000000003       0.48139999999999999     
   121.00000000000000       0.31877502025163434        0.0000000000000000        3.3200000000000000E-002  0.10660000000000000       0.37980000000000003       0.48039999999999999     
   122.00000000000000       0.31794544573448918        0.0000000000000000        3.3200000000000000E-002  0.10580000000000001       0.37980000000000003       0.48120000000000002     
   123.00000000000000       0.31703840406833661        0.0000000000000000        3.1399999999999997E-002  0.10680000000000001       0.37219999999999998       0.48959999999999998     
   124.00000000000000       0.31297014121968630        0.0000000000000000        3.1199999999999999E-002  0.10480000000000000       0.37319999999999998       0.49080000000000001     
   125.00000000000000       0.30626050158448609        0.0000000000000000        3.1000000000000000E-002  0.10480000000000000       0.37340000000000001       0.49080000000000001     
   126.00000000000000       0.29820683136551429        9.1999999999999998E-003   2.1800000000000000E-002  0.10460000000000000       0.37340000000000001       0.49099999999999999     
   127.00000000000000       0.28962278867374902        8.9999999999999993E-003   2.1800000000000000E-002  0.10320000000000000       0.37500000000000000       0.49099999999999999     
   128.00000000000000       0.27991443721643622        8.9999999999999993E-003   2.1800000000000000E-002  0.10380000000000000       0.37359999999999999       0.49180000000000001     
   129.00000000000000       0.26970635462122938        8.9999999999999993E-003   2.1800000000000000E-002  0.10720000000000000       0.37019999999999997       0.49180000000000001     
   130.00000000000000       0.25645738677781876        8.9999999999999993E-003   2.1800000000000000E-002  0.10600000000000000       0.36659999999999998       0.49659999999999999     
   131.00000000000000       0.25563434163448751        8.9999999999999993E-003   8.0000000000000004E-004  0.12780000000000000       0.36220000000000002       0.50019999999999998     
   132.00000000000000       0.25132509421591442        8.9999999999999993E-003   1.1999999999999999E-003  0.12780000000000000       0.36180000000000001       0.50019999999999998     
   133.00000000000000       0.24808662520940925        8.9999999999999993E-003   1.0000000000000000E-003  0.14019999999999999       0.34960000000000002       0.50019999999999998     
   134.00000000000000       0.24570813786078927        8.9999999999999993E-003   1.0000000000000000E-003  0.13880000000000001       0.34960000000000002       0.50160000000000005     
   135.00000000000000       0.24234574967687317        8.9999999999999993E-003   1.0000000000000000E-003  0.13680000000000000       0.34960000000000002       0.50360000000000005     
   136.00000000000000       0.23544081521952126        8.9999999999999993E-003   1.0000000000000000E-003  0.13680000000000000       0.34960000000000002       0.50360000000000005     
   137.00000000000000       0.22476223114449434        8.9999999999999993E-003   1.0000000000000000E-003  0.13619999999999999       0.34960000000000002       0.50419999999999998     
   138.00000000000000       0.21471553697390022        8.9999999999999993E-003   1.0000000000000000E-003  0.13159999999999999       0.34960000000000002       0.50880000000000003     
   139.00000000000000       0.20529940368420740        8.9999999999999993E-003   1.0000000000000000E-003  0.43040000000000000        4.0000000000000001E-002  0.51959999999999995     
   140.00000000000000       0.18971256243852908        8.9999999999999993E-003   1.0000000000000000E-003  0.43040000000000000        3.9800000000000002E-002  0.51980000000000004     
   141.00000000000000       0.17400132304178914        8.9999999999999993E-003   1.0000000000000000E-003  0.43040000000000000        3.7999999999999999E-002  0.52159999999999995     
   142.00000000000000       0.15681003653405873        8.9999999999999993E-003   0.0000000000000000       0.43140000000000001        3.7999999999999999E-002  0.52159999999999995     
   143.00000000000000       0.16224598243911179        8.9999999999999993E-003   0.0000000000000000       0.40699999999999997        6.2000000000000000E-002  0.52200000000000002     
   144.00000000000000       0.16748793556348601        8.9999999999999993E-003   0.0000000000000000       0.40920000000000001        5.9799999999999999E-002  0.52200000000000002     
   145.00000000000000       0.17557578028477400        8.9999999999999993E-003   0.0000000000000000       0.40780000000000000        5.7200000000000001E-002  0.52600000000000002     
   146.00000000000000       0.18208299856227791        8.9999999999999993E-003   0.0000000000000000       0.40860000000000002        5.6200000000000000E-002  0.52620000000000000     
   147.00000000000000       0.18894184729575639        2.8000000000000000E-003   6.0000000000000001E-003  0.40699999999999997        5.7799999999999997E-002  0.52639999999999998     
   148.00000000000000       0.19724164048274145        2.8000000000000000E-003   6.0000000000000001E-003  0.40839999999999999        5.6399999999999999E-002  0.52639999999999998     
   149.00000000000000       0.20710449255215571        2.8000000000000000E-003   5.5999999999999999E-003  0.40839999999999999        5.6800000000000003E-002  0.52639999999999998     
   150.00000000000000       0.22078909917414941        2.8000000000000000E-003   5.1999999999999998E-003  0.40899999999999997        5.6599999999999998E-002  0.52639999999999998     
   151.00000000000000       0.23160858125859105        2.8000000000000000E-003   5.1999999999999998E-003  0.40920000000000001        5.6399999999999999E-002  0.52639999999999998     
   152.00000000000000       0.22850966362403452        2.5999999999999999E-003   5.4000000000000003E-003  0.40279999999999999        6.1400000000000003E-002  0.52780000000000005     
   153.00000000000000       0.23235683722759110        2.5999999999999999E-003   5.4000000000000003E-003  0.39800000000000002        6.4799999999999996E-002  0.52920000000000000     
   154.00000000000000       0.27378185628381396        2.5999999999999999E-003   5.4000000000000003E-003  0.39839999999999998        6.4399999999999999E-002  0.52920000000000000     
   155.00000000000000       0.30935214658797294        2.5999999999999999E-003   5.0000000000000001E-003  0.39839999999999998        6.4600000000000005E-002  0.52939999999999998     
   156.00000000000000       0.34411594705829662        2.5999999999999999E-003   5.0000000000000001E-003  0.35539999999999999       0.10500000000000000       0.53200000000000003     
   157.00000000000000       0.34615280224562323        2.3999999999999998E-003   5.1999999999999998E-003  0.32119999999999999       0.13880000000000001       0.53239999999999998     
   158.00000000000000       0.35455373897624554        1.4000000000000000E-003   5.5999999999999999E-003  0.32219999999999999       0.13840000000000000       0.53239999999999998     
   159.00000000000000       0.27036789607048844        0.0000000000000000        5.7999999999999996E-003  0.21479999999999999       0.13819999999999999       0.64119999999999999     
   160.00000000000000        1.4649897835781749        0.0000000000000000        5.1999999999999998E-003   2.0000000000000001E-004  0.37080000000000002       0.62380000000000002     
   161.00000000000000        1.0679292744042364        0.0000000000000000        5.1999999999999998E-003   2.0000000000000001E-004  0.36499999999999999       0.62960000000000005     
   162.00000000000000        1.0644195402052452        0.0000000000000000        5.1999999999999998E-003   2.0000000000000001E-004  0.36340000000000000       0.63119999999999998     
   163.00000000000000        1.1335553182272742        0.0000000000000000        4.7999999999999996E-003   5.9999999999999995E-004  0.22280000000000000       0.77180000000000004     
   164.00000000000000       0.49406932028216727        0.0000000000000000        4.7999999999999996E-003   5.9999999999999995E-004  0.22180000000000000       0.77280000000000004     
   165.00000000000000       0.49854216792598904        0.0000000000000000        4.7999999999999996E-003   5.9999999999999995E-004  0.22200000000000000       0.77259999999999995     
   166.00000000000000       0.50028508923980852        0.0000000000000000        4.7999999999999996E-003   5.9999999999999995E-004  0.22080000000000000       0.77380000000000004     
   167.00000000000000       0.49886749425014687        0.0000000000000000        4.7999999999999996E-003   5.9999999999999995E-004  0.22040000000000001       0.77420000000000000     
   168.00000000000000       0.49614039360598688        0.0000000000000000        4.7999999999999996E-003   5.9999999999999995E-004  0.21940000000000001       0.77520000000000000     
   169.00000000000000       0.49102149166276166        0.0000000000000000        4.7999999999999996E-003   5.9999999999999995E-004  0.21920000000000001       0.77539999999999998     
   170.00000000000000       0.48526990054916314        0.0000000000000000        4.7999999999999996E-003   5.9999999999999995E-004  0.21240000000000001       0.78220000000000001     
   171.00000000000000       0.47724076728165843        0.0000000000000000        4.7999999999999996E-003   5.9999999999999995E-004  0.21500000000000000       0.77959999999999996     
   172.00000000000000       0.46725432070689654        0.0000000000000000        4.7999999999999996E-003   5.9999999999999995E-004  0.21700000000000000       0.77759999999999996     
   173.00000000000000       0.45605071641716710        0.0000000000000000        4.7999999999999996E-003   5.9999999999999995E-004  0.21640000000000001       0.77820000000000000     
   174.00000000000000       0.44384226347750633        0.0000000000000000        4.7999999999999996E-003   5.9999999999999995E-004  0.22040000000000001       0.77420000000000000     
   175.00000000000000       0.43088904966161934        0.0000000000000000        4.7999999999999996E-003   5.9999999999999995E-004  0.22359999999999999       0.77100000000000002     
   176.00000000000000       0.41780234066228561        0.0000000000000000        4.7999999999999996E-003   5.9999999999999995E-004  0.22220000000000001       0.77239999999999998     
   177.00000000000000       0.40433139310413868        2.0000000000000001E-004   4.5999999999999999E-003   5.9999999999999995E-004  0.21959999999999999       0.77500000000000002     
   178.00000000000000       0.39228079049554354        2.0000000000000001E-004   4.5999999999999999E-003   5.9999999999999995E-004  0.17199999999999999       0.82260000000000000     
   179.00000000000000       0.37782001531925813        2.0000000000000001E-004   4.5999999999999999E-003   5.9999999999999995E-004  0.20940000000000000       0.78520000000000001     
   180.00000000000000       0.36354400633363804        2.0000000000000001E-004   4.5999999999999999E-003   5.9999999999999995E-004  0.23160000000000000       0.76300000000000001     
   181.00000000000000       0.35093823782772821        2.0000000000000001E-004   4.5999999999999999E-003   5.9999999999999995E-004  0.22739999999999999       0.76719999999999999     
   182.00000000000000       0.33703625968688150        2.0000000000000001E-004   4.5999999999999999E-003   5.9999999999999995E-004  0.25580000000000003       0.73880000000000001     
   183.00000000000000       0.32476274888526563        2.0000000000000001E-004   4.5999999999999999E-003   4.0000000000000002E-004  0.23019999999999999       0.76459999999999995     
   184.00000000000000       0.31291095786107037        2.0000000000000001E-004   4.5999999999999999E-003   4.0000000000000002E-004  0.19739999999999999       0.79740000000000000     
   185.00000000000000       0.30072099623255810        0.0000000000000000        4.7999999999999996E-003   4.0000000000000002E-004  0.20820000000000000       0.78659999999999997     
   186.00000000000000       0.28882588308586477        0.0000000000000000        4.7999999999999996E-003   4.0000000000000002E-004  0.23560000000000000       0.75919999999999999     
   187.00000000000000       0.27892155539531649        0.0000000000000000        4.7999999999999996E-003   4.0000000000000002E-004  0.24379999999999999       0.75100000000000000     
   188.00000000000000       0.27187840730442614        0.0000000000000000        4.7999999999999996E-003   4.0000000000000002E-004  0.20599999999999999       0.78879999999999995     
   189.00000000000000       0.26517903323719016        0.0000000000000000        4.7999999999999996E-003   4.0000000000000002E-004  0.20219999999999999       0.79259999999999997     
   190.00000000000000       0.26046693954249783        0.0000000000000000        4.7999999999999996E-003   4.0000000000000002E-004  0.18740000000000001       0.80740000000000001     
   191.00000000000000       0.25715030769564229        0.0000000000000000        4.7999999999999996E-003   4.0000000000000002E-004  0.18600000000000000       0.80879999999999996     
   192.00000000000000       0.25486001441967726        0.0000000000000000        4.7999999999999996E-003   4.0000000000000002E-004  0.18079999999999999       0.81399999999999995     
   193.00000000000000       0.25463137691140569        0.0000000000000000        4.7999999999999996E-003   4.0000000000000002E-004  0.18079999999999999       0.81399999999999995     
   194.00000000000000       0.25598735163868430        0.0000000000000000        4.5999999999999999E-003   4.0000000000000002E-004  0.18200000000000000       0.81299999999999994     
   195.00000000000000       0.25807833125302015        0.0000000000000000        4.4000000000000003E-003   4.0000000000000002E-004  0.18220000000000000       0.81299999999999994     
   196.00000000000000       0.26354129952289979        0.0000000000000000        4.4000000000000003E-003   4.0000000000000002E-004  0.18240000000000001       0.81279999999999997     
   197.00000000000000       0.26942543728653517        0.0000000000000000        4.4000000000000003E-003   4.0000000000000002E-004  0.18099999999999999       0.81420000000000003     
   198.00000000000000       0.27712292787249454        0.0000000000000000        4.4000000000000003E-003   4.0000000000000002E-004  0.18260000000000001       0.81259999999999999     
   199.00000000000000       0.28612570658793834        0.0000000000000000        4.4000000000000003E-003   4.0000000000000002E-004  0.18300000000000000       0.81220000000000003     
   200.00000000000000       0.29646548686357316        0.0000000000000000        4.4000000000000003E-003   4.0000000000000002E-004  0.18300000000000000       0.81220000000000003     
   201.00000000000000       0.30803591332121710        0.0000000000000000        4.4000000000000003E-003   4.0000000000000002E-004  0.18260000000000001       0.81259999999999999     
   202.00000000000000       0.32070234635132538        0.0000000000000000        4.4000000000000003E-003   4.0000000000000002E-004  0.18260000000000001       0.81259999999999999     
   203.00000000000000       0.33411338407863861        0.0000000000000000        4.0000000000000001E-003   5.9999999999999995E-004  0.18279999999999999       0.81259999999999999     
   204.00000000000000       0.34762997317507438        0.0000000000000000        4.0000000000000001E-003   5.9999999999999995E-004  0.18279999999999999       0.81259999999999999     
   205.00000000000000       0.36166111926281463        0.0000000000000000        4.0000000000000001E-003   5.9999999999999995E-004  0.17960000000000001       0.81579999999999997     
   206.00000000000000       0.37499058440802840        0.0000000000000000        4.0000000000000001E-003   5.9999999999999995E-004  0.17740000000000000       0.81799999999999995     
   207.00000000000000       0.38756805991480875        0.0000000000000000        3.5999999999999999E-003   1.0000000000000000E-003  0.17740000000000000       0.81799999999999995     
   208.00000000000000       0.39893807119503683        0.0000000000000000        3.5999999999999999E-003   1.0000000000000000E-003  0.17740000000000000       0.81799999999999995     
   209.00000000000000       0.40902324425693426        0.0000000000000000        3.3999999999999998E-003   1.0000000000000000E-003  0.17760000000000001       0.81799999999999995     
   210.00000000000000       0.41705309552906422        0.0000000000000000        3.3999999999999998E-003   1.0000000000000000E-003  0.17640000000000000       0.81920000000000004     
   211.00000000000000       0.42355322345521373        0.0000000000000000        3.3999999999999998E-003   8.0000000000000004E-004  0.17440000000000000       0.82140000000000002     
   212.00000000000000       0.42711778519511040        0.0000000000000000        3.3999999999999998E-003   8.0000000000000004E-004  0.17440000000000000       0.82140000000000002     
   213.00000000000000       0.42878780339643646        0.0000000000000000        3.3999999999999998E-003   8.0000000000000004E-004  0.17280000000000001       0.82299999999999995     
   214.00000000000000       0.42817806132631825        0.0000000000000000        3.3999999999999998E-003   5.9999999999999995E-004  0.17199999999999999       0.82399999999999995     
   215.00000000000000       0.42512773067995219        0.0000000000000000        3.3999999999999998E-003   4.0000000000000002E-004  0.17180000000000001       0.82440000000000002     
   216.00000000000000       0.41995887676133253        2.0000000000000001E-004   3.2000000000000002E-003   2.0000000000000001E-004  0.17180000000000001       0.82460000000000000     
