#        BMIN =   404
#        BMAX =   408
#     INIBAND =   406
#      NBANDS =   540
#         NSW =  2000
#       POTIM =   1.0
#        TEMP = 300.0
#    NAMDTINI =   346
#    NAMDTIME =  1000
#       NTRAJ =  5000
#        NELM =  1000
#       LHOLE =     T
#        LSHP =     T
#      LCPTXT =     T
#      RUNDIR = ../../run/
   1.0000000000000000       0.11291715529444139        0.0000000000000000        0.0000000000000000        1.0000000000000000        0.0000000000000000        0.0000000000000000     
   2.0000000000000000        9.2440922194562708E-002   0.0000000000000000        0.0000000000000000        1.0000000000000000        0.0000000000000000        0.0000000000000000     
   3.0000000000000000        5.8300537824599694E-002   0.0000000000000000        0.0000000000000000        1.0000000000000000        0.0000000000000000        0.0000000000000000     
   4.0000000000000000        1.7015167160562044E-002   0.0000000000000000        7.0000000000000001E-003  0.99239999999999995        4.0000000000000002E-004   2.0000000000000001E-004
   5.0000000000000000        7.6264605531853350E-003   0.0000000000000000        7.0000000000000001E-003  0.99239999999999995        4.0000000000000002E-004   2.0000000000000001E-004
   6.0000000000000000        1.8387208319821984E-002   4.0000000000000002E-004   6.6000000000000000E-003  0.99239999999999995        4.0000000000000002E-004   2.0000000000000001E-004
   7.0000000000000000        2.8965844658826630E-002   4.0000000000000002E-004   6.6000000000000000E-003  0.99099999999999999        1.8000000000000000E-003   2.0000000000000001E-004
   8.0000000000000000        3.9685525830488275E-002   5.9999999999999995E-004   6.4000000000000003E-003  0.99099999999999999        1.8000000000000000E-003   2.0000000000000001E-004
   9.0000000000000000        4.9856064125820568E-002   5.9999999999999995E-004   6.4000000000000003E-003  0.99080000000000001        1.4000000000000000E-003   8.0000000000000004E-004
   10.000000000000000        5.9382673477785627E-002   5.9999999999999995E-004   6.4000000000000003E-003  0.98880000000000001        3.2000000000000002E-003   1.0000000000000000E-003
   11.000000000000000        6.6866859183959973E-002   5.9999999999999995E-004   6.4000000000000003E-003  0.99039999999999995        1.6000000000000001E-003   1.0000000000000000E-003
   12.000000000000000        7.3233542569491258E-002   4.0000000000000002E-004   6.4000000000000003E-003  0.99039999999999995        1.8000000000000000E-003   1.0000000000000000E-003
   13.000000000000000        7.8221476836519685E-002   4.0000000000000002E-004   6.4000000000000003E-003  0.99019999999999997        2.0000000000000000E-003   1.0000000000000000E-003
   14.000000000000000        8.2134761591289004E-002   4.0000000000000002E-004   6.0000000000000001E-003  0.98899999999999999        3.0000000000000001E-003   1.6000000000000001E-003
   15.000000000000000        8.4389392366151963E-002   4.0000000000000002E-004   6.0000000000000001E-003  0.98880000000000001        3.0000000000000001E-003   1.8000000000000000E-003
   16.000000000000000        8.5461732207160981E-002   0.0000000000000000        6.0000000000000001E-003  0.98919999999999997        3.0000000000000001E-003   1.8000000000000000E-003
   17.000000000000000        8.4665777432914091E-002   0.0000000000000000        6.0000000000000001E-003  0.98899999999999999        3.0000000000000001E-003   2.0000000000000000E-003
   18.000000000000000        8.2261855771805989E-002   0.0000000000000000        6.0000000000000001E-003  0.98899999999999999        3.0000000000000001E-003   2.0000000000000000E-003
   19.000000000000000        7.8012238814955184E-002   0.0000000000000000        6.0000000000000001E-003  0.98899999999999999        3.0000000000000001E-003   2.0000000000000000E-003
   20.000000000000000        7.2905565535189759E-002   0.0000000000000000        3.5999999999999999E-003  0.99139999999999995        3.0000000000000001E-003   2.0000000000000000E-003
   21.000000000000000        6.5210041619715026E-002   0.0000000000000000        4.0000000000000001E-003  0.99060000000000004        3.2000000000000002E-003   2.2000000000000001E-003
   22.000000000000000        5.6473482942420702E-002   0.0000000000000000        4.1999999999999997E-003  0.99039999999999995        3.2000000000000002E-003   2.2000000000000001E-003
   23.000000000000000        4.6498562111087050E-002   0.0000000000000000        5.4399999999999997E-002  0.93999999999999995        3.3999999999999998E-003   2.2000000000000001E-003
   24.000000000000000        4.3099907157568874E-002   0.0000000000000000        3.7199999999999997E-002  0.95599999999999996        4.5999999999999999E-003   2.2000000000000001E-003
   25.000000000000000        4.6121584332031139E-002   0.0000000000000000        4.4800000000000000E-002  0.94840000000000002        4.5999999999999999E-003   2.2000000000000001E-003
   26.000000000000000        5.1920412661741355E-002   2.0000000000000001E-004   4.5199999999999997E-002  0.94779999999999998        4.5999999999999999E-003   2.2000000000000001E-003
   27.000000000000000        5.7541876050621721E-002   1.4000000000000000E-003   4.1000000000000002E-002  0.95079999999999998        4.5999999999999999E-003   2.2000000000000001E-003
   28.000000000000000        6.2607825587466359E-002   1.4000000000000000E-003   4.1000000000000002E-002  0.95079999999999998        4.5999999999999999E-003   2.2000000000000001E-003
   29.000000000000000        6.7192731518084622E-002   1.4000000000000000E-003   4.1000000000000002E-002  0.95079999999999998        4.5999999999999999E-003   2.2000000000000001E-003
   30.000000000000000        6.9700282092742386E-002   1.4000000000000000E-003   4.7600000000000003E-002  0.94359999999999999        4.7999999999999996E-003   2.5999999999999999E-003
   31.000000000000000        7.7354965571629478E-002   1.4000000000000000E-003   4.7600000000000003E-002  0.94359999999999999        4.7999999999999996E-003   2.5999999999999999E-003
   32.000000000000000        9.4820444111328867E-002   1.4000000000000000E-003   4.7600000000000003E-002  0.94359999999999999        4.7999999999999996E-003   2.5999999999999999E-003
   33.000000000000000       0.10544778779324634        1.4000000000000000E-003   4.7600000000000003E-002  0.94359999999999999        4.7999999999999996E-003   2.5999999999999999E-003
   34.000000000000000       0.10881300688803451        1.1999999999999999E-003   4.7600000000000003E-002  0.94359999999999999        5.0000000000000001E-003   2.5999999999999999E-003
   35.000000000000000       0.10517020895809018        1.1999999999999999E-003   4.7399999999999998E-002  0.94359999999999999        5.1999999999999998E-003   2.5999999999999999E-003
   36.000000000000000        9.4768124405748083E-002   1.1999999999999999E-003   4.7399999999999998E-002  0.94359999999999999        5.1999999999999998E-003   2.5999999999999999E-003
   37.000000000000000        7.7872996003399850E-002   1.1999999999999999E-003   4.7399999999999998E-002  0.94359999999999999        5.1999999999999998E-003   2.5999999999999999E-003
   38.000000000000000        5.5856808024870426E-002   1.1999999999999999E-003   4.7399999999999998E-002  0.94359999999999999        5.1999999999999998E-003   2.5999999999999999E-003
   39.000000000000000        2.8207838499723012E-002   1.8000000000000000E-003   4.6800000000000001E-002  0.94359999999999999        5.1999999999999998E-003   2.5999999999999999E-003
   40.000000000000000       -1.4280466710126540E-003   1.0000000000000000E-003   4.3400000000000001E-002  0.94779999999999998        5.1999999999999998E-003   2.5999999999999999E-003
   41.000000000000000       -3.1380643730987298E-002   1.4000000000000000E-003   4.3400000000000001E-002  0.94560000000000000        6.0000000000000001E-003   3.5999999999999999E-003
   42.000000000000000       -2.8999128675336772E-002   1.4000000000000000E-003   4.3400000000000001E-002  0.94540000000000002        6.0000000000000001E-003   3.8000000000000000E-003
   43.000000000000000       -2.7374323541111547E-002   1.4000000000000000E-003   4.3400000000000001E-002  0.94540000000000002        5.7999999999999996E-003   4.0000000000000001E-003
   44.000000000000000       -2.5970724301139381E-002   1.4000000000000000E-003   4.3400000000000001E-002  0.94499999999999995        5.7999999999999996E-003   4.4000000000000003E-003
   45.000000000000000       -2.5242486542899321E-002   1.4000000000000000E-003   4.3400000000000001E-002  0.94499999999999995        5.7999999999999996E-003   4.4000000000000003E-003
   46.000000000000000       -2.4895206155458958E-002   1.4000000000000000E-003   4.3400000000000001E-002  0.94499999999999995        5.7999999999999996E-003   4.4000000000000003E-003
   47.000000000000000       -2.4617131789049281E-002   1.4000000000000000E-003   4.3400000000000001E-002  0.94440000000000002        6.4000000000000003E-003   4.4000000000000003E-003
   48.000000000000000       -2.4946945621979560E-002   1.4000000000000000E-003   4.3400000000000001E-002  0.94440000000000002        6.4000000000000003E-003   4.4000000000000003E-003
   49.000000000000000       -2.5797711681863546E-002   1.4000000000000000E-003   4.3400000000000001E-002  0.94320000000000004        7.6000000000000000E-003   4.4000000000000003E-003
   50.000000000000000       -2.6798719153538441E-002   1.4000000000000000E-003   4.3400000000000001E-002  0.94279999999999997        7.4000000000000003E-003   5.0000000000000001E-003
   51.000000000000000       -2.8518210971264842E-002   1.4000000000000000E-003   4.3400000000000001E-002  0.94240000000000002        7.6000000000000000E-003   5.1999999999999998E-003
   52.000000000000000       -3.0445090519876837E-002   1.4000000000000000E-003   4.3400000000000001E-002  0.93600000000000005        1.4000000000000000E-002   5.1999999999999998E-003
   53.000000000000000       -3.2389291834212658E-002   1.1999999999999999E-003   4.3400000000000001E-002  0.92520000000000002        2.4600000000000000E-002   5.5999999999999999E-003
   54.000000000000000       -3.6264840225320200E-002   1.1999999999999999E-003   4.3400000000000001E-002  0.92559999999999998        2.4000000000000000E-002   5.7999999999999996E-003
   55.000000000000000       -3.9685712971351206E-002   1.1999999999999999E-003   4.3400000000000001E-002  0.92579999999999996        2.3800000000000002E-002   5.7999999999999996E-003
   56.000000000000000       -4.6608570391101986E-002   1.1999999999999999E-003  0.21120000000000000       0.75600000000000001        2.5600000000000001E-002   6.0000000000000001E-003
   57.000000000000000       -3.2225434210802158E-002   1.1999999999999999E-003  0.21060000000000001       0.75600000000000001        2.6200000000000001E-002   6.0000000000000001E-003
   58.000000000000000       -2.8661925275100786E-003   1.1999999999999999E-003  0.20979999999999999       0.53380000000000005       0.24900000000000000        6.1999999999999998E-003
   59.000000000000000        1.1742021200286135E-002   1.1999999999999999E-003  0.20699999999999999       0.53639999999999999       0.24879999999999999        6.6000000000000000E-003
   60.000000000000000        1.8109295025557599E-002   1.1999999999999999E-003  0.20780000000000001       0.53559999999999997       0.24879999999999999        6.6000000000000000E-003
   61.000000000000000        2.2580495886768324E-002   5.9999999999999995E-004  0.20640000000000000       0.53759999999999997       0.24879999999999999        6.6000000000000000E-003
   62.000000000000000        2.8232243943528412E-002   5.9999999999999995E-004  0.19760000000000000       0.54459999999999997       0.24879999999999999        8.3999999999999995E-003
   63.000000000000000        3.1002307231301013E-002   4.0000000000000002E-004  0.19780000000000000       0.54459999999999997       0.24879999999999999        8.3999999999999995E-003
   64.000000000000000        3.3619773099308026E-002   2.0000000000000001E-004  0.17960000000000001       0.56279999999999997       0.24879999999999999        8.6000000000000000E-003
   65.000000000000000        3.4762899178162721E-002   2.0000000000000001E-004  0.17960000000000001       0.56200000000000006       0.24879999999999999        9.4000000000000004E-003
   66.000000000000000        3.1393757158283943E-002   2.0000000000000001E-004  0.17740000000000000       0.81000000000000005        2.2000000000000001E-003   1.0200000000000001E-002
   67.000000000000000        2.1553484612793057E-002   2.0000000000000001E-004  0.17680000000000001       0.81000000000000005        2.8000000000000000E-003   1.0200000000000001E-002
   68.000000000000000       -1.9468193288029179E-003   2.0000000000000001E-004  0.17640000000000000       0.81000000000000005        3.0000000000000001E-003   1.0400000000000000E-002
   69.000000000000000       -2.9229206426100711E-002   2.0000000000000001E-004  0.17620000000000000       0.81000000000000005        3.0000000000000001E-003   1.0600000000000000E-002
   70.000000000000000       -5.7831109449125132E-002   2.2000000000000001E-003  0.11480000000000000       0.86619999999999997        5.7999999999999996E-003   1.0999999999999999E-002
   71.000000000000000       -7.1723325887047301E-002   2.0600000000000000E-002  0.11899999999999999       0.84060000000000001        7.0000000000000001E-003   1.2800000000000001E-002
   72.000000000000000       -6.3020614616365503E-002   2.0600000000000000E-002  0.11260000000000001       0.84519999999999995        8.8000000000000005E-003   1.2800000000000001E-002
   73.000000000000000       -4.8864148928879747E-002   2.0400000000000001E-002  0.11600000000000001       0.84140000000000004        9.1999999999999998E-003   1.2999999999999999E-002
   74.000000000000000       -3.0298031130174295E-002   2.0199999999999999E-002  0.11500000000000000       0.83599999999999997        1.6199999999999999E-002   1.2600000000000000E-002
   75.000000000000000       -1.2253726087777859E-002   1.9800000000000002E-002  0.11420000000000000       0.83379999999999999        1.8800000000000001E-002   1.3400000000000000E-002
   76.000000000000000        4.9704389784315352E-003   1.9400000000000001E-002  0.11420000000000000       0.83399999999999996        1.8800000000000001E-002   1.3599999999999999E-002
   77.000000000000000        2.0389141555802855E-002   1.8599999999999998E-002  0.11320000000000000       0.83520000000000005        1.9199999999999998E-002   1.3800000000000000E-002
   78.000000000000000        3.6849385122420045E-002   1.8800000000000001E-002  0.11300000000000000       0.83020000000000005        2.0199999999999999E-002   1.7800000000000000E-002
   79.000000000000000        5.0742944153891030E-002   1.8800000000000001E-002  0.11300000000000000       0.83020000000000005        2.0199999999999999E-002   1.7800000000000000E-002
   80.000000000000000        6.4535248916197385E-002   9.5999999999999992E-003  0.12160000000000000       0.83040000000000003        2.0400000000000001E-002   1.7999999999999999E-002
   81.000000000000000        7.8649104267789732E-002   8.2000000000000007E-003  0.11700000000000001       0.83479999999999999        2.1999999999999999E-002   1.7999999999999999E-002
   82.000000000000000        9.0820501408351073E-002   8.3999999999999995E-003  0.11400000000000000       0.83679999999999999        2.2800000000000001E-002   1.7999999999999999E-002
   83.000000000000000       0.10254002496341866        8.3999999999999995E-003  0.10879999999999999       0.84179999999999999        2.3000000000000000E-002   1.7999999999999999E-002
   84.000000000000000       0.11306012939663322        8.2000000000000007E-003  0.10480000000000000       0.84580000000000000        2.3199999999999998E-002   1.7999999999999999E-002
   85.000000000000000       0.12214662510695701        8.2000000000000007E-003  0.10180000000000000       0.84880000000000000        2.3199999999999998E-002   1.7999999999999999E-002
   86.000000000000000       0.13060509999985659        8.0000000000000002E-003   9.6600000000000005E-002  0.85140000000000005        2.5999999999999999E-002   1.7999999999999999E-002
   87.000000000000000       0.13693422237912511        8.0000000000000002E-003   9.6600000000000005E-002  0.85140000000000005        2.5999999999999999E-002   1.7999999999999999E-002
   88.000000000000000       0.14383295413182270        8.0000000000000002E-003   9.0600000000000000E-002  0.84980000000000000        3.3200000000000000E-002   1.8400000000000000E-002
   89.000000000000000       0.14837718758645865        7.7999999999999996E-003   9.0600000000000000E-002  0.84440000000000004        3.8399999999999997E-002   1.8800000000000001E-002
   90.000000000000000       0.14992130006162496        3.8000000000000000E-003   9.4000000000000000E-002  0.84160000000000001        4.1799999999999997E-002   1.8800000000000001E-002
   91.000000000000000       0.15340267986626469        3.8000000000000000E-003   9.4000000000000000E-002  0.84160000000000001        4.1799999999999997E-002   1.8800000000000001E-002
   92.000000000000000       0.15497323997293333        3.8000000000000000E-003   9.4000000000000000E-002  0.84160000000000001        4.1200000000000001E-002   1.9400000000000001E-002
   93.000000000000000       0.15537582563709371        3.8000000000000000E-003   9.4000000000000000E-002  0.84160000000000001        4.1200000000000001E-002   1.9400000000000001E-002
   94.000000000000000       0.15289061875584389        3.8000000000000000E-003   9.4000000000000000E-002  0.84140000000000004        4.1399999999999999E-002   1.9400000000000001E-002
   95.000000000000000       0.14865538999962524        3.8000000000000000E-003  0.17040000000000000       0.76500000000000001        4.1399999999999999E-002   1.9400000000000001E-002
   96.000000000000000       0.14728989845773613        3.8000000000000000E-003  0.17040000000000000       0.76500000000000001        4.1399999999999999E-002   1.9400000000000001E-002
   97.000000000000000       0.14516475131170581        3.8000000000000000E-003  0.17040000000000000       0.76500000000000001        4.1399999999999999E-002   1.9400000000000001E-002
   98.000000000000000       0.13708046869098581        3.8000000000000000E-003  0.17019999999999999       0.76519999999999999        4.1399999999999999E-002   1.9400000000000001E-002
   99.000000000000000       0.12349610958765689        3.8000000000000000E-003  0.22760000000000000       0.69960000000000000        4.7199999999999999E-002   2.1800000000000000E-002
   100.00000000000000       0.11023778073943345        3.8000000000000000E-003  0.22760000000000000       0.69279999999999997        5.3999999999999999E-002   2.1800000000000000E-002
   101.00000000000000        9.7610337675704248E-002   3.8000000000000000E-003  0.22780000000000000       0.65639999999999998        9.0200000000000002E-002   2.1800000000000000E-002
   102.00000000000000        7.9763464171166240E-002   3.5999999999999999E-003  0.22780000000000000       0.65739999999999998        8.8999999999999996E-002   2.2200000000000001E-002
   103.00000000000000        6.0527394212287450E-002   3.5999999999999999E-003  0.22780000000000000       0.64459999999999995       0.10000000000000001        2.4000000000000000E-002
   104.00000000000000        3.7696823421549126E-002   3.5999999999999999E-003  0.22780000000000000       0.64520000000000000        9.8400000000000001E-002   2.5000000000000001E-002
   105.00000000000000        1.4127210156842658E-002   3.0000000000000001E-003  0.22720000000000001       0.62939999999999996       0.11380000000000000        2.6599999999999999E-002
   106.00000000000000       -3.9498330945342813E-003   3.0000000000000001E-003  0.22380000000000000       0.62800000000000000       0.11840000000000001        2.6800000000000001E-002
   107.00000000000000       -1.5902177208844546E-002   3.0000000000000001E-003  0.22380000000000000       0.62800000000000000       0.11760000000000000        2.7600000000000000E-002
   108.00000000000000       -2.7400386587441886E-002   2.5999999999999999E-003  0.22140000000000001       0.62819999999999998       0.12000000000000000        2.7799999999999998E-002
   109.00000000000000       -3.7279437437640693E-002   2.2000000000000001E-003  0.19200000000000000       0.65780000000000005       0.12020000000000000        2.7799999999999998E-002
   110.00000000000000       -4.6267872224797453E-002   2.2000000000000001E-003  0.12640000000000001       0.72299999999999998       0.12060000000000000        2.7799999999999998E-002
   111.00000000000000       -5.4496675395021732E-002   2.2000000000000001E-003   9.4200000000000006E-002  0.75519999999999998       0.12060000000000000        2.7799999999999998E-002
   112.00000000000000       -5.6102911551928585E-002   1.8000000000000000E-003  0.10320000000000000       0.74639999999999995       0.12080000000000000        2.7799999999999998E-002
   113.00000000000000       -5.3116794368120668E-002   1.0000000000000000E-003  0.10340000000000001       0.74500000000000000       0.12139999999999999        2.9200000000000000E-002
   114.00000000000000       -4.8681093545978292E-002   5.9999999999999995E-004  0.10340000000000001       0.74319999999999997       0.12360000000000000        2.9200000000000000E-002
   115.00000000000000       -4.3084244846682183E-002   5.9999999999999995E-004  0.10280000000000000       0.74239999999999995       0.12360000000000000        3.0599999999999999E-002
   116.00000000000000       -3.6801101774826067E-002   5.9999999999999995E-004  0.10260000000000000       0.74139999999999995       0.12379999999999999        3.1600000000000003E-002
   117.00000000000000       -2.9186016445610617E-002   1.1999999999999999E-003  0.10180000000000000       0.73919999999999997       0.12580000000000000        3.2000000000000001E-002
   118.00000000000000       -2.1257707173982399E-002   1.0000000000000000E-003  0.10140000000000000       0.73899999999999999       0.12659999999999999        3.2000000000000001E-002
   119.00000000000000       -1.0757963205262148E-002   4.0000000000000002E-004  0.10000000000000001       0.73899999999999999       0.12820000000000001        3.2399999999999998E-002
   120.00000000000000        1.1218476116515649E-004   2.0000000000000001E-004   9.9199999999999997E-002  0.73999999999999999       0.12820000000000001        3.2399999999999998E-002
   121.00000000000000        1.2894894801951605E-002   2.0000000000000001E-004   9.9199999999999997E-002  0.73919999999999997       0.12820000000000001        3.3200000000000000E-002
   122.00000000000000        2.6114029456930192E-002   4.0000000000000002E-004   9.6199999999999994E-002  0.74019999999999997       0.13000000000000000        3.3200000000000000E-002
   123.00000000000000        4.0312291445076795E-002   4.0000000000000002E-004   9.6400000000000000E-002  0.73999999999999999       0.13000000000000000        3.3200000000000000E-002
   124.00000000000000        5.9710884991680778E-002   4.0000000000000002E-004   9.3200000000000005E-002  0.73980000000000001       0.13300000000000001        3.3599999999999998E-002
   125.00000000000000        8.4340195340199570E-002   4.0000000000000002E-004   6.5600000000000006E-002  0.76160000000000005       0.13840000000000000        3.4000000000000002E-002
   126.00000000000000       0.10730416953264189        4.0000000000000002E-004   6.4000000000000001E-002  0.76139999999999997       0.13940000000000000        3.4799999999999998E-002
   127.00000000000000       0.13061172469626442        4.0000000000000002E-004   6.0600000000000001E-002  0.75780000000000003       0.14399999999999999        3.7199999999999997E-002
   128.00000000000000       0.15161536324930172        7.4000000000000003E-003   5.3600000000000002E-002  0.74700000000000000       0.15400000000000000        3.7999999999999999E-002
   129.00000000000000       0.16877130656043607        7.4000000000000003E-003   5.3600000000000002E-002  0.74639999999999995       0.15400000000000000        3.8600000000000002E-002
   130.00000000000000       0.18247458118996035        7.4000000000000003E-003   5.3600000000000002E-002  0.74639999999999995       0.15400000000000000        3.8600000000000002E-002
   131.00000000000000       0.19208863196359449        7.4000000000000003E-003   5.3600000000000002E-002  0.74299999999999999       0.15679999999999999        3.9199999999999999E-002
   132.00000000000000       0.19704721160772204        7.4000000000000003E-003   5.3600000000000002E-002  0.74299999999999999       0.15700000000000000        3.9000000000000000E-002
   133.00000000000000       0.20022804004592359        7.4000000000000003E-003   5.3600000000000002E-002  0.73980000000000001       0.15659999999999999        4.2599999999999999E-002
   134.00000000000000       0.19772260611364709        7.4000000000000003E-003   5.3600000000000002E-002  0.73440000000000005       0.16100000000000000        4.3600000000000000E-002
   135.00000000000000       0.19201674125968407        7.4000000000000003E-003   5.3600000000000002E-002  0.72680000000000000       0.16100000000000000        5.1200000000000002E-002
   136.00000000000000       0.18054590609047044        7.4000000000000003E-003   5.3600000000000002E-002  0.72680000000000000       0.16100000000000000        5.1200000000000002E-002
   137.00000000000000       0.16571185230727278        7.4000000000000003E-003   5.3600000000000002E-002  0.72660000000000002       0.15379999999999999        5.8599999999999999E-002
   138.00000000000000       0.14748647149536581        7.1999999999999998E-003   5.3600000000000002E-002  0.72660000000000002       0.15320000000000000        5.9400000000000001E-002
   139.00000000000000       0.12696730939527773        7.1999999999999998E-003   5.3600000000000002E-002  0.72660000000000002       0.15400000000000000        5.8599999999999999E-002
   140.00000000000000       0.10619244165921678        7.0000000000000001E-003   5.3600000000000002E-002  0.72140000000000004       0.15500000000000000        6.3000000000000000E-002
   141.00000000000000        8.2713048363616398E-002   7.0000000000000001E-003   5.3600000000000002E-002  0.71519999999999995       0.15939999999999999        6.4799999999999996E-002
   142.00000000000000        6.2100329549034446E-002   4.1200000000000001E-002   1.7200000000000000E-002  0.71460000000000001       0.16200000000000001        6.5000000000000002E-002
   143.00000000000000        4.1436408361136406E-002   4.1200000000000001E-002   1.7200000000000000E-002  0.71079999999999999       0.16580000000000000        6.5000000000000002E-002
   144.00000000000000        2.1437749208340840E-002   4.1200000000000001E-002   1.6799999999999999E-002  0.71120000000000005       0.16500000000000001        6.5799999999999997E-002
   145.00000000000000        3.9605685000118733E-003   4.1200000000000001E-002   1.4000000000000000E-002  0.71399999999999997       0.16500000000000001        6.5799999999999997E-002
   146.00000000000000       -9.3056910615864213E-003   4.1200000000000001E-002   1.2600000000000000E-002  0.71540000000000004       0.16500000000000001        6.5799999999999997E-002
   147.00000000000000       -1.8862473074315329E-002   4.1200000000000001E-002   1.2200000000000001E-002  0.71560000000000001       0.16500000000000001        6.6000000000000003E-002
   148.00000000000000       -2.3283706761557499E-002   4.1200000000000001E-002   1.3400000000000000E-002  0.71279999999999999       0.16639999999999999        6.6199999999999995E-002
   149.00000000000000       -2.2740783355928773E-002   4.1200000000000001E-002   1.5200000000000000E-002  0.70979999999999999       0.16580000000000000        6.8000000000000005E-002
   150.00000000000000       -1.9661500265519348E-002   4.1200000000000001E-002   1.5200000000000000E-002  0.70940000000000003       0.16619999999999999        6.8000000000000005E-002
   151.00000000000000       -1.3203517685592296E-002   4.1200000000000001E-002   1.5400000000000000E-002  0.70779999999999998       0.16739999999999999        6.8199999999999997E-002
   152.00000000000000       -4.5293024411650201E-003   4.1200000000000001E-002   1.5400000000000000E-002  0.70740000000000003       0.16739999999999999        6.8599999999999994E-002
   153.00000000000000        5.8475887878898895E-003   4.1200000000000001E-002   1.5400000000000000E-002  0.70440000000000003       0.17040000000000000        6.8599999999999994E-002
   154.00000000000000        1.9430452719782759E-002   3.8800000000000001E-002   1.7000000000000001E-002  0.70040000000000002       0.16900000000000001        7.4800000000000005E-002
   155.00000000000000        3.5192743769617535E-002   3.9000000000000000E-002   1.7000000000000001E-002  0.69299999999999995       0.17480000000000001        7.6200000000000004E-002
   156.00000000000000        5.0656874235088203E-002   3.8800000000000001E-002   1.7000000000000001E-002  0.68340000000000001       0.18300000000000000        7.7799999999999994E-002
   157.00000000000000        6.6005524479620506E-002   3.3799999999999997E-002   1.7000000000000001E-002  0.68840000000000001       0.17499999999999999        8.5800000000000001E-002
   158.00000000000000        8.1029833974964438E-002   2.8199999999999999E-002   1.7000000000000001E-002  0.69399999999999995       0.17419999999999999        8.6599999999999996E-002
   159.00000000000000        9.6842502065073846E-002   2.3599999999999999E-002   1.7000000000000001E-002  0.69860000000000000       0.17419999999999999        8.6599999999999996E-002
   160.00000000000000       0.11273092534760110        2.3599999999999999E-002   1.7000000000000001E-002  0.69860000000000000       0.17140000000000000        8.9399999999999993E-002
   161.00000000000000       0.13087158117309794        2.3400000000000001E-002   1.7000000000000001E-002  0.69660000000000000       0.17160000000000000        9.1399999999999995E-002
   162.00000000000000       0.14928240162658118        2.0400000000000001E-002   1.7000000000000001E-002  0.69399999999999995       0.17399999999999999        9.4600000000000004E-002
   163.00000000000000       0.16830397345397796        1.7999999999999999E-002   1.7000000000000001E-002  0.68740000000000001       0.16860000000000000       0.10900000000000000     
   164.00000000000000       0.18635272567172737        1.7600000000000001E-002   1.7000000000000001E-002  0.68220000000000003       0.16860000000000000       0.11459999999999999     
   165.00000000000000       0.20604483977119564        1.7000000000000001E-002   1.7000000000000001E-002  0.67579999999999996       0.16639999999999999       0.12379999999999999     
   166.00000000000000       0.22155398086343922        1.6400000000000001E-002   1.7000000000000001E-002  0.67500000000000004       0.14899999999999999       0.14260000000000000     
   167.00000000000000       0.23546611668808984        1.6400000000000001E-002   1.7000000000000001E-002  0.67440000000000000       0.14860000000000001       0.14360000000000001     
   168.00000000000000       0.24925607050511706        1.4999999999999999E-002   1.7000000000000001E-002  0.66859999999999997       0.15279999999999999       0.14660000000000001     
   169.00000000000000       0.25972981798856831        1.1400000000000000E-002   2.0400000000000001E-002  0.66879999999999995       0.15320000000000000       0.14620000000000000     
   170.00000000000000       0.26884893343492028        1.1200000000000000E-002   2.0199999999999999E-002  0.66839999999999999       0.15400000000000000       0.14620000000000000     
   171.00000000000000       0.27819030494094821        1.0600000000000000E-002   1.9800000000000002E-002  0.66600000000000004       0.15340000000000001       0.15020000000000000     
   172.00000000000000       0.28614213530553534        1.0200000000000001E-002   1.8400000000000000E-002  0.66020000000000001       0.15980000000000000       0.15140000000000001     
   173.00000000000000       0.29233192799391117        1.0200000000000001E-002   1.8800000000000001E-002  0.65600000000000003       0.15980000000000000       0.15520000000000000     
   174.00000000000000       0.29590158151905716        1.0200000000000001E-002   1.8599999999999998E-002  0.65620000000000001       0.15980000000000000       0.15520000000000000     
   175.00000000000000       0.29933280058358575        1.0000000000000000E-002   1.4999999999999999E-002  0.65939999999999999       0.16020000000000001       0.15540000000000001     
   176.00000000000000       0.30469841344394522        1.0000000000000000E-002   1.7600000000000001E-002  0.65359999999999996       0.16239999999999999       0.15640000000000001     
   177.00000000000000       0.31495027787685370        9.1999999999999998E-003   1.7000000000000001E-002  0.65159999999999996       0.15980000000000000       0.16239999999999999     
   178.00000000000000       0.32510128829324347        8.9999999999999993E-003   1.9599999999999999E-002  0.64700000000000002       0.15980000000000000       0.16460000000000000     
   179.00000000000000       0.33486399406534401        8.0000000000000002E-003   2.0600000000000000E-002  0.64380000000000004       0.16280000000000000       0.16480000000000000     
   180.00000000000000       0.34339614111013667        8.0000000000000002E-003   2.0600000000000000E-002  0.64059999999999995       0.16259999999999999       0.16819999999999999     
   181.00000000000000       0.34812549006013460        8.8000000000000005E-003   1.9199999999999998E-002  0.64039999999999997       0.16320000000000001       0.16839999999999999     
   182.00000000000000       0.35036093430583048        8.8000000000000005E-003   1.9000000000000000E-002  0.63859999999999995       0.16439999999999999       0.16919999999999999     
   183.00000000000000       0.34937450965862349        6.4000000000000003E-003   2.1000000000000001E-002  0.63859999999999995       0.16480000000000000       0.16919999999999999     
   184.00000000000000       0.34621972143482438        6.0000000000000001E-003   2.1000000000000001E-002  0.63780000000000003       0.16500000000000001       0.17019999999999999     
   185.00000000000000       0.33746644822679539        6.0000000000000001E-003   2.0400000000000001E-002  0.63780000000000003       0.16560000000000000       0.17019999999999999     
   186.00000000000000       0.32751077278217422        6.0000000000000001E-003   2.0400000000000001E-002  0.63619999999999999       0.16719999999999999       0.17019999999999999     
   187.00000000000000       0.31488929650575415        6.0000000000000001E-003   2.0400000000000001E-002  0.63639999999999997       0.16700000000000001       0.17019999999999999     
   188.00000000000000       0.30098328368324467        6.0000000000000001E-003   2.0400000000000001E-002  0.63660000000000005       0.16660000000000000       0.17040000000000000     
   189.00000000000000       0.28576510761647123        8.0000000000000004E-004   2.5399999999999999E-002  0.63700000000000001       0.16560000000000000       0.17119999999999999     
   190.00000000000000       0.27088853837376875        8.0000000000000004E-004   2.5399999999999999E-002  0.62919999999999998       0.17040000000000000       0.17419999999999999     
   191.00000000000000       0.25417925650223278        8.0000000000000004E-004   2.5399999999999999E-002  0.62560000000000004       0.17399999999999999       0.17419999999999999     
   192.00000000000000       0.23669470366032497        8.0000000000000004E-004   2.2200000000000001E-002  0.62800000000000000       0.17340000000000000       0.17560000000000001     
   193.00000000000000       0.22184414520273454        8.0000000000000004E-004   2.2200000000000001E-002  0.62800000000000000       0.17180000000000001       0.17720000000000000     
   194.00000000000000       0.23164973348236026        8.0000000000000004E-004   2.2200000000000001E-002  0.62800000000000000       0.17000000000000001       0.17899999999999999     
   195.00000000000000       0.23687807605680150        8.0000000000000004E-004   2.1999999999999999E-002  0.62800000000000000       0.17019999999999999       0.17899999999999999     
   196.00000000000000       0.23750851364432152        8.0000000000000004E-004   2.1600000000000001E-002  0.62800000000000000       0.16919999999999999       0.18040000000000000     
   197.00000000000000       0.23320424421093733        8.0000000000000004E-004   2.1200000000000000E-002  0.62800000000000000       0.16919999999999999       0.18079999999999999     
   198.00000000000000       0.22320839984431820        8.0000000000000004E-004   2.1200000000000000E-002  0.62800000000000000       0.16839999999999999       0.18160000000000001     
   199.00000000000000       0.20821550609282138        8.0000000000000004E-004   2.0799999999999999E-002  0.62800000000000000       0.17019999999999999       0.18020000000000000     
   200.00000000000000       0.18838350817988281        8.0000000000000004E-004   2.0600000000000000E-002  0.62800000000000000       0.17140000000000000       0.17920000000000000     
   201.00000000000000       0.16514006126838052        8.0000000000000004E-004   2.0600000000000000E-002  0.62800000000000000       0.16780000000000000       0.18279999999999999     
   202.00000000000000       0.13781732778996134        8.0000000000000004E-004   2.0600000000000000E-002  0.62800000000000000       0.16739999999999999       0.18320000000000000     
   203.00000000000000       0.10656634458384075        8.0000000000000004E-004   2.0600000000000000E-002  0.62800000000000000       0.16600000000000001       0.18459999999999999     
   204.00000000000000        7.3847261260790886E-002   8.0000000000000004E-004   2.0600000000000000E-002  0.62800000000000000       0.16439999999999999       0.18620000000000000     
   205.00000000000000        3.9218045125561249E-002   8.0000000000000004E-004   2.0600000000000000E-002  0.62800000000000000       0.16439999999999999       0.18620000000000000     
   206.00000000000000        6.5332331897873658E-004   1.0000000000000000E-003  0.33300000000000002       0.31500000000000000       0.16480000000000000       0.18620000000000000     
   207.00000000000000       -2.0640745521142471E-002   2.5800000000000000E-002  0.28739999999999999       0.33560000000000001       0.16480000000000000       0.18640000000000001     
   208.00000000000000       -2.5951906495092346E-002   2.5800000000000000E-002  0.36199999999999999       0.25960000000000000       0.16500000000000001       0.18759999999999999     
   209.00000000000000       -2.5797661134037204E-002   2.5399999999999999E-002  0.36180000000000001       0.25760000000000000       0.16760000000000000       0.18759999999999999     
   210.00000000000000       -2.3218002555972395E-002   2.0400000000000001E-002  0.36520000000000002       0.25559999999999999       0.16860000000000000       0.19020000000000001     
   211.00000000000000       -1.9390222828270701E-002   2.0400000000000001E-002  0.36040000000000000       0.25540000000000002       0.17060000000000000       0.19320000000000001     
   212.00000000000000       -1.6035839465794816E-002   1.9199999999999998E-002  0.35799999999999998       0.25779999999999997       0.17140000000000000       0.19359999999999999     
   213.00000000000000       -1.6072185029953265E-002   1.8800000000000001E-002  0.35820000000000002       0.25219999999999998       0.17680000000000001       0.19400000000000001     
   214.00000000000000       -8.2783216420568018E-003   1.8400000000000000E-002  0.35820000000000002       0.25059999999999999       0.17780000000000001       0.19500000000000001     
   215.00000000000000       -1.1680103220292060E-003   1.8200000000000001E-002  0.35680000000000001       0.24660000000000001       0.18160000000000001       0.19680000000000000     
   216.00000000000000        2.3609788855252778E-003   1.8200000000000001E-002  0.35160000000000002       0.24800000000000000       0.18500000000000000       0.19719999999999999     
