#        BMIN =   404
#        BMAX =   408
#     INIBAND =   406
#      NBANDS =   540
#         NSW =  2000
#       POTIM =   1.0
#        TEMP = 300.0
#    NAMDTINI =   301
#    NAMDTIME =  1000
#       NTRAJ =  5000
#        NELM =  1000
#       LHOLE =     T
#        LSHP =     T
#      LCPTXT =     T
#      RUNDIR = ../../run/
   1.0000000000000000       -4.4345809773165698E-002   0.0000000000000000        0.0000000000000000        1.0000000000000000        0.0000000000000000        0.0000000000000000     
   2.0000000000000000       -1.5699734133849577E-002   0.0000000000000000        0.0000000000000000        1.0000000000000000        0.0000000000000000        0.0000000000000000     
   3.0000000000000000        1.0169604593392077E-002   0.0000000000000000        0.0000000000000000        1.0000000000000000        0.0000000000000000        0.0000000000000000     
   4.0000000000000000        3.5331183212355385E-002   0.0000000000000000        0.0000000000000000        1.0000000000000000        0.0000000000000000        0.0000000000000000     
   5.0000000000000000        5.0832510132832145E-002   0.0000000000000000        0.0000000000000000        1.0000000000000000        0.0000000000000000        0.0000000000000000     
   6.0000000000000000        6.3779527238019385E-002   0.0000000000000000        0.0000000000000000        1.0000000000000000        0.0000000000000000        0.0000000000000000     
   7.0000000000000000        7.0275210562803059E-002   0.0000000000000000        0.0000000000000000        1.0000000000000000        0.0000000000000000        0.0000000000000000     
   8.0000000000000000        7.0228627137642885E-002   0.0000000000000000        0.0000000000000000        1.0000000000000000        0.0000000000000000        0.0000000000000000     
   9.0000000000000000        6.3695644648466970E-002   0.0000000000000000        0.0000000000000000        1.0000000000000000        0.0000000000000000        0.0000000000000000     
   10.000000000000000        5.0187975086048539E-002   0.0000000000000000        0.0000000000000000        1.0000000000000000        0.0000000000000000        0.0000000000000000     
   11.000000000000000        3.0284550565742110E-002   0.0000000000000000        0.0000000000000000        1.0000000000000000        0.0000000000000000        0.0000000000000000     
   12.000000000000000        4.9064236099160118E-003   0.0000000000000000        0.0000000000000000        1.0000000000000000        0.0000000000000000        0.0000000000000000     
   13.000000000000000       -1.4689976229978956E-002   0.0000000000000000        0.0000000000000000       0.99939999999999996        4.0000000000000002E-004   2.0000000000000001E-004
   14.000000000000000        1.0159226293089496E-003   0.0000000000000000        0.0000000000000000       0.99939999999999996        4.0000000000000002E-004   2.0000000000000001E-004
   15.000000000000000        1.6633132905030133E-002   0.0000000000000000        0.0000000000000000       0.99900000000000000        8.0000000000000004E-004   2.0000000000000001E-004
   16.000000000000000        3.2399165409332235E-002   0.0000000000000000        0.0000000000000000       0.99839999999999995        1.4000000000000000E-003   2.0000000000000001E-004
   17.000000000000000        4.7526892220902450E-002   0.0000000000000000        0.0000000000000000       0.99839999999999995        1.4000000000000000E-003   2.0000000000000001E-004
   18.000000000000000        6.2359770605276615E-002   0.0000000000000000        0.0000000000000000       0.99800000000000000        1.4000000000000000E-003   5.9999999999999995E-004
   19.000000000000000        7.5651088617147991E-002   0.0000000000000000        0.0000000000000000       0.99800000000000000        1.4000000000000000E-003   5.9999999999999995E-004
   20.000000000000000        8.8355772384348399E-002   0.0000000000000000        0.0000000000000000       0.99700000000000000        1.8000000000000000E-003   1.1999999999999999E-003
   21.000000000000000        9.9454973617424544E-002   0.0000000000000000        0.0000000000000000       0.99560000000000004        2.0000000000000000E-003   2.3999999999999998E-003
   22.000000000000000       0.10865395191268541        0.0000000000000000        0.0000000000000000       0.99460000000000004        3.0000000000000001E-003   2.3999999999999998E-003
   23.000000000000000       0.11615304754227493        0.0000000000000000        0.0000000000000000       0.99280000000000002        4.5999999999999999E-003   2.5999999999999999E-003
   24.000000000000000       0.12156795581621627        0.0000000000000000        0.0000000000000000       0.99139999999999995        4.5999999999999999E-003   4.0000000000000001E-003
   25.000000000000000       0.12529852236247269        0.0000000000000000        0.0000000000000000       0.98760000000000003        4.5999999999999999E-003   7.7999999999999996E-003
   26.000000000000000       0.12566044050001432        0.0000000000000000        0.0000000000000000       0.98540000000000005        6.7999999999999996E-003   7.7999999999999996E-003
   27.000000000000000       0.12278767106511689        0.0000000000000000        0.0000000000000000       0.98399999999999999        8.2000000000000007E-003   7.7999999999999996E-003
   28.000000000000000       0.11720741514412943        0.0000000000000000        0.0000000000000000       0.98280000000000001        8.6000000000000000E-003   8.6000000000000000E-003
   29.000000000000000       0.10791850500310279        0.0000000000000000        0.0000000000000000       0.98219999999999996        8.8000000000000005E-003   8.9999999999999993E-003
   30.000000000000000        9.5625491294297676E-002   0.0000000000000000        0.0000000000000000       0.98119999999999996        9.7999999999999997E-003   8.9999999999999993E-003
   31.000000000000000        7.9946652455699485E-002   0.0000000000000000        0.0000000000000000       0.97960000000000003        1.0400000000000000E-002   1.0000000000000000E-002
   32.000000000000000        6.2677671472674987E-002   0.0000000000000000        0.0000000000000000       0.97640000000000005        1.0000000000000000E-002   1.3599999999999999E-002
   33.000000000000000        4.2505473884753307E-002   0.0000000000000000        0.0000000000000000       0.97599999999999998        1.0400000000000000E-002   1.3599999999999999E-002
   34.000000000000000        2.0459289241236314E-002   0.0000000000000000        0.0000000000000000       0.97499999999999998        1.0400000000000000E-002   1.4600000000000000E-002
   35.000000000000000       -4.3904691543872982E-003   0.0000000000000000        7.0000000000000007E-002  0.90500000000000003        1.0400000000000000E-002   1.4600000000000000E-002
   36.000000000000000        1.5523125940404413E-002   0.0000000000000000        6.9800000000000001E-002  0.90500000000000003        1.0400000000000000E-002   1.4800000000000001E-002
   37.000000000000000        5.0664575841323722E-002   4.4000000000000003E-003   6.5000000000000002E-002  0.90539999999999998        1.0400000000000000E-002   1.4800000000000001E-002
   38.000000000000000        8.3845421612303336E-002   4.7999999999999996E-003   6.4600000000000005E-002  0.90539999999999998        1.0400000000000000E-002   1.4800000000000001E-002
   39.000000000000000       0.11376969303487607        4.7999999999999996E-003   6.4600000000000005E-002  0.90539999999999998        1.0400000000000000E-002   1.4800000000000001E-002
   40.000000000000000       0.13796792227079971        4.7999999999999996E-003   6.4600000000000005E-002  0.90959999999999996        5.7999999999999996E-003   1.5200000000000000E-002
   41.000000000000000       0.14213720681779282        5.4000000000000003E-003   6.4000000000000001E-002  0.90459999999999996        5.7999999999999996E-003   2.0199999999999999E-002
   42.000000000000000       0.13619289000742177        6.0000000000000001E-003   6.3399999999999998E-002  0.90200000000000002        5.7999999999999996E-003   2.2800000000000001E-002
   43.000000000000000       0.12670864933652431        6.0000000000000001E-003   6.3399999999999998E-002  0.90200000000000002        5.7999999999999996E-003   2.2800000000000001E-002
   44.000000000000000       0.12309067818765085        5.4000000000000003E-003   6.4000000000000001E-002  0.90159999999999996        5.7999999999999996E-003   2.3199999999999998E-002
   45.000000000000000       0.11521837328093598        8.6000000000000000E-003   6.0800000000000000E-002  0.90020000000000000        5.7999999999999996E-003   2.4600000000000000E-002
   46.000000000000000       0.10700442050294962        8.6000000000000000E-003   6.0800000000000000E-002  0.90580000000000005        0.0000000000000000        2.4799999999999999E-002
   47.000000000000000        8.9322867843815962E-002   8.6000000000000000E-003   6.0600000000000001E-002  0.90580000000000005        0.0000000000000000        2.5000000000000001E-002
   48.000000000000000        5.8856928159582482E-002   8.6000000000000000E-003   5.9999999999999998E-002  0.90580000000000005        0.0000000000000000        2.5600000000000001E-002
   49.000000000000000        2.1561064867463980E-002   8.6000000000000000E-003   9.2399999999999996E-002  0.87300000000000000        2.0000000000000001E-004   2.5800000000000000E-002
   50.000000000000000        1.1512577799309472E-002   8.2000000000000007E-003   9.2399999999999996E-002  0.87319999999999998        2.0000000000000001E-004   2.5999999999999999E-002
   51.000000000000000        1.6851696408052758E-002   2.1800000000000000E-002   7.8600000000000003E-002  0.87260000000000004        2.0000000000000001E-004   2.6800000000000001E-002
   52.000000000000000        2.3688385456843659E-002   2.1800000000000000E-002   7.8600000000000003E-002  0.87180000000000002        2.0000000000000001E-004   2.7600000000000000E-002
   53.000000000000000        3.3496565575276763E-002   2.1200000000000000E-002   7.5800000000000006E-002  0.87480000000000002        2.0000000000000001E-004   2.8000000000000001E-002
   54.000000000000000        4.2667038489626760E-002   1.9599999999999999E-002   7.7200000000000005E-002  0.87400000000000000        1.0000000000000000E-003   2.8199999999999999E-002
   55.000000000000000        5.2164765774951126E-002   1.9400000000000001E-002   7.7200000000000005E-002  0.87200000000000000        3.0000000000000001E-003   2.8400000000000002E-002
   56.000000000000000        5.9774553420766312E-002   1.9400000000000001E-002   7.7200000000000005E-002  0.87300000000000000        2.0000000000000000E-003   2.8400000000000002E-002
   57.000000000000000        6.6477842156023134E-002   1.9000000000000000E-002   7.7600000000000002E-002  0.87260000000000004        2.2000000000000001E-003   2.8600000000000000E-002
   58.000000000000000        7.1970075634321312E-002   1.9000000000000000E-002   7.7399999999999997E-002  0.87239999999999995        2.5999999999999999E-003   2.8600000000000000E-002
   59.000000000000000        7.6342075596497597E-002   1.9000000000000000E-002   7.7200000000000005E-002  0.87200000000000000        2.8000000000000000E-003   2.9000000000000001E-002
   60.000000000000000        7.9520023139094717E-002   1.7999999999999999E-002   7.7200000000000005E-002  0.87280000000000002        3.0000000000000001E-003   2.9000000000000001E-002
   61.000000000000000        8.1880540220347811E-002   1.7600000000000001E-002   7.6600000000000001E-002  0.87280000000000002        3.0000000000000001E-003   2.9999999999999999E-002
   62.000000000000000        8.2154661522501116E-002   1.7399999999999999E-002   7.6600000000000001E-002  0.87260000000000004        3.2000000000000002E-003   3.0200000000000001E-002
   63.000000000000000        8.0900590470587841E-002   1.7399999999999999E-002   7.6600000000000001E-002  0.87260000000000004        3.2000000000000002E-003   3.0200000000000001E-002
   64.000000000000000        7.8684209927148432E-002   1.7000000000000001E-002   7.6399999999999996E-002  0.87139999999999995        3.2000000000000002E-003   3.2000000000000001E-002
   65.000000000000000        7.5291812572217676E-002   1.6600000000000000E-002   7.2200000000000000E-002  0.87580000000000002        3.3999999999999998E-003   3.2000000000000001E-002
   66.000000000000000        6.9127125883481355E-002   1.6000000000000000E-002   7.3800000000000004E-002  0.87460000000000004        3.3999999999999998E-003   3.2199999999999999E-002
   67.000000000000000        6.2025245264297410E-002   1.6000000000000000E-002   7.4600000000000000E-002  0.87380000000000002        3.3999999999999998E-003   3.2199999999999999E-002
   68.000000000000000        5.3803495058292745E-002   1.6000000000000000E-002  0.13120000000000001       0.81579999999999997        3.3999999999999998E-003   3.3599999999999998E-002
   69.000000000000000        5.1185033241910344E-002   1.6000000000000000E-002  0.11000000000000000       0.83520000000000005        4.4000000000000003E-003   3.4400000000000000E-002
   70.000000000000000        5.2891042973129222E-002   1.6199999999999999E-002  0.12000000000000000       0.82440000000000002        4.4000000000000003E-003   3.5000000000000003E-002
   71.000000000000000        5.6572819437099013E-002   1.5800000000000002E-002  0.12080000000000000       0.82399999999999995        3.5999999999999999E-003   3.5799999999999998E-002
   72.000000000000000        6.0319737119675726E-002   0.0000000000000000       0.13300000000000001       0.82760000000000000        6.1999999999999998E-003   3.3200000000000000E-002
   73.000000000000000        6.5288495308323702E-002   0.0000000000000000       0.13300000000000001       0.82720000000000005        6.1999999999999998E-003   3.3599999999999998E-002
   74.000000000000000        7.2764021738281531E-002   0.0000000000000000       0.13300000000000001       0.82720000000000005        7.1999999999999998E-003   3.2599999999999997E-002
   75.000000000000000        7.8168380307838375E-002   0.0000000000000000       0.14599999999999999       0.81279999999999997        6.4000000000000003E-003   3.4799999999999998E-002
   76.000000000000000        8.6635608760441685E-002   0.0000000000000000       0.14560000000000001       0.81279999999999997        6.6000000000000000E-003   3.5000000000000003E-002
   77.000000000000000       0.10128063053072869        0.0000000000000000       0.14560000000000001       0.81279999999999997        6.6000000000000000E-003   3.5000000000000003E-002
   78.000000000000000       0.10968994926416031        0.0000000000000000       0.14560000000000001       0.81279999999999997        6.6000000000000000E-003   3.5000000000000003E-002
   79.000000000000000       0.11150764005635697        0.0000000000000000       0.14540000000000000       0.81279999999999997        6.6000000000000000E-003   3.5200000000000002E-002
   80.000000000000000       0.10699535683295922        0.0000000000000000       0.14520000000000000       0.81279999999999997        6.7999999999999996E-003   3.5200000000000002E-002
   81.000000000000000        9.6467005035033471E-002   0.0000000000000000       0.14499999999999999       0.81279999999999997        6.7999999999999996E-003   3.5400000000000001E-002
   82.000000000000000        8.0193075584921031E-002   0.0000000000000000       0.14460000000000001       0.81279999999999997        6.6000000000000000E-003   3.5999999999999997E-002
   83.000000000000000        5.9559274931100886E-002   0.0000000000000000       0.14340000000000000       0.81279999999999997        6.7999999999999996E-003   3.6999999999999998E-002
   84.000000000000000        3.3726004210669520E-002   8.9999999999999993E-003  0.13400000000000001       0.81279999999999997        6.7999999999999996E-003   3.7400000000000003E-002
   85.000000000000000        8.7694966381929324E-003   8.0000000000000002E-003  0.10100000000000001       0.84680000000000000        6.4000000000000003E-003   3.7800000000000000E-002
   86.000000000000000       -1.8348410107793721E-002   9.1999999999999998E-003  0.10140000000000000       0.84440000000000004        7.0000000000000001E-003   3.7999999999999999E-002
   87.000000000000000       -1.8659567764054863E-002   9.1999999999999998E-003  0.10140000000000000       0.84440000000000004        7.0000000000000001E-003   3.7999999999999999E-002
   88.000000000000000       -1.9372814363984837E-002   9.1999999999999998E-003  0.10140000000000000       0.84399999999999997        6.7999999999999996E-003   3.8600000000000002E-002
   89.000000000000000       -1.9341785761641663E-002   9.1999999999999998E-003  0.10140000000000000       0.84099999999999997        7.0000000000000001E-003   4.1399999999999999E-002
   90.000000000000000       -2.0530216845798109E-002   8.6000000000000000E-003  0.10180000000000000       0.84119999999999995        6.6000000000000000E-003   4.1799999999999997E-002
   91.000000000000000       -2.1774392457995236E-002   8.6000000000000000E-003  0.10180000000000000       0.84060000000000001        7.1999999999999998E-003   4.1799999999999997E-002
   92.000000000000000       -2.2723317881535775E-002   8.3999999999999995E-003  0.10140000000000000       0.84119999999999995        7.1999999999999998E-003   4.1799999999999997E-002
   93.000000000000000       -2.3619416420050637E-002   8.3999999999999995E-003  0.10140000000000000       0.83879999999999999        9.5999999999999992E-003   4.1799999999999997E-002
   94.000000000000000       -2.4663496200321905E-002   8.3999999999999995E-003  0.10140000000000000       0.83620000000000005        1.2000000000000000E-002   4.2000000000000003E-002
   95.000000000000000       -2.5260511031633855E-002   8.0000000000000002E-003  0.10140000000000000       0.83599999999999997        1.1599999999999999E-002   4.2999999999999997E-002
   96.000000000000000       -2.5811666544655928E-002   7.7999999999999996E-003  0.10140000000000000       0.83440000000000003        1.2000000000000000E-002   4.4400000000000002E-002
   97.000000000000000       -2.6517652347809964E-002   7.7999999999999996E-003  0.10140000000000000       0.82740000000000002        1.9000000000000000E-002   4.4400000000000002E-002
   98.000000000000000       -2.7011395008139302E-002   7.7999999999999996E-003  0.10140000000000000       0.81640000000000001        2.9999999999999999E-002   4.4400000000000002E-002
   99.000000000000000       -2.9001584227953292E-002   7.7999999999999996E-003  0.10140000000000000       0.81640000000000001        2.9800000000000000E-002   4.4600000000000001E-002
   100.00000000000000       -3.0285648448086983E-002   7.7999999999999996E-003  0.10140000000000000       0.81659999999999999        2.9600000000000001E-002   4.4600000000000001E-002
   101.00000000000000       -3.0169083650026969E-002   7.7999999999999996E-003   0.0000000000000000       0.91739999999999999        2.9999999999999999E-002   4.4800000000000000E-002
   102.00000000000000       -1.6699492235379563E-002   7.7999999999999996E-003   0.0000000000000000       0.91739999999999999        2.9999999999999999E-002   4.4800000000000000E-002
   103.00000000000000        2.0188126593075083E-002   7.6000000000000000E-003   2.0000000000000001E-004  0.62680000000000002       0.32060000000000000        4.4800000000000000E-002
   104.00000000000000        3.7731528808853769E-002   7.6000000000000000E-003   2.0000000000000001E-004  0.62719999999999998       0.32019999999999998        4.4800000000000000E-002
   105.00000000000000        4.6795140748577983E-002   7.6000000000000000E-003   4.0000000000000002E-004  0.62460000000000004       0.32019999999999998        4.7199999999999999E-002
   106.00000000000000        5.3243553388175949E-002   6.7999999999999996E-003   8.0000000000000004E-004  0.62439999999999996       0.32019999999999998        4.7800000000000002E-002
   107.00000000000000        6.0417480440914897E-002   6.7999999999999996E-003   8.0000000000000004E-004  0.61639999999999995       0.32019999999999998        5.5800000000000002E-002
   108.00000000000000        6.3656869556045215E-002   6.7999999999999996E-003   8.0000000000000004E-004  0.61639999999999995       0.32019999999999998        5.5800000000000002E-002
   109.00000000000000        6.4597955573984026E-002   6.7999999999999996E-003   4.0000000000000002E-004  0.61480000000000001       0.32019999999999998        5.7799999999999997E-002
   110.00000000000000        6.6292565008877119E-002   6.4000000000000003E-003   5.9999999999999995E-004  0.60940000000000005       0.32019999999999998        6.3399999999999998E-002
   111.00000000000000        6.1181599687770163E-002   6.4000000000000003E-003   5.9999999999999995E-004  0.92840000000000000        0.0000000000000000        6.4600000000000005E-002
   112.00000000000000        5.0150828376049353E-002   6.4000000000000003E-003   5.9999999999999995E-004  0.92840000000000000        0.0000000000000000        6.4600000000000005E-002
   113.00000000000000        2.3516850435677715E-002   6.4000000000000003E-003   5.9999999999999995E-004  0.92840000000000000        0.0000000000000000        6.4600000000000005E-002
   114.00000000000000       -7.4262007632299107E-003   6.4000000000000003E-003   5.9999999999999995E-004  0.92840000000000000        0.0000000000000000        6.4600000000000005E-002
   115.00000000000000       -4.1315672011143258E-002   7.0000000000000001E-003   1.1999999999999999E-003  0.92440000000000000        2.5999999999999999E-003   6.4799999999999996E-002
   116.00000000000000       -5.3180598221002254E-002   2.6599999999999999E-002   1.6000000000000001E-003  0.90220000000000000        2.5999999999999999E-003   6.7000000000000004E-002
   117.00000000000000       -4.4182067932260850E-002   2.6599999999999999E-002   2.8000000000000000E-003  0.89920000000000000        4.4000000000000003E-003   6.7000000000000004E-002
   118.00000000000000       -2.9705520895637598E-002   2.6599999999999999E-002   2.5999999999999999E-003  0.89820000000000000        5.5999999999999999E-003   6.7000000000000004E-002
   119.00000000000000       -9.8038468101654917E-003   2.5000000000000001E-002   2.8000000000000000E-003  0.89280000000000004        1.2400000000000000E-002   6.7000000000000004E-002
   120.00000000000000        1.0535545655080353E-002   2.4199999999999999E-002   3.0000000000000001E-003  0.88819999999999999        1.6600000000000000E-002   6.8000000000000005E-002
   121.00000000000000        2.9977663778081060E-002   2.4000000000000000E-002   3.2000000000000002E-003  0.88819999999999999        1.6600000000000000E-002   6.8000000000000005E-002
   122.00000000000000        4.7778837362778215E-002   2.4000000000000000E-002   3.0000000000000001E-003  0.88739999999999997        1.7399999999999999E-002   6.8199999999999997E-002
   123.00000000000000        6.7094312443255533E-002   2.4000000000000000E-002   3.0000000000000001E-003  0.88060000000000005        2.0000000000000000E-002   7.2400000000000006E-002
   124.00000000000000        8.3575969294018601E-002   2.1600000000000001E-002   3.2000000000000002E-003  0.88260000000000005        1.9800000000000002E-002   7.2800000000000004E-002
   125.00000000000000        9.9060569710839694E-002   1.5599999999999999E-002   7.0000000000000001E-003  0.88360000000000005        2.0000000000000000E-002   7.3800000000000004E-002
   126.00000000000000       0.11336346535406989        1.3599999999999999E-002   5.4000000000000003E-003  0.88660000000000005        2.0600000000000000E-002   7.3800000000000004E-002
   127.00000000000000       0.12568573378807271        1.3599999999999999E-002   5.0000000000000001E-003  0.88539999999999996        2.2200000000000001E-002   7.3800000000000004E-002
   128.00000000000000       0.13698499724757388        1.3599999999999999E-002   4.4000000000000003E-003  0.88600000000000001        2.2200000000000001E-002   7.3800000000000004E-002
   129.00000000000000       0.14753383713393722        1.3200000000000000E-002   3.0000000000000001E-003  0.88780000000000003        2.1800000000000000E-002   7.4200000000000002E-002
   130.00000000000000       0.15678222345968468        1.3200000000000000E-002   2.8000000000000000E-003  0.88800000000000001        2.1399999999999999E-002   7.4600000000000000E-002
   131.00000000000000       0.16539211501303580        1.3200000000000000E-002   2.2000000000000001E-003  0.88480000000000003        2.5000000000000001E-002   7.4800000000000005E-002
   132.00000000000000       0.17260462053637937        1.3200000000000000E-002   2.2000000000000001E-003  0.88480000000000003        2.5000000000000001E-002   7.4800000000000005E-002
   133.00000000000000       0.17974259665689724        1.3200000000000000E-002   2.2000000000000001E-003  0.87700000000000000        3.2800000000000003E-002   7.4800000000000005E-002
   134.00000000000000       0.18596840506109796        1.3200000000000000E-002   2.2000000000000001E-003  0.86919999999999997        3.9600000000000003E-002   7.5800000000000006E-002
   135.00000000000000       0.18881157145535515        1.0600000000000000E-002   4.1999999999999997E-003  0.86619999999999997        4.3200000000000002E-002   7.5800000000000006E-002
   136.00000000000000       0.18900518113219877        1.0400000000000000E-002   4.1999999999999997E-003  0.86639999999999995        4.3200000000000002E-002   7.5800000000000006E-002
   137.00000000000000       0.18675555647189415        1.0400000000000000E-002   4.1999999999999997E-003  0.86639999999999995        4.2799999999999998E-002   7.6200000000000004E-002
   138.00000000000000       0.18430656929570038        1.0200000000000001E-002   4.1999999999999997E-003  0.86560000000000004        4.2999999999999997E-002   7.6999999999999999E-002
   139.00000000000000       0.17867851359376907        1.0200000000000001E-002   4.1999999999999997E-003  0.86539999999999995        4.3200000000000002E-002   7.6999999999999999E-002
   140.00000000000000       0.17186469171654972        1.0200000000000001E-002   9.9199999999999997E-002  0.77039999999999997        4.3200000000000002E-002   7.6999999999999999E-002
   141.00000000000000       0.16928943276388039        1.0200000000000001E-002   9.9000000000000005E-002  0.77020000000000000        4.3600000000000000E-002   7.6999999999999999E-002
   142.00000000000000       0.16650185025100897        1.0200000000000001E-002   9.9000000000000005E-002  0.77020000000000000        4.3600000000000000E-002   7.6999999999999999E-002
   143.00000000000000       0.15762266796091989        1.0200000000000001E-002   9.9000000000000005E-002  0.77020000000000000        4.3600000000000000E-002   7.6999999999999999E-002
   144.00000000000000       0.14358196087570535        1.0000000000000000E-002  0.18320000000000000       0.67559999999999998        5.0599999999999999E-002   8.0600000000000005E-002
   145.00000000000000       0.13027270140382824        1.0000000000000000E-002  0.18320000000000000       0.66600000000000004        6.0199999999999997E-002   8.0600000000000005E-002
   146.00000000000000       0.11789566428132078        1.0000000000000000E-002  0.18320000000000000       0.62680000000000002        9.9400000000000002E-002   8.0600000000000005E-002
   147.00000000000000       0.10014856971957103        1.0000000000000000E-002  0.18320000000000000       0.62800000000000000        9.8199999999999996E-002   8.0600000000000005E-002
   148.00000000000000        8.1984055856849522E-002   9.7999999999999997E-003  0.18320000000000000       0.61099999999999999       0.11440000000000000        8.1600000000000006E-002
   149.00000000000000        6.0472522132552435E-002   9.7999999999999997E-003  0.18320000000000000       0.61219999999999997       0.11260000000000001        8.2199999999999995E-002
   150.00000000000000        3.9128873923755129E-002   9.7999999999999997E-003  0.18179999999999999       0.59719999999999995       0.12620000000000001        8.5000000000000006E-002
   151.00000000000000        2.2077118267910888E-002   9.7999999999999997E-003  0.17780000000000001       0.59440000000000004       0.13280000000000000        8.5199999999999998E-002
   152.00000000000000        1.0286013304729915E-002   9.7999999999999997E-003  0.17780000000000001       0.59140000000000004       0.13239999999999999        8.8599999999999998E-002
   153.00000000000000       -2.2946626640889776E-003   9.5999999999999992E-003  0.17780000000000001       0.59160000000000001       0.13239999999999999        8.8599999999999998E-002
   154.00000000000000       -1.3483038770218475E-002   9.1999999999999998E-003  0.16800000000000001       0.60180000000000000       0.13239999999999999        8.8599999999999998E-002
   155.00000000000000       -2.2586589411406312E-002   9.1999999999999998E-003  0.15379999999999999       0.61119999999999997       0.13719999999999999        8.8599999999999998E-002
   156.00000000000000       -2.9920872491046583E-002   9.1999999999999998E-003  0.15420000000000000       0.61040000000000005       0.13739999999999999        8.8800000000000004E-002
   157.00000000000000       -3.1211261043132221E-002   8.9999999999999993E-003  0.15160000000000001       0.61280000000000001       0.13780000000000001        8.8800000000000004E-002
   158.00000000000000       -2.8439846280803718E-002   8.3999999999999995E-003  0.14840000000000000       0.61360000000000003       0.13819999999999999        9.1399999999999995E-002
   159.00000000000000       -2.4905921913192956E-002   7.4000000000000003E-003  0.14779999999999999       0.61380000000000001       0.13980000000000001        9.1200000000000003E-002
   160.00000000000000       -1.9780136521132346E-002   7.4000000000000003E-003  0.14779999999999999       0.61140000000000005       0.13980000000000001        9.3600000000000003E-002
   161.00000000000000       -1.4142305261347465E-002   6.1999999999999998E-003  0.14879999999999999       0.61080000000000001       0.13840000000000000        9.5799999999999996E-002
   162.00000000000000       -7.4828965061691788E-003   1.0800000000000001E-002  0.14399999999999999       0.60940000000000005       0.13900000000000001        9.6799999999999997E-002
   163.00000000000000        7.8862854149112233E-004   9.4000000000000004E-003  0.14340000000000000       0.60940000000000005       0.14140000000000000        9.6400000000000000E-002
   164.00000000000000        1.1688405154332879E-002   5.0000000000000001E-003  0.14520000000000000       0.61040000000000005       0.14180000000000001        9.7600000000000006E-002
   165.00000000000000        2.3808256447483835E-002   4.1999999999999997E-003  0.14319999999999999       0.61319999999999997       0.14060000000000000        9.8799999999999999E-002
   166.00000000000000        3.8280660825722866E-002   4.4000000000000003E-003  0.14299999999999999       0.61080000000000001       0.14099999999999999       0.10080000000000000     
   167.00000000000000        5.4735891065201665E-002   4.4000000000000003E-003  0.13580000000000000       0.61040000000000005       0.14720000000000000       0.10220000000000000     
   168.00000000000000        6.9124409364734143E-002   4.4000000000000003E-003  0.13639999999999999       0.60980000000000001       0.14740000000000000       0.10199999999999999     
   169.00000000000000        8.8800559424759715E-002   4.4000000000000003E-003  0.13000000000000000       0.60919999999999996       0.15440000000000001       0.10199999999999999     
   170.00000000000000       0.11168250406087980        4.4000000000000003E-003   9.9199999999999997E-002  0.63400000000000001       0.15980000000000000       0.10260000000000000     
   171.00000000000000       0.13199434821343370        4.4000000000000003E-003   9.8400000000000001E-002  0.63360000000000005       0.15980000000000000       0.10380000000000000     
   172.00000000000000       0.15299753520840392        4.4000000000000003E-003   9.4600000000000004E-002  0.63000000000000000       0.16360000000000000       0.10740000000000000     
   173.00000000000000       0.17273092288139003        2.8000000000000000E-003   9.6000000000000002E-002  0.61539999999999995       0.17440000000000000       0.11140000000000000     
   174.00000000000000       0.18860907851510292        2.8000000000000000E-003   9.6000000000000002E-002  0.61519999999999997       0.17440000000000000       0.11160000000000000     
   175.00000000000000       0.20145628019105100        2.8000000000000000E-003   9.6000000000000002E-002  0.61539999999999995       0.17419999999999999       0.11160000000000000     
   176.00000000000000       0.21039349060680845        2.8000000000000000E-003   9.6000000000000002E-002  0.61199999999999999       0.17720000000000000       0.11200000000000000     
   177.00000000000000       0.21483019450949106        2.8000000000000000E-003   9.6000000000000002E-002  0.61199999999999999       0.17820000000000000       0.11100000000000000     
   178.00000000000000       0.21832202322718020        2.8000000000000000E-003   9.6000000000000002E-002  0.60680000000000001       0.17680000000000001       0.11760000000000000     
   179.00000000000000       0.21617316427976491        2.8000000000000000E-003   9.6000000000000002E-002  0.60019999999999996       0.18099999999999999       0.12000000000000000     
   180.00000000000000       0.21219118081593780        2.5999999999999999E-003   9.6000000000000002E-002  0.58740000000000003       0.18120000000000000       0.13280000000000000     
   181.00000000000000       0.20152452705302742        2.5999999999999999E-003   9.6000000000000002E-002  0.58740000000000003       0.18140000000000001       0.13260000000000000     
   182.00000000000000       0.18800044937626137        2.5999999999999999E-003   9.6000000000000002E-002  0.58720000000000006       0.17299999999999999       0.14119999999999999     
   183.00000000000000       0.17146470758860816        2.5999999999999999E-003   9.6000000000000002E-002  0.58640000000000003       0.17299999999999999       0.14199999999999999     
   184.00000000000000       0.15284934475616224        2.5999999999999999E-003   9.6000000000000002E-002  0.58640000000000003       0.17319999999999999       0.14180000000000001     
   185.00000000000000       0.13502658164108394        2.5999999999999999E-003   9.6000000000000002E-002  0.57820000000000005       0.17419999999999999       0.14899999999999999     
   186.00000000000000       0.11408378994435375        2.3999999999999998E-003   9.6000000000000002E-002  0.57240000000000002       0.17699999999999999       0.15220000000000000     
   187.00000000000000        9.4339686118628030E-002   9.8199999999999996E-002   0.0000000000000000       0.57060000000000000       0.17860000000000001       0.15260000000000001     
   188.00000000000000        7.6812417651452441E-002   9.8199999999999996E-002   0.0000000000000000       0.56579999999999997       0.18340000000000001       0.15260000000000001     
   189.00000000000000        5.8501006051531898E-002   9.8199999999999996E-002   0.0000000000000000       0.56559999999999999       0.18279999999999999       0.15340000000000001     
   190.00000000000000        4.2209334976826079E-002   9.8199999999999996E-002   0.0000000000000000       0.56559999999999999       0.18279999999999999       0.15340000000000001     
   191.00000000000000        3.0126396799624221E-002   9.8199999999999996E-002   0.0000000000000000       0.56559999999999999       0.18179999999999999       0.15440000000000001     
   192.00000000000000        2.1421307024695531E-002   9.8199999999999996E-002   0.0000000000000000       0.56499999999999995       0.18179999999999999       0.15500000000000000     
   193.00000000000000        1.6668983439722042E-002   9.8199999999999996E-002   1.4000000000000000E-003  0.56340000000000001       0.18200000000000000       0.15500000000000000     
   194.00000000000000        1.7125238715731191E-002   9.8199999999999996E-002   1.8000000000000000E-003  0.56179999999999997       0.18120000000000000       0.15700000000000000     
   195.00000000000000        1.9592522526619992E-002   9.8199999999999996E-002   2.8000000000000000E-003  0.56079999999999997       0.18120000000000000       0.15700000000000000     
   196.00000000000000        2.5618630211375747E-002   9.8199999999999996E-002   2.8000000000000000E-003  0.55920000000000003       0.18279999999999999       0.15700000000000000     
   197.00000000000000        3.3762710143192244E-002   9.8199999999999996E-002   2.8000000000000000E-003  0.55840000000000001       0.18340000000000001       0.15720000000000001     
   198.00000000000000        4.3912303953900077E-002   9.8199999999999996E-002   2.8000000000000000E-003  0.55500000000000005       0.18659999999999999       0.15740000000000001     
   199.00000000000000        5.6647842958948827E-002   9.4399999999999998E-002   6.6000000000000000E-003  0.55200000000000005       0.18120000000000000       0.16580000000000000     
   200.00000000000000        7.0479225286516095E-002   9.4399999999999998E-002   6.6000000000000000E-003  0.54779999999999995       0.18379999999999999       0.16739999999999999     
   201.00000000000000        8.4889366666287103E-002   9.3200000000000005E-002   6.6000000000000000E-003  0.53639999999999999       0.19259999999999999       0.17119999999999999     
   202.00000000000000        9.8694760664293821E-002   8.4000000000000005E-002   6.6000000000000000E-003  0.54559999999999997       0.18200000000000000       0.18179999999999999     
   203.00000000000000       0.11172468406878051        7.5600000000000001E-002   6.6000000000000000E-003  0.55400000000000005       0.18099999999999999       0.18279999999999999     
   204.00000000000000       0.12525843593442010        7.0199999999999999E-002   6.6000000000000000E-003  0.55940000000000001       0.18099999999999999       0.18279999999999999     
   205.00000000000000       0.13887838465154564        7.0199999999999999E-002   6.6000000000000000E-003  0.55940000000000001       0.17680000000000001       0.18700000000000000     
   206.00000000000000       0.15521514992075289        7.0000000000000007E-002   6.6000000000000000E-003  0.55559999999999998       0.17760000000000001       0.19020000000000001     
   207.00000000000000       0.17117621306355496        6.9400000000000003E-002   6.6000000000000000E-003  0.55000000000000004       0.17999999999999999       0.19400000000000001     
   208.00000000000000       0.18783468309345736        6.9000000000000006E-002   6.6000000000000000E-003  0.54179999999999995       0.17180000000000001       0.21079999999999999     
   209.00000000000000       0.20484918864251619        6.8000000000000005E-002   6.6000000000000000E-003  0.53420000000000001       0.17280000000000001       0.21840000000000001     
   210.00000000000000       0.22370509051828608        6.5000000000000002E-002   6.6000000000000000E-003  0.52920000000000000       0.17199999999999999       0.22720000000000001     
   211.00000000000000       0.23861917836080029        6.0800000000000000E-002   6.6000000000000000E-003  0.53259999999999996       0.15659999999999999       0.24340000000000001     
   212.00000000000000       0.25254116902169388        6.0800000000000000E-002   6.6000000000000000E-003  0.53020000000000000       0.15620000000000001       0.24620000000000000     
   213.00000000000000       0.26772657635178770        5.9200000000000003E-002   6.6000000000000000E-003  0.51839999999999997       0.16480000000000000       0.25100000000000000     
   214.00000000000000       0.27944954294495422        4.5600000000000002E-002   2.0000000000000000E-002  0.51859999999999995       0.16500000000000001       0.25080000000000002     
   215.00000000000000       0.28948208147583188        4.6399999999999997E-002   1.7000000000000001E-002  0.52039999999999997       0.16539999999999999       0.25080000000000002     
   216.00000000000000       0.29981991400754499        4.4800000000000000E-002   1.7800000000000000E-002  0.51739999999999997       0.16500000000000001       0.25500000000000000     
