#        BMIN =   404
#        BMAX =   408
#     INIBAND =   406
#      NBANDS =   540
#         NSW =  2000
#       POTIM =   1.0
#        TEMP = 300.0
#    NAMDTINI =   355
#    NAMDTIME =  1000
#       NTRAJ =  5000
#        NELM =  1000
#       LHOLE =     T
#        LSHP =     T
#      LCPTXT =     T
#      RUNDIR = ../../run/
   1.0000000000000000        6.0059543058380696E-002   0.0000000000000000        0.0000000000000000        1.0000000000000000        0.0000000000000000        0.0000000000000000     
   2.0000000000000000        6.7680619609816445E-002   0.0000000000000000        0.0000000000000000       0.99880000000000002        1.1999999999999999E-003   0.0000000000000000     
   3.0000000000000000        7.4090821620868094E-002   0.0000000000000000        0.0000000000000000       0.99860000000000004        1.0000000000000000E-003   4.0000000000000002E-004
   4.0000000000000000        7.9037943072742367E-002   0.0000000000000000        0.0000000000000000       0.99860000000000004        1.0000000000000000E-003   4.0000000000000002E-004
   5.0000000000000000        8.2576294565857369E-002   0.0000000000000000        0.0000000000000000       0.99860000000000004        1.0000000000000000E-003   4.0000000000000002E-004
   6.0000000000000000        8.4690741082074888E-002   0.0000000000000000        0.0000000000000000       0.99860000000000004        1.0000000000000000E-003   4.0000000000000002E-004
   7.0000000000000000        8.5590639696168341E-002   0.0000000000000000        0.0000000000000000       0.99860000000000004        1.0000000000000000E-003   4.0000000000000002E-004
   8.0000000000000000        8.4627891795460014E-002   0.0000000000000000        0.0000000000000000       0.99860000000000004        1.0000000000000000E-003   4.0000000000000002E-004
   9.0000000000000000        8.2110890250997881E-002   0.0000000000000000        0.0000000000000000       0.99860000000000004        1.0000000000000000E-003   4.0000000000000002E-004
   10.000000000000000        7.7763862969200848E-002   0.0000000000000000        0.0000000000000000       0.99839999999999995        1.1999999999999999E-003   4.0000000000000002E-004
   11.000000000000000        7.2350808681437020E-002   0.0000000000000000        0.0000000000000000       0.99819999999999998        1.4000000000000000E-003   4.0000000000000002E-004
   12.000000000000000        6.4462611714344337E-002   0.0000000000000000        0.0000000000000000       0.99819999999999998        1.4000000000000000E-003   4.0000000000000002E-004
   13.000000000000000        5.5610474497660572E-002   0.0000000000000000        0.0000000000000000       0.99819999999999998        1.4000000000000000E-003   4.0000000000000002E-004
   14.000000000000000        4.6209314678506086E-002   0.0000000000000000        2.6400000000000000E-002  0.97180000000000000        1.4000000000000000E-003   4.0000000000000002E-004
   15.000000000000000        4.2121921686379897E-002   0.0000000000000000        1.6000000000000000E-002  0.98219999999999996        1.4000000000000000E-003   4.0000000000000002E-004
   16.000000000000000        4.5511366013721237E-002   0.0000000000000000        2.1399999999999999E-002  0.97680000000000000        1.4000000000000000E-003   4.0000000000000002E-004
   17.000000000000000        5.1863031853364834E-002   0.0000000000000000        2.1399999999999999E-002  0.97680000000000000        1.4000000000000000E-003   4.0000000000000002E-004
   18.000000000000000        5.8009832342698651E-002   1.0000000000000000E-003   1.7800000000000000E-002  0.97940000000000005        1.4000000000000000E-003   4.0000000000000002E-004
   19.000000000000000        6.3071545977057816E-002   8.0000000000000004E-004   1.7800000000000000E-002  0.97960000000000003        1.4000000000000000E-003   4.0000000000000002E-004
   20.000000000000000        6.6930439601696617E-002   8.0000000000000004E-004   1.7800000000000000E-002  0.97960000000000003        1.4000000000000000E-003   4.0000000000000002E-004
   21.000000000000000        6.8592849595869823E-002   8.0000000000000004E-004   2.5200000000000000E-002  0.97219999999999995        1.4000000000000000E-003   4.0000000000000002E-004
   22.000000000000000        7.6120289523726625E-002   8.0000000000000004E-004   2.5200000000000000E-002  0.97219999999999995        1.4000000000000000E-003   4.0000000000000002E-004
   23.000000000000000        9.4241396920718798E-002   8.0000000000000004E-004   2.5200000000000000E-002  0.97219999999999995        1.4000000000000000E-003   4.0000000000000002E-004
   24.000000000000000       0.10539016638526018        8.0000000000000004E-004   2.5200000000000000E-002  0.97219999999999995        1.4000000000000000E-003   4.0000000000000002E-004
   25.000000000000000       0.10904944447364254        8.0000000000000004E-004   2.5200000000000000E-002  0.97219999999999995        1.4000000000000000E-003   4.0000000000000002E-004
   26.000000000000000       0.10563047477741876        8.0000000000000004E-004   2.5000000000000001E-002  0.97219999999999995        1.6000000000000001E-003   4.0000000000000002E-004
   27.000000000000000        9.5307125153562530E-002   8.0000000000000004E-004   2.5000000000000001E-002  0.97219999999999995        1.6000000000000001E-003   4.0000000000000002E-004
   28.000000000000000        7.8354693324457242E-002   8.0000000000000004E-004   2.5000000000000001E-002  0.97219999999999995        1.6000000000000001E-003   4.0000000000000002E-004
   29.000000000000000        5.6174060196610025E-002   1.0000000000000000E-003   2.4799999999999999E-002  0.97219999999999995        1.6000000000000001E-003   4.0000000000000002E-004
   30.000000000000000        2.8215730297096717E-002   1.1999999999999999E-003   2.4600000000000000E-002  0.97219999999999995        1.6000000000000001E-003   4.0000000000000002E-004
   31.000000000000000       -2.2222199105546795E-003   2.0000000000000001E-004   2.3800000000000002E-002  0.97399999999999998        1.6000000000000001E-003   4.0000000000000002E-004
   32.000000000000000       -3.3607133328985822E-002   1.6000000000000001E-003   2.3800000000000002E-002  0.97260000000000002        1.6000000000000001E-003   4.0000000000000002E-004
   33.000000000000000       -3.0362460284130935E-002   1.6000000000000001E-003   2.3800000000000002E-002  0.97240000000000004        1.6000000000000001E-003   5.9999999999999995E-004
   34.000000000000000       -2.7873568307386253E-002   1.6000000000000001E-003   2.3800000000000002E-002  0.97199999999999998        2.0000000000000000E-003   5.9999999999999995E-004
   35.000000000000000       -2.5554183694315887E-002   1.6000000000000001E-003   2.3800000000000002E-002  0.97040000000000004        3.3999999999999998E-003   8.0000000000000004E-004
   36.000000000000000       -2.4184483688712496E-002   1.6000000000000001E-003   2.3800000000000002E-002  0.97040000000000004        3.3999999999999998E-003   8.0000000000000004E-004
   37.000000000000000       -2.3312535673290585E-002   1.6000000000000001E-003   2.3800000000000002E-002  0.97040000000000004        3.3999999999999998E-003   8.0000000000000004E-004
   38.000000000000000       -2.2711769357067795E-002   1.6000000000000001E-003   2.3800000000000002E-002  0.97040000000000004        3.3999999999999998E-003   8.0000000000000004E-004
   39.000000000000000       -2.2538457974381629E-002   1.6000000000000001E-003   2.3800000000000002E-002  0.96779999999999999        6.0000000000000001E-003   8.0000000000000004E-004
   40.000000000000000       -2.3333100287328948E-002   1.6000000000000001E-003   2.3800000000000002E-002  0.96660000000000001        7.1999999999999998E-003   8.0000000000000004E-004
   41.000000000000000       -2.4638294189805995E-002   1.4000000000000000E-003   2.3800000000000002E-002  0.96719999999999995        6.7999999999999996E-003   8.0000000000000004E-004
   42.000000000000000       -2.6545422076980209E-002   1.1999999999999999E-003   2.3800000000000002E-002  0.96660000000000001        7.4000000000000003E-003   1.0000000000000000E-003
   43.000000000000000       -2.9004272961771285E-002   1.1999999999999999E-003   2.3800000000000002E-002  0.96199999999999997        1.2000000000000000E-002   1.0000000000000000E-003
   44.000000000000000       -3.1763585987325038E-002   1.0000000000000000E-003   2.3800000000000002E-002  0.95340000000000003        2.0799999999999999E-002   1.0000000000000000E-003
   45.000000000000000       -3.6333217699009483E-002   1.0000000000000000E-003   2.3800000000000002E-002  0.95379999999999998        2.0400000000000001E-002   1.0000000000000000E-003
   46.000000000000000       -4.0423211961664256E-002   8.0000000000000004E-004   2.3800000000000002E-002  0.95399999999999996        2.0400000000000001E-002   1.0000000000000000E-003
   47.000000000000000       -4.9936349052514990E-002   8.0000000000000004E-004  0.28399999999999997       0.69279999999999997        2.1399999999999999E-002   1.0000000000000000E-003
   48.000000000000000       -3.5320780134241662E-002   8.0000000000000004E-004  0.28199999999999997       0.69279999999999997        2.3400000000000001E-002   1.0000000000000000E-003
   49.000000000000000       -8.5239245120597613E-003   8.0000000000000004E-004  0.28100000000000003       0.48320000000000002       0.23360000000000000        1.4000000000000000E-003
   50.000000000000000        4.5240598248535184E-003   8.0000000000000004E-004  0.27600000000000002       0.48840000000000000       0.23319999999999999        1.6000000000000001E-003
   51.000000000000000        1.0354279436959150E-002   8.0000000000000004E-004  0.27620000000000000       0.48820000000000002       0.23319999999999999        1.6000000000000001E-003
   52.000000000000000        1.4361161924081651E-002   2.0000000000000001E-004  0.27379999999999999       0.49120000000000003       0.23319999999999999        1.6000000000000001E-003
   53.000000000000000        2.0219391987764727E-002   2.0000000000000001E-004  0.26200000000000001       0.50000000000000000       0.23319999999999999        4.5999999999999999E-003
   54.000000000000000        2.2704435475943561E-002   2.0000000000000001E-004  0.26200000000000001       0.50000000000000000       0.23319999999999999        4.5999999999999999E-003
   55.000000000000000        2.5140126562970027E-002   2.0000000000000001E-004  0.24420000000000000       0.51739999999999997       0.23319999999999999        5.0000000000000001E-003
   56.000000000000000        2.6079023973470679E-002   2.0000000000000001E-004  0.24460000000000001       0.51659999999999995       0.23300000000000001        5.5999999999999999E-003
   57.000000000000000        2.2693325511554768E-002   2.0000000000000001E-004  0.24340000000000001       0.74860000000000004        1.1999999999999999E-003   6.6000000000000000E-003
   58.000000000000000        1.3387949795008265E-002   2.0000000000000001E-004  0.24340000000000001       0.74860000000000004        1.1999999999999999E-003   6.6000000000000000E-003
   59.000000000000000       -8.4053779238630645E-003   2.0000000000000001E-004  0.24279999999999999       0.74860000000000004        1.1999999999999999E-003   7.1999999999999998E-003
   60.000000000000000       -3.3590366885964180E-002   2.0000000000000001E-004  0.24199999999999999       0.74860000000000004        1.1999999999999999E-003   8.0000000000000002E-003
   61.000000000000000       -6.0192612876007905E-002   3.0000000000000001E-003  0.21179999999999999       0.77159999999999995        4.5999999999999999E-003   8.9999999999999993E-003
   62.000000000000000       -7.5232684781306833E-002   2.3000000000000000E-002  0.20660000000000001       0.75439999999999996        6.1999999999999998E-003   9.7999999999999997E-003
   63.000000000000000       -6.7271553688973446E-002   2.3000000000000000E-002  0.19960000000000000       0.75900000000000001        8.0000000000000002E-003   1.0400000000000000E-002
   64.000000000000000       -5.4107481118627641E-002   2.3000000000000000E-002  0.20180000000000001       0.75660000000000005        8.6000000000000000E-003   1.0000000000000000E-002
   65.000000000000000       -3.7026356841062404E-002   2.2200000000000001E-002  0.20080000000000001       0.75300000000000000        1.3200000000000000E-002   1.0800000000000001E-002
   66.000000000000000       -1.9969244505564379E-002   2.1600000000000001E-002  0.19900000000000001       0.75060000000000004        1.6600000000000000E-002   1.2200000000000001E-002
   67.000000000000000       -4.0462654539980894E-003   2.1200000000000000E-002  0.19900000000000001       0.75039999999999996        1.7000000000000001E-002   1.2400000000000000E-002
   68.000000000000000        1.0291315720981797E-002   2.0600000000000000E-002  0.19600000000000001       0.75339999999999996        1.6799999999999999E-002   1.3200000000000000E-002
   69.000000000000000        2.5826112445833875E-002   2.0600000000000000E-002  0.19539999999999999       0.74780000000000002        2.0400000000000001E-002   1.5800000000000002E-002
   70.000000000000000        3.8891340528221748E-002   2.0600000000000000E-002  0.19539999999999999       0.74780000000000002        2.0400000000000001E-002   1.5800000000000002E-002
   71.000000000000000        5.2464051125474760E-002   1.2999999999999999E-002  0.20219999999999999       0.74760000000000004        2.0799999999999999E-002   1.6400000000000001E-002
   72.000000000000000        6.6676869659314353E-002   1.3200000000000000E-002  0.19539999999999999       0.75260000000000005        2.2200000000000001E-002   1.6600000000000000E-002
   73.000000000000000        7.8925038606062287E-002   1.3200000000000000E-002  0.19300000000000000       0.75500000000000000        2.2200000000000001E-002   1.6600000000000000E-002
   74.000000000000000        9.0805126046925366E-002   1.3200000000000000E-002  0.18859999999999999       0.75919999999999999        2.2400000000000000E-002   1.6600000000000000E-002
   75.000000000000000       0.10240243262826378        1.1599999999999999E-002  0.18079999999999999       0.76800000000000002        2.2800000000000001E-002   1.6799999999999999E-002
   76.000000000000000       0.11181610834491906        1.1400000000000000E-002  0.17580000000000001       0.77300000000000002        2.2800000000000001E-002   1.7000000000000001E-002
   77.000000000000000       0.11993507994904727        1.1200000000000000E-002  0.16980000000000001       0.77759999999999996        2.4199999999999999E-002   1.7200000000000000E-002
   78.000000000000000       0.12597447675910842        1.0999999999999999E-002  0.17040000000000000       0.77700000000000002        2.4199999999999999E-002   1.7399999999999999E-002
   79.000000000000000       0.13221871630134094        1.0999999999999999E-002  0.16360000000000000       0.77739999999999998        3.0400000000000000E-002   1.7600000000000001E-002
   80.000000000000000       0.13569607919289217        1.0999999999999999E-002  0.16300000000000001       0.77480000000000004        3.3399999999999999E-002   1.7800000000000000E-002
   81.000000000000000       0.13651692523093070        2.0000000000000000E-003  0.17140000000000000       0.77180000000000004        3.6999999999999998E-002   1.7800000000000000E-002
   82.000000000000000       0.14295728491175655        2.0000000000000000E-003  0.17140000000000000       0.77120000000000000        3.6999999999999998E-002   1.8400000000000000E-002
   83.000000000000000       0.14731834838307228        2.0000000000000000E-003  0.17140000000000000       0.77120000000000000        3.6999999999999998E-002   1.8400000000000000E-002
   84.000000000000000       0.15043517987157071        2.0000000000000000E-003  0.17140000000000000       0.77059999999999995        3.6999999999999998E-002   1.9000000000000000E-002
   85.000000000000000       0.15027814307735490        2.0000000000000000E-003  0.17140000000000000       0.77039999999999997        3.6999999999999998E-002   1.9199999999999998E-002
   86.000000000000000       0.14749248864867870        2.0000000000000000E-003  0.27820000000000000       0.66320000000000001        3.7199999999999997E-002   1.9400000000000001E-002
   87.000000000000000       0.14675756361825279        2.0000000000000000E-003  0.27820000000000000       0.66320000000000001        3.7199999999999997E-002   1.9400000000000001E-002
   88.000000000000000       0.14398886077977932        2.0000000000000000E-003  0.27820000000000000       0.66320000000000001        3.7199999999999997E-002   1.9400000000000001E-002
   89.000000000000000       0.13595566419256913        2.0000000000000000E-003  0.27779999999999999       0.66320000000000001        3.7600000000000001E-002   1.9400000000000001E-002
   90.000000000000000       0.12291861987862096        2.0000000000000000E-003  0.33900000000000002       0.59419999999999995        4.3799999999999999E-002   2.1000000000000001E-002
   91.000000000000000       0.10861533985318712        2.0000000000000000E-003  0.33900000000000002       0.58560000000000001        5.2400000000000002E-002   2.1000000000000001E-002
   92.000000000000000        9.4069358622161287E-002   2.0000000000000000E-003  0.33900000000000002       0.55020000000000002        8.5400000000000004E-002   2.3400000000000001E-002
   93.000000000000000        7.3426250852090341E-002   2.0000000000000000E-003  0.33900000000000002       0.55120000000000002        8.4000000000000005E-002   2.3800000000000002E-002
   94.000000000000000        5.1344977053237373E-002   2.0000000000000000E-003  0.33900000000000002       0.53420000000000001        9.7199999999999995E-002   2.7600000000000000E-002
   95.000000000000000        2.5078898848121506E-002   2.0000000000000000E-003  0.33900000000000002       0.53500000000000003        9.5799999999999996E-002   2.8199999999999999E-002
   96.000000000000000       -2.3126161183220743E-003   1.8000000000000000E-003  0.33760000000000001       0.52320000000000000       0.10740000000000000        2.9999999999999999E-002
   97.000000000000000       -2.0113582668075183E-002   1.8000000000000000E-003  0.33239999999999997       0.52100000000000002       0.11480000000000000        2.9999999999999999E-002
   98.000000000000000       -2.8664485042161712E-002   1.8000000000000000E-003  0.33239999999999997       0.52100000000000002       0.11480000000000000        2.9999999999999999E-002
   99.000000000000000       -3.7088332797301157E-002   1.8000000000000000E-003  0.33100000000000002       0.52059999999999995       0.11660000000000000        2.9999999999999999E-002
   100.00000000000000       -4.3557295770208046E-002   1.8000000000000000E-003  0.29520000000000002       0.55640000000000001       0.11660000000000000        2.9999999999999999E-002
   101.00000000000000       -4.9590754881913071E-002   1.6000000000000001E-003  0.21700000000000000       0.63460000000000005       0.11680000000000000        2.9999999999999999E-002
   102.00000000000000       -5.6159075110254475E-002   1.6000000000000001E-003  0.17040000000000000       0.68040000000000000       0.11680000000000000        3.0800000000000001E-002
   103.00000000000000       -5.8707926699586223E-002   1.1999999999999999E-003  0.18240000000000001       0.66820000000000002       0.11740000000000000        3.0800000000000001E-002
   104.00000000000000       -5.7476116358838064E-002   1.0000000000000000E-003  0.18300000000000000       0.66559999999999997       0.11780000000000000        3.2599999999999997E-002
   105.00000000000000       -5.5085350957717091E-002   4.0000000000000002E-004  0.18420000000000000       0.66339999999999999       0.11940000000000001        3.2599999999999997E-002
   106.00000000000000       -5.0828397230921835E-002   4.0000000000000002E-004  0.18300000000000000       0.66220000000000001       0.11940000000000001        3.5000000000000003E-002
   107.00000000000000       -4.6227068927780196E-002   4.0000000000000002E-004  0.18279999999999999       0.66159999999999997       0.11880000000000000        3.6400000000000002E-002
   108.00000000000000       -4.0206373084271975E-002   2.2000000000000001E-003  0.18099999999999999       0.66000000000000003       0.11960000000000000        3.7199999999999997E-002
   109.00000000000000       -3.2200071333903638E-002   1.4000000000000000E-003  0.17940000000000000       0.66000000000000003       0.12120000000000000        3.7999999999999999E-002
   110.00000000000000       -2.1226424733613955E-002   0.0000000000000000       0.17799999999999999       0.66039999999999999       0.12360000000000000        3.7999999999999999E-002
   111.00000000000000       -8.9642555870690713E-003   0.0000000000000000       0.17640000000000000       0.66200000000000003       0.12360000000000000        3.7999999999999999E-002
   112.00000000000000        5.4434439561218909E-003   0.0000000000000000       0.17620000000000000       0.66180000000000005       0.12340000000000000        3.8600000000000002E-002
   113.00000000000000        2.0555663671385588E-002   0.0000000000000000       0.17280000000000001       0.66300000000000003       0.12559999999999999        3.8600000000000002E-002
   114.00000000000000        3.5986899395662825E-002   0.0000000000000000       0.17340000000000000       0.66239999999999999       0.12460000000000000        3.9600000000000003E-002
   115.00000000000000        5.6617672882161504E-002   0.0000000000000000       0.16760000000000000       0.66159999999999997       0.13039999999999999        4.0399999999999998E-002
   116.00000000000000        8.1946249033550148E-002   0.0000000000000000       0.13139999999999999       0.68840000000000001       0.13880000000000001        4.1399999999999999E-002
   117.00000000000000       0.10411847635904593        0.0000000000000000       0.12820000000000001       0.68799999999999994       0.14060000000000000        4.3200000000000002E-002
   118.00000000000000       0.12517868644350347        0.0000000000000000       0.12180000000000001       0.69079999999999997       0.14380000000000001        4.3600000000000000E-002
   119.00000000000000       0.14457203294939389        1.2999999999999999E-002  0.10860000000000000       0.68040000000000000       0.15440000000000001        4.3600000000000000E-002
   120.00000000000000       0.16197714975075256        1.2999999999999999E-002  0.10860000000000000       0.68040000000000000       0.15440000000000001        4.3600000000000000E-002
   121.00000000000000       0.17626336139713128        1.2999999999999999E-002  0.10860000000000000       0.68040000000000000       0.15440000000000001        4.3600000000000000E-002
   122.00000000000000       0.18630783585371535        1.2800000000000001E-002  0.10860000000000000       0.67779999999999996       0.15679999999999999        4.3999999999999997E-002
   123.00000000000000       0.19176208492335797        1.2600000000000000E-002  0.10860000000000000       0.67779999999999996       0.15740000000000001        4.3600000000000000E-002
   124.00000000000000       0.19540566467993029        1.2600000000000000E-002  0.10860000000000000       0.67379999999999995       0.15700000000000000        4.8000000000000001E-002
   125.00000000000000       0.19340112332625525        1.2200000000000001E-002  0.10860000000000000       0.66720000000000002       0.16360000000000000        4.8399999999999999E-002
   126.00000000000000       0.18733955793438570        1.1599999999999999E-002  0.10860000000000000       0.66239999999999999       0.16460000000000000        5.2800000000000000E-002
   127.00000000000000       0.17594355435431203        1.1400000000000000E-002  0.10860000000000000       0.66239999999999999       0.16500000000000001        5.2600000000000001E-002
   128.00000000000000       0.16076595444998243        1.1200000000000000E-002  0.10860000000000000       0.66259999999999997       0.16039999999999999        5.7200000000000001E-002
   129.00000000000000       0.14239653873071312        1.1200000000000000E-002  0.10860000000000000       0.66220000000000001       0.16039999999999999        5.7599999999999998E-002
   130.00000000000000       0.12173192107374643        1.1200000000000000E-002  0.10860000000000000       0.66220000000000001       0.16039999999999999        5.7599999999999998E-002
   131.00000000000000       0.10034672783628112        1.0800000000000001E-002  0.10860000000000000       0.65820000000000001       0.16180000000000000        6.0600000000000001E-002
   132.00000000000000        7.6627202060754893E-002   1.0600000000000000E-002  0.10860000000000000       0.65259999999999996       0.16600000000000001        6.2199999999999998E-002
   133.00000000000000        5.5336267473730071E-002   5.8599999999999999E-002   5.8400000000000001E-002  0.65239999999999998       0.16760000000000000        6.3000000000000000E-002
   134.00000000000000        3.5438671494209484E-002   5.8599999999999999E-002   5.8400000000000001E-002  0.64720000000000000       0.17280000000000001        6.3000000000000000E-002
   135.00000000000000        1.6146077241090802E-002   5.8599999999999999E-002   5.7400000000000000E-002  0.64800000000000002       0.17299999999999999        6.3000000000000000E-002
   136.00000000000000        7.2535551756151145E-004   5.8599999999999999E-002   3.9000000000000000E-002  0.66639999999999999       0.17180000000000001        6.4199999999999993E-002
   137.00000000000000       -1.2257010377293057E-002   5.8599999999999999E-002   3.6999999999999998E-002  0.66839999999999999       0.17180000000000001        6.4199999999999993E-002
   138.00000000000000       -2.1570928219962121E-002   5.8599999999999999E-002   3.5600000000000000E-002  0.66940000000000000       0.17180000000000001        6.4600000000000005E-002
   139.00000000000000       -2.6050467113098996E-002   5.8599999999999999E-002   3.8399999999999997E-002  0.66479999999999995       0.17299999999999999        6.5199999999999994E-002
   140.00000000000000       -2.5272443931751418E-002   5.8599999999999999E-002   4.2999999999999997E-002  0.65820000000000001       0.17060000000000000        6.9599999999999995E-002
   141.00000000000000       -2.2673834604819282E-002   5.8599999999999999E-002   4.4800000000000000E-002  0.65620000000000001       0.17100000000000001        6.9400000000000003E-002
   142.00000000000000       -1.5725759369343749E-002   5.8599999999999999E-002   4.5199999999999997E-002  0.65220000000000000       0.17460000000000001        6.9400000000000003E-002
   143.00000000000000       -7.4602667937609772E-003   5.8599999999999999E-002   4.5400000000000003E-002  0.65200000000000002       0.17460000000000001        6.9400000000000003E-002
   144.00000000000000        2.9384275911683230E-003   5.8599999999999999E-002   4.5400000000000003E-002  0.64880000000000004       0.17780000000000001        6.9400000000000003E-002
   145.00000000000000        1.6758361402200710E-002   5.7200000000000001E-002   4.5199999999999997E-002  0.64520000000000000       0.17660000000000001        7.5800000000000006E-002
   146.00000000000000        3.2987008974523571E-002   5.7000000000000002E-002   4.5400000000000003E-002  0.63739999999999997       0.18179999999999999        7.8399999999999997E-002
   147.00000000000000        4.9280011153296784E-002   5.7000000000000002E-002   4.5400000000000003E-002  0.62600000000000000       0.19180000000000000        7.9799999999999996E-002
   148.00000000000000        6.5018118546662201E-002   5.1200000000000002E-002   4.5400000000000003E-002  0.63180000000000003       0.18440000000000001        8.7200000000000000E-002
   149.00000000000000        8.0955514454109062E-002   4.1599999999999998E-002   4.5400000000000003E-002  0.64119999999999999       0.18379999999999999        8.7999999999999995E-002
   150.00000000000000        9.7001645505339656E-002   3.6999999999999998E-002   4.5400000000000003E-002  0.64580000000000004       0.18400000000000000        8.7800000000000003E-002
   151.00000000000000       0.11294294950703314        3.6999999999999998E-002   4.5400000000000003E-002  0.64580000000000004       0.18220000000000000        8.9599999999999999E-002
   152.00000000000000       0.13097648889374863        3.6799999999999999E-002   4.5400000000000003E-002  0.64380000000000004       0.18260000000000001        9.1399999999999995E-002
   153.00000000000000       0.14934222058427005        3.1399999999999997E-002   4.5400000000000003E-002  0.64400000000000002       0.18640000000000001        9.2799999999999994E-002
   154.00000000000000       0.16668018155113534        2.7400000000000001E-002   4.5400000000000003E-002  0.64439999999999997       0.18379999999999999        9.9000000000000005E-002
   155.00000000000000       0.18383104546529072        2.6200000000000001E-002   4.5400000000000003E-002  0.64219999999999999       0.18379999999999999       0.10240000000000000     
   156.00000000000000       0.20216703874137407        2.5600000000000001E-002   4.5400000000000003E-002  0.63819999999999999       0.18220000000000000       0.10860000000000000     
   157.00000000000000       0.21647292222146902        2.5600000000000001E-002   4.5400000000000003E-002  0.63739999999999997       0.16839999999999999       0.12320000000000000     
   158.00000000000000       0.22982269725718502        2.5600000000000001E-002   4.5400000000000003E-002  0.63539999999999996       0.16719999999999999       0.12640000000000001     
   159.00000000000000       0.24274637805249516        2.3400000000000001E-002   4.5400000000000003E-002  0.63039999999999996       0.17160000000000000       0.12920000000000001     
   160.00000000000000       0.25253412306108192        8.9999999999999993E-003   5.9400000000000001E-002  0.63080000000000003       0.17180000000000001       0.12900000000000000     
   161.00000000000000       0.26142298569694106        7.7999999999999996E-003   5.7599999999999998E-002  0.63260000000000005       0.17280000000000001       0.12920000000000001     
   162.00000000000000       0.27131861325240653        7.6000000000000000E-003   5.6399999999999999E-002  0.63080000000000003       0.17240000000000000       0.13280000000000000     
   163.00000000000000       0.27965786822278393        7.0000000000000001E-003   5.3999999999999999E-002  0.62819999999999998       0.17740000000000000       0.13339999999999999     
   164.00000000000000       0.28638397105707941        7.0000000000000001E-003   5.4399999999999997E-002  0.62460000000000004       0.17740000000000000       0.13660000000000000     
   165.00000000000000       0.29072228888128043        7.0000000000000001E-003   5.3199999999999997E-002  0.62580000000000002       0.17740000000000000       0.13660000000000000     
   166.00000000000000       0.29556037669469454        7.0000000000000001E-003   4.4999999999999998E-002  0.63119999999999998       0.17860000000000001       0.13819999999999999     
   167.00000000000000       0.30085425137875105        7.0000000000000001E-003   5.0799999999999998E-002  0.62260000000000004       0.17960000000000001       0.14000000000000001     
   168.00000000000000       0.31008805888704599        7.0000000000000001E-003   4.9399999999999999E-002  0.62139999999999995       0.17899999999999999       0.14319999999999999     
   169.00000000000000       0.31945660167986373        6.1999999999999998E-003   5.3800000000000001E-002  0.61519999999999997       0.17899999999999999       0.14580000000000001     
   170.00000000000000       0.32829449469794325        5.1999999999999998E-003   5.4600000000000003E-002  0.61160000000000003       0.18240000000000001       0.14620000000000000     
   171.00000000000000       0.33595288827650926        5.5999999999999999E-003   5.4199999999999998E-002  0.60680000000000001       0.18360000000000001       0.14979999999999999     
   172.00000000000000       0.33955413350735564        8.2000000000000007E-003   5.1400000000000001E-002  0.60599999999999998       0.18440000000000001       0.14999999999999999     
   173.00000000000000       0.34146211052947051        8.2000000000000007E-003   5.0799999999999998E-002  0.60019999999999996       0.18980000000000000       0.15100000000000000     
   174.00000000000000       0.33995347218027683        5.4000000000000003E-003   5.2800000000000000E-002  0.60019999999999996       0.19059999999999999       0.15100000000000000     
   175.00000000000000       0.33631364974475630        5.0000000000000001E-003   5.2600000000000001E-002  0.59940000000000004       0.19139999999999999       0.15160000000000001     
   176.00000000000000       0.32776984037869128        5.0000000000000001E-003   5.0400000000000000E-002  0.59999999999999998       0.19280000000000000       0.15179999999999999     
   177.00000000000000       0.31768045673477269        5.0000000000000001E-003   5.0400000000000000E-002  0.59899999999999998       0.19380000000000000       0.15179999999999999     
   178.00000000000000       0.30511416436779937        4.7999999999999996E-003   5.0599999999999999E-002  0.59899999999999998       0.19380000000000000       0.15179999999999999     
   179.00000000000000       0.29138090343966483        4.7999999999999996E-003   5.0200000000000002E-002  0.59919999999999995       0.19380000000000000       0.15200000000000000     
   180.00000000000000       0.27632368223013692        0.0000000000000000        5.4399999999999997E-002  0.59960000000000002       0.19359999999999999       0.15240000000000001     
   181.00000000000000       0.26319806505671617        0.0000000000000000        5.4399999999999997E-002  0.59140000000000004       0.20000000000000001       0.15420000000000000     
   182.00000000000000       0.24853498372890548        0.0000000000000000        5.4399999999999997E-002  0.58840000000000003       0.20280000000000001       0.15440000000000001     
   183.00000000000000       0.23542624622379044        0.0000000000000000        0.0000000000000000       0.64239999999999997       0.20200000000000001       0.15559999999999999     
   184.00000000000000       0.22001298847522610        0.0000000000000000        0.0000000000000000       0.64239999999999997       0.20080000000000001       0.15679999999999999     
   185.00000000000000       0.23098573069613201        0.0000000000000000        0.0000000000000000       0.64239999999999997       0.19919999999999999       0.15840000000000001     
   186.00000000000000       0.23735836327176346        0.0000000000000000        0.0000000000000000       0.64239999999999997       0.19919999999999999       0.15840000000000001     
   187.00000000000000       0.23887523726475834        0.0000000000000000        0.0000000000000000       0.64239999999999997       0.19919999999999999       0.15840000000000001     
   188.00000000000000       0.23545063677830000        0.0000000000000000        0.0000000000000000       0.64239999999999997       0.19919999999999999       0.15840000000000001     
   189.00000000000000       0.22662153100699001        0.0000000000000000        0.0000000000000000       0.64239999999999997       0.19159999999999999       0.16600000000000001     
   190.00000000000000       0.21187973987101327        0.0000000000000000        0.0000000000000000       0.64239999999999997       0.19560000000000000       0.16200000000000001     
   191.00000000000000       0.19196397412432945        0.0000000000000000        0.0000000000000000       0.64239999999999997       0.20000000000000001       0.15759999999999999     
   192.00000000000000       0.16848050225670030        0.0000000000000000        0.0000000000000000       0.64239999999999997       0.19439999999999999       0.16320000000000001     
   193.00000000000000       0.14057988043811676        0.0000000000000000        0.0000000000000000       0.64239999999999997       0.19339999999999999       0.16420000000000001     
   194.00000000000000       0.10858921773829094        0.0000000000000000        0.0000000000000000       0.64239999999999997       0.19139999999999999       0.16619999999999999     
   195.00000000000000        7.5086143136466943E-002   0.0000000000000000        0.0000000000000000       0.64239999999999997       0.18940000000000001       0.16819999999999999     
   196.00000000000000        3.9581300073412887E-002   0.0000000000000000        0.0000000000000000       0.64239999999999997       0.18940000000000001       0.16819999999999999     
   197.00000000000000       -2.4995183706434665E-003   4.0000000000000002E-004  0.53280000000000005       0.10879999999999999       0.18980000000000000       0.16819999999999999     
   198.00000000000000       -2.6977925582047896E-002   2.9399999999999999E-002  0.46739999999999998       0.14520000000000000       0.18980000000000000       0.16819999999999999     
   199.00000000000000       -2.9949813674113632E-002   2.9399999999999999E-002  0.49959999999999999       0.11240000000000000       0.18980000000000000       0.16880000000000001     
   200.00000000000000       -3.0833668926951240E-002   2.8199999999999999E-002  0.50560000000000005       0.10480000000000000       0.19259999999999999       0.16880000000000001     
   201.00000000000000       -3.2096213648030107E-002   2.1600000000000001E-002  0.50960000000000005       0.10520000000000000       0.19200000000000000       0.17160000000000000     
   202.00000000000000       -3.2773237557427969E-002   2.1399999999999999E-002  0.50400000000000000       0.10840000000000000       0.19280000000000000       0.17340000000000000     
   203.00000000000000       -3.2992827978226849E-002   1.9800000000000002E-002  0.50080000000000002       0.11240000000000000       0.19359999999999999       0.17340000000000000     
   204.00000000000000       -3.6507344865085729E-002   1.8800000000000001E-002  0.50080000000000002       0.10920000000000001       0.19739999999999999       0.17380000000000001     
   205.00000000000000       -3.1767308668764170E-002   1.8400000000000000E-002  0.50100000000000000       0.10820000000000000       0.19719999999999999       0.17519999999999999     
   206.00000000000000       -2.7101500061478725E-002   1.7800000000000000E-002  0.49959999999999999       0.10480000000000000       0.20000000000000001       0.17780000000000001     
   207.00000000000000       -2.5646224267667675E-002   1.7800000000000000E-002  0.49259999999999998       0.10840000000000000       0.20260000000000000       0.17860000000000001     
   208.00000000000000       -2.4629414938572333E-002   1.7399999999999999E-002  0.49140000000000000       0.10660000000000000       0.20599999999999999       0.17860000000000001     
   209.00000000000000       -2.3515866692549986E-002   1.7200000000000000E-002  0.49159999999999998       0.10639999999999999       0.20599999999999999       0.17879999999999999     
   210.00000000000000       -2.0484116315023906E-002   1.5400000000000000E-002  0.48980000000000001       0.10539999999999999       0.20640000000000000       0.18300000000000000     
   211.00000000000000       -2.0422701093029239E-002   1.5200000000000000E-002  0.48980000000000001       0.10539999999999999       0.20660000000000001       0.18300000000000000     
   212.00000000000000       -1.9792111448301522E-002   1.2999999999999999E-002  0.49099999999999999       0.10360000000000000       0.20860000000000001       0.18379999999999999     
   213.00000000000000       -1.9565604225350308E-002   2.0600000000000000E-002  0.48299999999999998       0.10240000000000000       0.20880000000000001       0.18520000000000000     
   214.00000000000000       -8.5418458728781649E-004   2.0000000000000000E-002  0.48299999999999998       0.10100000000000001       0.21020000000000000       0.18579999999999999     
   215.00000000000000        2.1349327681395837E-002   2.0000000000000000E-002  0.48299999999999998       0.10080000000000000       0.21040000000000000       0.18579999999999999     
   216.00000000000000        4.2597481849782105E-002   2.0000000000000000E-002  0.48299999999999998       0.10080000000000000       0.21040000000000000       0.18579999999999999     
