#        BMIN =   404
#        BMAX =   408
#     INIBAND =   406
#      NBANDS =   540
#         NSW =  2000
#       POTIM =   1.0
#        TEMP = 300.0
#    NAMDTINI =   753
#    NAMDTIME =  1000
#       NTRAJ =  5000
#        NELM =  1000
#       LHOLE =     T
#        LSHP =     T
#      LCPTXT =     T
#      RUNDIR = ../../run/
   1.0000000000000000        5.3086343360114113E-002   0.0000000000000000        0.0000000000000000        1.0000000000000000        0.0000000000000000        0.0000000000000000     
   2.0000000000000000        3.5719727881577214E-002   0.0000000000000000        0.0000000000000000       0.99539999999999995        5.9999999999999995E-004   4.0000000000000001E-003
   3.0000000000000000        1.2137075793011012E-002   0.0000000000000000        0.0000000000000000       0.99339999999999995        2.5999999999999999E-003   4.0000000000000001E-003
   4.0000000000000000       -1.5003851669571461E-002   0.0000000000000000        0.0000000000000000       0.99339999999999995        2.5999999999999999E-003   4.0000000000000001E-003
   5.0000000000000000       -4.4326569395484100E-002   0.0000000000000000        0.0000000000000000       0.98980000000000001        4.7999999999999996E-003   5.4000000000000003E-003
   6.0000000000000000       -7.6620713960410855E-002   0.0000000000000000        2.2000000000000001E-003  0.98760000000000003        4.7999999999999996E-003   5.4000000000000003E-003
   7.0000000000000000      -0.10389707613279904        0.0000000000000000        2.0400000000000001E-002  0.96560000000000001        4.7999999999999996E-003   9.1999999999999998E-003
   8.0000000000000000      -0.12413521021397733        0.0000000000000000        3.3399999999999999E-002  0.95260000000000000        4.5999999999999999E-003   9.4000000000000004E-003
   9.0000000000000000      -0.13173226667352500        0.0000000000000000        3.1600000000000003E-002  0.95440000000000003        4.5999999999999999E-003   9.4000000000000004E-003
   10.000000000000000      -0.13531150394257502        0.0000000000000000        2.8799999999999999E-002  0.95720000000000005        4.5999999999999999E-003   9.4000000000000004E-003
   11.000000000000000      -0.13659971955152075        0.0000000000000000        2.1200000000000000E-002  0.96199999999999997        7.4000000000000003E-003   9.4000000000000004E-003
   12.000000000000000      -0.13802019936355367        0.0000000000000000        1.9000000000000000E-002  0.96419999999999995        7.4000000000000003E-003   9.4000000000000004E-003
   13.000000000000000      -0.13848420368109174        0.0000000000000000        1.8800000000000001E-002  0.96319999999999995        7.4000000000000003E-003   1.0600000000000000E-002
   14.000000000000000      -0.13877084664206668        6.4000000000000003E-003   1.2400000000000000E-002  0.96319999999999995        7.4000000000000003E-003   1.0600000000000000E-002
   15.000000000000000      -0.14308164091484282        6.4000000000000003E-003  0.15900000000000000       0.81599999999999995        7.7999999999999996E-003   1.0800000000000001E-002
   16.000000000000000      -0.12471612200446341        6.4000000000000003E-003  0.15900000000000000       0.81599999999999995        7.7999999999999996E-003   1.0800000000000001E-002
   17.000000000000000       -8.2316040704275048E-002   6.4000000000000003E-003  0.15820000000000001       0.81599999999999995        8.2000000000000007E-003   1.1200000000000000E-002
   18.000000000000000       -4.0161482758762287E-002   6.4000000000000003E-003  0.15820000000000001       0.81599999999999995        8.2000000000000007E-003   1.1200000000000000E-002
   19.000000000000000        2.5278323488871213E-005   6.4000000000000003E-003  0.15700000000000000       0.81599999999999995        9.4000000000000004E-003   1.1200000000000000E-002
   20.000000000000000        3.7732284702866270E-002   6.7999999999999996E-003  0.15659999999999999       0.81599999999999995        9.4000000000000004E-003   1.1200000000000000E-002
   21.000000000000000        7.1754400080539626E-002   6.7999999999999996E-003  0.15559999999999999       0.81399999999999995        1.0600000000000000E-002   1.2999999999999999E-002
   22.000000000000000        9.1619049481991233E-002   8.0000000000000002E-003  0.15440000000000001       0.81420000000000003        1.0600000000000000E-002   1.2800000000000001E-002
   23.000000000000000        8.9132019488275108E-002  0.11899999999999999        4.1599999999999998E-002  0.81459999999999999        1.0600000000000000E-002   1.4200000000000001E-002
   24.000000000000000        9.0622349870460375E-002  0.11280000000000000        4.5999999999999999E-002  0.81020000000000003        1.0600000000000000E-002   2.0400000000000001E-002
   25.000000000000000        8.9704340864823109E-002  0.12260000000000000        3.6200000000000003E-002  0.80900000000000005        1.0600000000000000E-002   2.1600000000000001E-002
   26.000000000000000        8.8295251797402025E-002  0.14240000000000000        1.4000000000000000E-002  0.81120000000000003        1.0800000000000001E-002   2.1600000000000001E-002
   27.000000000000000        9.7071511866677368E-002  0.13059999999999999        2.5200000000000000E-002  0.81140000000000001        1.0800000000000001E-002   2.1999999999999999E-002
   28.000000000000000        7.8666790716862597E-002  0.14740000000000000        8.3999999999999995E-003  0.81140000000000001        1.0800000000000001E-002   2.1999999999999999E-002
   29.000000000000000        8.4185710149588810E-002  0.14740000000000000        8.3999999999999995E-003  0.80640000000000001        1.0800000000000001E-002   2.7000000000000000E-002
   30.000000000000000        6.4807461249330553E-002  0.14660000000000001        8.9999999999999993E-003  0.80659999999999998        1.0800000000000001E-002   2.7000000000000000E-002
   31.000000000000000        5.5752936785727257E-002  0.14640000000000000        8.8000000000000005E-003  0.77220000000000000        4.5400000000000003E-002   2.7199999999999998E-002
   32.000000000000000        2.6890630139602641E-002  0.14599999999999999        8.3999999999999995E-003  0.77220000000000000        4.5999999999999999E-002   2.7400000000000001E-002
   33.000000000000000       -8.6734996716814755E-003  0.14599999999999999        8.3999999999999995E-003  0.77220000000000000        4.5999999999999999E-002   2.7400000000000001E-002
   34.000000000000000       -4.6141050847034341E-002  0.14540000000000000        8.9999999999999993E-003  0.77220000000000000        4.5999999999999999E-002   2.7400000000000001E-002
   35.000000000000000       -8.3752641757665267E-002  0.13919999999999999        8.9999999999999993E-003  0.77800000000000002        4.6199999999999998E-002   2.7600000000000000E-002
   36.000000000000000      -0.11850333410188428       0.13539999999999999        8.9999999999999993E-003  0.78180000000000005        4.6199999999999998E-002   2.7600000000000000E-002
   37.000000000000000      -0.11720315795942246       0.13539999999999999        8.9999999999999993E-003  0.78180000000000005        4.6199999999999998E-002   2.7600000000000000E-002
   38.000000000000000      -0.11650891304391095       0.13339999999999999        9.7999999999999997E-003  0.78200000000000003        4.7000000000000000E-002   2.7799999999999998E-002
   39.000000000000000      -0.11586659623514516       0.13339999999999999        9.4000000000000004E-003  0.78239999999999998        4.7000000000000000E-002   2.7799999999999998E-002
   40.000000000000000      -0.11676423498993836       0.13339999999999999        9.4000000000000004E-003  0.78200000000000003        4.6800000000000001E-002   2.8400000000000002E-002
   41.000000000000000      -0.11590549222503431       0.13120000000000001        8.9999999999999993E-003  0.78380000000000005        4.7600000000000003E-002   2.8400000000000002E-002
   42.000000000000000      -0.11350306253427543       0.13159999999999999        8.3999999999999995E-003  0.78380000000000005        4.7600000000000003E-002   2.8600000000000000E-002
   43.000000000000000      -0.10996885582941762       0.13159999999999999        8.3999999999999995E-003  0.78380000000000005        4.7600000000000003E-002   2.8600000000000000E-002
   44.000000000000000      -0.10571259910735717       0.13159999999999999        8.3999999999999995E-003  0.78380000000000005        4.7600000000000003E-002   2.8600000000000000E-002
   45.000000000000000      -0.10091218983124720       0.13059999999999999        8.8000000000000005E-003  0.78339999999999999        4.7600000000000003E-002   2.9600000000000001E-002
   46.000000000000000       -9.5120188503101236E-002   4.8599999999999997E-002   9.0800000000000006E-002  0.78339999999999999        4.7600000000000003E-002   2.9600000000000001E-002
   47.000000000000000       -8.8561079789317640E-002   4.8399999999999999E-002   9.0800000000000006E-002  0.78339999999999999        4.7800000000000002E-002   2.9600000000000001E-002
   48.000000000000000       -8.0489683955139113E-002   4.8399999999999999E-002   9.0800000000000006E-002  0.78159999999999996        4.7800000000000002E-002   3.1399999999999997E-002
   49.000000000000000       -7.2190449699380835E-002   4.8399999999999999E-002   9.0800000000000006E-002  0.78020000000000000        4.6800000000000001E-002   3.3799999999999997E-002
   50.000000000000000       -6.4620663609116266E-002   4.8200000000000000E-002   9.0800000000000006E-002  0.78020000000000000        4.6800000000000001E-002   3.4000000000000002E-002
   51.000000000000000       -5.6470566940642883E-002   4.7800000000000002E-002   9.0800000000000006E-002  0.78000000000000003        4.5800000000000000E-002   3.5600000000000000E-002
   52.000000000000000       -4.7837814615761878E-002   4.7800000000000002E-002   9.0800000000000006E-002  0.77159999999999995        5.4199999999999998E-002   3.5600000000000000E-002
   53.000000000000000       -3.9125232444661234E-002   4.7600000000000003E-002   9.0800000000000006E-002  0.77120000000000000        5.4399999999999997E-002   3.5999999999999997E-002
   54.000000000000000       -2.9000304026651574E-002   4.4400000000000002E-002   9.7400000000000000E-002  0.76639999999999997        5.4600000000000003E-002   3.7199999999999997E-002
   55.000000000000000       -1.5480541299389347E-002   4.4400000000000002E-002   9.6600000000000005E-002  0.76639999999999997        5.4399999999999997E-002   3.8199999999999998E-002
   56.000000000000000        3.1864774569254784E-003   4.4200000000000003E-002   9.6799999999999997E-002  0.76639999999999997        5.3800000000000001E-002   3.8800000000000001E-002
   57.000000000000000        1.8464986466573866E-002   4.4200000000000003E-002   9.6799999999999997E-002  0.76639999999999997        5.3400000000000003E-002   3.9199999999999999E-002
   58.000000000000000        3.0324902039929026E-002   4.3999999999999997E-002   9.6799999999999997E-002  0.76639999999999997        5.3600000000000002E-002   3.9199999999999999E-002
   59.000000000000000        3.8568892925899691E-002   4.3999999999999997E-002   8.7200000000000000E-002  0.77480000000000004        5.3600000000000002E-002   4.0399999999999998E-002
   60.000000000000000        4.8045243591507344E-002   4.3799999999999999E-002   8.7200000000000000E-002  0.77480000000000004        5.1999999999999998E-002   4.2200000000000001E-002
   61.000000000000000        6.1545758233810220E-002   4.3600000000000000E-002   8.7200000000000000E-002  0.77439999999999998        5.2200000000000003E-002   4.2599999999999999E-002
   62.000000000000000        7.4815874259394927E-002   4.3799999999999999E-002   8.7200000000000000E-002  0.77139999999999997        5.0799999999999998E-002   4.6800000000000001E-002
   63.000000000000000        8.5778049356773661E-002   4.3799999999999999E-002   8.7200000000000000E-002  0.76980000000000004        5.2400000000000002E-002   4.6800000000000001E-002
   64.000000000000000        9.4957925924108316E-002   4.3200000000000002E-002   8.7200000000000000E-002  0.76919999999999999        5.3600000000000002E-002   4.6800000000000001E-002
   65.000000000000000       0.10171574939544029        4.2599999999999999E-002   8.6199999999999999E-002  0.77000000000000002        5.3600000000000002E-002   4.7600000000000003E-002
   66.000000000000000       0.10655692946261711        4.2599999999999999E-002   8.6199999999999999E-002  0.76739999999999997        5.3199999999999997E-002   5.0599999999999999E-002
   67.000000000000000       0.11056150537091958        4.2599999999999999E-002   8.5400000000000004E-002  0.75839999999999996        6.2000000000000000E-002   5.1600000000000000E-002
   68.000000000000000       0.10913054323364535        4.2599999999999999E-002   8.5199999999999998E-002  0.75739999999999996        6.2199999999999998E-002   5.2600000000000001E-002
   69.000000000000000       0.10482599544209600        4.2599999999999999E-002   8.4199999999999997E-002  0.75680000000000003        6.3799999999999996E-002   5.2600000000000001E-002
   70.000000000000000        9.7942897188133704E-002   4.2599999999999999E-002   8.3799999999999999E-002  0.75419999999999998        6.3000000000000000E-002   5.6399999999999999E-002
   71.000000000000000        8.7196829327055386E-002   4.2599999999999999E-002   8.3599999999999994E-002  0.75419999999999998        6.2199999999999998E-002   5.7400000000000000E-002
   72.000000000000000        7.3728815145507803E-002   4.2599999999999999E-002   8.3199999999999996E-002  0.75419999999999998        6.2199999999999998E-002   5.7799999999999997E-002
   73.000000000000000        5.7991615027664159E-002   4.2200000000000001E-002   8.3599999999999994E-002  0.75419999999999998        6.2199999999999998E-002   5.7799999999999997E-002
   74.000000000000000        4.1031624474249385E-002   4.1599999999999998E-002   8.3000000000000004E-002  0.75360000000000005        6.3399999999999998E-002   5.8400000000000001E-002
   75.000000000000000        2.2463116115030417E-002   4.1599999999999998E-002   8.2799999999999999E-002  0.75360000000000005        6.3000000000000000E-002   5.8999999999999997E-002
   76.000000000000000        2.2828207152115962E-003   4.1599999999999998E-002   8.2799999999999999E-002  0.75360000000000005        6.2600000000000003E-002   5.9400000000000001E-002
   77.000000000000000       -1.6815420161285476E-002   4.1599999999999998E-002   8.2600000000000007E-002  0.75360000000000005        6.2799999999999995E-002   5.9400000000000001E-002
   78.000000000000000       -3.5768618371048472E-002   4.1599999999999998E-002   8.2600000000000007E-002  0.75300000000000000        6.3200000000000006E-002   5.9600000000000000E-002
   79.000000000000000       -5.5527855356374139E-002  0.10480000000000000        1.9400000000000001E-002  0.75239999999999996        6.3200000000000006E-002   6.0199999999999997E-002
   80.000000000000000       -7.0234377220567135E-002  0.10460000000000000        1.9400000000000001E-002  0.75219999999999998        6.3200000000000006E-002   6.0600000000000001E-002
   81.000000000000000       -8.5360181849962330E-002  0.10460000000000000        1.9400000000000001E-002  0.75100000000000000        6.4399999999999999E-002   6.0600000000000001E-002
   82.000000000000000       -9.8746903797876540E-002  0.10460000000000000        1.8200000000000001E-002  0.75219999999999998        6.4199999999999993E-002   6.0800000000000000E-002
   83.000000000000000       -9.6120745661519916E-002  0.10460000000000000        1.8200000000000001E-002  0.75219999999999998        6.4199999999999993E-002   6.0800000000000000E-002
   84.000000000000000       -7.3912598339142210E-002  0.10460000000000000        1.8200000000000001E-002  0.75219999999999998        6.4199999999999993E-002   6.0800000000000000E-002
   85.000000000000000       -4.9361619377775223E-002  0.10460000000000000        1.7999999999999999E-002  0.75219999999999998        6.4199999999999993E-002   6.0999999999999999E-002
   86.000000000000000       -2.8839064305482883E-002  0.10460000000000000        1.7999999999999999E-002  0.75219999999999998        6.3000000000000000E-002   6.2199999999999998E-002
   87.000000000000000       -1.2903693001336963E-002  0.10380000000000000        1.8599999999999998E-002  0.75219999999999998        6.2399999999999997E-002   6.3000000000000000E-002
   88.000000000000000        8.4971091727240530E-003  0.10340000000000001        1.8800000000000001E-002  0.75239999999999996        6.2199999999999998E-002   6.3200000000000006E-002
   89.000000000000000        2.3582690897759738E-002  0.10639999999999999        1.5800000000000002E-002  0.75000000000000000        6.3600000000000004E-002   6.4199999999999993E-002
   90.000000000000000        1.6625082178638888E-002  0.10420000000000000        1.7200000000000000E-002  0.75000000000000000        6.4000000000000001E-002   6.4600000000000005E-002
   91.000000000000000        7.6465471078233163E-003   8.8800000000000004E-002   3.1000000000000000E-002  0.75160000000000005        6.4000000000000001E-002   6.4600000000000005E-002
   92.000000000000000       -6.2361761129746049E-004   8.8800000000000004E-002   3.0599999999999999E-002  0.74960000000000004        6.4000000000000001E-002   6.7000000000000004E-002
   93.000000000000000       -8.6390839148902700E-003   8.8800000000000004E-002   2.9800000000000000E-002  0.75039999999999996        6.4000000000000001E-002   6.7000000000000004E-002
   94.000000000000000       -1.4539638244464637E-002   8.8800000000000004E-002   2.5399999999999999E-002  0.75139999999999996        6.4000000000000001E-002   7.0400000000000004E-002
   95.000000000000000       -2.0799910961646500E-002   8.8800000000000004E-002   2.5000000000000001E-002  0.75160000000000005        6.4000000000000001E-002   7.0599999999999996E-002
   96.000000000000000       -2.3709487383694629E-002   8.8599999999999998E-002   1.6400000000000001E-002  0.75860000000000005        6.4199999999999993E-002   7.2200000000000000E-002
   97.000000000000000       -2.6543832842660112E-002   8.8599999999999998E-002   1.6000000000000000E-002  0.72780000000000000        9.4600000000000004E-002   7.2999999999999995E-002
   98.000000000000000       -5.0947181618925835E-002   8.8200000000000001E-002   1.5599999999999999E-002  0.72780000000000000        9.4600000000000004E-002   7.3800000000000004E-002
   99.000000000000000       -7.7446811963767986E-002   8.7999999999999995E-002   1.5200000000000000E-002  0.72780000000000000        9.4799999999999995E-002   7.4200000000000002E-002
   100.00000000000000      -0.10512957684600026        8.7800000000000003E-002   1.5200000000000000E-002  0.72780000000000000        9.3600000000000003E-002   7.5600000000000001E-002
   101.00000000000000      -0.13380969036043558        8.7800000000000003E-002   1.5200000000000000E-002  0.72780000000000000        9.2600000000000002E-002   7.6600000000000001E-002
   102.00000000000000      -0.16195508823236235        8.7599999999999997E-002   1.5400000000000000E-002  0.72780000000000000        9.8400000000000001E-002   7.0800000000000002E-002
   103.00000000000000      -0.18925147160228092        8.7400000000000005E-002  0.14240000000000000       0.59919999999999995        9.5600000000000004E-002   7.5399999999999995E-002
   104.00000000000000      -0.19563394156711525       0.11740000000000000        9.9400000000000002E-002  0.61219999999999997        9.5399999999999999E-002   7.5600000000000001E-002
   105.00000000000000      -0.19440058947745684       0.11740000000000000        7.6399999999999996E-002  0.63460000000000005        9.5399999999999999E-002   7.6200000000000004E-002
   106.00000000000000      -0.19007862297838352       0.11820000000000000        8.0199999999999994E-002  0.62739999999999996        9.6799999999999997E-002   7.7399999999999997E-002
   107.00000000000000      -0.18138430296717564       0.11240000000000000       0.26779999999999998       0.44560000000000000        9.6799999999999997E-002   7.7399999999999997E-002
   108.00000000000000      -0.16481152701718799       0.10820000000000000       0.28360000000000002       0.43359999999999999        9.7199999999999995E-002   7.7399999999999997E-002
   109.00000000000000      -0.14721776382022472       0.10780000000000001       0.28780000000000000       0.42899999999999999        9.7199999999999995E-002   7.8200000000000006E-002
   110.00000000000000      -0.12916686294158919       0.10680000000000001       0.28680000000000000       0.43080000000000002        9.7199999999999995E-002   7.8399999999999997E-002
   111.00000000000000      -0.11058860980494922       0.10680000000000001       0.28699999999999998       0.43020000000000003        9.7400000000000000E-002   7.8600000000000003E-002
   112.00000000000000       -8.9127893460706431E-002  0.10680000000000001       0.27700000000000002       0.43959999999999999        9.8000000000000004E-002   7.8600000000000003E-002
   113.00000000000000       -6.6677518748982617E-002  0.10680000000000001       0.27100000000000002       0.44419999999999998        9.9199999999999997E-002   7.8799999999999995E-002
   114.00000000000000       -4.4124770770329141E-002  0.10680000000000001       0.26939999999999997       0.44479999999999997        9.9199999999999997E-002   7.9799999999999996E-002
   115.00000000000000       -2.1054936428853005E-002  0.10680000000000001       0.26579999999999998       0.44740000000000002        9.9800000000000000E-002   8.0199999999999994E-002
   116.00000000000000        1.4918105491927222E-003  0.10680000000000001       0.26600000000000001       0.44700000000000001        9.9800000000000000E-002   8.0399999999999999E-002
   117.00000000000000        2.4229469657500498E-002  0.10680000000000001       0.26140000000000002       0.44960000000000000       0.10100000000000001        8.1199999999999994E-002
   118.00000000000000        4.6369325886741183E-002   8.4199999999999997E-002  0.28079999999999999       0.44819999999999999       0.10560000000000000        8.1199999999999994E-002
   119.00000000000000        7.2045339176408846E-002   8.4199999999999997E-002  0.28079999999999999       0.44819999999999999       0.10539999999999999        8.1400000000000000E-002
   120.00000000000000        9.2752032855202685E-002   8.3799999999999999E-002  0.46839999999999998       0.25319999999999998       0.11240000000000000        8.2199999999999995E-002
   121.00000000000000       0.12304022646274931        7.8600000000000003E-002  0.47280000000000000       0.25340000000000001       0.11300000000000000        8.2199999999999995E-002
   122.00000000000000       0.14354524957834025        7.5999999999999998E-002  0.47520000000000001       0.25340000000000001       0.11300000000000000        8.2400000000000001E-002
   123.00000000000000       0.16130591422251728        7.3800000000000004E-002  0.47380000000000000       0.25340000000000001       0.11660000000000000        8.2400000000000001E-002
   124.00000000000000       0.17894900209744496        6.2000000000000000E-002  0.48480000000000001       0.25340000000000001       0.11660000000000000        8.3199999999999996E-002
   125.00000000000000       0.19162453332971344        6.2199999999999998E-002  0.48459999999999998       0.25340000000000001       0.11660000000000000        8.3199999999999996E-002
   126.00000000000000       0.20168746295898327        6.5199999999999994E-002  0.48139999999999999       0.25340000000000001       0.11680000000000000        8.3199999999999996E-002
   127.00000000000000       0.21159827560245917        6.0999999999999999E-002  0.48320000000000002       0.25340000000000001       0.11880000000000000        8.3599999999999994E-002
   128.00000000000000       0.21720380014966539        6.4199999999999993E-002  0.47999999999999998       0.25340000000000001       0.11880000000000000        8.3599999999999994E-002
   129.00000000000000       0.22206183163789547        6.6199999999999995E-002  0.47699999999999998       0.25340000000000001       0.11840000000000001        8.5000000000000006E-002
   130.00000000000000       0.22443416004865810        6.5000000000000002E-002  0.51400000000000001       0.21759999999999999       0.11720000000000000        8.6199999999999999E-002
   131.00000000000000       0.22256712076084340        6.3200000000000006E-002  0.51400000000000001       0.21940000000000001       0.11720000000000000        8.6199999999999999E-002
   132.00000000000000       0.21012516833093747        6.7400000000000002E-002  0.50639999999999996       0.21920000000000001       0.12100000000000000        8.5999999999999993E-002
   133.00000000000000       0.20681185810485581        6.7400000000000002E-002  0.50719999999999998       0.21700000000000000       0.12139999999999999        8.6999999999999994E-002
   134.00000000000000       0.21373193344774599        6.7400000000000002E-002  0.50739999999999996       0.21679999999999999       0.11880000000000000        8.9599999999999999E-002
   135.00000000000000       0.22210268546448500        6.7000000000000004E-002  0.50439999999999996       0.21980000000000000       0.11600000000000001        9.2799999999999994E-002
   136.00000000000000       0.23436394758398629        6.6400000000000001E-002  0.50539999999999996       0.21940000000000001       0.11600000000000001        9.2799999999999994E-002
   137.00000000000000       0.24793796868457213        6.6400000000000001E-002  0.49859999999999999       0.22600000000000001       0.11400000000000000        9.5000000000000001E-002
   138.00000000000000       0.26470937714775555        6.6400000000000001E-002  0.48940000000000000       0.22720000000000001       0.12180000000000001        9.5200000000000007E-002
   139.00000000000000       0.28847577928545104        6.6000000000000003E-002  0.48299999999999998       0.22960000000000000       0.12559999999999999        9.5799999999999996E-002
   140.00000000000000       0.29253354487289884        6.5400000000000000E-002  0.48580000000000001       0.22620000000000001       0.12600000000000000        9.6600000000000005E-002
   141.00000000000000       0.32343334318090644        6.5000000000000002E-002  0.48859999999999998       0.21980000000000000       0.13000000000000000        9.6600000000000005E-002
   142.00000000000000       0.32199221686613355        6.2000000000000000E-002  0.49099999999999999       0.22040000000000001       0.13000000000000000        9.6600000000000005E-002
   143.00000000000000       0.34121804832737168        6.2000000000000000E-002  0.49020000000000002       0.22040000000000001       0.13080000000000000        9.6600000000000005E-002
   144.00000000000000       0.36720840384623910        6.1199999999999997E-002  0.45600000000000002       0.25500000000000000       0.13100000000000001        9.6799999999999997E-002
   145.00000000000000       0.38296109991758970        6.1199999999999997E-002  0.46379999999999999       0.24660000000000001       0.13139999999999999        9.7000000000000003E-002
   146.00000000000000       0.29442099538332134        5.8599999999999999E-002  0.47039999999999998       0.23880000000000001       0.13460000000000000        9.7600000000000006E-002
   147.00000000000000       0.38265396231996890        5.8400000000000001E-002  0.46920000000000001       0.23999999999999999       0.13460000000000000        9.7799999999999998E-002
   148.00000000000000       0.19410433651302977        5.7599999999999998E-002  0.46899999999999997       0.23899999999999999       0.13539999999999999        9.9000000000000005E-002
   149.00000000000000       0.41375500920115427        5.7599999999999998E-002  0.46899999999999997       0.23560000000000000       0.13880000000000001        9.9000000000000005E-002
   150.00000000000000       0.41810323187874349        5.7400000000000000E-002  0.46879999999999999       0.23580000000000001       0.13900000000000001        9.9000000000000005E-002
   151.00000000000000       0.40374943661019957        5.7200000000000001E-002  0.46779999999999999       0.23680000000000001       0.13900000000000001        9.9199999999999997E-002
   152.00000000000000       0.38212596639947477        5.6800000000000003E-002  0.46460000000000001       0.23999999999999999       0.13940000000000000        9.9199999999999997E-002
   153.00000000000000       0.48849760224511146        5.6800000000000003E-002  0.46460000000000001       0.23899999999999999       0.13940000000000000       0.10020000000000000     
   154.00000000000000       0.39486077002987308        5.2800000000000000E-002  0.46700000000000003       0.24060000000000001       0.13940000000000000       0.10020000000000000     
   155.00000000000000       0.39000357782310269        5.1999999999999998E-002  0.46579999999999999       0.24079999999999999       0.14060000000000000       0.10080000000000000     
   156.00000000000000       0.37023629341574277        0.0000000000000000       0.51859999999999995       0.23920000000000000       0.14140000000000000       0.10080000000000000     
   157.00000000000000       0.23952093844205830        2.0000000000000001E-004  0.51759999999999995       0.23940000000000000       0.14080000000000001       0.10199999999999999     
   158.00000000000000       0.52515567876157532        2.0000000000000001E-004  0.51400000000000001       0.23219999999999999       0.11660000000000000       0.13700000000000001     
   159.00000000000000       0.58246277155308324        2.0000000000000001E-004  0.51080000000000003       0.23260000000000000       0.10480000000000000       0.15160000000000001     
   160.00000000000000       0.52321198861061979        2.0000000000000001E-004  0.50819999999999999       0.23260000000000000       0.10520000000000000       0.15379999999999999     
   161.00000000000000       0.50726917233745639        0.0000000000000000       0.50139999999999996       0.20160000000000000       0.14319999999999999       0.15379999999999999     
   162.00000000000000       0.34604024410100565        0.0000000000000000       0.49959999999999999       0.19980000000000001       0.14319999999999999       0.15740000000000001     
   163.00000000000000       0.33130428279810864        0.0000000000000000       0.49240000000000000       0.20280000000000001       0.14199999999999999       0.16280000000000000     
   164.00000000000000       0.31239391966551439        0.0000000000000000       0.49259999999999998       0.20240000000000000       0.14219999999999999       0.16280000000000000     
   165.00000000000000       0.29268533062689556        0.0000000000000000       0.49240000000000000       0.20240000000000000       0.14240000000000000       0.16280000000000000     
   166.00000000000000       0.27452622762970819        0.0000000000000000       0.48940000000000000       0.19760000000000000       0.14260000000000000       0.17040000000000000     
   167.00000000000000       0.25410671746162150        0.0000000000000000       0.48880000000000001       0.19500000000000001       0.14000000000000001       0.17620000000000000     
   168.00000000000000       0.23232062152909844        6.7999999999999996E-003  0.48220000000000002       0.19320000000000001       0.14160000000000000       0.17620000000000000     
   169.00000000000000       0.21094755545100419        2.8000000000000000E-003  0.48199999999999998       0.19539999999999999       0.14460000000000001       0.17519999999999999     
   170.00000000000000       0.19124770902474941        0.0000000000000000       0.47580000000000000       0.20319999999999999       0.14060000000000000       0.18040000000000000     
   171.00000000000000       0.17249519468804431        0.0000000000000000       0.47180000000000000       0.20300000000000001       0.14119999999999999       0.18400000000000000     
   172.00000000000000       0.15430202376220542        0.0000000000000000       0.47060000000000002       0.20300000000000001       0.10199999999999999       0.22439999999999999     
   173.00000000000000       0.13512794946732160        0.0000000000000000       0.47699999999999998       0.19239999999999999       0.10600000000000000       0.22459999999999999     
   174.00000000000000       0.11650064522340597        0.0000000000000000       0.47680000000000000       0.18740000000000001       0.10199999999999999       0.23380000000000001     
   175.00000000000000        9.9969383131334327E-002   0.0000000000000000       0.47580000000000000       0.17499999999999999       0.11060000000000000       0.23860000000000001     
   176.00000000000000        8.0247645044599691E-002   2.0000000000000001E-004  0.47199999999999998       0.17499999999999999       0.11040000000000000       0.24240000000000000     
   177.00000000000000        6.0606606672378896E-002   2.0000000000000001E-004  0.47020000000000001       0.17340000000000000       0.11100000000000000       0.24520000000000000     
   178.00000000000000        4.1431000950938324E-002   8.0000000000000004E-004  0.47039999999999998       0.17060000000000000       0.11140000000000000       0.24679999999999999     
   179.00000000000000        2.2840348361586070E-002   5.9999999999999995E-004  0.47060000000000002       0.17060000000000000       0.11140000000000000       0.24679999999999999     
   180.00000000000000        6.4635429298849079E-003   2.0000000000000001E-004  0.46879999999999999       0.17140000000000000       0.11280000000000000       0.24679999999999999     
   181.00000000000000       -8.3503168012246665E-003   2.0000000000000001E-004  0.46520000000000000       0.17440000000000000       0.11300000000000000       0.24720000000000000     
   182.00000000000000       -2.2053405886581293E-002   8.2000000000000007E-003  0.45360000000000000       0.17780000000000001       0.11300000000000000       0.24740000000000001     
   183.00000000000000       -2.0801359904540122E-002   5.1999999999999998E-003  0.26440000000000002       0.37000000000000000       0.11200000000000000       0.24840000000000001     
   184.00000000000000       -1.8568165520645268E-002   2.0000000000000000E-003  0.26760000000000000       0.37000000000000000       0.11200000000000000       0.24840000000000001     
   185.00000000000000       -1.1252159859665149E-002   2.0000000000000000E-003  0.26760000000000000       0.37000000000000000       0.11080000000000000       0.24959999999999999     
   186.00000000000000       -1.8304788226602559E-003   2.0000000000000000E-003  0.26679999999999998       0.37000000000000000       0.11080000000000000       0.25040000000000001     
   187.00000000000000        9.3210362392763466E-003   2.0000000000000000E-003  0.26660000000000000       0.37000000000000000       0.11000000000000000       0.25140000000000001     
   188.00000000000000        2.0065468185718506E-002   2.0000000000000000E-003  0.26660000000000000       0.37000000000000000       0.11000000000000000       0.25140000000000001     
   189.00000000000000        3.1765180272459892E-002   2.0000000000000000E-003  0.26600000000000001       0.37000000000000000       0.11020000000000001       0.25180000000000002     
   190.00000000000000        4.3085306932131806E-002   2.0000000000000000E-003  0.26560000000000000       0.37000000000000000       0.11020000000000001       0.25219999999999998     
   191.00000000000000        5.4030685887244793E-002   2.0000000000000000E-003  0.26479999999999998       0.37000000000000000       0.11040000000000000       0.25280000000000002     
   192.00000000000000        6.3986769197420426E-002   1.8000000000000000E-003  0.26479999999999998       0.37000000000000000       0.11000000000000000       0.25340000000000001     
   193.00000000000000        6.2504659653247710E-002   1.8000000000000000E-003  0.63360000000000005        0.0000000000000000       0.10960000000000000       0.25500000000000000     
   194.00000000000000        7.7258966500466264E-002   1.8000000000000000E-003  0.63360000000000005        0.0000000000000000       0.10960000000000000       0.25500000000000000     
   195.00000000000000        7.1961201893276427E-002   1.8000000000000000E-003  0.63360000000000005        0.0000000000000000       0.10960000000000000       0.25500000000000000     
   196.00000000000000        6.3482599482547378E-002   1.8000000000000000E-003  0.63360000000000005        0.0000000000000000       0.10940000000000000       0.25519999999999998     
   197.00000000000000        5.3959153649526338E-002  0.25180000000000002       0.37519999999999998        7.6000000000000000E-003  0.10680000000000001       0.25860000000000000     
   198.00000000000000        6.3885585710460713E-002  0.25180000000000002       0.37419999999999998        7.6000000000000000E-003  0.10580000000000001       0.26060000000000000     
   199.00000000000000        7.7365951049858578E-002  0.24099999999999999       0.37340000000000001        1.4999999999999999E-002  0.10220000000000000       0.26840000000000003     
   200.00000000000000       0.10016562502093135       0.24020000000000000       0.37340000000000001        1.4999999999999999E-002   9.6600000000000005E-002  0.27479999999999999     
   201.00000000000000       0.12333380616166234       0.24020000000000000       0.35999999999999999        2.8400000000000002E-002   9.6600000000000005E-002  0.27479999999999999     
   202.00000000000000       0.14778658355926624       0.22400000000000000       0.37200000000000000        2.9800000000000000E-002   9.6400000000000000E-002  0.27779999999999999     
   203.00000000000000       0.17030282197411589       0.22220000000000001       0.35339999999999999        4.6399999999999997E-002   9.8199999999999996E-002  0.27979999999999999     
   204.00000000000000       0.18735111591132991       0.22140000000000001       0.35339999999999999        4.7199999999999999E-002   9.8199999999999996E-002  0.27979999999999999     
   205.00000000000000       0.20294827034257146       0.22080000000000000       0.35339999999999999        4.6800000000000001E-002   9.8599999999999993E-002  0.28039999999999998     
   206.00000000000000       0.21680408953901445       0.21840000000000001       0.35199999999999998        4.7600000000000003E-002  0.10040000000000000       0.28160000000000002     
   207.00000000000000       0.22562757725317398       0.21620000000000000       0.34939999999999999        5.1600000000000000E-002  0.10100000000000001       0.28179999999999999     
   208.00000000000000       0.24426780147498506       0.20940000000000000       0.35380000000000000        5.0999999999999997E-002  0.10240000000000000       0.28339999999999999     
   209.00000000000000       0.24478838382611964       0.20899999999999999       0.35080000000000000        5.4199999999999998E-002  0.10260000000000000       0.28339999999999999     
   210.00000000000000       0.24468119881000183       0.20280000000000001       0.35439999999999999        5.3600000000000002E-002  0.10520000000000000       0.28399999999999997     
   211.00000000000000       0.24683737480074081       0.20039999999999999       0.35160000000000002        5.6000000000000001E-002  0.10560000000000000       0.28639999999999999     
   212.00000000000000       0.24615709459074170       0.19860000000000000       0.35020000000000001        5.7400000000000000E-002  0.10580000000000001       0.28799999999999998     
   213.00000000000000       0.23479948308586818       0.19159999999999999       0.35699999999999998        5.7599999999999998E-002  0.10400000000000000       0.28980000000000000     
   214.00000000000000       0.22955575299207492       0.18640000000000001       0.35439999999999999        6.4600000000000005E-002  0.10400000000000000       0.29060000000000002     
   215.00000000000000       0.21962408789336471       0.18160000000000001       0.35699999999999998        6.4199999999999993E-002  0.10480000000000000       0.29239999999999999     
   216.00000000000000       0.20617957961901157       0.18060000000000001       0.35599999999999998        6.6199999999999995E-002  0.10480000000000000       0.29239999999999999     
