#        BMIN =   404
#        BMAX =   408
#     INIBAND =   406
#      NBANDS =   540
#         NSW =  2000
#       POTIM =   1.0
#        TEMP = 300.0
#    NAMDTINI =   142
#    NAMDTIME =  1000
#       NTRAJ =  5000
#        NELM =  1000
#       LHOLE =     T
#        LSHP =     T
#      LCPTXT =     T
#      RUNDIR = ../../run/
   1.0000000000000000        2.4520665119401153E-002   0.0000000000000000        0.0000000000000000        1.0000000000000000        0.0000000000000000        0.0000000000000000     
   2.0000000000000000        9.2043433703697716E-003   0.0000000000000000        0.0000000000000000       0.99860000000000004        1.4000000000000000E-003   0.0000000000000000     
   3.0000000000000000       -9.0170524536504100E-003   0.0000000000000000        0.0000000000000000       0.99760000000000004        2.3999999999999998E-003   0.0000000000000000     
   4.0000000000000000       -2.4660229385951676E-002   0.0000000000000000        0.0000000000000000       0.99760000000000004        2.3999999999999998E-003   0.0000000000000000     
   5.0000000000000000       -3.6991268489528592E-002   0.0000000000000000        0.0000000000000000       0.99760000000000004        2.3999999999999998E-003   0.0000000000000000     
   6.0000000000000000       -4.7312048851731799E-002   0.0000000000000000        0.0000000000000000       0.99639999999999995        3.5999999999999999E-003   0.0000000000000000     
   7.0000000000000000       -5.7555182909403049E-002   0.0000000000000000        0.0000000000000000       0.99660000000000004        3.3999999999999998E-003   0.0000000000000000     
   8.0000000000000000       -5.6962686013974327E-002   0.0000000000000000        0.0000000000000000       0.99580000000000002        4.1999999999999997E-003   0.0000000000000000     
   9.0000000000000000       -5.9789691366545168E-002   0.0000000000000000        0.0000000000000000       0.99700000000000000        3.0000000000000001E-003   0.0000000000000000     
   10.000000000000000       -5.8724073026322453E-002   0.0000000000000000        0.0000000000000000       0.99160000000000004        8.0000000000000002E-003   4.0000000000000002E-004
   11.000000000000000       -5.0537132001727894E-002   0.0000000000000000        0.0000000000000000       0.60680000000000001       0.38479999999999998        8.3999999999999995E-003
   12.000000000000000       -7.0006333325863770E-002   0.0000000000000000        0.0000000000000000       0.60680000000000001       0.38479999999999998        8.3999999999999995E-003
   13.000000000000000       -9.4758821518122288E-002   0.0000000000000000        0.0000000000000000       0.60680000000000001       0.36799999999999999        2.5200000000000000E-002
   14.000000000000000      -0.11790398167771721        0.0000000000000000        0.0000000000000000       0.60680000000000001       0.36559999999999998        2.7600000000000000E-002
   15.000000000000000      -0.13780561531206301        0.0000000000000000        0.0000000000000000       0.60680000000000001       0.36580000000000001        2.7400000000000001E-002
   16.000000000000000      -0.15227845971748749        0.0000000000000000        0.0000000000000000       0.60680000000000001       0.35920000000000002        3.4000000000000002E-002
   17.000000000000000      -0.16088619919682215        0.0000000000000000        0.0000000000000000       0.60080000000000000       0.36540000000000000        3.3799999999999997E-002
   18.000000000000000      -0.16113438683319517        0.0000000000000000        0.0000000000000000       0.59540000000000004       0.36880000000000002        3.5799999999999998E-002
   19.000000000000000      -0.13944732849698141        0.0000000000000000        0.0000000000000000       0.59379999999999999       0.36880000000000002        3.7400000000000003E-002
   20.000000000000000      -0.11535537061118117        0.0000000000000000        0.0000000000000000       0.59119999999999995       0.36840000000000001        4.0399999999999998E-002
   21.000000000000000       -9.2318722263988406E-002   0.0000000000000000        0.0000000000000000       0.59119999999999995       0.36840000000000001        4.0399999999999998E-002
   22.000000000000000       -6.8133934265362989E-002   0.0000000000000000        0.0000000000000000       0.58479999999999999       0.37480000000000002        4.0399999999999998E-002
   23.000000000000000       -4.1386762813265518E-002   0.0000000000000000        0.0000000000000000       0.56699999999999995       0.39140000000000003        4.1599999999999998E-002
   24.000000000000000       -1.9030700472202258E-002   0.0000000000000000        0.0000000000000000       0.56699999999999995       0.39060000000000000        4.2400000000000000E-002
   25.000000000000000        4.1817269941713826E-003   0.0000000000000000        0.0000000000000000       0.56479999999999997       0.39079999999999998        4.4400000000000002E-002
   26.000000000000000        2.6924230911523832E-002   0.0000000000000000        0.0000000000000000       0.56320000000000003       0.39119999999999999        4.5600000000000002E-002
   27.000000000000000        4.8805929812465218E-002   0.0000000000000000        0.0000000000000000       0.56320000000000003       0.38579999999999998        5.0999999999999997E-002
   28.000000000000000        6.8951936068734981E-002   0.0000000000000000        0.0000000000000000       0.56140000000000001       0.38579999999999998        5.2800000000000000E-002
   29.000000000000000        8.8333452126824780E-002   0.0000000000000000        0.0000000000000000       0.56140000000000001       0.38640000000000002        5.2200000000000003E-002
   30.000000000000000       0.10657350622716498        0.0000000000000000        0.0000000000000000       0.56059999999999999       0.38660000000000000        5.2800000000000000E-002
   31.000000000000000       0.12422804780286323        0.0000000000000000        0.0000000000000000       0.55920000000000003       0.38200000000000001        5.8799999999999998E-002
   32.000000000000000       0.14019283915403435        0.0000000000000000        0.0000000000000000       0.55840000000000001       0.38260000000000000        5.8999999999999997E-002
   33.000000000000000       0.15477671953180419        0.0000000000000000        0.0000000000000000       0.55779999999999996       0.38260000000000000        5.9600000000000000E-002
   34.000000000000000       0.17133449421484484        0.0000000000000000        0.0000000000000000       0.53800000000000003       0.39400000000000002        6.8000000000000005E-002
   35.000000000000000       0.18369286377304236        0.0000000000000000        0.0000000000000000       0.53600000000000003       0.39739999999999998        6.6600000000000006E-002
   36.000000000000000       0.19417998047487950        0.0000000000000000        0.0000000000000000       0.53620000000000001       0.39720000000000000        6.6600000000000006E-002
   37.000000000000000       0.20375129761876859        0.0000000000000000        0.0000000000000000       0.53539999999999999       0.39700000000000002        6.7599999999999993E-002
   38.000000000000000       0.21646992546687049        0.0000000000000000        0.0000000000000000       0.49700000000000000       0.43459999999999999        6.8400000000000002E-002
   39.000000000000000       0.22300809521753950        0.0000000000000000        0.0000000000000000       0.49700000000000000       0.43500000000000000        6.8000000000000005E-002
   40.000000000000000       0.22812192749840776        0.0000000000000000        0.0000000000000000       0.49740000000000001       0.43459999999999999        6.8000000000000005E-002
   41.000000000000000       0.23175758229619353        0.0000000000000000        0.0000000000000000       0.49719999999999998       0.43480000000000002        6.8000000000000005E-002
   42.000000000000000       0.23556070855322539        0.0000000000000000        0.0000000000000000       0.48380000000000001       0.44819999999999999        6.8000000000000005E-002
   43.000000000000000       0.23679739068499178        0.0000000000000000        0.0000000000000000       0.47839999999999999       0.45319999999999999        6.8400000000000002E-002
   44.000000000000000       0.23658417867601861        0.0000000000000000        0.0000000000000000       0.47560000000000002       0.45279999999999998        7.1599999999999997E-002
   45.000000000000000       0.23419564473541421        0.0000000000000000        0.0000000000000000       0.47499999999999998       0.45319999999999999        7.1800000000000003E-002
   46.000000000000000       0.23045670741934898        0.0000000000000000        0.0000000000000000       0.47499999999999998       0.45300000000000001        7.1999999999999995E-002
   47.000000000000000       0.22518463687220636        0.0000000000000000        0.0000000000000000       0.47180000000000000       0.45319999999999999        7.4999999999999997E-002
   48.000000000000000       0.21984231423172451        0.0000000000000000        0.0000000000000000       0.46239999999999998       0.45679999999999998        8.0799999999999997E-002
   49.000000000000000       0.21080858297133240        0.0000000000000000        0.0000000000000000       0.46239999999999998       0.45679999999999998        8.0799999999999997E-002
   50.000000000000000       0.20180062702410329        0.0000000000000000        0.0000000000000000       0.46179999999999999       0.44919999999999999        8.8999999999999996E-002
   51.000000000000000       0.19149198396261463        0.0000000000000000        0.0000000000000000       0.45500000000000002       0.45460000000000000        9.0399999999999994E-002
   52.000000000000000       0.17991087802523031        0.0000000000000000        0.0000000000000000       0.45500000000000002       0.45540000000000003        8.9599999999999999E-002
   53.000000000000000       0.16810064127844609        0.0000000000000000        0.0000000000000000       0.45500000000000002       0.45460000000000000        9.0399999999999994E-002
   54.000000000000000       0.15790694827495688        0.0000000000000000        0.0000000000000000       0.45019999999999999       0.45319999999999999        9.6600000000000005E-002
   55.000000000000000       0.14643177418525505        0.0000000000000000        0.0000000000000000       0.44800000000000001       0.45060000000000000       0.10140000000000000     
   56.000000000000000       0.13580300391964756        0.0000000000000000        0.0000000000000000       0.44359999999999999       0.45160000000000000       0.10480000000000000     
   57.000000000000000       0.12354575965775552        0.0000000000000000        0.0000000000000000       0.44359999999999999       0.45240000000000002       0.10400000000000000     
   58.000000000000000       0.11138750412571688        0.0000000000000000        0.0000000000000000       0.44040000000000001       0.45600000000000002       0.10360000000000000     
   59.000000000000000        9.8169616113941649E-002   0.0000000000000000        0.0000000000000000       0.44000000000000000       0.45600000000000002       0.10400000000000000     
   60.000000000000000        8.4554781044904839E-002   0.0000000000000000        0.0000000000000000       0.43819999999999998       0.45619999999999999       0.10560000000000000     
   61.000000000000000        7.0229134646932923E-002   0.0000000000000000       0.14660000000000001       0.29139999999999999       0.44760000000000000       0.11440000000000000     
   62.000000000000000        6.9041022657330267E-002   0.0000000000000000       0.13739999999999999       0.29139999999999999       0.45700000000000002       0.11420000000000000     
   63.000000000000000        6.7763018311830958E-002   0.0000000000000000       0.13020000000000001       0.29139999999999999       0.46260000000000001       0.11580000000000000     
   64.000000000000000        6.4373410024596373E-002   0.0000000000000000       0.13020000000000001       0.29139999999999999       0.46039999999999998       0.11799999999999999     
   65.000000000000000        6.0581076841177507E-002   0.0000000000000000       0.12980000000000000       0.29139999999999999       0.45660000000000001       0.12220000000000000     
   66.000000000000000        5.6402165200435603E-002   0.0000000000000000       0.12900000000000000       0.29139999999999999       0.45400000000000001       0.12559999999999999     
   67.000000000000000        5.1187075591820209E-002   0.0000000000000000       0.12900000000000000       0.29139999999999999       0.45219999999999999       0.12740000000000001     
   68.000000000000000        4.5423977744442651E-002   0.0000000000000000       0.12900000000000000       0.29139999999999999       0.45219999999999999       0.12740000000000001     
   69.000000000000000        3.9333364552784134E-002   0.0000000000000000       0.12900000000000000       0.29139999999999999       0.45200000000000001       0.12759999999999999     
   70.000000000000000        3.3283410595745910E-002   0.0000000000000000       0.12880000000000000       0.29160000000000003       0.45179999999999998       0.12780000000000000     
   71.000000000000000        2.7599137444640143E-002   0.0000000000000000       0.12820000000000001       0.29160000000000003       0.44900000000000001       0.13120000000000001     
   72.000000000000000        2.3581457068442155E-002   0.0000000000000000       0.14040000000000000       0.27920000000000000       0.44400000000000001       0.13639999999999999     
   73.000000000000000        2.1523823253276675E-002   0.0000000000000000       0.14040000000000000       0.27920000000000000       0.43980000000000002       0.14060000000000000     
   74.000000000000000        2.6012921062842614E-002   0.0000000000000000       0.14040000000000000       0.27920000000000000       0.43980000000000002       0.14060000000000000     
   75.000000000000000        3.2708276867597044E-002   0.0000000000000000       0.13800000000000001       0.27920000000000000       0.44219999999999998       0.14060000000000000     
   76.000000000000000        5.1711784486480006E-002   0.0000000000000000       0.12580000000000000       0.27660000000000001       0.45340000000000003       0.14419999999999999     
   77.000000000000000        7.4406292187870815E-002   0.0000000000000000       0.11640000000000000       0.27500000000000002       0.45560000000000000       0.15300000000000000     
   78.000000000000000        9.3840136648865646E-002   0.0000000000000000       0.11420000000000000       0.27700000000000002       0.45300000000000001       0.15579999999999999     
   79.000000000000000       0.11520099926464612        0.0000000000000000       0.11100000000000000       0.27339999999999998       0.45720000000000000       0.15840000000000001     
   80.000000000000000       0.13741215909513615        0.0000000000000000       0.10180000000000000       0.27400000000000002       0.46579999999999999       0.15840000000000001     
   81.000000000000000       0.15723713523541183        0.0000000000000000        9.7600000000000006E-002  0.27400000000000002       0.46980000000000000       0.15859999999999999     
   82.000000000000000       0.17515974174967414        0.0000000000000000        9.4000000000000000E-002  0.27520000000000000       0.47160000000000002       0.15920000000000001     
   83.000000000000000       0.19393528308218197        0.0000000000000000        8.8599999999999998E-002  0.27139999999999997       0.47560000000000002       0.16439999999999999     
   84.000000000000000       0.20681862776960702        0.0000000000000000        8.5400000000000004E-002  0.27460000000000001       0.47560000000000002       0.16439999999999999     
   85.000000000000000       0.21648316345459509        0.0000000000000000        8.5999999999999993E-002  0.27360000000000001       0.47560000000000002       0.16480000000000000     
   86.000000000000000       0.22446168461974403        0.0000000000000000        8.6599999999999996E-002  0.26479999999999998       0.48359999999999997       0.16500000000000001     
   87.000000000000000       0.22839352844074692        0.0000000000000000        8.4400000000000003E-002  0.26460000000000000       0.48139999999999999       0.16960000000000000     
   88.000000000000000       0.23002101679368148        0.0000000000000000        7.4999999999999997E-002  0.27220000000000000       0.48139999999999999       0.17140000000000000     
   89.000000000000000       0.22799854108462680        0.0000000000000000        7.2999999999999995E-002  0.27420000000000000       0.48139999999999999       0.17140000000000000     
   90.000000000000000       0.22380207316326090        0.0000000000000000        7.2999999999999995E-002  0.27320000000000000       0.48180000000000001       0.17199999999999999     
   91.000000000000000       0.21939406335892886        0.0000000000000000        7.0400000000000004E-002  0.27500000000000002       0.47760000000000002       0.17699999999999999     
   92.000000000000000       0.21267100444477147        0.0000000000000000        7.0000000000000007E-002  0.27379999999999999       0.47699999999999998       0.17920000000000000     
   93.000000000000000       0.20405307220476210        0.0000000000000000        6.8400000000000002E-002  0.27360000000000001       0.47880000000000000       0.17920000000000000     
   94.000000000000000       0.19435523370574859        1.4200000000000001E-002   5.4199999999999998E-002  0.27000000000000002       0.48120000000000002       0.18040000000000000     
   95.000000000000000       0.18531746393119658        1.3400000000000000E-002   5.4199999999999998E-002  0.27079999999999999       0.48120000000000002       0.18040000000000000     
   96.000000000000000       0.17705789190817295        1.3400000000000000E-002   5.4199999999999998E-002  0.25600000000000001       0.49600000000000000       0.18040000000000000     
   97.000000000000000       0.16803355548148691        1.3400000000000000E-002   5.4199999999999998E-002  0.23740000000000000       0.51419999999999999       0.18079999999999999     
   98.000000000000000       0.15429108646509276        1.3400000000000000E-002   5.4199999999999998E-002  0.23740000000000000       0.51280000000000003       0.18220000000000000     
   99.000000000000000       0.15365136393563322        1.3400000000000000E-002   0.0000000000000000       0.29199999999999998       0.51019999999999999       0.18440000000000001     
   100.00000000000000       0.15129344579936682        1.3400000000000000E-002   4.0000000000000002E-004  0.29199999999999998       0.50980000000000003       0.18440000000000001     
   101.00000000000000       0.15413812901599017        1.3400000000000000E-002   2.0000000000000001E-004  0.26740000000000003       0.53459999999999996       0.18440000000000001     
   102.00000000000000       0.15558636582277768        1.3400000000000000E-002   2.0000000000000001E-004  0.26700000000000002       0.53400000000000003       0.18540000000000001     
   103.00000000000000       0.15459929113162391        1.3400000000000000E-002   2.0000000000000001E-004  0.26540000000000002       0.53400000000000003       0.18700000000000000     
   104.00000000000000       0.14851410375351454        1.3400000000000000E-002   2.0000000000000001E-004  0.26560000000000000       0.53380000000000005       0.18700000000000000     
   105.00000000000000       0.13806025453468096        1.3400000000000000E-002   2.0000000000000001E-004  0.26479999999999998       0.53380000000000005       0.18779999999999999     
   106.00000000000000       0.12347215426810315        1.3400000000000000E-002   2.0000000000000001E-004  0.26579999999999998       0.53220000000000001       0.18840000000000001     
   107.00000000000000       0.10655597007532358        1.3400000000000000E-002   2.0000000000000001E-004   0.0000000000000000       0.79659999999999997       0.18980000000000000     
   108.00000000000000        9.1021507749986352E-002   1.3400000000000000E-002   2.0000000000000001E-004   0.0000000000000000       0.79540000000000000       0.19100000000000000     
   109.00000000000000        8.6195826311876889E-002   1.3400000000000000E-002   2.0000000000000001E-004   0.0000000000000000       0.78539999999999999       0.20100000000000001     
   110.00000000000000        7.9175095607830370E-002   1.3400000000000000E-002   0.0000000000000000        2.0000000000000001E-004  0.78300000000000003       0.20340000000000000     
   111.00000000000000        7.3749083945551824E-002   1.3400000000000000E-002   0.0000000000000000        7.6000000000000000E-003  0.77039999999999997       0.20860000000000001     
   112.00000000000000        6.9999134369944802E-002   1.3400000000000000E-002   0.0000000000000000        6.4000000000000003E-003  0.77159999999999995       0.20860000000000001     
   113.00000000000000        7.1513420689578042E-002   1.3400000000000000E-002   0.0000000000000000        6.1999999999999998E-003  0.77180000000000004       0.20860000000000001     
   114.00000000000000        7.9925005073819028E-002   1.3400000000000000E-002   0.0000000000000000        6.6000000000000000E-003  0.77139999999999997       0.20860000000000001     
   115.00000000000000        9.3300792257413903E-002   2.2000000000000001E-003   1.0800000000000001E-002   6.6000000000000000E-003  0.77180000000000004       0.20860000000000001     
   116.00000000000000       0.10886313092566574        2.2000000000000001E-003   1.0800000000000001E-002   8.3999999999999995E-003  0.76939999999999997       0.20920000000000000     
   117.00000000000000       0.12604573917917078        1.8000000000000000E-003   1.0999999999999999E-002   1.0600000000000000E-002  0.76419999999999999       0.21240000000000001     
   118.00000000000000       0.14501405621167565        1.8000000000000000E-003   1.0400000000000000E-002   1.2200000000000001E-002  0.76219999999999999       0.21340000000000001     
   119.00000000000000       0.15921990976473582        1.6000000000000001E-003   1.0400000000000000E-002   1.3599999999999999E-002  0.76100000000000001       0.21340000000000001     
   120.00000000000000       0.15832849706400887        1.6000000000000001E-003   1.0400000000000000E-002   1.1400000000000000E-002  0.76019999999999999       0.21640000000000001     
   121.00000000000000       0.16290026717290654        1.6000000000000001E-003   1.0000000000000000E-002   1.0600000000000000E-002  0.75900000000000001       0.21879999999999999     
   122.00000000000000       0.20490396776055841        1.6000000000000001E-003   1.0000000000000000E-002   1.2000000000000000E-002  0.75760000000000005       0.21879999999999999     
   123.00000000000000       0.24145164721426060        1.8000000000000000E-003   9.5999999999999992E-003   1.2200000000000001E-002  0.75760000000000005       0.21879999999999999     
   124.00000000000000       0.27678599310354879        1.8000000000000000E-003   9.5999999999999992E-003   5.5999999999999999E-003  0.76280000000000003       0.22020000000000001     
   125.00000000000000       0.28102386183902256        1.4000000000000000E-003   9.7999999999999997E-003   1.4000000000000000E-003  0.76719999999999999       0.22020000000000001     
   126.00000000000000       0.29650991430247675        1.1999999999999999E-003   9.7999999999999997E-003   1.6000000000000001E-003  0.76719999999999999       0.22020000000000001     
   127.00000000000000       0.18574669427884066        2.0000000000000001E-004   9.7999999999999997E-003   3.2000000000000002E-003  0.76559999999999995       0.22120000000000001     
   128.00000000000000        1.4229349147978485        2.0000000000000001E-004   9.1999999999999998E-003   0.0000000000000000       0.77320000000000000       0.21740000000000001     
   129.00000000000000       0.67881851447451891        2.0000000000000001E-004   8.8000000000000005E-003   0.0000000000000000       0.77359999999999995       0.21740000000000001     
   130.00000000000000       0.67595332825719368        2.0000000000000001E-004   8.8000000000000005E-003   0.0000000000000000       0.77359999999999995       0.21740000000000001     
   131.00000000000000       0.66792315067412900        4.0000000000000002E-004   8.6000000000000000E-003   8.0000000000000004E-004  0.71199999999999997       0.27820000000000000     
   132.00000000000000       0.41573326029078372        4.0000000000000002E-004   8.6000000000000000E-003   8.0000000000000004E-004  0.71120000000000005       0.27900000000000003     
   133.00000000000000       0.42832872781993170        4.0000000000000002E-004   8.6000000000000000E-003   8.0000000000000004E-004  0.71120000000000005       0.27900000000000003     
   134.00000000000000       0.43837202990709034        4.0000000000000002E-004   8.6000000000000000E-003   8.0000000000000004E-004  0.70479999999999998       0.28539999999999999     
   135.00000000000000       0.44436903587918808        4.0000000000000002E-004   8.6000000000000000E-003   5.9999999999999995E-004  0.70060000000000000       0.28980000000000000     
   136.00000000000000       0.44777536877936819        4.0000000000000002E-004   8.6000000000000000E-003   5.9999999999999995E-004  0.70160000000000000       0.28880000000000000     
   137.00000000000000       0.44842048978382254        4.0000000000000002E-004   8.6000000000000000E-003   5.9999999999999995E-004  0.70160000000000000       0.28880000000000000     
   138.00000000000000       0.44731592687643851        4.0000000000000002E-004   8.6000000000000000E-003   5.9999999999999995E-004  0.70220000000000005       0.28820000000000001     
   139.00000000000000       0.44424231481561782        4.0000000000000002E-004   8.6000000000000000E-003   5.9999999999999995E-004  0.70220000000000005       0.28820000000000001     
   140.00000000000000       0.43870501796678174        4.0000000000000002E-004   8.6000000000000000E-003   4.0000000000000002E-004  0.70260000000000000       0.28799999999999998     
   141.00000000000000       0.43131507754151022        4.0000000000000002E-004   8.6000000000000000E-003   4.0000000000000002E-004  0.70260000000000000       0.28799999999999998     
   142.00000000000000       0.42264739034411947        4.0000000000000002E-004   8.6000000000000000E-003   2.0000000000000001E-004  0.70279999999999998       0.28799999999999998     
   143.00000000000000       0.41251143262387846        4.0000000000000002E-004   8.6000000000000000E-003   2.0000000000000001E-004  0.70340000000000003       0.28739999999999999     
   144.00000000000000       0.40138814936213990        4.0000000000000002E-004   8.6000000000000000E-003   2.0000000000000001E-004  0.70299999999999996       0.28780000000000000     
   145.00000000000000       0.38902002274070968        2.5999999999999999E-003   6.4000000000000003E-003   2.0000000000000001E-004  0.70179999999999998       0.28899999999999998     
   146.00000000000000       0.37708377495454859        2.5999999999999999E-003   6.1999999999999998E-003   2.0000000000000001E-004  0.66659999999999997       0.32440000000000002     
   147.00000000000000       0.36278459770634164        2.5999999999999999E-003   6.1999999999999998E-003   2.0000000000000001E-004  0.68879999999999997       0.30220000000000002     
   148.00000000000000       0.34822543807793843        2.5999999999999999E-003   6.1999999999999998E-003   2.0000000000000001E-004  0.70120000000000005       0.28980000000000000     
   149.00000000000000       0.33517929054139939        2.5999999999999999E-003   5.7999999999999996E-003   2.0000000000000001E-004  0.69860000000000000       0.29280000000000000     
   150.00000000000000       0.32146664550329018        2.5999999999999999E-003   5.5999999999999999E-003   2.0000000000000001E-004  0.70960000000000001       0.28199999999999997     
   151.00000000000000       0.30875799246168800        2.5999999999999999E-003   5.4000000000000003E-003   2.0000000000000001E-004  0.69199999999999995       0.29980000000000001     
   152.00000000000000       0.29701769539376088        2.5999999999999999E-003   5.4000000000000003E-003   2.0000000000000001E-004  0.65780000000000005       0.33400000000000002     
   153.00000000000000       0.28501409050933074        0.0000000000000000        7.7999999999999996E-003   4.0000000000000002E-004  0.66620000000000001       0.32560000000000000     
   154.00000000000000       0.27313003948007758        0.0000000000000000        7.7999999999999996E-003   4.0000000000000002E-004  0.68899999999999995       0.30280000000000001     
   155.00000000000000       0.26279184690393953        0.0000000000000000        7.7999999999999996E-003   4.0000000000000002E-004  0.69679999999999997       0.29499999999999998     
   156.00000000000000       0.25476839569548054        2.0000000000000001E-004   7.6000000000000000E-003   4.0000000000000002E-004  0.66439999999999999       0.32740000000000002     
   157.00000000000000       0.24679712402911508        2.0000000000000001E-004   7.4000000000000003E-003   4.0000000000000002E-004  0.66039999999999999       0.33160000000000001     
   158.00000000000000       0.24058341256529042        2.0000000000000001E-004   7.4000000000000003E-003   4.0000000000000002E-004  0.64400000000000002       0.34799999999999998     
   159.00000000000000       0.23483374750627944        2.0000000000000001E-004   7.4000000000000003E-003   4.0000000000000002E-004  0.64100000000000001       0.35099999999999998     
   160.00000000000000       0.23012759793173318        0.0000000000000000        7.4000000000000003E-003   4.0000000000000002E-004  0.63500000000000001       0.35720000000000002     
   161.00000000000000       0.22733999432817226        0.0000000000000000        7.4000000000000003E-003   4.0000000000000002E-004  0.63500000000000001       0.35720000000000002     
   162.00000000000000       0.22590711020936255        0.0000000000000000        7.4000000000000003E-003   4.0000000000000002E-004  0.63639999999999997       0.35580000000000001     
   163.00000000000000       0.22551227630471615        0.0000000000000000        7.0000000000000001E-003   4.0000000000000002E-004  0.63700000000000001       0.35560000000000003     
   164.00000000000000       0.22826929121577377        0.0000000000000000        7.0000000000000001E-003   4.0000000000000002E-004  0.63819999999999999       0.35439999999999999     
   165.00000000000000       0.23178041237452102        0.0000000000000000        6.7999999999999996E-003   4.0000000000000002E-004  0.63619999999999999       0.35659999999999997     
   166.00000000000000       0.23703557102622919        0.0000000000000000        6.6000000000000000E-003   4.0000000000000002E-004  0.63859999999999995       0.35439999999999999     
   167.00000000000000       0.24347332942928068        2.0000000000000001E-004   6.4000000000000003E-003   4.0000000000000002E-004  0.63959999999999995       0.35339999999999999     
   168.00000000000000       0.25129263285697834        2.0000000000000001E-004   6.4000000000000003E-003   4.0000000000000002E-004  0.63980000000000004       0.35320000000000001     
   169.00000000000000       0.26026273815223389        2.0000000000000001E-004   6.4000000000000003E-003   4.0000000000000002E-004  0.63939999999999997       0.35360000000000003     
   170.00000000000000       0.27025054201444643        2.0000000000000001E-004   6.4000000000000003E-003   4.0000000000000002E-004  0.63939999999999997       0.35360000000000003     
   171.00000000000000       0.28093232741031088        2.0000000000000001E-004   5.1999999999999998E-003   1.0000000000000000E-003  0.64039999999999997       0.35320000000000001     
   172.00000000000000       0.29156814282269339        2.0000000000000001E-004   5.1999999999999998E-003   8.0000000000000004E-004  0.64059999999999995       0.35320000000000001     
   173.00000000000000       0.30238742208168118        2.0000000000000001E-004   5.1999999999999998E-003   8.0000000000000004E-004  0.63880000000000003       0.35499999999999998     
   174.00000000000000       0.31303789111945146        2.0000000000000001E-004   4.7999999999999996E-003   8.0000000000000004E-004  0.63519999999999999       0.35899999999999999     
   175.00000000000000       0.32265962818808475        2.0000000000000001E-004   4.5999999999999999E-003   1.0000000000000000E-003  0.63519999999999999       0.35899999999999999     
   176.00000000000000       0.33116070429189204        2.0000000000000001E-004   4.5999999999999999E-003   1.0000000000000000E-003  0.63539999999999996       0.35880000000000001     
   177.00000000000000       0.33859224496761842        2.0000000000000001E-004   4.4000000000000003E-003   1.1999999999999999E-003  0.63539999999999996       0.35880000000000001     
   178.00000000000000       0.34442495484994834        2.0000000000000001E-004   4.1999999999999997E-003   1.1999999999999999E-003  0.63380000000000003       0.36059999999999998     
   179.00000000000000       0.34882409769426653        2.0000000000000001E-004   4.1999999999999997E-003   1.1999999999999999E-003  0.63119999999999998       0.36320000000000002     
   180.00000000000000       0.35072211033493694        2.0000000000000001E-004   4.1999999999999997E-003   1.0000000000000000E-003  0.63119999999999998       0.36340000000000000     
   181.00000000000000       0.35115918204413776        2.0000000000000001E-004   4.1999999999999997E-003   8.0000000000000004E-004  0.62900000000000000       0.36580000000000001     
   182.00000000000000       0.34963109548504978        2.0000000000000001E-004   4.0000000000000001E-003   8.0000000000000004E-004  0.62760000000000005       0.36740000000000000     
   183.00000000000000       0.34584509460618407        2.0000000000000001E-004   4.0000000000000001E-003   8.0000000000000004E-004  0.62760000000000005       0.36740000000000000     
   184.00000000000000       0.34033898859011325        2.2000000000000001E-003   2.0000000000000000E-003   8.0000000000000004E-004  0.62739999999999996       0.36759999999999998     
   185.00000000000000       0.33367224339063128        2.2000000000000001E-003   2.0000000000000000E-003   8.0000000000000004E-004  0.62739999999999996       0.36759999999999998     
   186.00000000000000       0.32580760291205257        2.2000000000000001E-003   1.8000000000000000E-003   1.0000000000000000E-003  0.62739999999999996       0.36759999999999998     
   187.00000000000000       0.31747535133475152        2.2000000000000001E-003   1.8000000000000000E-003   1.0000000000000000E-003  0.62739999999999996       0.36759999999999998     
   188.00000000000000       0.30892795080731006        2.2000000000000001E-003   1.6000000000000001E-003   1.0000000000000000E-003  0.62460000000000004       0.37059999999999998     
   189.00000000000000       0.29996284368669468        2.2000000000000001E-003   1.4000000000000000E-003   1.0000000000000000E-003  0.62480000000000002       0.37059999999999998     
   190.00000000000000       0.29014460724650004        2.2000000000000001E-003   1.4000000000000000E-003   1.0000000000000000E-003  0.62480000000000002       0.37059999999999998     
   191.00000000000000       0.28126477303042402        2.2000000000000001E-003   1.0000000000000000E-003   1.1999999999999999E-003  0.62180000000000002       0.37380000000000002     
   192.00000000000000       0.27225953237855505        2.2000000000000001E-003   1.0000000000000000E-003   1.1999999999999999E-003  0.62180000000000002       0.37380000000000002     
   193.00000000000000       0.26264107375047008        2.0000000000000000E-003   1.0000000000000000E-003   1.4000000000000000E-003  0.62180000000000002       0.37380000000000002     
   194.00000000000000       0.25318329289929531        1.8000000000000000E-003   2.0000000000000001E-004   2.3999999999999998E-003  0.62180000000000002       0.37380000000000002     
   195.00000000000000       0.24398074662597879        1.8000000000000000E-003   0.0000000000000000        2.3999999999999998E-003  0.62180000000000002       0.37400000000000000     
   196.00000000000000       0.23498944063561045        1.8000000000000000E-003   0.0000000000000000        2.3999999999999998E-003  0.62180000000000002       0.37400000000000000     
   197.00000000000000       0.22606095161449413        1.8000000000000000E-003   0.0000000000000000        2.3999999999999998E-003  0.62180000000000002       0.37400000000000000     
   198.00000000000000       0.21637319727752286        1.8000000000000000E-003   0.0000000000000000        2.3999999999999998E-003  0.62160000000000004       0.37419999999999998     
   199.00000000000000       0.20782573298874024        1.8000000000000000E-003   0.0000000000000000        2.3999999999999998E-003  0.62160000000000004       0.37419999999999998     
   200.00000000000000       0.21021082916246100        1.8000000000000000E-003   0.0000000000000000        2.3999999999999998E-003  0.62160000000000004       0.37419999999999998     
   201.00000000000000       0.21458165839313323        1.8000000000000000E-003   0.0000000000000000        2.3999999999999998E-003  0.62160000000000004       0.37419999999999998     
   202.00000000000000       0.21449877306458109        1.8000000000000000E-003   0.0000000000000000        2.3999999999999998E-003  0.62160000000000004       0.37419999999999998     
   203.00000000000000       0.20941655121140512        1.8000000000000000E-003   0.0000000000000000        2.3999999999999998E-003  0.62160000000000004       0.37419999999999998     
   204.00000000000000       0.20024870767202654        1.6000000000000001E-003   2.0000000000000001E-004   2.2000000000000001E-003  0.62160000000000004       0.37440000000000001     
   205.00000000000000       0.18719577903186752        1.6000000000000001E-003   2.0000000000000001E-004   1.8000000000000000E-003  0.62139999999999995       0.37500000000000000     
   206.00000000000000       0.18339891612990750        1.6000000000000001E-003   2.0000000000000001E-004   1.8000000000000000E-003  0.61299999999999999       0.38340000000000002     
   207.00000000000000       0.17957782625145308        1.1999999999999999E-003   4.0000000000000002E-004   1.8000000000000000E-003  0.61299999999999999       0.38360000000000000     
   208.00000000000000       0.18131486759385035        1.1999999999999999E-003   4.0000000000000002E-004   1.8000000000000000E-003  0.60899999999999999       0.38760000000000000     
   209.00000000000000       0.18272402886499822        1.1999999999999999E-003   4.0000000000000002E-004   1.8000000000000000E-003  0.60880000000000001       0.38779999999999998     
   210.00000000000000       0.18615748280167155        0.0000000000000000        1.6000000000000001E-003   1.8000000000000000E-003  0.60840000000000005       0.38819999999999999     
   211.00000000000000       0.19046781417664749        0.0000000000000000        1.6000000000000001E-003   1.8000000000000000E-003  0.60840000000000005       0.38819999999999999     
   212.00000000000000       0.19645893371658402        0.0000000000000000        1.6000000000000001E-003   1.8000000000000000E-003  0.60840000000000005       0.38819999999999999     
   213.00000000000000       0.20354755016859605        0.0000000000000000        1.6000000000000001E-003   1.6000000000000001E-003  0.60860000000000003       0.38819999999999999     
   214.00000000000000       0.21215793595747579        0.0000000000000000        1.6000000000000001E-003   1.6000000000000001E-003  0.60840000000000005       0.38840000000000002     
   215.00000000000000       0.22165176372770529        0.0000000000000000        1.6000000000000001E-003   3.2000000000000002E-003  0.60540000000000005       0.38979999999999998     
   216.00000000000000       0.23303524827604005        0.0000000000000000        1.6000000000000001E-003   3.2000000000000002E-003  0.60180000000000000       0.39340000000000003     
