#        BMIN =   404
#        BMAX =   408
#     INIBAND =   406
#      NBANDS =   540
#         NSW =  2000
#       POTIM =   1.0
#        TEMP = 300.0
#    NAMDTINI =   457
#    NAMDTIME =  1000
#       NTRAJ =  5000
#        NELM =  1000
#       LHOLE =     T
#        LSHP =     T
#      LCPTXT =     T
#      RUNDIR = ../../run/
   1.0000000000000000       -9.2669011075283497E-002   0.0000000000000000        0.0000000000000000        1.0000000000000000        0.0000000000000000        0.0000000000000000     
   2.0000000000000000       -8.9600298143643106E-002   0.0000000000000000        4.0000000000000002E-004  0.99860000000000004        4.0000000000000002E-004   5.9999999999999995E-004
   3.0000000000000000       -8.4803613103456077E-002   0.0000000000000000        4.0000000000000002E-004  0.99819999999999998        4.0000000000000002E-004   1.0000000000000000E-003
   4.0000000000000000       -7.8933010635730272E-002   0.0000000000000000        4.0000000000000002E-004  0.99819999999999998        4.0000000000000002E-004   1.0000000000000000E-003
   5.0000000000000000       -7.2314406938676024E-002   0.0000000000000000        4.0000000000000002E-004  0.99819999999999998        4.0000000000000002E-004   1.0000000000000000E-003
   6.0000000000000000       -6.4809830685157430E-002   0.0000000000000000        4.0000000000000002E-004  0.99819999999999998        4.0000000000000002E-004   1.0000000000000000E-003
   7.0000000000000000       -5.6957654204807570E-002   0.0000000000000000        2.0000000000000001E-004  0.99839999999999995        4.0000000000000002E-004   1.0000000000000000E-003
   8.0000000000000000       -4.8093695321985881E-002   0.0000000000000000        2.0000000000000001E-004  0.99819999999999998        5.9999999999999995E-004   1.0000000000000000E-003
   9.0000000000000000       -3.8888732964244603E-002   0.0000000000000000        2.0000000000000001E-004  0.99739999999999995        1.1999999999999999E-003   1.1999999999999999E-003
   10.000000000000000       -2.8364177977217620E-002   0.0000000000000000        0.0000000000000000       0.99739999999999995        1.4000000000000000E-003   1.1999999999999999E-003
   11.000000000000000       -1.7156167878058775E-002   0.0000000000000000        0.0000000000000000       0.99619999999999997        2.5999999999999999E-003   1.1999999999999999E-003
   12.000000000000000       -3.1843115150457517E-003   0.0000000000000000        0.0000000000000000       0.99619999999999997        2.5999999999999999E-003   1.1999999999999999E-003
   13.000000000000000        1.7144267961830623E-002   0.0000000000000000        0.0000000000000000       0.99600000000000000        2.8000000000000000E-003   1.1999999999999999E-003
   14.000000000000000        4.2548373825475438E-002   0.0000000000000000        2.0000000000000001E-004  0.99500000000000000        3.5999999999999999E-003   1.1999999999999999E-003
   15.000000000000000        6.9798752428012339E-002   0.0000000000000000        2.0000000000000001E-004  0.99500000000000000        3.5999999999999999E-003   1.1999999999999999E-003
   16.000000000000000        9.6319639250112651E-002   0.0000000000000000        2.0000000000000001E-004  0.99380000000000002        3.5999999999999999E-003   2.3999999999999998E-003
   17.000000000000000       0.12068108918638598        0.0000000000000000        2.0000000000000001E-004  0.99080000000000001        4.0000000000000001E-003   5.0000000000000001E-003
   18.000000000000000       0.14032252345164087        0.0000000000000000        2.0000000000000001E-004  0.99019999999999997        4.0000000000000001E-003   5.5999999999999999E-003
   19.000000000000000       0.15579849661389311        0.0000000000000000        2.0000000000000001E-004  0.99019999999999997        4.0000000000000001E-003   5.5999999999999999E-003
   20.000000000000000       0.16614494131366417        0.0000000000000000        2.0000000000000001E-004  0.98980000000000001        4.0000000000000001E-003   6.0000000000000001E-003
   21.000000000000000       0.17188131195763670        0.0000000000000000        2.0000000000000001E-004  0.98960000000000004        4.1999999999999997E-003   6.0000000000000001E-003
   22.000000000000000       0.17544668222561727        0.0000000000000000        2.0000000000000001E-004  0.98599999999999999        4.1999999999999997E-003   9.5999999999999992E-003
   23.000000000000000       0.17187270385894643        0.0000000000000000        2.0000000000000001E-004  0.98599999999999999        4.1999999999999997E-003   9.5999999999999992E-003
   24.000000000000000       0.16753506091206141        0.0000000000000000        2.0000000000000001E-004  0.97019999999999995        4.1999999999999997E-003   2.5399999999999999E-002
   25.000000000000000       0.15507609782915679        0.0000000000000000        2.0000000000000001E-004  0.97019999999999995        3.8000000000000000E-003   2.5800000000000000E-002
   26.000000000000000       0.13804479785783721        0.0000000000000000        2.0000000000000001E-004  0.96980000000000000        3.8000000000000000E-003   2.6200000000000001E-002
   27.000000000000000       0.11757919325081678        0.0000000000000000        2.0000000000000001E-004  0.96860000000000002        4.7999999999999996E-003   2.6400000000000000E-002
   28.000000000000000        9.4614242543349783E-002   0.0000000000000000        2.0000000000000001E-004  0.96740000000000004        6.0000000000000001E-003   2.6400000000000000E-002
   29.000000000000000        6.9018796151931891E-002   0.0000000000000000        2.0000000000000001E-004  0.96699999999999997        6.0000000000000001E-003   2.6800000000000001E-002
   30.000000000000000        4.0174965738367326E-002   0.0000000000000000        2.0000000000000001E-004  0.96619999999999995        6.0000000000000001E-003   2.7600000000000000E-002
   31.000000000000000        1.5220120112110453E-002   0.0000000000000000        2.0000000000000001E-004  0.96619999999999995        6.0000000000000001E-003   2.7600000000000000E-002
   32.000000000000000       -1.0897314714353266E-002   0.0000000000000000        0.0000000000000000       0.96619999999999995        4.4000000000000003E-003   2.9399999999999999E-002
   33.000000000000000       -3.4956017751048826E-002   0.0000000000000000        0.0000000000000000       0.96560000000000001        4.4000000000000003E-003   2.9999999999999999E-002
   34.000000000000000       -5.6355534133582789E-002   0.0000000000000000        1.4000000000000000E-003  0.96419999999999995        3.8000000000000000E-003   3.0599999999999999E-002
   35.000000000000000       -7.2689376631871958E-002   0.0000000000000000        2.2000000000000001E-003  0.96340000000000003        3.8000000000000000E-003   3.0599999999999999E-002
   36.000000000000000       -8.3690389676327234E-002   0.0000000000000000        2.5999999999999999E-003  0.96179999999999999        3.8000000000000000E-003   3.1800000000000002E-002
   37.000000000000000       -8.9275863529323027E-002   0.0000000000000000        4.0000000000000002E-004  0.96399999999999997        3.8000000000000000E-003   3.1800000000000002E-002
   38.000000000000000       -8.9032282229995291E-002   0.0000000000000000        4.0000000000000002E-004  0.96399999999999997        2.8000000000000000E-003   3.2800000000000003E-002
   39.000000000000000       -8.5399453432646474E-002   0.0000000000000000        1.1999999999999999E-003  0.96319999999999995        2.8000000000000000E-003   3.2800000000000003E-002
   40.000000000000000       -7.8029635444966161E-002   0.0000000000000000        1.1999999999999999E-003  0.96260000000000001        2.8000000000000000E-003   3.3399999999999999E-002
   41.000000000000000       -6.7925755928105361E-002   0.0000000000000000        1.1999999999999999E-003  0.96220000000000006        3.2000000000000002E-003   3.3399999999999999E-002
   42.000000000000000       -5.6904937009043921E-002   0.0000000000000000        1.1999999999999999E-003  0.96199999999999997        3.2000000000000002E-003   3.3599999999999998E-002
   43.000000000000000       -4.3555171794708608E-002   2.0000000000000001E-004   1.0000000000000000E-003  0.96099999999999997        2.3999999999999998E-003   3.5400000000000001E-002
   44.000000000000000       -2.7459796776482557E-002   0.0000000000000000        1.0000000000000000E-003  0.95940000000000003        2.5999999999999999E-003   3.6999999999999998E-002
   45.000000000000000       -1.1128613886661594E-002   0.0000000000000000        1.0000000000000000E-003  0.95560000000000000        3.5999999999999999E-003   3.9800000000000002E-002
   46.000000000000000        5.6813869744132325E-003   0.0000000000000000        1.0000000000000000E-003  0.95560000000000000        2.2000000000000001E-003   4.1200000000000001E-002
   47.000000000000000        2.2801554081418745E-002   0.0000000000000000        1.0000000000000000E-003  0.95560000000000000        1.8000000000000000E-003   4.1599999999999998E-002
   48.000000000000000        4.1020829634530791E-002   0.0000000000000000        1.0000000000000000E-003  0.95540000000000003        2.0000000000000000E-003   4.1599999999999998E-002
   49.000000000000000        5.9881982153465144E-002   0.0000000000000000        1.0000000000000000E-003  0.95499999999999996        2.3999999999999998E-003   4.1599999999999998E-002
   50.000000000000000        8.1135153107712105E-002   0.0000000000000000        1.0000000000000000E-003  0.95320000000000005        2.3999999999999998E-003   4.3400000000000001E-002
   51.000000000000000       0.10096569635765819        0.0000000000000000        1.0000000000000000E-003  0.95320000000000005        2.3999999999999998E-003   4.3400000000000001E-002
   52.000000000000000       0.12126675445207508        0.0000000000000000        1.0000000000000000E-003  0.94920000000000004        3.0000000000000001E-003   4.6800000000000001E-002
   53.000000000000000       0.14338059876555839        0.0000000000000000        1.0000000000000000E-003  0.94040000000000001        3.0000000000000001E-003   5.5599999999999997E-002
   54.000000000000000       0.16626472924162319        0.0000000000000000        1.0000000000000000E-003  0.93159999999999998        3.0000000000000001E-003   6.4399999999999999E-002
   55.000000000000000       0.18347504148974145        0.0000000000000000        1.0000000000000000E-003  0.92759999999999998        5.7999999999999996E-003   6.5600000000000006E-002
   56.000000000000000       0.19918622374943976        0.0000000000000000        1.0000000000000000E-003  0.92620000000000002        7.1999999999999998E-003   6.5600000000000006E-002
   57.000000000000000       0.21280131863872792        0.0000000000000000        1.0000000000000000E-003  0.92400000000000004        7.0000000000000001E-003   6.8000000000000005E-002
   58.000000000000000       0.22351419162070674        0.0000000000000000        8.0000000000000004E-004  0.92400000000000004        5.4000000000000003E-003   6.9800000000000001E-002
   59.000000000000000       0.23182934745962436        0.0000000000000000        8.0000000000000004E-004  0.92400000000000004        5.4000000000000003E-003   6.9800000000000001E-002
   60.000000000000000       0.23908999458333202        0.0000000000000000        8.0000000000000004E-004  0.92000000000000004        5.7999999999999996E-003   7.3400000000000007E-002
   61.000000000000000       0.24320715109307348        0.0000000000000000        8.0000000000000004E-004  0.91900000000000004        5.4000000000000003E-003   7.4800000000000005E-002
   62.000000000000000       0.24643957468385347        0.0000000000000000        8.0000000000000004E-004  0.91520000000000001        6.0000000000000001E-003   7.8000000000000000E-002
   63.000000000000000       0.24758172509937521        0.0000000000000000        8.0000000000000004E-004  0.91320000000000001        8.0000000000000002E-003   7.8000000000000000E-002
   64.000000000000000       0.24852902526372148        2.0000000000000001E-004   5.9999999999999995E-004  0.91300000000000003        8.0000000000000002E-003   7.8200000000000006E-002
   65.000000000000000       0.25262623755499453        2.0000000000000001E-004   1.4000000000000000E-003  0.91220000000000001        8.0000000000000002E-003   7.8200000000000006E-002
   66.000000000000000       0.26365947285962066        2.0000000000000001E-004   1.4000000000000000E-003  0.90900000000000003        9.7999999999999997E-003   7.9600000000000004E-002
   67.000000000000000       0.27714951635753815        2.0000000000000001E-004   2.3999999999999998E-003  0.90600000000000003        1.0600000000000000E-002   8.0799999999999997E-002
   68.000000000000000       0.29054913872230037        2.0000000000000001E-004   2.3999999999999998E-003  0.90600000000000003        1.0600000000000000E-002   8.0799999999999997E-002
   69.000000000000000       0.30318462691207737        2.0000000000000001E-004   2.3999999999999998E-003  0.90339999999999998        1.0600000000000000E-002   8.3400000000000002E-002
   70.000000000000000       0.31174496748005986        2.0000000000000001E-004   2.3999999999999998E-003  0.90339999999999998        1.0600000000000000E-002   8.3400000000000002E-002
   71.000000000000000       0.31745124555563359        2.0000000000000001E-004   2.3999999999999998E-003  0.90059999999999996        1.2600000000000000E-002   8.4199999999999997E-002
   72.000000000000000       0.31901634566254833        2.0000000000000001E-004   2.0000000000000000E-003  0.90080000000000005        1.2800000000000001E-002   8.4199999999999997E-002
   73.000000000000000       0.31770851481925610        2.0000000000000001E-004   2.0000000000000000E-003  0.89800000000000002        1.4800000000000001E-002   8.5000000000000006E-002
   74.000000000000000       0.31022296889318335        2.0000000000000001E-004   2.0000000000000000E-003  0.89080000000000004        2.1999999999999999E-002   8.5000000000000006E-002
   75.000000000000000       0.30045263358329055        2.0000000000000001E-004   2.0000000000000000E-003  0.89159999999999995        2.1200000000000000E-002   8.5000000000000006E-002
   76.000000000000000       0.28777530505943238        2.0000000000000001E-004   2.0000000000000000E-003  0.89019999999999999        2.2599999999999999E-002   8.5000000000000006E-002
   77.000000000000000       0.27322332668213634        2.0000000000000001E-004   2.0000000000000000E-003  0.88839999999999997        2.4400000000000002E-002   8.5000000000000006E-002
   78.000000000000000       0.25664690342159796        1.0000000000000000E-003   1.1999999999999999E-003  0.88780000000000003        2.5000000000000001E-002   8.5000000000000006E-002
   79.000000000000000       0.23854854664334782        1.0000000000000000E-003   1.1999999999999999E-003  0.88619999999999999        2.4600000000000000E-002   8.6999999999999994E-002
   80.000000000000000       0.21865124329554408        1.0000000000000000E-003   1.1999999999999999E-003  0.88619999999999999        2.4199999999999999E-002   8.7400000000000005E-002
   81.000000000000000       0.19456880565934268        1.0000000000000000E-003   6.4799999999999996E-002  0.82179999999999997        2.4799999999999999E-002   8.7599999999999997E-002
   82.000000000000000       0.18045680877645504        1.0000000000000000E-003   6.4399999999999999E-002  0.82179999999999997        2.4799999999999999E-002   8.7999999999999995E-002
   83.000000000000000       0.19666168438278428        1.0000000000000000E-003   6.4199999999999993E-002  0.82179999999999997        2.4799999999999999E-002   8.8200000000000001E-002
   84.000000000000000       0.20725383331079586        1.0000000000000000E-003   6.4199999999999993E-002  0.82179999999999997        2.4199999999999999E-002   8.8800000000000004E-002
   85.000000000000000       0.21119382614207036        1.0000000000000000E-003   6.4199999999999993E-002  0.82179999999999997        2.4199999999999999E-002   8.8800000000000004E-002
   86.000000000000000       0.20840223026713373        1.0000000000000000E-003   6.4199999999999993E-002  0.82179999999999997        2.4400000000000002E-002   8.8599999999999998E-002
   87.000000000000000       0.19807697802147323        1.0000000000000000E-003   6.4000000000000001E-002  0.82179999999999997        1.3800000000000000E-002   9.9400000000000002E-002
   88.000000000000000       0.18024370012483584        1.0000000000000000E-003   6.4000000000000001E-002  0.82179999999999997        1.6400000000000001E-002   9.6799999999999997E-002
   89.000000000000000       0.15637731073972067        1.0000000000000000E-003   6.4000000000000001E-002  0.82179999999999997        1.9400000000000001E-002   9.3799999999999994E-002
   90.000000000000000       0.12857788628986019        1.0000000000000000E-003   6.4000000000000001E-002  0.82179999999999997        1.5599999999999999E-002   9.7600000000000006E-002
   91.000000000000000        9.5111252524492998E-002   8.0000000000000004E-004   6.4000000000000001E-002  0.82179999999999997        1.5599999999999999E-002   9.7799999999999998E-002
   92.000000000000000        5.5802013963066929E-002   8.0000000000000004E-004   6.3799999999999996E-002  0.82179999999999997        1.5400000000000000E-002   9.8199999999999996E-002
   93.000000000000000        1.4358787253931513E-002   8.0000000000000004E-004   6.3799999999999996E-002  0.82179999999999997        1.5200000000000000E-002   9.8400000000000001E-002
   94.000000000000000       -2.9562425095721153E-002   8.0000000000000004E-004   6.3600000000000004E-002  0.82179999999999997        1.5200000000000000E-002   9.8599999999999993E-002
   95.000000000000000       -7.3327919963891236E-002   4.0000000000000002E-004   1.8000000000000000E-003  0.88360000000000005        1.5200000000000000E-002   9.9000000000000005E-002
   96.000000000000000       -9.4855398295996277E-002   1.0000000000000000E-003   1.1999999999999999E-003  0.88360000000000005        1.5200000000000000E-002   9.9000000000000005E-002
   97.000000000000000      -0.10790516784320142        1.0000000000000000E-003  0.29659999999999997       0.58499999999999996        1.7399999999999999E-002  0.10000000000000001     
   98.000000000000000      -0.10516913310255156        1.0000000000000000E-003  0.27120000000000000       0.61040000000000005        1.7399999999999999E-002  0.10000000000000001     
   99.000000000000000       -9.8102232590621952E-002   1.1999999999999999E-003  0.27320000000000000       0.60780000000000001        1.7399999999999999E-002  0.10040000000000000     
   100.00000000000000       -8.9679335534563392E-002   1.0000000000000000E-003  0.27400000000000002       0.60699999999999998        1.7399999999999999E-002  0.10059999999999999     
   101.00000000000000       -8.0241169070064566E-002   8.0000000000000004E-004  0.27439999999999998       0.60619999999999996        1.7600000000000001E-002  0.10100000000000001     
   102.00000000000000       -7.4300984428481959E-002   8.0000000000000004E-004  0.27139999999999997       0.60680000000000001        1.9800000000000002E-002  0.10120000000000000     
   103.00000000000000       -5.9975403931913862E-002   8.0000000000000004E-004  0.27000000000000002       0.60560000000000003        2.1399999999999999E-002  0.10220000000000000     
   104.00000000000000       -4.7548563574734824E-002   1.0000000000000000E-003  0.26979999999999998       0.60180000000000000        2.3400000000000001E-002  0.10400000000000000     
   105.00000000000000       -3.9045105482020843E-002   5.9999999999999995E-004  0.26740000000000003       0.60099999999999998        2.7000000000000000E-002  0.10400000000000000     
   106.00000000000000       -3.0722428074552298E-002   5.9999999999999995E-004  0.26700000000000002       0.59399999999999997        3.4400000000000000E-002  0.10400000000000000     
   107.00000000000000       -2.3268367471111752E-002   5.9999999999999995E-004  0.26660000000000000       0.59360000000000002        3.4599999999999999E-002  0.10460000000000000     
   108.00000000000000       -1.5809236655309505E-002   4.0000000000000002E-004  0.26579999999999998       0.58919999999999995        3.6400000000000002E-002  0.10820000000000000     
   109.00000000000000       -1.0959399529977286E-002   4.0000000000000002E-004  0.26540000000000002       0.58240000000000003        4.3200000000000002E-002  0.10860000000000000     
   110.00000000000000       -7.8265496817649105E-003   4.0000000000000002E-004  0.26540000000000002       0.58120000000000005        4.2599999999999999E-002  0.11040000000000000     
   111.00000000000000       -6.5067281434227353E-003   5.0000000000000001E-003  0.26019999999999999       0.58020000000000005        4.2599999999999999E-002  0.11200000000000000     
   112.00000000000000        3.0111623243019026E-003   5.0000000000000001E-003  0.26019999999999999       0.58040000000000003        4.2400000000000000E-002  0.11200000000000000     
   113.00000000000000        1.4609082781756384E-002   5.0000000000000001E-003  0.26019999999999999       0.57699999999999996        4.2400000000000000E-002  0.11540000000000000     
   114.00000000000000        2.3428171212857066E-002   5.0000000000000001E-003  0.26019999999999999       0.57699999999999996        4.2400000000000000E-002  0.11540000000000000     
   115.00000000000000        3.3426751244033354E-002   5.0000000000000001E-003  0.18079999999999999       0.65280000000000005        4.3400000000000001E-002  0.11799999999999999     
   116.00000000000000        4.5489058493812892E-002   5.0000000000000001E-003  0.18079999999999999       0.65280000000000005        4.3400000000000001E-002  0.11799999999999999     
   117.00000000000000        6.6421456159331954E-002   4.7999999999999996E-003  0.18079999999999999       0.65300000000000002        4.3400000000000001E-002  0.11799999999999999     
   118.00000000000000        8.2988111282825530E-002   4.7999999999999996E-003  0.18079999999999999       0.65300000000000002        4.3400000000000001E-002  0.11799999999999999     
   119.00000000000000        9.5811370933941709E-002   4.7999999999999996E-003  0.18079999999999999       0.65300000000000002        4.3400000000000001E-002  0.11799999999999999     
   120.00000000000000       0.10377819617098549        4.7999999999999996E-003  0.18060000000000001       0.65300000000000002        4.0800000000000003E-002  0.12080000000000000     
   121.00000000000000       0.10663499552734079        9.4000000000000004E-003  0.17599999999999999       0.65300000000000002        4.0800000000000003E-002  0.12080000000000000     
   122.00000000000000       0.10591345838156019        9.7999999999999997E-003  0.17519999999999999       0.65339999999999998        3.8199999999999998E-002  0.12340000000000000     
   123.00000000000000       0.10123094556346640        9.7999999999999997E-003  0.17399999999999999       0.65459999999999996        3.8399999999999997E-002  0.12320000000000000     
   124.00000000000000        9.0729300723271067E-002   9.7999999999999997E-003  0.17340000000000000       0.65520000000000000        3.6200000000000003E-002  0.12540000000000001     
   125.00000000000000        7.4476834087794389E-002   9.7999999999999997E-003  0.17340000000000000       0.65520000000000000        3.6799999999999999E-002  0.12479999999999999     
   126.00000000000000        5.3095296535495301E-002   5.2800000000000000E-002  0.12980000000000000       0.65559999999999996        3.6999999999999998E-002  0.12479999999999999     
   127.00000000000000        2.8622378115873395E-002   5.2200000000000003E-002  0.13039999999999999       0.65559999999999996        3.6999999999999998E-002  0.12479999999999999     
   128.00000000000000        3.0443355210213567E-003  0.18220000000000000        0.0000000000000000       0.65559999999999996        3.6999999999999998E-002  0.12520000000000001     
   129.00000000000000       -2.4154276775750445E-002  0.18120000000000000        2.4799999999999999E-002  0.63180000000000003        3.6799999999999999E-002  0.12540000000000001     
   130.00000000000000       -3.5339933765938428E-002  0.18400000000000000        2.4799999999999999E-002  0.62900000000000000        3.6799999999999999E-002  0.12540000000000001     
   131.00000000000000       -2.4470448263744692E-002  0.18400000000000000        2.3599999999999999E-002  0.63000000000000000        3.6799999999999999E-002  0.12559999999999999     
   132.00000000000000       -1.3796180644257999E-002  0.17340000000000000        2.4400000000000002E-002  0.63880000000000003        3.6799999999999999E-002  0.12659999999999999     
   133.00000000000000        4.2325292528685651E-003  0.16760000000000000        2.8600000000000000E-002  0.63619999999999999        3.6600000000000001E-002  0.13100000000000001     
   134.00000000000000        2.4089464385697285E-002  0.16719999999999999        2.8400000000000002E-002  0.63519999999999999        3.7199999999999997E-002  0.13200000000000001     
   135.00000000000000        4.3806415962488902E-002  0.16400000000000001        3.0400000000000000E-002  0.63619999999999999        3.7199999999999997E-002  0.13220000000000001     
   136.00000000000000        6.5295616317630242E-002  0.16300000000000001        3.0400000000000000E-002  0.63400000000000001        3.9199999999999999E-002  0.13339999999999999     
   137.00000000000000        8.7848493746284451E-002  0.15840000000000001        3.1000000000000000E-002  0.63780000000000003        3.9000000000000000E-002  0.13380000000000000     
   138.00000000000000       0.10979961999689469       0.15820000000000001        3.0800000000000001E-002  0.63800000000000001        3.9199999999999999E-002  0.13380000000000000     
   139.00000000000000       0.13223168423530568       0.15700000000000000        2.9999999999999999E-002  0.63580000000000003        4.0000000000000001E-002  0.13719999999999999     
   140.00000000000000       0.15416862006512821       0.15179999999999999        2.9999999999999999E-002  0.63959999999999995        4.1399999999999999E-002  0.13719999999999999     
   141.00000000000000       0.17601162150911176       0.14460000000000001        3.6999999999999998E-002  0.63619999999999999        4.1000000000000002E-002  0.14119999999999999     
   142.00000000000000       0.19607711971318259       0.13960000000000000        4.0399999999999998E-002  0.63460000000000005        4.3400000000000001E-002  0.14199999999999999     
   143.00000000000000       0.21373921006434057       0.13840000000000000        4.0399999999999998E-002  0.63580000000000003        4.3400000000000001E-002  0.14199999999999999     
   144.00000000000000       0.22983228961170235       0.13719999999999999        4.1599999999999998E-002  0.63580000000000003        4.3400000000000001E-002  0.14199999999999999     
   145.00000000000000       0.24461094336432351       0.13719999999999999        4.1200000000000001E-002  0.63580000000000003        4.3400000000000001E-002  0.14240000000000000     
   146.00000000000000       0.25875456902040361       0.13220000000000001        4.3999999999999997E-002  0.63719999999999999        4.3400000000000001E-002  0.14319999999999999     
   147.00000000000000       0.27184752997283740       0.11860000000000000        5.5399999999999998E-002  0.63859999999999995        4.3400000000000001E-002  0.14399999999999999     
   148.00000000000000       0.28249684586367119       0.11700000000000001        5.5199999999999999E-002  0.64039999999999997        4.3400000000000001E-002  0.14399999999999999     
   149.00000000000000       0.29095763197513491       0.11700000000000001        5.3999999999999999E-002  0.64159999999999995        4.3200000000000002E-002  0.14419999999999999     
   150.00000000000000       0.29849344491961372       0.10960000000000000        6.0600000000000001E-002  0.64080000000000004        4.3400000000000001E-002  0.14560000000000001     
   151.00000000000000       0.30381032111961404       0.10800000000000000        6.1800000000000001E-002  0.64119999999999999        4.3200000000000002E-002  0.14580000000000001     
   152.00000000000000       0.30839158435107711       0.10280000000000000        6.4600000000000005E-002  0.64039999999999997        4.5600000000000002E-002  0.14660000000000001     
   153.00000000000000       0.31061377516168442       0.10280000000000000        6.4600000000000005E-002  0.63900000000000001        4.7000000000000000E-002  0.14660000000000001     
   154.00000000000000       0.31120231062413983       0.10280000000000000        6.4399999999999999E-002  0.63619999999999999        4.9599999999999998E-002  0.14699999999999999     
   155.00000000000000       0.30921412434410961       0.10280000000000000        6.4399999999999999E-002  0.63260000000000005        5.1799999999999999E-002  0.14840000000000000     
   156.00000000000000       0.30492062418008115       0.10280000000000000        6.3399999999999998E-002  0.63119999999999998        5.3999999999999999E-002  0.14860000000000001     
   157.00000000000000       0.29808367582451328       0.10199999999999999        6.1800000000000001E-002  0.63360000000000005        5.3999999999999999E-002  0.14860000000000001     
   158.00000000000000       0.29003490962411826       0.10080000000000000        6.0199999999999997E-002  0.63639999999999997        5.3999999999999999E-002  0.14860000000000001     
   159.00000000000000       0.28112454624939043        9.9400000000000002E-002   5.7200000000000001E-002  0.64080000000000004        5.4199999999999998E-002  0.14840000000000000     
   160.00000000000000       0.27065795102723106        9.5399999999999999E-002   5.8999999999999997E-002  0.64180000000000004        5.4800000000000001E-002  0.14899999999999999     
   161.00000000000000       0.25889297333755801        9.2200000000000004E-002   5.9400000000000001E-002  0.64159999999999995        5.4800000000000001E-002  0.15200000000000000     
   162.00000000000000       0.24728311598952651        8.4199999999999997E-002   6.3000000000000000E-002  0.64319999999999999        5.4399999999999997E-002  0.15520000000000000     
   163.00000000000000       0.23267342984339301        8.3199999999999996E-002   6.1199999999999997E-002  0.64539999999999997        5.0200000000000002E-002  0.16000000000000000     
   164.00000000000000       0.21872011816892828        7.1800000000000003E-002   7.2599999999999998E-002  0.64339999999999997        4.5800000000000000E-002  0.16639999999999999     
   165.00000000000000       0.20333356799170538        6.1600000000000002E-002   8.2400000000000001E-002  0.64259999999999995        4.3200000000000002E-002  0.17019999999999999     
   166.00000000000000       0.18725127655371909        5.8200000000000002E-002   8.9200000000000002E-002  0.63900000000000001        3.3200000000000000E-002  0.18040000000000000     
   167.00000000000000       0.17667338784015810        5.7799999999999997E-002  0.11119999999999999       0.61580000000000001        3.2199999999999999E-002  0.18300000000000000     
   168.00000000000000       0.17185064312047507        5.7400000000000000E-002  0.10940000000000000       0.61699999999999999        3.3399999999999999E-002  0.18279999999999999     
   169.00000000000000       0.16932690259124883        4.9599999999999998E-002  0.10780000000000001       0.62300000000000000        3.9199999999999999E-002  0.18040000000000000     
   170.00000000000000       0.16421879454862964        4.8599999999999997E-002  0.10840000000000000       0.62300000000000000        3.9800000000000002E-002  0.18020000000000000     
   171.00000000000000       0.15848571008122087        4.8599999999999997E-002  0.10840000000000000       0.61939999999999995        3.0400000000000000E-002  0.19320000000000001     
   172.00000000000000       0.14972817565806168        4.7399999999999998E-002  0.10660000000000000       0.62060000000000004        4.0000000000000001E-002  0.18540000000000001     
   173.00000000000000       0.13953296191362588        4.4999999999999998E-002  0.10720000000000000       0.61760000000000004        5.0799999999999998E-002  0.17940000000000000     
   174.00000000000000       0.12855196077107400        4.4999999999999998E-002  0.10660000000000000       0.61260000000000003        5.5000000000000000E-002  0.18079999999999999     
   175.00000000000000       0.11730957684541084        4.5400000000000003E-002   9.9400000000000002E-002  0.61519999999999997        5.7599999999999998E-002  0.18240000000000001     
   176.00000000000000       0.10643934092918979        7.7600000000000002E-002   6.7000000000000004E-002  0.61299999999999999        5.3999999999999999E-002  0.18840000000000001     
   177.00000000000000        9.8107721504357065E-002   7.6999999999999999E-002   6.7000000000000004E-002  0.61280000000000001        5.4800000000000001E-002  0.18840000000000001     
   178.00000000000000        9.1084683193114316E-002   7.6799999999999993E-002   4.7399999999999998E-002  0.63260000000000005        5.4399999999999997E-002  0.18880000000000000     
   179.00000000000000        8.5535059462353749E-002   7.1999999999999995E-002   5.2200000000000003E-002  0.63260000000000005        5.4399999999999997E-002  0.18880000000000000     
   180.00000000000000       0.11380168223690366        7.2200000000000000E-002   5.1799999999999999E-002  0.63260000000000005        5.4600000000000003E-002  0.18880000000000000     
   181.00000000000000       0.14167227694890203        6.3600000000000004E-002   5.9400000000000001E-002  0.63260000000000005        5.5599999999999997E-002  0.18880000000000000     
   182.00000000000000       0.16685465460093690        6.0600000000000001E-002   6.0999999999999999E-002  0.63260000000000005        5.5800000000000002E-002  0.19000000000000000     
   183.00000000000000       0.18697461780772723        6.0800000000000000E-002   6.0400000000000002E-002  0.63260000000000005        5.6200000000000000E-002  0.19000000000000000     
   184.00000000000000       0.20434999822830863        5.9400000000000001E-002   6.1800000000000001E-002  0.63260000000000005        5.5800000000000002E-002  0.19040000000000001     
   185.00000000000000       0.21635964985479256        5.9400000000000001E-002   6.1800000000000001E-002  0.63260000000000005        5.5800000000000002E-002  0.19040000000000001     
   186.00000000000000       0.22336392564156257        5.9400000000000001E-002   6.1400000000000003E-002  0.63260000000000005        5.6200000000000000E-002  0.19040000000000001     
   187.00000000000000       0.22452980845553488        5.9400000000000001E-002   6.1400000000000003E-002  0.63260000000000005        5.6200000000000000E-002  0.19040000000000001     
   188.00000000000000       0.21912971867958364        5.8999999999999997E-002   6.1400000000000003E-002  0.63300000000000001        5.5800000000000002E-002  0.19080000000000000     
   189.00000000000000       0.20842478950209778        5.8599999999999999E-002   6.1400000000000003E-002  0.63300000000000001        5.6200000000000000E-002  0.19080000000000000     
   190.00000000000000       0.19246149615861324        5.8599999999999999E-002   6.1400000000000003E-002  0.63300000000000001        5.6200000000000000E-002  0.19080000000000000     
   191.00000000000000       0.17197532884262079        5.8599999999999999E-002   6.1400000000000003E-002  0.63300000000000001        5.6000000000000001E-002  0.19100000000000000     
   192.00000000000000       0.14720953837904432        5.8599999999999999E-002   6.0999999999999999E-002  0.63300000000000001        5.5599999999999997E-002  0.19180000000000000     
   193.00000000000000       0.11927287847427240        5.8599999999999999E-002   3.1800000000000002E-002  0.66120000000000001        5.6399999999999999E-002  0.19200000000000000     
   194.00000000000000       0.11331888440113363        5.7599999999999998E-002   3.1800000000000002E-002  0.65939999999999999        5.5000000000000000E-002  0.19620000000000001     
   195.00000000000000       0.11612325409662438        5.8200000000000002E-002   3.1199999999999999E-002  0.65900000000000003        5.2800000000000000E-002  0.19880000000000000     
   196.00000000000000       0.11754478623848297        5.8200000000000002E-002   3.0599999999999999E-002  0.65959999999999996        5.2999999999999999E-002  0.19860000000000000     
   197.00000000000000       0.11913845003486673        5.5599999999999997E-002   3.3399999999999999E-002  0.65300000000000002        5.2999999999999999E-002  0.20499999999999999     
   198.00000000000000       0.12032314975409877        5.1600000000000000E-002   3.7600000000000001E-002  0.65239999999999998        5.2200000000000003E-002  0.20619999999999999     
   199.00000000000000       0.12635870979261579        5.1600000000000000E-002   3.8600000000000002E-002  0.65020000000000000        5.2999999999999999E-002  0.20660000000000001     
   200.00000000000000       0.14178452027168198        5.1400000000000001E-002   1.2600000000000000E-002  0.67579999999999996        5.6599999999999998E-002  0.20360000000000000     
   201.00000000000000       0.17282990352672134        5.1200000000000002E-002   9.7999999999999997E-003  0.67640000000000000        5.7000000000000002E-002  0.20560000000000000     
   202.00000000000000       0.21635271592239111        4.9000000000000002E-002   1.0800000000000001E-002  0.65039999999999998        8.0399999999999999E-002  0.20940000000000000     
   203.00000000000000       0.24567669666437947        4.5800000000000000E-002   1.4000000000000000E-002  0.59660000000000002       0.13420000000000001       0.20940000000000000     
   204.00000000000000       0.27211159378844929        3.5200000000000002E-002   1.9599999999999999E-002  0.60240000000000005       0.13360000000000000       0.20920000000000000     
   205.00000000000000       0.31168330064317090        2.2400000000000000E-002   1.2800000000000001E-002  0.62139999999999995       0.13480000000000000       0.20860000000000001     
   206.00000000000000       0.55918647061323457        2.1200000000000000E-002   1.4000000000000000E-002  0.62139999999999995       0.13460000000000000       0.20880000000000001     
   207.00000000000000       0.63026517069811938        0.0000000000000000        3.5200000000000002E-002  0.35759999999999997       0.39119999999999999       0.21600000000000000     
   208.00000000000000       0.38418417555080592        0.0000000000000000        3.3799999999999997E-002  0.35780000000000001       0.39179999999999998       0.21659999999999999     
   209.00000000000000       0.48357154340763159        0.0000000000000000        3.3799999999999997E-002  0.35780000000000001       0.39140000000000003       0.21700000000000000     
   210.00000000000000        6.2671826148563120E-002   5.9999999999999995E-004   3.3399999999999999E-002  0.35780000000000001       0.39000000000000001       0.21820000000000001     
   211.00000000000000       0.41661056317671169        5.9999999999999995E-004   3.3200000000000000E-002  0.35620000000000002       0.39160000000000000       0.21840000000000001     
   212.00000000000000       0.45879572929871471        0.0000000000000000        5.9999999999999995E-004  0.27239999999999998       0.49780000000000002       0.22919999999999999     
   213.00000000000000       0.80211491382240108        0.0000000000000000        8.0000000000000004E-004  0.27220000000000000       0.49500000000000000       0.23200000000000001     
   214.00000000000000       0.81752476566004162        0.0000000000000000        1.0000000000000000E-003  0.27100000000000002       0.49559999999999998       0.23240000000000000     
   215.00000000000000       0.84723200938830912        0.0000000000000000        1.0000000000000000E-003  0.27060000000000001       0.49559999999999998       0.23280000000000001     
   216.00000000000000       0.86088396650708576        0.0000000000000000        1.0000000000000000E-003  0.27060000000000001       0.49299999999999999       0.23540000000000000     
