#        BMIN =   404
#        BMAX =   408
#     INIBAND =   406
#      NBANDS =   540
#         NSW =  2000
#       POTIM =   1.0
#        TEMP = 300.0
#    NAMDTINI =   177
#    NAMDTIME =  1000
#       NTRAJ =  5000
#        NELM =  1000
#       LHOLE =     T
#        LSHP =     T
#      LCPTXT =     T
#      RUNDIR = ../../run/
   1.0000000000000000       0.12744289170126077        0.0000000000000000        0.0000000000000000        1.0000000000000000        0.0000000000000000        0.0000000000000000     
   2.0000000000000000       0.13940303386266209        0.0000000000000000        0.0000000000000000       0.99800000000000000        2.0000000000000000E-003   0.0000000000000000     
   3.0000000000000000       0.14908786152786649        0.0000000000000000        0.0000000000000000       0.99800000000000000        2.0000000000000000E-003   0.0000000000000000     
   4.0000000000000000       0.15691751311254662        0.0000000000000000        0.0000000000000000       0.99800000000000000        2.0000000000000000E-003   0.0000000000000000     
   5.0000000000000000       0.16264852063661236        0.0000000000000000        0.0000000000000000       0.99800000000000000        2.0000000000000000E-003   0.0000000000000000     
   6.0000000000000000       0.16646808242830416        0.0000000000000000        0.0000000000000000       0.99519999999999997        4.7999999999999996E-003   0.0000000000000000     
   7.0000000000000000       0.16782419498448417        0.0000000000000000        0.0000000000000000       0.99519999999999997        4.7999999999999996E-003   0.0000000000000000     
   8.0000000000000000       0.16683388690001139        0.0000000000000000        0.0000000000000000       0.99519999999999997        4.7999999999999996E-003   0.0000000000000000     
   9.0000000000000000       0.16383035489258266        0.0000000000000000        0.0000000000000000       0.99500000000000000        5.0000000000000001E-003   0.0000000000000000     
   10.000000000000000       0.15850441121162831        0.0000000000000000        0.0000000000000000       0.99500000000000000        5.0000000000000001E-003   0.0000000000000000     
   11.000000000000000       0.15137163780273183        0.0000000000000000        0.0000000000000000       0.99500000000000000        5.0000000000000001E-003   0.0000000000000000     
   12.000000000000000       0.14188764341812374        0.0000000000000000        0.0000000000000000       0.99339999999999995        5.5999999999999999E-003   1.0000000000000000E-003
   13.000000000000000       0.13215399969966196        0.0000000000000000        0.0000000000000000       0.98660000000000003        5.5999999999999999E-003   7.7999999999999996E-003
   14.000000000000000       0.11897391214945935        0.0000000000000000        0.0000000000000000       0.98660000000000003        5.5999999999999999E-003   7.7999999999999996E-003
   15.000000000000000       0.10564242702722290        0.0000000000000000        0.0000000000000000       0.98660000000000003        5.0000000000000001E-003   8.3999999999999995E-003
   16.000000000000000        9.0818145916690865E-002   0.0000000000000000        0.0000000000000000       0.98499999999999999        5.0000000000000001E-003   1.0000000000000000E-002
   17.000000000000000        7.6181813083906022E-002   0.0000000000000000        0.0000000000000000       0.98480000000000001        5.0000000000000001E-003   1.0200000000000001E-002
   18.000000000000000        6.1589917895211718E-002   0.0000000000000000        0.0000000000000000       0.98480000000000001        5.0000000000000001E-003   1.0200000000000001E-002
   19.000000000000000        4.7808624574581932E-002   0.0000000000000000        0.0000000000000000       0.98399999999999999        5.4000000000000003E-003   1.0600000000000000E-002
   20.000000000000000        3.4026498121371991E-002   0.0000000000000000        0.0000000000000000       0.98140000000000005        6.4000000000000003E-003   1.2200000000000001E-002
   21.000000000000000        2.1085095458172443E-002   0.0000000000000000        0.0000000000000000       0.97860000000000003        6.4000000000000003E-003   1.4999999999999999E-002
   22.000000000000000        7.3588409131374105E-003   0.0000000000000000        0.0000000000000000       0.97780000000000000        7.0000000000000001E-003   1.5200000000000000E-002
   23.000000000000000       -6.9124363222780568E-003   0.0000000000000000        0.0000000000000000       0.97780000000000000        6.7999999999999996E-003   1.5400000000000000E-002
   24.000000000000000       -2.1330653148801820E-002   0.0000000000000000        0.0000000000000000       0.97740000000000005        7.0000000000000001E-003   1.5599999999999999E-002
   25.000000000000000       -3.5738365740205655E-002   0.0000000000000000        0.0000000000000000       0.97460000000000002        7.4000000000000003E-003   1.7999999999999999E-002
   26.000000000000000       -5.2308543108143472E-002   0.0000000000000000       0.27360000000000001       0.69879999999999998        8.9999999999999993E-003   1.8599999999999998E-002
   27.000000000000000       -4.1174943713666652E-002   0.0000000000000000       0.27360000000000001       0.69879999999999998        7.7999999999999996E-003   1.9800000000000002E-002
   28.000000000000000       -2.9519921293239316E-002   0.0000000000000000       0.27360000000000001       0.69879999999999998        7.7999999999999996E-003   1.9800000000000002E-002
   29.000000000000000       -2.1130170966863926E-002   0.0000000000000000       0.27320000000000000       0.69879999999999998        8.2000000000000007E-003   1.9800000000000002E-002
   30.000000000000000       -1.6618374897915608E-002   0.0000000000000000       0.27320000000000000       0.69879999999999998        8.2000000000000007E-003   1.9800000000000002E-002
   31.000000000000000       -1.6191983674373051E-002   0.0000000000000000       0.27320000000000000       0.69879999999999998        8.2000000000000007E-003   1.9800000000000002E-002
   32.000000000000000       -1.9811288125465860E-002   0.0000000000000000       0.27320000000000000       0.69879999999999998        8.2000000000000007E-003   1.9800000000000002E-002
   33.000000000000000       -2.7566410268545692E-002   0.0000000000000000       0.27300000000000002       0.69879999999999998        8.3999999999999995E-003   1.9800000000000002E-002
   34.000000000000000       -3.9154433286870363E-002   0.0000000000000000       0.27260000000000001       0.69879999999999998        8.8000000000000005E-003   1.9800000000000002E-002
   35.000000000000000       -5.4206223740732265E-002   0.0000000000000000       0.27260000000000001       0.69879999999999998        8.6000000000000000E-003   2.0000000000000000E-002
   36.000000000000000       -7.3388569875310228E-002   0.0000000000000000       0.27260000000000001       0.69879999999999998        8.6000000000000000E-003   2.0000000000000000E-002
   37.000000000000000       -9.5771360407329711E-002   0.0000000000000000       0.30919999999999997       0.66200000000000003        8.8000000000000005E-003   2.0000000000000000E-002
   38.000000000000000      -0.11542969835339832        2.0000000000000001E-004  0.30919999999999997       0.66120000000000001        9.4000000000000004E-003   2.0000000000000000E-002
   39.000000000000000      -0.12011196126926352        2.0000000000000001E-004  0.30919999999999997       0.66120000000000001        8.8000000000000005E-003   2.0600000000000000E-002
   40.000000000000000      -0.12429809406339559        1.0000000000000000E-003  0.30840000000000001       0.66120000000000001        8.3999999999999995E-003   2.1000000000000001E-002
   41.000000000000000      -0.11485828164338223        8.0000000000000004E-004  0.30859999999999999       0.66120000000000001        8.3999999999999995E-003   2.1000000000000001E-002
   42.000000000000000       -9.7486877068902855E-002   8.0000000000000004E-004  0.30800000000000000       0.65900000000000003        1.0600000000000000E-002   2.1600000000000001E-002
   43.000000000000000       -7.9592666945740256E-002   8.0000000000000004E-004  0.30540000000000000       0.66120000000000001        1.0600000000000000E-002   2.1999999999999999E-002
   44.000000000000000       -6.2054554840830708E-002   8.0000000000000004E-004  0.30559999999999998       0.66080000000000005        1.0600000000000000E-002   2.2200000000000001E-002
   45.000000000000000       -4.4042735955312912E-002   5.9999999999999995E-004  0.30140000000000000       0.66439999999999999        1.0800000000000001E-002   2.2800000000000001E-002
   46.000000000000000       -2.7577803391232801E-002   5.9999999999999995E-004  0.30080000000000001       0.66439999999999999        1.0200000000000001E-002   2.4000000000000000E-002
   47.000000000000000       -1.2120519187584198E-002   5.9999999999999995E-004  0.29480000000000001       0.66959999999999997        1.0400000000000000E-002   2.4600000000000000E-002
   48.000000000000000        2.8412104979404686E-003   5.9999999999999995E-004  0.29320000000000002       0.66659999999999997        1.0600000000000000E-002   2.9000000000000001E-002
   49.000000000000000        1.4640720325215089E-002   5.9999999999999995E-004  0.28539999999999999       0.67440000000000000        1.0600000000000000E-002   2.9000000000000001E-002
   50.000000000000000        2.3739522752331481E-002   5.9999999999999995E-004  0.28620000000000001       0.67340000000000000        1.0800000000000001E-002   2.9000000000000001E-002
   51.000000000000000        3.0735833835511206E-002   5.9999999999999995E-004  0.28720000000000001       0.67100000000000004        1.2200000000000001E-002   2.9000000000000001E-002
   52.000000000000000        3.6152413430681568E-002   2.0000000000000001E-004  0.28720000000000001       0.67000000000000004        1.2000000000000000E-002   3.0599999999999999E-002
   53.000000000000000        4.2057201035731656E-002   2.0000000000000001E-004  0.26240000000000002       0.69460000000000000        1.2000000000000000E-002   3.0800000000000001E-002
   54.000000000000000        4.4489038523732913E-002   2.0000000000000001E-004  0.25879999999999997       0.69820000000000004        1.2000000000000000E-002   3.0800000000000001E-002
   55.000000000000000        4.5650258240251318E-002   2.0000000000000001E-004  0.25879999999999997       0.69760000000000000        1.2000000000000000E-002   3.1399999999999997E-002
   56.000000000000000        4.8185464936234434E-002   2.0000000000000001E-004  0.25000000000000000       0.70599999999999996        1.0200000000000001E-002   3.3599999999999998E-002
   57.000000000000000        4.8891938373979357E-002   2.0000000000000001E-004  0.24900000000000000       0.70620000000000005        1.0200000000000001E-002   3.4400000000000000E-002
   58.000000000000000        4.8729636948590879E-002   2.0000000000000001E-004  0.24700000000000000       0.70779999999999998        1.0400000000000000E-002   3.4599999999999999E-002
   59.000000000000000        4.7035341264766953E-002   4.3999999999999997E-002  0.20319999999999999       0.70540000000000003        1.1599999999999999E-002   3.5799999999999998E-002
   60.000000000000000        5.5092326320041775E-002   4.1599999999999998E-002  0.20319999999999999       0.70779999999999998        1.1599999999999999E-002   3.5799999999999998E-002
   61.000000000000000        6.6837866602122986E-002   4.1599999999999998E-002  0.20319999999999999       0.70479999999999998        1.4600000000000000E-002   3.5799999999999998E-002
   62.000000000000000        7.8063187886089777E-002   4.1599999999999998E-002  0.20319999999999999       0.69499999999999995        2.4400000000000002E-002   3.5799999999999998E-002
   63.000000000000000        8.3028412689274592E-002   4.1599999999999998E-002  0.20319999999999999       0.69499999999999995        2.4199999999999999E-002   3.5999999999999997E-002
   64.000000000000000        8.3869403969194956E-002   4.1599999999999998E-002   0.0000000000000000       0.89839999999999998        2.3800000000000002E-002   3.6200000000000003E-002
   65.000000000000000        8.1837517697032375E-002   4.1599999999999998E-002   0.0000000000000000       0.89839999999999998        2.3800000000000002E-002   3.6200000000000003E-002
   66.000000000000000        9.9846253333130824E-002   4.1599999999999998E-002   0.0000000000000000       0.88560000000000005        3.6600000000000001E-002   3.6200000000000003E-002
   67.000000000000000       0.10350425496833968        4.1599999999999998E-002   0.0000000000000000       0.88519999999999999        3.6600000000000001E-002   3.6600000000000001E-002
   68.000000000000000        9.8106584181754913E-002   4.1599999999999998E-002   0.0000000000000000       0.88400000000000001        3.6600000000000001E-002   3.7800000000000000E-002
   69.000000000000000        8.9536851723519953E-002   4.1599999999999998E-002   0.0000000000000000       0.88400000000000001        3.6600000000000001E-002   3.7800000000000000E-002
   70.000000000000000        7.5434195822443068E-002   4.1599999999999998E-002   0.0000000000000000       0.88400000000000001        3.6600000000000001E-002   3.7800000000000000E-002
   71.000000000000000        6.3532928288911994E-002   4.1599999999999998E-002   2.0000000000000001E-004  0.88480000000000003        3.5600000000000000E-002   3.7800000000000000E-002
   72.000000000000000        5.5035454012523854E-002   4.1599999999999998E-002   2.0000000000000001E-004   0.0000000000000000       0.92020000000000002        3.7999999999999999E-002
   73.000000000000000        3.7017718537347082E-002   4.1599999999999998E-002   2.0000000000000001E-004   0.0000000000000000       0.92000000000000004        3.8199999999999998E-002
   74.000000000000000        2.7680118073831292E-002   4.1599999999999998E-002   2.0000000000000001E-004   0.0000000000000000       0.91679999999999995        4.1399999999999999E-002
   75.000000000000000        1.7212665202421394E-002   4.1599999999999998E-002   2.0000000000000001E-004   3.2000000000000002E-003  0.91320000000000001        4.1799999999999997E-002
   76.000000000000000        8.0338187818736924E-003   4.1599999999999998E-002   2.0000000000000001E-004   8.0000000000000004E-004  0.91559999999999997        4.1799999999999997E-002
   77.000000000000000        1.6947159571390029E-003   4.0800000000000003E-002   2.0000000000000001E-004   2.2400000000000000E-002  0.89480000000000004        4.1799999999999997E-002
   78.000000000000000        1.7819312463498143E-003   4.0800000000000003E-002   2.0000000000000001E-004   6.9599999999999995E-002  0.84760000000000002        4.1799999999999997E-002
   79.000000000000000        1.0683194827830185E-002   4.0800000000000003E-002   2.0000000000000001E-004   7.5200000000000003E-002  0.84179999999999999        4.2000000000000003E-002
   80.000000000000000        2.5629178043309518E-002   1.2400000000000000E-002   2.7600000000000000E-002   7.1999999999999995E-002  0.84580000000000000        4.2200000000000001E-002
   81.000000000000000        4.1031709951733497E-002   1.2400000000000000E-002   2.6800000000000001E-002   8.5000000000000006E-002  0.83320000000000005        4.2599999999999999E-002
   82.000000000000000        5.7651250884491065E-002   1.1800000000000000E-002   2.7000000000000000E-002   9.0600000000000000E-002  0.82760000000000000        4.2999999999999997E-002
   83.000000000000000        7.6750663179640369E-002   1.1800000000000000E-002   2.6800000000000001E-002   9.3799999999999994E-002  0.82460000000000000        4.2999999999999997E-002
   84.000000000000000        9.1976069052727857E-002   1.1599999999999999E-002   2.6800000000000001E-002   9.6400000000000000E-002  0.82220000000000004        4.2999999999999997E-002
   85.000000000000000        9.2361824681771121E-002   1.0999999999999999E-002   2.6800000000000001E-002   8.8599999999999998E-002  0.82920000000000005        4.4400000000000002E-002
   86.000000000000000        9.8655933925318989E-002   1.0999999999999999E-002   2.5200000000000000E-002   8.5400000000000004E-002  0.83140000000000003        4.7000000000000000E-002
   87.000000000000000       0.14201141965128292        1.0999999999999999E-002   2.5200000000000000E-002   8.6400000000000005E-002  0.83040000000000003        4.7000000000000000E-002
   88.000000000000000       0.17997740300646911        1.0999999999999999E-002   2.4600000000000000E-002   8.6999999999999994E-002  0.83040000000000003        4.7000000000000000E-002
   89.000000000000000       0.21684755942413161        1.1200000000000000E-002   2.4400000000000002E-002   7.5399999999999995E-002  0.84160000000000001        4.7399999999999998E-002
   90.000000000000000       0.22242270925861496        1.0999999999999999E-002   2.4400000000000002E-002   6.8800000000000000E-002  0.84819999999999995        4.7600000000000003E-002
   91.000000000000000       0.23947838789868228        1.0000000000000000E-002   2.5200000000000000E-002   6.9000000000000006E-002  0.84819999999999995        4.7600000000000003E-002
   92.000000000000000       0.14253584697661822        4.0000000000000002E-004   4.7999999999999996E-003   6.7199999999999996E-002  0.86419999999999997        6.3399999999999998E-002
   93.000000000000000        1.3503004942450949        4.0000000000000002E-004   4.4000000000000003E-003   6.5799999999999997E-002  0.84019999999999995        8.9200000000000002E-002
   94.000000000000000       0.54926213939130775        4.0000000000000002E-004   4.4000000000000003E-003   6.5799999999999997E-002  0.83740000000000003        9.1999999999999998E-002
   95.000000000000000       0.54973876539678479        4.0000000000000002E-004   4.1999999999999997E-003   5.9799999999999999E-002  0.84360000000000002        9.1999999999999998E-002
   96.000000000000000       0.61208669238617142        8.0000000000000004E-004   3.8000000000000000E-003   0.0000000000000000       0.77800000000000002       0.21740000000000001     
   97.000000000000000       0.40801136332876409        8.0000000000000004E-004   3.8000000000000000E-003   0.0000000000000000       0.77580000000000005       0.21959999999999999     
   98.000000000000000       0.42153470528699521        8.0000000000000004E-004   3.8000000000000000E-003   0.0000000000000000       0.77580000000000005       0.21959999999999999     
   99.000000000000000       0.43359813077296661        8.0000000000000004E-004   3.8000000000000000E-003   0.0000000000000000       0.76019999999999999       0.23519999999999999     
   100.00000000000000       0.44043145861069022        8.0000000000000004E-004   3.8000000000000000E-003   0.0000000000000000       0.75400000000000000       0.24140000000000000     
   101.00000000000000       0.44449694927026306        8.0000000000000004E-004   3.8000000000000000E-003   0.0000000000000000       0.75460000000000005       0.24079999999999999     
   102.00000000000000       0.44571295522008902        8.0000000000000004E-004   3.8000000000000000E-003   0.0000000000000000       0.75460000000000005       0.24079999999999999     
   103.00000000000000       0.44508187624815060        8.0000000000000004E-004   3.8000000000000000E-003   0.0000000000000000       0.75619999999999998       0.23920000000000000     
   104.00000000000000       0.44275640809258343        8.0000000000000004E-004   3.8000000000000000E-003   0.0000000000000000       0.75280000000000002       0.24260000000000001     
   105.00000000000000       0.43775610018877648        8.0000000000000004E-004   3.8000000000000000E-003   0.0000000000000000       0.75080000000000002       0.24460000000000001     
   106.00000000000000       0.43078359546593759        8.0000000000000004E-004   3.8000000000000000E-003   0.0000000000000000       0.75100000000000000       0.24440000000000001     
   107.00000000000000       0.42245807928441115        8.0000000000000004E-004   3.8000000000000000E-003   0.0000000000000000       0.75100000000000000       0.24440000000000001     
   108.00000000000000       0.41269861107843631        8.0000000000000004E-004   3.8000000000000000E-003   0.0000000000000000       0.75100000000000000       0.24440000000000001     
   109.00000000000000       0.40186448183982137        8.0000000000000004E-004   3.8000000000000000E-003   0.0000000000000000       0.75080000000000002       0.24460000000000001     
   110.00000000000000       0.38971119039117319        5.9999999999999995E-004   4.0000000000000001E-003   0.0000000000000000       0.74980000000000002       0.24560000000000001     
   111.00000000000000       0.37745829331580905        5.9999999999999995E-004   4.0000000000000001E-003   0.0000000000000000       0.72640000000000005       0.26900000000000002     
   112.00000000000000       0.36349032443976836        5.9999999999999995E-004   4.0000000000000001E-003   0.0000000000000000       0.73760000000000003       0.25779999999999997     
   113.00000000000000       0.34914314023692344        5.9999999999999995E-004   4.0000000000000001E-003   0.0000000000000000       0.74239999999999995       0.25300000000000000     
   114.00000000000000       0.33585274938463139        5.9999999999999995E-004   4.0000000000000001E-003   0.0000000000000000       0.74139999999999995       0.25400000000000000     
   115.00000000000000       0.32211757302381039        5.9999999999999995E-004   4.0000000000000001E-003   0.0000000000000000       0.74960000000000004       0.24579999999999999     
   116.00000000000000       0.30930994855805061        5.9999999999999995E-004   4.0000000000000001E-003   0.0000000000000000       0.73180000000000001       0.26360000000000000     
   117.00000000000000       0.29745113072202900        5.9999999999999995E-004   4.0000000000000001E-003   0.0000000000000000       0.70140000000000002       0.29399999999999998     
   118.00000000000000       0.28556214410861286        2.8000000000000000E-003   1.8000000000000000E-003   0.0000000000000000       0.70399999999999996       0.29139999999999999     
   119.00000000000000       0.27390578686285094        2.8000000000000000E-003   1.8000000000000000E-003   0.0000000000000000       0.71719999999999995       0.27820000000000000     
   120.00000000000000       0.26349884798121814        2.8000000000000000E-003   1.8000000000000000E-003   0.0000000000000000       0.72219999999999995       0.27320000000000000     
   121.00000000000000       0.25536447548785002        2.8000000000000000E-003   1.4000000000000000E-003   4.0000000000000002E-004  0.68799999999999994       0.30740000000000001     
   122.00000000000000       0.24706646302541230        2.8000000000000000E-003   1.4000000000000000E-003   4.0000000000000002E-004  0.68559999999999999       0.30980000000000002     
   123.00000000000000       0.24086095957372311        2.8000000000000000E-003   1.4000000000000000E-003   4.0000000000000002E-004  0.66779999999999995       0.32760000000000000     
   124.00000000000000       0.23494510235440008        2.8000000000000000E-003   1.4000000000000000E-003   4.0000000000000002E-004  0.66539999999999999       0.33000000000000002     
   125.00000000000000       0.23002747246533786        2.8000000000000000E-003   1.4000000000000000E-003   4.0000000000000002E-004  0.65839999999999999       0.33700000000000002     
   126.00000000000000       0.22710204618278351        2.8000000000000000E-003   1.4000000000000000E-003   4.0000000000000002E-004  0.65820000000000001       0.33720000000000000     
   127.00000000000000       0.22560394857151256        2.8000000000000000E-003   1.4000000000000000E-003   4.0000000000000002E-004  0.65820000000000001       0.33720000000000000     
   128.00000000000000       0.22503124202372593        2.8000000000000000E-003   1.1999999999999999E-003   4.0000000000000002E-004  0.65820000000000001       0.33739999999999998     
   129.00000000000000       0.22771223197050866        2.8000000000000000E-003   1.1999999999999999E-003   4.0000000000000002E-004  0.65859999999999996       0.33700000000000002     
   130.00000000000000       0.23097205581773006        2.8000000000000000E-003   1.1999999999999999E-003   4.0000000000000002E-004  0.65720000000000001       0.33839999999999998     
   131.00000000000000       0.23606098772917156        2.8000000000000000E-003   1.1999999999999999E-003   4.0000000000000002E-004  0.65920000000000001       0.33639999999999998     
   132.00000000000000       0.24243501921265237        3.0000000000000001E-003   1.0000000000000000E-003   4.0000000000000002E-004  0.65959999999999996       0.33600000000000002     
   133.00000000000000       0.25008131494327551        3.0000000000000001E-003   1.0000000000000000E-003   4.0000000000000002E-004  0.66039999999999999       0.33520000000000000     
   134.00000000000000       0.25908480923383592        2.5999999999999999E-003   1.4000000000000000E-003   4.0000000000000002E-004  0.65880000000000005       0.33679999999999999     
   135.00000000000000       0.26893142471730219        2.5999999999999999E-003   1.4000000000000000E-003   4.0000000000000002E-004  0.65900000000000003       0.33660000000000001     
   136.00000000000000       0.27940218488092217        2.3999999999999998E-003   1.1999999999999999E-003   5.9999999999999995E-004  0.65939999999999999       0.33639999999999998     
   137.00000000000000       0.28998586212899552        2.3999999999999998E-003   1.1999999999999999E-003   5.9999999999999995E-004  0.65880000000000005       0.33700000000000002     
   138.00000000000000       0.30061588422889518        2.5999999999999999E-003   1.0000000000000000E-003   5.9999999999999995E-004  0.65900000000000003       0.33679999999999999     
   139.00000000000000       0.31054214462636587        2.5999999999999999E-003   1.0000000000000000E-003   5.9999999999999995E-004  0.65920000000000001       0.33660000000000001     
   140.00000000000000       0.31988285147007001        2.5999999999999999E-003   1.0000000000000000E-003   5.9999999999999995E-004  0.65920000000000001       0.33660000000000001     
   141.00000000000000       0.32816042578304899        2.5999999999999999E-003   1.0000000000000000E-003   5.9999999999999995E-004  0.65920000000000001       0.33660000000000001     
   142.00000000000000       0.33543175134820635        2.5999999999999999E-003   1.0000000000000000E-003   5.9999999999999995E-004  0.65920000000000001       0.33660000000000001     
   143.00000000000000       0.34099666795557437        2.5999999999999999E-003   1.0000000000000000E-003   5.9999999999999995E-004  0.65800000000000003       0.33779999999999999     
   144.00000000000000       0.34550110585810956        2.5999999999999999E-003   1.0000000000000000E-003   5.9999999999999995E-004  0.65420000000000000       0.34160000000000001     
   145.00000000000000       0.34726760757757691        2.5999999999999999E-003   1.0000000000000000E-003   5.9999999999999995E-004  0.65420000000000000       0.34160000000000001     
   146.00000000000000       0.34773297140250420        2.5999999999999999E-003   1.0000000000000000E-003   5.9999999999999995E-004  0.65120000000000000       0.34460000000000002     
   147.00000000000000       0.34629644315632796        2.5999999999999999E-003   8.0000000000000004E-004   5.9999999999999995E-004  0.64920000000000000       0.34680000000000000     
   148.00000000000000       0.34269573859292990        2.5999999999999999E-003   8.0000000000000004E-004   5.9999999999999995E-004  0.64820000000000000       0.34780000000000000     
   149.00000000000000       0.33727916305389372        1.6000000000000001E-003   1.8000000000000000E-003   5.9999999999999995E-004  0.64800000000000002       0.34799999999999998     
   150.00000000000000       0.33055532581021690        1.1999999999999999E-003   2.2000000000000001E-003   1.0000000000000000E-003  0.64759999999999995       0.34799999999999998     
   151.00000000000000       0.32274975972289882        1.1999999999999999E-003   2.0000000000000000E-003   1.0000000000000000E-003  0.64780000000000004       0.34799999999999998     
   152.00000000000000       0.31454718753506139        1.1999999999999999E-003   1.6000000000000001E-003   1.4000000000000000E-003  0.64780000000000004       0.34799999999999998     
   153.00000000000000       0.30586617079556000        1.1999999999999999E-003   1.1999999999999999E-003   1.4000000000000000E-003  0.64680000000000004       0.34939999999999999     
   154.00000000000000       0.29693043667965152        1.1999999999999999E-003   1.1999999999999999E-003   1.4000000000000000E-003  0.64680000000000004       0.34939999999999999     
   155.00000000000000       0.28728629903009717        1.0000000000000000E-003   1.1999999999999999E-003   1.4000000000000000E-003  0.64700000000000002       0.34939999999999999     
   156.00000000000000       0.27833486182543105        1.0000000000000000E-003   1.1999999999999999E-003   1.4000000000000000E-003  0.64439999999999997       0.35199999999999998     
   157.00000000000000       0.26933158807073099        1.0000000000000000E-003   1.1999999999999999E-003   1.4000000000000000E-003  0.64480000000000004       0.35160000000000002     
   158.00000000000000       0.25969154542751799        1.0000000000000000E-003   1.1999999999999999E-003   1.4000000000000000E-003  0.64500000000000002       0.35139999999999999     
   159.00000000000000       0.25027136154863255        1.0000000000000000E-003   1.6000000000000001E-003   1.0000000000000000E-003  0.64500000000000002       0.35139999999999999     
   160.00000000000000       0.24101752726792230        8.0000000000000004E-004   1.8000000000000000E-003   1.0000000000000000E-003  0.64500000000000002       0.35139999999999999     
   161.00000000000000       0.23194946771560154        5.9999999999999995E-004   2.0000000000000000E-003   1.0000000000000000E-003  0.64500000000000002       0.35139999999999999     
   162.00000000000000       0.22291781196046584        5.9999999999999995E-004   2.0000000000000000E-003   1.0000000000000000E-003  0.64520000000000000       0.35120000000000001     
   163.00000000000000       0.21343714422436208        5.9999999999999995E-004   2.0000000000000000E-003   1.0000000000000000E-003  0.64300000000000002       0.35339999999999999     
   164.00000000000000       0.20511208230232877        5.9999999999999995E-004   2.0000000000000000E-003   1.0000000000000000E-003  0.64080000000000004       0.35560000000000003     
   165.00000000000000       0.20760784904464052        5.9999999999999995E-004   2.0000000000000000E-003   1.1999999999999999E-003  0.64080000000000004       0.35539999999999999     
   166.00000000000000       0.21219520092604721        5.9999999999999995E-004   2.0000000000000000E-003   1.1999999999999999E-003  0.64080000000000004       0.35539999999999999     
   167.00000000000000       0.21225631115990268        5.9999999999999995E-004   2.0000000000000000E-003   1.1999999999999999E-003  0.64080000000000004       0.35539999999999999     
   168.00000000000000       0.20690090955301155        5.9999999999999995E-004   2.0000000000000000E-003   1.1999999999999999E-003  0.64080000000000004       0.35539999999999999     
   169.00000000000000       0.19740593870449694        5.9999999999999995E-004   2.0000000000000000E-003   1.1999999999999999E-003  0.64080000000000004       0.35539999999999999     
   170.00000000000000       0.18388909401991438        5.9999999999999995E-004   2.0000000000000000E-003   1.0000000000000000E-003  0.64039999999999997       0.35599999999999998     
   171.00000000000000       0.17907290934518755        5.9999999999999995E-004   1.8000000000000000E-003   1.0000000000000000E-003  0.63600000000000001       0.36059999999999998     
   172.00000000000000       0.17503097813152221        5.9999999999999995E-004   1.8000000000000000E-003   1.0000000000000000E-003  0.63580000000000003       0.36080000000000001     
   173.00000000000000       0.17713795606152344        5.9999999999999995E-004   1.8000000000000000E-003   1.0000000000000000E-003  0.62919999999999998       0.36740000000000000     
   174.00000000000000       0.17842904394266262        5.9999999999999995E-004   1.8000000000000000E-003   1.0000000000000000E-003  0.62839999999999996       0.36820000000000003     
   175.00000000000000       0.18154727354737604        1.0000000000000000E-003   1.4000000000000000E-003   1.0000000000000000E-003  0.62780000000000002       0.36880000000000002     
   176.00000000000000       0.18564521908817155        1.0000000000000000E-003   1.4000000000000000E-003   1.0000000000000000E-003  0.62780000000000002       0.36880000000000002     
   177.00000000000000       0.19138855736016425        1.0000000000000000E-003   1.4000000000000000E-003   1.0000000000000000E-003  0.62780000000000002       0.36880000000000002     
   178.00000000000000       0.19816372497587526        8.0000000000000004E-004   1.6000000000000001E-003   3.2000000000000002E-003  0.62560000000000004       0.36880000000000002     
   179.00000000000000       0.20684176513911351        8.0000000000000004E-004   1.6000000000000001E-003   3.8000000000000000E-003  0.62400000000000000       0.36980000000000002     
   180.00000000000000       0.21610115024497062        8.0000000000000004E-004   1.6000000000000001E-003   3.2000000000000002E-003  0.62419999999999998       0.37019999999999997     
   181.00000000000000       0.22697981526381511        8.0000000000000004E-004   1.6000000000000001E-003   3.2000000000000002E-003  0.62239999999999995       0.37200000000000000     
   182.00000000000000       0.23834663879824253        8.0000000000000004E-004   1.6000000000000001E-003   3.2000000000000002E-003  0.62239999999999995       0.37200000000000000     
   183.00000000000000       0.25070192153115589        8.0000000000000004E-004   1.6000000000000001E-003   3.3999999999999998E-003  0.62000000000000000       0.37419999999999998     
   184.00000000000000       0.26278988364410871        8.0000000000000004E-004   1.6000000000000001E-003   3.2000000000000002E-003  0.62000000000000000       0.37440000000000001     
   185.00000000000000       0.27487393423520395        8.0000000000000004E-004   1.6000000000000001E-003   3.2000000000000002E-003  0.62000000000000000       0.37440000000000001     
   186.00000000000000       0.28672233006222148        8.0000000000000004E-004   1.6000000000000001E-003   3.2000000000000002E-003  0.61819999999999997       0.37619999999999998     
   187.00000000000000       0.29801196126576335        8.0000000000000004E-004   1.6000000000000001E-003   3.2000000000000002E-003  0.61639999999999995       0.37800000000000000     
   188.00000000000000       0.30808506069552044        1.0000000000000000E-003   1.4000000000000000E-003   3.2000000000000002E-003  0.61639999999999995       0.37800000000000000     
   189.00000000000000       0.31834408500370553        1.0000000000000000E-003   1.4000000000000000E-003   3.2000000000000002E-003  0.61439999999999995       0.38000000000000000     
   190.00000000000000       0.32653250897434549        1.0000000000000000E-003   1.4000000000000000E-003   3.2000000000000002E-003  0.61439999999999995       0.38000000000000000     
   191.00000000000000       0.33420911122966990        1.0000000000000000E-003   1.4000000000000000E-003   3.2000000000000002E-003  0.61439999999999995       0.38000000000000000     
   192.00000000000000       0.34120826791417058        1.0000000000000000E-003   2.0000000000000000E-003   2.5999999999999999E-003  0.61419999999999997       0.38019999999999998     
   193.00000000000000       0.34653384000137644        1.0000000000000000E-003   2.0000000000000000E-003   2.5999999999999999E-003  0.61399999999999999       0.38040000000000002     
   194.00000000000000       0.35108281398795504        1.0000000000000000E-003   2.0000000000000000E-003   2.5999999999999999E-003  0.60760000000000003       0.38679999999999998     
   195.00000000000000       0.35454933449282189        1.0000000000000000E-003   1.8000000000000000E-003   2.5999999999999999E-003  0.60180000000000000       0.39279999999999998     
   196.00000000000000       0.35343804945331836        1.0000000000000000E-003   1.6000000000000001E-003   2.5999999999999999E-003  0.71599999999999997       0.27879999999999999     
   197.00000000000000       0.35499852468279403        1.0000000000000000E-003   1.6000000000000001E-003   2.5999999999999999E-003  0.71599999999999997       0.27879999999999999     
   198.00000000000000       0.35229145181125188        1.0000000000000000E-003   1.6000000000000001E-003   2.5999999999999999E-003  0.72060000000000002       0.27420000000000000     
   199.00000000000000       0.34684734977491344        1.0000000000000000E-003   1.4000000000000000E-003   2.5999999999999999E-003  0.71760000000000002       0.27739999999999998     
   200.00000000000000       0.33993290607514381        1.0000000000000000E-003   1.4000000000000000E-003   2.5999999999999999E-003  0.71919999999999995       0.27579999999999999     
   201.00000000000000       0.33289944712025399        1.0000000000000000E-003   5.9999999999999995E-004   2.5999999999999999E-003  0.72040000000000004       0.27539999999999998     
   202.00000000000000       0.32489225239674502        1.0000000000000000E-003   5.9999999999999995E-004   2.5999999999999999E-003  0.72040000000000004       0.27539999999999998     
   203.00000000000000       0.31628057122338504        1.0000000000000000E-003   5.9999999999999995E-004   2.5999999999999999E-003  0.72040000000000004       0.27539999999999998     
   204.00000000000000       0.30715760434384076        1.0000000000000000E-003   5.9999999999999995E-004   2.5999999999999999E-003  0.71940000000000004       0.27639999999999998     
   205.00000000000000       0.29739731911531975        1.0000000000000000E-003   5.9999999999999995E-004   2.5999999999999999E-003  0.72040000000000004       0.27539999999999998     
   206.00000000000000       0.28682781151859060        1.0000000000000000E-003   5.9999999999999995E-004   2.5999999999999999E-003  0.72040000000000004       0.27539999999999998     
   207.00000000000000       0.27567085628944987        8.0000000000000004E-004   8.0000000000000004E-004   2.5999999999999999E-003  0.71679999999999999       0.27900000000000003     
   208.00000000000000       0.26527125875760071        8.0000000000000004E-004   5.9999999999999995E-004   2.5999999999999999E-003  0.70599999999999996       0.28999999999999998     
   209.00000000000000       0.25314445567094573        5.9999999999999995E-004   5.9999999999999995E-004   2.8000000000000000E-003  0.70599999999999996       0.28999999999999998     
   210.00000000000000       0.24046152009377059        5.9999999999999995E-004   5.9999999999999995E-004   2.5999999999999999E-003  0.70599999999999996       0.29020000000000001     
   211.00000000000000       0.22847074525963895        5.9999999999999995E-004   5.9999999999999995E-004   2.5999999999999999E-003  0.70199999999999996       0.29420000000000002     
   212.00000000000000       0.21571804630535021        5.9999999999999995E-004   5.9999999999999995E-004   2.3999999999999998E-003  0.70220000000000005       0.29420000000000002     
   213.00000000000000       0.20330717052722214        5.9999999999999995E-004   5.9999999999999995E-004   2.3999999999999998E-003  0.70220000000000005       0.29420000000000002     
   214.00000000000000       0.19188181711488272        5.9999999999999995E-004   5.9999999999999995E-004   2.3999999999999998E-003  0.69899999999999995       0.29740000000000000     
   215.00000000000000       0.18029697970727671        5.9999999999999995E-004   5.9999999999999995E-004   2.3999999999999998E-003  0.69879999999999998       0.29759999999999998     
   216.00000000000000       0.16950785213329606        5.9999999999999995E-004   5.9999999999999995E-004   2.2000000000000001E-003  0.69899999999999995       0.29759999999999998     
