#        BMIN =   404
#        BMAX =   408
#     INIBAND =   406
#      NBANDS =   540
#         NSW =  2000
#       POTIM =   1.0
#        TEMP = 300.0
#    NAMDTINI =   907
#    NAMDTIME =  1000
#       NTRAJ =  5000
#        NELM =  1000
#       LHOLE =     T
#        LSHP =     T
#      LCPTXT =     T
#      RUNDIR = ../../run/
   1.0000000000000000       0.40457769148264533        0.0000000000000000        0.0000000000000000        1.0000000000000000        0.0000000000000000        0.0000000000000000     
   2.0000000000000000       0.37463699797153138        0.0000000000000000        0.0000000000000000        1.0000000000000000        0.0000000000000000        0.0000000000000000     
   3.0000000000000000       0.20803120666701794        0.0000000000000000        0.0000000000000000       0.87180000000000002       0.12820000000000001        0.0000000000000000     
   4.0000000000000000       0.56217567083212694        0.0000000000000000        0.0000000000000000       0.83840000000000003       0.15880000000000000        2.8000000000000000E-003
   5.0000000000000000       0.54354202270639762        0.0000000000000000        0.0000000000000000       0.83840000000000003       0.15880000000000000        2.8000000000000000E-003
   6.0000000000000000       0.55778318325890874        0.0000000000000000        0.0000000000000000       0.83579999999999999       0.16139999999999999        2.8000000000000000E-003
   7.0000000000000000       0.55042605303682424        0.0000000000000000        0.0000000000000000       0.83179999999999998       0.16220000000000001        6.0000000000000001E-003
   8.0000000000000000       0.33635540761075811        0.0000000000000000        0.0000000000000000       0.83179999999999998       0.16220000000000001        6.0000000000000001E-003
   9.0000000000000000       0.31948193703180766        0.0000000000000000        0.0000000000000000       0.83099999999999996       0.16300000000000001        6.0000000000000001E-003
   10.000000000000000       0.30246687775966186        0.0000000000000000        0.0000000000000000       0.82879999999999998       0.16480000000000000        6.4000000000000003E-003
   11.000000000000000       0.28446676544606359        0.0000000000000000        0.0000000000000000       0.82879999999999998       0.16480000000000000        6.4000000000000003E-003
   12.000000000000000       0.26575672186136590        0.0000000000000000        0.0000000000000000       0.82560000000000000       0.16780000000000000        6.6000000000000000E-003
   13.000000000000000       0.24584882749240533        0.0000000000000000        0.0000000000000000       0.82560000000000000       0.16780000000000000        6.6000000000000000E-003
   14.000000000000000       0.22601896118806430        0.0000000000000000        0.0000000000000000       0.82540000000000002       0.16760000000000000        7.0000000000000001E-003
   15.000000000000000       0.20669141944587952        0.0000000000000000        0.0000000000000000       0.81960000000000000       0.16980000000000001        1.0600000000000000E-002
   16.000000000000000       0.18492374755415389        0.0000000000000000        0.0000000000000000       0.81799999999999995       0.17040000000000000        1.1599999999999999E-002
   17.000000000000000       0.16155199617650151        2.0000000000000001E-004   0.0000000000000000       0.81640000000000001       0.17040000000000000        1.2999999999999999E-002
   18.000000000000000       0.13814551249884130        2.0000000000000001E-004   0.0000000000000000       0.81399999999999995       0.16980000000000001        1.6000000000000000E-002
   19.000000000000000       0.11450615048347293        2.0000000000000001E-004   2.2000000000000001E-003  0.80800000000000005       0.16980000000000001        1.9800000000000002E-002
   20.000000000000000        9.0222526327494987E-002   2.0000000000000001E-004   5.1999999999999998E-003  0.80500000000000005       0.16580000000000000        2.3800000000000002E-002
   21.000000000000000        7.0647576452746483E-002   2.0000000000000001E-004   3.2000000000000002E-003  0.79640000000000000       0.17560000000000001        2.4600000000000000E-002
   22.000000000000000        4.8590585591156109E-002   2.0000000000000001E-004   7.7999999999999996E-003  0.79100000000000004       0.17460000000000001        2.6400000000000000E-002
   23.000000000000000        2.7004334997624425E-002   2.0000000000000001E-004   7.4000000000000003E-003  0.79139999999999999       0.17460000000000001        2.6400000000000000E-002
   24.000000000000000        6.1307290764847731E-003   2.0000000000000001E-004   5.0000000000000001E-003  0.79379999999999995       0.17460000000000001        2.6400000000000000E-002
   25.000000000000000       -1.1232992366610118E-002   2.0000000000000001E-004   4.4000000000000003E-003  0.78139999999999998       0.18620000000000000        2.7799999999999998E-002
   26.000000000000000       -3.0675484536298044E-002   2.0000000000000001E-004   6.0000000000000001E-003  0.77680000000000005       0.18759999999999999        2.9399999999999999E-002
   27.000000000000000       -4.9354935469784242E-002   2.0000000000000001E-004   8.8000000000000005E-003  0.77259999999999995       0.18759999999999999        3.0800000000000001E-002
   28.000000000000000       -6.6435381280411668E-002   1.6000000000000001E-003   1.4000000000000000E-002  0.76600000000000001       0.18659999999999999        3.1800000000000002E-002
   29.000000000000000       -8.4221755972323536E-002   5.9999999999999995E-004  0.23820000000000000       0.54279999999999995       0.18659999999999999        3.1800000000000002E-002
   30.000000000000000       -8.0943312837709752E-002   1.4000000000000000E-003  0.23719999999999999       0.54279999999999995       0.18679999999999999        3.1800000000000002E-002
   31.000000000000000       -6.8420519089414059E-002   1.4000000000000000E-003  0.23719999999999999       0.54279999999999995       0.18679999999999999        3.1800000000000002E-002
   32.000000000000000       -5.4373412592431850E-002   1.4000000000000000E-003  0.23719999999999999       0.54279999999999995       0.18679999999999999        3.1800000000000002E-002
   33.000000000000000       -3.9098509512034321E-002   1.1999999999999999E-003  0.23719999999999999       0.54300000000000004       0.18679999999999999        3.1800000000000002E-002
   34.000000000000000       -2.4929225538135404E-002   1.1999999999999999E-003  0.23540000000000000       0.54300000000000004       0.18740000000000001        3.3000000000000002E-002
   35.000000000000000       -1.1186889475217676E-002   1.1999999999999999E-003  0.23519999999999999       0.54300000000000004       0.18740000000000001        3.3200000000000000E-002
   36.000000000000000        1.6403572918297013E-003   1.1999999999999999E-003  0.23180000000000001       0.54300000000000004       0.18859999999999999        3.5400000000000001E-002
   37.000000000000000        1.1669439329739522E-002   1.1999999999999999E-003  0.23100000000000001       0.54300000000000004       0.18900000000000000        3.5799999999999998E-002
   38.000000000000000        1.9279443067420913E-002   1.1999999999999999E-003  0.23100000000000001       0.54300000000000004       0.18859999999999999        3.6200000000000003E-002
   39.000000000000000        3.0086140523225315E-002   1.1999999999999999E-003   0.0000000000000000       0.77400000000000002       0.18679999999999999        3.7999999999999999E-002
   40.000000000000000        3.0378270934505118E-002   1.1999999999999999E-003   0.0000000000000000       0.77400000000000002       0.18679999999999999        3.7999999999999999E-002
   41.000000000000000        5.3114425149541740E-002   1.1999999999999999E-003   0.0000000000000000       0.77300000000000002       0.18659999999999999        3.9199999999999999E-002
   42.000000000000000        7.4992762527932133E-002   1.1999999999999999E-003   0.0000000000000000       0.77300000000000002       0.18659999999999999        3.9199999999999999E-002
   43.000000000000000        9.7716220491785105E-002   1.1999999999999999E-003   0.0000000000000000       0.77020000000000000       0.18659999999999999        4.2000000000000003E-002
   44.000000000000000       0.11857762959886789        1.1999999999999999E-003   0.0000000000000000       0.77039999999999997       0.18640000000000001        4.2000000000000003E-002
   45.000000000000000       0.13983498178660211        1.0000000000000000E-003   0.0000000000000000       0.76919999999999999       0.18779999999999999        4.2000000000000003E-002
   46.000000000000000       0.16041099991411514        1.0000000000000000E-003   0.0000000000000000       0.76919999999999999       0.18779999999999999        4.2000000000000003E-002
   47.000000000000000       0.17971399591705917        1.0000000000000000E-003   0.0000000000000000       0.76339999999999997       0.19320000000000001        4.2400000000000000E-002
   48.000000000000000       0.19768208637675488        1.0000000000000000E-003   0.0000000000000000       0.76239999999999997       0.19320000000000001        4.3400000000000001E-002
   49.000000000000000       0.21417284508931869        1.0000000000000000E-003   5.9999999999999995E-004  0.76019999999999999       0.19320000000000001        4.4999999999999998E-002
   50.000000000000000       0.22846500737383357        1.0000000000000000E-003   5.9999999999999995E-004  0.76019999999999999       0.19320000000000001        4.4999999999999998E-002
   51.000000000000000       0.24182123340659734        8.0000000000000004E-004   5.9999999999999995E-004  0.76000000000000001       0.19359999999999999        4.4999999999999998E-002
   52.000000000000000       0.25359423375534290        8.0000000000000004E-004   5.9999999999999995E-004  0.75860000000000005       0.19339999999999999        4.6600000000000003E-002
   53.000000000000000       0.26174003138077023        8.0000000000000004E-004   1.1999999999999999E-003  0.75800000000000001       0.19220000000000001        4.7800000000000002E-002
   54.000000000000000       0.28044712897714658        5.9999999999999995E-004   1.1999999999999999E-003  0.75660000000000005       0.19220000000000001        4.9399999999999999E-002
   55.000000000000000       0.28422745369839864        5.9999999999999995E-004   1.0000000000000000E-003  0.75680000000000003       0.19200000000000000        4.9599999999999998E-002
   56.000000000000000       0.28926070744753984        5.9999999999999995E-004   1.0000000000000000E-003  0.75180000000000002       0.19220000000000001        5.4399999999999997E-002
   57.000000000000000       0.29782285046195889        5.9999999999999995E-004   1.0000000000000000E-003  0.74719999999999998       0.19480000000000000        5.6399999999999999E-002
   58.000000000000000       0.30478086319458808        5.9999999999999995E-004   1.0000000000000000E-003  0.74739999999999995       0.19439999999999999        5.6599999999999998E-002
   59.000000000000000       0.30193143232226533        5.9999999999999995E-004   1.0000000000000000E-003  0.74739999999999995       0.19439999999999999        5.6599999999999998E-002
   60.000000000000000       0.30544936457585387        5.9999999999999995E-004   1.0000000000000000E-003  0.74600000000000000       0.19580000000000000        5.6599999999999998E-002
   61.000000000000000       0.30569984496226521        5.9999999999999995E-004   1.0000000000000000E-003  0.74500000000000000       0.19560000000000000        5.7799999999999997E-002
   62.000000000000000       0.30416774127510016        5.9999999999999995E-004   1.0000000000000000E-003  0.74199999999999999       0.19819999999999999        5.8200000000000002E-002
   63.000000000000000       0.30082892556587887        5.9999999999999995E-004   1.0000000000000000E-003  0.74039999999999995       0.19960000000000000        5.8400000000000001E-002
   64.000000000000000       0.29540185125359986        5.9999999999999995E-004   1.0000000000000000E-003  0.74039999999999995       0.19960000000000000        5.8400000000000001E-002
   65.000000000000000       0.28848484816459274        2.0000000000000001E-004   1.4000000000000000E-003  0.73960000000000004       0.19839999999999999        6.0400000000000002E-002
   66.000000000000000       0.28006189607606069        2.0000000000000001E-004   1.4000000000000000E-003  0.73839999999999995       0.19860000000000000        6.1400000000000003E-002
   67.000000000000000       0.27054933128224851        0.0000000000000000        1.4000000000000000E-003  0.73799999999999999       0.19860000000000000        6.2000000000000000E-002
   68.000000000000000       0.26028714241656531        0.0000000000000000        1.4000000000000000E-003  0.73599999999999999       0.19739999999999999        6.5199999999999994E-002
   69.000000000000000       0.24728544359474869        0.0000000000000000        1.4000000000000000E-003  0.73599999999999999       0.19739999999999999        6.5199999999999994E-002
   70.000000000000000       0.23335453865186759        0.0000000000000000        1.4000000000000000E-003  0.73540000000000005       0.19800000000000001        6.5199999999999994E-002
   71.000000000000000       0.21449962632984121        0.0000000000000000       0.20419999999999999       0.53100000000000003       0.19980000000000001        6.5000000000000002E-002
   72.000000000000000       0.21032966711608853        0.0000000000000000       0.20419999999999999       0.53100000000000003       0.19980000000000001        6.5000000000000002E-002
   73.000000000000000       0.21002370288977562        0.0000000000000000       0.20399999999999999       0.53100000000000003       0.19660000000000000        6.8400000000000002E-002
   74.000000000000000       0.20501944993735785        0.0000000000000000       0.20419999999999999       0.53100000000000003       0.19400000000000001        7.0800000000000002E-002
   75.000000000000000       0.19554703259386541        0.0000000000000000       0.20419999999999999       0.53100000000000003       0.19220000000000001        7.2599999999999998E-002
   76.000000000000000       0.18161647899783726        0.0000000000000000       0.20340000000000000       0.53100000000000003       0.19300000000000000        7.2599999999999998E-002
   77.000000000000000       0.16411735349733467        0.0000000000000000       0.20300000000000001       0.53100000000000003       0.19180000000000000        7.4200000000000002E-002
   78.000000000000000       0.14289722946525596        0.0000000000000000       0.20260000000000000       0.53100000000000003       0.19239999999999999        7.3999999999999996E-002
   79.000000000000000       0.11055849647706310        0.0000000000000000       0.73340000000000005        0.0000000000000000       0.19080000000000000        7.5800000000000006E-002
   80.000000000000000        9.0761229312784214E-002   0.0000000000000000       0.73319999999999996        2.0000000000000001E-004  0.19040000000000001        7.6200000000000004E-002
   81.000000000000000        5.6701161902131897E-002   0.0000000000000000       0.73319999999999996        2.0000000000000001E-004  0.18700000000000000        7.9600000000000004E-002
   82.000000000000000        2.1069592676320536E-002   0.0000000000000000       0.73319999999999996        2.0000000000000001E-004  0.18700000000000000        7.9600000000000004E-002
   83.000000000000000       -1.4072153311869409E-002   0.0000000000000000       0.73319999999999996        2.0000000000000001E-004  0.18700000000000000        7.9600000000000004E-002
   84.000000000000000       -5.3527043084940107E-002  0.13580000000000000       0.59740000000000004        2.0000000000000001E-004  0.18700000000000000        7.9600000000000004E-002
   85.000000000000000       -7.1334866293181268E-002  0.13580000000000000       0.59580000000000000        2.0000000000000001E-004  0.18640000000000001        8.1799999999999998E-002
   86.000000000000000       -7.2532014802587308E-002  0.13580000000000000       0.59580000000000000        2.0000000000000001E-004  0.18640000000000001        8.1799999999999998E-002
   87.000000000000000       -7.2567507812728860E-002  0.13580000000000000       0.59560000000000002        2.0000000000000001E-004  0.18659999999999999        8.1799999999999998E-002
   88.000000000000000       -7.0362237506179592E-002  0.13500000000000001       0.59519999999999995        4.0000000000000002E-004  0.18700000000000000        8.2400000000000001E-002
   89.000000000000000       -6.5383700748543383E-002  0.13200000000000001       0.58860000000000001        3.5999999999999999E-003  0.18920000000000001        8.6599999999999996E-002
   90.000000000000000       -5.0937380112087385E-002  0.12740000000000001       0.58279999999999998        7.7999999999999996E-003  0.19500000000000001        8.6999999999999994E-002
   91.000000000000000       -5.3966540050969451E-002  0.12720000000000001       0.58199999999999996        7.7999999999999996E-003  0.19600000000000001        8.6999999999999994E-002
   92.000000000000000       -8.3657747119410361E-002  0.12500000000000000       0.57660000000000000        1.4400000000000000E-002  0.19320000000000001        9.0800000000000006E-002
   93.000000000000000       -8.7302778431973121E-003  0.12500000000000000       0.57499999999999996        1.4400000000000000E-002  0.19439999999999999        9.1200000000000003E-002
   94.000000000000000       -4.0932451653788150E-002  0.12139999999999999       0.57379999999999998        1.9000000000000000E-002  0.19460000000000000        9.1200000000000003E-002
   95.000000000000000        8.3190820050647277E-002  0.11480000000000000       0.57379999999999998        2.1800000000000000E-002  0.19819999999999999        9.1399999999999995E-002
   96.000000000000000       -2.0021184086385854E-002  0.11480000000000000       0.56579999999999997        2.9600000000000001E-002  0.19819999999999999        9.1600000000000001E-002
   97.000000000000000       -2.7032368394731200E-002   9.3399999999999997E-002  0.58620000000000005        3.0400000000000000E-002  0.19839999999999999        9.1600000000000001E-002
   98.000000000000000       -1.4125488572800229E-002   9.3399999999999997E-002  0.58620000000000005        3.0200000000000001E-002  0.19860000000000000        9.1600000000000001E-002
   99.000000000000000        2.1137516218227403E-002   9.1399999999999995E-002  0.24520000000000000       0.37319999999999998       0.19620000000000001        9.4000000000000000E-002
   100.00000000000000        3.2185582139120657E-002   9.1399999999999995E-002  0.24500000000000000       0.37319999999999998       0.19259999999999999        9.7799999999999998E-002
   101.00000000000000        4.5712447407019033E-002   9.1600000000000001E-002  0.24460000000000001       0.37319999999999998       0.19259999999999999        9.8000000000000004E-002
   102.00000000000000        5.7904042138405609E-002   9.1600000000000001E-002  0.24460000000000001       0.37319999999999998       0.19259999999999999        9.8000000000000004E-002
   103.00000000000000        6.8513736508024684E-002   9.0600000000000000E-002  0.24560000000000001       0.37319999999999998       0.19180000000000000        9.8799999999999999E-002
   104.00000000000000        7.7362892098768773E-002   9.0600000000000000E-002  0.24540000000000001       0.37319999999999998       0.19200000000000000        9.8799999999999999E-002
   105.00000000000000        8.3701274194534672E-002   8.9800000000000005E-002  0.24500000000000000       0.37319999999999998       0.19220000000000001        9.9800000000000000E-002
   106.00000000000000        8.7952272979364809E-002   8.9800000000000005E-002  0.24500000000000000       0.37319999999999998       0.18779999999999999       0.10420000000000000     
   107.00000000000000        9.0279304098859189E-002   8.9800000000000005E-002  0.24320000000000000       0.37319999999999998       0.18959999999999999       0.10420000000000000     
   108.00000000000000        9.0265371119459925E-002   9.1999999999999998E-002  0.23599999999999999       0.37319999999999998       0.19460000000000000       0.10420000000000000     
   109.00000000000000        8.6104230813907584E-002   8.9200000000000002E-002  0.23880000000000001       0.37319999999999998       0.19460000000000000       0.10420000000000000     
   110.00000000000000        7.9875634737407691E-002   9.1600000000000001E-002  0.23580000000000001       0.37319999999999998       0.19439999999999999       0.10500000000000000     
   111.00000000000000        7.1562801829124986E-002   9.2999999999999999E-002  0.23319999999999999       0.37319999999999998       0.19500000000000001       0.10560000000000000     
   112.00000000000000        6.1512020321569681E-002   8.8599999999999998E-002  0.23719999999999999       0.37319999999999998       0.19500000000000001       0.10600000000000000     
   113.00000000000000        4.9719984074516312E-002   8.2199999999999995E-002  0.24299999999999999       0.37319999999999998       0.19539999999999999       0.10620000000000000     
   114.00000000000000        3.7970595073152327E-002   7.4600000000000000E-002  0.24800000000000000       0.37319999999999998       0.19439999999999999       0.10979999999999999     
   115.00000000000000        2.4780066233523055E-002   6.9199999999999998E-002  0.25219999999999998       0.37319999999999998       0.19480000000000000       0.11060000000000000     
   116.00000000000000        1.1817279543122793E-002   7.0999999999999994E-002  0.24340000000000001       0.37740000000000001       0.19300000000000000       0.11520000000000000     
   117.00000000000000       -5.6391173921071722E-004   7.3599999999999999E-002  0.24340000000000001       0.37400000000000000       0.19300000000000000       0.11600000000000001     
   118.00000000000000       -1.0567469419260123E-002   7.4600000000000000E-002  0.24340000000000001       0.37240000000000001       0.19339999999999999       0.11620000000000000     
   119.00000000000000       -1.9051343082515087E-002   3.7199999999999997E-002  0.28000000000000003       0.36959999999999998       0.19359999999999999       0.11960000000000000     
   120.00000000000000       -2.6302171346888070E-002   3.7199999999999997E-002  0.28020000000000000       0.36420000000000002       0.20000000000000001       0.11840000000000001     
   121.00000000000000       -2.9909427860105559E-002   3.7199999999999997E-002  0.27760000000000001       0.35480000000000000       0.21040000000000000       0.12000000000000000     
   122.00000000000000       -3.8305185647825701E-002   3.7199999999999997E-002  0.27579999999999999       0.35460000000000003       0.21340000000000001       0.11899999999999999     
   123.00000000000000       -4.0753351553231371E-002   3.7199999999999997E-002  0.27320000000000000       0.35320000000000001       0.21340000000000001       0.12300000000000000     
   124.00000000000000       -4.6282694434635674E-002   3.2199999999999999E-002  0.27679999999999999       0.35460000000000003       0.21279999999999999       0.12360000000000000     
   125.00000000000000       -5.0842716733787527E-002   3.2800000000000003E-002  0.27679999999999999       0.35380000000000000       0.21400000000000000       0.12260000000000000     
   126.00000000000000       -5.1054437306879336E-002   3.3200000000000000E-002  0.27679999999999999       0.35339999999999999       0.21279999999999999       0.12379999999999999     
   127.00000000000000       -5.0460001423327641E-002   3.4599999999999999E-002  0.34339999999999998       0.28439999999999999       0.21360000000000001       0.12400000000000000     
   128.00000000000000       -4.4930781344561105E-002   3.2599999999999997E-002  0.34420000000000001       0.28439999999999999       0.21700000000000000       0.12180000000000001     
   129.00000000000000       -3.8114157827961917E-002   2.7000000000000000E-002  0.34860000000000002       0.28439999999999999       0.21820000000000001       0.12180000000000001     
   130.00000000000000       -2.9592853484998176E-002   2.8799999999999999E-002  0.34680000000000000       0.28439999999999999       0.21659999999999999       0.12340000000000000     
   131.00000000000000       -1.9513632756112100E-002   2.5600000000000001E-002  0.34980000000000000       0.28439999999999999       0.21479999999999999       0.12540000000000001     
   132.00000000000000       -7.9078944296107831E-003   2.5600000000000001E-002  0.34960000000000002       0.28439999999999999       0.21640000000000001       0.12400000000000000     
   133.00000000000000        3.8411764727328615E-003   2.5999999999999999E-002  0.34899999999999998       0.28439999999999999       0.21460000000000001       0.12600000000000000     
   134.00000000000000        1.7332810941969042E-002   2.5200000000000000E-002  0.34980000000000000       0.28439999999999999       0.21640000000000001       0.12420000000000000     
   135.00000000000000        3.0413345888882035E-002   2.5399999999999999E-002  0.34899999999999998       0.28439999999999999       0.23699999999999999       0.10420000000000000     
   136.00000000000000        3.9187059756140147E-002   2.4400000000000002E-002  0.34939999999999999       0.28439999999999999       0.19520000000000001       0.14660000000000001     
   137.00000000000000        5.1648659584948242E-002   2.4400000000000002E-002  0.34939999999999999       0.28439999999999999       0.25259999999999999        8.9200000000000002E-002
   138.00000000000000        6.5044471563671255E-002   2.3599999999999999E-002  0.35020000000000001       0.28439999999999999       0.25180000000000002        8.9999999999999997E-002
   139.00000000000000        7.4104708761748808E-002   2.3599999999999999E-002  0.35020000000000001       0.28439999999999999       0.25180000000000002        8.9999999999999997E-002
   140.00000000000000        8.1622393475598964E-002   2.3599999999999999E-002  0.35020000000000001       0.28439999999999999       0.25000000000000000        9.1800000000000007E-002
   141.00000000000000        9.0756687925703822E-002   2.3000000000000000E-002  0.29220000000000002       0.34100000000000003       0.24700000000000000        9.6799999999999997E-002
   142.00000000000000        9.3042461688338129E-002   2.1800000000000000E-002  0.29220000000000002       0.34200000000000003       0.24900000000000000        9.5000000000000001E-002
   143.00000000000000        9.5318160548735875E-002   2.1600000000000001E-002  0.29220000000000002       0.34220000000000000       0.25100000000000000        9.2999999999999999E-002
   144.00000000000000        9.4551252207157599E-002   6.9800000000000001E-002  0.24260000000000001       0.34360000000000002       0.25019999999999998        9.3799999999999994E-002
   145.00000000000000        9.9915830254603058E-002   6.9800000000000001E-002  0.23760000000000001       0.34179999999999999       0.25679999999999997        9.4000000000000000E-002
   146.00000000000000       0.10662965351094246        6.9800000000000001E-002  0.23699999999999999       0.34179999999999999       0.25679999999999997        9.4600000000000004E-002
   147.00000000000000       0.11344852424576563        6.9800000000000001E-002  0.23499999999999999       0.34260000000000002       0.25719999999999998        9.5399999999999999E-002
   148.00000000000000       0.11589964590908683        6.7599999999999993E-002  0.23699999999999999       0.34139999999999998       0.25800000000000001        9.6000000000000002E-002
   149.00000000000000       0.11961046313884033        6.7599999999999993E-002  0.23680000000000001       0.34120000000000000       0.25760000000000000        9.6799999999999997E-002
   150.00000000000000       0.12352836145107592        6.6600000000000006E-002  0.23560000000000000       0.34039999999999998       0.25760000000000000        9.9800000000000000E-002
   151.00000000000000       0.12797529322950207        6.1199999999999997E-002  0.24060000000000001       0.32860000000000000       0.26640000000000003       0.10320000000000000     
   152.00000000000000       0.12663735737686002        6.1400000000000003E-002  0.24020000000000000       0.32860000000000000       0.26600000000000001       0.10380000000000000     
   153.00000000000000       0.12393811502784885        6.1400000000000003E-002  0.23840000000000000       0.32660000000000000       0.26779999999999998       0.10580000000000001     
   154.00000000000000       0.11818668626131136        6.1400000000000003E-002  0.23840000000000000       0.32560000000000000       0.26779999999999998       0.10680000000000001     
   155.00000000000000       0.10976690035797944        6.0600000000000001E-002  0.23840000000000000       0.32479999999999998       0.26979999999999998       0.10639999999999999     
   156.00000000000000        9.9671988443174930E-002   5.9400000000000001E-002  0.22839999999999999       0.33600000000000002       0.26760000000000000       0.10860000000000000     
   157.00000000000000        8.6020722927308196E-002   5.9400000000000001E-002  0.22839999999999999       0.33500000000000002       0.26779999999999998       0.10940000000000000     
   158.00000000000000        7.0712446755529956E-002   5.9200000000000003E-002  0.22040000000000001       0.34260000000000002       0.26819999999999999       0.10960000000000000     
   159.00000000000000        5.6710519391107071E-002   5.9200000000000003E-002  0.20280000000000001       0.35659999999999997       0.27179999999999999       0.10960000000000000     
   160.00000000000000        4.1333277774577723E-002   5.9200000000000003E-002  0.19560000000000000       0.36120000000000002       0.27360000000000001       0.11040000000000000     
   161.00000000000000        2.3706252439893206E-002   5.9200000000000003E-002  0.19320000000000001       0.36359999999999998       0.27360000000000001       0.11040000000000000     
   162.00000000000000        5.7809258944475223E-003   5.0999999999999997E-002  0.20060000000000000       0.36440000000000000       0.27360000000000001       0.11040000000000000     
   163.00000000000000       -8.3804460876575476E-003   5.0999999999999997E-002  0.22980000000000000       0.33500000000000002       0.27360000000000001       0.11060000000000000     
   164.00000000000000       -9.8736041817553306E-003   5.2600000000000001E-002  0.22700000000000001       0.33500000000000002       0.27479999999999999       0.11060000000000000     
   165.00000000000000       -4.2318480340756727E-003   5.2600000000000001E-002  0.22700000000000001       0.33500000000000002       0.27400000000000002       0.11140000000000000     
   166.00000000000000        1.4135059088532669E-002   5.2600000000000001E-002  0.22580000000000000       0.33620000000000000       0.27400000000000002       0.11140000000000000     
   167.00000000000000        3.3988185581822532E-002   5.2800000000000000E-002  0.22559999999999999       0.15160000000000001       0.45860000000000001       0.11140000000000000     
   168.00000000000000        5.5412165887784637E-002   5.2800000000000000E-002  0.22439999999999999       0.15140000000000001       0.45979999999999999       0.11160000000000000     
   169.00000000000000        7.5733545458113311E-002   5.3400000000000003E-002  0.22380000000000000       0.15140000000000001       0.45979999999999999       0.11160000000000000     
   170.00000000000000        8.6186406099604845E-002   5.3199999999999997E-002  0.22359999999999999       0.15100000000000000       0.46020000000000000       0.11200000000000000     
   171.00000000000000       0.10500622803292613        5.3199999999999997E-002  0.22359999999999999       0.15100000000000000       0.46020000000000000       0.11200000000000000     
   172.00000000000000       0.11295515374928390        5.3800000000000001E-002  0.22300000000000000       0.15079999999999999       0.46020000000000000       0.11219999999999999     
   173.00000000000000       0.11623831736946316        5.3800000000000001E-002  0.22280000000000000       0.15079999999999999       0.46039999999999998       0.11219999999999999     
   174.00000000000000       0.11476919480679176        5.3800000000000001E-002  0.22280000000000000       0.15060000000000001       0.46039999999999998       0.11240000000000000     
   175.00000000000000       0.10718398006043998        5.4399999999999997E-002  0.22220000000000001       0.15060000000000001       0.46039999999999998       0.11240000000000000     
   176.00000000000000        9.5023034126103190E-002   5.3600000000000002E-002  0.22259999999999999       0.15060000000000001       0.46079999999999999       0.11240000000000000     
   177.00000000000000        7.8368937370137545E-002   5.5199999999999999E-002  0.22059999999999999       0.15859999999999999       0.45319999999999999       0.11240000000000000     
   178.00000000000000        6.4356576541184457E-002  0.10299999999999999       0.17280000000000001       0.15859999999999999       0.45160000000000000       0.11400000000000000     
   179.00000000000000        6.0787097436647092E-002   9.9400000000000002E-002  0.17440000000000000       0.15859999999999999       0.45000000000000001       0.11760000000000000     
   180.00000000000000        6.5155102312320398E-002   9.0600000000000000E-002  0.18279999999999999       0.15859999999999999       0.45040000000000002       0.11760000000000000     
   181.00000000000000        7.5956623396896517E-002   8.6599999999999996E-002  0.18360000000000001       0.15800000000000000       0.45400000000000001       0.11780000000000000     
   182.00000000000000        8.3251789093479800E-002   9.3600000000000003E-002  0.18020000000000000       0.15160000000000001       0.45679999999999998       0.11780000000000000     
   183.00000000000000        9.3907867435416736E-002   9.1200000000000003E-002  0.17680000000000001       0.15220000000000000       0.46120000000000000       0.11860000000000000     
   184.00000000000000       0.10831204732742525        9.1399999999999995E-002  0.17680000000000001       0.15200000000000000       0.45379999999999998       0.12600000000000000     
   185.00000000000000       0.12636345348867731        9.0200000000000002E-002  0.17640000000000000       0.14820000000000000       0.45660000000000001       0.12859999999999999     
   186.00000000000000       0.14329549549512910        8.8800000000000004E-002  0.17540000000000000       0.14480000000000001       0.46079999999999999       0.13020000000000001     
   187.00000000000000       0.15698963710086622        8.8400000000000006E-002  0.17540000000000000       0.14460000000000001       0.46079999999999999       0.13080000000000000     
   188.00000000000000       0.16826470678028854        8.7999999999999995E-002  0.17260000000000000       0.14540000000000000       0.46220000000000000       0.13180000000000000     
   189.00000000000000       0.21352947517740128        8.6800000000000002E-002  0.17260000000000000       0.14540000000000000       0.45800000000000002       0.13719999999999999     
   190.00000000000000       0.18583617567971375        8.6400000000000005E-002  0.17280000000000001       0.14520000000000000       0.45860000000000001       0.13700000000000001     
   191.00000000000000       0.19620269934814749        8.5800000000000001E-002  0.17720000000000000       0.14019999999999999       0.44800000000000001       0.14879999999999999     
   192.00000000000000       0.20301421402819092        8.4800000000000000E-002  0.15060000000000001       0.16660000000000000       0.44340000000000002       0.15459999999999999     
   193.00000000000000       0.20268301596437202        8.2600000000000007E-002  0.15900000000000000       0.15939999999999999       0.44359999999999999       0.15540000000000001     
   194.00000000000000       0.20545612198222532        8.0000000000000002E-002  0.15659999999999999       0.16000000000000000       0.44579999999999997       0.15759999999999999     
   195.00000000000000       0.21109335754216557        8.0000000000000002E-002  0.14180000000000001       0.16960000000000000       0.44040000000000001       0.16819999999999999     
   196.00000000000000       0.21666367594783428        8.0000000000000002E-002  0.13519999999999999       0.16080000000000000       0.45319999999999999       0.17080000000000001     
   197.00000000000000       0.21913888089127884        7.5200000000000003E-002  0.13900000000000001       0.15980000000000000       0.45260000000000000       0.17340000000000000     
   198.00000000000000       0.22179126311403788        7.5399999999999995E-002  0.13159999999999999       0.16059999999999999       0.45900000000000002       0.17340000000000000     
   199.00000000000000       0.22542190097516307        7.3599999999999999E-002  0.12000000000000000       0.17000000000000001       0.46300000000000002       0.17340000000000000     
   200.00000000000000       0.22819780083645719        6.6400000000000001E-002  0.11700000000000001       0.17979999999999999       0.46320000000000000       0.17360000000000000     
   201.00000000000000       0.23194795041580551        6.4799999999999996E-002  0.10639999999999999       0.18959999999999999       0.46360000000000001       0.17560000000000001     
   202.00000000000000       0.23620639228673140        6.4799999999999996E-002  0.10299999999999999       0.19139999999999999       0.46339999999999998       0.17740000000000000     
   203.00000000000000       0.24083025177817355        4.8200000000000000E-002  0.11840000000000001       0.19220000000000001       0.46379999999999999       0.17740000000000000     
   204.00000000000000       0.25008835565023974        4.7600000000000003E-002  0.11840000000000001       0.18020000000000000       0.46620000000000000       0.18759999999999999     
   205.00000000000000       0.25481677399639080        4.7800000000000002E-002  0.11840000000000001       0.17999999999999999       0.46379999999999999       0.19000000000000000     
   206.00000000000000       0.25986230312914060        4.7600000000000003E-002  0.12839999999999999       0.16839999999999999       0.45600000000000002       0.19960000000000000     
   207.00000000000000       0.26497202772143802        4.6800000000000001E-002  0.12260000000000000       0.16839999999999999       0.45600000000000002       0.20619999999999999     
   208.00000000000000       0.26604672594799850        4.6800000000000001E-002  0.12239999999999999       0.16839999999999999       0.45619999999999999       0.20619999999999999     
   209.00000000000000       0.26457863276462590        4.5600000000000002E-002  0.12360000000000000       0.16839999999999999       0.45619999999999999       0.20619999999999999     
   210.00000000000000       0.25757474387714646        4.5600000000000002E-002  0.12379999999999999       0.16839999999999999       0.45600000000000002       0.20619999999999999     
   211.00000000000000       0.25409207741811152        4.5600000000000002E-002  0.12280000000000001       0.16839999999999999       0.45500000000000002       0.20820000000000000     
   212.00000000000000       0.24513489733698013        4.4800000000000000E-002  0.12340000000000000       0.16839999999999999       0.45519999999999999       0.20820000000000000     
   213.00000000000000       0.23436752751825340        4.3400000000000001E-002  0.12400000000000000       0.16839999999999999       0.45519999999999999       0.20899999999999999     
   214.00000000000000       0.22141152752827653        4.2200000000000001E-002  0.12460000000000000       0.16839999999999999       0.45560000000000000       0.20920000000000000     
   215.00000000000000       0.20653218666928541        4.2200000000000001E-002  0.12460000000000000       0.16839999999999999       0.45560000000000000       0.20920000000000000     
   216.00000000000000       0.18823689898765467        4.2799999999999998E-002  0.27179999999999999        2.0000000000000000E-002  0.45540000000000003       0.20999999999999999     
