#        BMIN =   404
#        BMAX =   408
#     INIBAND =   406
#      NBANDS =   540
#         NSW =  2000
#       POTIM =   1.0
#        TEMP = 300.0
#    NAMDTINI =   104
#    NAMDTIME =  1000
#       NTRAJ =  5000
#        NELM =  1000
#       LHOLE =     T
#        LSHP =     T
#      LCPTXT =     T
#      RUNDIR = ../../run/
   1.0000000000000000        6.1556249771877555E-002   0.0000000000000000        0.0000000000000000        1.0000000000000000        0.0000000000000000        0.0000000000000000     
   2.0000000000000000        7.1489555439553168E-002   0.0000000000000000        0.0000000000000000        1.0000000000000000        0.0000000000000000        0.0000000000000000     
   3.0000000000000000        9.1449642356322303E-002   0.0000000000000000        0.0000000000000000        1.0000000000000000        0.0000000000000000        0.0000000000000000     
   4.0000000000000000       0.10513565172886383        0.0000000000000000        0.0000000000000000        1.0000000000000000        0.0000000000000000        0.0000000000000000     
   5.0000000000000000       0.11186333829435827        0.0000000000000000        0.0000000000000000        1.0000000000000000        0.0000000000000000        0.0000000000000000     
   6.0000000000000000       0.11111924701662344        0.0000000000000000        0.0000000000000000        1.0000000000000000        0.0000000000000000        0.0000000000000000     
   7.0000000000000000       0.10328836718882853        0.0000000000000000        0.0000000000000000        1.0000000000000000        0.0000000000000000        0.0000000000000000     
   8.0000000000000000        8.8014735616184614E-002   0.0000000000000000        0.0000000000000000        1.0000000000000000        0.0000000000000000        0.0000000000000000     
   9.0000000000000000        6.5047883264801182E-002   0.0000000000000000        0.0000000000000000        1.0000000000000000        0.0000000000000000        0.0000000000000000     
   10.000000000000000        3.7711956441570466E-002   0.0000000000000000        0.0000000000000000        1.0000000000000000        0.0000000000000000        0.0000000000000000     
   11.000000000000000        4.6966542369194404E-003   0.0000000000000000        0.0000000000000000       0.99980000000000002        0.0000000000000000        2.0000000000000001E-004
   12.000000000000000       -2.8439584066350755E-002   0.0000000000000000        4.0000000000000002E-004  0.99739999999999995        0.0000000000000000        2.2000000000000001E-003
   13.000000000000000       -3.3347923527976824E-002   0.0000000000000000        4.0000000000000002E-004  0.99660000000000004        0.0000000000000000        3.0000000000000001E-003
   14.000000000000000       -3.8121076847876682E-002   0.0000000000000000        4.0000000000000002E-004  0.99660000000000004        0.0000000000000000        3.0000000000000001E-003
   15.000000000000000       -4.3721001183786072E-002   0.0000000000000000        1.0000000000000000E-003  0.99580000000000002        0.0000000000000000        3.2000000000000002E-003
   16.000000000000000       -4.8059605203845938E-002   0.0000000000000000        5.9999999999999995E-004  0.99619999999999997        0.0000000000000000        3.2000000000000002E-003
   17.000000000000000       -5.2151759501496975E-002   0.0000000000000000        5.9999999999999995E-004  0.99619999999999997        0.0000000000000000        3.2000000000000002E-003
   18.000000000000000       -5.5446713638793284E-002   0.0000000000000000        0.0000000000000000       0.99660000000000004        0.0000000000000000        3.3999999999999998E-003
   19.000000000000000       -5.5693618332468740E-002   0.0000000000000000        0.0000000000000000       0.99660000000000004        0.0000000000000000        3.3999999999999998E-003
   20.000000000000000       -5.1583426761876695E-002   0.0000000000000000        8.9999999999999993E-003  0.98760000000000003        0.0000000000000000        3.3999999999999998E-003
   21.000000000000000       -4.4609730715851413E-002   0.0000000000000000        9.4000000000000004E-003  0.98699999999999999        2.0000000000000001E-004   3.3999999999999998E-003
   22.000000000000000       -3.7446755133127216E-002   0.0000000000000000        8.9999999999999993E-003  0.98740000000000006        2.0000000000000001E-004   3.3999999999999998E-003
   23.000000000000000       -3.0891801813042206E-002   2.0000000000000001E-004   4.0000000000000001E-003  0.99219999999999997        2.0000000000000001E-004   3.3999999999999998E-003
   24.000000000000000       -2.6322542159137444E-002   2.0000000000000001E-004   3.5999999999999999E-003  0.99180000000000001        2.0000000000000001E-004   4.1999999999999997E-003
   25.000000000000000       -2.4038772696775800E-002   0.0000000000000000        3.2000000000000002E-003  0.99239999999999995        2.0000000000000001E-004   4.1999999999999997E-003
   26.000000000000000       -2.4548501289628103E-002   0.0000000000000000        3.3999999999999998E-003  0.99180000000000001        5.9999999999999995E-004   4.1999999999999997E-003
   27.000000000000000       -2.7927894137533830E-002   0.0000000000000000        3.0000000000000001E-003  0.99219999999999997        5.9999999999999995E-004   4.1999999999999997E-003
   28.000000000000000       -3.3782662769688471E-002   0.0000000000000000        3.0000000000000001E-003  0.99119999999999997        8.0000000000000004E-004   5.0000000000000001E-003
   29.000000000000000       -4.2794431680323791E-002   4.0000000000000002E-004   2.0000000000000000E-003  0.99080000000000001        1.0000000000000000E-003   5.7999999999999996E-003
   30.000000000000000       -5.5382099452260032E-002   4.0000000000000002E-004   2.0000000000000000E-003  0.99080000000000001        1.0000000000000000E-003   5.7999999999999996E-003
   31.000000000000000       -7.0582657175463762E-002   4.0000000000000002E-004   5.4000000000000003E-003  0.98740000000000006        8.0000000000000004E-004   6.0000000000000001E-003
   32.000000000000000       -5.5371202332070005E-002   4.0000000000000002E-004   5.4000000000000003E-003  0.98740000000000006        8.0000000000000004E-004   6.0000000000000001E-003
   33.000000000000000       -3.3721744122596495E-003   4.0000000000000002E-004   5.1999999999999998E-003  0.98740000000000006        1.0000000000000000E-003   6.0000000000000001E-003
   34.000000000000000        7.5317853253552530E-002   4.0000000000000002E-004   5.1999999999999998E-003  0.48180000000000001       0.50439999999999996        8.2000000000000007E-003
   35.000000000000000        8.9573793654185996E-002   8.0000000000000004E-004   4.7999999999999996E-003  0.47980000000000000       0.50400000000000000        1.0600000000000000E-002
   36.000000000000000       0.10637190923919818        8.0000000000000004E-004   4.7999999999999996E-003  0.48039999999999999       0.42299999999999999        9.0999999999999998E-002
   37.000000000000000       0.11145245115939771        8.0000000000000004E-004   4.7999999999999996E-003  0.43919999999999998       0.46420000000000000        9.0999999999999998E-002
   38.000000000000000        9.8413886201551240E-002   1.0000000000000000E-003   4.5999999999999999E-003  0.44000000000000000       0.46339999999999998        9.0999999999999998E-002
   39.000000000000000        8.4122483345791713E-002   1.0000000000000000E-003   4.5999999999999999E-003  0.44159999999999999       0.46179999999999999        9.0999999999999998E-002
   40.000000000000000        7.3544493216579854E-002   1.0000000000000000E-003   4.5999999999999999E-003  0.40679999999999999       0.49659999999999999        9.0999999999999998E-002
   41.000000000000000        5.7774110566574985E-002   1.0000000000000000E-003   4.5999999999999999E-003  0.40360000000000001       0.49980000000000002        9.0999999999999998E-002
   42.000000000000000        4.2692734313732522E-002   1.4000000000000000E-003   4.1999999999999997E-003  0.40400000000000003       0.49940000000000001        9.0999999999999998E-002
   43.000000000000000        2.9254801605641194E-002   1.4000000000000000E-003   4.1999999999999997E-003  0.40400000000000003       0.49940000000000001        9.0999999999999998E-002
   44.000000000000000        1.6012312498086694E-002   1.8000000000000000E-003   3.8000000000000000E-003  0.40439999999999998       0.49900000000000000        9.0999999999999998E-002
   45.000000000000000        1.7843005591202492E-003   2.0000000000000000E-003   3.5999999999999999E-003  0.40200000000000002       0.50139999999999996        9.0999999999999998E-002
   46.000000000000000       -5.0678787968720836E-003   2.0000000000000000E-003   3.5999999999999999E-003  0.40200000000000002       0.50139999999999996        9.0999999999999998E-002
   47.000000000000000       -1.5500316241355755E-002   2.0000000000000000E-003   3.3999999999999998E-003  0.40220000000000000       0.50119999999999998        9.1200000000000003E-002
   48.000000000000000       -2.2663320099994170E-002   1.8000000000000000E-003   3.5999999999999999E-003  0.39679999999999999       0.44979999999999998       0.14799999999999999     
   49.000000000000000       -3.8752961162357172E-002   1.8000000000000000E-003   3.5999999999999999E-003  0.30059999999999998       0.53859999999999997       0.15540000000000001     
   50.000000000000000       -5.9078706856585977E-002   1.6000000000000001E-003   3.8000000000000000E-003  0.30059999999999998       0.53820000000000001       0.15579999999999999     
   51.000000000000000       -6.6202274707556061E-002   5.9999999999999995E-004   4.0000000000000001E-003  0.30059999999999998       0.44879999999999998       0.24600000000000000     
   52.000000000000000       -7.3311169947017960E-002   5.9999999999999995E-004   4.0000000000000001E-003  0.30059999999999998       0.44119999999999998       0.25359999999999999     
   53.000000000000000       -7.8916857373190014E-002   5.9999999999999995E-004   4.0000000000000001E-003  0.30059999999999998       0.44159999999999999       0.25319999999999998     
   54.000000000000000       -7.8126478782555173E-002   5.9999999999999995E-004   4.0000000000000001E-003  0.30059999999999998       0.42259999999999998       0.27220000000000000     
   55.000000000000000       -7.4633599141576315E-002   5.9999999999999995E-004   1.8000000000000000E-003  0.29920000000000002       0.42640000000000000       0.27200000000000002     
   56.000000000000000       -6.3805367149409473E-002   4.0000000000000002E-004   1.8000000000000000E-003  0.28799999999999998       0.43459999999999999       0.27520000000000000     
   57.000000000000000       -4.4383380799954811E-002   4.0000000000000002E-004   1.8000000000000000E-003  0.28799999999999998       0.43359999999999999       0.27620000000000000     
   58.000000000000000       -2.1595763250685823E-002   2.0000000000000001E-004   1.8000000000000000E-003  0.28320000000000001       0.43680000000000002       0.27800000000000002     
   59.000000000000000        5.1447482536055855E-005   4.0000000000000002E-004   1.8000000000000000E-003  0.28199999999999997       0.43759999999999999       0.27820000000000000     
   60.000000000000000        2.1444923116288657E-002   4.0000000000000002E-004   1.8000000000000000E-003  0.28199999999999997       0.43759999999999999       0.27820000000000000     
   61.000000000000000        4.4509651692814879E-002   4.0000000000000002E-004   1.8000000000000000E-003  0.27860000000000001       0.43480000000000002       0.28439999999999999     
   62.000000000000000        6.6188622400025501E-002   4.0000000000000002E-004   1.8000000000000000E-003  0.27700000000000002       0.42920000000000003       0.29160000000000003     
   63.000000000000000        8.7072875962542748E-002   4.0000000000000002E-004   1.8000000000000000E-003  0.27679999999999999       0.42620000000000002       0.29480000000000001     
   64.000000000000000       0.10783804257775535        4.0000000000000002E-004   1.8000000000000000E-003  0.27600000000000002       0.42080000000000001       0.30099999999999999     
   65.000000000000000       0.12779397434234779        4.0000000000000002E-004   1.8000000000000000E-003  0.27600000000000002       0.40760000000000002       0.31419999999999998     
   66.000000000000000       0.14491306507456272        4.0000000000000002E-004   1.8000000000000000E-003  0.27460000000000001       0.40780000000000000       0.31540000000000001     
   67.000000000000000       0.16124039467322898        4.0000000000000002E-004   1.8000000000000000E-003  0.27460000000000001       0.40820000000000001       0.31500000000000000     
   68.000000000000000       0.17800109286291205        2.0000000000000001E-004   1.8000000000000000E-003  0.26800000000000002       0.40899999999999997       0.32100000000000001     
   69.000000000000000       0.19365741058053360        2.0000000000000001E-004   1.8000000000000000E-003  0.26800000000000002       0.38819999999999999       0.34179999999999999     
   70.000000000000000       0.20699924433575312        2.0000000000000001E-004   1.8000000000000000E-003  0.26540000000000002       0.39379999999999998       0.33879999999999999     
   71.000000000000000       0.22005370918299366        2.0000000000000001E-004   1.8000000000000000E-003  0.25940000000000002       0.39979999999999999       0.33879999999999999     
   72.000000000000000       0.23242069076819308        2.0000000000000001E-004   1.8000000000000000E-003  0.25879999999999997       0.38379999999999997       0.35539999999999999     
   73.000000000000000       0.24303802132618835        2.0000000000000001E-004   1.8000000000000000E-003  0.25879999999999997       0.38500000000000001       0.35420000000000001     
   74.000000000000000       0.25241848951658674        2.0000000000000001E-004   1.8000000000000000E-003  0.25879999999999997       0.38500000000000001       0.35420000000000001     
   75.000000000000000       0.26162542244984660        2.0000000000000001E-004   1.8000000000000000E-003  0.25559999999999999       0.38479999999999998       0.35759999999999997     
   76.000000000000000       0.26998284266545569        2.0000000000000001E-004   1.8000000000000000E-003  0.24759999999999999       0.39160000000000000       0.35880000000000001     
   77.000000000000000       0.27617877719607631        2.0000000000000001E-004   1.8000000000000000E-003  0.24759999999999999       0.39179999999999998       0.35859999999999997     
   78.000000000000000       0.28133723351605450        2.0000000000000001E-004   1.8000000000000000E-003  0.24660000000000001       0.39119999999999999       0.36020000000000002     
   79.000000000000000       0.28472007409194500        2.0000000000000001E-004   1.8000000000000000E-003  0.24720000000000000       0.39060000000000000       0.36020000000000002     
   80.000000000000000       0.28875832325864126        2.0000000000000001E-004   1.8000000000000000E-003  0.23200000000000001       0.40520000000000000       0.36080000000000001     
   81.000000000000000       0.29037700764779850        2.0000000000000001E-004   1.8000000000000000E-003  0.22359999999999999       0.41339999999999999       0.36099999999999999     
   82.000000000000000       0.29003460278268289        2.0000000000000001E-004   1.6000000000000001E-003  0.22220000000000001       0.41339999999999999       0.36259999999999998     
   83.000000000000000       0.28866371478093811        2.0000000000000001E-004   1.6000000000000001E-003  0.21600000000000000       0.41860000000000003       0.36359999999999998     
   84.000000000000000       0.28558525017817893        2.0000000000000001E-004   1.6000000000000001E-003  0.21400000000000000       0.42059999999999997       0.36359999999999998     
   85.000000000000000       0.28239860771123454        2.0000000000000001E-004   1.4000000000000000E-003  0.20240000000000000       0.42759999999999998       0.36840000000000001     
   86.000000000000000       0.27808629781225169        2.0000000000000001E-004   1.4000000000000000E-003  0.19439999999999999       0.42620000000000002       0.37780000000000002     
   87.000000000000000       0.27040490274205031        2.0000000000000001E-004   1.4000000000000000E-003  0.19420000000000001       0.42840000000000000       0.37580000000000002     
   88.000000000000000       0.26436840704994030        0.0000000000000000        1.4000000000000000E-003  0.19420000000000001       0.39960000000000001       0.40479999999999999     
   89.000000000000000       0.25483502488342957        0.0000000000000000        1.4000000000000000E-003  0.19420000000000001       0.40279999999999999       0.40160000000000001     
   90.000000000000000       0.24575920390790526        0.0000000000000000        1.1999999999999999E-003  0.19380000000000000       0.40639999999999998       0.39860000000000001     
   91.000000000000000       0.23658533247925762        0.0000000000000000        1.1999999999999999E-003  0.19380000000000000       0.40360000000000001       0.40139999999999998     
   92.000000000000000       0.22802695653915273        0.0000000000000000        1.1999999999999999E-003  0.19220000000000001       0.40179999999999999       0.40479999999999999     
   93.000000000000000       0.21918695261344306        2.0000000000000001E-004   1.0000000000000000E-003  0.19020000000000001       0.39340000000000003       0.41520000000000001     
   94.000000000000000       0.21154738887220048        2.0000000000000001E-004   1.0000000000000000E-003  0.18260000000000001       0.39700000000000002       0.41920000000000002     
   95.000000000000000       0.20250096779167220        0.0000000000000000        1.0000000000000000E-003  0.17860000000000001       0.40220000000000000       0.41820000000000002     
   96.000000000000000       0.19210116637155839        0.0000000000000000        1.0000000000000000E-003  0.17860000000000001       0.40300000000000002       0.41739999999999999     
   97.000000000000000       0.18215030231150567        0.0000000000000000        1.0000000000000000E-003  0.17499999999999999       0.40679999999999999       0.41720000000000002     
   98.000000000000000       0.17098802111202491        0.0000000000000000        1.0000000000000000E-003  0.17399999999999999       0.40780000000000000       0.41720000000000002     
   99.000000000000000       0.16104971998384077        0.0000000000000000        9.1999999999999998E-003  0.16560000000000000       0.39679999999999999       0.42840000000000000     
   100.00000000000000       0.15577008256747982        0.0000000000000000        8.8000000000000005E-003  0.16560000000000000       0.39739999999999998       0.42820000000000003     
   101.00000000000000       0.15135009566007004        0.0000000000000000        8.8000000000000005E-003  0.16560000000000000       0.39579999999999999       0.42980000000000002     
   102.00000000000000       0.14696031485559663        0.0000000000000000        8.8000000000000005E-003  0.16560000000000000       0.39439999999999997       0.43120000000000003     
   103.00000000000000       0.14252218728223795        0.0000000000000000        8.8000000000000005E-003  0.16560000000000000       0.39319999999999999       0.43240000000000001     
   104.00000000000000       0.13853441062796970        0.0000000000000000        8.3999999999999995E-003  0.16560000000000000       0.39360000000000001       0.43240000000000001     
   105.00000000000000       0.13460678881350388        0.0000000000000000        8.3999999999999995E-003  0.16560000000000000       0.39360000000000001       0.43240000000000001     
   106.00000000000000       0.13179908039317179        0.0000000000000000        8.2000000000000007E-003  0.16560000000000000       0.39119999999999999       0.43500000000000000     
   107.00000000000000       0.12933577514694380        0.0000000000000000        8.0000000000000002E-003  0.16560000000000000       0.38919999999999999       0.43719999999999998     
   108.00000000000000       0.12712493337596095        0.0000000000000000        8.0000000000000002E-003  0.16560000000000000       0.38919999999999999       0.43719999999999998     
   109.00000000000000       0.12697653645302448        0.0000000000000000        8.0000000000000002E-003  0.16560000000000000       0.37940000000000002       0.44700000000000001     
   110.00000000000000       0.12886444990032195        0.0000000000000000        2.9999999999999999E-002  0.14360000000000001       0.36899999999999999       0.45739999999999997     
   111.00000000000000       0.13343076981995122        0.0000000000000000        2.9999999999999999E-002  0.14360000000000001       0.36080000000000001       0.46560000000000001     
   112.00000000000000       0.14284120206315759        0.0000000000000000        2.9999999999999999E-002  0.14360000000000001       0.36080000000000001       0.46560000000000001     
   113.00000000000000       0.15358993764441392        0.0000000000000000        2.9999999999999999E-002  0.14360000000000001       0.36080000000000001       0.46560000000000001     
   114.00000000000000       0.16877350234580751        0.0000000000000000        2.8000000000000001E-002  0.14399999999999999       0.35780000000000001       0.47020000000000001     
   115.00000000000000       0.18675206268271291        0.0000000000000000        2.4799999999999999E-002  0.14019999999999999       0.35940000000000000       0.47560000000000002     
   116.00000000000000       0.20273658326490479        0.0000000000000000        2.4799999999999999E-002  0.13980000000000001       0.35920000000000002       0.47620000000000001     
   117.00000000000000       0.21997533646450038        0.0000000000000000        2.4799999999999999E-002  0.13580000000000000       0.35980000000000001       0.47960000000000003     
   118.00000000000000       0.23654380744445069        0.0000000000000000        2.4799999999999999E-002  0.13439999999999999       0.35620000000000002       0.48459999999999998     
   119.00000000000000       0.25139748329682921        0.0000000000000000        2.4799999999999999E-002  0.13400000000000001       0.35639999999999999       0.48480000000000001     
   120.00000000000000       0.26506443133077107        0.0000000000000000        2.4400000000000002E-002  0.13380000000000000       0.35680000000000001       0.48499999999999999     
   121.00000000000000       0.27811662374277629        0.0000000000000000        2.3800000000000002E-002  0.13139999999999999       0.36380000000000001       0.48099999999999998     
   122.00000000000000       0.28914447111713881        0.0000000000000000        2.3400000000000001E-002  0.13080000000000000       0.36520000000000002       0.48060000000000003     
   123.00000000000000       0.29885640007453218        0.0000000000000000        2.3000000000000000E-002  0.12980000000000000       0.36780000000000002       0.47939999999999999     
   124.00000000000000       0.30676803935579788        0.0000000000000000        2.2400000000000000E-002  0.12800000000000000       0.37180000000000002       0.47780000000000000     
   125.00000000000000       0.31336406443764359        0.0000000000000000        2.2200000000000001E-002  0.12800000000000000       0.35959999999999998       0.49020000000000002     
   126.00000000000000       0.31701933811611205        0.0000000000000000        2.0600000000000000E-002  0.12959999999999999       0.36140000000000000       0.48840000000000000     
   127.00000000000000       0.31852303638608104        0.0000000000000000        2.0400000000000001E-002  0.12980000000000000       0.36280000000000001       0.48699999999999999     
   128.00000000000000       0.31835126883790293        0.0000000000000000        2.0400000000000001E-002  0.12839999999999999       0.36280000000000001       0.48840000000000000     
   129.00000000000000       0.31812706219408604        0.0000000000000000        1.8800000000000001E-002  0.12859999999999999       0.35560000000000003       0.49700000000000000     
   130.00000000000000       0.31510667199721482        0.0000000000000000        1.8599999999999998E-002  0.12520000000000001       0.35720000000000002       0.49900000000000000     
   131.00000000000000       0.30905588368599701        0.0000000000000000        1.8599999999999998E-002  0.12520000000000001       0.35720000000000002       0.49900000000000000     
   132.00000000000000       0.30187743636141345        5.7999999999999996E-003   1.2800000000000001E-002  0.12520000000000001       0.35699999999999998       0.49919999999999998     
   133.00000000000000       0.29353665535948992        5.7999999999999996E-003   1.2800000000000001E-002  0.12400000000000000       0.35820000000000002       0.49919999999999998     
   134.00000000000000       0.28392515482899916        5.7999999999999996E-003   1.2800000000000001E-002  0.12479999999999999       0.35680000000000001       0.49980000000000002     
   135.00000000000000       0.27387258232200878        5.4000000000000003E-003   1.3200000000000000E-002  0.12839999999999999       0.35320000000000001       0.49980000000000002     
   136.00000000000000       0.26043987426569903        5.4000000000000003E-003   1.3200000000000000E-002  0.12600000000000000       0.35060000000000002       0.50480000000000003     
   137.00000000000000       0.25879572917467597        5.4000000000000003E-003   4.5999999999999999E-003  0.13560000000000000       0.34520000000000001       0.50919999999999999     
   138.00000000000000       0.25433913257249741        5.4000000000000003E-003   5.4000000000000003E-003  0.13560000000000000       0.34439999999999998       0.50919999999999999     
   139.00000000000000       0.25110126869624616        5.4000000000000003E-003   5.0000000000000001E-003  0.14699999999999999       0.33339999999999997       0.50919999999999999     
   140.00000000000000       0.24850675828124791        5.4000000000000003E-003   5.0000000000000001E-003  0.14560000000000001       0.33339999999999997       0.51060000000000005     
   141.00000000000000       0.24466729551057648        5.4000000000000003E-003   5.0000000000000001E-003  0.14440000000000000       0.33339999999999997       0.51180000000000003     
   142.00000000000000       0.23764047091810289        5.4000000000000003E-003   5.0000000000000001E-003  0.14440000000000000       0.33339999999999997       0.51180000000000003     
   143.00000000000000       0.22679822865064023        5.4000000000000003E-003   5.0000000000000001E-003  0.14399999999999999       0.33339999999999997       0.51219999999999999     
   144.00000000000000       0.21721427243703179        5.4000000000000003E-003   5.0000000000000001E-003  0.13780000000000001       0.33420000000000000       0.51759999999999995     
   145.00000000000000       0.20838211314772995        5.4000000000000003E-003   4.7999999999999996E-003  0.38300000000000001        7.8399999999999997E-002  0.52839999999999998     
   146.00000000000000       0.19336338092924685        5.4000000000000003E-003   4.7999999999999996E-003  0.38300000000000001        7.8399999999999997E-002  0.52839999999999998     
   147.00000000000000       0.17970053992304469        5.4000000000000003E-003   4.7999999999999996E-003  0.38300000000000001        7.4999999999999997E-002  0.53180000000000005     
   148.00000000000000       0.16435866936810500        5.4000000000000003E-003   2.0000000000000000E-003  0.38579999999999998        7.4600000000000000E-002  0.53220000000000001     
   149.00000000000000       0.16898581243301619        5.4000000000000003E-003   2.0000000000000000E-003  0.36880000000000002        9.0600000000000000E-002  0.53320000000000001     
   150.00000000000000       0.17367584646609141        5.4000000000000003E-003   2.0000000000000000E-003  0.37180000000000002        8.7599999999999997E-002  0.53320000000000001     
   151.00000000000000       0.18098359351878845        5.1999999999999998E-003   2.0000000000000000E-003  0.37200000000000000        8.4599999999999995E-002  0.53620000000000001     
   152.00000000000000       0.18736334106135394        5.1999999999999998E-003   2.0000000000000000E-003  0.37240000000000001        8.4199999999999997E-002  0.53620000000000001     
   153.00000000000000       0.19437769568049401        2.0000000000000001E-004   6.7999999999999996E-003  0.37019999999999997        8.6400000000000005E-002  0.53639999999999999     
   154.00000000000000       0.20334910443027557        2.0000000000000001E-004   6.7999999999999996E-003  0.37000000000000000        8.5800000000000001E-002  0.53720000000000001     
   155.00000000000000       0.21340400134846002        2.0000000000000001E-004   6.7999999999999996E-003  0.37059999999999998        8.5199999999999998E-002  0.53720000000000001     
   156.00000000000000       0.22721383643839321        2.0000000000000001E-004   6.7999999999999996E-003  0.37080000000000002        8.5000000000000006E-002  0.53720000000000001     
   157.00000000000000       0.23807035741121030        2.0000000000000001E-004   6.7999999999999996E-003  0.37080000000000002        8.5000000000000006E-002  0.53720000000000001     
   158.00000000000000       0.23482833808060458        2.0000000000000001E-004   6.7999999999999996E-003  0.36340000000000000        9.1399999999999995E-002  0.53820000000000001     
   159.00000000000000       0.23841302289765956        2.0000000000000001E-004   6.7999999999999996E-003  0.35740000000000000        9.6600000000000005E-002  0.53900000000000003     
   160.00000000000000       0.27962785732053275        2.0000000000000001E-004   6.7999999999999996E-003  0.35820000000000002        9.5799999999999996E-002  0.53900000000000003     
   161.00000000000000       0.31507485919911921        2.0000000000000001E-004   6.1999999999999998E-003  0.35859999999999997        9.5799999999999996E-002  0.53920000000000001     
   162.00000000000000       0.34928212188652030        2.0000000000000001E-004   6.1999999999999998E-003  0.32100000000000001       0.13139999999999999       0.54120000000000001     
   163.00000000000000       0.35138659912775599        2.0000000000000001E-004   6.1999999999999998E-003  0.28580000000000000       0.16639999999999999       0.54139999999999999     
   164.00000000000000       0.35990032531650751        0.0000000000000000        6.4000000000000003E-003  0.28599999999999998       0.16600000000000001       0.54159999999999997     
   165.00000000000000       0.27634584681125296        0.0000000000000000        6.6000000000000000E-003  0.17640000000000000       0.16439999999999999       0.65259999999999996     
   166.00000000000000        1.4642953548674109        2.0000000000000001E-004   6.1999999999999998E-003   0.0000000000000000       0.36399999999999999       0.62960000000000005     
   167.00000000000000        1.0715840755716490        2.0000000000000001E-004   6.0000000000000001E-003   0.0000000000000000       0.35999999999999999       0.63380000000000003     
   168.00000000000000        1.0669296551041647        2.0000000000000001E-004   6.0000000000000001E-003   0.0000000000000000       0.35959999999999998       0.63419999999999999     
   169.00000000000000        1.1470050144851971        4.0000000000000002E-004   5.5999999999999999E-003   0.0000000000000000       0.20760000000000001       0.78639999999999999     
   170.00000000000000       0.49597416722318743        4.0000000000000002E-004   5.5999999999999999E-003   0.0000000000000000       0.20720000000000000       0.78680000000000005     
   171.00000000000000       0.50026151265746022        4.0000000000000002E-004   5.5999999999999999E-003   0.0000000000000000       0.20720000000000000       0.78680000000000005     
   172.00000000000000       0.50187351423643867        4.0000000000000002E-004   5.5999999999999999E-003   0.0000000000000000       0.20540000000000000       0.78859999999999997     
   173.00000000000000       0.50023576997332075        4.0000000000000002E-004   5.5999999999999999E-003   0.0000000000000000       0.20519999999999999       0.78879999999999995     
   174.00000000000000       0.49732523985930466        4.0000000000000002E-004   5.5999999999999999E-003   0.0000000000000000       0.20419999999999999       0.78979999999999995     
   175.00000000000000       0.49203703579359231        4.0000000000000002E-004   5.5999999999999999E-003   0.0000000000000000       0.20399999999999999       0.79000000000000004     
   176.00000000000000       0.48606730745634052        4.0000000000000002E-004   5.5999999999999999E-003   0.0000000000000000       0.19800000000000001       0.79600000000000004     
   177.00000000000000       0.47798789588916490        4.0000000000000002E-004   5.5999999999999999E-003   0.0000000000000000       0.19919999999999999       0.79479999999999995     
   178.00000000000000       0.46785789876038297        4.0000000000000002E-004   5.5999999999999999E-003   0.0000000000000000       0.20119999999999999       0.79279999999999995     
   179.00000000000000       0.45651096887322196        4.0000000000000002E-004   5.5999999999999999E-003   0.0000000000000000       0.20080000000000001       0.79320000000000002     
   180.00000000000000       0.44428057942423282        4.0000000000000002E-004   5.5999999999999999E-003   0.0000000000000000       0.20240000000000000       0.79159999999999997     
   181.00000000000000       0.43123731445004665        4.0000000000000002E-004   5.5999999999999999E-003   0.0000000000000000       0.20480000000000001       0.78920000000000001     
   182.00000000000000       0.41806562447065565        4.0000000000000002E-004   5.5999999999999999E-003   0.0000000000000000       0.20300000000000001       0.79100000000000004     
   183.00000000000000       0.40456822516389235        5.9999999999999995E-004   5.4000000000000003E-003   0.0000000000000000       0.19900000000000001       0.79500000000000004     
   184.00000000000000       0.39226488425401168        5.9999999999999995E-004   5.4000000000000003E-003   0.0000000000000000       0.15959999999999999       0.83440000000000003     
   185.00000000000000       0.37795381561758556        5.9999999999999995E-004   5.4000000000000003E-003   0.0000000000000000       0.19139999999999999       0.80259999999999998     
   186.00000000000000       0.36374599046029021        5.9999999999999995E-004   5.4000000000000003E-003   0.0000000000000000       0.21160000000000001       0.78239999999999998     
   187.00000000000000       0.35130432047056326        5.9999999999999995E-004   5.0000000000000001E-003   0.0000000000000000       0.20880000000000001       0.78559999999999997     
   188.00000000000000       0.33752222842502810        5.9999999999999995E-004   5.0000000000000001E-003   0.0000000000000000       0.23380000000000001       0.76060000000000005     
   189.00000000000000       0.32511439655303698        5.9999999999999995E-004   5.0000000000000001E-003   0.0000000000000000       0.21060000000000001       0.78380000000000005     
   190.00000000000000       0.31328913159584676        5.9999999999999995E-004   5.0000000000000001E-003   0.0000000000000000       0.17699999999999999       0.81740000000000002     
   191.00000000000000       0.30118403953626166        5.9999999999999995E-004   5.0000000000000001E-003   0.0000000000000000       0.18520000000000000       0.80920000000000003     
   192.00000000000000       0.28931947277300307        5.9999999999999995E-004   5.0000000000000001E-003   0.0000000000000000       0.21220000000000000       0.78220000000000001     
   193.00000000000000       0.27936063868663813        5.9999999999999995E-004   5.0000000000000001E-003   0.0000000000000000       0.22320000000000001       0.77120000000000000     
   194.00000000000000       0.27201705320478825        5.9999999999999995E-004   5.0000000000000001E-003   0.0000000000000000       0.19560000000000000       0.79879999999999995     
   195.00000000000000       0.26541477225893773        4.0000000000000002E-004   5.0000000000000001E-003   0.0000000000000000       0.19280000000000000       0.80179999999999996     
   196.00000000000000       0.26079362499123010        4.0000000000000002E-004   5.0000000000000001E-003   0.0000000000000000       0.17620000000000000       0.81840000000000002     
   197.00000000000000       0.25752332194115646        4.0000000000000002E-004   5.0000000000000001E-003   0.0000000000000000       0.17480000000000001       0.81979999999999997     
   198.00000000000000       0.25532386777090987        4.0000000000000002E-004   5.0000000000000001E-003   0.0000000000000000       0.16880000000000001       0.82579999999999998     
   199.00000000000000       0.25523735205460130        4.0000000000000002E-004   4.7999999999999996E-003   0.0000000000000000       0.16880000000000001       0.82599999999999996     
   200.00000000000000       0.25661345678794167        4.0000000000000002E-004   4.7999999999999996E-003   0.0000000000000000       0.16940000000000000       0.82540000000000002     
   201.00000000000000       0.25883702623719468        4.0000000000000002E-004   4.4000000000000003E-003   0.0000000000000000       0.16980000000000001       0.82540000000000002     
   202.00000000000000       0.26429540641675558        4.0000000000000002E-004   4.4000000000000003E-003   0.0000000000000000       0.17100000000000001       0.82420000000000004     
   203.00000000000000       0.27027299398077470        2.0000000000000001E-004   4.4000000000000003E-003   0.0000000000000000       0.17040000000000000       0.82499999999999996     
   204.00000000000000       0.27801228869304961        2.0000000000000001E-004   4.4000000000000003E-003   0.0000000000000000       0.17219999999999999       0.82320000000000004     
   205.00000000000000       0.28702179324112576        2.0000000000000001E-004   4.4000000000000003E-003   0.0000000000000000       0.17319999999999999       0.82220000000000004     
   206.00000000000000       0.29740345048910155        2.0000000000000001E-004   4.4000000000000003E-003   0.0000000000000000       0.17340000000000000       0.82199999999999995     
   207.00000000000000       0.30899803187076863        2.0000000000000001E-004   4.4000000000000003E-003   0.0000000000000000       0.17340000000000000       0.82199999999999995     
   208.00000000000000       0.32173172346008927        2.0000000000000001E-004   4.4000000000000003E-003   0.0000000000000000       0.17340000000000000       0.82199999999999995     
   209.00000000000000       0.33513041830792079        2.0000000000000001E-004   4.4000000000000003E-003   0.0000000000000000       0.17360000000000000       0.82179999999999997     
   210.00000000000000       0.34872120313216509        2.0000000000000001E-004   4.4000000000000003E-003   0.0000000000000000       0.17360000000000000       0.82179999999999997     
   211.00000000000000       0.36271418570140090        2.0000000000000001E-004   4.4000000000000003E-003   0.0000000000000000       0.17100000000000001       0.82440000000000002     
   212.00000000000000       0.37616063948465567        2.0000000000000001E-004   4.4000000000000003E-003   0.0000000000000000       0.16819999999999999       0.82720000000000005     
   213.00000000000000       0.38873882976243057        2.0000000000000001E-004   4.4000000000000003E-003   0.0000000000000000       0.16819999999999999       0.82720000000000005     
   214.00000000000000       0.40014719338723292        2.0000000000000001E-004   4.4000000000000003E-003   0.0000000000000000       0.16819999999999999       0.82720000000000005     
   215.00000000000000       0.41020338655354116        2.0000000000000001E-004   4.4000000000000003E-003   0.0000000000000000       0.16819999999999999       0.82720000000000005     
   216.00000000000000       0.41837284176696643        2.0000000000000001E-004   4.1999999999999997E-003   0.0000000000000000       0.16700000000000001       0.82860000000000000     
