#        BMIN =   404
#        BMAX =   408
#     INIBAND =   406
#      NBANDS =   540
#         NSW =  2000
#       POTIM =   1.0
#        TEMP = 300.0
#    NAMDTINI =   637
#    NAMDTIME =  1000
#       NTRAJ =  5000
#        NELM =  1000
#       LHOLE =     T
#        LSHP =     T
#      LCPTXT =     T
#      RUNDIR = ../../run/
   1.0000000000000000        7.4542054503207805E-002   0.0000000000000000        0.0000000000000000        1.0000000000000000        0.0000000000000000        0.0000000000000000     
   2.0000000000000000       0.11133639048886021        0.0000000000000000        0.0000000000000000        1.0000000000000000        0.0000000000000000        0.0000000000000000     
   3.0000000000000000       0.14172451597090657        0.0000000000000000        0.0000000000000000        1.0000000000000000        0.0000000000000000        0.0000000000000000     
   4.0000000000000000       0.16755397564078250        0.0000000000000000        0.0000000000000000        1.0000000000000000        0.0000000000000000        0.0000000000000000     
   5.0000000000000000       0.18421235855764390        0.0000000000000000        0.0000000000000000        1.0000000000000000        0.0000000000000000        0.0000000000000000     
   6.0000000000000000       0.19348007981532053        0.0000000000000000        0.0000000000000000        1.0000000000000000        0.0000000000000000        0.0000000000000000     
   7.0000000000000000       0.19464705844389468        0.0000000000000000        0.0000000000000000        1.0000000000000000        0.0000000000000000        0.0000000000000000     
   8.0000000000000000       0.18544423624816561        0.0000000000000000        0.0000000000000000        1.0000000000000000        0.0000000000000000        0.0000000000000000     
   9.0000000000000000       0.16849848431635123        0.0000000000000000        0.0000000000000000        1.0000000000000000        0.0000000000000000        0.0000000000000000     
   10.000000000000000       0.14254512469968850        0.0000000000000000        0.0000000000000000        1.0000000000000000        0.0000000000000000        0.0000000000000000     
   11.000000000000000       0.10997345245272308        0.0000000000000000        0.0000000000000000        1.0000000000000000        0.0000000000000000        0.0000000000000000     
   12.000000000000000        7.0550417649661482E-002   0.0000000000000000        0.0000000000000000        1.0000000000000000        0.0000000000000000        0.0000000000000000     
   13.000000000000000        2.4857950084029919E-002   0.0000000000000000        2.7799999999999998E-002  0.97219999999999995        0.0000000000000000        0.0000000000000000     
   14.000000000000000        1.5361205082343697E-002   0.0000000000000000        2.7799999999999998E-002  0.97180000000000000        2.0000000000000001E-004   2.0000000000000001E-004
   15.000000000000000        2.0870118234858910E-002   0.0000000000000000        2.7799999999999998E-002  0.97180000000000000        2.0000000000000001E-004   2.0000000000000001E-004
   16.000000000000000        2.5609172239056531E-002   0.0000000000000000        2.6400000000000000E-002  0.97319999999999995        2.0000000000000001E-004   2.0000000000000001E-004
   17.000000000000000        3.1964411643266216E-002   0.0000000000000000        2.6599999999999999E-002  0.97119999999999995        4.0000000000000002E-004   1.8000000000000000E-003
   18.000000000000000        3.6347540921223429E-002   0.0000000000000000        2.7799999999999998E-002  0.96999999999999997        4.0000000000000002E-004   1.8000000000000000E-003
   19.000000000000000        4.4836191472088192E-002   0.0000000000000000        2.8400000000000002E-002  0.96940000000000004        4.0000000000000002E-004   1.8000000000000000E-003
   20.000000000000000        6.6367559490054726E-002   0.0000000000000000        3.2000000000000002E-003  0.99460000000000004        4.0000000000000002E-004   1.8000000000000000E-003
   21.000000000000000       0.10707336895159092        0.0000000000000000        3.2000000000000002E-003  0.99460000000000004        4.0000000000000002E-004   1.8000000000000000E-003
   22.000000000000000       0.15668107816157381        0.0000000000000000        3.2000000000000002E-003  0.99099999999999999        4.0000000000000001E-003   1.8000000000000000E-003
   23.000000000000000       0.19310491379105851        0.0000000000000000        3.0000000000000001E-003  0.96220000000000006        3.2800000000000003E-002   2.0000000000000000E-003
   24.000000000000000       0.22630384873924245        2.0000000000000001E-004   2.8000000000000000E-003  0.95840000000000003        3.1600000000000003E-002   7.0000000000000001E-003
   25.000000000000000       0.27684486451908841        4.0000000000000002E-004   2.8000000000000000E-003  0.82379999999999998       0.15520000000000000        1.7800000000000000E-002
   26.000000000000000       0.38283255713819697        4.0000000000000002E-004   2.8000000000000000E-003  0.82379999999999998       0.15520000000000000        1.7800000000000000E-002
   27.000000000000000       0.54224626089506456        2.0000000000000001E-004   3.5999999999999999E-003  0.25419999999999998       0.66979999999999995        7.2200000000000000E-002
   28.000000000000000       0.37874751939574103        2.0000000000000001E-004   3.3999999999999998E-003  0.25280000000000002       0.67140000000000000        7.2200000000000000E-002
   29.000000000000000       0.47258307672368438        0.0000000000000000        3.3999999999999998E-003  0.25280000000000002       0.67159999999999997        7.2200000000000000E-002
   30.000000000000000        7.5216040474207518E-002   5.9999999999999995E-004   3.3999999999999998E-003  0.25280000000000002       0.67100000000000004        7.2200000000000000E-002
   31.000000000000000       0.39201149783310307        5.9999999999999995E-004   3.3999999999999998E-003  0.25059999999999999       0.67079999999999995        7.4600000000000000E-002
   32.000000000000000       0.40549594559339197        5.9999999999999995E-004   2.2000000000000001E-003  0.23719999999999999       0.68059999999999998        7.9399999999999998E-002
   33.000000000000000       0.71604789193435847        5.9999999999999995E-004   2.3999999999999998E-003  0.23519999999999999       0.68220000000000003        7.9600000000000004E-002
   34.000000000000000       0.73925026037355612        5.9999999999999995E-004   2.5999999999999999E-003  0.23260000000000000       0.67959999999999998        8.4599999999999995E-002
   35.000000000000000       0.77286048942017493        5.9999999999999995E-004   2.3999999999999998E-003  0.23280000000000001       0.67879999999999996        8.5400000000000004E-002
   36.000000000000000       0.78848280192192444        5.9999999999999995E-004   2.3999999999999998E-003  0.23180000000000001       0.67879999999999996        8.6400000000000005E-002
   37.000000000000000       0.78513642363139036        5.9999999999999995E-004   2.3999999999999998E-003  0.23180000000000001       0.67879999999999996        8.6400000000000005E-002
   38.000000000000000       0.79125215589229081        5.9999999999999995E-004   2.3999999999999998E-003  0.23160000000000000       0.66159999999999997       0.10380000000000000     
   39.000000000000000       0.77945514567288909        5.9999999999999995E-004   2.3999999999999998E-003  0.22459999999999999       0.66859999999999997       0.10380000000000000     
   40.000000000000000       0.78730265084598439        5.9999999999999995E-004   2.3999999999999998E-003  0.22420000000000001       0.66859999999999997       0.10420000000000000     
   41.000000000000000       0.77528703680773448        5.9999999999999995E-004   2.0000000000000000E-003  0.22100000000000000       0.66959999999999997       0.10680000000000001     
   42.000000000000000       0.76214248062509737        5.9999999999999995E-004   2.0000000000000000E-003  0.22100000000000000       0.66959999999999997       0.10680000000000001     
   43.000000000000000       0.73736478632179270        5.9999999999999995E-004   2.0000000000000000E-003  0.22040000000000001       0.67020000000000002       0.10680000000000001     
   44.000000000000000       0.70128885769785743        5.9999999999999995E-004   2.0000000000000000E-003  0.21800000000000000       0.67240000000000000       0.10700000000000000     
   45.000000000000000       0.75050934610771980        5.9999999999999995E-004   1.8000000000000000E-003  0.20380000000000001       0.68679999999999997       0.10700000000000000     
   46.000000000000000       0.68841639572960256        5.9999999999999995E-004   1.8000000000000000E-003  0.20080000000000001       0.67940000000000000       0.11740000000000000     
   47.000000000000000       0.65633162618718865        5.9999999999999995E-004   1.8000000000000000E-003   3.9800000000000002E-002  0.84040000000000004       0.11740000000000000     
   48.000000000000000       0.53405536568807799        8.0000000000000004E-004   1.8000000000000000E-003   2.0600000000000000E-002  0.71980000000000000       0.25700000000000001     
   49.000000000000000       0.64759272934331746        8.0000000000000004E-004   1.6000000000000001E-003   2.1200000000000000E-002  0.71940000000000004       0.25700000000000001     
   50.000000000000000       0.72180343642743472        8.0000000000000004E-004   1.6000000000000001E-003   1.8400000000000000E-002  0.72219999999999995       0.25700000000000001     
   51.000000000000000       0.59805946140959676        8.0000000000000004E-004   1.6000000000000001E-003   1.7200000000000000E-002  0.72340000000000004       0.25700000000000001     
   52.000000000000000       0.56440438655363212        8.0000000000000004E-004   1.6000000000000001E-003   1.8400000000000000E-002  0.71499999999999997       0.26419999999999999     
   53.000000000000000       0.65176790739560997        5.9999999999999995E-004   1.6000000000000001E-003   1.0400000000000000E-002  0.64359999999999995       0.34379999999999999     
   54.000000000000000       0.56391526416987781        5.9999999999999995E-004   1.6000000000000001E-003   8.8000000000000005E-003  0.64520000000000000       0.34379999999999999     
   55.000000000000000       0.55042395150232781        5.9999999999999995E-004   1.6000000000000001E-003   1.4600000000000000E-002  0.63939999999999997       0.34379999999999999     
   56.000000000000000       0.53801840510930277        4.0000000000000002E-004   1.6000000000000001E-003   0.0000000000000000       0.65420000000000000       0.34379999999999999     
   57.000000000000000       0.23879100539209325        4.0000000000000002E-004   1.6000000000000001E-003   0.0000000000000000       0.64980000000000004       0.34820000000000001     
   58.000000000000000       0.21273935563119495        4.0000000000000002E-004   1.6000000000000001E-003   0.0000000000000000       0.64980000000000004       0.34820000000000001     
   59.000000000000000       0.18943885157104265        4.0000000000000002E-004   1.6000000000000001E-003   0.0000000000000000       0.64980000000000004       0.34820000000000001     
   60.000000000000000       0.16923469921134252        4.0000000000000002E-004   1.6000000000000001E-003   0.0000000000000000       0.64980000000000004       0.34820000000000001     
   61.000000000000000       0.15195639859432070        4.0000000000000002E-004   1.6000000000000001E-003   0.0000000000000000       0.64980000000000004       0.34820000000000001     
   62.000000000000000       0.13872922068599136        2.0000000000000001E-004   1.8000000000000000E-003   0.0000000000000000       0.64780000000000004       0.35020000000000001     
   63.000000000000000       0.12845515139757097        2.0000000000000001E-004   1.8000000000000000E-003   0.0000000000000000       0.64780000000000004       0.35020000000000001     
   64.000000000000000       0.12173778399458286        2.0000000000000001E-004   1.8000000000000000E-003   0.0000000000000000       0.64639999999999997       0.35160000000000002     
   65.000000000000000       0.11842606495596869        2.0000000000000001E-004   1.8000000000000000E-003   0.0000000000000000       0.64639999999999997       0.35160000000000002     
   66.000000000000000       0.11830903565428459        1.6000000000000001E-003   4.0000000000000002E-004   0.0000000000000000       0.64639999999999997       0.35160000000000002     
   67.000000000000000       0.12047342166392892        1.6000000000000001E-003   4.0000000000000002E-004   0.0000000000000000       0.64639999999999997       0.35160000000000002     
   68.000000000000000       0.12594829026830462        1.6000000000000001E-003   4.0000000000000002E-004   0.0000000000000000       0.64239999999999997       0.35560000000000003     
   69.000000000000000       0.13202723713921521        1.6000000000000001E-003   4.0000000000000002E-004   0.0000000000000000       0.64119999999999999       0.35680000000000001     
   70.000000000000000       0.14555019348796799        1.6000000000000001E-003   4.0000000000000002E-004   0.0000000000000000       0.62400000000000000       0.37400000000000000     
   71.000000000000000       0.15583396536057742        1.6000000000000001E-003   4.0000000000000002E-004   0.0000000000000000       0.62400000000000000       0.37400000000000000     
   72.000000000000000       0.16728952699477023        1.6000000000000001E-003   4.0000000000000002E-004   0.0000000000000000       0.62400000000000000       0.37400000000000000     
   73.000000000000000       0.17800267520860621        1.6000000000000001E-003   4.0000000000000002E-004   0.0000000000000000       0.62019999999999997       0.37780000000000002     
   74.000000000000000       0.19546069182135334        1.6000000000000001E-003   4.0000000000000002E-004   0.0000000000000000       0.62019999999999997       0.37780000000000002     
   75.000000000000000       0.20813431011270536        1.6000000000000001E-003   4.0000000000000002E-004   0.0000000000000000       0.62019999999999997       0.37780000000000002     
   76.000000000000000       0.22390411108239439        1.6000000000000001E-003   4.0000000000000002E-004   0.0000000000000000       0.60880000000000001       0.38919999999999999     
   77.000000000000000       0.24066033240211393        1.6000000000000001E-003   4.0000000000000002E-004   0.0000000000000000       0.60880000000000001       0.38919999999999999     
   78.000000000000000       0.25515720048161328        1.6000000000000001E-003   4.0000000000000002E-004   0.0000000000000000       0.60880000000000001       0.38919999999999999     
   79.000000000000000       0.26788606985895236        1.6000000000000001E-003   4.0000000000000002E-004   0.0000000000000000       0.60880000000000001       0.38919999999999999     
   80.000000000000000       0.28202935473301299        1.6000000000000001E-003   4.0000000000000002E-004   0.0000000000000000       0.60880000000000001       0.38919999999999999     
   81.000000000000000       0.29100388454375936        1.6000000000000001E-003   4.0000000000000002E-004   0.0000000000000000       0.60819999999999996       0.38979999999999998     
   82.000000000000000       0.29989634612009264        1.0000000000000000E-003   1.0000000000000000E-003   0.0000000000000000       0.60819999999999996       0.38979999999999998     
   83.000000000000000       0.30405929006739452        1.0000000000000000E-003   1.0000000000000000E-003   0.0000000000000000       0.60819999999999996       0.38979999999999998     
   84.000000000000000       0.31696212739880680        1.0000000000000000E-003   1.0000000000000000E-003   0.0000000000000000       0.60819999999999996       0.38979999999999998     
   85.000000000000000       0.32359689415397275        1.0000000000000000E-003   1.0000000000000000E-003   0.0000000000000000       0.60819999999999996       0.38979999999999998     
   86.000000000000000       0.33018858169546261        1.0000000000000000E-003   1.0000000000000000E-003   0.0000000000000000       0.60699999999999998       0.39100000000000001     
   87.000000000000000       0.33596487936329611        1.0000000000000000E-003   1.0000000000000000E-003   0.0000000000000000       0.60699999999999998       0.39100000000000001     
   88.000000000000000       0.34455827004062500        1.0000000000000000E-003   1.0000000000000000E-003   0.0000000000000000       0.60060000000000002       0.39739999999999998     
   89.000000000000000       0.35400506156924672        1.0000000000000000E-003   1.0000000000000000E-003   0.0000000000000000       0.59580000000000000       0.40220000000000000     
   90.000000000000000       0.36221219588243753        1.0000000000000000E-003   1.0000000000000000E-003   0.0000000000000000       0.59580000000000000       0.40220000000000000     
   91.000000000000000       0.37144090875007180        1.0000000000000000E-003   1.0000000000000000E-003   0.0000000000000000       0.59580000000000000       0.40220000000000000     
   92.000000000000000       0.38186748741610016        1.0000000000000000E-003   1.0000000000000000E-003   0.0000000000000000       0.59440000000000004       0.40360000000000001     
   93.000000000000000       0.39275311384453004        1.0000000000000000E-003   1.0000000000000000E-003   0.0000000000000000       0.59440000000000004       0.40360000000000001     
   94.000000000000000       0.40413004980126349        1.0000000000000000E-003   1.0000000000000000E-003   0.0000000000000000       0.59140000000000004       0.40660000000000002     
   95.000000000000000       0.41635704981287813        1.0000000000000000E-003   1.0000000000000000E-003   0.0000000000000000       0.59140000000000004       0.40660000000000002     
   96.000000000000000       0.42742308012814578        1.0000000000000000E-003   1.0000000000000000E-003   0.0000000000000000       0.59140000000000004       0.40660000000000002     
   97.000000000000000       0.43681270467067940        1.0000000000000000E-003   1.0000000000000000E-003   0.0000000000000000       0.59140000000000004       0.40660000000000002     
   98.000000000000000       0.44564046603394847        1.0000000000000000E-003   1.0000000000000000E-003   0.0000000000000000       0.59140000000000004       0.40660000000000002     
   99.000000000000000       0.45250299873545918        1.0000000000000000E-003   1.0000000000000000E-003   0.0000000000000000       0.59140000000000004       0.40660000000000002     
   100.00000000000000       0.45640849571219622        1.0000000000000000E-003   1.0000000000000000E-003   0.0000000000000000       0.59140000000000004       0.40660000000000002     
   101.00000000000000       0.45792737996058008        1.0000000000000000E-003   8.0000000000000004E-004   2.0000000000000001E-004  0.59140000000000004       0.40660000000000002     
   102.00000000000000       0.45690510768791603        1.0000000000000000E-003   8.0000000000000004E-004   2.0000000000000001E-004  0.59040000000000004       0.40760000000000002     
   103.00000000000000       0.45494724907655254        1.0000000000000000E-003   8.0000000000000004E-004   2.0000000000000001E-004  0.59040000000000004       0.40760000000000002     
   104.00000000000000       0.86196928374598281        5.9999999999999995E-004   1.1999999999999999E-003   0.0000000000000000       0.56940000000000002       0.42880000000000001     
   105.00000000000000        1.4991239238272871        5.9999999999999995E-004   5.9999999999999995E-004   0.0000000000000000       0.56459999999999999       0.43419999999999997     
   106.00000000000000        1.4257061960374489        5.9999999999999995E-004   4.0000000000000002E-004   0.0000000000000000       0.56459999999999999       0.43440000000000001     
   107.00000000000000        1.4854460893546424        5.9999999999999995E-004   4.0000000000000002E-004   0.0000000000000000       0.55659999999999998       0.44240000000000002     
   108.00000000000000        1.3235504702733358        5.9999999999999995E-004   4.0000000000000002E-004   0.0000000000000000       0.55659999999999998       0.44240000000000002     
   109.00000000000000        1.4687845548360774        5.9999999999999995E-004   4.0000000000000002E-004   0.0000000000000000       0.54840000000000000       0.45060000000000000     
   110.00000000000000       0.89970700621071886        5.9999999999999995E-004   4.0000000000000002E-004   0.0000000000000000       0.46100000000000002       0.53800000000000003     
   111.00000000000000       0.40818373420618947        5.9999999999999995E-004   4.0000000000000002E-004   0.0000000000000000       0.46100000000000002       0.53800000000000003     
   112.00000000000000       0.38432674576762932        5.9999999999999995E-004   4.0000000000000002E-004   0.0000000000000000       0.46100000000000002       0.53800000000000003     
   113.00000000000000       0.35782581279525377        5.9999999999999995E-004   5.9999999999999995E-004   0.0000000000000000       0.46079999999999999       0.53800000000000003     
   114.00000000000000       0.32940034346394165        5.9999999999999995E-004   5.9999999999999995E-004   0.0000000000000000       0.46079999999999999       0.53800000000000003     
   115.00000000000000       0.29907452827901310        5.9999999999999995E-004   5.9999999999999995E-004   0.0000000000000000       0.46079999999999999       0.53800000000000003     
   116.00000000000000       0.26755771655605975        5.9999999999999995E-004   5.9999999999999995E-004   3.2000000000000002E-003  0.45760000000000001       0.53800000000000003     
   117.00000000000000       0.24207816433124341        0.0000000000000000        1.1999999999999999E-003   1.4000000000000000E-003  0.45920000000000000       0.53820000000000001     
   118.00000000000000       0.22143927857614987        0.0000000000000000        1.1999999999999999E-003   1.4000000000000000E-003  0.45920000000000000       0.53820000000000001     
   119.00000000000000       0.20308300590159933        0.0000000000000000        1.1999999999999999E-003   1.1999999999999999E-003  0.45820000000000000       0.53939999999999999     
   120.00000000000000       0.18883399921380092        0.0000000000000000        1.1999999999999999E-003   1.1999999999999999E-003  0.45079999999999998       0.54679999999999995     
   121.00000000000000       0.17761846243916005        0.0000000000000000        1.4000000000000000E-003   1.0000000000000000E-003  0.45100000000000001       0.54659999999999997     
   122.00000000000000       0.17063321715837099        0.0000000000000000        2.0000000000000000E-003   4.0000000000000002E-004  0.45000000000000001       0.54759999999999998     
   123.00000000000000       0.17057920882521149        0.0000000000000000        1.8000000000000000E-003   5.9999999999999995E-004  0.42740000000000000       0.57020000000000004     
   124.00000000000000       0.16975807666559123        0.0000000000000000        1.8000000000000000E-003   5.9999999999999995E-004  0.43859999999999999       0.55900000000000005     
   125.00000000000000       0.17304042212461787        0.0000000000000000        1.8000000000000000E-003   5.9999999999999995E-004  0.43600000000000000       0.56159999999999999     
   126.00000000000000       0.17751508120772280        0.0000000000000000        1.8000000000000000E-003   5.9999999999999995E-004  0.43659999999999999       0.56100000000000005     
   127.00000000000000       0.18191729382542937        0.0000000000000000        1.8000000000000000E-003   4.0000000000000002E-004  0.43680000000000002       0.56100000000000005     
   128.00000000000000       0.18637596317317184        0.0000000000000000        1.8000000000000000E-003   4.0000000000000002E-004  0.43219999999999997       0.56559999999999999     
   129.00000000000000       0.18968654651824862        0.0000000000000000        1.8000000000000000E-003   4.0000000000000002E-004  0.43240000000000001       0.56540000000000001     
   130.00000000000000       0.19283948348795921        2.0000000000000001E-004   1.6000000000000001E-003   4.0000000000000002E-004  0.42820000000000003       0.56960000000000000     
   131.00000000000000       0.19473305186145856        2.0000000000000001E-004   5.9999999999999995E-004   1.4000000000000000E-003  0.42820000000000003       0.56960000000000000     
   132.00000000000000       0.19529981573110236        2.0000000000000001E-004   5.9999999999999995E-004   1.4000000000000000E-003  0.42899999999999999       0.56879999999999997     
   133.00000000000000       0.19533693147257536        2.0000000000000001E-004   5.9999999999999995E-004   1.4000000000000000E-003  0.42820000000000003       0.56960000000000000     
   134.00000000000000       0.19510862224291692        2.0000000000000001E-004   5.9999999999999995E-004   1.4000000000000000E-003  0.42680000000000001       0.57099999999999995     
   135.00000000000000       0.19413371794429912        2.0000000000000001E-004   5.9999999999999995E-004   1.4000000000000000E-003  0.42480000000000001       0.57299999999999995     
   136.00000000000000       0.19120892088886904        2.0000000000000001E-004   5.9999999999999995E-004   1.4000000000000000E-003  0.42599999999999999       0.57179999999999997     
   137.00000000000000       0.18748265424582009        2.0000000000000001E-004   5.9999999999999995E-004   2.9399999999999999E-002  0.39760000000000001       0.57220000000000004     
   138.00000000000000       0.18889257792193695        2.0000000000000001E-004   5.9999999999999995E-004   2.9999999999999999E-002  0.39760000000000001       0.57160000000000000     
   139.00000000000000       0.19696140789109212        5.9999999999999995E-004   2.0000000000000001E-004   2.9000000000000001E-002  0.39760000000000001       0.57260000000000000     
   140.00000000000000       0.20248373611306053        5.9999999999999995E-004   2.0000000000000001E-004   2.8000000000000001E-002  0.39760000000000001       0.57360000000000000     
   141.00000000000000       0.20507610222775946        5.9999999999999995E-004   2.0000000000000001E-004   2.7600000000000000E-002  0.39760000000000001       0.57399999999999995     
   142.00000000000000       0.20531200289205653        5.9999999999999995E-004   2.0000000000000001E-004   2.7600000000000000E-002  0.39760000000000001       0.57399999999999995     
   143.00000000000000       0.20786321795696627        5.9999999999999995E-004   2.0000000000000001E-004   2.7600000000000000E-002  0.39760000000000001       0.57399999999999995     
   144.00000000000000       0.19833501594834177        5.9999999999999995E-004   2.0000000000000001E-004   2.7600000000000000E-002  0.39760000000000001       0.57399999999999995     
   145.00000000000000       0.19581695714217723        5.9999999999999995E-004   2.0000000000000001E-004   2.5399999999999999E-002  0.39760000000000001       0.57620000000000005     
   146.00000000000000       0.18161227707553501        5.9999999999999995E-004   2.0000000000000001E-004   2.5999999999999999E-002  0.39760000000000001       0.57560000000000000     
   147.00000000000000       0.16972082970151653        5.9999999999999995E-004   2.0000000000000001E-004   4.4200000000000003E-002  0.37800000000000000       0.57699999999999996     
   148.00000000000000       0.16733113805444597        5.9999999999999995E-004   2.0000000000000001E-004   4.4200000000000003E-002  0.37300000000000000       0.58199999999999996     
   149.00000000000000       0.16478652546146380        5.9999999999999995E-004   2.0000000000000001E-004   4.4200000000000003E-002  0.37300000000000000       0.58199999999999996     
   150.00000000000000       0.16165906850796877        5.9999999999999995E-004   2.0000000000000001E-004   4.4200000000000003E-002  0.37059999999999998       0.58440000000000003     
   151.00000000000000       0.15802481215169795        5.9999999999999995E-004   1.6000000000000001E-003   4.2599999999999999E-002  0.37080000000000002       0.58440000000000003     
   152.00000000000000       0.15397854732472727        8.0000000000000004E-004   1.6000000000000001E-003   4.2400000000000000E-002  0.36980000000000002       0.58540000000000003     
   153.00000000000000       0.15165256878519467        8.0000000000000004E-004   1.6000000000000001E-003   4.2400000000000000E-002  0.36899999999999999       0.58620000000000005     
   154.00000000000000       0.14785885041762628        8.0000000000000004E-004   1.6000000000000001E-003   4.2400000000000000E-002  0.36720000000000003       0.58799999999999997     
   155.00000000000000       0.14395551719604288        8.0000000000000004E-004   1.6000000000000001E-003   4.2000000000000003E-002  0.36640000000000000       0.58919999999999995     
   156.00000000000000       0.13931740101909351        8.0000000000000004E-004   1.6000000000000001E-003   4.2000000000000003E-002  0.36599999999999999       0.58960000000000001     
   157.00000000000000       0.13490445902870385        8.0000000000000004E-004   1.6000000000000001E-003   4.2000000000000003E-002  0.36480000000000001       0.59079999999999999     
   158.00000000000000       0.13006132568316822        8.0000000000000004E-004   1.6000000000000001E-003   4.2000000000000003E-002  0.36420000000000002       0.59140000000000004     
   159.00000000000000       0.12545259826821309        8.0000000000000004E-004   1.6000000000000001E-003   4.2000000000000003E-002  0.36420000000000002       0.59140000000000004     
   160.00000000000000       0.12213006469353202        8.0000000000000004E-004   1.6000000000000001E-003   4.1799999999999997E-002  0.36340000000000000       0.59240000000000004     
   161.00000000000000       0.11992588427900928        8.0000000000000004E-004   1.4000000000000000E-003   4.1599999999999998E-002  0.36159999999999998       0.59460000000000002     
   162.00000000000000       0.11923401767937941        0.0000000000000000        2.2000000000000001E-003   4.1599999999999998E-002  0.35780000000000001       0.59840000000000004     
   163.00000000000000       0.12355941175585815        0.0000000000000000        2.2000000000000001E-003   4.1599999999999998E-002  0.33539999999999998       0.62080000000000002     
   164.00000000000000       0.12642452396725098        0.0000000000000000        2.2000000000000001E-003   4.1599999999999998E-002  0.33220000000000000       0.62400000000000000     
   165.00000000000000       0.13063154763413509        0.0000000000000000        2.2000000000000001E-003   4.1599999999999998E-002  0.33220000000000000       0.62400000000000000     
   166.00000000000000       0.13723496527206255        0.0000000000000000        2.2000000000000001E-003   4.1599999999999998E-002  0.32940000000000003       0.62680000000000002     
   167.00000000000000       0.14596012710248973        0.0000000000000000        2.2000000000000001E-003   4.1399999999999999E-002  0.32819999999999999       0.62819999999999998     
   168.00000000000000       0.15645179898651573        0.0000000000000000        2.2000000000000001E-003   4.1399999999999999E-002  0.32819999999999999       0.62819999999999998     
   169.00000000000000       0.17042703549498053        0.0000000000000000        2.2000000000000001E-003   4.0800000000000003E-002  0.32060000000000000       0.63639999999999997     
   170.00000000000000       0.18595479809454418        0.0000000000000000        2.2000000000000001E-003   4.0800000000000003E-002  0.31059999999999999       0.64639999999999997     
   171.00000000000000       0.20069378510987188        0.0000000000000000        2.2000000000000001E-003   4.0800000000000003E-002  0.31059999999999999       0.64639999999999997     
   172.00000000000000       0.21619549747729236        0.0000000000000000        2.2000000000000001E-003   4.0800000000000003E-002  0.31059999999999999       0.64639999999999997     
   173.00000000000000       0.23217111612368971        0.0000000000000000        2.2000000000000001E-003   4.0800000000000003E-002  0.31059999999999999       0.64639999999999997     
   174.00000000000000       0.24914193285089686        0.0000000000000000        2.2000000000000001E-003   4.0800000000000003E-002  0.30599999999999999       0.65100000000000002     
   175.00000000000000       0.26540978464682707        0.0000000000000000        2.2000000000000001E-003   3.9600000000000003E-002  0.30520000000000003       0.65300000000000002     
   176.00000000000000       0.28158292333355089        0.0000000000000000        2.2000000000000001E-003   3.9199999999999999E-002  0.30559999999999998       0.65300000000000002     
   177.00000000000000       0.29809728421034376        0.0000000000000000        2.2000000000000001E-003   3.9199999999999999E-002  0.30480000000000002       0.65380000000000005     
   178.00000000000000       0.31464300451542138        0.0000000000000000        2.2000000000000001E-003   3.9199999999999999E-002  0.30259999999999998       0.65600000000000003     
   179.00000000000000       0.33057794869243540        0.0000000000000000        2.2000000000000001E-003   3.9000000000000000E-002  0.30320000000000003       0.65559999999999996     
   180.00000000000000       0.34671561741233892        0.0000000000000000        2.2000000000000001E-003   3.7400000000000003E-002  0.30499999999999999       0.65539999999999998     
   181.00000000000000       0.36265746496805817        0.0000000000000000        2.2000000000000001E-003   3.7400000000000003E-002  0.30059999999999998       0.65980000000000005     
   182.00000000000000       0.37857979747486459        0.0000000000000000        2.0000000000000000E-003   3.6200000000000003E-002  0.30320000000000003       0.65859999999999996     
   183.00000000000000       0.39482899949834621        0.0000000000000000        2.0000000000000000E-003   3.3200000000000000E-002  0.30740000000000001       0.65739999999999998     
   184.00000000000000       0.40975744814164700        0.0000000000000000        2.0000000000000000E-003   3.3000000000000002E-002  0.31100000000000000       0.65400000000000003     
   185.00000000000000       0.42505562411178643        0.0000000000000000        2.0000000000000000E-003   3.2599999999999997E-002  0.30559999999999998       0.65980000000000005     
   186.00000000000000       0.43834445309618114        0.0000000000000000        2.0000000000000000E-003   3.0599999999999999E-002  0.30759999999999998       0.65980000000000005     
   187.00000000000000       0.44920223122223546        0.0000000000000000        2.0000000000000000E-003   3.0599999999999999E-002  0.30759999999999998       0.65980000000000005     
   188.00000000000000       0.45771606596837794        0.0000000000000000        2.0000000000000000E-003   3.0599999999999999E-002  0.30719999999999997       0.66020000000000001     
   189.00000000000000       0.46382570635275855        0.0000000000000000        2.0000000000000000E-003   3.0599999999999999E-002  0.30700000000000000       0.66039999999999999     
   190.00000000000000       0.46693403447701476        0.0000000000000000        2.0000000000000000E-003   3.0400000000000000E-002  0.30719999999999997       0.66039999999999999     
   191.00000000000000       0.46773737395400805        0.0000000000000000        2.0000000000000000E-003   3.0400000000000000E-002  0.30719999999999997       0.66039999999999999     
   192.00000000000000       0.46627597648227842        0.0000000000000000        1.8000000000000000E-003   3.0400000000000000E-002  0.30740000000000001       0.66039999999999999     
   193.00000000000000       0.46146461609179279        0.0000000000000000        1.8000000000000000E-003   3.0200000000000001E-002  0.30740000000000001       0.66059999999999997     
   194.00000000000000       0.45504758632004499        0.0000000000000000        1.8000000000000000E-003   2.9399999999999999E-002  0.30800000000000000       0.66080000000000005     
   195.00000000000000       0.44568274755742582        4.0000000000000002E-004   1.4000000000000000E-003   2.9399999999999999E-002  0.30800000000000000       0.66080000000000005     
   196.00000000000000       0.43469576265567800        4.0000000000000002E-004   1.4000000000000000E-003   2.9399999999999999E-002  0.30800000000000000       0.66080000000000005     
   197.00000000000000       0.42175423120251399        4.0000000000000002E-004   1.4000000000000000E-003   2.9399999999999999E-002  0.30759999999999998       0.66120000000000001     
   198.00000000000000       0.40680126038324405        4.0000000000000002E-004   1.8000000000000000E-003   2.8799999999999999E-002  0.30780000000000002       0.66120000000000001     
   199.00000000000000       0.39056082398134928        4.0000000000000002E-004   1.8000000000000000E-003   2.8799999999999999E-002  0.30759999999999998       0.66139999999999999     
   200.00000000000000       0.37337291722563504        4.0000000000000002E-004   1.8000000000000000E-003   2.8799999999999999E-002  0.30719999999999997       0.66180000000000005     
   201.00000000000000       0.35106125942815886        4.0000000000000002E-004   1.8000000000000000E-003   2.8799999999999999E-002  0.30719999999999997       0.66180000000000005     
   202.00000000000000       0.33357073755696848        4.0000000000000002E-004   1.8000000000000000E-003   2.8799999999999999E-002  0.30719999999999997       0.66180000000000005     
   203.00000000000000       0.31963567462659154        4.0000000000000002E-004   1.8000000000000000E-003   2.8799999999999999E-002  0.30719999999999997       0.66180000000000005     
   204.00000000000000       0.28845578471889910        5.9999999999999995E-004   1.6000000000000001E-003   2.8799999999999999E-002  0.30559999999999998       0.66339999999999999     
   205.00000000000000       0.26311351651249026        5.9999999999999995E-004   1.6000000000000001E-003   2.7400000000000001E-002  0.30659999999999998       0.66379999999999995     
   206.00000000000000       0.24465676694703836        5.9999999999999995E-004   1.6000000000000001E-003   2.6400000000000000E-002  0.30659999999999998       0.66479999999999995     
   207.00000000000000       0.22479180807304913        0.0000000000000000        2.2000000000000001E-003   2.6400000000000000E-002  0.30659999999999998       0.66479999999999995     
   208.00000000000000       0.20222673537375543        0.0000000000000000        2.2000000000000001E-003   2.6400000000000000E-002  0.30659999999999998       0.66479999999999995     
   209.00000000000000       0.17775886698057261        0.0000000000000000        2.2000000000000001E-003   2.6400000000000000E-002  0.30659999999999998       0.66479999999999995     
   210.00000000000000       0.15180074262196425        0.0000000000000000        2.2000000000000001E-003   2.6200000000000001E-002  0.30659999999999998       0.66500000000000004     
   211.00000000000000       0.12499466457352870        0.0000000000000000        2.2000000000000001E-003   2.6200000000000001E-002  0.30659999999999998       0.66500000000000004     
   212.00000000000000        9.8484280036963176E-002   0.0000000000000000        2.2000000000000001E-003   2.5999999999999999E-002  0.30659999999999998       0.66520000000000001     
   213.00000000000000        7.3033038089977256E-002   0.0000000000000000        2.0000000000000000E-003   2.0799999999999999E-002  0.31159999999999999       0.66559999999999997     
   214.00000000000000        5.9322895661093403E-002   0.0000000000000000        2.0000000000000000E-003   2.0799999999999999E-002  0.31080000000000002       0.66639999999999999     
   215.00000000000000        5.0576756495375373E-002   0.0000000000000000        2.0000000000000000E-003   2.0799999999999999E-002  0.31240000000000001       0.66479999999999995     
   216.00000000000000        4.6257548143052364E-002   0.0000000000000000        2.0000000000000000E-003   2.0799999999999999E-002  0.30959999999999999       0.66759999999999997     
