#        BMIN =   404
#        BMAX =   408
#     INIBAND =   406
#      NBANDS =   540
#         NSW =  2000
#       POTIM =   1.0
#        TEMP = 300.0
#    NAMDTINI =   444
#    NAMDTIME =  1000
#       NTRAJ =  5000
#        NELM =  1000
#       LHOLE =     T
#        LSHP =     T
#      LCPTXT =     T
#      RUNDIR = ../../run/
   1.0000000000000000       0.11367928229330548        0.0000000000000000        0.0000000000000000        1.0000000000000000        0.0000000000000000        0.0000000000000000     
   2.0000000000000000       0.10299943385273266        0.0000000000000000        0.0000000000000000        1.0000000000000000        0.0000000000000000        0.0000000000000000     
   3.0000000000000000        9.5050086430056052E-002   0.0000000000000000        0.0000000000000000       0.98919999999999997        1.0200000000000001E-002   5.9999999999999995E-004
   4.0000000000000000        8.3524308238572528E-002   0.0000000000000000        0.0000000000000000       0.99019999999999997        8.9999999999999993E-003   8.0000000000000004E-004
   5.0000000000000000        7.1320191630050267E-002   0.0000000000000000        0.0000000000000000       0.98380000000000001        1.4000000000000000E-002   2.2000000000000001E-003
   6.0000000000000000        5.4317719037346716E-002   0.0000000000000000        0.0000000000000000       0.98399999999999999        1.3400000000000000E-002   2.5999999999999999E-003
   7.0000000000000000        3.5378153445829195E-002   0.0000000000000000        0.0000000000000000       0.97940000000000005        1.6799999999999999E-002   3.8000000000000000E-003
   8.0000000000000000        1.5026784168716528E-002   0.0000000000000000        0.0000000000000000       0.97760000000000002        1.6799999999999999E-002   5.5999999999999999E-003
   9.0000000000000000       -6.9748093491709380E-003   0.0000000000000000        0.0000000000000000       0.97780000000000000        1.6600000000000000E-002   5.5999999999999999E-003
   10.000000000000000       -2.9062056412065052E-002   0.0000000000000000        0.0000000000000000       0.97760000000000002        1.6600000000000000E-002   5.7999999999999996E-003
   11.000000000000000       -5.0667854436341760E-002   0.0000000000000000        0.0000000000000000       0.97760000000000002        1.6600000000000000E-002   5.7999999999999996E-003
   12.000000000000000       -7.0703133494118414E-002   0.0000000000000000        4.5999999999999999E-003  0.97299999999999998        1.6600000000000000E-002   5.7999999999999996E-003
   13.000000000000000       -8.4590168657235065E-002   0.0000000000000000        1.8800000000000001E-002  0.95860000000000001        1.6799999999999999E-002   5.7999999999999996E-003
   14.000000000000000       -8.6398686791197207E-002   0.0000000000000000        1.0999999999999999E-002  0.96579999999999999        1.6799999999999999E-002   6.4000000000000003E-003
   15.000000000000000       -8.3300108520054400E-002   0.0000000000000000        6.1999999999999998E-003  0.97060000000000002        1.6199999999999999E-002   7.0000000000000001E-003
   16.000000000000000       -7.8314370604604389E-002   0.0000000000000000        4.5999999999999999E-003  0.97160000000000002        1.6799999999999999E-002   7.0000000000000001E-003
   17.000000000000000       -7.2202782947750038E-002   0.0000000000000000        4.5999999999999999E-003  0.97119999999999995        1.6799999999999999E-002   7.4000000000000003E-003
   18.000000000000000       -6.5433762105286411E-002   0.0000000000000000        4.5999999999999999E-003  0.97099999999999997        1.6799999999999999E-002   7.6000000000000000E-003
   19.000000000000000       -5.7721309510772152E-002   0.0000000000000000        4.4000000000000003E-003  0.97080000000000000        1.7200000000000000E-002   7.6000000000000000E-003
   20.000000000000000       -4.9607755108492822E-002   0.0000000000000000        4.4000000000000003E-003  0.97019999999999995        1.7200000000000000E-002   8.2000000000000007E-003
   21.000000000000000       -4.0735240371451313E-002   0.0000000000000000        4.4000000000000003E-003  0.97019999999999995        1.7200000000000000E-002   8.2000000000000007E-003
   22.000000000000000       -3.1652873420540462E-002   0.0000000000000000        4.0000000000000001E-003  0.97060000000000002        1.7200000000000000E-002   8.2000000000000007E-003
   23.000000000000000       -2.1108681460341068E-002   0.0000000000000000        4.0000000000000001E-003  0.97060000000000002        1.6799999999999999E-002   8.6000000000000000E-003
   24.000000000000000       -1.0242095170708050E-002   0.0000000000000000        4.0000000000000001E-003  0.97060000000000002        1.6799999999999999E-002   8.6000000000000000E-003
   25.000000000000000        3.6802525675692817E-003   0.0000000000000000        3.8000000000000000E-003  0.97080000000000000        1.6600000000000000E-002   8.8000000000000005E-003
   26.000000000000000        2.3986475126876419E-002   0.0000000000000000        4.1999999999999997E-003  0.96919999999999995        1.7800000000000000E-002   8.8000000000000005E-003
   27.000000000000000        4.9330158859775854E-002   0.0000000000000000        5.7999999999999996E-003  0.96499999999999997        1.9800000000000002E-002   9.4000000000000004E-003
   28.000000000000000        7.5944976730015892E-002   0.0000000000000000        5.7999999999999996E-003  0.96499999999999997        1.9800000000000002E-002   9.4000000000000004E-003
   29.000000000000000       0.10212510167702890        0.0000000000000000        6.0000000000000001E-003  0.96220000000000006        2.1000000000000001E-002   1.0800000000000001E-002
   30.000000000000000       0.12633001920454801        0.0000000000000000        5.7999999999999996E-003  0.95640000000000003        2.5800000000000000E-002   1.2000000000000000E-002
   31.000000000000000       0.14558208202310088        0.0000000000000000        5.7999999999999996E-003  0.95579999999999998        2.5600000000000001E-002   1.2800000000000001E-002
   32.000000000000000       0.16075033998197669        0.0000000000000000        5.7999999999999996E-003  0.95579999999999998        2.5600000000000001E-002   1.2800000000000001E-002
   33.000000000000000       0.17093814871566637        0.0000000000000000        5.7999999999999996E-003  0.95499999999999996        2.5999999999999999E-002   1.3200000000000000E-002
   34.000000000000000       0.17650199729094412        0.0000000000000000        5.7999999999999996E-003  0.95499999999999996        2.5999999999999999E-002   1.3200000000000000E-002
   35.000000000000000       0.18015955208073045        0.0000000000000000        5.7999999999999996E-003  0.95079999999999998        2.5800000000000000E-002   1.7600000000000001E-002
   36.000000000000000       0.17676661957794035        0.0000000000000000        5.7999999999999996E-003  0.94979999999999998        2.6599999999999999E-002   1.7800000000000000E-002
   37.000000000000000       0.17098929255461906        0.0000000000000000        5.7999999999999996E-003  0.94040000000000001        2.6599999999999999E-002   2.7199999999999998E-002
   38.000000000000000       0.15865436188943724        0.0000000000000000        5.7999999999999996E-003  0.94020000000000004        2.6800000000000001E-002   2.7199999999999998E-002
   39.000000000000000       0.14215351860626479        0.0000000000000000        5.7999999999999996E-003  0.93959999999999999        2.3800000000000002E-002   3.0800000000000001E-002
   40.000000000000000       0.12175949198782736        0.0000000000000000        5.7999999999999996E-003  0.93959999999999999        2.3800000000000002E-002   3.0800000000000001E-002
   41.000000000000000        9.8912257915302115E-002   0.0000000000000000        5.7999999999999996E-003  0.93959999999999999        2.3800000000000002E-002   3.0800000000000001E-002
   42.000000000000000        7.4426799571261221E-002   0.0000000000000000        5.7999999999999996E-003  0.93759999999999999        2.2200000000000001E-002   3.4400000000000000E-002
   43.000000000000000        4.6193516147237310E-002   0.0000000000000000        5.7999999999999996E-003  0.93640000000000001        2.2599999999999999E-002   3.5200000000000002E-002
   44.000000000000000        2.1867457685645429E-002   1.4000000000000000E-003   4.4000000000000003E-003  0.93600000000000005        2.2599999999999999E-002   3.5600000000000000E-002
   45.000000000000000       -3.4856990571642266E-003   1.4000000000000000E-003   3.2000000000000002E-003  0.93600000000000005        2.3800000000000002E-002   3.5600000000000000E-002
   46.000000000000000       -2.7073125195963121E-002   1.4000000000000000E-003   3.2000000000000002E-003  0.93600000000000005        2.2800000000000001E-002   3.6600000000000001E-002
   47.000000000000000       -4.8002973732233473E-002   1.4000000000000000E-003   4.1999999999999997E-003  0.93500000000000005        2.2800000000000001E-002   3.6600000000000001E-002
   48.000000000000000       -6.3785967080171840E-002   1.4000000000000000E-003   4.5999999999999999E-003  0.93459999999999999        2.1999999999999999E-002   3.7400000000000003E-002
   49.000000000000000       -7.4585915654818299E-002   1.4000000000000000E-003   4.5999999999999999E-003  0.93359999999999999        2.1999999999999999E-002   3.8399999999999997E-002
   50.000000000000000       -7.9748520205025375E-002   1.4000000000000000E-003   0.0000000000000000       0.93779999999999997        2.2400000000000000E-002   3.8399999999999997E-002
   51.000000000000000       -7.9407792422248602E-002   1.4000000000000000E-003   0.0000000000000000       0.93740000000000001        2.2200000000000001E-002   3.9000000000000000E-002
   52.000000000000000       -7.5794136114849156E-002   1.4000000000000000E-003   0.0000000000000000       0.93740000000000001        2.2200000000000001E-002   3.9000000000000000E-002
   53.000000000000000       -6.8752732069917361E-002   1.4000000000000000E-003   0.0000000000000000       0.93720000000000003        2.2200000000000001E-002   3.9199999999999999E-002
   54.000000000000000       -5.8792162878532783E-002   1.4000000000000000E-003   0.0000000000000000       0.93679999999999997        2.2200000000000001E-002   3.9600000000000003E-002
   55.000000000000000       -4.7839524404726774E-002   1.4000000000000000E-003   0.0000000000000000       0.93600000000000005        2.3000000000000000E-002   3.9600000000000003E-002
   56.000000000000000       -3.4222368880633167E-002   1.4000000000000000E-003   0.0000000000000000       0.93400000000000005        2.1399999999999999E-002   4.3200000000000002E-002
   57.000000000000000       -1.8149043160497178E-002   1.4000000000000000E-003   0.0000000000000000       0.93120000000000003        2.2599999999999999E-002   4.4800000000000000E-002
   58.000000000000000       -2.8733199093088739E-003   1.4000000000000000E-003   0.0000000000000000       0.92900000000000005        2.3800000000000002E-002   4.5800000000000000E-002
   59.000000000000000        1.3778428993080917E-002   1.6000000000000001E-003   0.0000000000000000       0.92879999999999996        1.9800000000000002E-002   4.9799999999999997E-002
   60.000000000000000        3.0448422888512093E-002   1.6000000000000001E-003   0.0000000000000000       0.92879999999999996        1.9800000000000002E-002   4.9799999999999997E-002
   61.000000000000000        4.8181664552767081E-002   1.6000000000000001E-003   0.0000000000000000       0.92879999999999996        2.0000000000000000E-002   4.9599999999999998E-002
   62.000000000000000        6.6588921492937908E-002   1.6000000000000001E-003   0.0000000000000000       0.92879999999999996        1.9199999999999998E-002   5.0400000000000000E-002
   63.000000000000000        8.7492737324060224E-002   1.6000000000000001E-003   0.0000000000000000       0.92679999999999996        1.9199999999999998E-002   5.2400000000000002E-002
   64.000000000000000       0.10734440821766220        1.6000000000000001E-003   0.0000000000000000       0.92520000000000002        1.9599999999999999E-002   5.3600000000000002E-002
   65.000000000000000       0.12762921197304855        1.8000000000000000E-003   0.0000000000000000       0.92059999999999997        1.4999999999999999E-002   6.2600000000000003E-002
   66.000000000000000       0.14876078416204633        1.8000000000000000E-003   0.0000000000000000       0.91420000000000001        1.4999999999999999E-002   6.9000000000000006E-002
   67.000000000000000       0.17102056812045269        1.8000000000000000E-003   0.0000000000000000       0.90759999999999996        1.2000000000000000E-002   7.8600000000000003E-002
   68.000000000000000       0.18823210456976230        1.8000000000000000E-003   0.0000000000000000       0.90659999999999996        4.0000000000000002E-004   9.1200000000000003E-002
   69.000000000000000       0.20393238863455759        1.8000000000000000E-003   0.0000000000000000       0.90520000000000000        1.4000000000000000E-003   9.1600000000000001E-002
   70.000000000000000       0.21769077111763876        1.8000000000000000E-003   0.0000000000000000       0.90259999999999996        1.4000000000000000E-003   9.4200000000000006E-002
   71.000000000000000       0.22846847381075588        1.8000000000000000E-003   0.0000000000000000       0.90200000000000002        2.0000000000000000E-003   9.4200000000000006E-002
   72.000000000000000       0.23698323911496386        1.8000000000000000E-003   0.0000000000000000       0.90200000000000002        2.0000000000000000E-003   9.4200000000000006E-002
   73.000000000000000       0.24465210980727309        1.8000000000000000E-003   0.0000000000000000       0.89759999999999995        1.6000000000000001E-003   9.9000000000000005E-002
   74.000000000000000       0.24910312651955790        1.8000000000000000E-003   0.0000000000000000       0.89620000000000000        2.3999999999999998E-003   9.9599999999999994E-002
   75.000000000000000       0.25249002856896763        1.8000000000000000E-003   0.0000000000000000       0.89339999999999997        2.3999999999999998E-003  0.10240000000000000     
   76.000000000000000       0.25363286884360731        1.8000000000000000E-003   0.0000000000000000       0.89339999999999997        2.3999999999999998E-003  0.10240000000000000     
   77.000000000000000       0.25499907603247696        1.8000000000000000E-003   8.0000000000000004E-004  0.89200000000000002        2.3999999999999998E-003  0.10299999999999999     
   78.000000000000000       0.25956434625107982        1.6000000000000001E-003   0.0000000000000000       0.89280000000000004        2.3999999999999998E-003  0.10320000000000000     
   79.000000000000000       0.27052267813442332        1.6000000000000001E-003   0.0000000000000000       0.89059999999999995        3.2000000000000002E-003  0.10460000000000000     
   80.000000000000000       0.28414286077680911        1.6000000000000001E-003   0.0000000000000000       0.88859999999999995        3.8000000000000000E-003  0.10600000000000000     
   81.000000000000000       0.29753025682901602        1.6000000000000001E-003   0.0000000000000000       0.88859999999999995        3.8000000000000000E-003  0.10600000000000000     
   82.000000000000000       0.30983431649499144        1.6000000000000001E-003   0.0000000000000000       0.88700000000000001        3.8000000000000000E-003  0.10760000000000000     
   83.000000000000000       0.31837228845244397        1.6000000000000001E-003   0.0000000000000000       0.88700000000000001        3.8000000000000000E-003  0.10760000000000000     
   84.000000000000000       0.32399610479352031        1.6000000000000001E-003   0.0000000000000000       0.88580000000000003        3.8000000000000000E-003  0.10879999999999999     
   85.000000000000000       0.32545933987019626        1.6000000000000001E-003   0.0000000000000000       0.88580000000000003        3.8000000000000000E-003  0.10879999999999999     
   86.000000000000000       0.32408077888832487        1.6000000000000001E-003   0.0000000000000000       0.88380000000000003        5.0000000000000001E-003  0.10960000000000000     
   87.000000000000000       0.31632831133280864        1.6000000000000001E-003   0.0000000000000000       0.88060000000000005        8.2000000000000007E-003  0.10960000000000000     
   88.000000000000000       0.30656336503842668        1.6000000000000001E-003   0.0000000000000000       0.88080000000000003        8.0000000000000002E-003  0.10960000000000000     
   89.000000000000000       0.29377424717464723        1.6000000000000001E-003   0.0000000000000000       0.88019999999999998        8.6000000000000000E-003  0.10960000000000000     
   90.000000000000000       0.27907177440242414        1.6000000000000001E-003   0.0000000000000000       0.88019999999999998        8.6000000000000000E-003  0.10960000000000000     
   91.000000000000000       0.26248707508922275        1.6000000000000001E-003   0.0000000000000000       0.87980000000000003        8.8000000000000005E-003  0.10979999999999999     
   92.000000000000000       0.24413793885701407        1.6000000000000001E-003   0.0000000000000000       0.87800000000000000        8.8000000000000005E-003  0.11160000000000000     
   93.000000000000000       0.22395962706077893        1.6000000000000001E-003   0.0000000000000000       0.87780000000000002        8.8000000000000005E-003  0.11180000000000000     
   94.000000000000000       0.19677445720170128        1.6000000000000001E-003  0.12740000000000001       0.74939999999999996        8.8000000000000005E-003  0.11280000000000000     
   95.000000000000000       0.18496197301367748        1.4000000000000000E-003  0.12700000000000000       0.74939999999999996        8.9999999999999993E-003  0.11320000000000000     
   96.000000000000000       0.19740196783223179        1.4000000000000000E-003  0.12700000000000000       0.74939999999999996        8.9999999999999993E-003  0.11320000000000000     
   97.000000000000000       0.20457544142147421        1.4000000000000000E-003  0.12700000000000000       0.74939999999999996        8.8000000000000005E-003  0.11340000000000000     
   98.000000000000000       0.20570192855726993        1.4000000000000000E-003  0.12700000000000000       0.74939999999999996        8.8000000000000005E-003  0.11340000000000000     
   99.000000000000000       0.20087701009499709        1.4000000000000000E-003  0.12640000000000001       0.74939999999999996        9.4000000000000004E-003  0.11340000000000000     
   100.00000000000000       0.18894947685872907        1.4000000000000000E-003  0.12620000000000001       0.74939999999999996        5.5999999999999999E-003  0.11740000000000000     
   101.00000000000000       0.17079057234087985        1.4000000000000000E-003  0.12580000000000000       0.74939999999999996        8.6000000000000000E-003  0.11480000000000000     
   102.00000000000000       0.14733084149214126        1.4000000000000000E-003  0.12559999999999999       0.74939999999999996        1.1400000000000000E-002  0.11219999999999999     
   103.00000000000000       0.12048683796985213        1.4000000000000000E-003  0.12559999999999999       0.74939999999999996        7.4000000000000003E-003  0.11620000000000000     
   104.00000000000000        8.8665250539864515E-002   1.4000000000000000E-003  0.12559999999999999       0.74939999999999996        7.4000000000000003E-003  0.11620000000000000     
   105.00000000000000        5.1782039394375368E-002   1.4000000000000000E-003  0.12559999999999999       0.74939999999999996        6.7999999999999996E-003  0.11680000000000000     
   106.00000000000000        1.3020076740915532E-002   1.4000000000000000E-003  0.12559999999999999       0.74939999999999996        6.6000000000000000E-003  0.11700000000000001     
   107.00000000000000       -2.8000151236248515E-002   1.4000000000000000E-003  0.12559999999999999       0.74939999999999996        6.6000000000000000E-003  0.11700000000000001     
   108.00000000000000       -6.8064362270531836E-002   1.1999999999999999E-003   0.0000000000000000       0.87519999999999998        6.6000000000000000E-003  0.11700000000000001     
   109.00000000000000       -8.9165063355416407E-002   2.5999999999999999E-003   1.6000000000000001E-003  0.87219999999999998        6.6000000000000000E-003  0.11700000000000001     
   110.00000000000000       -9.9421908169521983E-002   2.5999999999999999E-003  0.13400000000000001       0.73660000000000003        8.0000000000000002E-003  0.11880000000000000     
   111.00000000000000       -9.5930969926750931E-002   2.5999999999999999E-003  0.11280000000000000       0.75760000000000005        8.0000000000000002E-003  0.11899999999999999     
   112.00000000000000       -8.5298688135742026E-002   3.2000000000000002E-003  0.11280000000000000       0.75680000000000003        8.0000000000000002E-003  0.11920000000000000     
   113.00000000000000       -7.2724197077826680E-002   2.8000000000000000E-003  0.11320000000000000       0.75580000000000003        8.2000000000000007E-003  0.12000000000000000     
   114.00000000000000       -5.9938301534027738E-002   2.8000000000000000E-003  0.11360000000000001       0.75539999999999996        8.2000000000000007E-003  0.12000000000000000     
   115.00000000000000       -4.9966205004434695E-002   2.8000000000000000E-003  0.11040000000000000       0.75360000000000005        1.2600000000000000E-002  0.12060000000000000     
   116.00000000000000       -3.3016011182997879E-002   3.0000000000000001E-003  0.10920000000000001       0.75300000000000000        1.4000000000000000E-002  0.12080000000000000     
   117.00000000000000       -1.7617843106859973E-002   3.0000000000000001E-003  0.10900000000000000       0.74839999999999995        1.7200000000000000E-002  0.12239999999999999     
   118.00000000000000       -6.4864412154195181E-003   2.8000000000000000E-003  0.10780000000000001       0.74399999999999999        2.2800000000000001E-002  0.12260000000000000     
   119.00000000000000        3.6567343030436059E-003   2.8000000000000000E-003  0.10740000000000000       0.73939999999999995        2.7799999999999998E-002  0.12260000000000000     
   120.00000000000000        1.3233073546587541E-002   2.8000000000000000E-003  0.10660000000000000       0.73839999999999995        2.8600000000000000E-002  0.12360000000000000     
   121.00000000000000        2.2053936399131609E-002   2.3999999999999998E-003  0.10639999999999999       0.73380000000000001        3.0200000000000001E-002  0.12720000000000001     
   122.00000000000000        2.7496627474137038E-002   2.3999999999999998E-003  0.10639999999999999       0.72940000000000005        3.4599999999999999E-002  0.12720000000000001     
   123.00000000000000        3.1111335600721102E-002   2.3999999999999998E-003  0.10639999999999999       0.72860000000000003        3.4200000000000001E-002  0.12839999999999999     
   124.00000000000000        3.2300020532444754E-002   3.3999999999999998E-003  0.10500000000000000       0.72880000000000000        3.4200000000000001E-002  0.12859999999999999     
   125.00000000000000        3.5508441939150356E-002   3.3999999999999998E-003  0.10500000000000000       0.72880000000000000        3.4200000000000001E-002  0.12859999999999999     
   126.00000000000000        3.8973081970672473E-002   3.3999999999999998E-003  0.10500000000000000       0.72540000000000004        3.4799999999999998E-002  0.13139999999999999     
   127.00000000000000        3.9606232261926486E-002   3.3999999999999998E-003  0.10500000000000000       0.72540000000000004        3.4799999999999998E-002  0.13139999999999999     
   128.00000000000000        4.0182905515850360E-002   3.3999999999999998E-003   7.5200000000000003E-002  0.75239999999999996        3.5200000000000002E-002  0.13380000000000000     
   129.00000000000000        5.1550290785746314E-002   3.3999999999999998E-003   7.5200000000000003E-002  0.75239999999999996        3.5200000000000002E-002  0.13380000000000000     
   130.00000000000000        7.6601678242566140E-002   3.3999999999999998E-003   7.5200000000000003E-002  0.75239999999999996        3.5200000000000002E-002  0.13380000000000000     
   131.00000000000000        9.6861660084278461E-002   3.3999999999999998E-003   7.5200000000000003E-002  0.75239999999999996        3.5200000000000002E-002  0.13380000000000000     
   132.00000000000000       0.11276351366877654        3.3999999999999998E-003   7.5200000000000003E-002  0.75239999999999996        3.5200000000000002E-002  0.13380000000000000     
   133.00000000000000       0.12312825481514819        3.3999999999999998E-003   7.4999999999999997E-002  0.75239999999999996        3.2800000000000003E-002  0.13639999999999999     
   134.00000000000000       0.12787450413409537        2.2000000000000001E-003   7.5800000000000006E-002  0.75239999999999996        3.3200000000000000E-002  0.13639999999999999     
   135.00000000000000       0.12748482210626835        2.2000000000000001E-003   7.5399999999999995E-002  0.75280000000000002        2.9999999999999999E-002  0.13960000000000000     
   136.00000000000000       0.12186824590059719        2.2000000000000001E-003   7.3999999999999996E-002  0.75419999999999998        3.0200000000000001E-002  0.13940000000000000     
   137.00000000000000       0.11022648900138608        2.2000000000000001E-003   7.3800000000000004E-002  0.75439999999999996        2.8600000000000000E-002  0.14099999999999999     
   138.00000000000000        9.2989502167654170E-002   2.2000000000000001E-003   7.3800000000000004E-002  0.75439999999999996        2.9000000000000001E-002  0.14060000000000000     
   139.00000000000000        7.0966145603122865E-002   1.0000000000000000E-002   6.5799999999999997E-002  0.75460000000000005        2.9000000000000001E-002  0.14060000000000000     
   140.00000000000000        4.4886897215763728E-002   9.5999999999999992E-003   6.6199999999999995E-002  0.75460000000000005        2.9000000000000001E-002  0.14060000000000000     
   141.00000000000000        1.6546973209500791E-002   6.7000000000000004E-002   8.8000000000000005E-003  0.75460000000000005        2.9000000000000001E-002  0.14060000000000000     
   142.00000000000000       -1.4805446146435100E-002   6.6799999999999998E-002   4.8800000000000003E-002  0.71479999999999999        2.9000000000000001E-002  0.14060000000000000     
   143.00000000000000       -2.6859403508733573E-002   6.9400000000000003E-002   4.7800000000000002E-002  0.71319999999999995        2.9000000000000001E-002  0.14060000000000000     
   144.00000000000000       -1.2048970034788373E-002   6.9400000000000003E-002   4.4999999999999998E-002  0.71579999999999999        2.8600000000000000E-002  0.14119999999999999     
   145.00000000000000        4.3541741149763225E-003   6.5400000000000000E-002   4.7399999999999998E-002  0.71640000000000004        2.8400000000000002E-002  0.14240000000000000     
   146.00000000000000        2.4884872209055192E-002   6.5400000000000000E-002   4.7399999999999998E-002  0.71240000000000003        2.8400000000000002E-002  0.14640000000000000     
   147.00000000000000        4.6963105678046554E-002   6.4799999999999996E-002   4.7600000000000003E-002  0.71079999999999999        2.9000000000000001E-002  0.14779999999999999     
   148.00000000000000        6.8793157347785308E-002   6.2799999999999995E-002   4.8599999999999997E-002  0.71160000000000001        2.9200000000000000E-002  0.14779999999999999     
   149.00000000000000        9.1418834216490691E-002   6.2600000000000003E-002   4.8599999999999997E-002  0.70899999999999996        3.1800000000000002E-002  0.14799999999999999     
   150.00000000000000       0.11453149361990350        5.9600000000000000E-002   4.8000000000000001E-002  0.71179999999999999        3.2000000000000001E-002  0.14860000000000001     
   151.00000000000000       0.13668817514381998        5.9400000000000001E-002   4.8000000000000001E-002  0.71199999999999997        3.2000000000000001E-002  0.14860000000000001     
   152.00000000000000       0.15926598060021641        5.9400000000000001E-002   4.7600000000000003E-002  0.70740000000000003        3.2000000000000001E-002  0.15359999999999999     
   153.00000000000000       0.18040634174885406        5.7400000000000000E-002   4.7399999999999998E-002  0.70920000000000005        3.2399999999999998E-002  0.15359999999999999     
   154.00000000000000       0.20263910486840961        5.3600000000000002E-002   5.1200000000000002E-002  0.70379999999999998        3.2399999999999998E-002  0.15900000000000000     
   155.00000000000000       0.22247595162548139        5.2400000000000002E-002   5.2400000000000002E-002  0.70179999999999998        3.2399999999999998E-002  0.16100000000000000     
   156.00000000000000       0.24039556076620794        5.1799999999999999E-002   5.2200000000000003E-002  0.70260000000000000        3.2399999999999998E-002  0.16100000000000000     
   157.00000000000000       0.25683411021700198        5.1600000000000000E-002   5.2400000000000002E-002  0.70260000000000000        3.2399999999999998E-002  0.16100000000000000     
   158.00000000000000       0.27249853511594990        5.1600000000000000E-002   5.0999999999999997E-002  0.70299999999999996        3.2199999999999999E-002  0.16220000000000001     
   159.00000000000000       0.28714373210458555        4.9399999999999999E-002   4.9599999999999998E-002  0.70579999999999998        3.2199999999999999E-002  0.16300000000000001     
   160.00000000000000       0.30043681985593029        4.1200000000000001E-002   5.5199999999999999E-002  0.70640000000000003        3.3200000000000000E-002  0.16400000000000001     
   161.00000000000000       0.31171994997875785        4.0000000000000001E-002   5.5199999999999999E-002  0.70540000000000003        3.4200000000000001E-002  0.16520000000000001     
   162.00000000000000       0.32043679142459885        3.9800000000000002E-002   5.5000000000000000E-002  0.70420000000000005        3.5600000000000000E-002  0.16539999999999999     
   163.00000000000000       0.32735142474502521        3.5799999999999998E-002   5.8799999999999998E-002  0.70379999999999998        3.5799999999999998E-002  0.16580000000000000     
   164.00000000000000       0.33259357355737390        3.5200000000000002E-002   5.9200000000000003E-002  0.70399999999999996        3.5600000000000000E-002  0.16600000000000001     
   165.00000000000000       0.33685132484361052        3.2599999999999997E-002   6.0199999999999997E-002  0.70220000000000005        3.7600000000000001E-002  0.16739999999999999     
   166.00000000000000       0.33823160070181929        3.2599999999999997E-002   6.0199999999999997E-002  0.70120000000000005        3.8600000000000002E-002  0.16739999999999999     
   167.00000000000000       0.33845342171046588        3.2599999999999997E-002   5.9999999999999998E-002  0.69899999999999995        3.8800000000000001E-002  0.16960000000000000     
   168.00000000000000       0.33621919303999259        3.2599999999999997E-002   5.9999999999999998E-002  0.69560000000000000        3.9800000000000002E-002  0.17199999999999999     
   169.00000000000000       0.33157946669365018        3.2599999999999997E-002   5.9799999999999999E-002  0.69440000000000002        4.1200000000000001E-002  0.17199999999999999     
   170.00000000000000       0.32487544149314651        3.2599999999999997E-002   5.7000000000000002E-002  0.69720000000000004        4.1200000000000001E-002  0.17199999999999999     
   171.00000000000000       0.31579159082316111        3.2800000000000003E-002   5.6000000000000001E-002  0.69799999999999995        4.1200000000000001E-002  0.17199999999999999     
   172.00000000000000       0.30575235976555870        3.2599999999999997E-002   5.2999999999999999E-002  0.70120000000000005        4.1200000000000001E-002  0.17199999999999999     
   173.00000000000000       0.29331348564378773        3.1800000000000002E-002   5.3199999999999997E-002  0.70179999999999998        4.1200000000000001E-002  0.17199999999999999     
   174.00000000000000       0.28095598086127227        2.9999999999999999E-002   5.4399999999999997E-002  0.69540000000000002        4.2000000000000003E-002  0.17820000000000000     
   175.00000000000000       0.26776206215846060        2.5999999999999999E-002   5.8200000000000002E-002  0.68999999999999995        4.2000000000000003E-002  0.18379999999999999     
   176.00000000000000       0.25096486393225326        2.5800000000000000E-002   5.8799999999999998E-002  0.68920000000000003        4.2000000000000003E-002  0.18420000000000000     
   177.00000000000000       0.23467012316868119        1.9800000000000002E-002   6.2799999999999995E-002  0.68840000000000001        4.3400000000000001E-002  0.18559999999999999     
   178.00000000000000       0.21652225844938236        1.6799999999999999E-002   6.5000000000000002E-002  0.68840000000000001        4.3200000000000002E-002  0.18659999999999999     
   179.00000000000000       0.19882306256376400        1.4600000000000000E-002   5.6200000000000000E-002  0.69899999999999995        4.0000000000000001E-002  0.19020000000000001     
   180.00000000000000       0.18815182324874308        1.4200000000000001E-002   4.9799999999999997E-002  0.70499999999999996        3.9199999999999999E-002  0.19180000000000000     
   181.00000000000000       0.18457616340656996        1.4400000000000000E-002   5.0599999999999999E-002  0.70360000000000000        3.9600000000000003E-002  0.19180000000000000     
   182.00000000000000       0.18321809658591803        1.0400000000000000E-002   5.0799999999999998E-002  0.70520000000000005        4.2200000000000001E-002  0.19139999999999999     
   183.00000000000000       0.18087471365772551        1.0400000000000000E-002   5.0400000000000000E-002  0.70199999999999996        4.5800000000000000E-002  0.19139999999999999     
   184.00000000000000       0.17723797460942850        1.0400000000000000E-002   5.0200000000000002E-002  0.69660000000000000        4.5199999999999997E-002  0.19760000000000000     
   185.00000000000000       0.17004515012739713        1.0000000000000000E-002   4.9399999999999999E-002  0.69660000000000000        4.8200000000000000E-002  0.19580000000000000     
   186.00000000000000       0.16179344901929835        1.0000000000000000E-002   4.8200000000000000E-002  0.69059999999999999        5.8400000000000001E-002  0.19280000000000000     
   187.00000000000000       0.15213592911599627        1.0000000000000000E-002   4.7800000000000002E-002  0.68479999999999996        6.2600000000000003E-002  0.19480000000000000     
   188.00000000000000       0.14201197815530126        1.0200000000000001E-002   4.4400000000000002E-002  0.68159999999999998        6.5000000000000002E-002  0.19880000000000000     
   189.00000000000000       0.13112899762155644        2.0199999999999999E-002   3.4200000000000001E-002  0.67900000000000005        5.9200000000000003E-002  0.20740000000000000     
   190.00000000000000       0.12039676550730403        2.0000000000000000E-002   3.4200000000000001E-002  0.67879999999999996        5.9400000000000001E-002  0.20760000000000001     
   191.00000000000000       0.11073041525180224        1.9800000000000002E-002   2.7799999999999998E-002  0.68540000000000001        5.8400000000000001E-002  0.20860000000000001     
   192.00000000000000       0.10398087957834221        1.7200000000000000E-002   2.9999999999999999E-002  0.68540000000000001        5.8799999999999998E-002  0.20860000000000001     
   193.00000000000000       0.13524022907055458        1.7200000000000000E-002   2.9999999999999999E-002  0.68540000000000001        5.8799999999999998E-002  0.20860000000000001     
   194.00000000000000       0.16484661863740296        1.4600000000000000E-002   3.2599999999999997E-002  0.68540000000000001        5.8799999999999998E-002  0.20860000000000001     
   195.00000000000000       0.19186640292332477        1.3200000000000000E-002   3.3599999999999998E-002  0.68540000000000001        5.8599999999999999E-002  0.20920000000000000     
   196.00000000000000       0.21396567110210529        1.3200000000000000E-002   3.3599999999999998E-002  0.68540000000000001        5.8599999999999999E-002  0.20920000000000000     
   197.00000000000000       0.23342335407072154        1.2800000000000001E-002   3.2800000000000003E-002  0.68540000000000001        5.9200000000000003E-002  0.20979999999999999     
   198.00000000000000       0.24618652920952555        1.2800000000000001E-002   3.2800000000000003E-002  0.68540000000000001        5.9200000000000003E-002  0.20979999999999999     
   199.00000000000000       0.25352570926693274        1.2800000000000001E-002   3.2800000000000003E-002  0.68540000000000001        5.9200000000000003E-002  0.20979999999999999     
   200.00000000000000       0.25504347026464508        1.2800000000000001E-002   3.2800000000000003E-002  0.68540000000000001        5.8799999999999998E-002  0.21020000000000000     
   201.00000000000000       0.24945195065054457        1.2600000000000000E-002   3.2800000000000003E-002  0.68559999999999999        5.8799999999999998E-002  0.21020000000000000     
   202.00000000000000       0.23810785271602075        1.2200000000000001E-002   3.3200000000000000E-002  0.68559999999999999        5.8799999999999998E-002  0.21020000000000000     
   203.00000000000000       0.22053056678048777        1.2200000000000001E-002   3.3200000000000000E-002  0.68559999999999999        5.8799999999999998E-002  0.21020000000000000     
   204.00000000000000       0.19799850670237581        1.2200000000000001E-002   3.3000000000000002E-002  0.68559999999999999        5.8799999999999998E-002  0.21040000000000000     
   205.00000000000000       0.17048374241176212        1.2200000000000001E-002   3.2599999999999997E-002  0.68559999999999999        5.8799999999999998E-002  0.21079999999999999     
   206.00000000000000       0.13908345734344821        1.2200000000000001E-002   3.0200000000000001E-002  0.68620000000000003        6.0600000000000001E-002  0.21079999999999999     
   207.00000000000000       0.13129520403963230        1.2000000000000000E-002   3.0200000000000001E-002  0.68500000000000005        5.9200000000000003E-002  0.21360000000000001     
   208.00000000000000       0.13429074859805035        1.2400000000000000E-002   2.9600000000000001E-002  0.68279999999999996        5.6200000000000000E-002  0.21900000000000000     
   209.00000000000000       0.13472170270902173        1.2400000000000000E-002   2.9399999999999999E-002  0.68300000000000005        5.6200000000000000E-002  0.21900000000000000     
   210.00000000000000       0.13796839985433229        1.1599999999999999E-002   3.0400000000000000E-002  0.67840000000000000        5.0999999999999997E-002  0.22860000000000000     
   211.00000000000000       0.13891000273987153        9.7999999999999997E-003   3.3000000000000002E-002  0.67700000000000005        4.8399999999999999E-002  0.23180000000000001     
   212.00000000000000       0.14344322056168934        9.7999999999999997E-003   3.5799999999999998E-002  0.67320000000000002        5.0000000000000003E-002  0.23119999999999999     
   213.00000000000000       0.15745491984880458        9.7999999999999997E-003   1.2400000000000000E-002  0.69660000000000000        6.1800000000000001E-002  0.21940000000000001     
   214.00000000000000       0.18843191885731592        9.7999999999999997E-003   9.5999999999999992E-003  0.69599999999999995        6.6400000000000001E-002  0.21820000000000001     
   215.00000000000000       0.23251347193800409        9.1999999999999998E-003   9.7999999999999997E-003  0.66559999999999997        9.2999999999999999E-002  0.22239999999999999     
   216.00000000000000       0.26213866678309078        7.7999999999999996E-003   1.0600000000000000E-002  0.61099999999999999       0.14840000000000000       0.22220000000000001     
