#        BMIN =   404
#        BMAX =   408
#     INIBAND =   406
#      NBANDS =   540
#         NSW =  2000
#       POTIM =   1.0
#        TEMP = 300.0
#    NAMDTINI =   790
#    NAMDTIME =  1000
#       NTRAJ =  5000
#        NELM =  1000
#       LHOLE =     T
#        LSHP =     T
#      LCPTXT =     T
#      RUNDIR = ../../run/
   1.0000000000000000      -0.11746013492507712        0.0000000000000000        0.0000000000000000        1.0000000000000000        0.0000000000000000        0.0000000000000000     
   2.0000000000000000      -0.11339760248982611        0.0000000000000000        0.0000000000000000        1.0000000000000000        0.0000000000000000        0.0000000000000000     
   3.0000000000000000      -0.10939347836277358        0.0000000000000000        0.0000000000000000        1.0000000000000000        0.0000000000000000        0.0000000000000000     
   4.0000000000000000      -0.10501268270222630        0.0000000000000000        0.0000000000000000        1.0000000000000000        0.0000000000000000        0.0000000000000000     
   5.0000000000000000      -0.10083588377848311        0.0000000000000000        0.0000000000000000        1.0000000000000000        0.0000000000000000        0.0000000000000000     
   6.0000000000000000       -9.6410724435194245E-002   0.0000000000000000        0.0000000000000000        1.0000000000000000        0.0000000000000000        0.0000000000000000     
   7.0000000000000000       -9.1201288750051623E-002   0.0000000000000000        0.0000000000000000        1.0000000000000000        0.0000000000000000        0.0000000000000000     
   8.0000000000000000       -8.5753624059447878E-002   0.0000000000000000        0.0000000000000000       0.99980000000000002        0.0000000000000000        2.0000000000000001E-004
   9.0000000000000000       -8.0108097045783450E-002   0.0000000000000000        0.0000000000000000       0.99980000000000002        0.0000000000000000        2.0000000000000001E-004
   10.000000000000000       -7.4284865172096926E-002   0.0000000000000000        0.0000000000000000       0.99960000000000004        2.0000000000000001E-004   2.0000000000000001E-004
   11.000000000000000       -6.8124860581471158E-002   0.0000000000000000        0.0000000000000000       0.99939999999999996        4.0000000000000002E-004   2.0000000000000001E-004
   12.000000000000000       -6.2235841969068346E-002   0.0000000000000000        0.0000000000000000       0.99839999999999995        1.1999999999999999E-003   4.0000000000000002E-004
   13.000000000000000       -5.7206450754451917E-002   0.0000000000000000        0.0000000000000000       0.99819999999999998        1.4000000000000000E-003   4.0000000000000002E-004
   14.000000000000000       -5.2428640338858037E-002   0.0000000000000000        0.0000000000000000       0.99819999999999998        1.4000000000000000E-003   4.0000000000000002E-004
   15.000000000000000       -4.7657245534612536E-002   0.0000000000000000        0.0000000000000000       0.99819999999999998        1.4000000000000000E-003   4.0000000000000002E-004
   16.000000000000000       -4.2284515554492717E-002   0.0000000000000000        0.0000000000000000       0.99800000000000000        1.6000000000000001E-003   4.0000000000000002E-004
   17.000000000000000       -3.5905276051239624E-002   0.0000000000000000        0.0000000000000000       0.99800000000000000        1.6000000000000001E-003   4.0000000000000002E-004
   18.000000000000000       -2.3843446868965744E-002   0.0000000000000000        0.0000000000000000       0.99800000000000000        1.6000000000000001E-003   4.0000000000000002E-004
   19.000000000000000       -3.7423941149345294E-003   0.0000000000000000        0.0000000000000000       0.99800000000000000        1.6000000000000001E-003   4.0000000000000002E-004
   20.000000000000000        1.1537897099191591E-002   0.0000000000000000        0.0000000000000000       0.99800000000000000        1.6000000000000001E-003   4.0000000000000002E-004
   21.000000000000000        2.2015250372862137E-002   0.0000000000000000        0.0000000000000000       0.99800000000000000        1.6000000000000001E-003   4.0000000000000002E-004
   22.000000000000000        2.6370157797928694E-002   0.0000000000000000       0.11260000000000001       0.88539999999999996        1.6000000000000001E-003   4.0000000000000002E-004
   23.000000000000000        3.3931294898141146E-002   0.0000000000000000       0.11260000000000001       0.88539999999999996        1.6000000000000001E-003   4.0000000000000002E-004
   24.000000000000000        4.6190559393342073E-002   0.0000000000000000       0.11260000000000001       0.88539999999999996        1.6000000000000001E-003   4.0000000000000002E-004
   25.000000000000000        5.7405920825541995E-002   0.0000000000000000       0.11260000000000001       0.88480000000000003        2.0000000000000000E-003   5.9999999999999995E-004
   26.000000000000000        6.6825300391101863E-002   0.0000000000000000       0.11260000000000001       0.88480000000000003        2.0000000000000000E-003   5.9999999999999995E-004
   27.000000000000000        7.4274767514753481E-002   0.0000000000000000       0.11260000000000001       0.88480000000000003        2.0000000000000000E-003   5.9999999999999995E-004
   28.000000000000000        7.9648930403200327E-002   2.0000000000000001E-004  0.10960000000000000       0.88639999999999997        3.0000000000000001E-003   8.0000000000000004E-004
   29.000000000000000        8.2831593854622868E-002   2.0000000000000001E-004  0.10960000000000000       0.88500000000000001        4.4000000000000003E-003   8.0000000000000004E-004
   30.000000000000000        8.4850714363322283E-002   2.0000000000000001E-004  0.10900000000000000       0.88339999999999996        3.5999999999999999E-003   3.8000000000000000E-003
   31.000000000000000        8.2547795853880376E-002   2.0000000000000001E-004  0.10860000000000000       0.88339999999999996        3.2000000000000002E-003   4.5999999999999999E-003
   32.000000000000000        7.7062002801201665E-002   2.0000000000000001E-004  0.10860000000000000       0.88239999999999996        3.5999999999999999E-003   5.1999999999999998E-003
   33.000000000000000        6.7990672720467965E-002   2.0000000000000001E-004  0.10760000000000000       0.88300000000000001        3.0000000000000001E-003   6.1999999999999998E-003
   34.000000000000000        5.5440316051928236E-002   2.0000000000000001E-004  0.10760000000000000       0.88280000000000003        3.0000000000000001E-003   6.4000000000000003E-003
   35.000000000000000        4.0057396639325990E-002   2.0000000000000001E-004  0.10760000000000000       0.88200000000000001        3.8000000000000000E-003   6.4000000000000003E-003
   36.000000000000000        2.3192448298424598E-002   2.0000000000000001E-004  0.10240000000000000       0.88660000000000005        4.1999999999999997E-003   6.6000000000000000E-003
   37.000000000000000        3.1371701864297266E-003   2.0000000000000001E-004  0.10240000000000000       0.88619999999999999        4.0000000000000001E-003   7.1999999999999998E-003
   38.000000000000000       -1.7904002087728500E-002   2.0000000000000001E-004  0.10100000000000001       0.88739999999999997        4.1999999999999997E-003   7.1999999999999998E-003
   39.000000000000000       -4.0759180895921961E-002   2.0000000000000001E-004  0.10100000000000001       0.88719999999999999        4.1999999999999997E-003   7.4000000000000003E-003
   40.000000000000000       -6.2318693422629926E-002   2.0000000000000001E-004  0.10100000000000001       0.88700000000000001        4.1999999999999997E-003   7.6000000000000000E-003
   41.000000000000000       -8.4010980868201052E-002   2.0000000000000001E-004  0.10100000000000001       0.88700000000000001        4.1999999999999997E-003   7.6000000000000000E-003
   42.000000000000000      -0.10516510468498307        1.7800000000000000E-002   8.3400000000000002E-002  0.88660000000000005        4.5999999999999999E-003   7.6000000000000000E-003
   43.000000000000000      -0.12287270566845206        1.7800000000000000E-002   8.3400000000000002E-002  0.88639999999999997        4.7999999999999996E-003   7.6000000000000000E-003
   44.000000000000000      -0.13660821598614756        1.8200000000000001E-002   8.3400000000000002E-002  0.88600000000000001        4.7999999999999996E-003   7.6000000000000000E-003
   45.000000000000000      -0.14731376334623006        1.7999999999999999E-002   8.1400000000000000E-002  0.88759999999999994        5.1999999999999998E-003   7.7999999999999996E-003
   46.000000000000000      -0.14194959373356611        1.7999999999999999E-002   8.1400000000000000E-002  0.88759999999999994        5.1999999999999998E-003   7.7999999999999996E-003
   47.000000000000000      -0.11533398039896881        1.7999999999999999E-002   8.1400000000000000E-002  0.88759999999999994        5.1999999999999998E-003   7.7999999999999996E-003
   48.000000000000000       -8.5753453733198537E-002   1.7999999999999999E-002   8.1400000000000000E-002  0.88759999999999994        5.1999999999999998E-003   7.7999999999999996E-003
   49.000000000000000       -6.0831672084702595E-002   1.7999999999999999E-002   8.1400000000000000E-002  0.88759999999999994        5.1999999999999998E-003   7.7999999999999996E-003
   50.000000000000000       -4.0923669501577935E-002   3.3200000000000000E-002   6.6199999999999995E-002  0.88759999999999994        5.1999999999999998E-003   7.7999999999999996E-003
   51.000000000000000       -1.2054773921512007E-002   3.6999999999999998E-002   6.2199999999999998E-002  0.88780000000000003        5.1999999999999998E-003   7.7999999999999996E-003
   52.000000000000000        8.7612357148099881E-003   3.5200000000000002E-002   6.3399999999999998E-002  0.89019999999999999        2.5999999999999999E-003   8.6000000000000000E-003
   53.000000000000000        2.4648974507270709E-003   4.1599999999999998E-002   5.3400000000000003E-002  0.89239999999999997        2.5999999999999999E-003   1.0000000000000000E-002
   54.000000000000000       -6.1580743903313041E-003   0.0000000000000000        9.2600000000000002E-002  0.89300000000000002        2.5999999999999999E-003   1.1800000000000000E-002
   55.000000000000000       -1.3658003264442619E-002   0.0000000000000000        9.1600000000000001E-002  0.89259999999999995        2.5999999999999999E-003   1.3200000000000000E-002
   56.000000000000000       -1.7647224182401514E-002   0.0000000000000000        8.3400000000000002E-002  0.89920000000000000        2.5999999999999999E-003   1.4800000000000001E-002
   57.000000000000000       -1.8060974049759926E-002   0.0000000000000000        6.1400000000000003E-002  0.92059999999999997        2.5999999999999999E-003   1.5400000000000000E-002
   58.000000000000000       -2.0004491093730616E-002   0.0000000000000000        6.0199999999999997E-002  0.92179999999999995        2.5999999999999999E-003   1.5400000000000000E-002
   59.000000000000000       -1.7929349165304025E-002   0.0000000000000000        5.3199999999999997E-002  0.92720000000000002        2.5999999999999999E-003   1.7000000000000001E-002
   60.000000000000000       -1.4985341340175115E-002   0.0000000000000000        5.3199999999999997E-002  0.91779999999999995        1.2000000000000000E-002   1.7000000000000001E-002
   61.000000000000000       -4.1817166130169732E-002   0.0000000000000000        5.3199999999999997E-002  0.91779999999999995        1.2000000000000000E-002   1.7000000000000001E-002
   62.000000000000000       -7.5189607415194065E-002   0.0000000000000000        5.3199999999999997E-002  0.91779999999999995        1.2000000000000000E-002   1.7000000000000001E-002
   63.000000000000000      -0.11101497057702710        0.0000000000000000        5.2200000000000003E-002  0.91779999999999995        1.2000000000000000E-002   1.7999999999999999E-002
   64.000000000000000      -0.14888687236493234        0.0000000000000000        5.2200000000000003E-002  0.91779999999999995        1.1800000000000000E-002   1.8200000000000001E-002
   65.000000000000000      -0.18646043243290145        0.0000000000000000        5.2200000000000003E-002  0.91779999999999995        1.3200000000000000E-002   1.6799999999999999E-002
   66.000000000000000      -0.22676540824734431        0.0000000000000000       0.96980000000000000        0.0000000000000000        1.1400000000000000E-002   1.8800000000000001E-002
   67.000000000000000      -0.25859383442815309        1.4999999999999999E-002  0.91779999999999995        3.6999999999999998E-002   1.1400000000000000E-002   1.8800000000000001E-002
   68.000000000000000      -0.25879566678775112        1.4999999999999999E-002  0.85680000000000001        9.8000000000000004E-002   1.1400000000000000E-002   1.8800000000000001E-002
   69.000000000000000      -0.23974810993501003        1.5400000000000000E-002  0.85540000000000005        9.7000000000000003E-002   1.2600000000000000E-002   1.9599999999999999E-002
   70.000000000000000      -0.22128252836232307        1.2999999999999999E-002  0.94499999999999995        9.7999999999999997E-003   1.2600000000000000E-002   1.9599999999999999E-002
   71.000000000000000      -0.20826190181670678        1.1599999999999999E-002  0.94699999999999995        9.1999999999999998E-003   1.2600000000000000E-002   1.9599999999999999E-002
   72.000000000000000      -0.19518597675336580        1.1400000000000000E-002  0.94699999999999995        9.4000000000000004E-003   1.2600000000000000E-002   1.9599999999999999E-002
   73.000000000000000      -0.18078478288119243        1.1200000000000000E-002  0.94599999999999995        1.0600000000000000E-002   1.2200000000000001E-002   2.0000000000000000E-002
   74.000000000000000      -0.16484943808923883        1.1200000000000000E-002  0.94599999999999995        1.0400000000000000E-002   1.2400000000000000E-002   2.0000000000000000E-002
   75.000000000000000      -0.14780502962451086        1.1200000000000000E-002  0.94099999999999995        1.5400000000000000E-002   1.2400000000000000E-002   2.0000000000000000E-002
   76.000000000000000      -0.12877803433639795        1.1200000000000000E-002  0.93200000000000005        2.1600000000000001E-002   1.2999999999999999E-002   2.2200000000000001E-002
   77.000000000000000      -0.11061205704570813        1.1200000000000000E-002  0.93059999999999998        2.2200000000000001E-002   1.2999999999999999E-002   2.3000000000000000E-002
   78.000000000000000       -9.1966824769895511E-002   1.1200000000000000E-002  0.92459999999999998        2.6800000000000001E-002   1.4400000000000000E-002   2.3000000000000000E-002
   79.000000000000000       -7.4313779369782632E-002   1.1200000000000000E-002  0.92459999999999998        2.6800000000000001E-002   1.4400000000000000E-002   2.3000000000000000E-002
   80.000000000000000       -5.6596819165994391E-002   1.1200000000000000E-002  0.91639999999999999        3.5000000000000003E-002   1.4400000000000000E-002   2.3000000000000000E-002
   81.000000000000000       -4.0560614810333906E-002   0.0000000000000000       0.92679999999999996        3.5000000000000003E-002   1.4400000000000000E-002   2.3800000000000002E-002
   82.000000000000000        2.4725039980731077E-003   0.0000000000000000       0.92679999999999996        3.5000000000000003E-002   1.4400000000000000E-002   2.3800000000000002E-002
   83.000000000000000        5.6319607274198817E-002   0.0000000000000000       0.76980000000000004       0.19120000000000001        1.5200000000000000E-002   2.3800000000000002E-002
   84.000000000000000        9.5411289942430269E-002   0.0000000000000000       0.76739999999999997       0.19200000000000000        1.6600000000000000E-002   2.4000000000000000E-002
   85.000000000000000       0.11254670579917114        0.0000000000000000       0.76719999999999999       0.19200000000000000        1.6799999999999999E-002   2.4000000000000000E-002
   86.000000000000000       0.12696584653716450        0.0000000000000000       0.76359999999999995       0.19200000000000000        2.0400000000000001E-002   2.4000000000000000E-002
   87.000000000000000       0.14102988570856290        2.0000000000000001E-004  0.76119999999999999       0.19200000000000000        2.0400000000000001E-002   2.6200000000000001E-002
   88.000000000000000       0.15105050880119766        2.0000000000000001E-004  0.76119999999999999       0.19200000000000000        2.0400000000000001E-002   2.6200000000000001E-002
   89.000000000000000       0.15925838724619132        2.0000000000000001E-004  0.76100000000000001       0.19200000000000000        2.0400000000000001E-002   2.6400000000000000E-002
   90.000000000000000       0.16824442194308895        2.0000000000000001E-004  0.75739999999999996       0.19200000000000000        2.1999999999999999E-002   2.8400000000000002E-002
   91.000000000000000       0.17377182317379650        5.9999999999999995E-004  0.75700000000000001       0.19200000000000000        2.1000000000000001E-002   2.9399999999999999E-002
   92.000000000000000       0.17925790814872655        2.0000000000000000E-003  0.75500000000000000       0.19200000000000000        2.1200000000000000E-002   2.9800000000000000E-002
   93.000000000000000       0.18371197544450282        1.4000000000000000E-003  0.77559999999999996       0.17199999999999999        2.1200000000000000E-002   2.9800000000000000E-002
   94.000000000000000       0.17886255138027493        1.1999999999999999E-003  0.77559999999999996       0.17160000000000000        2.1200000000000000E-002   3.0400000000000000E-002
   95.000000000000000       0.15288991741719860        3.5999999999999999E-003  0.76839999999999997       0.17540000000000000        2.0600000000000000E-002   3.2000000000000001E-002
   96.000000000000000       0.14359527776083819        3.5999999999999999E-003  0.76900000000000002       0.17460000000000001        2.0799999999999999E-002   3.2000000000000001E-002
   97.000000000000000       0.15301014959364628        3.5999999999999999E-003  0.76900000000000002       0.17460000000000001        2.0799999999999999E-002   3.2000000000000001E-002
   98.000000000000000       0.16427001096239452        2.3999999999999998E-003  0.76839999999999997       0.17640000000000000        2.0799999999999999E-002   3.2000000000000001E-002
   99.000000000000000       0.17707638403778125        2.3999999999999998E-003  0.76839999999999997       0.17640000000000000        2.0799999999999999E-002   3.2000000000000001E-002
   100.00000000000000       0.19095115575729443        1.0000000000000000E-003  0.76839999999999997       0.17480000000000001        2.3400000000000001E-002   3.2399999999999998E-002
   101.00000000000000       0.20630337868337997        1.0000000000000000E-003  0.76759999999999995       0.17460000000000001        2.4199999999999999E-002   3.2599999999999997E-002
   102.00000000000000       0.23028961712696983        1.0000000000000000E-003  0.76759999999999995       0.17399999999999999        2.4799999999999999E-002   3.2599999999999997E-002
   103.00000000000000       0.23862921337752363        1.0000000000000000E-003  0.74539999999999995       0.19539999999999999        2.5200000000000000E-002   3.3000000000000002E-002
   104.00000000000000       0.27279654031226824        1.0000000000000000E-003  0.72640000000000005       0.21379999999999999        2.5800000000000000E-002   3.3000000000000002E-002
   105.00000000000000       0.27350651809121251        5.9999999999999995E-004  0.72719999999999996       0.21320000000000000        2.5800000000000000E-002   3.3200000000000000E-002
   106.00000000000000       0.29480081209307923        5.9999999999999995E-004  0.72660000000000002       0.21320000000000000        2.6400000000000000E-002   3.3200000000000000E-002
   107.00000000000000       0.31949129742740967        5.9999999999999995E-004  0.75300000000000000       0.18659999999999999        2.6599999999999999E-002   3.3200000000000000E-002
   108.00000000000000       0.33612244599449292        5.9999999999999995E-004  0.73360000000000003       0.20380000000000001        2.8799999999999999E-002   3.3200000000000000E-002
   109.00000000000000       0.24856442612581423        0.0000000000000000       0.67540000000000000       0.26119999999999999        2.9600000000000001E-002   3.3799999999999997E-002
   110.00000000000000       0.33561751157929443        0.0000000000000000       0.67559999999999998       0.25900000000000001        3.0800000000000001E-002   3.4599999999999999E-002
   111.00000000000000       0.14664868117835078        0.0000000000000000       0.65280000000000005       0.28120000000000001        3.0800000000000001E-002   3.5200000000000002E-002
   112.00000000000000       0.36509487804547869        0.0000000000000000       0.65280000000000005       0.28120000000000001        3.0599999999999999E-002   3.5400000000000001E-002
   113.00000000000000       0.36824031389187428        0.0000000000000000       0.65300000000000002       0.28079999999999999        3.0599999999999999E-002   3.5600000000000000E-002
   114.00000000000000       0.35318044179498231        0.0000000000000000       0.64880000000000004       0.28420000000000001        3.1399999999999997E-002   3.5600000000000000E-002
   115.00000000000000       0.33190234727618678        0.0000000000000000       0.63959999999999995       0.29160000000000003        3.2199999999999999E-002   3.6600000000000001E-002
   116.00000000000000       0.43642581974534433        0.0000000000000000       0.63959999999999995       0.29160000000000003        3.2199999999999999E-002   3.6600000000000001E-002
   117.00000000000000       0.34174438875708890        0.0000000000000000       0.63600000000000001       0.29480000000000001        3.2599999999999997E-002   3.6600000000000001E-002
   118.00000000000000       0.33518651955585643        0.0000000000000000       0.63539999999999996       0.29480000000000001        3.3200000000000000E-002   3.6600000000000001E-002
   119.00000000000000       0.30872901493355059        1.4000000000000000E-003  0.63300000000000001       0.29420000000000002        3.4200000000000001E-002   3.7199999999999997E-002
   120.00000000000000       0.19426178280275747        8.0000000000000004E-004  0.63339999999999996       0.29220000000000002        3.5999999999999997E-002   3.7600000000000001E-002
   121.00000000000000       0.43243477219980986        5.9999999999999995E-004  0.62800000000000000       0.28760000000000002        3.5600000000000000E-002   4.8200000000000000E-002
   122.00000000000000       0.45087870048920820        5.9999999999999995E-004  0.62519999999999998       0.28480000000000000        3.5600000000000000E-002   5.3800000000000001E-002
   123.00000000000000       0.42682888376734734        5.9999999999999995E-004  0.62119999999999997       0.28339999999999999        3.5000000000000003E-002   5.9799999999999999E-002
   124.00000000000000       0.45376599438907028        2.2000000000000001E-003  0.42959999999999998       0.46039999999999998        4.7000000000000000E-002   6.0800000000000000E-002
   125.00000000000000       0.28731069301887824        2.2000000000000001E-003  0.42820000000000003       0.46039999999999998        4.8399999999999999E-002   6.0800000000000000E-002
   126.00000000000000       0.27304648144160759        2.2000000000000001E-003  0.40839999999999999       0.47580000000000000        4.8200000000000000E-002   6.5400000000000000E-002
   127.00000000000000       0.25378076879365963        2.2000000000000001E-003  0.40880000000000000       0.47480000000000000        4.8800000000000003E-002   6.5400000000000000E-002
   128.00000000000000       0.23506641499207057        2.2000000000000001E-003  0.40679999999999999       0.47399999999999998        4.9799999999999997E-002   6.7199999999999996E-002
   129.00000000000000       0.21383415294548172        2.2000000000000001E-003  0.40679999999999999       0.47239999999999999        5.1400000000000001E-002   6.7199999999999996E-002
   130.00000000000000       0.19262966687661298        2.2000000000000001E-003  0.40500000000000003       0.47339999999999999        5.0000000000000003E-002   6.9400000000000003E-002
   131.00000000000000       0.17109174334485458        3.8000000000000000E-003  0.40339999999999998       0.47260000000000002        5.0999999999999997E-002   6.9199999999999998E-002
   132.00000000000000       0.15064227323750848        4.0000000000000001E-003  0.39439999999999997       0.47820000000000001        5.5000000000000000E-002   6.8400000000000002E-002
   133.00000000000000       0.13149657384004704        5.5999999999999999E-003  0.37619999999999998       0.49299999999999999        5.5399999999999998E-002   6.9800000000000001E-002
   134.00000000000000       0.11110732262875089        5.1999999999999998E-003  0.37300000000000000       0.49559999999999998        5.5599999999999997E-002   7.0599999999999996E-002
   135.00000000000000        9.1429914620651490E-002   6.0000000000000001E-003  0.37100000000000000       0.49559999999999998        4.9200000000000001E-002   7.8200000000000006E-002
   136.00000000000000        7.1327723610207755E-002   6.0000000000000001E-003  0.37019999999999997       0.49500000000000000        4.9200000000000001E-002   7.9600000000000004E-002
   137.00000000000000        5.1987272041768090E-002   6.0000000000000001E-003  0.36499999999999999       0.49680000000000002        4.9200000000000001E-002   8.3000000000000004E-002
   138.00000000000000        3.4272362440127636E-002   6.6000000000000000E-003  0.36499999999999999       0.48699999999999999        5.4800000000000001E-002   8.6599999999999996E-002
   139.00000000000000        1.6237596041259215E-002   5.7999999999999996E-003  0.34880000000000000       0.50000000000000000        5.4600000000000003E-002   9.0800000000000006E-002
   140.00000000000000       -3.1938126230952012E-003   5.7999999999999996E-003  0.34680000000000000       0.49980000000000002        5.5000000000000000E-002   9.2600000000000002E-002
   141.00000000000000       -2.2201130007905148E-002   5.1999999999999998E-003  0.34760000000000002       0.49800000000000000        5.5800000000000002E-002   9.3399999999999997E-002
   142.00000000000000       -4.0225174719310600E-002   5.4000000000000003E-003  0.34860000000000002       0.49280000000000002        5.9799999999999999E-002   9.3399999999999997E-002
   143.00000000000000       -5.7175141685724441E-002   5.7999999999999996E-003  0.33800000000000002       0.50139999999999996        6.1400000000000003E-002   9.3399999999999997E-002
   144.00000000000000       -7.2612888412711712E-002   5.7999999999999996E-003  0.31879999999999997       0.52059999999999995        6.1199999999999997E-002   9.3600000000000003E-002
   145.00000000000000       -8.6812197539432367E-002   3.0000000000000001E-003  0.30800000000000000       0.53420000000000001        6.1199999999999997E-002   9.3600000000000003E-002
   146.00000000000000       -8.6596563071793323E-002   8.3999999999999995E-003   2.6599999999999999E-002  0.81020000000000003        6.0999999999999999E-002   9.3799999999999994E-002
   147.00000000000000       -8.5481799002986386E-002   8.6000000000000000E-003   2.6200000000000001E-002  0.81020000000000003        6.0999999999999999E-002   9.4000000000000000E-002
   148.00000000000000       -6.5005779503461786E-002   8.6000000000000000E-003   2.6200000000000001E-002  0.81020000000000003        6.0400000000000002E-002   9.4600000000000004E-002
   149.00000000000000       -4.4257107201683188E-002   8.3999999999999995E-003   2.6200000000000001E-002  0.81040000000000001        5.9799999999999999E-002   9.5200000000000007E-002
   150.00000000000000       -2.3613454985476717E-002   8.3999999999999995E-003   2.5999999999999999E-002  0.81040000000000001        5.9799999999999999E-002   9.5399999999999999E-002
   151.00000000000000       -7.1264034504994259E-003   8.3999999999999995E-003   2.5999999999999999E-002  0.81040000000000001        5.9799999999999999E-002   9.5399999999999999E-002
   152.00000000000000        8.1960987459257836E-003   8.3999999999999995E-003   2.5999999999999999E-002  0.81040000000000001        5.9799999999999999E-002   9.5399999999999999E-002
   153.00000000000000        1.9291084831530483E-002   8.3999999999999995E-003   2.5999999999999999E-002  0.81040000000000001        5.9799999999999999E-002   9.5399999999999999E-002
   154.00000000000000        2.5829340230031569E-002   8.3999999999999995E-003   2.5999999999999999E-002  0.81040000000000001        5.9799999999999999E-002   9.5399999999999999E-002
   155.00000000000000        2.8331523033985472E-002   8.3999999999999995E-003   2.5999999999999999E-002  0.81040000000000001        5.9600000000000000E-002   9.5600000000000004E-002
   156.00000000000000        6.0565780720742493E-003   8.3999999999999995E-003  0.78000000000000003        5.6399999999999999E-002   5.9400000000000001E-002   9.5799999999999996E-002
   157.00000000000000        1.9181095048634550E-002   8.3999999999999995E-003  0.78000000000000003        5.6399999999999999E-002   5.9400000000000001E-002   9.5799999999999996E-002
   158.00000000000000        8.5498462348093454E-003   8.3999999999999995E-003  0.78000000000000003        5.6399999999999999E-002   5.9400000000000001E-002   9.5799999999999996E-002
   159.00000000000000       -6.3812398215323946E-003   8.3999999999999995E-003  0.78000000000000003        5.6399999999999999E-002   5.9400000000000001E-002   9.5799999999999996E-002
   160.00000000000000       -2.5152136864517623E-002   4.4999999999999998E-002  0.74339999999999995        5.6399999999999999E-002   5.8999999999999997E-002   9.6199999999999994E-002
   161.00000000000000       -2.2359949247010638E-003   4.4999999999999998E-002  0.74119999999999997        5.7799999999999997E-002   5.8400000000000001E-002   9.7600000000000006E-002
   162.00000000000000        2.2527547870891673E-002   4.4600000000000001E-002  0.73780000000000001        5.7000000000000002E-002   5.7400000000000000E-002  0.10320000000000000     
   163.00000000000000        4.8404380176668614E-002   4.4400000000000002E-002  0.73499999999999999        5.9200000000000003E-002   5.3600000000000002E-002  0.10780000000000001     
   164.00000000000000        7.4529682441853262E-002   4.4400000000000002E-002  0.73080000000000001        5.7200000000000001E-002   5.5399999999999998E-002  0.11219999999999999     
   165.00000000000000        9.9049811702077245E-002   4.3999999999999997E-002  0.72260000000000002        6.4399999999999999E-002   5.5000000000000000E-002  0.11400000000000000     
   166.00000000000000       0.12050713514085158        4.3200000000000002E-002  0.72299999999999998        6.4000000000000001E-002   5.5399999999999998E-002  0.11440000000000000     
   167.00000000000000       0.13926235878536355        4.3200000000000002E-002  0.72299999999999998        6.4000000000000001E-002   5.5399999999999998E-002  0.11440000000000000     
   168.00000000000000       0.15655044737450766        4.2599999999999999E-002  0.72340000000000004        6.2399999999999997E-002   5.6200000000000000E-002  0.11540000000000000     
   169.00000000000000       0.17029673083734032        4.2599999999999999E-002  0.72140000000000004        6.2799999999999995E-002   5.7799999999999997E-002  0.11540000000000000     
   170.00000000000000       0.17925344867077669        4.2400000000000000E-002  0.71740000000000004        6.3799999999999996E-002   6.0999999999999999E-002  0.11540000000000000     
   171.00000000000000       0.19738826874015414        4.0200000000000000E-002  0.71020000000000005        6.9000000000000006E-002   6.2799999999999995E-002  0.11780000000000000     
   172.00000000000000       0.19624820080792460        4.0200000000000000E-002  0.70920000000000005        6.8800000000000000E-002   6.4000000000000001E-002  0.11780000000000000     
   173.00000000000000       0.19417405412968664        3.9199999999999999E-002  0.69760000000000000        7.8799999999999995E-002   6.4199999999999993E-002  0.12020000000000000     
   174.00000000000000       0.19137012558760197        3.9199999999999999E-002  0.69760000000000000        7.8399999999999997E-002   6.4000000000000001E-002  0.12080000000000000     
   175.00000000000000       0.18783159453707352        3.9000000000000000E-002  0.68500000000000005        9.0399999999999994E-002   6.4000000000000001E-002  0.12160000000000000     
   176.00000000000000       0.17239814330985667        3.9000000000000000E-002  0.67600000000000005        9.9199999999999997E-002   6.3600000000000004E-002  0.12220000000000000     
   177.00000000000000       0.16035256619948252        3.8800000000000001E-002  0.67620000000000002        9.8799999999999999E-002   6.3799999999999996E-002  0.12239999999999999     
   178.00000000000000       0.14482026316784738        3.8399999999999997E-002  0.67520000000000002        9.8199999999999996E-002   6.4799999999999996E-002  0.12340000000000000     
   179.00000000000000       0.12697186317319445        3.8399999999999997E-002  0.67340000000000000        9.7400000000000000E-002   6.7400000000000002E-002  0.12340000000000000     
   180.00000000000000       0.10715656477272982        3.8399999999999997E-002  0.67320000000000002        9.7199999999999995E-002   6.7799999999999999E-002  0.12340000000000000     
   181.00000000000000        8.7506325003483765E-002   3.8399999999999997E-002  0.67020000000000002       0.10000000000000001        6.7599999999999993E-002  0.12379999999999999     
   182.00000000000000        7.0290961142647129E-002   0.0000000000000000       0.70720000000000005       0.10000000000000001        6.9000000000000006E-002  0.12379999999999999     
   183.00000000000000        7.9546975805790565E-002   0.0000000000000000       0.70720000000000005        9.9800000000000000E-002   6.9199999999999998E-002  0.12379999999999999     
   184.00000000000000       0.11171732654670161        0.0000000000000000       0.70720000000000005        9.9400000000000002E-002   6.9000000000000006E-002  0.12440000000000000     
   185.00000000000000       0.14072403831520464        0.0000000000000000       0.70720000000000005        9.8799999999999999E-002   6.9400000000000003E-002  0.12460000000000000     
   186.00000000000000       0.16597369224764111        0.0000000000000000       0.70720000000000005        9.8799999999999999E-002   6.8599999999999994E-002  0.12540000000000001     
   187.00000000000000       0.18639996606487483        0.0000000000000000       0.70720000000000005        9.8799999999999999E-002   6.8800000000000000E-002  0.12520000000000001     
   188.00000000000000       0.20472242630598633        0.0000000000000000       0.57620000000000005       0.22980000000000000        6.8800000000000000E-002  0.12520000000000001     
   189.00000000000000       0.20642749939322913        0.0000000000000000       0.57520000000000004       0.22980000000000000        6.8800000000000000E-002  0.12620000000000001     
   190.00000000000000       0.19726182562057873        0.0000000000000000       0.57220000000000004       0.22980000000000000        6.7400000000000002E-002  0.13059999999999999     
   191.00000000000000       0.18730715923079794        0.0000000000000000       0.57160000000000000       0.22980000000000000        6.5000000000000002E-002  0.13360000000000000     
   192.00000000000000       0.17405073266794752        0.0000000000000000       0.57099999999999995       0.22980000000000000        6.5400000000000000E-002  0.13380000000000000     
   193.00000000000000       0.15936326923276831        0.0000000000000000       0.56920000000000004       0.22980000000000000        6.5600000000000006E-002  0.13539999999999999     
   194.00000000000000       0.14386656962828184        0.0000000000000000       0.56779999999999997       0.22980000000000000        6.6799999999999998E-002  0.13560000000000000     
   195.00000000000000       0.12692470353528273        0.0000000000000000       0.56720000000000004       0.22980000000000000        6.7199999999999996E-002  0.13580000000000000     
   196.00000000000000       0.12009300978710080        0.0000000000000000        0.0000000000000000       0.79640000000000000        6.7199999999999996E-002  0.13639999999999999     
   197.00000000000000        9.5537155551740166E-002   0.0000000000000000        0.0000000000000000       0.79279999999999995        6.8199999999999997E-002  0.13900000000000001     
   198.00000000000000        8.5847500565079060E-002   0.0000000000000000        0.0000000000000000       0.79300000000000004        6.8000000000000005E-002  0.13900000000000001     
   199.00000000000000        7.8160467613065249E-002   0.0000000000000000        0.0000000000000000       0.78779999999999994        7.0599999999999996E-002  0.14160000000000000     
   200.00000000000000        6.9930451085699327E-002   0.0000000000000000        0.0000000000000000       0.78400000000000003        7.0599999999999996E-002  0.14540000000000000     
   201.00000000000000        6.3472032105900536E-002   0.0000000000000000        0.0000000000000000       0.78380000000000005        7.0199999999999999E-002  0.14599999999999999     
   202.00000000000000        5.6970367210687087E-002   0.0000000000000000        0.0000000000000000       0.78380000000000005        7.0199999999999999E-002  0.14599999999999999     
   203.00000000000000        5.2231636498145877E-002   0.0000000000000000        0.0000000000000000       0.78200000000000003        6.9599999999999995E-002  0.14840000000000000     
   204.00000000000000        4.7922843409781715E-002   0.0000000000000000        0.0000000000000000       0.78200000000000003        6.8000000000000005E-002  0.14999999999999999     
   205.00000000000000        4.6403792450720134E-002   0.0000000000000000        0.0000000000000000       0.77800000000000002        6.8400000000000002E-002  0.15359999999999999     
   206.00000000000000        4.1870111713439344E-002   0.0000000000000000        0.0000000000000000       0.77800000000000002        6.4799999999999996E-002  0.15720000000000001     
   207.00000000000000        4.7279437583410286E-002   0.0000000000000000        0.0000000000000000       0.77359999999999995        6.4799999999999996E-002  0.16159999999999999     
   208.00000000000000        3.7748622982011891E-002   0.0000000000000000        0.0000000000000000       0.77259999999999995        6.5799999999999997E-002  0.16159999999999999     
   209.00000000000000       -3.8237949557196893E-003   0.0000000000000000        0.0000000000000000       0.77139999999999997        6.1400000000000003E-002  0.16719999999999999     
   210.00000000000000        7.1402588376130824E-002   0.0000000000000000        0.0000000000000000       0.77039999999999997        6.1400000000000003E-002  0.16819999999999999     
   211.00000000000000        3.5344874664751412E-002   0.0000000000000000        0.0000000000000000       0.76639999999999997        6.5199999999999994E-002  0.16839999999999999     
   212.00000000000000       0.15136198024595859        0.0000000000000000        0.0000000000000000       0.76519999999999999        6.6600000000000006E-002  0.16819999999999999     
   213.00000000000000        4.6556653220216848E-002   0.0000000000000000        0.0000000000000000       0.76519999999999999        6.6600000000000006E-002  0.16819999999999999     
   214.00000000000000        3.0677139048877214E-002   0.0000000000000000        0.0000000000000000       0.76519999999999999        6.6600000000000006E-002  0.16819999999999999     
   215.00000000000000        3.0300565158656725E-002   0.0000000000000000        0.0000000000000000       0.76519999999999999        6.6600000000000006E-002  0.16819999999999999     
   216.00000000000000        2.5054367093057944E-002   0.0000000000000000        9.4000000000000000E-002  0.67120000000000002        6.6600000000000006E-002  0.16819999999999999     
