#        BMIN =   404
#        BMAX =   408
#     INIBAND =   406
#      NBANDS =   540
#         NSW =  2000
#       POTIM =   1.0
#        TEMP = 300.0
#    NAMDTINI =   856
#    NAMDTIME =  1000
#       NTRAJ =  5000
#        NELM =  1000
#       LHOLE =     T
#        LSHP =     T
#      LCPTXT =     T
#      RUNDIR = ../../run/
   1.0000000000000000      -0.23939321238001326        0.0000000000000000        0.0000000000000000        1.0000000000000000        0.0000000000000000        0.0000000000000000     
   2.0000000000000000      -0.23908875303984772        0.0000000000000000        1.1999999999999999E-003  0.99880000000000002        0.0000000000000000        0.0000000000000000     
   3.0000000000000000      -0.23426126780749904        0.0000000000000000        1.0000000000000000E-003  0.99900000000000000        0.0000000000000000        0.0000000000000000     
   4.0000000000000000      -0.22314463261918555        0.0000000000000000        5.0999999999999997E-002  0.94899999999999995        0.0000000000000000        0.0000000000000000     
   5.0000000000000000      -0.20055740664044866        0.0000000000000000        5.9200000000000003E-002  0.94079999999999997        0.0000000000000000        0.0000000000000000     
   6.0000000000000000      -0.17529174491276647        0.0000000000000000        6.0999999999999999E-002  0.93879999999999997        2.0000000000000001E-004   0.0000000000000000     
   7.0000000000000000      -0.14980294559075719        0.0000000000000000        5.9400000000000001E-002  0.94040000000000001        2.0000000000000001E-004   0.0000000000000000     
   8.0000000000000000      -0.12433269349505995        0.0000000000000000        6.0600000000000001E-002  0.93899999999999995        4.0000000000000002E-004   0.0000000000000000     
   9.0000000000000000       -9.9064208238353241E-002   0.0000000000000000        5.4800000000000001E-002  0.94440000000000002        4.0000000000000002E-004   4.0000000000000002E-004
   10.000000000000000       -7.4347805698657676E-002   0.0000000000000000        5.1400000000000001E-002  0.94779999999999998        4.0000000000000002E-004   4.0000000000000002E-004
   11.000000000000000       -5.0651801320915756E-002   0.0000000000000000        5.1200000000000002E-002  0.94799999999999995        4.0000000000000002E-004   4.0000000000000002E-004
   12.000000000000000       -2.7436743101385962E-002   0.0000000000000000        5.0599999999999999E-002  0.94840000000000002        5.9999999999999995E-004   4.0000000000000002E-004
   13.000000000000000       -5.2780161844179123E-003   0.0000000000000000        5.0599999999999999E-002  0.94840000000000002        5.9999999999999995E-004   4.0000000000000002E-004
   14.000000000000000        1.5423746544477063E-002   0.0000000000000000        4.9000000000000002E-002  0.94999999999999996        5.9999999999999995E-004   4.0000000000000002E-004
   15.000000000000000        3.4245257206743984E-002   2.0000000000000001E-004   4.9000000000000002E-002  0.94979999999999998        5.9999999999999995E-004   4.0000000000000002E-004
   16.000000000000000        5.3460076253589867E-002   2.0000000000000001E-004   4.9000000000000002E-002  0.94920000000000004        5.9999999999999995E-004   1.0000000000000000E-003
   17.000000000000000        6.4149623763793448E-002   2.0000000000000001E-004  0.24120000000000000       0.75680000000000003        8.0000000000000004E-004   1.0000000000000000E-003
   18.000000000000000        8.6812121581014548E-002   2.0000000000000001E-004  0.24240000000000000       0.75560000000000005        8.0000000000000004E-004   1.0000000000000000E-003
   19.000000000000000       0.12204161426820129        2.0000000000000001E-004  0.24240000000000000       0.75560000000000005        8.0000000000000004E-004   1.0000000000000000E-003
   20.000000000000000       0.15269855810525176        2.0000000000000001E-004  0.24220000000000000       0.75560000000000005        1.0000000000000000E-003   1.0000000000000000E-003
   21.000000000000000       0.17599458558838285        2.0000000000000001E-004  0.24220000000000000       0.75560000000000005        1.0000000000000000E-003   1.0000000000000000E-003
   22.000000000000000       0.19421145212618887        2.0000000000000001E-004  0.24220000000000000       0.75560000000000005        1.0000000000000000E-003   1.0000000000000000E-003
   23.000000000000000       0.20577569276524954        0.0000000000000000       0.24240000000000000       0.75560000000000005        1.0000000000000000E-003   1.0000000000000000E-003
   24.000000000000000       0.20998589235108417        0.0000000000000000       0.24240000000000000       0.75560000000000005        1.0000000000000000E-003   1.0000000000000000E-003
   25.000000000000000       0.20829391756840104        0.0000000000000000       0.24240000000000000       0.75560000000000005        1.0000000000000000E-003   1.0000000000000000E-003
   26.000000000000000       0.19958049499959227        2.0000000000000001E-004  0.24220000000000000       0.75560000000000005        1.0000000000000000E-003   1.0000000000000000E-003
   27.000000000000000       0.18442596498864883        2.0000000000000001E-004  0.24220000000000000       0.75560000000000005        1.0000000000000000E-003   1.0000000000000000E-003
   28.000000000000000       0.17207772730419638        4.0000000000000002E-004  0.24220000000000000       0.75500000000000000        1.0000000000000000E-003   1.4000000000000000E-003
   29.000000000000000       0.17254254170283384        5.9999999999999995E-004  0.24060000000000001       0.75639999999999996        8.0000000000000004E-004   1.6000000000000001E-003
   30.000000000000000       0.17878601664152399        5.9999999999999995E-004  0.24060000000000001       0.75639999999999996        8.0000000000000004E-004   1.6000000000000001E-003
   31.000000000000000       0.19077255715239297        5.9999999999999995E-004  0.24060000000000001       0.75639999999999996        8.0000000000000004E-004   1.6000000000000001E-003
   32.000000000000000       0.20361710141179748        4.0000000000000002E-004  0.23860000000000001       0.75860000000000005        8.0000000000000004E-004   1.6000000000000001E-003
   33.000000000000000       0.21676839133136039        4.0000000000000002E-004  0.23880000000000001       0.75819999999999999        1.0000000000000000E-003   1.6000000000000001E-003
   34.000000000000000       0.22913145233213295        0.0000000000000000       0.23280000000000001       0.76439999999999997        1.0000000000000000E-003   1.8000000000000000E-003
   35.000000000000000       0.24230799328750985        0.0000000000000000       0.22380000000000000       0.77320000000000000        1.1999999999999999E-003   1.8000000000000000E-003
   36.000000000000000       0.26246040990354097        0.0000000000000000       0.21679999999999999       0.77959999999999996        1.8000000000000000E-003   1.8000000000000000E-003
   37.000000000000000       0.26212932290303254        0.0000000000000000       0.22180000000000000       0.77459999999999996        1.8000000000000000E-003   1.8000000000000000E-003
   38.000000000000000       0.28799749553312515        0.0000000000000000       0.22680000000000000       0.76959999999999995        1.8000000000000000E-003   1.8000000000000000E-003
   39.000000000000000       0.28161785828406916        0.0000000000000000       0.22480000000000000       0.77159999999999995        1.8000000000000000E-003   1.8000000000000000E-003
   40.000000000000000       0.29713631093354820        0.0000000000000000       0.22459999999999999       0.77080000000000004        2.8000000000000000E-003   1.8000000000000000E-003
   41.000000000000000       0.32308826697895054        0.0000000000000000       0.15260000000000001       0.84279999999999999        2.8000000000000000E-003   1.8000000000000000E-003
   42.000000000000000       0.34147911062102021        0.0000000000000000       0.16600000000000001       0.82940000000000003        2.8000000000000000E-003   1.8000000000000000E-003
   43.000000000000000       0.25692104903151669        0.0000000000000000       0.18679999999999999       0.80659999999999998        3.8000000000000000E-003   2.8000000000000000E-003
   44.000000000000000       0.35377293571183266        0.0000000000000000       0.18040000000000000       0.81299999999999994        3.5999999999999999E-003   3.0000000000000001E-003
   45.000000000000000       0.17066328593841404        0.0000000000000000       0.18300000000000000       0.81040000000000001        3.5999999999999999E-003   3.0000000000000001E-003
   46.000000000000000       0.39648064428239266        0.0000000000000000       0.18279999999999999       0.81020000000000003        4.0000000000000001E-003   3.0000000000000001E-003
   47.000000000000000       0.40687833762698461        0.0000000000000000       0.17699999999999999       0.81599999999999995        4.0000000000000001E-003   3.0000000000000001E-003
   48.000000000000000       0.39707819522650589        0.0000000000000000       0.17640000000000000       0.81599999999999995        4.5999999999999999E-003   3.0000000000000001E-003
   49.000000000000000       0.37760857014447136        0.0000000000000000       0.17640000000000000       0.81599999999999995        4.5999999999999999E-003   3.0000000000000001E-003
   50.000000000000000       0.48798418451922404        0.0000000000000000       0.17580000000000001       0.81620000000000004        5.0000000000000001E-003   3.0000000000000001E-003
   51.000000000000000       0.38942552133325142        0.0000000000000000       0.17580000000000001       0.81620000000000004        5.0000000000000001E-003   3.0000000000000001E-003
   52.000000000000000       0.38158422762456801        0.0000000000000000       0.17580000000000001       0.81620000000000004        5.0000000000000001E-003   3.0000000000000001E-003
   53.000000000000000       0.35245570314019758        4.0000000000000002E-004  0.17560000000000001       0.81579999999999997        5.0000000000000001E-003   3.2000000000000002E-003
   54.000000000000000       0.20619406142222999        4.0000000000000002E-004  0.17519999999999999       0.68320000000000003       0.13800000000000001        3.2000000000000002E-003
   55.000000000000000       0.53122974452456750        4.0000000000000002E-004  0.17499999999999999       0.65100000000000002       0.16940000000000000        4.1999999999999997E-003
   56.000000000000000       0.51615027597346097        4.0000000000000002E-004  0.17140000000000000       0.65459999999999996       0.16860000000000000        5.0000000000000001E-003
   57.000000000000000       0.52402674772112090        4.0000000000000002E-004  0.17060000000000000       0.65280000000000005       0.17119999999999999        5.0000000000000001E-003
   58.000000000000000       0.51312503642475071        1.1999999999999999E-003  0.16980000000000001       0.65280000000000005       0.16660000000000000        9.5999999999999992E-003
   59.000000000000000       0.32086068260672373        1.1999999999999999E-003  0.16739999999999999       0.65520000000000000       0.16660000000000000        9.5999999999999992E-003
   60.000000000000000       0.30426786429400982        1.1999999999999999E-003  0.16819999999999999       0.65320000000000000       0.16780000000000000        9.5999999999999992E-003
   61.000000000000000       0.28766466181066042        1.4000000000000000E-003  0.16639999999999999       0.65239999999999998       0.16919999999999999        1.0600000000000000E-002
   62.000000000000000       0.26966497938180845        1.4000000000000000E-003  0.16639999999999999       0.65239999999999998       0.16919999999999999        1.0600000000000000E-002
   63.000000000000000       0.25151301100387646        1.6000000000000001E-003  0.16619999999999999       0.64720000000000000       0.17399999999999999        1.0999999999999999E-002
   64.000000000000000       0.23167809174512669        1.6000000000000001E-003  0.16600000000000001       0.64720000000000000       0.17440000000000000        1.0800000000000001E-002
   65.000000000000000       0.21295623842287487        2.2000000000000001E-003  0.16439999999999999       0.64539999999999997       0.17499999999999999        1.2999999999999999E-002
   66.000000000000000       0.19386707983223223        2.2000000000000001E-003  0.16480000000000000       0.63939999999999997       0.17720000000000000        1.6400000000000001E-002
   67.000000000000000       0.17344608123286498        4.1999999999999997E-003  0.16280000000000000       0.63680000000000003       0.17820000000000000        1.7999999999999999E-002
   68.000000000000000       0.15146295528954315        4.1999999999999997E-003  0.16259999999999999       0.63639999999999997       0.17820000000000000        1.8599999999999998E-002
   69.000000000000000       0.13062043045137081        4.5999999999999999E-003  0.16280000000000000       0.63219999999999998       0.16000000000000000        4.0399999999999998E-002
   70.000000000000000       0.10863816660662970        4.5999999999999999E-003  0.17480000000000001       0.61399999999999999       0.16020000000000001        4.6399999999999997E-002
   71.000000000000000        8.5070134018338434E-002   4.5999999999999999E-003  0.18559999999999999       0.60299999999999998       0.15420000000000000        5.2600000000000001E-002
   72.000000000000000        6.6302229687120101E-002   5.0000000000000001E-003  0.17940000000000000       0.59799999999999998       0.16400000000000001        5.3600000000000002E-002
   73.000000000000000        4.4375971947006543E-002   4.5999999999999999E-003  0.19200000000000000       0.58379999999999999       0.16280000000000000        5.6800000000000003E-002
   74.000000000000000        2.2913986815265852E-002   4.4000000000000003E-003  0.19100000000000000       0.58499999999999996       0.16280000000000000        5.6800000000000003E-002
   75.000000000000000        2.6400749899541352E-003   4.4000000000000003E-003  0.18340000000000001       0.59260000000000002       0.16280000000000000        5.6800000000000003E-002
   76.000000000000000       -1.3043358185893396E-002   4.4000000000000003E-003  0.18099999999999999       0.57920000000000005       0.17519999999999999        6.0199999999999997E-002
   77.000000000000000       -2.9633173496939957E-002   4.5999999999999999E-003  0.18679999999999999       0.56520000000000004       0.17480000000000001        6.8599999999999994E-002
   78.000000000000000       -4.6962025007189975E-002   4.5999999999999999E-003  0.20619999999999999       0.54220000000000002       0.17580000000000001        7.1199999999999999E-002
   79.000000000000000       -6.3453429406884282E-002   1.5200000000000000E-002  0.22400000000000000       0.51239999999999997       0.17580000000000001        7.2599999999999998E-002
   80.000000000000000       -7.6949594219620859E-002   4.9000000000000002E-002  0.39340000000000003       0.30840000000000001       0.17580000000000001        7.3400000000000007E-002
   81.000000000000000       -7.2681066311807388E-002   5.2600000000000001E-002  0.38979999999999998       0.30840000000000001       0.17580000000000001        7.3400000000000007E-002
   82.000000000000000       -6.7404021823945587E-002   5.2400000000000002E-002  0.39000000000000001       0.30840000000000001       0.17580000000000001        7.3400000000000007E-002
   83.000000000000000       -5.9379807521083738E-002   5.2400000000000002E-002  0.39000000000000001       0.30840000000000001       0.17580000000000001        7.3400000000000007E-002
   84.000000000000000       -4.8377377554096795E-002   5.2400000000000002E-002  0.39000000000000001       0.30840000000000001       0.17580000000000001        7.3400000000000007E-002
   85.000000000000000       -3.6894568896277208E-002   5.2400000000000002E-002  0.38819999999999999       0.30840000000000001       0.17680000000000001        7.4200000000000002E-002
   86.000000000000000       -2.4752194773568308E-002   5.2400000000000002E-002  0.38740000000000002       0.30840000000000001       0.17660000000000001        7.5200000000000003E-002
   87.000000000000000       -1.2430817465129706E-002   5.2400000000000002E-002  0.38460000000000000       0.30840000000000001       0.17860000000000001        7.5999999999999998E-002
   88.000000000000000       -5.4482544518308362E-004   5.1999999999999998E-002  0.38319999999999999       0.30840000000000001       0.17960000000000001        7.6799999999999993E-002
   89.000000000000000        1.0629949388708457E-002   5.1600000000000000E-002  0.38279999999999997       0.30840000000000001       0.17979999999999999        7.7399999999999997E-002
   90.000000000000000        3.0671737890518934E-002   5.1200000000000002E-002   3.9199999999999999E-002  0.65000000000000002       0.17960000000000001        8.0000000000000002E-002
   91.000000000000000        3.3688377902278605E-002   5.1200000000000002E-002   3.9000000000000000E-002  0.65000000000000002       0.17979999999999999        8.0000000000000002E-002
   92.000000000000000        5.4927370665510802E-002   5.0799999999999998E-002   3.9000000000000000E-002  0.64900000000000002       0.17840000000000000        8.2799999999999999E-002
   93.000000000000000        7.4985514293293781E-002   5.0599999999999999E-002   3.9000000000000000E-002  0.64920000000000000       0.17840000000000000        8.2799999999999999E-002
   94.000000000000000        9.6066435326579186E-002   4.2599999999999999E-002   4.6399999999999997E-002  0.64639999999999997       0.17840000000000000        8.6199999999999999E-002
   95.000000000000000       0.11492470546091139        4.2599999999999999E-002   4.6399999999999997E-002  0.64680000000000004       0.17799999999999999        8.6199999999999999E-002
   96.000000000000000       0.13471029461467432        4.2200000000000001E-002   4.3200000000000002E-002  0.64880000000000004       0.17899999999999999        8.6800000000000002E-002
   97.000000000000000       0.15554110305131313        4.1200000000000001E-002   4.3999999999999997E-002  0.64880000000000004       0.17920000000000000        8.6800000000000002E-002
   98.000000000000000       0.17601704813866340        3.7199999999999997E-002   4.2200000000000001E-002  0.65220000000000000       0.18160000000000001        8.6800000000000002E-002
   99.000000000000000       0.19483451371125235        3.6999999999999998E-002   4.2200000000000001E-002  0.65039999999999998       0.18099999999999999        8.9399999999999993E-002
   100.00000000000000       0.21268091230497901        3.6600000000000001E-002   3.5999999999999997E-002  0.65500000000000003       0.18140000000000001        9.0999999999999998E-002
   101.00000000000000       0.22748486504462423        3.5999999999999997E-002   3.5999999999999997E-002  0.65559999999999996       0.18140000000000001        9.0999999999999998E-002
   102.00000000000000       0.24120021932484065        3.5400000000000001E-002   3.6600000000000001E-002  0.65500000000000003       0.18200000000000000        9.0999999999999998E-002
   103.00000000000000       0.25276173700125731        3.5400000000000001E-002   3.6400000000000002E-002  0.65500000000000003       0.18179999999999999        9.1399999999999995E-002
   104.00000000000000       0.26132886554983470        3.5400000000000001E-002   3.3599999999999998E-002  0.65780000000000005       0.18020000000000000        9.2999999999999999E-002
   105.00000000000000       0.28000791370127082        3.4599999999999999E-002   3.3200000000000000E-002  0.65759999999999996       0.18020000000000000        9.4399999999999998E-002
   106.00000000000000       0.28397580304114933        3.2599999999999997E-002   3.3200000000000000E-002  0.65959999999999996       0.18020000000000000        9.4399999999999998E-002
   107.00000000000000       0.28812242711598518        3.2599999999999997E-002   3.3399999999999999E-002  0.65520000000000000       0.18020000000000000        9.8599999999999993E-002
   108.00000000000000       0.29617234804462261        3.2399999999999998E-002   3.3000000000000002E-002  0.65120000000000000       0.18179999999999999       0.10160000000000000     
   109.00000000000000       0.30229752586737951        3.1600000000000003E-002   3.3399999999999999E-002  0.65159999999999996       0.18179999999999999       0.10160000000000000     
   110.00000000000000       0.29851024843100976        3.1600000000000003E-002   3.3200000000000000E-002  0.65139999999999998       0.18140000000000001       0.10240000000000000     
   111.00000000000000       0.30114877975547161        3.1399999999999997E-002   3.1000000000000000E-002  0.65300000000000002       0.18220000000000000       0.10240000000000000     
   112.00000000000000       0.30034334913843913        3.0599999999999999E-002   3.0800000000000001E-002  0.65359999999999996       0.18140000000000001       0.10360000000000000     
   113.00000000000000       0.29731952962651392        3.0599999999999999E-002   3.0599999999999999E-002  0.65259999999999996       0.18200000000000000       0.10420000000000000     
   114.00000000000000       0.29247136300768067        3.0599999999999999E-002   3.0599999999999999E-002  0.65200000000000002       0.18260000000000001       0.10420000000000000     
   115.00000000000000       0.28650619827945062        3.0599999999999999E-002   2.9200000000000000E-002  0.65300000000000002       0.18300000000000000       0.10420000000000000     
   116.00000000000000       0.28133772010820429        1.0000000000000000E-002   4.9399999999999999E-002  0.65339999999999998       0.18020000000000000       0.10700000000000000     
   117.00000000000000       0.27379724287632101        1.0000000000000000E-002   4.9399999999999999E-002  0.65300000000000002       0.17979999999999999       0.10780000000000001     
   118.00000000000000       0.26677837507255853        9.5999999999999992E-003   4.9399999999999999E-002  0.65239999999999998       0.17979999999999999       0.10879999999999999     
   119.00000000000000       0.25869193374180149        9.4000000000000004E-003   4.9399999999999999E-002  0.65080000000000005       0.17920000000000000       0.11119999999999999     
   120.00000000000000       0.24816020009324524        9.4000000000000004E-003   4.9399999999999999E-002  0.65039999999999998       0.17940000000000000       0.11140000000000000     
   121.00000000000000       0.23660581747125051        9.4000000000000004E-003   4.9399999999999999E-002  0.65020000000000000       0.17960000000000001       0.11140000000000000     
   122.00000000000000       0.22598055993941801        9.4000000000000004E-003   0.0000000000000000       0.69899999999999995       0.18020000000000000       0.11140000000000000     
   123.00000000000000       0.21836675567137984        9.4000000000000004E-003   0.0000000000000000       0.69899999999999995       0.18020000000000000       0.11140000000000000     
   124.00000000000000       0.22320747148288511        9.4000000000000004E-003   0.0000000000000000       0.69899999999999995       0.17380000000000001       0.11780000000000000     
   125.00000000000000       0.22131786695857372        9.4000000000000004E-003   0.0000000000000000       0.69899999999999995       0.16539999999999999       0.12620000000000001     
   126.00000000000000       0.21367107154976933        9.4000000000000004E-003   0.0000000000000000       0.69899999999999995       0.16239999999999999       0.12920000000000001     
   127.00000000000000       0.19985831539987989        9.4000000000000004E-003   0.0000000000000000       0.69899999999999995       0.16280000000000000       0.12880000000000000     
   128.00000000000000       0.18097426016208931        9.4000000000000004E-003   0.0000000000000000       0.69899999999999995       0.16039999999999999       0.13120000000000001     
   129.00000000000000       0.15711319935353837        9.4000000000000004E-003   0.0000000000000000       0.69899999999999995       0.16039999999999999       0.13120000000000001     
   130.00000000000000       0.12645585912930773        9.4000000000000004E-003  0.27379999999999999       0.41780000000000000       0.15700000000000000       0.14199999999999999     
   131.00000000000000       0.10594922930796208        8.6000000000000000E-003  0.27379999999999999       0.41580000000000000       0.15559999999999999       0.14620000000000000     
   132.00000000000000        8.8199887814822422E-002   8.6000000000000000E-003  0.27379999999999999       0.41580000000000000       0.14999999999999999       0.15179999999999999     
   133.00000000000000        7.0566206119426572E-002   8.6000000000000000E-003  0.27379999999999999       0.41399999999999998       0.14920000000000000       0.15440000000000001     
   134.00000000000000        5.2341005357723944E-002   8.3999999999999995E-003  0.27379999999999999       0.41399999999999998       0.14960000000000001       0.15420000000000000     
   135.00000000000000        3.5443591166493468E-002   2.3800000000000002E-002  0.25819999999999999       0.41420000000000001       0.14960000000000001       0.15420000000000000     
   136.00000000000000        2.4611142506495497E-002   2.3800000000000002E-002  0.25819999999999999       0.41380000000000000       0.14740000000000000       0.15679999999999999     
   137.00000000000000        2.3917779602553934E-002   2.3800000000000002E-002  0.25800000000000001       0.41039999999999999       0.14740000000000000       0.16039999999999999     
   138.00000000000000        2.3011497598044200E-002   2.3800000000000002E-002  0.25800000000000001       0.40999999999999998       0.14779999999999999       0.16039999999999999     
   139.00000000000000        2.4992724797979437E-002   2.3599999999999999E-002  0.25779999999999997       0.40720000000000001       0.14540000000000000       0.16600000000000001     
   140.00000000000000        2.4330552639134587E-002   2.3599999999999999E-002  0.25659999999999999       0.40639999999999998       0.14620000000000000       0.16719999999999999     
   141.00000000000000        3.3078410695231507E-002   2.1399999999999999E-002  0.25719999999999998       0.40520000000000000       0.14740000000000000       0.16880000000000001     
   142.00000000000000        2.6483357506371097E-002   2.1399999999999999E-002  0.25679999999999997       0.40560000000000002       0.14720000000000000       0.16900000000000001     
   143.00000000000000       -1.1399266402440496E-002   2.1000000000000001E-002  0.25740000000000002       0.40379999999999999       0.14460000000000001       0.17319999999999999     
   144.00000000000000        6.6154464533290575E-002   2.0199999999999999E-002  0.25200000000000000       0.40839999999999999       0.14520000000000000       0.17419999999999999     
   145.00000000000000        3.1231628222676625E-002   1.8599999999999998E-002  0.25340000000000001       0.40860000000000002       0.14419999999999999       0.17519999999999999     
   146.00000000000000       0.14894426020585577        1.6799999999999999E-002  0.25400000000000000       0.40839999999999999       0.14499999999999999       0.17580000000000001     
   147.00000000000000        4.6240679734159858E-002   1.6799999999999999E-002  0.25400000000000000       0.40760000000000002       0.14499999999999999       0.17660000000000001     
   148.00000000000000        3.2340721464731062E-002   5.0200000000000002E-002  0.22020000000000001       0.40579999999999999       0.14540000000000000       0.17840000000000000     
   149.00000000000000        3.7891102068514898E-002   5.0200000000000002E-002  0.22020000000000001       0.40520000000000000       0.14599999999999999       0.17840000000000000     
   150.00000000000000        5.3322112007447069E-002   4.9599999999999998E-002   5.9999999999999995E-004  0.62539999999999996       0.13960000000000000       0.18479999999999999     
   151.00000000000000        6.0460594346403773E-002   4.9599999999999998E-002   5.9999999999999995E-004  0.62539999999999996       0.13519999999999999       0.18920000000000001     
   152.00000000000000        8.4458488728630210E-002   4.9599999999999998E-002   5.9999999999999995E-004  0.62539999999999996       0.13519999999999999       0.18920000000000001     
   153.00000000000000       0.10608632460410138        4.9599999999999998E-002   5.9999999999999995E-004  0.62539999999999996       0.13519999999999999       0.18920000000000001     
   154.00000000000000       0.12490501845981766        4.9599999999999998E-002   5.9999999999999995E-004  0.62539999999999996       0.13200000000000001       0.19239999999999999     
   155.00000000000000       0.13986874677330949        4.9599999999999998E-002   5.9999999999999995E-004  0.62539999999999996       0.13200000000000001       0.19239999999999999     
   156.00000000000000       0.15199631758186843        4.9399999999999999E-002   5.9999999999999995E-004  0.62539999999999996       0.13120000000000001       0.19339999999999999     
   157.00000000000000       0.15866889588588284        4.9399999999999999E-002   5.9999999999999995E-004  0.62539999999999996       0.12800000000000000       0.19660000000000000     
   158.00000000000000       0.16060571152187186        4.9000000000000002E-002   5.9999999999999995E-004  0.62539999999999996       0.12839999999999999       0.19660000000000000     
   159.00000000000000       0.15863754586886117        4.9000000000000002E-002   5.9999999999999995E-004  0.62539999999999996       0.12740000000000001       0.19760000000000000     
   160.00000000000000       0.15248402633022079        4.8399999999999999E-002   1.0000000000000000E-003  0.62539999999999996       0.12540000000000001       0.19980000000000001     
   161.00000000000000       0.14273000009110565        4.7800000000000002E-002   1.0000000000000000E-003  0.62539999999999996       0.12420000000000000       0.20160000000000000     
   162.00000000000000       0.12950644013382395        4.6800000000000001E-002   1.0000000000000000E-003  0.62539999999999996       0.12440000000000000       0.20240000000000000     
   163.00000000000000       0.11274328778532880        4.5600000000000002E-002   2.2000000000000001E-003  0.62539999999999996       0.12479999999999999       0.20200000000000001     
   164.00000000000000        9.3673286352709245E-002   4.5199999999999997E-002   2.3999999999999998E-003  0.62539999999999996       0.12520000000000001       0.20180000000000001     
   165.00000000000000        7.3872033132864195E-002   4.2200000000000001E-002   5.4000000000000003E-003  0.62539999999999996       0.11600000000000001       0.21099999999999999     
   166.00000000000000        5.2422828139079933E-002   4.1000000000000002E-002   6.1999999999999998E-003  0.62539999999999996       0.11459999999999999       0.21279999999999999     
   167.00000000000000        3.1741513270173285E-002   4.1000000000000002E-002   6.1999999999999998E-003  0.62280000000000002       0.10960000000000000       0.22040000000000001     
   168.00000000000000        1.8678175646151922E-002   4.2799999999999998E-002   6.1999999999999998E-003  0.62100000000000000       0.11060000000000000       0.21940000000000001     
   169.00000000000000        1.5087576859390918E-002   4.2999999999999997E-002   6.1999999999999998E-003  0.61980000000000002       0.11080000000000000       0.22020000000000001     
   170.00000000000000        1.0865882102031939E-002   2.8199999999999999E-002   2.0600000000000000E-002  0.62019999999999997       0.10560000000000000       0.22539999999999999     
   171.00000000000000        5.2396745352130750E-003   2.8199999999999999E-002   2.0400000000000001E-002  0.61899999999999999       0.10660000000000000       0.22580000000000000     
   172.00000000000000       -7.6125834525473529E-004   2.8199999999999999E-002   2.0000000000000000E-002  0.61880000000000002       0.10680000000000001       0.22620000000000001     
   173.00000000000000       -9.5006701071139454E-003   2.8199999999999999E-002   1.9599999999999999E-002  0.61919999999999997       0.10720000000000000       0.22580000000000000     
   174.00000000000000       -1.3123514950827288E-002   2.8199999999999999E-002   1.9599999999999999E-002  0.61839999999999995       0.10199999999999999       0.23180000000000001     
   175.00000000000000       -1.9425518412391478E-002   0.0000000000000000        4.8000000000000001E-002  0.61819999999999997       0.10140000000000000       0.23240000000000000     
   176.00000000000000       -2.4813609142513210E-002   0.0000000000000000        4.8000000000000001E-002  0.61539999999999995       0.10180000000000000       0.23480000000000001     
   177.00000000000000       -3.0280443927925615E-002   0.0000000000000000        4.8000000000000001E-002  0.61539999999999995        9.9199999999999997E-002  0.23740000000000000     
   178.00000000000000       -3.4516829270720716E-002   0.0000000000000000        3.3399999999999999E-002  0.62980000000000003        9.8599999999999993E-002  0.23820000000000000     
   179.00000000000000       -3.4182000658551093E-002   0.0000000000000000        3.3399999999999999E-002  0.62980000000000003        9.9400000000000002E-002  0.23740000000000000     
   180.00000000000000       -1.8722777824583862E-002   0.0000000000000000        3.3399999999999999E-002  0.62980000000000003        9.9400000000000002E-002  0.23740000000000000     
   181.00000000000000       -1.3965241356245842E-003   0.0000000000000000        3.3399999999999999E-002  0.62980000000000003        9.5000000000000001E-002  0.24179999999999999     
   182.00000000000000        1.7004622207782909E-002   0.0000000000000000        3.3399999999999999E-002  0.62980000000000003        9.1200000000000003E-002  0.24560000000000001     
   183.00000000000000        3.5571350704203891E-002   0.0000000000000000        3.3399999999999999E-002  0.62980000000000003        9.2200000000000004E-002  0.24460000000000001     
   184.00000000000000        5.3485415149260293E-002   0.0000000000000000        3.3399999999999999E-002  0.62980000000000003        8.9800000000000005E-002  0.24700000000000000     
   185.00000000000000        6.9957662267300824E-002   0.0000000000000000        3.3399999999999999E-002  0.62980000000000003        9.0600000000000000E-002  0.24620000000000000     
   186.00000000000000        8.4183740831077020E-002   0.0000000000000000        3.3399999999999999E-002  0.62980000000000003       0.10120000000000000       0.23560000000000000     
   187.00000000000000        9.7734902619282527E-002   0.0000000000000000        3.3399999999999999E-002  0.62980000000000003        5.6599999999999998E-002  0.28020000000000000     
   188.00000000000000       0.10620997870382914        0.0000000000000000        3.3399999999999999E-002  0.62980000000000003        7.3800000000000004E-002  0.26300000000000001     
   189.00000000000000       0.11112752721126143        0.0000000000000000        3.3399999999999999E-002  0.62980000000000003        7.2400000000000006E-002  0.26440000000000002     
   190.00000000000000       0.11309569203741818        0.0000000000000000        3.3399999999999999E-002  0.62980000000000003        7.2400000000000006E-002  0.26440000000000002     
   191.00000000000000       0.11106739197896792        0.0000000000000000        3.3399999999999999E-002  0.62980000000000003        7.1800000000000003E-002  0.26500000000000001     
   192.00000000000000       0.10548031995507950        0.0000000000000000        2.4600000000000000E-002  0.63819999999999999        7.0999999999999994E-002  0.26619999999999999     
   193.00000000000000        9.9189462395011294E-002   0.0000000000000000        2.4600000000000000E-002  0.63719999999999999        7.1199999999999999E-002  0.26700000000000002     
   194.00000000000000       0.11497086413517178        0.0000000000000000        2.4600000000000000E-002  0.63719999999999999        7.0800000000000002E-002  0.26740000000000003     
   195.00000000000000       0.12977068157019414        4.0000000000000002E-004   2.4199999999999999E-002  0.63719999999999999        7.0800000000000002E-002  0.26740000000000003     
   196.00000000000000       0.14340273535512837        4.0000000000000002E-004   2.4000000000000000E-002  0.63539999999999996        7.2800000000000004E-002  0.26740000000000003     
   197.00000000000000       0.15534216720258076        4.0000000000000002E-004   2.4000000000000000E-002  0.63519999999999999        7.2999999999999995E-002  0.26740000000000003     
   198.00000000000000       0.16689407938262041        4.0000000000000002E-004   2.4000000000000000E-002  0.63519999999999999        7.2400000000000006E-002  0.26800000000000002     
   199.00000000000000       0.17385596392928832        4.0000000000000002E-004   2.3400000000000001E-002  0.63239999999999996        7.4200000000000002E-002  0.26960000000000001     
   200.00000000000000       0.17875377726069905        4.0000000000000002E-004   2.3199999999999998E-002  0.63219999999999998        7.4600000000000000E-002  0.26960000000000001     
   201.00000000000000       0.18294203569922152        2.0000000000000001E-004   2.2200000000000001E-002  0.62519999999999998        7.8799999999999995E-002  0.27360000000000001     
   202.00000000000000       0.18380598464023074        4.0000000000000002E-004   2.1800000000000000E-002  0.62080000000000002        7.9200000000000007E-002  0.27779999999999999     
   203.00000000000000       0.18106824047186670        2.0000000000000001E-004   2.1000000000000001E-002  0.62100000000000000        8.0199999999999994E-002  0.27760000000000001     
   204.00000000000000       0.17586989334711456        2.0000000000000001E-004   1.9599999999999999E-002  0.61980000000000002        8.2400000000000001E-002  0.27800000000000002     
   205.00000000000000       0.16783075896739982        2.0000000000000001E-004   1.9599999999999999E-002  0.61980000000000002        8.1600000000000006E-002  0.27879999999999999     
   206.00000000000000       0.15716154382891734        2.0000000000000001E-004   1.9599999999999999E-002  0.61960000000000004        7.9000000000000001E-002  0.28160000000000002     
   207.00000000000000       0.14433449119113939        2.0000000000000001E-004   1.8200000000000001E-002  0.62080000000000002        8.2400000000000001E-002  0.27839999999999998     
   208.00000000000000       0.13046584854011509        2.0000000000000001E-004   1.8599999999999998E-002  0.61860000000000004        7.8200000000000006E-002  0.28439999999999999     
   209.00000000000000       0.11398108420435235        2.0000000000000001E-004   1.8400000000000000E-002  0.61880000000000002        7.6999999999999999E-002  0.28560000000000002     
   210.00000000000000        9.6315628823700483E-002   2.0000000000000001E-004   1.7399999999999999E-002  0.61980000000000002        7.8000000000000000E-002  0.28460000000000002     
   211.00000000000000        7.7653020323134883E-002   2.0000000000000001E-004   1.7200000000000000E-002  0.61980000000000002        7.5800000000000006E-002  0.28699999999999998     
   212.00000000000000        5.7600350690563920E-002   2.0000000000000001E-004   1.7200000000000000E-002  0.61980000000000002        7.5999999999999998E-002  0.28680000000000000     
   213.00000000000000        3.6939107015305055E-002   6.0000000000000001E-003   1.1400000000000000E-002  0.61980000000000002        7.5999999999999998E-002  0.28680000000000000     
   214.00000000000000        1.6843928898491303E-002   6.0000000000000001E-003   1.1800000000000000E-002  0.61939999999999995        7.5999999999999998E-002  0.28680000000000000     
   215.00000000000000        2.3500001255831925E-002   4.5999999999999999E-003   1.3200000000000000E-002  0.61939999999999995        7.5999999999999998E-002  0.28680000000000000     
   216.00000000000000        4.8479258822018173E-002   4.5999999999999999E-003   1.3200000000000000E-002  0.61939999999999995        7.5200000000000003E-002  0.28760000000000002     
