#        BMIN =   404
#        BMAX =   408
#     INIBAND =   406
#      NBANDS =   540
#         NSW =  2000
#       POTIM =   1.0
#        TEMP = 300.0
#    NAMDTINI =     2
#    NAMDTIME =  1000
#       NTRAJ =  5000
#        NELM =  1000
#       LHOLE =     T
#        LSHP =     T
#      LCPTXT =     T
#      RUNDIR = ../../run/
   1.0000000000000000       0.17524407846417384        0.0000000000000000        0.0000000000000000        1.0000000000000000        0.0000000000000000        0.0000000000000000     
   2.0000000000000000       0.17405778131466459        0.0000000000000000        0.0000000000000000        1.0000000000000000        0.0000000000000000        0.0000000000000000     
   3.0000000000000000       0.17380260279864285        0.0000000000000000        0.0000000000000000       0.99939999999999996        5.9999999999999995E-004   0.0000000000000000     
   4.0000000000000000       0.17556793674003135        0.0000000000000000        0.0000000000000000       0.99919999999999998        5.9999999999999995E-004   2.0000000000000001E-004
   5.0000000000000000       0.17980020076519024        0.0000000000000000        0.0000000000000000       0.99919999999999998        5.9999999999999995E-004   2.0000000000000001E-004
   6.0000000000000000       0.18472169184316142        0.0000000000000000        0.0000000000000000       0.99900000000000000        8.0000000000000004E-004   2.0000000000000001E-004
   7.0000000000000000       0.19095011221178915        0.0000000000000000        0.0000000000000000       0.99839999999999995        1.4000000000000000E-003   2.0000000000000001E-004
   8.0000000000000000       0.19983860925128191        0.0000000000000000        0.0000000000000000       0.99460000000000004        5.1999999999999998E-003   2.0000000000000001E-004
   9.0000000000000000       0.21017789022163605        0.0000000000000000        0.0000000000000000       0.98919999999999997        1.0600000000000000E-002   2.0000000000000001E-004
   10.000000000000000       0.24692212206576553        0.0000000000000000        0.0000000000000000       0.98899999999999999        1.0600000000000000E-002   4.0000000000000002E-004
   11.000000000000000       0.24739450425905124        0.0000000000000000        2.3999999999999998E-003  0.98660000000000003        1.0600000000000000E-002   4.0000000000000002E-004
   12.000000000000000       0.24941786675513558        0.0000000000000000        2.0000000000000000E-003  0.98699999999999999        1.0000000000000000E-002   1.0000000000000000E-003
   13.000000000000000       0.25376851421401375        0.0000000000000000        1.8000000000000000E-003  0.98719999999999997        9.7999999999999997E-003   1.1999999999999999E-003
   14.000000000000000       0.25698721158329424        0.0000000000000000       0.27579999999999999       0.71040000000000003        1.2400000000000000E-002   1.4000000000000000E-003
   15.000000000000000       0.29176967935533460        0.0000000000000000       0.38019999999999998       0.59819999999999995        2.0000000000000000E-002   1.6000000000000001E-003
   16.000000000000000       0.24758346829017916        0.0000000000000000       0.49159999999999998       0.48540000000000000        2.0400000000000001E-002   2.5999999999999999E-003
   17.000000000000000       0.28423829861455230        0.0000000000000000       0.51880000000000004       0.45820000000000000        2.0400000000000001E-002   2.5999999999999999E-003
   18.000000000000000       0.28061423191860324        0.0000000000000000       0.60980000000000001       0.36280000000000001        2.3000000000000000E-002   4.4000000000000003E-003
   19.000000000000000       0.13629126805472391        0.0000000000000000       0.38919999999999999       0.58379999999999999        1.7200000000000000E-002   9.7999999999999997E-003
   20.000000000000000       0.33537543137438497        0.0000000000000000       0.41599999999999998       0.54139999999999999        2.3599999999999999E-002   1.9000000000000000E-002
   21.000000000000000       0.20947499580984788        0.0000000000000000       0.41620000000000001       0.53159999999999996        3.3200000000000000E-002   1.9000000000000000E-002
   22.000000000000000       -8.3579786560488256E-002   0.0000000000000000       0.31879999999999997       0.58660000000000001        7.4800000000000005E-002   1.9800000000000002E-002
   23.000000000000000       0.52555245695344277        2.0000000000000001E-004  0.30900000000000000       0.58440000000000003        7.7600000000000002E-002   2.8799999999999999E-002
   24.000000000000000       0.56091314510113366        2.0000000000000001E-004  0.18220000000000000       0.69520000000000004        7.9600000000000004E-002   4.2799999999999998E-002
   25.000000000000000       0.45255983181659992        2.0000000000000001E-004  0.17940000000000000       0.69799999999999995        7.9600000000000004E-002   4.2799999999999998E-002
   26.000000000000000       0.48834201499739571        2.0000000000000001E-004  0.17960000000000001       0.65339999999999998        8.1400000000000000E-002   8.5400000000000004E-002
   27.000000000000000       -7.7734959692011135E-002   0.0000000000000000       0.18659999999999999       0.64139999999999997        8.1400000000000000E-002   9.0600000000000000E-002
   28.000000000000000       0.30726653069764431        0.0000000000000000       0.18640000000000001       0.64159999999999995        8.1400000000000000E-002   9.0600000000000000E-002
   29.000000000000000       0.30239662334335476        0.0000000000000000       0.18579999999999999       0.62939999999999996        8.2000000000000003E-002  0.10280000000000000     
   30.000000000000000       0.30467503632010906        0.0000000000000000       0.18540000000000001       0.61280000000000001        9.4399999999999998E-002  0.10740000000000000     
   31.000000000000000       0.28662702600656736        0.0000000000000000       0.18540000000000001       0.60080000000000000        9.4399999999999998E-002  0.11940000000000001     
   32.000000000000000       0.27236268347125836        0.0000000000000000       0.18300000000000000       0.60140000000000005        9.3399999999999997E-002  0.12220000000000000     
   33.000000000000000       0.25406944829091788        0.0000000000000000       0.18040000000000000       0.59360000000000002       0.10380000000000000       0.12220000000000000     
   34.000000000000000       0.23397795325625215        0.0000000000000000       0.18179999999999999       0.57979999999999998       0.11140000000000000       0.12700000000000000     
   35.000000000000000       0.20728482615666666        0.0000000000000000       0.18240000000000001       0.57840000000000003       0.11219999999999999       0.12700000000000000     
   36.000000000000000       0.18031421736205766        0.0000000000000000       0.16520000000000001       0.59179999999999999       0.11600000000000001       0.12700000000000000     
   37.000000000000000       0.16897138270891993        0.0000000000000000       0.16520000000000001       0.59179999999999999       0.11600000000000001       0.12700000000000000     
   38.000000000000000       0.17982466925793411        0.0000000000000000       0.16480000000000000       0.59179999999999999       0.11600000000000001       0.12740000000000001     
   39.000000000000000       0.18644186308443611        0.0000000000000000       0.16480000000000000       0.59179999999999999       0.11580000000000000       0.12759999999999999     
   40.000000000000000       0.18750056022633613        0.0000000000000000       0.16480000000000000       0.63739999999999997        7.0000000000000007E-002  0.12780000000000000     
   41.000000000000000       0.17287149240351238        2.0000000000000001E-004  0.16460000000000000       0.63739999999999997        7.0000000000000007E-002  0.12780000000000000     
   42.000000000000000       0.15584920420647169        2.0000000000000001E-004  0.16460000000000000       0.63739999999999997        7.0000000000000007E-002  0.12780000000000000     
   43.000000000000000       0.14472346329397034        2.0000000000000001E-004  0.16380000000000000       0.63600000000000001        7.0000000000000007E-002  0.13000000000000000     
   44.000000000000000       0.12317732090608347        2.0000000000000001E-004  0.16380000000000000       0.63519999999999999        7.0000000000000007E-002  0.13080000000000000     
   45.000000000000000       0.11163928003243678        2.0000000000000001E-004  0.16380000000000000       0.61080000000000001        9.3799999999999994E-002  0.13139999999999999     
   46.000000000000000       0.10055720197139846        2.0000000000000001E-004  0.16380000000000000       0.61119999999999997        9.2999999999999999E-002  0.13180000000000000     
   47.000000000000000        7.3690499847138574E-002   2.0000000000000001E-004  0.16339999999999999       0.61119999999999997        9.2999999999999999E-002  0.13220000000000001     
   48.000000000000000        4.4321056054623151E-002   2.0000000000000001E-004  0.16339999999999999       0.61119999999999997        9.2999999999999999E-002  0.13220000000000001     
   49.000000000000000        1.4054666271857582E-002   2.0000000000000001E-004  0.16339999999999999       0.61119999999999997        9.2999999999999999E-002  0.13220000000000001     
   50.000000000000000       -1.5809965858548221E-002   2.0000000000000001E-004  0.16320000000000001       0.61119999999999997        9.3200000000000005E-002  0.13220000000000001     
   51.000000000000000       -4.6156078251014927E-002   2.0000000000000001E-004  0.23440000000000000       0.54000000000000004        9.2600000000000002E-002  0.13280000000000000     
   52.000000000000000       -5.7629847805678695E-002   2.0000000000000001E-004  0.23440000000000000       0.53859999999999997        9.2600000000000002E-002  0.13420000000000001     
   53.000000000000000       -6.2781504169539148E-002   2.0000000000000001E-004  0.23440000000000000       0.53859999999999997        9.1999999999999998E-002  0.13480000000000000     
   54.000000000000000       -6.6132212304002652E-002   2.0000000000000001E-004  0.23440000000000000       0.53859999999999997        9.0999999999999998E-002  0.13580000000000000     
   55.000000000000000       -6.7107629447998460E-002   6.7199999999999996E-002  0.16360000000000000       0.54139999999999999       0.10080000000000000       0.12700000000000000     
   56.000000000000000       -6.1757051049812411E-002   6.5400000000000000E-002  0.16539999999999999       0.53859999999999997       0.11180000000000000       0.11880000000000000     
   57.000000000000000       -5.2812139190315494E-002   6.5400000000000000E-002  0.16420000000000001       0.53820000000000001       0.11260000000000001       0.11960000000000000     
   58.000000000000000       -4.0507691474228044E-002   7.0800000000000002E-002  0.15500000000000000       0.53359999999999996       0.11740000000000000       0.12320000000000000     
   59.000000000000000       -2.6200508434331242E-002   8.1799999999999998E-002  0.14280000000000001       0.51659999999999995       0.12659999999999999       0.13220000000000001     
   60.000000000000000       -1.5062023743928531E-002   8.1799999999999998E-002  0.14180000000000001       0.51439999999999997       0.12759999999999999       0.13439999999999999     
   61.000000000000000       -4.2532220303918428E-003   9.6199999999999994E-002  0.12559999999999999       0.51339999999999997       0.12920000000000001       0.13560000000000000     
   62.000000000000000        5.2978428830386948E-003   9.7600000000000006E-002  0.12400000000000000       0.51339999999999997       0.12980000000000000       0.13519999999999999     
   63.000000000000000        1.4972875282318072E-002   9.0800000000000006E-002  0.12959999999999999       0.51380000000000003       0.12740000000000001       0.13840000000000000     
   64.000000000000000        2.5682282883487083E-002   8.9599999999999999E-002  0.12859999999999999       0.50900000000000001       0.13320000000000001       0.13960000000000000     
   65.000000000000000        3.5281223270480659E-002   8.9599999999999999E-002  0.12680000000000000       0.51000000000000001       0.13320000000000001       0.14040000000000000     
   66.000000000000000        4.5432731922378893E-002   8.9599999999999999E-002  0.12460000000000000       0.50860000000000005       0.13719999999999999       0.14000000000000001     
   67.000000000000000        5.7962106020785074E-002   1.9599999999999999E-002  0.19380000000000000       0.50019999999999998       0.14180000000000001       0.14460000000000001     
   68.000000000000000        6.9236237270957554E-002   2.4400000000000002E-002  0.19400000000000001       0.49159999999999998       0.14040000000000000       0.14960000000000001     
   69.000000000000000        8.1248139810325665E-002   3.3200000000000000E-002  0.19400000000000001       0.47980000000000000       0.14040000000000000       0.15260000000000001     
   70.000000000000000        9.4008687577312816E-002   3.1199999999999999E-002  0.19400000000000001       0.48099999999999998       0.13980000000000001       0.15400000000000000     
   71.000000000000000       0.10853383916116116       0.10780000000000001       0.19380000000000000       0.40460000000000002       0.13980000000000001       0.15400000000000000     
   72.000000000000000       0.12837096808480553       0.11980000000000000       0.19380000000000000       0.38700000000000001       0.13940000000000000       0.16000000000000000     
   73.000000000000000       0.14561431245965151       0.11860000000000000       0.19380000000000000       0.38479999999999998       0.14180000000000001       0.16100000000000000     
   74.000000000000000       0.16171544522592088       0.11740000000000000       0.19380000000000000       0.38600000000000001       0.14099999999999999       0.16180000000000000     
   75.000000000000000       0.17587078106611700       0.20899999999999999       0.10180000000000000       0.38240000000000002       0.14260000000000000       0.16420000000000001     
   76.000000000000000       0.19039957444736533       0.20899999999999999       0.10180000000000000       0.38140000000000002       0.14380000000000001       0.16400000000000001     
   77.000000000000000       0.20166581766332986       0.20899999999999999       0.10040000000000000       0.38100000000000001       0.14380000000000001       0.16580000000000000     
   78.000000000000000       0.20963811120387116       0.20780000000000001       0.10199999999999999       0.37980000000000003       0.14380000000000001       0.16660000000000000     
   79.000000000000000       0.21812786427927316       0.20720000000000000       0.10340000000000001       0.37540000000000001       0.14779999999999999       0.16619999999999999     
   80.000000000000000       0.22921859004156087       0.20720000000000000       0.10160000000000000       0.37359999999999999       0.14779999999999999       0.16980000000000001     
   81.000000000000000       0.23786080616924926       0.20680000000000001       0.10059999999999999       0.37500000000000000       0.14419999999999999       0.17340000000000000     
   82.000000000000000       0.24755691831167187       0.20560000000000000       0.10480000000000000       0.36320000000000002       0.14840000000000000       0.17799999999999999     
   83.000000000000000       0.25452876640654193       0.20440000000000000       0.10320000000000000       0.36020000000000002       0.15440000000000001       0.17780000000000001     
   84.000000000000000       0.25483340610486716       0.20460000000000000       0.46300000000000002        0.0000000000000000       0.15440000000000001       0.17799999999999999     
   85.000000000000000       0.25876573537165132       0.20440000000000000       0.46020000000000000        3.0000000000000001E-003  0.15440000000000001       0.17799999999999999     
   86.000000000000000       0.25889692616321069       0.20440000000000000       0.45800000000000002        2.8000000000000000E-003  0.15520000000000000       0.17960000000000001     
   87.000000000000000       0.25675966677915540       0.20440000000000000       0.45460000000000000        4.5999999999999999E-003  0.15500000000000000       0.18140000000000001     
   88.000000000000000       0.25237258260193052       0.20399999999999999       0.45419999999999999        4.7999999999999996E-003  0.15500000000000000       0.18200000000000000     
   89.000000000000000       0.24739478062694042       0.20280000000000001       0.45400000000000001        4.7999999999999996E-003  0.15640000000000001       0.18200000000000000     
   90.000000000000000       0.23929503162544036       0.20260000000000000       0.44940000000000002        5.1999999999999998E-003  0.16080000000000000       0.18200000000000000     
   91.000000000000000       0.23021154476894279       0.20200000000000001       0.44900000000000001        4.4000000000000003E-003  0.16180000000000000       0.18279999999999999     
   92.000000000000000       0.21917697471460351       0.20180000000000001       0.44900000000000001        4.1999999999999997E-003  0.16220000000000001       0.18279999999999999     
   93.000000000000000       0.20589756497072187       0.20119999999999999       0.44760000000000000        4.1999999999999997E-003  0.16420000000000001       0.18279999999999999     
   94.000000000000000       0.19492047061123566       0.19860000000000000       0.44600000000000001        4.0000000000000001E-003  0.16700000000000001       0.18440000000000001     
   95.000000000000000       0.17836176543738946       0.19439999999999999       0.44679999999999997        5.7999999999999996E-003  0.16819999999999999       0.18479999999999999     
   96.000000000000000       0.16131465476641871       0.19580000000000000       0.44400000000000001        6.0000000000000001E-003  0.16819999999999999       0.18600000000000000     
   97.000000000000000       0.14335994422779083       0.19300000000000000       0.44400000000000001        6.6000000000000000E-003  0.16919999999999999       0.18720000000000001     
   98.000000000000000       0.12449756023616058       0.17879999999999999       0.45419999999999999        9.1999999999999998E-003  0.17019999999999999       0.18759999999999999     
   99.000000000000000       0.10473854436698411       0.18120000000000000       0.45060000000000000        9.1999999999999998E-003  0.16980000000000001       0.18920000000000001     
   100.00000000000000       0.10792481150808128       0.18120000000000000       0.45060000000000000        9.1999999999999998E-003  0.16980000000000001       0.18920000000000001     
   101.00000000000000       0.11410828288405271       0.18099999999999999       0.45079999999999998        8.9999999999999993E-003  0.16980000000000001       0.18940000000000001     
   102.00000000000000       0.12426931874416201       0.18099999999999999       0.45079999999999998        8.3999999999999995E-003  0.17000000000000001       0.18980000000000000     
   103.00000000000000       0.13448347413386752       0.18099999999999999       0.44519999999999998        1.2999999999999999E-002  0.17080000000000001       0.19000000000000000     
   104.00000000000000       0.13333582749418668       0.18099999999999999       0.44100000000000000        1.2999999999999999E-002  0.17319999999999999       0.19180000000000000     
   105.00000000000000       0.12397999773600130       0.18099999999999999       0.44100000000000000        1.2999999999999999E-002  0.17280000000000001       0.19220000000000001     
   106.00000000000000       0.11416556542501456       0.18079999999999999       0.44040000000000001        1.3200000000000000E-002  0.17160000000000000       0.19400000000000001     
   107.00000000000000       0.10394707774246573       0.18079999999999999       0.44000000000000000        1.3200000000000000E-002  0.17199999999999999       0.19400000000000001     
   108.00000000000000        9.3833543319805729E-002  0.18060000000000001       0.44000000000000000        1.3400000000000000E-002  0.17199999999999999       0.19400000000000001     
   109.00000000000000        8.3190759214647025E-002  0.18060000000000001       0.44000000000000000        1.3400000000000000E-002  0.17199999999999999       0.19400000000000001     
   110.00000000000000        7.2759697629044662E-002  0.18060000000000001       0.44000000000000000        1.3400000000000000E-002  0.17199999999999999       0.19400000000000001     
   111.00000000000000        6.4074819654536846E-002  0.18060000000000001       0.44000000000000000        1.3400000000000000E-002  0.17080000000000001       0.19520000000000001     
   112.00000000000000        5.4351131385728300E-002  0.18040000000000000       0.43800000000000000        1.3800000000000000E-002  0.17040000000000000       0.19739999999999999     
   113.00000000000000        4.9831203618480993E-002  0.18040000000000000       0.44400000000000001        6.7999999999999996E-003  0.17140000000000000       0.19739999999999999     
   114.00000000000000        4.7154197413893525E-002  0.18040000000000000       0.44419999999999998        6.4000000000000003E-003  0.17140000000000000       0.19760000000000000     
   115.00000000000000        3.2035099519932150E-002  0.18040000000000000       0.44419999999999998        6.4000000000000003E-003  0.17140000000000000       0.19760000000000000     
   116.00000000000000        1.9740923161432895E-002   7.1400000000000005E-002  0.55240000000000000        5.7999999999999996E-003  0.17199999999999999       0.19839999999999999     
   117.00000000000000        1.4239164744032959E-002   7.1400000000000005E-002  0.54959999999999998        8.3999999999999995E-003  0.17199999999999999       0.19860000000000000     
   118.00000000000000        2.1166820607648386E-002   7.1199999999999999E-002  0.54979999999999996        7.7999999999999996E-003  0.17199999999999999       0.19919999999999999     
   119.00000000000000        2.9700651492091279E-002   7.1199999999999999E-002  0.55040000000000000        7.1999999999999998E-003  0.17199999999999999       0.19919999999999999     
   120.00000000000000        3.9422314740451984E-002   7.1199999999999999E-002  0.54720000000000002        9.7999999999999997E-003  0.17219999999999999       0.19960000000000000     
   121.00000000000000        4.6713190293826728E-002   7.0000000000000007E-002  0.54740000000000000        1.0200000000000001E-002  0.17260000000000000       0.19980000000000001     
   122.00000000000000        5.0232007467869579E-002   7.0199999999999999E-002  0.54359999999999997        1.1599999999999999E-002  0.17440000000000000       0.20019999999999999     
   123.00000000000000        4.9585192454518652E-002   7.0199999999999999E-002  0.54300000000000004        1.2000000000000000E-002  0.17440000000000000       0.20039999999999999     
   124.00000000000000        4.6741370289743706E-002   7.0400000000000004E-002  0.54279999999999995        1.1800000000000000E-002  0.17460000000000001       0.20039999999999999     
   125.00000000000000        4.3094040839951699E-002   6.9599999999999995E-002  0.54259999999999997        1.0999999999999999E-002  0.17599999999999999       0.20080000000000001     
   126.00000000000000        3.7430330625062971E-002   7.0000000000000007E-002  0.54220000000000002        1.0800000000000001E-002  0.17480000000000001       0.20219999999999999     
   127.00000000000000        3.1836721395642802E-002   7.0400000000000004E-002  0.53920000000000001        1.0000000000000000E-002  0.17799999999999999       0.20240000000000000     
   128.00000000000000        2.3965330906249908E-002   7.0000000000000007E-002  0.53839999999999999        1.1200000000000000E-002  0.17799999999999999       0.20240000000000000     
   129.00000000000000        1.4750105705473977E-002   6.9800000000000001E-002  0.53879999999999995        1.0999999999999999E-002  0.17780000000000001       0.20260000000000000     
   130.00000000000000        4.5821269503572015E-003   6.9800000000000001E-002  0.53639999999999999        1.3400000000000000E-002  0.17780000000000001       0.20260000000000000     
   131.00000000000000       -7.5375020508373358E-003  0.10420000000000000       0.50000000000000000        1.2400000000000000E-002  0.18060000000000001       0.20280000000000001     
   132.00000000000000       -1.0238185112206213E-002  0.10420000000000000       0.50000000000000000        1.2400000000000000E-002  0.18060000000000001       0.20280000000000001     
   133.00000000000000        7.9561288313168624E-003  0.10400000000000000       0.49399999999999999        1.7999999999999999E-002  0.18099999999999999       0.20300000000000001     
   134.00000000000000        9.5651533506159528E-003  0.10480000000000000       0.49320000000000003        1.7999999999999999E-002  0.17799999999999999       0.20599999999999999     
   135.00000000000000       -7.7505666388968664E-003  0.10320000000000000       0.49480000000000002        1.7999999999999999E-002  0.17660000000000001       0.20740000000000000     
   136.00000000000000       -2.3221520677559858E-002  0.10320000000000000       0.49480000000000002        1.9199999999999998E-002  0.17540000000000000       0.20740000000000000     
   137.00000000000000       -3.7716936085402483E-002  0.17419999999999999       0.42299999999999999        1.9599999999999999E-002  0.17599999999999999       0.20720000000000000     
   138.00000000000000       -3.2254139595436826E-002  0.17440000000000000       0.42259999999999998        1.7800000000000000E-002  0.38519999999999999        0.0000000000000000     
   139.00000000000000       -9.2499404157115606E-003  0.17399999999999999       0.42299999999999999        1.7999999999999999E-002  0.38500000000000001        0.0000000000000000     
   140.00000000000000       -5.2903114219761613E-003  0.17860000000000001       0.41839999999999999        1.4200000000000001E-002  0.38879999999999998        0.0000000000000000     
   141.00000000000000       -4.7871605837637582E-003  0.17840000000000000       0.41860000000000003        1.1800000000000000E-002  0.39119999999999999        0.0000000000000000     
   142.00000000000000       -8.2701778966926126E-003  0.17840000000000000       0.41860000000000003        1.2200000000000001E-002  0.39079999999999998        0.0000000000000000     
   143.00000000000000       -1.5563021790677783E-002  0.17879999999999999       0.41820000000000002        1.2200000000000001E-002  0.39079999999999998        0.0000000000000000     
   144.00000000000000       -2.7248006989589905E-002  0.27020000000000000       0.32679999999999998        1.0800000000000001E-002  0.39219999999999999        0.0000000000000000     
   145.00000000000000       -4.2007896163973255E-002  0.28280000000000000       0.31419999999999998        1.0600000000000000E-002  0.39240000000000003        0.0000000000000000     
   146.00000000000000       -6.0750298884297171E-002  0.36420000000000002       0.23280000000000001        8.2000000000000007E-003  0.39479999999999998        0.0000000000000000     
   147.00000000000000       -8.2595358158025559E-002  0.40579999999999999       0.19120000000000001        8.8000000000000005E-003  0.39419999999999999        0.0000000000000000     
   148.00000000000000      -0.10768793819174413       0.42299999999999999       0.17399999999999999        8.0000000000000002E-003  0.39500000000000002        0.0000000000000000     
   149.00000000000000      -0.13386110162983833       0.41959999999999997       0.17740000000000000        9.5999999999999992E-003  0.39340000000000003        0.0000000000000000     
   150.00000000000000      -0.16023472696186350       0.41399999999999998       0.18300000000000000        1.0800000000000001E-002  0.32000000000000001        7.2200000000000000E-002
   151.00000000000000      -0.19332615852383253       0.41460000000000002       0.18240000000000001        2.2000000000000001E-003  0.33820000000000000        6.2600000000000003E-002
   152.00000000000000      -0.22831388976604819       0.41360000000000002       0.18320000000000000        2.2000000000000001E-003  0.33779999999999999        6.3200000000000006E-002
   153.00000000000000      -0.23750653564877397       0.13840000000000000       0.45639999999999997        2.2000000000000001E-003  0.29580000000000001       0.10720000000000000     
   154.00000000000000      -0.23257350047390624       0.13519999999999999       0.45939999999999998        2.2000000000000001E-003  0.29060000000000002       0.11260000000000001     
   155.00000000000000      -0.21930441882821011       0.13619999999999999       0.45619999999999999        2.2000000000000001E-003  0.29420000000000002       0.11119999999999999     
   156.00000000000000      -0.20021366757349729       0.13639999999999999       0.45300000000000001        2.2000000000000001E-003  0.28420000000000001       0.12420000000000000     
   157.00000000000000      -0.18035069119167962       0.13639999999999999       0.44400000000000001        7.4000000000000003E-003  0.28820000000000001       0.12400000000000000     
   158.00000000000000      -0.16087498270787814       0.13639999999999999       0.44400000000000001        7.4000000000000003E-003  0.28520000000000001       0.12700000000000000     
   159.00000000000000      -0.15335325612315348       0.13539999999999999       0.44400000000000001        6.7999999999999996E-003  0.28620000000000001       0.12759999999999999     
   160.00000000000000      -0.14165781876757341       0.13380000000000000       0.44400000000000001        8.3999999999999995E-003  0.28599999999999998       0.12780000000000000     
   161.00000000000000      -0.12608518974959648       0.13280000000000000       0.44400000000000001        8.9999999999999993E-003  0.28599999999999998       0.12820000000000001     
   162.00000000000000      -0.10726719956076559       0.13280000000000000       0.44400000000000001        8.9999999999999993E-003  0.28599999999999998       0.12820000000000001     
   163.00000000000000       -8.5827647926797368E-002  0.13260000000000000       0.44400000000000001        9.1999999999999998E-003  0.28599999999999998       0.12820000000000001     
   164.00000000000000       -6.1621247688879235E-002  0.13100000000000001       0.44400000000000001        8.3999999999999995E-003  0.28760000000000002       0.12900000000000000     
   165.00000000000000       -3.6645915354977007E-002  0.13059999999999999       0.44400000000000001        8.3999999999999995E-003  0.28739999999999999       0.12959999999999999     
   166.00000000000000       -1.0054891976196280E-002  0.12800000000000000       0.44400000000000001        8.8000000000000005E-003  0.28699999999999998       0.13220000000000001     
   167.00000000000000        1.4763715777494177E-002  0.12800000000000000       0.44400000000000001        8.8000000000000005E-003  0.28280000000000000       0.13639999999999999     
   168.00000000000000        3.9571490606805329E-002  0.12740000000000001       0.44400000000000001        8.9999999999999993E-003  0.28320000000000001       0.13639999999999999     
   169.00000000000000        6.2112388224994423E-002  0.12740000000000001       0.44400000000000001        8.8000000000000005E-003  0.28420000000000001       0.13560000000000000     
   170.00000000000000        8.3152521952570252E-002  0.12740000000000001       0.44400000000000001        8.8000000000000005E-003  0.28480000000000000       0.13500000000000001     
   171.00000000000000       0.10244179692928287       0.12640000000000001       0.44400000000000001        8.6000000000000000E-003  0.27960000000000002       0.14140000000000000     
   172.00000000000000       0.11801224800702745       0.12640000000000001       0.44400000000000001        8.3999999999999995E-003  0.28179999999999999       0.13940000000000000     
   173.00000000000000       0.13127865975570943       0.12520000000000001       0.44400000000000001        8.3999999999999995E-003  0.28199999999999997       0.14040000000000000     
   174.00000000000000       0.14159819747983207       0.12520000000000001       0.44400000000000001        8.6000000000000000E-003  0.27400000000000002       0.14820000000000000     
   175.00000000000000       0.14846253424712474       0.12520000000000001       0.44400000000000001        8.6000000000000000E-003  0.27500000000000002       0.14720000000000000     
   176.00000000000000       0.15246395321138057       0.12479999999999999       0.44400000000000001        8.0000000000000002E-003  0.27560000000000001       0.14760000000000001     
   177.00000000000000       0.15332478222551180       0.12460000000000000       0.44400000000000001        7.0000000000000001E-003  0.27679999999999999       0.14760000000000001     
   178.00000000000000       0.15075625594878211       0.12420000000000000       0.44400000000000001        7.1999999999999998E-003  0.27639999999999998       0.14820000000000000     
   179.00000000000000       0.14502128979811313       0.12420000000000000       0.44400000000000001        7.1999999999999998E-003  0.27660000000000001       0.14799999999999999     
   180.00000000000000       0.12680059663453155       0.43020000000000003       0.13760000000000000        6.4000000000000003E-003  0.27720000000000000       0.14860000000000001     
   181.00000000000000       0.12650719938650343       0.42999999999999999       0.13600000000000001        5.5999999999999999E-003  0.27979999999999999       0.14860000000000001     
   182.00000000000000       0.11461753233533946       0.42999999999999999       0.13339999999999999        5.5999999999999999E-003  0.28239999999999998       0.14860000000000001     
   183.00000000000000       0.10072272478562380       0.42759999999999998       0.13539999999999999        6.0000000000000001E-003  0.28179999999999999       0.14920000000000000     
   184.00000000000000        9.2467632971487940E-002  0.42759999999999998       0.13500000000000001        6.0000000000000001E-003  0.28179999999999999       0.14960000000000001     
   185.00000000000000        9.3851230507081135E-002  0.42280000000000001       0.13860000000000000        6.1999999999999998E-003  0.28260000000000002       0.14979999999999999     
   186.00000000000000        9.3706714834769111E-002  0.42020000000000002       0.14019999999999999        7.1999999999999998E-003  0.28260000000000002       0.14979999999999999     
   187.00000000000000        9.1260103739153359E-002  0.41780000000000000       0.14219999999999999        7.7999999999999996E-003  0.28260000000000002       0.14960000000000001     
   188.00000000000000        8.9003910692326410E-002  0.39739999999999998       0.16159999999999999        8.9999999999999993E-003  0.28239999999999998       0.14960000000000001     
   189.00000000000000        8.2995205396984364E-002  0.39579999999999999       0.16239999999999999        9.1999999999999998E-003  0.28399999999999997       0.14860000000000001     
   190.00000000000000        7.5630950671203234E-002  0.40220000000000000       0.15520000000000000        9.4000000000000004E-003  0.28320000000000001       0.14999999999999999     
   191.00000000000000        6.7234321168827049E-002  0.38619999999999999       0.16880000000000001        9.1999999999999998E-003  0.28739999999999999       0.14840000000000000     
   192.00000000000000        5.5909943023356043E-002  0.39560000000000001       0.15859999999999999        9.1999999999999998E-003  0.28899999999999998       0.14760000000000001     
   193.00000000000000        4.5320414391478818E-002  0.40820000000000001       0.14460000000000001        9.4000000000000004E-003  0.28999999999999998       0.14779999999999999     
   194.00000000000000        3.7763560803815245E-002  0.39739999999999998       0.15479999999999999        8.3999999999999995E-003  0.29080000000000000       0.14860000000000001     
   195.00000000000000        2.6001273264735753E-002  0.43580000000000002       0.11380000000000000        8.2000000000000007E-003  0.29260000000000003       0.14960000000000001     
   196.00000000000000        1.3274568330710654E-002  0.43580000000000002       0.11240000000000000        8.2000000000000007E-003  0.29420000000000002       0.14940000000000001     
   197.00000000000000        4.7572907508263151E-003  0.41959999999999997       0.12859999999999999        8.2000000000000007E-003  0.29559999999999997       0.14799999999999999     
   198.00000000000000        9.7722183422453840E-003  0.41920000000000002       0.12859999999999999        8.2000000000000007E-003  0.29680000000000001       0.14720000000000000     
   199.00000000000000        3.5064245092070664E-003  0.41739999999999999       0.12859999999999999        8.2000000000000007E-003  0.29859999999999998       0.14720000000000000     
   200.00000000000000       -3.5568603836724638E-003  0.41620000000000001       0.12859999999999999        7.6000000000000000E-003  0.30059999999999998       0.14699999999999999     
   201.00000000000000       -9.6634221609369284E-003  0.41460000000000002        7.9600000000000004E-002   5.4199999999999998E-002  0.30299999999999999       0.14860000000000001     
   202.00000000000000       -2.0494562237288537E-002  0.41460000000000002        7.9600000000000004E-002   5.4199999999999998E-002  0.30340000000000000       0.14820000000000000     
   203.00000000000000       -2.2777094321511725E-002  0.41460000000000002        7.9600000000000004E-002   5.4199999999999998E-002  0.30299999999999999       0.14860000000000001     
   204.00000000000000       -2.4332190969764966E-002  0.41460000000000002        7.9600000000000004E-002   5.4199999999999998E-002  0.30259999999999998       0.14899999999999999     
   205.00000000000000       -2.7336724585274773E-002  0.41460000000000002        7.9600000000000004E-002   5.4199999999999998E-002  0.30159999999999998       0.14999999999999999     
   206.00000000000000       -3.1315903620772349E-002  0.41460000000000002        7.8600000000000003E-002   5.4199999999999998E-002  0.30059999999999998       0.15200000000000000     
   207.00000000000000       -3.6802143574315493E-002  0.41460000000000002        7.8600000000000003E-002   5.4199999999999998E-002  0.29840000000000000       0.15420000000000000     
   208.00000000000000       -4.3654446754437193E-002  0.41460000000000002        7.7600000000000002E-002   5.4199999999999998E-002  0.29940000000000000       0.15420000000000000     
   209.00000000000000       -5.1609195083029948E-002  0.41460000000000002        7.6799999999999993E-002   5.4199999999999998E-002  0.29999999999999999       0.15440000000000001     
   210.00000000000000       -6.0298377720838237E-002  0.41439999999999999        7.6799999999999993E-002   5.4199999999999998E-002  0.29940000000000000       0.15520000000000000     
   211.00000000000000       -6.7755086869701664E-002  0.41439999999999999        7.6799999999999993E-002   5.4199999999999998E-002  0.29940000000000000       0.15520000000000000     
   212.00000000000000       -5.6356046108551092E-002  0.40620000000000001        0.0000000000000000       0.13039999999999999       0.30780000000000002       0.15559999999999999     
   213.00000000000000       -4.8406367513488750E-002  0.39460000000000001        0.0000000000000000       0.12880000000000000       0.32019999999999998       0.15640000000000001     
   214.00000000000000       -3.7020507645279831E-002  0.39439999999999997        2.0000000000000001E-004  0.12839999999999999       0.32060000000000000       0.15640000000000001     
   215.00000000000000       -2.3056525564247789E-002  0.36959999999999998        2.4600000000000000E-002  0.12839999999999999       0.32100000000000001       0.15640000000000001     
   216.00000000000000       -2.1958051609081458E-002  0.37080000000000002        2.2400000000000000E-002  0.12859999999999999       0.32019999999999998       0.15800000000000000     
