#        BMIN =   404
#        BMAX =   408
#     INIBAND =   406
#      NBANDS =   540
#         NSW =  2000
#       POTIM =   1.0
#        TEMP = 300.0
#    NAMDTINI =   848
#    NAMDTIME =  1000
#       NTRAJ =  5000
#        NELM =  1000
#       LHOLE =     T
#        LSHP =     T
#      LCPTXT =     T
#      RUNDIR = ../../run/
   1.0000000000000000       -1.1834148747403763E-002   0.0000000000000000        0.0000000000000000        1.0000000000000000        0.0000000000000000        0.0000000000000000     
   2.0000000000000000       -7.8199182281287541E-003   0.0000000000000000        0.0000000000000000       0.98319999999999996        1.6799999999999999E-002   0.0000000000000000     
   3.0000000000000000       -3.5741788705322651E-002   0.0000000000000000        0.0000000000000000       0.98319999999999996        1.6799999999999999E-002   0.0000000000000000     
   4.0000000000000000       -7.0639107861278444E-002   0.0000000000000000        0.0000000000000000       0.98319999999999996        1.6799999999999999E-002   0.0000000000000000     
   5.0000000000000000      -0.10847095489637107        0.0000000000000000        0.0000000000000000       0.98319999999999996        1.6799999999999999E-002   0.0000000000000000     
   6.0000000000000000      -0.14831256623554151        0.0000000000000000        0.0000000000000000       0.98319999999999996        1.6799999999999999E-002   0.0000000000000000     
   7.0000000000000000      -0.18800528371103511        0.0000000000000000        0.0000000000000000       0.98319999999999996        1.6600000000000000E-002   2.0000000000000001E-004
   8.0000000000000000      -0.22968879646084411        0.0000000000000000       0.64400000000000002       0.33820000000000000        1.7800000000000000E-002   0.0000000000000000     
   9.0000000000000000      -0.25286909625612453        5.1999999999999998E-003  0.60280000000000000       0.37419999999999998        1.7800000000000000E-002   0.0000000000000000     
   10.000000000000000      -0.25228912157897182        5.1999999999999998E-003  0.54420000000000002       0.43259999999999998        1.7999999999999999E-002   0.0000000000000000     
   11.000000000000000      -0.23879450253992951        5.7999999999999996E-003  0.54879999999999995       0.42680000000000001        1.8599999999999998E-002   0.0000000000000000     
   12.000000000000000      -0.22443243816484718        1.8000000000000000E-003  0.83160000000000001       0.14799999999999999        1.8599999999999998E-002   0.0000000000000000     
   13.000000000000000      -0.21008038218905281        8.0000000000000004E-004  0.83999999999999997       0.14040000000000000        1.8800000000000001E-002   0.0000000000000000     
   14.000000000000000      -0.19536593628589441        8.0000000000000004E-004  0.84179999999999999       0.13860000000000000        1.8800000000000001E-002   0.0000000000000000     
   15.000000000000000      -0.17938721603136670        5.9999999999999995E-004  0.84019999999999995       0.14040000000000000        1.8800000000000001E-002   0.0000000000000000     
   16.000000000000000      -0.16171727223799010        5.9999999999999995E-004  0.83940000000000003       0.13980000000000001        2.0199999999999999E-002   0.0000000000000000     
   17.000000000000000      -0.14319714045088616        5.9999999999999995E-004  0.82820000000000005       0.15060000000000001        2.0600000000000000E-002   0.0000000000000000     
   18.000000000000000      -0.12409218660474244        5.9999999999999995E-004  0.82040000000000002       0.15759999999999999        2.1200000000000000E-002   2.0000000000000001E-004
   19.000000000000000      -0.10536773604799107        5.9999999999999995E-004  0.81859999999999999       0.15900000000000000        2.1000000000000001E-002   8.0000000000000004E-004
   20.000000000000000       -8.6753734860082074E-002   5.9999999999999995E-004  0.81620000000000004       0.16120000000000001        2.1200000000000000E-002   8.0000000000000004E-004
   21.000000000000000       -6.8731497583130796E-002   5.9999999999999995E-004  0.81640000000000001       0.16080000000000000        2.1399999999999999E-002   8.0000000000000004E-004
   22.000000000000000       -5.1208198060907623E-002   5.9999999999999995E-004  0.81299999999999994       0.16400000000000001        2.1399999999999999E-002   1.0000000000000000E-003
   23.000000000000000       -3.5067661293686721E-002   6.0000000000000001E-003  0.80679999999999996       0.16280000000000000        2.3000000000000000E-002   1.4000000000000000E-003
   24.000000000000000        4.7404036464513992E-003   6.0000000000000001E-003  0.80679999999999996       0.16280000000000000        2.3000000000000000E-002   1.4000000000000000E-003
   25.000000000000000        5.7663837193035146E-002   4.4000000000000003E-003  0.55440000000000000       0.41539999999999999        2.4400000000000002E-002   1.4000000000000000E-003
   26.000000000000000        9.0347464089149288E-002   4.4000000000000003E-003  0.55179999999999996       0.41599999999999998        2.5800000000000000E-002   2.0000000000000000E-003
   27.000000000000000       0.11473396931114177        4.4000000000000003E-003  0.55179999999999996       0.41599999999999998        2.5800000000000000E-002   2.0000000000000000E-003
   28.000000000000000       0.13652394594586809        4.4000000000000003E-003  0.54540000000000000       0.41599999999999998        3.2000000000000001E-002   2.2000000000000001E-003
   29.000000000000000       0.15425696149209575        4.4000000000000003E-003  0.54459999999999997       0.41599999999999998        3.2199999999999999E-002   2.8000000000000000E-003
   30.000000000000000       0.16771410451723109        4.4000000000000003E-003  0.54459999999999997       0.41599999999999998        3.2199999999999999E-002   2.8000000000000000E-003
   31.000000000000000       0.17746063290950700        3.3999999999999998E-003  0.54559999999999997       0.41599999999999998        3.2199999999999999E-002   2.8000000000000000E-003
   32.000000000000000       0.18428274081012611        3.3999999999999998E-003  0.54479999999999995       0.41599999999999998        3.2800000000000003E-002   3.0000000000000001E-003
   33.000000000000000       0.18701815682449596        4.0000000000000001E-003  0.54420000000000002       0.41599999999999998        3.2399999999999998E-002   3.3999999999999998E-003
   34.000000000000000       0.18686717334275035        4.4000000000000003E-003  0.54379999999999995       0.41599999999999998        3.2399999999999998E-002   3.3999999999999998E-003
   35.000000000000000       0.18287428327454344        3.5999999999999999E-003  0.58299999999999996       0.37759999999999999        3.2399999999999998E-002   3.3999999999999998E-003
   36.000000000000000       0.17549367483898046        3.0000000000000001E-003  0.58299999999999996       0.37759999999999999        3.2399999999999998E-002   4.0000000000000001E-003
   37.000000000000000       0.15950434917057069        6.1999999999999998E-003  0.57140000000000002       0.38440000000000002        3.3000000000000002E-002   5.0000000000000001E-003
   38.000000000000000       0.15591812074629036        6.1999999999999998E-003  0.57179999999999997       0.38319999999999999        3.3799999999999997E-002   5.0000000000000001E-003
   39.000000000000000       0.16590671729495790        6.1999999999999998E-003  0.57220000000000004       0.38260000000000000        3.3799999999999997E-002   5.1999999999999998E-003
   40.000000000000000       0.17772913938364504        5.7999999999999996E-003  0.56579999999999997       0.38940000000000002        3.3799999999999997E-002   5.1999999999999998E-003
   41.000000000000000       0.19064247494159950        3.8000000000000000E-003  0.56799999999999995       0.38919999999999999        3.3799999999999997E-002   5.1999999999999998E-003
   42.000000000000000       0.20429938452924321        1.4000000000000000E-003  0.56179999999999997       0.39620000000000000        3.5400000000000001E-002   5.1999999999999998E-003
   43.000000000000000       0.21942253699481312        1.4000000000000000E-003  0.55259999999999998       0.40320000000000000        3.7199999999999997E-002   5.5999999999999999E-003
   44.000000000000000       0.24189307574577174        1.4000000000000000E-003  0.54940000000000000       0.40460000000000002        3.9000000000000000E-002   5.5999999999999999E-003
   45.000000000000000       0.24551867356525137        1.4000000000000000E-003  0.55000000000000004       0.40339999999999998        3.9600000000000003E-002   5.5999999999999999E-003
   46.000000000000000       0.27561644484623904        1.4000000000000000E-003  0.55000000000000004       0.40300000000000002        4.0000000000000001E-002   5.5999999999999999E-003
   47.000000000000000       0.27350851919452879        1.4000000000000000E-003  0.54979999999999996       0.40300000000000002        4.0000000000000001E-002   5.7999999999999996E-003
   48.000000000000000       0.29257415795624653        1.4000000000000000E-003  0.54879999999999995       0.40300000000000002        4.1000000000000002E-002   5.7999999999999996E-003
   49.000000000000000       0.31693218169719228        1.4000000000000000E-003  0.55559999999999998       0.39579999999999999        4.1399999999999999E-002   5.7999999999999996E-003
   50.000000000000000       0.33374502230085301        1.4000000000000000E-003  0.55079999999999996       0.39900000000000002        4.2999999999999997E-002   5.7999999999999996E-003
   51.000000000000000       0.24686865549037809        8.0000000000000004E-004  0.52239999999999998       0.42540000000000000        4.4999999999999998E-002   6.4000000000000003E-003
   52.000000000000000       0.33651523398085020        8.0000000000000004E-004  0.52280000000000004       0.42399999999999999        4.5400000000000003E-002   7.0000000000000001E-003
   53.000000000000000       0.14867895665997449        5.9999999999999995E-004  0.51400000000000001       0.43180000000000002        4.6199999999999998E-002   7.4000000000000003E-003
   54.000000000000000       0.36932013042097867        4.0000000000000002E-004  0.51419999999999999       0.43120000000000003        4.6800000000000001E-002   7.4000000000000003E-003
   55.000000000000000       0.37430912403210082        0.0000000000000000       0.51519999999999999       0.43059999999999998        4.6600000000000003E-002   7.6000000000000000E-003
   56.000000000000000       0.36070274579601963        0.0000000000000000       0.51160000000000005       0.43419999999999997        4.6600000000000003E-002   7.6000000000000000E-003
   57.000000000000000       0.33975360711105890        0.0000000000000000       0.50439999999999996       0.44080000000000003        4.7199999999999999E-002   7.6000000000000000E-003
   58.000000000000000       0.44598344079089985        0.0000000000000000       0.50439999999999996       0.44080000000000003        4.7199999999999999E-002   7.6000000000000000E-003
   59.000000000000000       0.35080674740321705        0.0000000000000000       0.49840000000000001       0.44640000000000002        4.7600000000000003E-002   7.6000000000000000E-003
   60.000000000000000       0.34409689978179897        0.0000000000000000       0.49780000000000002       0.44619999999999999        4.8399999999999999E-002   7.6000000000000000E-003
   61.000000000000000       0.31696293692508876        8.0000000000000004E-004  0.49659999999999999       0.44540000000000002        4.9399999999999999E-002   7.7999999999999996E-003
   62.000000000000000       0.19130667180319166        5.9999999999999995E-004  0.49600000000000000       0.44579999999999997        3.5200000000000002E-002   2.2400000000000000E-002
   63.000000000000000       0.44619481683634798        5.9999999999999995E-004  0.49580000000000002       0.43800000000000000        4.2400000000000000E-002   2.3199999999999998E-002
   64.000000000000000       0.44904996413307252        5.9999999999999995E-004  0.49199999999999999       0.43980000000000002        4.2400000000000000E-002   2.5200000000000000E-002
   65.000000000000000       0.43719501882283784        5.9999999999999995E-004  0.49159999999999998       0.43900000000000000        4.2000000000000003E-002   2.6800000000000001E-002
   66.000000000000000       0.43614404093480980        1.8000000000000000E-003  0.43140000000000001       0.49120000000000003        4.8000000000000001E-002   2.7600000000000000E-002
   67.000000000000000       0.27219085166544565        1.8000000000000000E-003  0.43159999999999998       0.49080000000000001        4.8000000000000001E-002   2.7799999999999998E-002
   68.000000000000000       0.25637698553609828        1.8000000000000000E-003  0.41660000000000003       0.50419999999999998        4.7800000000000002E-002   2.9600000000000001E-002
   69.000000000000000       0.23725078657717832        1.8000000000000000E-003  0.41720000000000002       0.50339999999999996        4.8000000000000001E-002   2.9600000000000001E-002
   70.000000000000000       0.21791523229767593        1.8000000000000000E-003  0.41599999999999998       0.50400000000000000        4.8399999999999999E-002   2.9800000000000000E-002
   71.000000000000000       0.19682019824974747        2.0000000000000000E-003  0.41580000000000000       0.50319999999999998        4.9000000000000002E-002   2.9999999999999999E-002
   72.000000000000000       0.17577964171412061        2.3999999999999998E-003  0.41439999999999999       0.50339999999999996        4.8599999999999997E-002   3.1199999999999999E-002
   73.000000000000000       0.15462202014494686        2.0000000000000000E-003  0.41480000000000000       0.50300000000000000        4.9000000000000002E-002   3.1199999999999999E-002
   74.000000000000000       0.13479152543332779        5.5999999999999999E-003  0.39879999999999999       0.51259999999999994        5.1799999999999999E-002   3.1199999999999999E-002
   75.000000000000000       0.11760353478366842        2.3000000000000000E-002  0.34620000000000001       0.54559999999999997        5.3999999999999999E-002   3.1199999999999999E-002
   76.000000000000000        9.8297732454160902E-002   2.1800000000000000E-002  0.33779999999999999       0.55279999999999996        5.5399999999999998E-002   3.2199999999999999E-002
   77.000000000000000        7.7940677201433661E-002   2.2400000000000000E-002  0.33620000000000000       0.55259999999999998        6.4399999999999999E-002   2.4400000000000002E-002
   78.000000000000000        5.6409158677981748E-002   2.2800000000000001E-002  0.34100000000000003       0.54740000000000000        6.4399999999999999E-002   2.4400000000000002E-002
   79.000000000000000        3.5291945767139413E-002   2.3000000000000000E-002  0.34560000000000002       0.54079999999999995        6.6000000000000003E-002   2.4600000000000000E-002
   80.000000000000000        1.7915150602809488E-002   2.4000000000000000E-002  0.31879999999999997       0.55979999999999996        7.1800000000000003E-002   2.5600000000000001E-002
   81.000000000000000       -2.6296848592942748E-003   2.0400000000000001E-002  0.32360000000000000       0.55800000000000005        7.1800000000000003E-002   2.6200000000000001E-002
   82.000000000000000       -2.2262699943665150E-002   1.9199999999999998E-002  0.32100000000000001       0.56000000000000005        7.1800000000000003E-002   2.8000000000000001E-002
   83.000000000000000       -4.0779306996294881E-002   1.7600000000000001E-002  0.31219999999999998       0.56879999999999997        7.1800000000000003E-002   2.9600000000000001E-002
   84.000000000000000       -5.9239581447144064E-002   1.7800000000000000E-002  0.30959999999999999       0.56840000000000002        7.3999999999999996E-002   3.0200000000000001E-002
   85.000000000000000       -7.7196036745112884E-002   1.7800000000000000E-002  0.30880000000000002       0.56779999999999997        7.5200000000000003E-002   3.0400000000000000E-002
   86.000000000000000       -9.3554343297144127E-002   1.7800000000000000E-002  0.30880000000000002       0.56779999999999997        7.4600000000000000E-002   3.1000000000000000E-002
   87.000000000000000      -0.10803948917067420        1.2999999999999999E-002  0.31280000000000002       0.56840000000000002        7.4800000000000005E-002   3.1000000000000000E-002
   88.000000000000000      -0.11323646467721019        1.4400000000000000E-002  0.26840000000000003       0.61119999999999997        7.3800000000000004E-002   3.2199999999999999E-002
   89.000000000000000      -0.10814513822556258        1.5200000000000000E-002  0.26760000000000000       0.61119999999999997        7.3800000000000004E-002   3.2199999999999999E-002
   90.000000000000000       -9.3070034604752480E-002   1.5200000000000000E-002  0.26760000000000000       0.61119999999999997        7.3599999999999999E-002   3.2399999999999998E-002
   91.000000000000000       -7.6639539921237898E-002   1.5200000000000000E-002  0.26760000000000000       0.61119999999999997        7.3599999999999999E-002   3.2399999999999998E-002
   92.000000000000000       -5.9113112628375944E-002   1.5200000000000000E-002  0.26760000000000000       0.61119999999999997        7.3599999999999999E-002   3.2399999999999998E-002
   93.000000000000000       -4.3907380676303065E-002   1.5200000000000000E-002  0.26760000000000000       0.61119999999999997        7.3599999999999999E-002   3.2399999999999998E-002
   94.000000000000000       -2.8949616996063909E-002   1.5200000000000000E-002  0.26719999999999999       0.61119999999999997        7.3999999999999996E-002   3.2399999999999998E-002
   95.000000000000000       -1.6620733962446725E-002   1.5200000000000000E-002  0.26719999999999999       0.61119999999999997        7.3999999999999996E-002   3.2399999999999998E-002
   96.000000000000000       -6.9801489284184639E-003   1.5200000000000000E-002  0.26700000000000002       0.61119999999999997        7.3800000000000004E-002   3.2800000000000003E-002
   97.000000000000000       -3.1620111868073224E-004   1.5200000000000000E-002  0.26740000000000003       0.61119999999999997        7.3400000000000007E-002   3.2800000000000003E-002
   98.000000000000000       -1.3085139841213178E-002   1.5200000000000000E-002  0.87760000000000005        0.0000000000000000        7.3800000000000004E-002   3.3399999999999999E-002
   99.000000000000000        1.0573192914637309E-003   1.5200000000000000E-002  0.87760000000000005        0.0000000000000000        7.3200000000000001E-002   3.4000000000000002E-002
   100.00000000000000       -1.3523916988616167E-002   1.5200000000000000E-002  0.87760000000000005        0.0000000000000000        7.3200000000000001E-002   3.4000000000000002E-002
   101.00000000000000       -3.2945140304249276E-002   1.5200000000000000E-002  0.87760000000000005        0.0000000000000000        7.2999999999999995E-002   3.4200000000000001E-002
   102.00000000000000       -5.6008476721862752E-002   3.3000000000000002E-002  0.85660000000000003        2.8000000000000000E-003   7.1199999999999999E-002   3.6400000000000002E-002
   103.00000000000000       -3.2571025695489149E-002   3.3000000000000002E-002  0.85660000000000003        2.8000000000000000E-003   7.0800000000000002E-002   3.6799999999999999E-002
   104.00000000000000       -8.0311029141564502E-003   3.2800000000000003E-002  0.85499999999999998        3.5999999999999999E-003   7.0199999999999999E-002   3.8399999999999997E-002
   105.00000000000000        1.7883896077930807E-002   3.2800000000000003E-002  0.85460000000000003        4.0000000000000001E-003   6.5799999999999997E-002   4.2799999999999998E-002
   106.00000000000000        4.2771749952085922E-002   3.2000000000000001E-002  0.85480000000000000        4.1999999999999997E-003   6.5799999999999997E-002   4.3200000000000002E-002
   107.00000000000000        6.8249560686570773E-002   3.2000000000000001E-002  0.84160000000000001        1.6400000000000001E-002   6.5000000000000002E-002   4.4999999999999998E-002
   108.00000000000000        9.0335212535186532E-002   3.1600000000000003E-002  0.84079999999999999        1.6400000000000001E-002   6.5000000000000002E-002   4.6199999999999998E-002
   109.00000000000000       0.10943480312178733        3.1399999999999997E-002  0.84079999999999999        1.6600000000000000E-002   6.5000000000000002E-002   4.6199999999999998E-002
   110.00000000000000       0.12669692070190741        3.0599999999999999E-002  0.84160000000000001        1.6600000000000000E-002   6.3399999999999998E-002   4.7800000000000002E-002
   111.00000000000000       0.14100573367883945        3.0599999999999999E-002  0.83240000000000003        2.4799999999999999E-002   6.4399999999999999E-002   4.7800000000000002E-002
   112.00000000000000       0.14912005507944057        3.0599999999999999E-002  0.83079999999999998        2.4600000000000000E-002   6.6199999999999995E-002   4.7800000000000002E-002
   113.00000000000000       0.16502217768336985        2.9399999999999999E-002  0.82999999999999996        2.5200000000000000E-002   6.6199999999999995E-002   4.9200000000000001E-002
   114.00000000000000       0.16427427203874412        2.9200000000000000E-002  0.81899999999999995        3.4599999999999999E-002   6.7599999999999993E-002   4.9599999999999998E-002
   115.00000000000000       0.15848187242982037        2.8600000000000000E-002  0.81960000000000000        3.4599999999999999E-002   6.7599999999999993E-002   4.9599999999999998E-002
   116.00000000000000       0.15422277593297087        2.8600000000000000E-002  0.81699999999999995        3.7199999999999997E-002   6.7599999999999993E-002   4.9599999999999998E-002
   117.00000000000000       0.14712646561393761        2.8000000000000001E-002  0.81659999999999999        3.7199999999999997E-002   6.7599999999999993E-002   5.0599999999999999E-002
   118.00000000000000       0.12765606962813872        2.8000000000000001E-002  0.81659999999999999        3.7199999999999997E-002   6.7599999999999993E-002   5.0599999999999999E-002
   119.00000000000000       0.11375282342186428        2.7799999999999998E-002  0.81279999999999997        4.1200000000000001E-002   6.7400000000000002E-002   5.0799999999999998E-002
   120.00000000000000        9.5367331009380024E-002   2.7799999999999998E-002  0.81159999999999999        4.1200000000000001E-002   6.8000000000000005E-002   5.1400000000000001E-002
   121.00000000000000        7.4571419791372218E-002   2.7799999999999998E-002  0.81059999999999999        4.1200000000000001E-002   6.9000000000000006E-002   5.1400000000000001E-002
   122.00000000000000        5.2222780053925714E-002   2.7799999999999998E-002  0.81059999999999999        4.1200000000000001E-002   6.8800000000000000E-002   5.1600000000000000E-002
   123.00000000000000        2.9247642790232870E-002   2.7799999999999998E-002  0.81059999999999999        4.1000000000000002E-002   6.8800000000000000E-002   5.1799999999999999E-002
   124.00000000000000        9.4663660613601742E-003   0.0000000000000000       0.83520000000000005        4.2400000000000000E-002   7.0400000000000004E-002   5.1999999999999998E-002
   125.00000000000000        2.2725761458960783E-002   0.0000000000000000       0.83520000000000005        4.2400000000000000E-002   7.0400000000000004E-002   5.1999999999999998E-002
   126.00000000000000        6.3169566213564149E-002   0.0000000000000000       0.83520000000000005        4.2200000000000001E-002   7.0199999999999999E-002   5.2400000000000002E-002
   127.00000000000000       0.10002870722993480        0.0000000000000000       0.83520000000000005        4.2200000000000001E-002   7.0199999999999999E-002   5.2400000000000002E-002
   128.00000000000000       0.13281173442708744        0.0000000000000000       0.83520000000000005        4.1599999999999998E-002   7.0800000000000002E-002   5.2400000000000002E-002
   129.00000000000000       0.16018655514260607        0.0000000000000000       0.83520000000000005        4.1000000000000002E-002   7.1400000000000005E-002   5.2400000000000002E-002
   130.00000000000000       0.18811606337902548        0.0000000000000000       0.55779999999999996       0.31819999999999998        7.0400000000000004E-002   5.3600000000000002E-002
   131.00000000000000       0.19047458783653581        0.0000000000000000       0.55759999999999998       0.31819999999999998        6.9199999999999998E-002   5.5000000000000000E-002
   132.00000000000000       0.18326808751677198        0.0000000000000000       0.55700000000000005       0.31819999999999998        6.9599999999999995E-002   5.5199999999999999E-002
   133.00000000000000       0.17430381272803747        0.0000000000000000       0.55720000000000003       0.31819999999999998        6.9400000000000003E-002   5.5199999999999999E-002
   134.00000000000000       0.16211410423273998        0.0000000000000000       0.55600000000000005       0.31819999999999998        6.9599999999999995E-002   5.6200000000000000E-002
   135.00000000000000       0.14728239838897605        0.0000000000000000       0.55600000000000005       0.31819999999999998        6.7400000000000002E-002   5.8400000000000001E-002
   136.00000000000000       0.13071849780971592        0.0000000000000000       0.55540000000000000       0.31819999999999998        6.7799999999999999E-002   5.8599999999999999E-002
   137.00000000000000       0.11219303945788787        0.0000000000000000       0.55520000000000003       0.31819999999999998        6.6199999999999995E-002   6.0400000000000002E-002
   138.00000000000000       0.10244806402030279        0.0000000000000000        0.0000000000000000       0.87280000000000002        6.6400000000000001E-002   6.0800000000000000E-002
   139.00000000000000        7.6258317150895122E-002   0.0000000000000000        0.0000000000000000       0.86880000000000002        6.7199999999999996E-002   6.4000000000000001E-002
   140.00000000000000        6.6060027621543754E-002   0.0000000000000000        0.0000000000000000       0.86880000000000002        6.7199999999999996E-002   6.4000000000000001E-002
   141.00000000000000        5.7117119701819333E-002   0.0000000000000000        0.0000000000000000       0.86660000000000004        6.8400000000000002E-002   6.5000000000000002E-002
   142.00000000000000        4.7742842773629307E-002   0.0000000000000000        0.0000000000000000       0.86499999999999999        6.7199999999999996E-002   6.7799999999999999E-002
   143.00000000000000        4.0543980566290772E-002   0.0000000000000000        0.0000000000000000       0.86499999999999999        6.6600000000000006E-002   6.8400000000000002E-002
   144.00000000000000        3.3365105083010521E-002   0.0000000000000000        0.0000000000000000       0.86480000000000001        6.6600000000000006E-002   6.8599999999999994E-002
   145.00000000000000        2.8184990439604839E-002   0.0000000000000000        0.0000000000000000       0.86219999999999997        6.5199999999999994E-002   7.2599999999999998E-002
   146.00000000000000        2.3035309486612390E-002   0.0000000000000000        0.0000000000000000       0.86219999999999997        6.4199999999999993E-002   7.3599999999999999E-002
   147.00000000000000        1.9984896054120033E-002   0.0000000000000000        0.0000000000000000       0.86060000000000003        6.4199999999999993E-002   7.5200000000000003E-002
   148.00000000000000        1.4319167475123292E-002   0.0000000000000000        0.0000000000000000       0.86060000000000003        6.3399999999999998E-002   7.5999999999999998E-002
   149.00000000000000        1.7687244875315020E-002   0.0000000000000000        0.0000000000000000       0.85960000000000003        6.3399999999999998E-002   7.6999999999999999E-002
   150.00000000000000        7.2137924209823845E-003   0.0000000000000000        0.0000000000000000       0.85880000000000001        6.4199999999999993E-002   7.6999999999999999E-002
   151.00000000000000       -3.5961493913779785E-002   0.0000000000000000        0.0000000000000000       0.85819999999999996        6.4399999999999999E-002   7.7399999999999997E-002
   152.00000000000000        3.8442747571211675E-002   0.0000000000000000        0.0000000000000000       0.85699999999999998        6.4399999999999999E-002   7.8600000000000003E-002
   153.00000000000000        8.1606427616680299E-004   0.0000000000000000        0.0000000000000000       0.85540000000000005        6.6000000000000003E-002   7.8600000000000003E-002
   154.00000000000000       0.11700917904215405        0.0000000000000000        0.0000000000000000       0.85480000000000000        6.4799999999999996E-002   8.0399999999999999E-002
   155.00000000000000        1.0461298333449949E-002   0.0000000000000000        0.0000000000000000       0.85460000000000003        6.4799999999999996E-002   8.0600000000000005E-002
   156.00000000000000       -5.2866805801590165E-003   0.0000000000000000        0.0000000000000000       0.85340000000000005        6.1600000000000002E-002   8.5000000000000006E-002
   157.00000000000000       -5.9400520282134259E-003   0.0000000000000000        0.0000000000000000       0.85340000000000005        5.8599999999999999E-002   8.7999999999999995E-002
   158.00000000000000       -8.9623995189319766E-003   0.0000000000000000        4.4000000000000003E-003  0.84899999999999998        5.8599999999999999E-002   8.7999999999999995E-002
   159.00000000000000        9.7539449216643703E-005   0.0000000000000000        4.4000000000000003E-003  0.84899999999999998        5.8599999999999999E-002   8.7999999999999995E-002
   160.00000000000000        3.3108517279065899E-002   0.0000000000000000        4.4000000000000003E-003  0.84899999999999998        5.7400000000000000E-002   8.9200000000000002E-002
   161.00000000000000        6.3149532907725667E-002   0.0000000000000000        4.4000000000000003E-003  0.84899999999999998        5.5800000000000002E-002   9.0800000000000006E-002
   162.00000000000000        8.8877912991075891E-002   0.0000000000000000        4.4000000000000003E-003  0.84899999999999998        5.5800000000000002E-002   9.0800000000000006E-002
   163.00000000000000       0.11006151813803032        0.0000000000000000        4.4000000000000003E-003  0.84899999999999998        5.2600000000000001E-002   9.4000000000000000E-002
   164.00000000000000       0.12806726094568208        0.0000000000000000        4.4000000000000003E-003  0.84899999999999998        5.2600000000000001E-002   9.4000000000000000E-002
   165.00000000000000       0.13744797107523504        0.0000000000000000        4.4000000000000003E-003  0.84899999999999998        5.2600000000000001E-002   9.4000000000000000E-002
   166.00000000000000       0.14057960683965437        0.0000000000000000        4.4000000000000003E-003  0.84899999999999998        4.9000000000000002E-002   9.7600000000000006E-002
   167.00000000000000       0.13902346700098162        0.0000000000000000        4.4000000000000003E-003  0.84899999999999998        4.8800000000000003E-002   9.7799999999999998E-002
   168.00000000000000       0.13192984272747765        0.0000000000000000        4.4000000000000003E-003  0.84899999999999998        4.7600000000000003E-002   9.9000000000000005E-002
   169.00000000000000       0.11972084273036362        0.0000000000000000        4.4000000000000003E-003  0.84899999999999998        4.7199999999999999E-002   9.9400000000000002E-002
   170.00000000000000       0.10300686788534309        0.0000000000000000        4.4000000000000003E-003  0.84899999999999998        4.7199999999999999E-002   9.9400000000000002E-002
   171.00000000000000        8.2030815959550751E-002   0.0000000000000000        4.4000000000000003E-003  0.84899999999999998        4.7199999999999999E-002   9.9400000000000002E-002
   172.00000000000000        5.8374857001318517E-002   0.0000000000000000        4.4000000000000003E-003  0.84899999999999998        4.7199999999999999E-002   9.9400000000000002E-002
   173.00000000000000        3.2521718118647090E-002   0.0000000000000000        4.4000000000000003E-003  0.84899999999999998        4.7199999999999999E-002   9.9400000000000002E-002
   174.00000000000000        5.4292939972599673E-003   2.0000000000000001E-004   4.1999999999999997E-003  0.84899999999999998        4.7199999999999999E-002   9.9400000000000002E-002
   175.00000000000000       -2.1964439914036023E-002   1.0000000000000000E-003   1.0999999999999999E-002  0.84119999999999995        4.7199999999999999E-002   9.9599999999999994E-002
   176.00000000000000       -3.6213456632069964E-002   2.5999999999999999E-003   1.0999999999999999E-002  0.83799999999999997        4.8599999999999997E-002   9.9800000000000000E-002
   177.00000000000000       -3.7926477379178383E-002   3.5999999999999999E-003   1.0999999999999999E-002  0.83340000000000003        5.0999999999999997E-002  0.10100000000000001     
   178.00000000000000       -4.0942222030580462E-002   5.1999999999999998E-003   8.2000000000000007E-003  0.83199999999999996        5.3800000000000001E-002  0.10080000000000000     
   179.00000000000000       -4.4428344369151829E-002   5.1999999999999998E-003   7.7999999999999996E-003  0.82820000000000005        5.3800000000000001E-002  0.10500000000000000     
   180.00000000000000       -4.9150298924759556E-002   5.1999999999999998E-003   7.1999999999999998E-003  0.82640000000000002        5.5800000000000002E-002  0.10539999999999999     
   181.00000000000000       -5.7140224601037556E-002   5.1999999999999998E-003   7.0000000000000001E-003  0.82620000000000005        5.3400000000000003E-002  0.10820000000000000     
   182.00000000000000       -6.1413983946060832E-002   5.1999999999999998E-003   7.0000000000000001E-003  0.82620000000000005        5.3999999999999999E-002  0.10760000000000000     
   183.00000000000000       -6.8371421959542142E-002   1.2200000000000001E-002   0.0000000000000000       0.82579999999999998        5.4600000000000003E-002  0.10740000000000000     
   184.00000000000000       -7.4724157320833512E-002   1.2200000000000001E-002   0.0000000000000000       0.82499999999999996        5.3800000000000001E-002  0.10900000000000000     
   185.00000000000000       -8.1461345199789231E-002   1.1800000000000000E-002   0.0000000000000000       0.82379999999999998        5.5800000000000002E-002  0.10860000000000000     
   186.00000000000000       -8.8033338948668494E-002   1.1599999999999999E-002   2.9399999999999999E-002  0.79279999999999995        5.7000000000000002E-002  0.10920000000000001     
   187.00000000000000       -8.7124538215460484E-002   1.1599999999999999E-002   2.9399999999999999E-002  0.79279999999999995        5.5599999999999997E-002  0.11060000000000000     
   188.00000000000000       -6.7273820763112405E-002   1.0999999999999999E-002   2.9399999999999999E-002  0.79279999999999995        5.6200000000000000E-002  0.11060000000000000     
   189.00000000000000       -4.6127029621263096E-002   1.0800000000000001E-002   2.9399999999999999E-002  0.79279999999999995        5.7000000000000002E-002  0.11000000000000000     
   190.00000000000000       -2.3706701453069787E-002   1.0800000000000001E-002   2.9200000000000000E-002  0.79279999999999995        5.8799999999999998E-002  0.10840000000000000     
   191.00000000000000       -1.2952112867659418E-003   1.0800000000000001E-002   2.9200000000000000E-002  0.79279999999999995        5.7599999999999998E-002  0.10960000000000000     
   192.00000000000000        2.0081808073326581E-002   1.0800000000000001E-002   2.9200000000000000E-002  0.79279999999999995        5.9600000000000000E-002  0.10760000000000000     
   193.00000000000000        3.8853934067627272E-002   1.0800000000000001E-002   2.9200000000000000E-002  0.79279999999999995        5.9600000000000000E-002  0.10760000000000000     
   194.00000000000000        5.4885039654068213E-002   1.0800000000000001E-002   2.9200000000000000E-002  0.79279999999999995        5.2600000000000001E-002  0.11459999999999999     
   195.00000000000000        7.0767614427806769E-002   1.0800000000000001E-002   2.9200000000000000E-002  0.79279999999999995       0.14599999999999999        2.1200000000000000E-002
   196.00000000000000        7.8905644006999648E-002   1.0800000000000001E-002   2.9200000000000000E-002  0.79279999999999995       0.13280000000000000        3.4400000000000000E-002
   197.00000000000000        8.0188912143956070E-002   1.0800000000000001E-002   2.9200000000000000E-002  0.79279999999999995       0.13339999999999999        3.3799999999999997E-002
   198.00000000000000        7.8833279148558033E-002   1.0800000000000001E-002   2.9200000000000000E-002  0.79279999999999995       0.13339999999999999        3.3799999999999997E-002
   199.00000000000000        7.2505714154744438E-002   1.0800000000000001E-002   2.9200000000000000E-002  0.79279999999999995       0.13439999999999999        3.2800000000000003E-002
   200.00000000000000        6.1464645282694255E-002   1.0600000000000000E-002   1.5599999999999999E-002  0.80640000000000001       0.13600000000000001        3.1399999999999997E-002
   201.00000000000000        4.9904689708529182E-002   1.0000000000000000E-002   1.5599999999999999E-002  0.80620000000000003       0.13420000000000001        3.4000000000000002E-002
   202.00000000000000        6.8443727649984978E-002   9.7999999999999997E-003   1.5599999999999999E-002  0.80059999999999998       0.13800000000000001        3.5999999999999997E-002
   203.00000000000000        8.5911977734372424E-002   1.7399999999999999E-002   8.0000000000000002E-003  0.79359999999999997       0.14560000000000001        3.5400000000000001E-002
   204.00000000000000       0.10015205335363424        1.7399999999999999E-002   7.7999999999999996E-003  0.79359999999999997       0.14580000000000001        3.5400000000000001E-002
   205.00000000000000       0.11217812867641744        1.7399999999999999E-002   7.7999999999999996E-003  0.79279999999999995       0.14580000000000001        3.6200000000000003E-002
   206.00000000000000       0.12391428356822680        1.7399999999999999E-002   7.7999999999999996E-003  0.79100000000000004       0.14599999999999999        3.7800000000000000E-002
   207.00000000000000       0.12985381229679344        1.7399999999999999E-002   7.6000000000000000E-003  0.79100000000000004       0.14199999999999999        4.2000000000000003E-002
   208.00000000000000       0.13497188979672295        1.6400000000000001E-002   8.3999999999999995E-003  0.79079999999999995       0.14219999999999999        4.2200000000000001E-002
   209.00000000000000       0.13767029612821324        1.5800000000000002E-002   8.9999999999999993E-003  0.78859999999999997       0.14360000000000001        4.2999999999999997E-002
   210.00000000000000       0.13754760292119975        1.5200000000000000E-002   9.5999999999999992E-003  0.78680000000000005       0.14380000000000001        4.4600000000000001E-002
   211.00000000000000       0.13482785016038737        1.5200000000000000E-002   9.5999999999999992E-003  0.78200000000000003       0.14860000000000001        4.4600000000000001E-002
   212.00000000000000       0.12868654174968511        1.4999999999999999E-002   9.5999999999999992E-003  0.77880000000000005       0.14940000000000001        4.7199999999999999E-002
   213.00000000000000       0.12089889962738437        1.4999999999999999E-002   9.5999999999999992E-003  0.77200000000000002       0.15600000000000000        4.7399999999999998E-002
   214.00000000000000       0.10895785865422120        1.4999999999999999E-002   8.8000000000000005E-003  0.77200000000000002       0.15440000000000001        4.9799999999999997E-002
   215.00000000000000        9.4359808090183489E-002   1.4999999999999999E-002   8.8000000000000005E-003  0.77200000000000002       0.15520000000000000        4.9000000000000002E-002
   216.00000000000000        7.8303580639010537E-002   1.4999999999999999E-002   7.0000000000000001E-003  0.77359999999999995       0.15359999999999999        5.0799999999999998E-002
