#        BMIN =   404
#        BMAX =   408
#     INIBAND =   405
#      NBANDS =   540
#         NSW =  2000
#       POTIM =   1.0
#        TEMP = 300.0
#    NAMDTINI =   619
#    NAMDTIME =  1000
#       NTRAJ =  5000
#        NELM =  1000
#       LHOLE =     T
#        LSHP =     T
#      LCPTXT =     T
#      RUNDIR = ../../run/
   1.0000000000000000       0.12226027888315069        0.0000000000000000        1.0000000000000000        0.0000000000000000        0.0000000000000000        0.0000000000000000     
   2.0000000000000000       0.11860109192953552        0.0000000000000000        1.0000000000000000        0.0000000000000000        0.0000000000000000        0.0000000000000000     
   3.0000000000000000       0.11518527716667537        2.0000000000000001E-004  0.99780000000000002        8.0000000000000004E-004   1.1999999999999999E-003   0.0000000000000000     
   4.0000000000000000       0.11171915162891490        0.0000000000000000       0.97180000000000000        2.6200000000000001E-002   1.4000000000000000E-003   5.9999999999999995E-004
   5.0000000000000000       0.10055219990220041        0.0000000000000000       0.84819999999999995       0.14979999999999999        1.4000000000000000E-003   5.9999999999999995E-004
   6.0000000000000000        8.0109324545000749E-002   0.0000000000000000       0.85099999999999998       0.14660000000000001        1.8000000000000000E-003   5.9999999999999995E-004
   7.0000000000000000        5.9151962658171645E-002   0.0000000000000000       0.84919999999999995       0.14580000000000001        4.5999999999999999E-003   4.0000000000000002E-004
   8.0000000000000000        3.6896488483631439E-002   1.6000000000000001E-003  0.84719999999999995       0.14580000000000001        5.0000000000000001E-003   4.0000000000000002E-004
   9.0000000000000000        1.4361873009125269E-002   1.6000000000000001E-003  0.84640000000000004       0.14640000000000000        4.4000000000000003E-003   1.1999999999999999E-003
   10.000000000000000       -7.1983809589859487E-003   0.0000000000000000       0.84219999999999995       0.15120000000000000        5.7999999999999996E-003   8.0000000000000004E-004
   11.000000000000000       -2.8608091747716443E-002   4.0000000000000002E-004  0.83579999999999999       0.15620000000000001        5.5999999999999999E-003   2.0000000000000000E-003
   12.000000000000000       -4.9742691334610116E-002   4.0000000000000002E-004  0.83499999999999996       0.15600000000000000        6.1999999999999998E-003   2.3999999999999998E-003
   13.000000000000000       -6.9438536341853013E-002   2.0000000000000001E-004  0.83240000000000003       0.15800000000000000        6.6000000000000000E-003   2.8000000000000000E-003
   14.000000000000000       -8.9510734626508603E-002   9.4399999999999998E-002  0.73819999999999997       0.15740000000000001        6.0000000000000001E-003   4.0000000000000001E-003
   15.000000000000000       -7.7334421914657711E-002   9.3200000000000005E-002  0.73819999999999997       0.15859999999999999        6.0000000000000001E-003   4.0000000000000001E-003
   16.000000000000000       -4.8928816333745094E-002   9.2999999999999999E-002  0.74139999999999995       0.15540000000000001        6.0000000000000001E-003   4.1999999999999997E-003
   17.000000000000000       -1.7186837027705654E-002   6.2399999999999997E-002  0.77180000000000004       0.15540000000000001        6.1999999999999998E-003   4.1999999999999997E-003
   18.000000000000000       -2.3160967117190505E-002   6.2799999999999995E-002  0.77120000000000000       0.15540000000000001        6.1999999999999998E-003   4.4000000000000003E-003
   19.000000000000000       -2.5003791661125679E-002   4.4600000000000001E-002  0.78920000000000001       0.15540000000000001        6.4000000000000003E-003   4.4000000000000003E-003
   20.000000000000000       -2.5824218853919084E-002   4.2599999999999999E-002  0.79039999999999999       0.15540000000000001        6.4000000000000003E-003   5.1999999999999998E-003
   21.000000000000000       -2.4399863970739354E-002   4.2799999999999998E-002  0.78859999999999997       0.15540000000000001        8.0000000000000002E-003   5.1999999999999998E-003
   22.000000000000000       -2.0469534130762516E-002   4.1200000000000001E-002  0.79020000000000001       0.15540000000000001        8.0000000000000002E-003   5.1999999999999998E-003
   23.000000000000000       -1.4719800943795592E-002   4.1200000000000001E-002  0.79020000000000001       0.15540000000000001        8.0000000000000002E-003   5.1999999999999998E-003
   24.000000000000000       -8.5094665634010570E-003   4.1200000000000001E-002  0.78900000000000003       0.15540000000000001        8.6000000000000000E-003   5.7999999999999996E-003
   25.000000000000000       -3.6321052765770417E-003   4.1200000000000001E-002  0.78900000000000003       0.15540000000000001        8.6000000000000000E-003   5.7999999999999996E-003
   26.000000000000000        1.3840966094613924E-003   3.8600000000000002E-002  0.79159999999999997       0.15540000000000001        8.6000000000000000E-003   5.7999999999999996E-003
   27.000000000000000        4.7119732944738771E-003   3.8600000000000002E-002  0.79139999999999999       0.15540000000000001        8.8000000000000005E-003   5.7999999999999996E-003
   28.000000000000000        8.1972393543727519E-003   3.5799999999999998E-002  0.79420000000000002       0.15540000000000001        8.8000000000000005E-003   5.7999999999999996E-003
   29.000000000000000        1.0257378398987188E-002   3.5799999999999998E-002  0.79359999999999997       0.15540000000000001        7.7999999999999996E-003   7.4000000000000003E-003
   30.000000000000000        1.1132965718421955E-002   3.4599999999999999E-002  0.79479999999999995       0.15540000000000001        6.7999999999999996E-003   8.3999999999999995E-003
   31.000000000000000        1.0504678892990664E-002   3.4599999999999999E-002  0.82460000000000000       0.12520000000000001        7.1999999999999998E-003   8.3999999999999995E-003
   32.000000000000000       -1.6537761074862066E-002   3.4599999999999999E-002  0.82460000000000000       0.12520000000000001        6.6000000000000000E-003   8.9999999999999993E-003
   33.000000000000000       -5.8498834913191758E-002   3.9800000000000002E-002  0.81940000000000002       0.12500000000000000        6.4000000000000003E-003   9.4000000000000004E-003
   34.000000000000000       -9.4333990912090659E-002   3.9800000000000002E-002  0.81840000000000002       0.12600000000000000        6.4000000000000003E-003   9.4000000000000004E-003
   35.000000000000000       -6.8407161482626044E-002   3.4000000000000002E-002  0.82399999999999995       0.12600000000000000        5.4000000000000003E-003   1.0600000000000000E-002
   36.000000000000000       -3.7708120395512253E-002   2.6599999999999999E-002  0.83199999999999996       0.12520000000000001        5.5999999999999999E-003   1.0600000000000000E-002
   37.000000000000000       -5.8739690091022152E-003   2.6599999999999999E-002  0.83379999999999999       0.12320000000000000        5.7999999999999996E-003   1.0600000000000000E-002
   38.000000000000000        1.9655231051478417E-002   2.6800000000000001E-002  0.75560000000000005       0.20080000000000001        5.7999999999999996E-003   1.0999999999999999E-002
   39.000000000000000        3.5861589550555309E-002   2.6800000000000001E-002  0.72619999999999996       0.22939999999999999        5.1999999999999998E-003   1.2400000000000000E-002
   40.000000000000000        4.9912361174007977E-002   2.6800000000000001E-002  0.72619999999999996       0.22459999999999999        8.9999999999999993E-003   1.3400000000000000E-002
   41.000000000000000        5.0166763896321395E-002   2.7799999999999998E-002  0.72219999999999995       0.21440000000000001        2.2200000000000001E-002   1.3400000000000000E-002
   42.000000000000000        6.4730523695767317E-002   3.2000000000000001E-002  0.69599999999999995       0.23460000000000000        2.2800000000000001E-002   1.4600000000000000E-002
   43.000000000000000       0.18570541411778693        3.7400000000000003E-002  0.29339999999999999       0.61719999999999997        2.6599999999999999E-002   2.5399999999999999E-002
   44.000000000000000       0.31394520677862836        3.7600000000000001E-002  0.29320000000000002       0.61719999999999997        2.6200000000000001E-002   2.5800000000000000E-002
   45.000000000000000       0.35857348428571290        3.8399999999999997E-002  0.29280000000000000       0.41720000000000002       0.22239999999999999        2.9200000000000000E-002
   46.000000000000000       0.23574674035912263        3.8199999999999998E-002  0.26219999999999999       0.44059999999999999       0.22400000000000000        3.5000000000000003E-002
   47.000000000000000       0.32759430423474062        3.7400000000000003E-002  0.26219999999999999       0.44140000000000001       0.22320000000000001        3.5799999999999998E-002
   48.000000000000000       -1.8618194933304615E-002   3.4799999999999998E-002  0.26200000000000001       0.43219999999999997       0.23139999999999999        3.9600000000000003E-002
   49.000000000000000       0.25093894629086538        3.4599999999999999E-002  0.25719999999999998       0.43280000000000002       0.23560000000000000        3.9800000000000002E-002
   50.000000000000000       0.32874271481398432        3.9800000000000002E-002   7.3200000000000001E-002  0.45760000000000001       0.37200000000000000        5.7400000000000000E-002
   51.000000000000000       0.55457811434820936        3.9800000000000002E-002   6.7400000000000002E-002  0.46179999999999999       0.36899999999999999        6.2000000000000000E-002
   52.000000000000000       0.57372671529256092        3.8800000000000001E-002   6.4799999999999996E-002  0.46000000000000002       0.37440000000000001        6.2000000000000000E-002
   53.000000000000000       0.60117351955742027        3.8600000000000002E-002   6.4799999999999996E-002  0.45979999999999999       0.37440000000000001        6.2399999999999997E-002
   54.000000000000000       0.61827690596442875        3.8199999999999998E-002   6.2000000000000000E-002  0.45979999999999999       0.37619999999999998        6.3799999999999996E-002
   55.000000000000000       0.60659191050294115        3.7800000000000000E-002   5.8200000000000002E-002  0.46379999999999999       0.37500000000000000        6.5199999999999994E-002
   56.000000000000000       0.60797207336104986        3.7800000000000000E-002   5.4600000000000003E-002  0.46560000000000001       0.37240000000000001        6.9599999999999995E-002
   57.000000000000000       0.61342865240326272        3.7800000000000000E-002   5.4600000000000003E-002  0.44600000000000001       0.38840000000000002        7.3200000000000001E-002
   58.000000000000000       0.61591114526137647        3.7800000000000000E-002   5.4600000000000003E-002  0.44600000000000001       0.38700000000000001        7.4600000000000000E-002
   59.000000000000000       0.61119203851936676        3.7800000000000000E-002   5.0599999999999999E-002  0.44240000000000002       0.39460000000000001        7.4600000000000000E-002
   60.000000000000000       0.60791045507929453        3.7800000000000000E-002   4.5800000000000000E-002  0.44119999999999998       0.39639999999999997        7.8799999999999995E-002
   61.000000000000000       0.59429049032790549        3.7800000000000000E-002   4.5199999999999997E-002  0.43800000000000000       0.39860000000000001        8.0399999999999999E-002
   62.000000000000000       0.58008607520627409        3.7800000000000000E-002   4.5199999999999997E-002  0.43580000000000002       0.40039999999999998        8.0799999999999997E-002
   63.000000000000000       0.62687417883635832        3.6999999999999998E-002   4.1799999999999997E-002  0.40339999999999998       0.43300000000000000        8.4800000000000000E-002
   64.000000000000000       0.58312314358013062        3.4000000000000002E-002   3.8399999999999997E-002  0.40880000000000000       0.43300000000000000        8.5800000000000001E-002
   65.000000000000000       0.66615510075373885        3.1000000000000000E-002   3.4000000000000002E-002   3.4000000000000002E-002  0.71899999999999997       0.18200000000000000     
   66.000000000000000       0.49319145608009751        2.6200000000000001E-002   2.6599999999999999E-002   3.1600000000000003E-002  0.72719999999999996       0.18840000000000001     
   67.000000000000000       0.58660937380482969        2.5800000000000000E-002   1.5400000000000000E-002   3.1199999999999999E-002  0.73799999999999999       0.18959999999999999     
   68.000000000000000       0.63726370305024527        2.6200000000000001E-002   1.3200000000000000E-002   3.2399999999999998E-002  0.73780000000000001       0.19040000000000001     
   69.000000000000000       0.53394408020725703        2.5999999999999999E-002   1.2400000000000000E-002   2.9999999999999999E-002  0.73799999999999999       0.19359999999999999     
   70.000000000000000       0.49328972243354907        2.5600000000000001E-002   1.2400000000000000E-002   4.7000000000000000E-002  0.72140000000000004       0.19359999999999999     
   71.000000000000000       0.51036524357707269        2.5000000000000001E-002   1.2000000000000000E-002   3.5999999999999997E-002  0.73319999999999996       0.19380000000000000     
   72.000000000000000       0.42960926437243552        2.3199999999999998E-002   1.2000000000000000E-002   3.0400000000000000E-002  0.73560000000000003       0.19880000000000000     
   73.000000000000000       0.41415807022037665        2.3199999999999998E-002   1.2000000000000000E-002   4.9599999999999998E-002  0.71460000000000001       0.20060000000000000     
   74.000000000000000       0.40178670679628081        1.7600000000000001E-002   1.6799999999999999E-002   0.0000000000000000       0.76439999999999997       0.20119999999999999     
   75.000000000000000       0.20410116709247994        1.7600000000000001E-002   1.6600000000000000E-002   0.0000000000000000       0.76439999999999997       0.20140000000000000     
   76.000000000000000       0.17683704671334471        1.7600000000000001E-002   1.6600000000000000E-002   0.0000000000000000       0.76419999999999999       0.20160000000000000     
   77.000000000000000       0.15373209158975340        1.5599999999999999E-002   1.7000000000000001E-002   1.6000000000000001E-003  0.76019999999999999       0.20560000000000000     
   78.000000000000000       0.13677586173256018        1.4000000000000000E-002   1.7800000000000000E-002   1.6000000000000001E-003  0.74239999999999995       0.22420000000000001     
   79.000000000000000       0.12394296532452137        1.3599999999999999E-002   1.7600000000000001E-002   1.8000000000000000E-003  0.71840000000000004       0.24859999999999999     
   80.000000000000000       0.11046154864616164        1.3599999999999999E-002   1.7399999999999999E-002   1.6000000000000001E-003  0.71860000000000002       0.24879999999999999     
   81.000000000000000       0.10142327590134383        1.3599999999999999E-002   1.7200000000000000E-002   1.6000000000000001E-003  0.71279999999999999       0.25480000000000003     
   82.000000000000000        9.4998278153901355E-002   1.3599999999999999E-002   1.6600000000000000E-002   1.8000000000000000E-003  0.71319999999999995       0.25480000000000003     
   83.000000000000000        9.2609497298755977E-002   1.3599999999999999E-002   1.6600000000000000E-002   1.8000000000000000E-003  0.70979999999999999       0.25819999999999999     
   84.000000000000000        9.2685646286414167E-002   6.1999999999999998E-003   2.4000000000000000E-002   1.8000000000000000E-003  0.70979999999999999       0.25819999999999999     
   85.000000000000000        9.4942134667614725E-002   5.5999999999999999E-003   2.4000000000000000E-002   1.8000000000000000E-003  0.70879999999999999       0.25979999999999998     
   86.000000000000000        9.9272486698974011E-002   5.5999999999999999E-003   2.4000000000000000E-002   1.8000000000000000E-003  0.70879999999999999       0.25979999999999998     
   87.000000000000000       0.10443679924231836        5.5999999999999999E-003   2.4000000000000000E-002   1.6000000000000001E-003  0.70879999999999999       0.26000000000000001     
   88.000000000000000       0.11298081124906725        5.5999999999999999E-003   2.4000000000000000E-002   1.6000000000000001E-003  0.70879999999999999       0.26000000000000001     
   89.000000000000000       0.12442357039902066        5.4000000000000003E-003   2.4000000000000000E-002   1.8000000000000000E-003  0.69920000000000004       0.26960000000000001     
   90.000000000000000       0.13598402549608368        5.4000000000000003E-003   2.4000000000000000E-002   1.8000000000000000E-003  0.69399999999999995       0.27479999999999999     
   91.000000000000000       0.14425791198518137        5.4000000000000003E-003   2.4000000000000000E-002   1.8000000000000000E-003  0.69399999999999995       0.27479999999999999     
   92.000000000000000       0.16034326331518142        5.1999999999999998E-003   2.4000000000000000E-002   2.0000000000000000E-003  0.69399999999999995       0.27479999999999999     
   93.000000000000000       0.17175185675035948        5.1999999999999998E-003   2.4000000000000000E-002   2.0000000000000000E-003  0.69359999999999999       0.27520000000000000     
   94.000000000000000       0.18238849858234671        5.1999999999999998E-003   2.4000000000000000E-002   1.6000000000000001E-003  0.69399999999999995       0.27520000000000000     
   95.000000000000000       0.20134756090917499        5.1999999999999998E-003   2.4000000000000000E-002   1.6000000000000001E-003  0.68259999999999998       0.28660000000000002     
   96.000000000000000       0.21736145293927667        5.1999999999999998E-003   2.4000000000000000E-002   1.8000000000000000E-003  0.67340000000000000       0.29559999999999997     
   97.000000000000000       0.22867430259638491        5.1999999999999998E-003   2.4000000000000000E-002   1.8000000000000000E-003  0.67320000000000002       0.29580000000000001     
   98.000000000000000       0.24182522252619248        5.1999999999999998E-003   2.4000000000000000E-002   1.8000000000000000E-003  0.67200000000000004       0.29699999999999999     
   99.000000000000000       0.24900470389810286        5.0000000000000001E-003   2.4000000000000000E-002   2.0000000000000000E-003  0.67200000000000004       0.29699999999999999     
   100.00000000000000       0.25667835150152329        1.7200000000000000E-002   1.1599999999999999E-002   2.0000000000000000E-003  0.67159999999999997       0.29759999999999998     
   101.00000000000000       0.26273164867657089        1.7200000000000000E-002   1.1599999999999999E-002   2.0000000000000000E-003  0.66339999999999999       0.30580000000000002     
   102.00000000000000       0.27530245547436660        1.7200000000000000E-002   1.1400000000000000E-002   2.2000000000000001E-003  0.66180000000000005       0.30740000000000001     
   103.00000000000000       0.28405809991352798        1.7200000000000000E-002   1.0999999999999999E-002   2.5999999999999999E-003  0.65439999999999998       0.31480000000000002     
   104.00000000000000       0.28942221840351312        1.7200000000000000E-002   1.0999999999999999E-002   2.5999999999999999E-003  0.65439999999999998       0.31480000000000002     
   105.00000000000000       0.29607056788326858        1.7200000000000000E-002   1.0999999999999999E-002   2.8000000000000000E-003  0.65080000000000005       0.31819999999999998     
   106.00000000000000       0.30185871777171031        1.7200000000000000E-002   1.0999999999999999E-002   2.0000000000000000E-003  0.65159999999999996       0.31819999999999998     
   107.00000000000000       0.30967193184755681        1.7200000000000000E-002   1.0999999999999999E-002   2.0000000000000000E-003  0.65159999999999996       0.31819999999999998     
   108.00000000000000       0.31914149317426455        1.7200000000000000E-002   1.0999999999999999E-002   1.8000000000000000E-003  0.65039999999999998       0.31960000000000000     
   109.00000000000000       0.32955789939358604        1.7200000000000000E-002   1.0999999999999999E-002   1.4000000000000000E-003  0.65080000000000005       0.31960000000000000     
   110.00000000000000       0.34111798258108444        1.7200000000000000E-002   1.0800000000000001E-002   1.6000000000000001E-003  0.65080000000000005       0.31960000000000000     
   111.00000000000000       0.35407375639694982        1.7200000000000000E-002   1.0800000000000001E-002   1.6000000000000001E-003  0.65059999999999996       0.31979999999999997     
   112.00000000000000       0.36689743353754006        1.7200000000000000E-002   1.0800000000000001E-002   1.6000000000000001E-003  0.65059999999999996       0.31979999999999997     
   113.00000000000000       0.38246687552364278        1.7600000000000001E-002   1.0200000000000001E-002   1.6000000000000001E-003  0.64820000000000000       0.32240000000000002     
   114.00000000000000       0.41002123587751510        1.6600000000000000E-002   1.0200000000000001E-002   1.8000000000000000E-003  0.58420000000000005       0.38719999999999999     
   115.00000000000000       0.42215697709056910        1.6400000000000001E-002   1.0200000000000001E-002   2.0000000000000000E-003  0.57020000000000004       0.40120000000000000     
   116.00000000000000       0.43099821223188928        1.6199999999999999E-002   1.0200000000000001E-002   2.0000000000000000E-003  0.57040000000000002       0.40120000000000000     
   117.00000000000000       0.43808231276820830        1.6000000000000000E-002   1.0200000000000001E-002   2.0000000000000000E-003  0.57040000000000002       0.40139999999999998     
   118.00000000000000       0.44224015455660315        1.6000000000000000E-002   1.0200000000000001E-002   2.0000000000000000E-003  0.57040000000000002       0.40139999999999998     
   119.00000000000000       0.44510652356210362        1.6000000000000000E-002   4.1999999999999997E-003   7.7999999999999996E-003  0.56799999999999995       0.40400000000000003     
   120.00000000000000       0.44469536867388582        1.5800000000000002E-002   4.1999999999999997E-003   8.0000000000000002E-003  0.56799999999999995       0.40400000000000003     
   121.00000000000000       0.53958587085180398        2.0000000000000000E-003   1.8800000000000001E-002   3.0000000000000001E-003  0.22600000000000001       0.75019999999999998     
   122.00000000000000        1.0601315229991017        2.0000000000000000E-003   1.7800000000000000E-002   4.0000000000000002E-004  0.22960000000000000       0.75019999999999998     
   123.00000000000000        1.6669010099794412        2.0000000000000000E-003   1.7600000000000001E-002   4.0000000000000002E-004  0.22960000000000000       0.75039999999999996     
   124.00000000000000        1.5436521902063349        2.0000000000000000E-003   1.6600000000000000E-002   5.9999999999999995E-004  0.23000000000000001       0.75080000000000002     
   125.00000000000000        1.6505783146704220        2.0000000000000000E-003   1.6400000000000001E-002   5.9999999999999995E-004  0.23019999999999999       0.75080000000000002     
   126.00000000000000        1.3917734527933878        2.0000000000000000E-003   1.4800000000000001E-002   5.9999999999999995E-004  0.18240000000000001       0.80020000000000002     
   127.00000000000000        1.7017079152189800        2.5999999999999999E-003   1.1200000000000000E-002   3.5999999999999999E-003   9.3200000000000005E-002  0.88939999999999997     
   128.00000000000000        1.1206654178650892        2.3999999999999998E-003   1.0800000000000001E-002   3.3999999999999998E-003   9.3799999999999994E-002  0.88959999999999995     
   129.00000000000000       0.54729441252304789        2.3999999999999998E-003   1.0800000000000001E-002   3.3999999999999998E-003   9.3799999999999994E-002  0.88959999999999995     
   130.00000000000000       0.52188146835121496        2.3999999999999998E-003   1.0800000000000001E-002   3.3999999999999998E-003   9.3399999999999997E-002  0.89000000000000001     
   131.00000000000000       0.49157131369950530        2.3999999999999998E-003   1.2200000000000001E-002   2.0000000000000000E-003   9.3399999999999997E-002  0.89000000000000001     
   132.00000000000000       0.45727421276059765        2.3999999999999998E-003   1.2200000000000001E-002   2.0000000000000000E-003   9.3399999999999997E-002  0.89000000000000001     
   133.00000000000000       0.41951586688726850        2.3999999999999998E-003   1.2200000000000001E-002   1.8000000000000000E-003   9.2399999999999996E-002  0.89119999999999999     
   134.00000000000000       0.37769928141891002        2.3999999999999998E-003   1.2200000000000001E-002   2.2000000000000001E-003   9.1399999999999995E-002  0.89180000000000004     
   135.00000000000000       0.33681967284462533        1.4400000000000000E-002   0.0000000000000000        8.0000000000000004E-004   9.1999999999999998E-002  0.89280000000000004     
   136.00000000000000       0.29701630504369236        1.4400000000000000E-002   0.0000000000000000        8.0000000000000004E-004   9.1999999999999998E-002  0.89280000000000004     
   137.00000000000000       0.25891376676098288        1.4400000000000000E-002   0.0000000000000000        8.0000000000000004E-004   9.0999999999999998E-002  0.89380000000000004     
   138.00000000000000       0.22625635076637313        1.3800000000000000E-002   0.0000000000000000        1.4000000000000000E-003   8.7599999999999997E-002  0.89720000000000000     
   139.00000000000000       0.20052418936455146        1.3599999999999999E-002   2.0000000000000001E-004   1.4000000000000000E-003   8.7599999999999997E-002  0.89720000000000000     
   140.00000000000000       0.18332865926150860        1.3599999999999999E-002   2.0000000000000001E-004   1.4000000000000000E-003   8.7599999999999997E-002  0.89720000000000000     
   141.00000000000000       0.17882901340316659        1.3599999999999999E-002   2.0000000000000001E-004   8.0000000000000004E-004   7.8799999999999995E-002  0.90659999999999996     
   142.00000000000000       0.17993954420600086        1.3200000000000000E-002   5.9999999999999995E-004   8.0000000000000004E-004   8.2199999999999995E-002  0.90320000000000000     
   143.00000000000000       0.18704429767838568        1.3200000000000000E-002   5.9999999999999995E-004   5.9999999999999995E-004   8.1400000000000000E-002  0.90420000000000000     
   144.00000000000000       0.19545222734163747        1.3200000000000000E-002   5.9999999999999995E-004   5.9999999999999995E-004   8.1600000000000006E-002  0.90400000000000003     
   145.00000000000000       0.20321191411405015        1.3200000000000000E-002   5.9999999999999995E-004   4.0000000000000002E-004   8.1799999999999998E-002  0.90400000000000003     
   146.00000000000000       0.21015264265690856        1.2999999999999999E-002   8.0000000000000004E-004   4.0000000000000002E-004   8.1400000000000000E-002  0.90439999999999998     
   147.00000000000000       0.21618821569149516        1.2999999999999999E-002   8.0000000000000004E-004   4.0000000000000002E-004   8.1400000000000000E-002  0.90439999999999998     
   148.00000000000000       0.22130573236865428        7.0000000000000001E-003   6.7999999999999996E-003   4.0000000000000002E-004   8.1400000000000000E-002  0.90439999999999998     
   149.00000000000000       0.22457183975482714        7.0000000000000001E-003   6.0000000000000001E-003   1.1999999999999999E-003   8.1199999999999994E-002  0.90459999999999996     
   150.00000000000000       0.22603429312596440        7.0000000000000001E-003   6.0000000000000001E-003   1.1999999999999999E-003   8.0399999999999999E-002  0.90539999999999998     
   151.00000000000000       0.22617768848421821        6.6000000000000000E-003   5.7999999999999996E-003   1.1999999999999999E-003   8.1000000000000003E-002  0.90539999999999998     
   152.00000000000000       0.22533972694149024        6.6000000000000000E-003   5.7999999999999996E-003   1.1999999999999999E-003   8.1000000000000003E-002  0.90539999999999998     
   153.00000000000000       0.22332586087603645        6.4000000000000003E-003   6.0000000000000001E-003   1.1999999999999999E-003   8.1199999999999994E-002  0.90520000000000000     
   154.00000000000000       0.21969659073919712        5.5999999999999999E-003   6.6000000000000000E-003   1.1999999999999999E-003   7.8799999999999995E-002  0.90780000000000005     
   155.00000000000000       0.21529510440271446        5.5999999999999999E-003   6.6000000000000000E-003   1.1999999999999999E-003   7.9200000000000007E-002  0.90739999999999998     
   156.00000000000000       0.21175365014254965        4.7999999999999996E-003   7.4000000000000003E-003   1.1999999999999999E-003   7.9200000000000007E-002  0.90739999999999998     
   157.00000000000000       0.20942409544000151        0.0000000000000000        1.1800000000000000E-002   1.1999999999999999E-003   7.9200000000000007E-002  0.90780000000000005     
   158.00000000000000       0.20753469341098280        0.0000000000000000        1.1800000000000000E-002   1.1999999999999999E-003   7.9200000000000007E-002  0.90780000000000005     
   159.00000000000000       0.20569101549614585        0.0000000000000000        1.1800000000000000E-002   1.1999999999999999E-003   7.9399999999999998E-002  0.90759999999999996     
   160.00000000000000       0.20492988327119246        1.1999999999999999E-003   1.0600000000000000E-002   1.1999999999999999E-003   7.9399999999999998E-002  0.90759999999999996     
   161.00000000000000       0.21976298346609818        6.6000000000000000E-003   5.1999999999999998E-003   1.1999999999999999E-003   7.9399999999999998E-002  0.90759999999999996     
   162.00000000000000       0.20542570342383884        0.0000000000000000        1.1800000000000000E-002   1.1999999999999999E-003   7.9399999999999998E-002  0.90759999999999996     
   163.00000000000000       0.22069079392664231        0.0000000000000000        1.1800000000000000E-002   1.1999999999999999E-003   7.9399999999999998E-002  0.90759999999999996     
   164.00000000000000       0.20757196398238001        0.0000000000000000        1.1800000000000000E-002   1.4000000000000000E-003   7.9399999999999998E-002  0.90739999999999998     
   165.00000000000000       0.20872371813883062        0.0000000000000000        1.1800000000000000E-002   0.0000000000000000        8.0399999999999999E-002  0.90780000000000005     
   166.00000000000000       0.21308175510367089        4.0000000000000002E-004   1.1400000000000000E-002   0.0000000000000000        7.7200000000000005E-002  0.91100000000000003     
   167.00000000000000       0.21596301179034055        4.0000000000000002E-004   1.1400000000000000E-002   0.0000000000000000        7.7200000000000005E-002  0.91100000000000003     
   168.00000000000000       0.21774489043353140        5.9999999999999995E-004   1.1200000000000000E-002   0.0000000000000000        7.6799999999999993E-002  0.91139999999999999     
   169.00000000000000       0.21917680306861145        5.9999999999999995E-004   1.0200000000000001E-002   1.0000000000000000E-003   7.6799999999999993E-002  0.91139999999999999     
   170.00000000000000       0.21914144856741116        5.9999999999999995E-004   1.0200000000000001E-002   1.0000000000000000E-003   7.6799999999999993E-002  0.91139999999999999     
   171.00000000000000       0.21807279235481999        5.9999999999999995E-004   1.0200000000000001E-002   1.0000000000000000E-003   7.6799999999999993E-002  0.91139999999999999     
   172.00000000000000       0.21485915648920095        8.0000000000000004E-004   1.0000000000000000E-002   1.0000000000000000E-003   7.6799999999999993E-002  0.91139999999999999     
   173.00000000000000       0.21131547880883791        8.0000000000000004E-004   9.5999999999999992E-003   1.0000000000000000E-003   7.6999999999999999E-002  0.91159999999999997     
   174.00000000000000       0.20752622620907632        8.0000000000000004E-004   9.5999999999999992E-003   1.0000000000000000E-003   7.3200000000000001E-002  0.91539999999999999     
   175.00000000000000       0.20291149439719938        8.0000000000000004E-004   9.4000000000000004E-003   1.0000000000000000E-003   7.2200000000000000E-002  0.91659999999999997     
   176.00000000000000       0.19735330111888885        4.0000000000000002E-004   9.7999999999999997E-003   1.0000000000000000E-003   7.1999999999999995E-002  0.91679999999999995     
   177.00000000000000       0.19181659002471654        4.0000000000000002E-004   9.7999999999999997E-003   1.0000000000000000E-003   7.1999999999999995E-002  0.91679999999999995     
   178.00000000000000       0.18724078517584328        4.0000000000000002E-004   9.7999999999999997E-003   1.0000000000000000E-003   7.1999999999999995E-002  0.91679999999999995     
   179.00000000000000       0.18367110377435827        4.0000000000000002E-004   9.7999999999999997E-003   8.0000000000000004E-004   7.1800000000000003E-002  0.91720000000000002     
   180.00000000000000       0.18152725075786480        8.6000000000000000E-003   1.6000000000000001E-003   8.0000000000000004E-004   7.1599999999999997E-002  0.91739999999999999     
   181.00000000000000       0.18138906566211860        8.2000000000000007E-003   1.6000000000000001E-003   8.0000000000000004E-004   7.1999999999999995E-002  0.91739999999999999     
   182.00000000000000       0.18382807902185536        7.7999999999999996E-003   1.6000000000000001E-003   8.0000000000000004E-004   7.2200000000000000E-002  0.91759999999999997     
   183.00000000000000       0.18895181417579829        7.7999999999999996E-003   1.6000000000000001E-003   8.0000000000000004E-004   6.9400000000000003E-002  0.92040000000000000     
   184.00000000000000       0.19566541065946536        7.6000000000000000E-003   1.6000000000000001E-003   8.0000000000000004E-004   6.9599999999999995E-002  0.92040000000000000     
   185.00000000000000       0.20502406555555575        7.6000000000000000E-003   1.6000000000000001E-003   8.0000000000000004E-004   6.8400000000000002E-002  0.92159999999999997     
   186.00000000000000       0.21613668803891067        7.6000000000000000E-003   1.6000000000000001E-003   8.0000000000000004E-004   6.8400000000000002E-002  0.92159999999999997     
   187.00000000000000       0.22953728992953010        7.6000000000000000E-003   1.6000000000000001E-003   8.0000000000000004E-004   6.5000000000000002E-002  0.92500000000000004     
   188.00000000000000       0.24379380347022117        6.6000000000000000E-003   1.6000000000000001E-003   1.0000000000000000E-003   6.4399999999999999E-002  0.92640000000000000     
   189.00000000000000       0.25825479852802885        6.6000000000000000E-003   1.6000000000000001E-003   1.0000000000000000E-003   6.4399999999999999E-002  0.92640000000000000     
   190.00000000000000       0.27283979180965273        6.6000000000000000E-003   1.6000000000000001E-003   1.0000000000000000E-003   6.4399999999999999E-002  0.92640000000000000     
   191.00000000000000       0.28771783062828893        6.6000000000000000E-003   1.6000000000000001E-003   1.0000000000000000E-003   6.4399999999999999E-002  0.92640000000000000     
   192.00000000000000       0.30244740223982275        6.6000000000000000E-003   1.6000000000000001E-003   1.0000000000000000E-003   6.4399999999999999E-002  0.92640000000000000     
   193.00000000000000       0.31653373162619458        6.4000000000000003E-003   2.0000000000000001E-004   2.3999999999999998E-003   6.4600000000000005E-002  0.92640000000000000     
   194.00000000000000       0.33038127560703223        6.4000000000000003E-003   2.0000000000000001E-004   2.3999999999999998E-003   6.3600000000000004E-002  0.92740000000000000     
   195.00000000000000       0.34349155661354119        6.4000000000000003E-003   2.0000000000000001E-004   2.3999999999999998E-003   6.3600000000000004E-002  0.92740000000000000     
   196.00000000000000       0.35652816719852587        6.4000000000000003E-003   2.0000000000000001E-004   2.3999999999999998E-003   5.9799999999999999E-002  0.93120000000000003     
   197.00000000000000       0.36837777988031783        6.4000000000000003E-003   2.0000000000000001E-004   2.3999999999999998E-003   6.1199999999999997E-002  0.92979999999999996     
   198.00000000000000       0.38052401100793420        6.4000000000000003E-003   2.0000000000000001E-004   2.3999999999999998E-003   6.1600000000000002E-002  0.92940000000000000     
   199.00000000000000       0.39367113212580995        6.4000000000000003E-003   2.0000000000000001E-004   2.2000000000000001E-003   5.8599999999999999E-002  0.93259999999999998     
   200.00000000000000       0.40811569507311884        6.4000000000000003E-003   2.0000000000000001E-004   2.2000000000000001E-003   6.1199999999999997E-002  0.93000000000000005     
   201.00000000000000       0.42451475243978692        6.4000000000000003E-003   2.0000000000000001E-004   2.0000000000000000E-003   6.6600000000000006E-002  0.92479999999999996     
   202.00000000000000       0.44280034258405404        6.4000000000000003E-003   2.0000000000000001E-004   2.0000000000000000E-003   6.9400000000000003E-002  0.92200000000000004     
   203.00000000000000       0.46253502260839546        6.4000000000000003E-003   2.0000000000000001E-004   2.0000000000000000E-003   6.6799999999999998E-002  0.92459999999999998     
   204.00000000000000       0.48094276052999274        6.4000000000000003E-003   2.0000000000000001E-004   2.0000000000000000E-003   6.7799999999999999E-002  0.92359999999999998     
   205.00000000000000       0.49806103350164205        6.4000000000000003E-003   2.0000000000000001E-004   2.0000000000000000E-003   6.8000000000000005E-002  0.92340000000000000     
   206.00000000000000       0.51311309816529937        6.4000000000000003E-003   2.0000000000000001E-004   1.8000000000000000E-003   6.8199999999999997E-002  0.92340000000000000     
   207.00000000000000       0.52580972929249059        6.4000000000000003E-003   2.0000000000000001E-004   1.8000000000000000E-003   6.8199999999999997E-002  0.92340000000000000     
   208.00000000000000       0.53556875468578335        6.4000000000000003E-003   2.0000000000000001E-004   1.6000000000000001E-003   6.8199999999999997E-002  0.92359999999999998     
   209.00000000000000       0.54287682809180360        6.4000000000000003E-003   2.0000000000000001E-004   1.6000000000000001E-003   6.8000000000000005E-002  0.92379999999999995     
   210.00000000000000       0.54807943655561742        6.4000000000000003E-003   2.0000000000000001E-004   1.6000000000000001E-003   6.7599999999999993E-002  0.92420000000000002     
   211.00000000000000       0.54866176094988617        6.4000000000000003E-003   2.0000000000000001E-004   1.6000000000000001E-003   6.7599999999999993E-002  0.92420000000000002     
   212.00000000000000       0.54743260192160725        6.4000000000000003E-003   2.0000000000000001E-004   1.6000000000000001E-003   6.7599999999999993E-002  0.92420000000000002     
   213.00000000000000       0.54310557922568481        6.1999999999999998E-003   2.0000000000000001E-004   1.8000000000000000E-003   6.7599999999999993E-002  0.92420000000000002     
   214.00000000000000       0.53645455465921921        6.1999999999999998E-003   2.0000000000000001E-004   1.8000000000000000E-003   6.7599999999999993E-002  0.92420000000000002     
   215.00000000000000       0.52680934205819463        5.7999999999999996E-003   2.0000000000000001E-004   2.2000000000000001E-003   6.7599999999999993E-002  0.92420000000000002     
   216.00000000000000       0.51445559867380963        5.7999999999999996E-003   2.0000000000000001E-004   2.2000000000000001E-003   6.7400000000000002E-002  0.92440000000000000     
