#        BMIN =   404
#        BMAX =   408
#     INIBAND =   406
#      NBANDS =   540
#         NSW =  2000
#       POTIM =   1.0
#        TEMP = 300.0
#    NAMDTINI =   514
#    NAMDTIME =  1000
#       NTRAJ =  5000
#        NELM =  1000
#       LHOLE =     T
#        LSHP =     T
#      LCPTXT =     T
#      RUNDIR = ../../run/
   1.0000000000000000       0.20639850588780967        0.0000000000000000        0.0000000000000000        1.0000000000000000        0.0000000000000000        0.0000000000000000     
   2.0000000000000000       0.21415101905621969        0.0000000000000000        0.0000000000000000       0.99980000000000002        2.0000000000000001E-004   0.0000000000000000     
   3.0000000000000000       0.21955853725451496        0.0000000000000000        0.0000000000000000       0.99980000000000002        2.0000000000000001E-004   0.0000000000000000     
   4.0000000000000000       0.22240713718327629        0.0000000000000000        0.0000000000000000       0.99919999999999998        8.0000000000000004E-004   0.0000000000000000     
   5.0000000000000000       0.22343673927504609        0.0000000000000000        0.0000000000000000       0.99900000000000000        8.0000000000000004E-004   2.0000000000000001E-004
   6.0000000000000000       0.22289495348595920        0.0000000000000000        0.0000000000000000       0.99900000000000000        8.0000000000000004E-004   2.0000000000000001E-004
   7.0000000000000000       0.22263854463144903        0.0000000000000000        0.0000000000000000       0.99900000000000000        8.0000000000000004E-004   2.0000000000000001E-004
   8.0000000000000000       0.22604672314605004        0.0000000000000000        0.0000000000000000       0.99900000000000000        8.0000000000000004E-004   2.0000000000000001E-004
   9.0000000000000000       0.23630563274797065        0.0000000000000000        0.0000000000000000       0.99880000000000002        1.0000000000000000E-003   2.0000000000000001E-004
   10.000000000000000       0.24991302778424529        0.0000000000000000        4.0000000000000002E-004  0.99839999999999995        1.0000000000000000E-003   2.0000000000000001E-004
   11.000000000000000       0.26417083159497318        0.0000000000000000        4.0000000000000002E-004  0.99839999999999995        1.0000000000000000E-003   2.0000000000000001E-004
   12.000000000000000       0.27694352108313758        0.0000000000000000        5.9999999999999995E-004  0.99800000000000000        1.0000000000000000E-003   4.0000000000000002E-004
   13.000000000000000       0.28635188882192864        0.0000000000000000        5.9999999999999995E-004  0.99800000000000000        1.0000000000000000E-003   4.0000000000000002E-004
   14.000000000000000       0.29259262598682817        0.0000000000000000        5.9999999999999995E-004  0.99539999999999995        3.5999999999999999E-003   4.0000000000000002E-004
   15.000000000000000       0.29461087635418076        0.0000000000000000        5.9999999999999995E-004  0.99539999999999995        3.5999999999999999E-003   4.0000000000000002E-004
   16.000000000000000       0.29353280508229834        0.0000000000000000        5.9999999999999995E-004  0.99299999999999999        5.7999999999999996E-003   5.9999999999999995E-004
   17.000000000000000       0.28619616701707407        0.0000000000000000        5.9999999999999995E-004  0.98740000000000006        1.1200000000000000E-002   8.0000000000000004E-004
   18.000000000000000       0.27661502932332754        0.0000000000000000        5.9999999999999995E-004  0.98740000000000006        1.0999999999999999E-002   1.0000000000000000E-003
   19.000000000000000       0.26391897202560011        0.0000000000000000        5.9999999999999995E-004  0.98680000000000001        1.1599999999999999E-002   1.0000000000000000E-003
   20.000000000000000       0.24932888578410167        0.0000000000000000        5.9999999999999995E-004  0.98560000000000003        1.2800000000000001E-002   1.0000000000000000E-003
   21.000000000000000       0.23272041106597463        0.0000000000000000        5.9999999999999995E-004  0.98519999999999996        1.3200000000000000E-002   1.0000000000000000E-003
   22.000000000000000       0.21401079325771491        0.0000000000000000        5.9999999999999995E-004  0.98560000000000003        1.2800000000000001E-002   1.0000000000000000E-003
   23.000000000000000       0.19395707320900182        0.0000000000000000        5.9999999999999995E-004  0.98560000000000003        1.2800000000000001E-002   1.0000000000000000E-003
   24.000000000000000       0.16809224101468653        0.0000000000000000        9.7400000000000000E-002  0.88880000000000003        1.2800000000000001E-002   1.0000000000000000E-003
   25.000000000000000       0.15563657844816209        0.0000000000000000        9.7400000000000000E-002  0.88880000000000003        1.2800000000000001E-002   1.0000000000000000E-003
   26.000000000000000       0.17475522804617505        0.0000000000000000        9.7400000000000000E-002  0.88880000000000003        1.2800000000000001E-002   1.0000000000000000E-003
   27.000000000000000       0.18785106660615067        0.0000000000000000        9.7400000000000000E-002  0.88880000000000003        1.2800000000000001E-002   1.0000000000000000E-003
   28.000000000000000       0.19387395140020106        0.0000000000000000        9.7000000000000003E-002  0.88880000000000003        1.2999999999999999E-002   1.1999999999999999E-003
   29.000000000000000       0.19254660941695501        0.0000000000000000        9.6400000000000000E-002  0.88880000000000003        1.3599999999999999E-002   1.1999999999999999E-003
   30.000000000000000       0.18200774732544320        0.0000000000000000        9.6400000000000000E-002  0.88880000000000003        1.2999999999999999E-002   1.8000000000000000E-003
   31.000000000000000       0.16401640647724142        0.0000000000000000        9.6400000000000000E-002  0.88880000000000003        1.3200000000000000E-002   1.6000000000000001E-003
   32.000000000000000       0.13886569402519397        0.0000000000000000        9.6199999999999994E-002  0.88880000000000003        1.3400000000000000E-002   1.6000000000000001E-003
   33.000000000000000       0.10846146407354817        0.0000000000000000        9.6000000000000002E-002  0.88880000000000003        1.3400000000000000E-002   1.8000000000000000E-003
   34.000000000000000        7.1402715378398235E-002   0.0000000000000000        9.6000000000000002E-002  0.88880000000000003        1.3400000000000000E-002   1.8000000000000000E-003
   35.000000000000000        2.7758255384904562E-002   0.0000000000000000        9.6000000000000002E-002  0.88880000000000003        1.3400000000000000E-002   1.8000000000000000E-003
   36.000000000000000       -1.8088444615323222E-002   0.0000000000000000        9.5799999999999996E-002  0.88880000000000003        1.3599999999999999E-002   1.8000000000000000E-003
   37.000000000000000       -6.6771379648005391E-002   0.0000000000000000        9.5799999999999996E-002  0.88880000000000003        1.3599999999999999E-002   1.8000000000000000E-003
   38.000000000000000      -0.11502803977952512        0.0000000000000000        0.0000000000000000       0.98460000000000003        1.3599999999999999E-002   1.8000000000000000E-003
   39.000000000000000      -0.13966265218717433        0.0000000000000000        0.0000000000000000       0.98440000000000005        1.3599999999999999E-002   2.0000000000000000E-003
   40.000000000000000      -0.15347334377367958        0.0000000000000000       0.19120000000000001       0.79159999999999997        1.4600000000000000E-002   2.5999999999999999E-003
   41.000000000000000      -0.15055546882042500        0.0000000000000000       0.17240000000000000       0.81000000000000005        1.4999999999999999E-002   2.5999999999999999E-003
   42.000000000000000      -0.14013978580753766        0.0000000000000000       0.17340000000000000       0.80820000000000003        1.5200000000000000E-002   3.2000000000000002E-003
   43.000000000000000      -0.12805955314372303        0.0000000000000000       0.17399999999999999       0.80659999999999998        1.5800000000000002E-002   3.5999999999999999E-003
   44.000000000000000      -0.11519828319842260        0.0000000000000000       0.17399999999999999       0.80620000000000003        1.5800000000000002E-002   4.0000000000000001E-003
   45.000000000000000      -0.10530769090431721        0.0000000000000000       0.17140000000000000       0.80420000000000003        1.9599999999999999E-002   4.7999999999999996E-003
   46.000000000000000       -8.8407405062921759E-002   0.0000000000000000       0.17140000000000000       0.80340000000000000        2.0400000000000001E-002   4.7999999999999996E-003
   47.000000000000000       -7.3098529721343120E-002   0.0000000000000000       0.17140000000000000       0.79859999999999998        2.5200000000000000E-002   4.7999999999999996E-003
   48.000000000000000       -6.1104154014422138E-002   0.0000000000000000       0.16960000000000000       0.79400000000000004        3.0400000000000000E-002   6.0000000000000001E-003
   49.000000000000000       -5.0261022793961593E-002   0.0000000000000000       0.16940000000000000       0.78820000000000001        3.6400000000000002E-002   6.0000000000000001E-003
   50.000000000000000       -4.0329304984386527E-002   0.0000000000000000       0.16900000000000001       0.78779999999999994        3.6799999999999999E-002   6.4000000000000003E-003
   51.000000000000000       -3.1912954515833307E-002   0.0000000000000000       0.16880000000000001       0.78620000000000001        3.7999999999999999E-002   7.0000000000000001E-003
   52.000000000000000       -2.5329877092341687E-002   0.0000000000000000       0.16860000000000000       0.78039999999999998        4.3999999999999997E-002   7.0000000000000001E-003
   53.000000000000000       -2.0992204588020237E-002   0.0000000000000000       0.16839999999999999       0.78059999999999996        4.3799999999999999E-002   7.1999999999999998E-003
   54.000000000000000       -1.8871622016332624E-002   1.0000000000000000E-003  0.16680000000000000       0.78120000000000001        4.3799999999999999E-002   7.1999999999999998E-003
   55.000000000000000       -1.2128445301055044E-002   1.0000000000000000E-003  0.16680000000000000       0.78100000000000003        4.3999999999999997E-002   7.1999999999999998E-003
   56.000000000000000       -5.3730400903102896E-003   1.0000000000000000E-003  0.16680000000000000       0.78039999999999998        4.4200000000000003E-002   7.6000000000000000E-003
   57.000000000000000       -7.2582025463984855E-004   1.0000000000000000E-003  0.16680000000000000       0.78039999999999998        4.4200000000000003E-002   7.6000000000000000E-003
   58.000000000000000        2.7031671935207643E-003   1.0000000000000000E-003  0.15400000000000000       0.79220000000000002        4.4400000000000002E-002   8.3999999999999995E-003
   59.000000000000000        1.7452748407703035E-002   1.0000000000000000E-003  0.15400000000000000       0.79220000000000002        4.4400000000000002E-002   8.3999999999999995E-003
   60.000000000000000        4.4470050983537290E-002   1.0000000000000000E-003  0.15400000000000000       0.79220000000000002        4.4400000000000002E-002   8.3999999999999995E-003
   61.000000000000000        6.6466764173087625E-002   1.0000000000000000E-003  0.15340000000000001       0.79220000000000002        4.4400000000000002E-002   8.9999999999999993E-003
   62.000000000000000        8.3570710198295747E-002   1.0000000000000000E-003  0.15320000000000000       0.79220000000000002        4.4400000000000002E-002   9.1999999999999998E-003
   63.000000000000000        9.4570072551479895E-002   1.0000000000000000E-003  0.15320000000000000       0.79220000000000002        4.1599999999999998E-002   1.2000000000000000E-002
   64.000000000000000        9.9165383301168308E-002   3.0400000000000000E-002  0.12320000000000000       0.79220000000000002        4.2000000000000003E-002   1.2200000000000001E-002
   65.000000000000000        9.8921213703201366E-002   3.0400000000000000E-002  0.12200000000000000       0.79339999999999999        4.1599999999999998E-002   1.2600000000000000E-002
   66.000000000000000        9.3123775300499173E-002   3.0400000000000000E-002  0.12120000000000000       0.79420000000000002        4.1599999999999998E-002   1.2600000000000000E-002
   67.000000000000000        8.0325928790986337E-002   2.9800000000000000E-002  0.12120000000000000       0.79479999999999995        4.1599999999999998E-002   1.2600000000000000E-002
   68.000000000000000        6.1071890755403861E-002   2.9600000000000001E-002  0.12139999999999999       0.79479999999999995        4.1599999999999998E-002   1.2600000000000000E-002
   69.000000000000000        3.5507007474560599E-002   9.2999999999999999E-002   5.7400000000000000E-002  0.79540000000000000        4.1599999999999998E-002   1.2600000000000000E-002
   70.000000000000000        6.7119086262822317E-003   9.2200000000000004E-002   5.8200000000000002E-002  0.79540000000000000        4.1599999999999998E-002   1.2600000000000000E-002
   71.000000000000000       -2.4670301189444445E-002  0.15020000000000000        0.0000000000000000       0.79540000000000000        4.1799999999999997E-002   1.2600000000000000E-002
   72.000000000000000       -5.7921442214996822E-002  0.14920000000000000        1.0400000000000000E-002  0.78600000000000003        4.1799999999999997E-002   1.2600000000000000E-002
   73.000000000000000       -7.2374226910004905E-002  0.14080000000000001        1.9000000000000000E-002  0.78580000000000005        4.1399999999999999E-002   1.2999999999999999E-002
   74.000000000000000       -5.8069978666789646E-002  0.14080000000000001        1.7600000000000001E-002  0.78620000000000001        4.2200000000000001E-002   1.3200000000000000E-002
   75.000000000000000       -4.4856540990721873E-002  0.13840000000000000        1.8200000000000001E-002  0.78779999999999994        4.2400000000000000E-002   1.3200000000000000E-002
   76.000000000000000       -2.5134490110862929E-002  0.12420000000000000        3.1800000000000002E-002  0.78839999999999999        4.1599999999999998E-002   1.4000000000000000E-002
   77.000000000000000       -3.6910495450401121E-003  0.12400000000000000        3.1800000000000002E-002  0.78859999999999997        4.1599999999999998E-002   1.4000000000000000E-002
   78.000000000000000        1.8177823292290229E-002  0.11920000000000000        3.5400000000000001E-002  0.78939999999999999        4.1599999999999998E-002   1.4400000000000000E-002
   79.000000000000000        4.0888546162328322E-002  0.11880000000000000        3.5000000000000003E-002  0.78539999999999999        4.6399999999999997E-002   1.4400000000000000E-002
   80.000000000000000        6.4215148766252256E-002  0.11420000000000000        3.5799999999999998E-002  0.78779999999999994        4.7199999999999999E-002   1.4999999999999999E-002
   81.000000000000000        8.6216812340663848E-002  0.11360000000000001        3.6400000000000002E-002  0.78759999999999997        4.7199999999999999E-002   1.5200000000000000E-002
   82.000000000000000       0.10733321464629515       0.11260000000000001        3.6400000000000002E-002  0.78759999999999997        4.7199999999999999E-002   1.6199999999999999E-002
   83.000000000000000       0.12836705398978585       0.11080000000000000        3.5400000000000001E-002  0.78779999999999994        4.8800000000000003E-002   1.7200000000000000E-002
   84.000000000000000       0.14828516156434801       0.10620000000000000        3.9600000000000003E-002  0.78820000000000001        4.8800000000000003E-002   1.7200000000000000E-002
   85.000000000000000       0.16713511825765351       0.10280000000000000        4.2799999999999998E-002  0.78659999999999997        5.0400000000000000E-002   1.7399999999999999E-002
   86.000000000000000       0.18488625639609296        9.9800000000000000E-002   4.2799999999999998E-002  0.78959999999999997        5.0400000000000000E-002   1.7399999999999999E-002
   87.000000000000000       0.20079295181535389        9.8799999999999999E-002   4.3600000000000000E-002  0.78959999999999997        5.0599999999999999E-002   1.7399999999999999E-002
   88.000000000000000       0.21552662303184295        9.8799999999999999E-002   4.2999999999999997E-002  0.79020000000000001        5.0200000000000002E-002   1.7800000000000000E-002
   89.000000000000000       0.22980334358403012        9.7199999999999995E-002   4.0599999999999997E-002  0.79400000000000004        5.0000000000000003E-002   1.8200000000000001E-002
   90.000000000000000       0.24257214869361207        9.3399999999999997E-002   4.0800000000000003E-002  0.79700000000000004        5.0599999999999999E-002   1.8200000000000001E-002
   91.000000000000000       0.25356276493141627        9.3399999999999997E-002   4.0599999999999997E-002  0.79600000000000004        5.0999999999999997E-002   1.9000000000000000E-002
   92.000000000000000       0.26294409340757957        9.3399999999999997E-002   3.9199999999999999E-002  0.79540000000000000        5.2999999999999999E-002   1.9000000000000000E-002
   93.000000000000000       0.27031251063263678        9.2600000000000002E-002   3.8800000000000001E-002  0.79640000000000000        5.3199999999999997E-002   1.9000000000000000E-002
   94.000000000000000       0.27632131177332192        9.2399999999999996E-002   3.8399999999999997E-002  0.79740000000000000        5.2800000000000000E-002   1.9000000000000000E-002
   95.000000000000000       0.28122661610818850        9.0800000000000006E-002   3.8399999999999997E-002  0.79500000000000004        5.6800000000000003E-002   1.9000000000000000E-002
   96.000000000000000       0.28436556476047353        9.0800000000000006E-002   3.8199999999999998E-002  0.79320000000000002        5.8599999999999999E-002   1.9199999999999998E-002
   97.000000000000000       0.28557630582005195        9.0800000000000006E-002   3.8199999999999998E-002  0.79020000000000001        6.1600000000000002E-002   1.9199999999999998E-002
   98.000000000000000       0.28372783652112971        9.0800000000000006E-002   3.8199999999999998E-002  0.78859999999999997        6.3200000000000006E-002   1.9199999999999998E-002
   99.000000000000000       0.27951449439598836        9.0800000000000006E-002   3.7800000000000000E-002  0.78779999999999994        6.4399999999999999E-002   1.9199999999999998E-002
   100.00000000000000       0.27277762755687518        9.0399999999999994E-002   3.5999999999999997E-002  0.79000000000000004        6.4399999999999999E-002   1.9199999999999998E-002
   101.00000000000000       0.26434629944314891        8.9599999999999999E-002   3.4799999999999998E-002  0.79200000000000004        6.4399999999999999E-002   1.9199999999999998E-002
   102.00000000000000       0.25538621452884780        8.6400000000000005E-002   3.3000000000000002E-002  0.79600000000000004        6.4399999999999999E-002   2.0199999999999999E-002
   103.00000000000000       0.24422952536301051        8.2600000000000007E-002   3.4400000000000000E-002  0.79659999999999997        6.4399999999999999E-002   2.1999999999999999E-002
   104.00000000000000       0.23048113514714957        7.9200000000000007E-002   3.4799999999999998E-002  0.79900000000000004        6.5000000000000002E-002   2.1999999999999999E-002
   105.00000000000000       0.21589461682273403        7.5200000000000003E-002   3.4400000000000000E-002  0.80300000000000005        6.5400000000000000E-002   2.1999999999999999E-002
   106.00000000000000       0.19893096737906271        7.4200000000000002E-002   3.3799999999999997E-002  0.80440000000000000        6.5799999999999997E-002   2.1800000000000000E-002
   107.00000000000000       0.18247315003481260        6.7000000000000004E-002   4.1000000000000002E-002  0.80079999999999996        6.8400000000000002E-002   2.2800000000000001E-002
   108.00000000000000       0.16392595032084700        6.2600000000000003E-002   4.5400000000000003E-002  0.80040000000000000        6.8800000000000000E-002   2.2800000000000001E-002
   109.00000000000000       0.14569094552018619        5.8200000000000002E-002   4.8399999999999999E-002  0.80140000000000000        6.9599999999999995E-002   2.2400000000000000E-002
   110.00000000000000       0.13481946056225266        5.8200000000000002E-002   7.5200000000000003E-002  0.77439999999999998        6.9800000000000001E-002   2.2400000000000000E-002
   111.00000000000000       0.13280401297868141        5.3600000000000002E-002   7.7600000000000002E-002  0.77600000000000002        7.0199999999999999E-002   2.2599999999999999E-002
   112.00000000000000       0.13270666745644433        4.5199999999999997E-002   7.5800000000000006E-002  0.78580000000000005        6.6799999999999998E-002   2.6400000000000000E-002
   113.00000000000000       0.13142548797052531        3.6400000000000002E-002   8.4000000000000005E-002  0.78220000000000001        7.0800000000000002E-002   2.6599999999999999E-002
   114.00000000000000       0.12717405101266058        3.5600000000000000E-002   8.4800000000000000E-002  0.77559999999999996        8.0600000000000005E-002   2.3400000000000001E-002
   115.00000000000000       0.11877413694578771        3.5600000000000000E-002   8.3000000000000004E-002  0.77739999999999998        7.3800000000000004E-002   3.0200000000000001E-002
   116.00000000000000       0.10924240071239366        3.1399999999999997E-002   8.5599999999999996E-002  0.77080000000000004        6.9800000000000001E-002   4.2400000000000000E-002
   117.00000000000000        9.4756851523556826E-002   3.1600000000000003E-002   8.4599999999999995E-002  0.76980000000000004        7.1599999999999997E-002   4.2400000000000000E-002
   118.00000000000000        7.9104172108651200E-002   3.1800000000000002E-002   7.9200000000000007E-002  0.77259999999999995        7.3999999999999996E-002   4.2400000000000000E-002
   119.00000000000000        6.1551729796158396E-002   9.2799999999999994E-002   1.7600000000000001E-002  0.77280000000000004        7.4200000000000002E-002   4.2599999999999999E-002
   120.00000000000000        4.6776143025707005E-002   9.2799999999999994E-002   1.7600000000000001E-002  0.77259999999999995        7.3999999999999996E-002   4.2999999999999997E-002
   121.00000000000000        3.1921522716366724E-002   9.1999999999999998E-002   3.2000000000000002E-003  0.78739999999999999        7.3999999999999996E-002   4.3400000000000001E-002
   122.00000000000000        1.9759675462438619E-002   8.9399999999999993E-002   5.4000000000000003E-003  0.78739999999999999        7.4399999999999994E-002   4.3400000000000001E-002
   123.00000000000000        5.3430364936584845E-002   8.9399999999999993E-002   5.1999999999999998E-003  0.78739999999999999        7.4600000000000000E-002   4.3400000000000001E-002
   124.00000000000000        8.5729793478557664E-002   8.3599999999999994E-002   1.0800000000000001E-002  0.78739999999999999        7.4800000000000005E-002   4.3400000000000001E-002
   125.00000000000000       0.11456872995793767        8.2199999999999995E-002   1.2200000000000001E-002  0.78739999999999999        7.4399999999999994E-002   4.3799999999999999E-002
   126.00000000000000       0.13820261488899938        8.1799999999999998E-002   1.2200000000000001E-002  0.78739999999999999        7.4800000000000005E-002   4.3799999999999999E-002
   127.00000000000000       0.15853629978276157        7.9799999999999996E-002   1.3599999999999999E-002  0.78739999999999999        7.5200000000000003E-002   4.3999999999999997E-002
   128.00000000000000       0.17224906766241388        7.9799999999999996E-002   1.3599999999999999E-002  0.78739999999999999        7.4800000000000005E-002   4.4400000000000002E-002
   129.00000000000000       0.17981218472367869        7.9799999999999996E-002   1.3599999999999999E-002  0.78739999999999999        7.4800000000000005E-002   4.4400000000000002E-002
   130.00000000000000       0.18060154050186239        7.9799999999999996E-002   1.3599999999999999E-002  0.78739999999999999        7.4800000000000005E-002   4.4400000000000002E-002
   131.00000000000000       0.17309946299498358        7.9799999999999996E-002   1.3200000000000000E-002  0.78739999999999999        7.4800000000000005E-002   4.4800000000000000E-002
   132.00000000000000       0.15950341705894389        7.9799999999999996E-002   1.2999999999999999E-002  0.78739999999999999        7.4800000000000005E-002   4.4999999999999998E-002
   133.00000000000000       0.13988153822476151        7.9600000000000004E-002   1.3200000000000000E-002  0.78739999999999999        7.4600000000000000E-002   4.5199999999999997E-002
   134.00000000000000       0.11505146463175481        7.9600000000000004E-002   1.3200000000000000E-002  0.78739999999999999        7.4600000000000000E-002   4.5199999999999997E-002
   135.00000000000000        8.5092673330140797E-002   7.9399999999999998E-002   1.3400000000000000E-002  0.78739999999999999        7.4600000000000000E-002   4.5199999999999997E-002
   136.00000000000000        5.1597275399514364E-002   7.9399999999999998E-002   0.0000000000000000       0.79979999999999996        7.4399999999999994E-002   4.6399999999999997E-002
   137.00000000000000        4.6431501044626872E-002   7.9000000000000001E-002   0.0000000000000000       0.79879999999999995        7.5800000000000006E-002   4.6399999999999997E-002
   138.00000000000000        5.4128516537198204E-002   7.9000000000000001E-002   0.0000000000000000       0.79879999999999995        7.5800000000000006E-002   4.6399999999999997E-002
   139.00000000000000        6.0706700621538906E-002   7.9000000000000001E-002   0.0000000000000000       0.79879999999999995        7.5399999999999995E-002   4.6800000000000001E-002
   140.00000000000000        6.1112494742899759E-002   7.9000000000000001E-002   0.0000000000000000       0.79700000000000004        7.8399999999999997E-002   4.5600000000000002E-002
   141.00000000000000        6.3918042345857740E-002   7.6999999999999999E-002   2.2000000000000001E-003  0.79600000000000004        7.9600000000000004E-002   4.5199999999999997E-002
   142.00000000000000        7.2009735281442250E-002   7.6999999999999999E-002   3.3999999999999998E-003  0.79459999999999997        7.9799999999999996E-002   4.5199999999999997E-002
   143.00000000000000        8.9794370190148812E-002   7.6999999999999999E-002   0.0000000000000000       0.79779999999999995        7.4200000000000002E-002   5.0999999999999997E-002
   144.00000000000000       0.12458873854931554        7.6799999999999993E-002   0.0000000000000000       0.79779999999999995        6.9199999999999998E-002   5.6200000000000000E-002
   145.00000000000000       0.17079283982665083        7.5200000000000003E-002   0.0000000000000000       0.77859999999999996        8.9599999999999999E-002   5.6599999999999998E-002
   146.00000000000000       0.20445660675245370        7.3800000000000004E-002   1.4000000000000000E-003  0.71860000000000002       0.14940000000000001        5.6800000000000003E-002
   147.00000000000000       0.23262376198090484        6.5600000000000006E-002   5.7999999999999996E-003  0.71960000000000002       0.14760000000000001        6.1400000000000003E-002
   148.00000000000000       0.27539430646687801        4.6600000000000003E-002   2.4799999999999999E-002  0.69960000000000000       0.11740000000000000       0.11160000000000000     
   149.00000000000000       0.45102737322539466        4.4800000000000000E-002   2.6599999999999999E-002  0.69960000000000000       0.11740000000000000       0.11160000000000000     
   150.00000000000000       0.54663900167983748        0.0000000000000000        7.1599999999999997E-002  0.36499999999999999       0.43300000000000000       0.13039999999999999     
   151.00000000000000       0.35287364732223958        0.0000000000000000        6.8400000000000002E-002  0.36540000000000000       0.43580000000000002       0.13039999999999999     
   152.00000000000000       0.44872761361450120        0.0000000000000000        6.8400000000000002E-002  0.36520000000000002       0.43580000000000002       0.13059999999999999     
   153.00000000000000        4.7266018321350932E-002   5.9999999999999995E-004   6.8000000000000005E-002  0.36520000000000002       0.43640000000000001       0.12980000000000000     
   154.00000000000000       0.37464527603124520        5.9999999999999995E-004   6.6799999999999998E-002  0.36520000000000002       0.43480000000000002       0.13260000000000000     
   155.00000000000000       0.41889444766057832        0.0000000000000000        1.9000000000000000E-002  0.36659999999999998       0.44540000000000002       0.16900000000000001     
   156.00000000000000       0.71583996324603649        0.0000000000000000        1.9400000000000001E-002  0.36620000000000003       0.44540000000000002       0.16900000000000001     
   157.00000000000000       0.73381286517902411        0.0000000000000000        1.9000000000000000E-002  0.36499999999999999       0.44340000000000002       0.17260000000000000     
   158.00000000000000       0.76340243096852911        0.0000000000000000        1.8599999999999998E-002  0.36380000000000001       0.44379999999999997       0.17380000000000001     
   159.00000000000000       0.77632677514198278        0.0000000000000000        1.8200000000000001E-002  0.36399999999999999       0.44379999999999997       0.17399999999999999     
   160.00000000000000       0.76720453913942566        0.0000000000000000        1.8400000000000000E-002  0.36380000000000001       0.44379999999999997       0.17399999999999999     
   161.00000000000000       0.77126448675837844        0.0000000000000000        1.8400000000000000E-002  0.36380000000000001       0.43040000000000000       0.18740000000000001     
   162.00000000000000       0.76243131367187034        0.0000000000000000        1.7800000000000000E-002  0.36120000000000002       0.42980000000000002       0.19120000000000001     
   163.00000000000000       0.76881812673445815        0.0000000000000000        1.7800000000000000E-002  0.36120000000000002       0.42980000000000002       0.19120000000000001     
   164.00000000000000       0.76043314867549583        0.0000000000000000        1.6600000000000000E-002  0.35720000000000002       0.43440000000000001       0.19180000000000000     
   165.00000000000000       0.75087374817599661        0.0000000000000000        1.6199999999999999E-002  0.35699999999999998       0.43440000000000001       0.19239999999999999     
   166.00000000000000       0.73214269819409872        0.0000000000000000        1.6199999999999999E-002  0.35699999999999998       0.43380000000000002       0.19300000000000000     
   167.00000000000000       0.72022050672281834        0.0000000000000000        1.6199999999999999E-002  0.35680000000000001       0.43400000000000000       0.19300000000000000     
   168.00000000000000       0.75766323325568330        0.0000000000000000        1.5599999999999999E-002  0.34480000000000000       0.44640000000000002       0.19320000000000001     
   169.00000000000000       0.69310018882505831        0.0000000000000000        1.5599999999999999E-002  0.34480000000000000       0.44640000000000002       0.19320000000000001     
   170.00000000000000       0.67239710682694309        0.0000000000000000        1.3800000000000000E-002  0.16520000000000001       0.62419999999999998       0.19680000000000000     
   171.00000000000000       0.53746587860514983        2.0000000000000001E-004   1.3800000000000000E-002  0.10580000000000001       0.52080000000000004       0.35940000000000000     
   172.00000000000000       0.70019856912602640        2.0000000000000001E-004   1.2600000000000000E-002  0.10560000000000000       0.52139999999999997       0.36020000000000002     
   173.00000000000000       0.81167017768150984        0.0000000000000000        1.2600000000000000E-002   9.7600000000000006E-002  0.52959999999999996       0.36020000000000002     
   174.00000000000000       0.66820899799523437        0.0000000000000000        1.2600000000000000E-002   9.1999999999999998E-002  0.53200000000000003       0.36340000000000000     
   175.00000000000000       0.63973573784432247        0.0000000000000000        1.2600000000000000E-002   5.0000000000000001E-003  0.61899999999999999       0.36340000000000000     
   176.00000000000000       0.71061478196131422        0.0000000000000000        1.2000000000000000E-002   7.0000000000000001E-003  0.56279999999999997       0.41820000000000002     
   177.00000000000000       0.62730976108058256        0.0000000000000000        1.2000000000000000E-002   1.3800000000000000E-002  0.55159999999999998       0.42259999999999998     
   178.00000000000000       0.61558765669163340        0.0000000000000000        1.1800000000000000E-002   1.2000000000000000E-002  0.55359999999999998       0.42259999999999998     
   179.00000000000000       0.60368638259211194        2.0000000000000001E-004   1.0400000000000000E-002   1.8800000000000001E-002  0.54800000000000004       0.42259999999999998     
   180.00000000000000       0.24310070646073778        2.0000000000000001E-004   9.4000000000000004E-003   1.9000000000000000E-002  0.54879999999999995       0.42259999999999998     
   181.00000000000000       0.21833240268332813        2.0000000000000001E-004   9.4000000000000004E-003   1.9000000000000000E-002  0.54879999999999995       0.42259999999999998     
   182.00000000000000       0.19618395517144643        2.0000000000000001E-004   9.1999999999999998E-003   1.9000000000000000E-002  0.54900000000000004       0.42259999999999998     
   183.00000000000000       0.17691012907579551        2.0000000000000001E-004   8.9999999999999993E-003   1.9000000000000000E-002  0.54920000000000002       0.42259999999999998     
   184.00000000000000       0.16045236338820026        2.0000000000000001E-004   8.8000000000000005E-003   1.8400000000000000E-002  0.55020000000000002       0.42240000000000000     
   185.00000000000000       0.14760982521146096        2.0000000000000001E-004   8.8000000000000005E-003   1.7000000000000001E-002  0.55140000000000000       0.42259999999999998     
   186.00000000000000       0.13768489853991533        2.0000000000000001E-004   8.8000000000000005E-003   1.7000000000000001E-002  0.55159999999999998       0.42240000000000000     
   187.00000000000000       0.13125334029765481        2.0000000000000001E-004   8.3999999999999995E-003   1.6799999999999999E-002  0.55179999999999996       0.42280000000000001     
   188.00000000000000       0.12839891573702572        2.0000000000000001E-004   8.2000000000000007E-003   1.6199999999999999E-002  0.55259999999999998       0.42280000000000001     
   189.00000000000000       0.12897411569527936        1.4000000000000000E-003   6.7999999999999996E-003   1.5200000000000000E-002  0.55340000000000000       0.42320000000000002     
   190.00000000000000       0.13274944561658392        1.4000000000000000E-003   6.7999999999999996E-003   1.4600000000000000E-002  0.54979999999999996       0.42740000000000000     
   191.00000000000000       0.13852960105933976        1.0000000000000000E-003   6.7999999999999996E-003   1.4600000000000000E-002  0.55020000000000002       0.42740000000000000     
   192.00000000000000       0.14562623469350794        1.0000000000000000E-003   6.7999999999999996E-003   1.4600000000000000E-002  0.55020000000000002       0.42740000000000000     
   193.00000000000000       0.15639836782328281        1.0000000000000000E-003   6.7999999999999996E-003   1.4600000000000000E-002  0.54879999999999995       0.42880000000000001     
   194.00000000000000       0.16764595268479801        1.0000000000000000E-003   6.7999999999999996E-003   1.4600000000000000E-002  0.54879999999999995       0.42880000000000001     
   195.00000000000000       0.18001414848051020        1.0000000000000000E-003   6.7999999999999996E-003   1.4600000000000000E-002  0.54879999999999995       0.42880000000000001     
   196.00000000000000       0.19095725375668873        1.0000000000000000E-003   6.7999999999999996E-003   1.4600000000000000E-002  0.54759999999999998       0.42999999999999999     
   197.00000000000000       0.20973682226021073        1.0000000000000000E-003   6.7999999999999996E-003   1.4400000000000000E-002  0.54520000000000002       0.43259999999999998     
   198.00000000000000       0.22342857081130307        1.0000000000000000E-003   6.7999999999999996E-003   1.4400000000000000E-002  0.54400000000000004       0.43380000000000002     
   199.00000000000000       0.23616165405334089        1.0000000000000000E-003   6.7999999999999996E-003   1.4200000000000001E-002  0.54420000000000002       0.43380000000000002     
   200.00000000000000       0.25316691173187095        1.0000000000000000E-003   6.7999999999999996E-003   1.4200000000000001E-002  0.54420000000000002       0.43380000000000002     
   201.00000000000000       0.26796799812823469        1.0000000000000000E-003   6.7999999999999996E-003   1.4200000000000001E-002  0.54420000000000002       0.43380000000000002     
   202.00000000000000       0.28097448107480127        1.0000000000000000E-003   6.7999999999999996E-003   1.4200000000000001E-002  0.54420000000000002       0.43380000000000002     
   203.00000000000000       0.29544454084670257        1.0000000000000000E-003   6.7999999999999996E-003   1.2999999999999999E-002  0.54540000000000000       0.43380000000000002     
   204.00000000000000       0.30451514468297752        1.0000000000000000E-003   6.7999999999999996E-003   1.2999999999999999E-002  0.54540000000000000       0.43380000000000002     
   205.00000000000000       0.31372816955326255        8.0000000000000004E-004   7.0000000000000001E-003   1.2999999999999999E-002  0.54520000000000002       0.43400000000000000     
   206.00000000000000       0.31854470998708972        8.0000000000000004E-004   7.0000000000000001E-003   1.2400000000000000E-002  0.54579999999999995       0.43400000000000000     
   207.00000000000000       0.33168057128179718        8.0000000000000004E-004   6.7999999999999996E-003   1.2800000000000001E-002  0.54559999999999997       0.43400000000000000     
   208.00000000000000       0.33864915946497121        8.0000000000000004E-004   6.6000000000000000E-003   1.3200000000000000E-002  0.54540000000000000       0.43400000000000000     
   209.00000000000000       0.34485065320933206        8.0000000000000004E-004   6.6000000000000000E-003   1.4200000000000001E-002  0.54440000000000000       0.43400000000000000     
   210.00000000000000       0.35118187953044683        8.0000000000000004E-004   6.6000000000000000E-003   1.1200000000000000E-002  0.54679999999999995       0.43459999999999999     
   211.00000000000000       0.35701450619267355        8.0000000000000004E-004   6.6000000000000000E-003   1.1400000000000000E-002  0.54659999999999997       0.43459999999999999     
   212.00000000000000       0.36459486167231703        8.0000000000000004E-004   6.4000000000000003E-003   1.1599999999999999E-002  0.54520000000000002       0.43600000000000000     
   213.00000000000000       0.37206467185860098        8.0000000000000004E-004   6.4000000000000003E-003   1.1599999999999999E-002  0.54520000000000002       0.43600000000000000     
   214.00000000000000       0.38049756607917740        8.0000000000000004E-004   6.0000000000000001E-003   1.1599999999999999E-002  0.54540000000000000       0.43619999999999998     
   215.00000000000000       0.38920629799587780        8.0000000000000004E-004   6.0000000000000001E-003   1.1599999999999999E-002  0.54540000000000000       0.43619999999999998     
   216.00000000000000       0.39865745293303934        8.0000000000000004E-004   6.0000000000000001E-003   1.1599999999999999E-002  0.54540000000000000       0.43619999999999998     
