#        BMIN =   404
#        BMAX =   408
#     INIBAND =   406
#      NBANDS =   540
#         NSW =  2000
#       POTIM =   1.0
#        TEMP = 300.0
#    NAMDTINI =   614
#    NAMDTIME =  1000
#       NTRAJ =  5000
#        NELM =  1000
#       LHOLE =     T
#        LSHP =     T
#      LCPTXT =     T
#      RUNDIR = ../../run/
   1.0000000000000000       0.28146035308531370        0.0000000000000000        0.0000000000000000        1.0000000000000000        0.0000000000000000        0.0000000000000000     
   2.0000000000000000       0.26919057603320934        0.0000000000000000        0.0000000000000000       0.99900000000000000        2.0000000000000001E-004   8.0000000000000004E-004
   3.0000000000000000       0.25463247123786542        0.0000000000000000        0.0000000000000000       0.99760000000000004        2.0000000000000001E-004   2.2000000000000001E-003
   4.0000000000000000       0.23703278909180700        0.0000000000000000        0.0000000000000000       0.99760000000000004        2.0000000000000001E-004   2.2000000000000001E-003
   5.0000000000000000       0.21818830158502894        0.0000000000000000        0.0000000000000000       0.99719999999999998        2.0000000000000001E-004   2.5999999999999999E-003
   6.0000000000000000       0.19731996258310797        0.0000000000000000        4.0000000000000002E-004  0.99680000000000002        2.0000000000000001E-004   2.5999999999999999E-003
   7.0000000000000000       0.17544853256359635        0.0000000000000000        4.0000000000000002E-004  0.99560000000000004        4.0000000000000002E-004   3.5999999999999999E-003
   8.0000000000000000       0.15228779575924783        0.0000000000000000        4.0000000000000002E-004  0.99560000000000004        4.0000000000000002E-004   3.5999999999999999E-003
   9.0000000000000000       0.12999290461286686        0.0000000000000000        2.8000000000000000E-003  0.99260000000000004        4.0000000000000002E-004   4.1999999999999997E-003
   10.000000000000000       0.11841800641264405        0.0000000000000000        4.5199999999999997E-002  0.94920000000000004        1.4000000000000000E-003   4.1999999999999997E-003
   11.000000000000000       0.11814149028218832        0.0000000000000000        3.6400000000000002E-002  0.95799999999999996        1.4000000000000000E-003   4.1999999999999997E-003
   12.000000000000000       0.11968268304173216        2.0000000000000001E-004   3.1199999999999999E-002  0.96279999999999999        1.4000000000000000E-003   4.4000000000000003E-003
   13.000000000000000       0.12055555183985753        2.0000000000000001E-004   3.1000000000000000E-002  0.95879999999999999        5.4000000000000003E-003   4.5999999999999999E-003
   14.000000000000000       0.11859047987090812        2.0000000000000001E-004   3.1000000000000000E-002  0.95220000000000005        1.2200000000000001E-002   4.4000000000000003E-003
   15.000000000000000       0.11113040604575293        0.0000000000000000        3.1000000000000000E-002  0.95220000000000005        1.0600000000000000E-002   6.1999999999999998E-003
   16.000000000000000        9.9909584893203562E-002   0.0000000000000000        3.1000000000000000E-002  0.94940000000000002        8.9999999999999993E-003   1.0600000000000000E-002
   17.000000000000000        8.4981255433554836E-002   0.0000000000000000        2.9999999999999999E-002  0.94920000000000004        1.0200000000000001E-002   1.0600000000000000E-002
   18.000000000000000        6.7002766961743815E-002   0.0000000000000000        2.9999999999999999E-002  0.94899999999999995        1.0200000000000001E-002   1.0800000000000001E-002
   19.000000000000000        4.8582031565943894E-002   3.0000000000000001E-003   2.7000000000000000E-002  0.94640000000000002        1.0800000000000001E-002   1.2800000000000001E-002
   20.000000000000000        3.0504716932380410E-002   3.0000000000000001E-003   2.7000000000000000E-002  0.94520000000000004        1.0800000000000001E-002   1.4000000000000000E-002
   21.000000000000000        1.3403806017144044E-002   3.0000000000000001E-003   2.3199999999999998E-002  0.94820000000000004        1.0800000000000001E-002   1.4800000000000001E-002
   22.000000000000000        3.8775899683156975E-004   2.3999999999999998E-003   2.3599999999999999E-002  0.94820000000000004        1.0200000000000001E-002   1.5599999999999999E-002
   23.000000000000000        4.1387111145127602E-002   2.3999999999999998E-003   2.3400000000000001E-002  0.94820000000000004        1.0200000000000001E-002   1.5800000000000002E-002
   24.000000000000000        7.9803096732511958E-002   1.8000000000000000E-003   2.3800000000000002E-002  0.94820000000000004        1.0400000000000000E-002   1.5800000000000002E-002
   25.000000000000000       0.11459920597284602        1.4000000000000000E-003   2.4199999999999999E-002  0.94820000000000004        1.0400000000000000E-002   1.5800000000000002E-002
   26.000000000000000       0.14360646447353201        1.4000000000000000E-003   2.3599999999999999E-002  0.94820000000000004        1.0800000000000001E-002   1.6000000000000000E-002
   27.000000000000000       0.16816409381935091        1.4000000000000000E-003   2.3599999999999999E-002  0.94820000000000004        1.0800000000000001E-002   1.6000000000000000E-002
   28.000000000000000       0.18414065572459085        1.4000000000000000E-003   2.3599999999999999E-002  0.94820000000000004        1.0800000000000001E-002   1.6000000000000000E-002
   29.000000000000000       0.19312638971548318        1.4000000000000000E-003   2.3599999999999999E-002  0.94820000000000004        1.0800000000000001E-002   1.6000000000000000E-002
   30.000000000000000       0.19443135370381048        1.4000000000000000E-003   2.3599999999999999E-002  0.94820000000000004        1.0800000000000001E-002   1.6000000000000000E-002
   31.000000000000000       0.18597134161784090        1.4000000000000000E-003   2.3599999999999999E-002  0.94820000000000004        1.0800000000000001E-002   1.6000000000000000E-002
   32.000000000000000       0.17019499258405463        1.4000000000000000E-003   2.3400000000000001E-002  0.94820000000000004        1.0999999999999999E-002   1.6000000000000000E-002
   33.000000000000000       0.14589471147863961        1.1999999999999999E-003   2.3599999999999999E-002  0.94820000000000004        1.0999999999999999E-002   1.6000000000000000E-002
   34.000000000000000       0.11523335838912188        1.1999999999999999E-003   2.3599999999999999E-002  0.94820000000000004        1.0999999999999999E-002   1.6000000000000000E-002
   35.000000000000000        7.8048783019979293E-002   1.1999999999999999E-003   2.3599999999999999E-002  0.94820000000000004        1.0999999999999999E-002   1.6000000000000000E-002
   36.000000000000000        3.5672848958411559E-002   1.1999999999999999E-003   2.6400000000000000E-002  0.94420000000000004        1.2000000000000000E-002   1.6199999999999999E-002
   37.000000000000000        2.6451332749498811E-002   1.0000000000000000E-003   2.6400000000000000E-002  0.94399999999999995        1.2400000000000000E-002   1.6199999999999999E-002
   38.000000000000000        3.1795575285657213E-002   1.0000000000000000E-003   2.6400000000000000E-002  0.94399999999999995        1.2400000000000000E-002   1.6199999999999999E-002
   39.000000000000000        3.6239925428744720E-002   1.0000000000000000E-003   2.6400000000000000E-002  0.94399999999999995        1.1599999999999999E-002   1.7000000000000001E-002
   40.000000000000000        4.1651669159998302E-002   8.0000000000000004E-004   2.6599999999999999E-002  0.94379999999999997        1.1800000000000000E-002   1.7000000000000001E-002
   41.000000000000000        4.5970626741392726E-002   8.0000000000000004E-004   2.5800000000000000E-002  0.94460000000000000        1.1800000000000000E-002   1.7000000000000001E-002
   42.000000000000000        5.4369429900348584E-002   8.0000000000000004E-004   2.5399999999999999E-002  0.94440000000000002        1.2400000000000000E-002   1.7000000000000001E-002
   43.000000000000000        7.3616882857863497E-002   5.9999999999999995E-004   2.7600000000000000E-002  0.94240000000000002        1.2400000000000000E-002   1.7000000000000001E-002
   44.000000000000000       0.11239018002296064        5.9999999999999995E-004   2.8000000000000001E-002  0.94179999999999997        1.2400000000000000E-002   1.7200000000000000E-002
   45.000000000000000       0.16344502128795529        5.9999999999999995E-004   2.7400000000000001E-002  0.92100000000000004        3.1600000000000003E-002   1.9400000000000001E-002
   46.000000000000000       0.19887695124857596        8.0000000000000004E-004   2.4199999999999999E-002  0.88539999999999996        7.0199999999999999E-002   1.9400000000000001E-002
   47.000000000000000       0.23366398195844268        1.0000000000000000E-003   2.4000000000000000E-002  0.86599999999999999        6.9199999999999998E-002   3.9800000000000002E-002
   48.000000000000000       0.28284502822427560        1.6000000000000001E-003   2.1800000000000000E-002  0.78220000000000001       0.11340000000000000        8.1000000000000003E-002
   49.000000000000000       0.43554404458851997        1.6000000000000001E-003   2.1800000000000000E-002  0.78220000000000001       0.11340000000000000        8.1000000000000003E-002
   50.000000000000000       0.57464208364120783        1.6000000000000001E-003   2.3199999999999998E-002  0.28000000000000003       0.56840000000000002       0.12680000000000000     
   51.000000000000000       0.37921853912297271        1.6000000000000001E-003   2.3199999999999998E-002  0.27800000000000002       0.57040000000000002       0.12680000000000000     
   52.000000000000000       0.47626037926072229        5.9999999999999995E-004   2.3199999999999998E-002  0.27620000000000000       0.57140000000000002       0.12859999999999999     
   53.000000000000000        7.2159879646275474E-002   8.0000000000000004E-004   2.3199999999999998E-002  0.27379999999999999       0.57140000000000002       0.13080000000000000     
   54.000000000000000       0.40541967026281983        8.0000000000000004E-004   2.3000000000000000E-002  0.27279999999999999       0.55979999999999996       0.14360000000000001     
   55.000000000000000       0.43166139118904578        8.0000000000000004E-004   1.8200000000000001E-002  0.21940000000000001       0.60260000000000002       0.15900000000000000     
   56.000000000000000       0.76477580358970687        8.0000000000000004E-004   1.8200000000000001E-002  0.21940000000000001       0.60260000000000002       0.15900000000000000     
   57.000000000000000       0.78936065406557732        8.0000000000000004E-004   1.7399999999999999E-002  0.21740000000000001       0.59660000000000002       0.16780000000000000     
   58.000000000000000       0.82226880340649777        8.0000000000000004E-004   1.7200000000000000E-002  0.21579999999999999       0.59680000000000000       0.16940000000000000     
   59.000000000000000       0.83726330475909827        8.0000000000000004E-004   1.7200000000000000E-002  0.21440000000000001       0.59680000000000000       0.17080000000000001     
   60.000000000000000       0.83245685142787695        8.0000000000000004E-004   1.7200000000000000E-002  0.21440000000000001       0.59680000000000000       0.17080000000000001     
   61.000000000000000       0.84803565556351312        8.0000000000000004E-004   1.7200000000000000E-002  0.21440000000000001       0.56259999999999999       0.20499999999999999     
   62.000000000000000       0.83342092577683990        8.0000000000000004E-004   1.7200000000000000E-002  0.20899999999999999       0.56799999999999995       0.20499999999999999     
   63.000000000000000       0.84270768191840784        8.0000000000000004E-004   1.7200000000000000E-002  0.20899999999999999       0.56799999999999995       0.20499999999999999     
   64.000000000000000       0.83305101735563503        8.0000000000000004E-004   1.7000000000000001E-002  0.20440000000000000       0.56799999999999995       0.20979999999999999     
   65.000000000000000       0.82092787027481540        8.0000000000000004E-004   1.6000000000000000E-002  0.20540000000000000       0.56799999999999995       0.20979999999999999     
   66.000000000000000       0.79685677855353121        8.0000000000000004E-004   1.6000000000000000E-002  0.20540000000000000       0.56799999999999995       0.20979999999999999     
   67.000000000000000       0.77292566608551561        8.0000000000000004E-004   1.6000000000000000E-002  0.20460000000000000       0.56879999999999997       0.20979999999999999     
   68.000000000000000       0.81417205315933350        8.0000000000000004E-004   1.6000000000000000E-002  0.19919999999999999       0.57420000000000004       0.20979999999999999     
   69.000000000000000       0.74094676622446642        8.0000000000000004E-004   1.5599999999999999E-002  0.19939999999999999       0.56840000000000002       0.21579999999999999     
   70.000000000000000       0.70692593987130392        8.0000000000000004E-004   1.5599999999999999E-002   5.7400000000000000E-002  0.71040000000000003       0.21579999999999999     
   71.000000000000000       0.62351492942703268        5.9999999999999995E-004   1.4000000000000000E-002   1.7800000000000000E-002  0.35360000000000003       0.61399999999999999     
   72.000000000000000       0.87020987944241157        5.9999999999999995E-004   1.2200000000000001E-002   1.8599999999999998E-002  0.35460000000000003       0.61399999999999999     
   73.000000000000000        1.0722586127788412        5.9999999999999995E-004   1.1599999999999999E-002   1.6400000000000001E-002  0.35720000000000002       0.61419999999999997     
   74.000000000000000       0.86609458084327007        5.9999999999999995E-004   1.1599999999999999E-002   1.4999999999999999E-002  0.35799999999999998       0.61480000000000001     
   75.000000000000000       0.84111717311443379        5.9999999999999995E-004   1.1599999999999999E-002   0.0000000000000000       0.36940000000000001       0.61839999999999995     
   76.000000000000000       0.93852964927347104        4.0000000000000002E-004   1.1599999999999999E-002   5.9999999999999995E-004  0.29759999999999998       0.68979999999999997     
   77.000000000000000       0.85298925358194422        4.0000000000000002E-004   1.1599999999999999E-002   6.0000000000000001E-003  0.29220000000000002       0.68979999999999997     
   78.000000000000000       0.84643182454047527        4.0000000000000002E-004   1.1599999999999999E-002   2.3999999999999998E-003  0.29580000000000001       0.68979999999999997     
   79.000000000000000       0.83853000125833144        1.1999999999999999E-003   9.7999999999999997E-003   6.7999999999999996E-003  0.29239999999999999       0.68979999999999997     
   80.000000000000000       0.28680269863460700        1.1999999999999999E-003   9.7999999999999997E-003   6.0000000000000001E-003  0.29180000000000000       0.69120000000000004     
   81.000000000000000       0.26466764340834370        1.1999999999999999E-003   9.7999999999999997E-003   5.7999999999999996E-003  0.29199999999999998       0.69120000000000004     
   82.000000000000000       0.24503731810386808        1.0000000000000000E-003   9.5999999999999992E-003   4.7999999999999996E-003  0.29220000000000002       0.69240000000000002     
   83.000000000000000       0.22715431045498718        1.1999999999999999E-003   8.9999999999999993E-003   4.7999999999999996E-003  0.29260000000000003       0.69240000000000002     
   84.000000000000000       0.21145165578905378        5.9999999999999995E-004   9.5999999999999992E-003   4.7999999999999996E-003  0.29280000000000000       0.69220000000000004     
   85.000000000000000       0.19928142513631886        5.9999999999999995E-004   9.1999999999999998E-003   4.5999999999999999E-003  0.29139999999999999       0.69420000000000004     
   86.000000000000000       0.18959998115103904        5.9999999999999995E-004   9.1999999999999998E-003   4.5999999999999999E-003  0.29139999999999999       0.69420000000000004     
   87.000000000000000       0.18356966205906600        5.9999999999999995E-004   9.1999999999999998E-003   4.4000000000000003E-003  0.29020000000000001       0.69560000000000000     
   88.000000000000000       0.18120580657599020        5.9999999999999995E-004   9.1999999999999998E-003   4.4000000000000003E-003  0.29020000000000001       0.69560000000000000     
   89.000000000000000       0.18312008413473974        7.6000000000000000E-003   2.0000000000000000E-003   3.3999999999999998E-003  0.29020000000000001       0.69679999999999997     
   90.000000000000000       0.18824024067712009        7.4000000000000003E-003   2.0000000000000000E-003   3.3999999999999998E-003  0.29039999999999999       0.69679999999999997     
   91.000000000000000       0.19696620003171175        7.4000000000000003E-003   2.0000000000000000E-003   3.3999999999999998E-003  0.28899999999999998       0.69820000000000004     
   92.000000000000000       0.20801536451898500        7.1999999999999998E-003   2.0000000000000000E-003   3.3999999999999998E-003  0.28880000000000000       0.69860000000000000     
   93.000000000000000       0.22337071009881684        7.1999999999999998E-003   2.0000000000000000E-003   3.3999999999999998E-003  0.28280000000000000       0.70460000000000000     
   94.000000000000000       0.23874273578648014        7.1999999999999998E-003   2.0000000000000000E-003   3.3999999999999998E-003  0.28280000000000000       0.70460000000000000     
   95.000000000000000       0.25523375895205691        7.1999999999999998E-003   2.0000000000000000E-003   3.3999999999999998E-003  0.28280000000000000       0.70460000000000000     
   96.000000000000000       0.27172700305487024        7.1999999999999998E-003   2.0000000000000000E-003   3.2000000000000002E-003  0.27800000000000002       0.70960000000000001     
   97.000000000000000       0.29380430267454866        7.1999999999999998E-003   2.0000000000000000E-003   3.2000000000000002E-003  0.27539999999999998       0.71220000000000006     
   98.000000000000000       0.31068919655959787        7.1999999999999998E-003   2.0000000000000000E-003   3.2000000000000002E-003  0.27539999999999998       0.71220000000000006     
   99.000000000000000       0.32885227665729150        7.1999999999999998E-003   2.0000000000000000E-003   3.2000000000000002E-003  0.26960000000000001       0.71799999999999997     
   100.00000000000000       0.34892691022268146        7.1999999999999998E-003   2.0000000000000000E-003   3.0000000000000001E-003  0.26960000000000001       0.71819999999999995     
   101.00000000000000       0.36687288283594821        7.1999999999999998E-003   2.0000000000000000E-003   2.8000000000000000E-003  0.26979999999999998       0.71819999999999995     
   102.00000000000000       0.38297780918955532        7.0000000000000001E-003   2.0000000000000000E-003   2.8000000000000000E-003  0.26979999999999998       0.71840000000000004     
   103.00000000000000       0.39923633310647116        7.0000000000000001E-003   2.0000000000000000E-003   2.8000000000000000E-003  0.26979999999999998       0.71840000000000004     
   104.00000000000000       0.41219939734418570        6.7999999999999996E-003   2.0000000000000000E-003   2.8000000000000000E-003  0.26960000000000001       0.71879999999999999     
   105.00000000000000       0.42399078758706454        5.7999999999999996E-003   3.0000000000000001E-003   2.8000000000000000E-003  0.26960000000000001       0.71879999999999999     
   106.00000000000000       0.43172428374913685        5.7999999999999996E-003   3.0000000000000001E-003   2.8000000000000000E-003  0.26960000000000001       0.71879999999999999     
   107.00000000000000       0.44588913686317661        5.7999999999999996E-003   3.0000000000000001E-003   2.8000000000000000E-003  0.26960000000000001       0.71879999999999999     
   108.00000000000000       0.45432829847871137        5.7999999999999996E-003   3.0000000000000001E-003   2.8000000000000000E-003  0.26960000000000001       0.71879999999999999     
   109.00000000000000       0.46149269757738309        5.7999999999999996E-003   3.0000000000000001E-003   2.8000000000000000E-003  0.26960000000000001       0.71879999999999999     
   110.00000000000000       0.46746101658053263        5.7999999999999996E-003   3.0000000000000001E-003   1.4000000000000000E-003  0.27100000000000002       0.71879999999999999     
   111.00000000000000       0.47445781338010068        5.7999999999999996E-003   2.8000000000000000E-003   1.8000000000000000E-003  0.26640000000000003       0.72319999999999995     
   112.00000000000000       0.47906646249336116        5.7999999999999996E-003   2.8000000000000000E-003   1.8000000000000000E-003  0.26500000000000001       0.72460000000000002     
   113.00000000000000       0.48242858605932459        5.7999999999999996E-003   2.8000000000000000E-003   1.8000000000000000E-003  0.26500000000000001       0.72460000000000002     
   114.00000000000000       0.48503978307752610        5.7999999999999996E-003   2.8000000000000000E-003   1.8000000000000000E-003  0.26500000000000001       0.72460000000000002     
   115.00000000000000       0.48700638372427640        5.7999999999999996E-003   2.8000000000000000E-003   1.6000000000000001E-003  0.26479999999999998       0.72499999999999998     
   116.00000000000000       0.48823391365811603        5.7999999999999996E-003   2.8000000000000000E-003   1.6000000000000001E-003  0.26479999999999998       0.72499999999999998     
   117.00000000000000       0.48913738450489186        5.7999999999999996E-003   2.8000000000000000E-003   1.1999999999999999E-003  0.26260000000000000       0.72760000000000002     
   118.00000000000000       0.49031404372616705        3.2000000000000002E-003   5.1999999999999998E-003   1.1999999999999999E-003  0.26279999999999998       0.72760000000000002     
   119.00000000000000       0.49071076276630504        3.2000000000000002E-003   5.1999999999999998E-003   1.1999999999999999E-003  0.26279999999999998       0.72760000000000002     
   120.00000000000000       0.49137355736317034        3.2000000000000002E-003   5.1999999999999998E-003   1.1999999999999999E-003  0.26279999999999998       0.72760000000000002     
   121.00000000000000       0.49551800223675380        3.2000000000000002E-003   5.1999999999999998E-003   1.1999999999999999E-003  0.25840000000000002       0.73199999999999998     
   122.00000000000000       0.50234329150020818        3.2000000000000002E-003   5.1999999999999998E-003   1.1999999999999999E-003  0.25679999999999997       0.73360000000000003     
   123.00000000000000       0.51141613503882644        3.0000000000000001E-003   5.4000000000000003E-003   1.1999999999999999E-003  0.25600000000000001       0.73440000000000005     
   124.00000000000000       0.52175765660244233        3.0000000000000001E-003   3.2000000000000002E-003   3.3999999999999998E-003  0.25600000000000001       0.73440000000000005     
   125.00000000000000       0.53137651582600365        3.0000000000000001E-003   3.2000000000000002E-003   3.3999999999999998E-003  0.25459999999999999       0.73580000000000001     
   126.00000000000000       0.54049707901356814        2.3999999999999998E-003   3.3999999999999998E-003   3.2000000000000002E-003  0.25519999999999998       0.73580000000000001     
   127.00000000000000        1.0878902926481300        1.6000000000000001E-003   4.4000000000000003E-003   3.0000000000000001E-003  0.20680000000000001       0.78420000000000001     
   128.00000000000000        1.7020069315284438        1.6000000000000001E-003   3.5999999999999999E-003   3.0000000000000001E-003  0.20260000000000000       0.78920000000000001     
   129.00000000000000        1.5722475101701034        1.6000000000000001E-003   3.3999999999999998E-003   2.5999999999999999E-003  0.20280000000000001       0.78959999999999997     
   130.00000000000000        1.6877916510726294        1.6000000000000001E-003   3.3999999999999998E-003   2.5999999999999999E-003  0.19860000000000000       0.79379999999999995     
   131.00000000000000        1.3999857559346485        1.6000000000000001E-003   3.3999999999999998E-003   2.3999999999999998E-003  0.19860000000000000       0.79400000000000004     
   132.00000000000000        1.6577333131836021        1.6000000000000001E-003   3.3999999999999998E-003   1.8000000000000000E-003  0.19919999999999999       0.79400000000000004     
   133.00000000000000        1.0695594566249296        1.6000000000000001E-003   3.2000000000000002E-003   1.4000000000000000E-003  0.18980000000000000       0.80400000000000005     
   134.00000000000000       0.51446890143626534        1.6000000000000001E-003   3.2000000000000002E-003   1.4000000000000000E-003  0.18980000000000000       0.80400000000000005     
   135.00000000000000       0.48918063271092344        1.6000000000000001E-003   3.2000000000000002E-003   1.4000000000000000E-003  0.18980000000000000       0.80400000000000005     
   136.00000000000000       0.45968208885199807        1.6000000000000001E-003   2.2000000000000001E-003   2.5999999999999999E-003  0.18959999999999999       0.80400000000000005     
   137.00000000000000       0.42691473080262865        1.6000000000000001E-003   2.2000000000000001E-003   2.5999999999999999E-003  0.18959999999999999       0.80400000000000005     
   138.00000000000000       0.39087093611890711        1.6000000000000001E-003   2.2000000000000001E-003   2.5999999999999999E-003  0.18959999999999999       0.80400000000000005     
   139.00000000000000       0.35169351131337201        1.6000000000000001E-003   2.2000000000000001E-003   5.7999999999999996E-003  0.18620000000000000       0.80420000000000003     
   140.00000000000000       0.31485168695258570        0.0000000000000000        3.8000000000000000E-003   4.5999999999999999E-003  0.18740000000000001       0.80420000000000003     
   141.00000000000000       0.28037574607488219        0.0000000000000000        3.8000000000000000E-003   4.5999999999999999E-003  0.18620000000000000       0.80540000000000000     
   142.00000000000000       0.24761203043921837        0.0000000000000000        3.5999999999999999E-003   4.1999999999999997E-003  0.18620000000000000       0.80600000000000005     
   143.00000000000000       0.21928625380043076        0.0000000000000000        3.5999999999999999E-003   4.1999999999999997E-003  0.18620000000000000       0.80600000000000005     
   144.00000000000000       0.19747211494953906        0.0000000000000000        3.5999999999999999E-003   4.0000000000000001E-003  0.18640000000000001       0.80600000000000005     
   145.00000000000000       0.18281629386517964        0.0000000000000000        4.0000000000000001E-003   3.5999999999999999E-003  0.18620000000000000       0.80620000000000003     
   146.00000000000000       0.17879549747972628        0.0000000000000000        4.0000000000000001E-003   3.5999999999999999E-003  0.18500000000000000       0.80740000000000001     
   147.00000000000000       0.17889799100184109        0.0000000000000000        3.3999999999999998E-003   3.3999999999999998E-003  0.20319999999999999       0.79000000000000004     
   148.00000000000000       0.18457991346774924        0.0000000000000000        3.3999999999999998E-003   3.3999999999999998E-003  0.20319999999999999       0.79000000000000004     
   149.00000000000000       0.19161674861476155        0.0000000000000000        3.5999999999999999E-003   3.2000000000000002E-003  0.20440000000000000       0.78879999999999995     
   150.00000000000000       0.19845601719705364        0.0000000000000000        3.5999999999999999E-003   2.3999999999999998E-003  0.20519999999999999       0.78879999999999995     
   151.00000000000000       0.20452109985788217        0.0000000000000000        3.5999999999999999E-003   2.3999999999999998E-003  0.20419999999999999       0.78979999999999995     
   152.00000000000000       0.20920585606160974        0.0000000000000000        3.5999999999999999E-003   2.3999999999999998E-003  0.20560000000000000       0.78839999999999999     
   153.00000000000000       0.21307310699431176        2.0000000000000001E-004   3.3999999999999998E-003   2.3999999999999998E-003  0.20519999999999999       0.78879999999999995     
   154.00000000000000       0.21569006202452312        2.0000000000000001E-004   1.8000000000000000E-003   4.0000000000000001E-003  0.20540000000000000       0.78859999999999997     
   155.00000000000000       0.21653886692282817        2.0000000000000001E-004   1.8000000000000000E-003   4.0000000000000001E-003  0.20760000000000001       0.78639999999999999     
   156.00000000000000       0.21662010853994768        2.0000000000000001E-004   1.8000000000000000E-003   4.0000000000000001E-003  0.20760000000000001       0.78639999999999999     
   157.00000000000000       0.21611146937226000        2.0000000000000001E-004   1.8000000000000000E-003   4.0000000000000001E-003  0.20720000000000000       0.78680000000000005     
   158.00000000000000       0.21459685584141583        2.0000000000000001E-004   1.8000000000000000E-003   4.0000000000000001E-003  0.20640000000000000       0.78759999999999997     
   159.00000000000000       0.21088778019845586        2.0000000000000001E-004   1.8000000000000000E-003   4.0000000000000001E-003  0.20920000000000000       0.78480000000000005     
   160.00000000000000       0.20692675496886292        2.0000000000000001E-004   1.8000000000000000E-003   1.2999999999999999E-002  0.19960000000000000       0.78539999999999999     
   161.00000000000000       0.20518553034873979        2.0000000000000001E-004   1.8000000000000000E-003   1.3800000000000000E-002  0.19960000000000000       0.78459999999999996     
   162.00000000000000       0.20655930414950391        1.6000000000000001E-003   4.0000000000000002E-004   1.3599999999999999E-002  0.19960000000000000       0.78480000000000005     
   163.00000000000000       0.20745705760121316        1.4000000000000000E-003   5.9999999999999995E-004   1.2999999999999999E-002  0.19960000000000000       0.78539999999999999     
   164.00000000000000       0.20718229322916620        1.4000000000000000E-003   5.9999999999999995E-004   1.2999999999999999E-002  0.19960000000000000       0.78539999999999999     
   165.00000000000000       0.20675279081566417        1.4000000000000000E-003   5.9999999999999995E-004   1.2999999999999999E-002  0.20000000000000001       0.78500000000000003     
   166.00000000000000       0.21708614596782913        1.0000000000000000E-003   1.0000000000000000E-003   1.2999999999999999E-002  0.20000000000000001       0.78500000000000003     
   167.00000000000000       0.20435884595239692        1.8000000000000000E-003   2.0000000000000001E-004   1.3599999999999999E-002  0.20000000000000001       0.78439999999999999     
   168.00000000000000       0.21290345888588022        1.8000000000000000E-003   2.0000000000000001E-004   1.3400000000000000E-002  0.20000000000000001       0.78459999999999996     
   169.00000000000000       0.19930699749130598        1.8000000000000000E-003   2.0000000000000001E-004   1.4400000000000000E-002  0.20000000000000001       0.78359999999999996     
   170.00000000000000       0.19530528547064968        1.8000000000000000E-003   2.0000000000000001E-004   3.0599999999999999E-002  0.18379999999999999       0.78359999999999996     
   171.00000000000000       0.19621090063915306        1.8000000000000000E-003   2.0000000000000001E-004   3.0599999999999999E-002  0.18340000000000001       0.78400000000000003     
   172.00000000000000       0.19643040656168911        1.8000000000000000E-003   2.0000000000000001E-004   3.0599999999999999E-002  0.18340000000000001       0.78400000000000003     
   173.00000000000000       0.19557829055237835        1.6000000000000001E-003   4.0000000000000002E-004   3.0599999999999999E-002  0.18320000000000000       0.78420000000000001     
   174.00000000000000       0.19445942367541399        1.6000000000000001E-003   5.9999999999999995E-004   2.9999999999999999E-002  0.18360000000000001       0.78420000000000001     
   175.00000000000000       0.19236990771372531        1.6000000000000001E-003   5.9999999999999995E-004   2.9999999999999999E-002  0.18320000000000000       0.78459999999999996     
   176.00000000000000       0.19120416923230882        1.6000000000000001E-003   5.9999999999999995E-004   2.9800000000000000E-002  0.18320000000000000       0.78480000000000005     
   177.00000000000000       0.18819656674344520        1.6000000000000001E-003   5.9999999999999995E-004   2.9800000000000000E-002  0.18200000000000000       0.78600000000000003     
   178.00000000000000       0.18470802019199850        1.6000000000000001E-003   5.9999999999999995E-004   2.9800000000000000E-002  0.18140000000000001       0.78659999999999997     
   179.00000000000000       0.18023872731005214        1.6000000000000001E-003   5.9999999999999995E-004   2.9800000000000000E-002  0.18140000000000001       0.78659999999999997     
   180.00000000000000       0.17555768635329549        1.8000000000000000E-003   4.0000000000000002E-004   2.9800000000000000E-002  0.18140000000000001       0.78659999999999997     
   181.00000000000000       0.17043697229813082        2.0000000000000000E-003   2.0000000000000001E-004   2.9600000000000001E-002  0.18120000000000000       0.78700000000000003     
   182.00000000000000       0.16539214035234806        2.0000000000000000E-003   2.0000000000000001E-004   2.9600000000000001E-002  0.18120000000000000       0.78700000000000003     
   183.00000000000000       0.16136833105132214        2.0000000000000000E-003   2.0000000000000001E-004   2.9600000000000001E-002  0.18099999999999999       0.78720000000000001     
   184.00000000000000       0.15839567870964030        1.8000000000000000E-003   2.0000000000000001E-004   2.9800000000000000E-002  0.17999999999999999       0.78820000000000001     
   185.00000000000000       0.15681499509488986        0.0000000000000000        2.0000000000000000E-003   2.9800000000000000E-002  0.17899999999999999       0.78920000000000001     
   186.00000000000000       0.15793458297808258        0.0000000000000000        2.0000000000000000E-003   2.9800000000000000E-002  0.17260000000000000       0.79559999999999997     
   187.00000000000000       0.16048495333400742        0.0000000000000000        2.0000000000000000E-003   2.9800000000000000E-002  0.17140000000000000       0.79679999999999995     
   188.00000000000000       0.16499892044261377        0.0000000000000000        2.0000000000000000E-003   2.9600000000000001E-002  0.17140000000000000       0.79700000000000004     
   189.00000000000000       0.17184448815556225        0.0000000000000000        2.0000000000000000E-003   2.9600000000000001E-002  0.16919999999999999       0.79920000000000002     
   190.00000000000000       0.18065196435789649        0.0000000000000000        2.0000000000000000E-003   2.9600000000000001E-002  0.16919999999999999       0.79920000000000002     
   191.00000000000000       0.19144807009087864        0.0000000000000000        2.0000000000000000E-003   2.9600000000000001E-002  0.16919999999999999       0.79920000000000002     
   192.00000000000000       0.20421176042080383        0.0000000000000000        2.0000000000000000E-003   2.9399999999999999E-002  0.16800000000000001       0.80059999999999998     
   193.00000000000000       0.21825227452922505        0.0000000000000000        2.0000000000000000E-003   2.9399999999999999E-002  0.16560000000000000       0.80300000000000005     
   194.00000000000000       0.23280206058242461        0.0000000000000000        2.0000000000000000E-003   2.9399999999999999E-002  0.16560000000000000       0.80300000000000005     
   195.00000000000000       0.24782693096240022        0.0000000000000000        2.0000000000000000E-003   2.9399999999999999E-002  0.16560000000000000       0.80300000000000005     
   196.00000000000000       0.26315145040496801        0.0000000000000000        2.0000000000000000E-003   2.9399999999999999E-002  0.16560000000000000       0.80300000000000005     
   197.00000000000000       0.27857318106533496        0.0000000000000000        2.0000000000000000E-003   2.9399999999999999E-002  0.16460000000000000       0.80400000000000005     
   198.00000000000000       0.29347561301981767        0.0000000000000000        1.6000000000000001E-003   2.9000000000000001E-002  0.16439999999999999       0.80500000000000005     
   199.00000000000000       0.30811372003212689        0.0000000000000000        1.6000000000000001E-003   2.8799999999999999E-002  0.16460000000000000       0.80500000000000005     
   200.00000000000000       0.32265396281308167        0.0000000000000000        1.6000000000000001E-003   2.8799999999999999E-002  0.16420000000000001       0.80540000000000000     
   201.00000000000000       0.33670928942550271        0.0000000000000000        1.6000000000000001E-003   2.8799999999999999E-002  0.16439999999999999       0.80520000000000003     
   202.00000000000000       0.35050995200259621        0.0000000000000000        1.6000000000000001E-003   2.8199999999999999E-002  0.16520000000000001       0.80500000000000005     
   203.00000000000000       0.36436060467310122        0.0000000000000000        1.6000000000000001E-003   2.7600000000000000E-002  0.16600000000000001       0.80479999999999996     
   204.00000000000000       0.37836834060932295        0.0000000000000000        1.6000000000000001E-003   2.7600000000000000E-002  0.16539999999999999       0.80540000000000000     
   205.00000000000000       0.39327317146845009        0.0000000000000000        1.6000000000000001E-003   2.7400000000000001E-002  0.16819999999999999       0.80279999999999996     
   206.00000000000000       0.40943814178888338        0.0000000000000000        1.6000000000000001E-003   2.6599999999999999E-002  0.17240000000000000       0.79940000000000000     
   207.00000000000000       0.42636967552424415        0.0000000000000000        1.6000000000000001E-003   2.6599999999999999E-002  0.17319999999999999       0.79859999999999998     
   208.00000000000000       0.44374858387001093        0.0000000000000000        1.6000000000000001E-003   2.6599999999999999E-002  0.17140000000000000       0.80040000000000000     
   209.00000000000000       0.45987085775515202        0.0000000000000000        1.6000000000000001E-003   2.5399999999999999E-002  0.17280000000000001       0.80020000000000002     
   210.00000000000000       0.47402081453723444        0.0000000000000000        1.6000000000000001E-003   2.5399999999999999E-002  0.17299999999999999       0.80000000000000004     
   211.00000000000000       0.48598068975827236        0.0000000000000000        1.6000000000000001E-003   2.5399999999999999E-002  0.17260000000000000       0.80040000000000000     
   212.00000000000000       0.49551386908178097        0.0000000000000000        1.6000000000000001E-003   2.5399999999999999E-002  0.17260000000000000       0.80040000000000000     
   213.00000000000000       0.50198859426762221        0.0000000000000000        1.6000000000000001E-003   2.5399999999999999E-002  0.17260000000000000       0.80040000000000000     
   214.00000000000000       0.50612305094866172        0.0000000000000000        1.6000000000000001E-003   2.5399999999999999E-002  0.17260000000000000       0.80040000000000000     
   215.00000000000000       0.50798447244988321        0.0000000000000000        1.6000000000000001E-003   2.5399999999999999E-002  0.17260000000000000       0.80040000000000000     
   216.00000000000000       0.50611368755664887        0.0000000000000000        1.6000000000000001E-003   2.4799999999999999E-002  0.17299999999999999       0.80059999999999998     
