#        BMIN =   404
#        BMAX =   408
#     INIBAND =   406
#      NBANDS =   540
#         NSW =  2000
#       POTIM =   1.0
#        TEMP = 300.0
#    NAMDTINI =   151
#    NAMDTIME =  1000
#       NTRAJ =  5000
#        NELM =  1000
#       LHOLE =     T
#        LSHP =     T
#      LCPTXT =     T
#      RUNDIR = ../../run/
   1.0000000000000000       -5.9237062807732055E-002   0.0000000000000000        0.0000000000000000        1.0000000000000000        0.0000000000000000        0.0000000000000000     
   2.0000000000000000       -4.8899404382055756E-002   0.0000000000000000        0.0000000000000000       0.55700000000000005       0.43580000000000002        7.1999999999999998E-003
   3.0000000000000000       -6.9268365491736414E-002   0.0000000000000000        0.0000000000000000       0.55700000000000005       0.43580000000000002        7.1999999999999998E-003
   4.0000000000000000       -9.1670041503996560E-002   0.0000000000000000        0.0000000000000000       0.55700000000000005       0.41460000000000002        2.8400000000000002E-002
   5.0000000000000000      -0.11251227445816966        0.0000000000000000        0.0000000000000000       0.55700000000000005       0.41120000000000001        3.1800000000000002E-002
   6.0000000000000000      -0.13055598256702461        0.0000000000000000        0.0000000000000000       0.55700000000000005       0.41180000000000000        3.1199999999999999E-002
   7.0000000000000000      -0.14299092518254436        0.0000000000000000        0.0000000000000000       0.55700000000000005       0.40279999999999999        4.0200000000000000E-002
   8.0000000000000000      -0.15026410395317788        0.0000000000000000        0.0000000000000000       0.55220000000000002       0.40780000000000000        4.0000000000000001E-002
   9.0000000000000000      -0.14899282633079486        0.0000000000000000        0.0000000000000000       0.54479999999999995       0.41399999999999998        4.1200000000000001E-002
   10.000000000000000      -0.12803483120535727        0.0000000000000000        0.0000000000000000       0.54359999999999997       0.41380000000000000        4.2599999999999999E-002
   11.000000000000000      -0.10438603001592237        0.0000000000000000        0.0000000000000000       0.54079999999999995       0.41360000000000002        4.5600000000000002E-002
   12.000000000000000       -8.1720080904116019E-002   0.0000000000000000        0.0000000000000000       0.54079999999999995       0.41360000000000002        4.5600000000000002E-002
   13.000000000000000       -5.7883175059702571E-002   0.0000000000000000        0.0000000000000000       0.53480000000000005       0.41959999999999997        4.5600000000000002E-002
   14.000000000000000       -3.0752460748208990E-002   0.0000000000000000        0.0000000000000000       0.51359999999999995       0.44000000000000000        4.6399999999999997E-002
   15.000000000000000       -8.6624447159366711E-003   0.0000000000000000        0.0000000000000000       0.51380000000000003       0.43959999999999999        4.6600000000000003E-002
   16.000000000000000        1.4247532171965652E-002   0.0000000000000000        0.0000000000000000       0.51239999999999997       0.43919999999999998        4.8399999999999999E-002
   17.000000000000000        3.6752124149103005E-002   0.0000000000000000        0.0000000000000000       0.51160000000000005       0.43859999999999999        4.9799999999999997E-002
   18.000000000000000        5.8230914493133529E-002   0.0000000000000000        0.0000000000000000       0.51160000000000005       0.43580000000000002        5.2600000000000001E-002
   19.000000000000000        7.8105700990074203E-002   0.0000000000000000        0.0000000000000000       0.51000000000000001       0.43659999999999999        5.3400000000000003E-002
   20.000000000000000        9.7371677515406610E-002   0.0000000000000000        0.0000000000000000       0.51000000000000001       0.43680000000000002        5.3199999999999997E-002
   21.000000000000000       0.11550778231828004        0.0000000000000000        0.0000000000000000       0.50880000000000003       0.43700000000000000        5.4199999999999998E-002
   22.000000000000000       0.13282207897838633        0.0000000000000000        0.0000000000000000       0.50819999999999999       0.43099999999999999        6.0800000000000000E-002
   23.000000000000000       0.14839917234253117        0.0000000000000000        0.0000000000000000       0.50739999999999996       0.43280000000000002        5.9799999999999999E-002
   24.000000000000000       0.16287263109246156        0.0000000000000000        0.0000000000000000       0.50580000000000003       0.43280000000000002        6.1400000000000003E-002
   25.000000000000000       0.17912768073664515        0.0000000000000000        0.0000000000000000       0.48580000000000001       0.44400000000000001        7.0199999999999999E-002
   26.000000000000000       0.19107621836859953        0.0000000000000000        0.0000000000000000       0.48459999999999998       0.44579999999999997        6.9599999999999995E-002
   27.000000000000000       0.20124530304788221        0.0000000000000000        0.0000000000000000       0.48480000000000001       0.44560000000000000        6.9599999999999995E-002
   28.000000000000000       0.21071486386602611        0.0000000000000000        0.0000000000000000       0.48320000000000002       0.44540000000000002        7.1400000000000005E-002
   29.000000000000000       0.22241141117610760        0.0000000000000000        0.0000000000000000       0.45100000000000001       0.47739999999999999        7.1599999999999997E-002
   30.000000000000000       0.22888672613801056        0.0000000000000000        0.0000000000000000       0.45079999999999998       0.47760000000000002        7.1599999999999997E-002
   31.000000000000000       0.23404380203273473        0.0000000000000000        0.0000000000000000       0.45079999999999998       0.47699999999999998        7.2200000000000000E-002
   32.000000000000000       0.23774109800371812        0.0000000000000000        0.0000000000000000       0.45060000000000000       0.47660000000000002        7.2800000000000004E-002
   33.000000000000000       0.24150092721816047        0.0000000000000000        0.0000000000000000       0.43819999999999998       0.48899999999999999        7.2800000000000004E-002
   34.000000000000000       0.24272088758746149        0.0000000000000000        0.0000000000000000       0.43380000000000002       0.49340000000000001        7.2800000000000004E-002
   35.000000000000000       0.24290742331127577        0.0000000000000000        0.0000000000000000       0.42999999999999999       0.49299999999999999        7.6999999999999999E-002
   36.000000000000000       0.24088130937960556        0.0000000000000000        0.0000000000000000       0.42880000000000001       0.49359999999999998        7.7600000000000002E-002
   37.000000000000000       0.23743318123700724        0.0000000000000000        0.0000000000000000       0.42880000000000001       0.49359999999999998        7.7600000000000002E-002
   38.000000000000000       0.23256090001729926        0.0000000000000000        0.0000000000000000       0.42540000000000000       0.49359999999999998        8.1000000000000003E-002
   39.000000000000000       0.22714214595333476        0.0000000000000000        0.0000000000000000       0.41839999999999999       0.49580000000000002        8.5800000000000001E-002
   40.000000000000000       0.21844925705092730        0.0000000000000000        0.0000000000000000       0.41839999999999999       0.49600000000000000        8.5599999999999996E-002
   41.000000000000000       0.20960110543022481        0.0000000000000000        0.0000000000000000       0.41820000000000002       0.48980000000000001        9.1999999999999998E-002
   42.000000000000000       0.19991157286299380        0.0000000000000000        0.0000000000000000       0.40960000000000002       0.49700000000000000        9.3399999999999997E-002
   43.000000000000000       0.18851946107638309        0.0000000000000000        0.0000000000000000       0.40960000000000002       0.49900000000000000        9.1399999999999995E-002
   44.000000000000000       0.17701822766718314        0.0000000000000000        0.0000000000000000       0.40960000000000002       0.49659999999999999        9.3799999999999994E-002
   45.000000000000000       0.16646898849487723        0.0000000000000000        0.0000000000000000       0.40679999999999999       0.49559999999999998        9.7600000000000006E-002
   46.000000000000000       0.15545216095664671        0.0000000000000000        0.0000000000000000       0.40360000000000001       0.49240000000000000       0.10400000000000000     
   47.000000000000000       0.14486087455215496        0.0000000000000000        0.0000000000000000       0.39939999999999998       0.49399999999999999       0.10660000000000000     
   48.000000000000000       0.13274615549150379        0.0000000000000000        0.0000000000000000       0.39939999999999998       0.49440000000000001       0.10620000000000000     
   49.000000000000000       0.12074516839406801        0.0000000000000000        0.0000000000000000       0.39579999999999999       0.49859999999999999       0.10560000000000000     
   50.000000000000000       0.10758525027875984        0.0000000000000000        0.0000000000000000       0.39539999999999997       0.49859999999999999       0.10600000000000000     
   51.000000000000000        9.4078589680082203E-002   0.0000000000000000        0.0000000000000000       0.39340000000000003       0.49880000000000002       0.10780000000000001     
   52.000000000000000        8.0054036825068370E-002   0.0000000000000000       0.12800000000000000       0.26540000000000002       0.48840000000000000       0.11820000000000000     
   53.000000000000000        7.7682975238526270E-002   0.0000000000000000       0.11899999999999999       0.26540000000000002       0.49859999999999999       0.11700000000000001     
   54.000000000000000        7.5159052289794165E-002   0.0000000000000000       0.11300000000000000       0.26540000000000002       0.50319999999999998       0.11840000000000001     
   55.000000000000000        7.0903717231843591E-002   0.0000000000000000       0.11300000000000000       0.26540000000000002       0.50139999999999996       0.12020000000000000     
   56.000000000000000        6.6359546298400338E-002   0.0000000000000000       0.11280000000000000       0.26540000000000002       0.49800000000000000       0.12379999999999999     
   57.000000000000000        6.1817403831529935E-002   0.0000000000000000       0.11219999999999999       0.26540000000000002       0.49480000000000002       0.12759999999999999     
   58.000000000000000        5.6407804083241198E-002   0.0000000000000000       0.11219999999999999       0.26540000000000002       0.49320000000000003       0.12920000000000001     
   59.000000000000000        5.0740376543265589E-002   0.0000000000000000       0.11219999999999999       0.26540000000000002       0.49320000000000003       0.12920000000000001     
   60.000000000000000        4.5012857301191478E-002   0.0000000000000000       0.11219999999999999       0.26540000000000002       0.49280000000000002       0.12959999999999999     
   61.000000000000000        3.9458719183669666E-002   0.0000000000000000       0.11219999999999999       0.26540000000000002       0.49280000000000002       0.12959999999999999     
   62.000000000000000        3.4981986694500991E-002   0.0000000000000000       0.11160000000000000       0.26540000000000002       0.48799999999999999       0.13500000000000001     
   63.000000000000000        3.2144131843711482E-002   0.0000000000000000       0.12200000000000000       0.25459999999999999       0.48299999999999998       0.14040000000000000     
   64.000000000000000        3.1155821849663534E-002   0.0000000000000000       0.12200000000000000       0.25459999999999999       0.47920000000000001       0.14419999999999999     
   65.000000000000000        3.6664963467621194E-002   0.0000000000000000       0.12200000000000000       0.25459999999999999       0.47920000000000001       0.14419999999999999     
   66.000000000000000        4.4610432682623394E-002   0.0000000000000000       0.11920000000000000       0.25459999999999999       0.48199999999999998       0.14419999999999999     
   67.000000000000000        6.4378883580306412E-002   0.0000000000000000       0.10639999999999999       0.25240000000000001       0.49240000000000000       0.14879999999999999     
   68.000000000000000        8.5917375211718383E-002   0.0000000000000000        9.9199999999999997E-002  0.25140000000000001       0.49419999999999997       0.15520000000000000     
   69.000000000000000       0.10573380930433665        0.0000000000000000        9.8199999999999996E-002  0.25159999999999999       0.49059999999999998       0.15959999999999999     
   70.000000000000000       0.12711404537037829        0.0000000000000000        9.4799999999999995E-002  0.24879999999999999       0.49459999999999998       0.16180000000000000     
   71.000000000000000       0.14869415609051578        0.0000000000000000        8.8800000000000004E-002  0.24800000000000000       0.50160000000000005       0.16159999999999999     
   72.000000000000000       0.16842107283274155        0.0000000000000000        8.5800000000000001E-002  0.24779999999999999       0.50400000000000000       0.16239999999999999     
   73.000000000000000       0.18634176428423987        0.0000000000000000        8.2400000000000001E-002  0.24959999999999999       0.50500000000000000       0.16300000000000001     
   74.000000000000000       0.20489071043974494        0.0000000000000000        7.8399999999999997E-002  0.24540000000000001       0.50800000000000001       0.16819999999999999     
   75.000000000000000       0.21767072125385264        0.0000000000000000        7.7399999999999997E-002  0.24640000000000001       0.50800000000000001       0.16819999999999999     
   76.000000000000000       0.22773099477866798        0.0000000000000000        7.7200000000000005E-002  0.24540000000000001       0.50800000000000001       0.16940000000000000     
   77.000000000000000       0.23545695809036360        0.0000000000000000        7.7600000000000002E-002  0.23780000000000001       0.51400000000000001       0.17060000000000000     
   78.000000000000000       0.23931001080662267        0.0000000000000000        7.4999999999999997E-002  0.23780000000000001       0.51219999999999999       0.17499999999999999     
   79.000000000000000       0.24024759508251323        0.0000000000000000        6.5000000000000002E-002  0.24740000000000001       0.51239999999999997       0.17519999999999999     
   80.000000000000000       0.23771421723214337        0.0000000000000000        6.4600000000000005E-002  0.24779999999999999       0.51239999999999997       0.17519999999999999     
   81.000000000000000       0.23322497406519199        0.0000000000000000        6.4600000000000005E-002  0.24660000000000001       0.51239999999999997       0.17640000000000000     
   82.000000000000000       0.22820857441236175        0.0000000000000000        6.3000000000000000E-002  0.24759999999999999       0.50760000000000005       0.18179999999999999     
   83.000000000000000       0.22082841808298015        0.0000000000000000        6.2199999999999998E-002  0.24700000000000000       0.50739999999999996       0.18340000000000001     
   84.000000000000000       0.21148549260884897        0.0000000000000000        6.0600000000000001E-002  0.24740000000000001       0.50860000000000005       0.18340000000000001     
   85.000000000000000       0.20108204884264369        1.2600000000000000E-002   4.8000000000000001E-002  0.24240000000000000       0.51359999999999995       0.18340000000000001     
   86.000000000000000       0.19102045657990546        1.1599999999999999E-002   4.8000000000000001E-002  0.24360000000000001       0.51339999999999997       0.18340000000000001     
   87.000000000000000       0.18152721061011579        1.1599999999999999E-002   4.8000000000000001E-002  0.22939999999999999       0.52759999999999996       0.18340000000000001     
   88.000000000000000       0.17138638403406781        1.1599999999999999E-002   4.8000000000000001E-002  0.20940000000000000       0.54720000000000002       0.18379999999999999     
   89.000000000000000       0.15651844896417819        1.1599999999999999E-002   4.8000000000000001E-002  0.20999999999999999       0.54540000000000000       0.18500000000000000     
   90.000000000000000       0.15600073114587903        1.1599999999999999E-002   0.0000000000000000       0.25800000000000001       0.54300000000000004       0.18740000000000001     
   91.000000000000000       0.15366946026399902        1.1599999999999999E-002   2.0000000000000001E-004  0.25800000000000001       0.54279999999999995       0.18740000000000001     
   92.000000000000000       0.15563672977223325        1.1599999999999999E-002   2.0000000000000001E-004  0.23799999999999999       0.56279999999999997       0.18740000000000001     
   93.000000000000000       0.15713908879966765        1.1599999999999999E-002   2.0000000000000001E-004  0.23660000000000000       0.56279999999999997       0.18880000000000000     
   94.000000000000000       0.15662410315528802        1.1400000000000000E-002   2.0000000000000001E-004  0.23440000000000000       0.56299999999999994       0.19100000000000000     
   95.000000000000000       0.15068610138850808        1.1400000000000000E-002   2.0000000000000001E-004  0.23440000000000000       0.56299999999999994       0.19100000000000000     
   96.000000000000000       0.14035876996481053        1.1400000000000000E-002   2.0000000000000001E-004  0.23380000000000001       0.56299999999999994       0.19159999999999999     
   97.000000000000000       0.12581112890188501        1.1400000000000000E-002   2.0000000000000001E-004  0.23400000000000001       0.56140000000000001       0.19300000000000000     
   98.000000000000000       0.10962045026263786        1.1400000000000000E-002   2.0000000000000001E-004   0.0000000000000000       0.78979999999999995       0.19860000000000000     
   99.000000000000000        9.4153000073938495E-002   1.1400000000000000E-002   2.0000000000000001E-004   0.0000000000000000       0.78879999999999995       0.19960000000000000     
   100.00000000000000        8.8693234136996521E-002   1.1400000000000000E-002   2.0000000000000001E-004   0.0000000000000000       0.78120000000000001       0.20720000000000000     
   101.00000000000000        8.1463092847341600E-002   1.1400000000000000E-002   0.0000000000000000        2.0000000000000001E-004  0.77980000000000005       0.20860000000000001     
   102.00000000000000        7.5785213903345125E-002   1.1400000000000000E-002   0.0000000000000000        8.0000000000000002E-003  0.76780000000000004       0.21279999999999999     
   103.00000000000000        7.2141551699237152E-002   1.1400000000000000E-002   0.0000000000000000        6.0000000000000001E-003  0.76980000000000004       0.21279999999999999     
   104.00000000000000        7.3730353022207915E-002   1.1400000000000000E-002   0.0000000000000000        5.1999999999999998E-003  0.77039999999999997       0.21299999999999999     
   105.00000000000000        8.2182210132905623E-002   1.1200000000000000E-002   0.0000000000000000        5.4000000000000003E-003  0.77039999999999997       0.21299999999999999     
   106.00000000000000        9.5464482269728687E-002   2.2000000000000001E-003   8.6000000000000000E-003   5.4000000000000003E-003  0.77080000000000004       0.21299999999999999     
   107.00000000000000       0.11110594176829441        2.2000000000000001E-003   8.6000000000000000E-003   6.1999999999999998E-003  0.76939999999999997       0.21360000000000001     
   108.00000000000000       0.12820546771896624        2.2000000000000001E-003   8.6000000000000000E-003   6.7999999999999996E-003  0.76580000000000004       0.21659999999999999     
   109.00000000000000       0.14709128721317999        2.2000000000000001E-003   8.0000000000000002E-003   8.2000000000000007E-003  0.76419999999999999       0.21740000000000001     
   110.00000000000000       0.16127398948155763        2.0000000000000000E-003   8.0000000000000002E-003   9.5999999999999992E-003  0.76300000000000001       0.21740000000000001     
   111.00000000000000       0.16015251631701494        1.6000000000000001E-003   8.2000000000000007E-003   8.9999999999999993E-003  0.76139999999999997       0.21980000000000000     
   112.00000000000000       0.16566372062428758        1.6000000000000001E-003   7.1999999999999998E-003   8.8000000000000005E-003  0.75739999999999996       0.22500000000000001     
   113.00000000000000       0.20765178014000549        1.6000000000000001E-003   7.1999999999999998E-003   9.5999999999999992E-003  0.75660000000000005       0.22500000000000001     
   114.00000000000000       0.24416390024050527        1.6000000000000001E-003   7.0000000000000001E-003   9.7999999999999997E-003  0.75660000000000005       0.22500000000000001     
   115.00000000000000       0.27935669481055919        1.6000000000000001E-003   7.0000000000000001E-003   4.5999999999999999E-003  0.76039999999999996       0.22639999999999999     
   116.00000000000000       0.28354808853955399        1.4000000000000000E-003   7.1999999999999998E-003   1.0000000000000000E-003  0.76359999999999995       0.22680000000000000     
   117.00000000000000       0.29896202205116501        1.1999999999999999E-003   7.1999999999999998E-003   1.1999999999999999E-003  0.76359999999999995       0.22680000000000000     
   118.00000000000000       0.18753054339210773        5.9999999999999995E-004   7.1999999999999998E-003   2.5999999999999999E-003  0.76259999999999994       0.22700000000000001     
   119.00000000000000        1.4254197105553175        5.9999999999999995E-004   7.1999999999999998E-003   0.0000000000000000       0.76780000000000004       0.22439999999999999     
   120.00000000000000       0.68575695389625724        5.9999999999999995E-004   7.0000000000000001E-003   0.0000000000000000       0.76800000000000002       0.22439999999999999     
   121.00000000000000       0.68285635847425641        5.9999999999999995E-004   7.0000000000000001E-003   0.0000000000000000       0.76800000000000002       0.22439999999999999     
   122.00000000000000       0.67020447510960590        5.9999999999999995E-004   6.7999999999999996E-003   1.1999999999999999E-003  0.71120000000000005       0.28020000000000000     
   123.00000000000000       0.41666993718850431        5.9999999999999995E-004   6.7999999999999996E-003   1.1999999999999999E-003  0.70920000000000005       0.28220000000000001     
   124.00000000000000       0.42915773911151456        5.9999999999999995E-004   6.7999999999999996E-003   1.1999999999999999E-003  0.70940000000000003       0.28199999999999997     
   125.00000000000000       0.43965010629408413        5.9999999999999995E-004   6.7999999999999996E-003   1.1999999999999999E-003  0.69879999999999998       0.29260000000000003     
   126.00000000000000       0.44539537555914055        4.0000000000000002E-004   6.7999999999999996E-003   1.4000000000000000E-003  0.69540000000000002       0.29599999999999999     
   127.00000000000000       0.44874362850790062        4.0000000000000002E-004   6.7999999999999996E-003   1.4000000000000000E-003  0.69599999999999995       0.29540000000000000     
   128.00000000000000       0.44929988237056007        4.0000000000000002E-004   6.7999999999999996E-003   1.4000000000000000E-003  0.69599999999999995       0.29540000000000000     
   129.00000000000000       0.44809767074154938        4.0000000000000002E-004   6.7999999999999996E-003   1.4000000000000000E-003  0.69699999999999995       0.29440000000000000     
   130.00000000000000       0.44497410407777271        4.0000000000000002E-004   6.7999999999999996E-003   1.4000000000000000E-003  0.69699999999999995       0.29440000000000000     
   131.00000000000000       0.43946504432549149        4.0000000000000002E-004   6.7999999999999996E-003   1.0000000000000000E-003  0.69740000000000002       0.29440000000000000     
   132.00000000000000       0.43205016404098012        4.0000000000000002E-004   6.7999999999999996E-003   1.0000000000000000E-003  0.69740000000000002       0.29440000000000000     
   133.00000000000000       0.42327319487363313        4.0000000000000002E-004   6.7999999999999996E-003   1.0000000000000000E-003  0.69840000000000002       0.29339999999999999     
   134.00000000000000       0.41315528390266704        4.0000000000000002E-004   6.7999999999999996E-003   1.0000000000000000E-003  0.69860000000000000       0.29320000000000002     
   135.00000000000000       0.40204534717752427        4.0000000000000002E-004   6.7999999999999996E-003   1.0000000000000000E-003  0.69820000000000004       0.29360000000000003     
   136.00000000000000       0.38970078491876520        2.2000000000000001E-003   5.0000000000000001E-003   1.0000000000000000E-003  0.69699999999999995       0.29480000000000001     
   137.00000000000000       0.37777934357047382        2.2000000000000001E-003   4.5999999999999999E-003   1.0000000000000000E-003  0.66500000000000004       0.32719999999999999     
   138.00000000000000       0.36340700369964685        2.2000000000000001E-003   4.5999999999999999E-003   1.0000000000000000E-003  0.69040000000000001       0.30180000000000001     
   139.00000000000000       0.34889971164417077        2.2000000000000001E-003   4.5999999999999999E-003   1.0000000000000000E-003  0.70140000000000002       0.29080000000000000     
   140.00000000000000       0.33573767921430236        2.2000000000000001E-003   4.5999999999999999E-003   8.0000000000000004E-004  0.69899999999999995       0.29339999999999999     
   141.00000000000000       0.32167029470621139        2.2000000000000001E-003   4.5999999999999999E-003   8.0000000000000004E-004  0.71860000000000002       0.27379999999999999     
   142.00000000000000       0.30881792329729485        2.2000000000000001E-003   4.5999999999999999E-003   8.0000000000000004E-004  0.70240000000000002       0.28999999999999998     
   143.00000000000000       0.29711074762029704        2.2000000000000001E-003   4.5999999999999999E-003   5.9999999999999995E-004  0.66940000000000000       0.32319999999999999     
   144.00000000000000       0.28507329551550664        4.0000000000000002E-004   6.4000000000000003E-003   5.9999999999999995E-004  0.67779999999999996       0.31480000000000002     
   145.00000000000000       0.27313542565068638        4.0000000000000002E-004   6.4000000000000003E-003   5.9999999999999995E-004  0.70160000000000000       0.29099999999999998     
   146.00000000000000       0.26276243124820881        4.0000000000000002E-004   6.4000000000000003E-003   5.9999999999999995E-004  0.70899999999999996       0.28360000000000002     
   147.00000000000000       0.25463038279324118        2.0000000000000001E-004   6.4000000000000003E-003   8.0000000000000004E-004  0.67879999999999996       0.31380000000000002     
   148.00000000000000       0.24655500379842221        2.0000000000000001E-004   6.1999999999999998E-003   8.0000000000000004E-004  0.67579999999999996       0.31700000000000000     
   149.00000000000000       0.24046537355437916        2.0000000000000001E-004   6.1999999999999998E-003   8.0000000000000004E-004  0.65559999999999996       0.33720000000000000     
   150.00000000000000       0.23457321713718937        2.0000000000000001E-004   6.1999999999999998E-003   8.0000000000000004E-004  0.65459999999999996       0.33820000000000000     
   151.00000000000000       0.22976225968778613        2.0000000000000001E-004   6.1999999999999998E-003   8.0000000000000004E-004  0.64739999999999998       0.34539999999999998     
   152.00000000000000       0.22692267104178304        2.0000000000000001E-004   6.1999999999999998E-003   8.0000000000000004E-004  0.64720000000000000       0.34560000000000002     
   153.00000000000000       0.22548506411302416        2.0000000000000001E-004   6.1999999999999998E-003   8.0000000000000004E-004  0.64759999999999995       0.34520000000000001     
   154.00000000000000       0.22491013988671257        2.0000000000000001E-004   6.1999999999999998E-003   8.0000000000000004E-004  0.64759999999999995       0.34520000000000001     
   155.00000000000000       0.22759140072019907        2.0000000000000001E-004   6.1999999999999998E-003   8.0000000000000004E-004  0.64900000000000002       0.34379999999999999     
   156.00000000000000       0.23099470930618871        2.0000000000000001E-004   6.0000000000000001E-003   8.0000000000000004E-004  0.64759999999999995       0.34539999999999998     
   157.00000000000000       0.23612380314292469        2.0000000000000001E-004   6.0000000000000001E-003   8.0000000000000004E-004  0.64980000000000004       0.34320000000000001     
   158.00000000000000       0.24243808502541464        2.0000000000000001E-004   6.0000000000000001E-003   8.0000000000000004E-004  0.65159999999999996       0.34139999999999998     
   159.00000000000000       0.25012546723317269        2.0000000000000001E-004   6.0000000000000001E-003   8.0000000000000004E-004  0.65239999999999998       0.34060000000000001     
   160.00000000000000       0.25903341761982662        2.0000000000000001E-004   6.0000000000000001E-003   8.0000000000000004E-004  0.65180000000000005       0.34120000000000000     
   161.00000000000000       0.26893472933473028        2.0000000000000001E-004   6.0000000000000001E-003   8.0000000000000004E-004  0.65180000000000005       0.34120000000000000     
   162.00000000000000       0.27941529198896353        2.0000000000000001E-004   5.1999999999999998E-003   1.4000000000000000E-003  0.65239999999999998       0.34079999999999999     
   163.00000000000000       0.28990799590005600        2.0000000000000001E-004   5.1999999999999998E-003   1.4000000000000000E-003  0.65239999999999998       0.34079999999999999     
   164.00000000000000       0.30075310628107738        2.0000000000000001E-004   5.1999999999999998E-003   1.4000000000000000E-003  0.64980000000000004       0.34339999999999998     
   165.00000000000000       0.31116463390101279        2.0000000000000001E-004   5.1999999999999998E-003   1.4000000000000000E-003  0.64600000000000002       0.34720000000000001     
   166.00000000000000       0.32071627347977510        2.0000000000000001E-004   5.0000000000000001E-003   1.6000000000000001E-003  0.64600000000000002       0.34720000000000001     
   167.00000000000000       0.32917911227110397        2.0000000000000001E-004   5.0000000000000001E-003   1.6000000000000001E-003  0.64600000000000002       0.34720000000000001     
   168.00000000000000       0.33655002850521337        2.0000000000000001E-004   4.7999999999999996E-003   1.8000000000000000E-003  0.64600000000000002       0.34720000000000001     
   169.00000000000000       0.34232047280824329        2.0000000000000001E-004   4.7999999999999996E-003   1.8000000000000000E-003  0.64380000000000004       0.34939999999999999     
   170.00000000000000       0.34673754589112893        2.0000000000000001E-004   4.7999999999999996E-003   1.8000000000000000E-003  0.64080000000000004       0.35239999999999999     
   171.00000000000000       0.34849417785013292        2.0000000000000001E-004   4.7999999999999996E-003   1.8000000000000000E-003  0.64100000000000001       0.35220000000000001     
   172.00000000000000       0.34890061007779483        2.0000000000000001E-004   4.7999999999999996E-003   1.8000000000000000E-003  0.63839999999999997       0.35480000000000000     
   173.00000000000000       0.34742800056111467        2.0000000000000001E-004   4.4000000000000003E-003   1.8000000000000000E-003  0.63719999999999999       0.35639999999999999     
   174.00000000000000       0.34366955877667232        2.0000000000000001E-004   4.4000000000000003E-003   1.8000000000000000E-003  0.63700000000000001       0.35659999999999997     
   175.00000000000000       0.33829065221264687        2.2000000000000001E-003   1.8000000000000000E-003   2.3999999999999998E-003  0.63680000000000003       0.35680000000000001     
   176.00000000000000       0.33163311870571388        2.5999999999999999E-003   1.4000000000000000E-003   2.3999999999999998E-003  0.63680000000000003       0.35680000000000001     
   177.00000000000000       0.32378770484529695        2.3999999999999998E-003   1.4000000000000000E-003   2.5999999999999999E-003  0.63680000000000003       0.35680000000000001     
   178.00000000000000       0.31546996454606380        2.5999999999999999E-003   1.1999999999999999E-003   2.5999999999999999E-003  0.63680000000000003       0.35680000000000001     
   179.00000000000000       0.30757804080043671        2.5999999999999999E-003   1.0000000000000000E-003   2.5999999999999999E-003  0.63019999999999998       0.36359999999999998     
   180.00000000000000       0.29859639013111272        2.5999999999999999E-003   8.0000000000000004E-004   2.5999999999999999E-003  0.63060000000000005       0.36340000000000000     
   181.00000000000000       0.28876186539661169        2.5999999999999999E-003   8.0000000000000004E-004   2.5999999999999999E-003  0.63080000000000003       0.36320000000000002     
   182.00000000000000       0.27983855246014194        2.5999999999999999E-003   5.9999999999999995E-004   2.8000000000000000E-003  0.62760000000000005       0.36640000000000000     
   183.00000000000000       0.27086365708850202        2.5999999999999999E-003   5.9999999999999995E-004   2.8000000000000000E-003  0.62760000000000005       0.36640000000000000     
   184.00000000000000       0.26125614779966599        2.2000000000000001E-003   1.0000000000000000E-003   2.8000000000000000E-003  0.62760000000000005       0.36640000000000000     
   185.00000000000000       0.25183725730229456        2.2000000000000001E-003   0.0000000000000000        3.5999999999999999E-003  0.62780000000000002       0.36640000000000000     
   186.00000000000000       0.24258851899801603        2.2000000000000001E-003   0.0000000000000000        3.5999999999999999E-003  0.62800000000000000       0.36620000000000003     
   187.00000000000000       0.23366843838021017        2.2000000000000001E-003   0.0000000000000000        3.5999999999999999E-003  0.62800000000000000       0.36620000000000003     
   188.00000000000000       0.22480152497984035        2.2000000000000001E-003   0.0000000000000000        3.5999999999999999E-003  0.62800000000000000       0.36620000000000003     
   189.00000000000000       0.21516438028659823        2.2000000000000001E-003   0.0000000000000000        3.5999999999999999E-003  0.62780000000000002       0.36640000000000000     
   190.00000000000000       0.20664683106949946        2.2000000000000001E-003   0.0000000000000000        3.5999999999999999E-003  0.62780000000000002       0.36640000000000000     
   191.00000000000000       0.20911483023096950        2.2000000000000001E-003   0.0000000000000000        3.3999999999999998E-003  0.62780000000000002       0.36659999999999998     
   192.00000000000000       0.21354815657766807        2.2000000000000001E-003   0.0000000000000000        3.3999999999999998E-003  0.62780000000000002       0.36659999999999998     
   193.00000000000000       0.21350271435432894        2.2000000000000001E-003   0.0000000000000000        3.3999999999999998E-003  0.62780000000000002       0.36659999999999998     
   194.00000000000000       0.20831928247169612        2.2000000000000001E-003   0.0000000000000000        3.3999999999999998E-003  0.62780000000000002       0.36659999999999998     
   195.00000000000000       0.19900551528274407        2.2000000000000001E-003   0.0000000000000000        3.3999999999999998E-003  0.62780000000000002       0.36659999999999998     
   196.00000000000000       0.18580615147084092        2.0000000000000000E-003   0.0000000000000000        3.0000000000000001E-003  0.62800000000000000       0.36699999999999999     
   197.00000000000000       0.18117842447773863        2.0000000000000000E-003   0.0000000000000000        3.0000000000000001E-003  0.62300000000000000       0.37200000000000000     
   198.00000000000000       0.17718046073398858        2.0000000000000000E-003   0.0000000000000000        3.0000000000000001E-003  0.62260000000000004       0.37240000000000001     
   199.00000000000000       0.17889371368910312        2.0000000000000000E-003   0.0000000000000000        3.0000000000000001E-003  0.61780000000000002       0.37719999999999998     
   200.00000000000000       0.18015111336737552        2.0000000000000000E-003   0.0000000000000000        3.0000000000000001E-003  0.61780000000000002       0.37719999999999998     
   201.00000000000000       0.18344868412806520        0.0000000000000000        2.0000000000000000E-003   3.0000000000000001E-003  0.61780000000000002       0.37719999999999998     
   202.00000000000000       0.18763965587295112        0.0000000000000000        2.0000000000000000E-003   3.0000000000000001E-003  0.61780000000000002       0.37719999999999998     
   203.00000000000000       0.19356491219096136        0.0000000000000000        1.8000000000000000E-003   3.2000000000000002E-003  0.61780000000000002       0.37719999999999998     
   204.00000000000000       0.20056931838426934        0.0000000000000000        1.8000000000000000E-003   3.0000000000000001E-003  0.61799999999999999       0.37719999999999998     
   205.00000000000000       0.20912363439692203        0.0000000000000000        1.8000000000000000E-003   2.8000000000000000E-003  0.61799999999999999       0.37740000000000001     
   206.00000000000000       0.21850474187490782        0.0000000000000000        1.8000000000000000E-003   3.5999999999999999E-003  0.61619999999999997       0.37840000000000001     
   207.00000000000000       0.22982205478266621        0.0000000000000000        1.8000000000000000E-003   3.5999999999999999E-003  0.61280000000000001       0.38179999999999997     
   208.00000000000000       0.24116262306468267        0.0000000000000000        1.8000000000000000E-003   3.5999999999999999E-003  0.61280000000000001       0.38179999999999997     
   209.00000000000000       0.25317028378369888        0.0000000000000000        1.8000000000000000E-003   3.3999999999999998E-003  0.61199999999999999       0.38279999999999997     
   210.00000000000000       0.26511567627629540        0.0000000000000000        1.8000000000000000E-003   3.3999999999999998E-003  0.61199999999999999       0.38279999999999997     
   211.00000000000000       0.27748905946811830        0.0000000000000000        1.8000000000000000E-003   3.3999999999999998E-003  0.61040000000000005       0.38440000000000002     
   212.00000000000000       0.28923687815203158        0.0000000000000000        1.8000000000000000E-003   3.3999999999999998E-003  0.60840000000000005       0.38640000000000002     
   213.00000000000000       0.30028211344588829        0.0000000000000000        1.8000000000000000E-003   3.5999999999999999E-003  0.60660000000000003       0.38800000000000001     
   214.00000000000000       0.31017376926246099        0.0000000000000000        1.8000000000000000E-003   3.5999999999999999E-003  0.60660000000000003       0.38800000000000001     
   215.00000000000000       0.32039330642618924        0.0000000000000000        1.8000000000000000E-003   3.5999999999999999E-003  0.60360000000000003       0.39100000000000001     
   216.00000000000000       0.32837911539742848        0.0000000000000000        1.8000000000000000E-003   3.3999999999999998E-003  0.60380000000000000       0.39100000000000001     
