#        BMIN =   404
#        BMAX =   408
#     INIBAND =   406
#      NBANDS =   540
#         NSW =  2000
#       POTIM =   1.0
#        TEMP = 300.0
#    NAMDTINI =    69
#    NAMDTIME =  1000
#       NTRAJ =  5000
#        NELM =  1000
#       LHOLE =     T
#        LSHP =     T
#      LCPTXT =     T
#      RUNDIR = ../../run/
   1.0000000000000000       -1.1288754887573187E-002   0.0000000000000000        0.0000000000000000        1.0000000000000000        0.0000000000000000        0.0000000000000000     
   2.0000000000000000       -1.2153623425654363E-002   5.9999999999999995E-004   0.0000000000000000       0.99900000000000000        0.0000000000000000        4.0000000000000002E-004
   3.0000000000000000       -1.0200725216117913E-002   0.0000000000000000        0.0000000000000000       0.99960000000000004        0.0000000000000000        4.0000000000000002E-004
   4.0000000000000000        1.6003908646424776E-003   1.5800000000000002E-002   0.0000000000000000       0.98340000000000005        2.0000000000000001E-004   5.9999999999999995E-004
   5.0000000000000000        2.1146004114065649E-002   1.9400000000000001E-002   0.0000000000000000       0.97960000000000003        2.0000000000000001E-004   8.0000000000000004E-004
   6.0000000000000000        4.1720386022806200E-002   1.6199999999999999E-002   0.0000000000000000       0.98140000000000005        2.0000000000000001E-004   2.2000000000000001E-003
   7.0000000000000000        6.1741834338458097E-002   1.4600000000000000E-002   0.0000000000000000       0.98299999999999998        2.0000000000000001E-004   2.2000000000000001E-003
   8.0000000000000000        8.0523975682799134E-002   1.1400000000000000E-002   2.8000000000000000E-003  0.98340000000000005        2.0000000000000001E-004   2.2000000000000001E-003
   9.0000000000000000        9.7663234062132606E-002   1.1400000000000000E-002   2.5999999999999999E-003  0.98360000000000003        2.0000000000000001E-004   2.2000000000000001E-003
   10.000000000000000       0.11336536977135375        1.1400000000000000E-002   2.5999999999999999E-003  0.98299999999999998        5.9999999999999995E-004   2.3999999999999998E-003
   11.000000000000000       0.12731060913026146        1.1400000000000000E-002   2.2000000000000001E-003  0.98260000000000003        5.9999999999999995E-004   3.2000000000000002E-003
   12.000000000000000       0.14043380206987252        1.1400000000000000E-002   2.0000000000000000E-003  0.98019999999999996        5.9999999999999995E-004   5.7999999999999996E-003
   13.000000000000000       0.15113760657418993        1.1200000000000000E-002   2.2000000000000001E-003  0.97880000000000000        2.0000000000000000E-003   5.7999999999999996E-003
   14.000000000000000       0.15926411915969838        1.1200000000000000E-002   2.8000000000000000E-003  0.97819999999999996        2.0000000000000000E-003   5.7999999999999996E-003
   15.000000000000000       0.16582703304084048        1.1200000000000000E-002   2.0000000000000000E-003  0.97719999999999996        2.0000000000000000E-003   7.6000000000000000E-003
   16.000000000000000       0.16924026398598863        1.1200000000000000E-002   2.5999999999999999E-003  0.97660000000000002        2.0000000000000000E-003   7.6000000000000000E-003
   17.000000000000000       0.16852714789410983        1.0200000000000001E-002  0.26279999999999998       0.71660000000000001        1.6000000000000001E-003   8.8000000000000005E-003
   18.000000000000000       0.17238698080944986        1.0200000000000001E-002  0.28000000000000003       0.69940000000000002        1.1999999999999999E-003   9.1999999999999998E-003
   19.000000000000000       0.17788452312434055        1.0200000000000001E-002  0.25640000000000002       0.72299999999999998        1.1999999999999999E-003   9.1999999999999998E-003
   20.000000000000000       0.18134384903936387        1.0200000000000001E-002  0.25919999999999999       0.71940000000000004        1.4000000000000000E-003   9.7999999999999997E-003
   21.000000000000000       0.18230412721495276        1.0000000000000000E-002  0.25979999999999998       0.71899999999999997        1.4000000000000000E-003   9.7999999999999997E-003
   22.000000000000000       0.18296512222812056        8.9999999999999993E-003  0.24979999999999999       0.72960000000000003        1.0000000000000000E-003   1.0600000000000000E-002
   23.000000000000000       0.17892249286822864        8.6000000000000000E-003  0.24979999999999999       0.72740000000000005        3.0000000000000001E-003   1.1200000000000000E-002
   24.000000000000000       0.17515495346309706        7.4000000000000003E-003  0.24120000000000000       0.73480000000000001        3.0000000000000001E-003   1.3599999999999999E-002
   25.000000000000000       0.16871592658340667        7.0000000000000001E-003  0.24120000000000000       0.73280000000000001        3.0000000000000001E-003   1.6000000000000000E-002
   26.000000000000000       0.15856547742027607        7.0000000000000001E-003  0.23760000000000001       0.73560000000000003        3.0000000000000001E-003   1.6799999999999999E-002
   27.000000000000000       0.14920362978089363        6.4000000000000003E-003  0.23480000000000001       0.73780000000000001        3.5999999999999999E-003   1.7399999999999999E-002
   28.000000000000000       0.13498590072472347        6.4000000000000003E-003  0.23360000000000000       0.73760000000000003        4.1999999999999997E-003   1.8200000000000001E-002
   29.000000000000000       0.12035361722779736        6.4000000000000003E-003  0.23360000000000000       0.73760000000000003        4.1999999999999997E-003   1.8200000000000001E-002
   30.000000000000000       0.10551351546744255        5.4000000000000003E-003  0.23260000000000000       0.73780000000000001        5.7999999999999996E-003   1.8400000000000000E-002
   31.000000000000000        8.9684883922187791E-002   5.5999999999999999E-003  0.23240000000000000       0.73780000000000001        5.7999999999999996E-003   1.8400000000000000E-002
   32.000000000000000        7.4935819249831975E-002   5.4000000000000003E-003  0.22680000000000000       0.74260000000000004        6.7999999999999996E-003   1.8400000000000000E-002
   33.000000000000000        7.1921971860681319E-002   5.4000000000000003E-003  0.22680000000000000       0.74180000000000001        6.7999999999999996E-003   1.9199999999999998E-002
   34.000000000000000        7.0683426952848682E-002   5.1999999999999998E-003  0.22680000000000000       0.74160000000000004        7.1999999999999998E-003   1.9199999999999998E-002
   35.000000000000000        6.9400794715554742E-002   5.1999999999999998E-003  0.22680000000000000       0.74060000000000004        7.0000000000000001E-003   2.0400000000000001E-002
   36.000000000000000        7.0286082383068937E-002   5.1999999999999998E-003   4.6800000000000001E-002  0.91920000000000002        7.7999999999999996E-003   2.1000000000000001E-002
   37.000000000000000        7.9147853973365601E-002   5.1999999999999998E-003   4.6600000000000003E-002  0.91920000000000002        7.7999999999999996E-003   2.1200000000000000E-002
   38.000000000000000        9.6462786010780469E-002   5.0000000000000001E-003   4.6600000000000003E-002  0.91940000000000000        7.7999999999999996E-003   2.1200000000000000E-002
   39.000000000000000       0.10795485009958269        5.0000000000000001E-003   4.6600000000000003E-002  0.91940000000000000        7.7999999999999996E-003   2.1200000000000000E-002
   40.000000000000000       0.11319459267308693        5.0000000000000001E-003   4.6199999999999998E-002  0.91940000000000000        8.2000000000000007E-003   2.1200000000000000E-002
   41.000000000000000       0.11166312882450105        5.0000000000000001E-003   4.5999999999999999E-002  0.91940000000000000        8.2000000000000007E-003   2.1399999999999999E-002
   42.000000000000000       0.10356902839355629        5.0000000000000001E-003   4.5999999999999999E-002  0.91940000000000000        8.2000000000000007E-003   2.1399999999999999E-002
   43.000000000000000        8.8733642639759233E-002   5.0000000000000001E-003   4.5999999999999999E-002  0.91940000000000000        8.2000000000000007E-003   2.1399999999999999E-002
   44.000000000000000        6.7054126638928915E-002   5.0000000000000001E-003   4.5999999999999999E-002  0.91940000000000000        8.2000000000000007E-003   2.1399999999999999E-002
   45.000000000000000        4.1387887692639805E-002   5.0000000000000001E-003   4.5600000000000002E-002  0.91940000000000000        8.2000000000000007E-003   2.1800000000000000E-002
   46.000000000000000        9.7722825367836941E-003   5.0000000000000001E-003   7.5399999999999995E-002  0.88939999999999997        8.3999999999999995E-003   2.1800000000000000E-002
   47.000000000000000       -1.7897085220152945E-002   4.5999999999999999E-003   7.5600000000000001E-002  0.88060000000000005        8.3999999999999995E-003   3.0800000000000001E-002
   48.000000000000000       -2.4870454805392930E-002   4.5999999999999999E-003   7.5600000000000001E-002  0.87900000000000000        8.3999999999999995E-003   3.2399999999999998E-002
   49.000000000000000       -3.2170134582003296E-002   7.7999999999999996E-003   7.1800000000000003E-002  0.87960000000000005        8.3999999999999995E-003   3.2399999999999998E-002
   50.000000000000000       -3.8071817795871904E-002   7.7999999999999996E-003   7.4200000000000002E-002  0.87700000000000000        8.6000000000000000E-003   3.2399999999999998E-002
   51.000000000000000       -4.0396323890352630E-002   7.7999999999999996E-003   6.8800000000000000E-002  0.88160000000000005        8.8000000000000005E-003   3.3000000000000002E-002
   52.000000000000000       -4.2749509074584961E-002   7.4000000000000003E-003   6.5400000000000000E-002  0.88539999999999996        8.8000000000000005E-003   3.3000000000000002E-002
   53.000000000000000       -4.3894187397147393E-002   7.4000000000000003E-003   5.0799999999999998E-002  0.89939999999999998        8.6000000000000000E-003   3.3799999999999997E-002
   54.000000000000000       -4.3381826414086194E-002   7.4000000000000003E-003   5.0400000000000000E-002  0.89980000000000004        8.3999999999999995E-003   3.4000000000000002E-002
   55.000000000000000       -3.9656040727698204E-002   6.6000000000000000E-003   7.0199999999999999E-002  0.88080000000000003        8.2000000000000007E-003   3.4200000000000001E-002
   56.000000000000000       -3.3102687067696215E-002   6.6000000000000000E-003   7.0000000000000007E-002  0.87960000000000005        8.9999999999999993E-003   3.4799999999999998E-002
   57.000000000000000       -2.7081927878044629E-002   6.6000000000000000E-003   7.0000000000000007E-002  0.87960000000000005        8.9999999999999993E-003   3.4799999999999998E-002
   58.000000000000000       -2.1875998273716959E-002   6.6000000000000000E-003   6.7599999999999993E-002  0.88200000000000001        8.9999999999999993E-003   3.4799999999999998E-002
   59.000000000000000       -1.8256140658066845E-002   6.1999999999999998E-003   6.7599999999999993E-002  0.88100000000000001        9.4000000000000004E-003   3.5799999999999998E-002
   60.000000000000000       -1.6933176001737726E-002   4.7999999999999996E-003   6.8800000000000000E-002  0.88100000000000001        9.5999999999999992E-003   3.5799999999999998E-002
   61.000000000000000       -1.7416754777665036E-002   5.0000000000000001E-003   6.6799999999999998E-002  0.88000000000000000        1.1800000000000000E-002   3.6400000000000002E-002
   62.000000000000000       -2.1479711116483512E-002   4.7999999999999996E-003   6.7000000000000004E-002  0.88000000000000000        1.1599999999999999E-002   3.6600000000000001E-002
   63.000000000000000       -2.6872305692144972E-002   5.0000000000000001E-003   6.3799999999999996E-002  0.88039999999999996        1.1599999999999999E-002   3.9199999999999999E-002
   64.000000000000000       -3.5942602219167660E-002   2.0400000000000001E-002   4.7600000000000003E-002  0.87719999999999998        1.4999999999999999E-002   3.9800000000000002E-002
   65.000000000000000       -4.7441441355630304E-002   2.0600000000000000E-002   4.7600000000000003E-002  0.87700000000000000        1.4999999999999999E-002   3.9800000000000002E-002
   66.000000000000000       -5.8723025885069037E-002   2.0400000000000001E-002   2.8600000000000000E-002  0.89620000000000000        1.4200000000000001E-002   4.0599999999999997E-002
   67.000000000000000       -4.5670583935650426E-002   2.0400000000000001E-002   2.8600000000000000E-002  0.89620000000000000        1.4200000000000001E-002   4.0599999999999997E-002
   68.000000000000000       -9.2875281807364846E-005   2.0400000000000001E-002   2.8199999999999999E-002  0.89639999999999997        1.4400000000000000E-002   4.0599999999999997E-002
   69.000000000000000        6.6183700711849383E-002   2.0400000000000001E-002   2.7600000000000000E-002  0.51819999999999999       0.38900000000000001        4.4800000000000000E-002
   70.000000000000000        8.2587023407539914E-002   2.3000000000000000E-002   2.5000000000000001E-002  0.51480000000000004       0.38840000000000002        4.8800000000000003E-002
   71.000000000000000        8.8174587755591949E-002   2.3199999999999998E-002   2.4799999999999999E-002  0.51859999999999995       0.43340000000000001        0.0000000000000000     
   72.000000000000000        9.4799073051691274E-002   2.3199999999999998E-002   2.4799999999999999E-002  0.47580000000000000       0.47620000000000001        0.0000000000000000     
   73.000000000000000        7.9300472719348980E-002   2.3199999999999998E-002   2.4799999999999999E-002  0.47760000000000002       0.47439999999999999        0.0000000000000000     
   74.000000000000000        6.3108805246099797E-002   2.3199999999999998E-002   2.4799999999999999E-002  0.47860000000000003       0.47339999999999999        0.0000000000000000     
   75.000000000000000        5.0983880459124956E-002   2.3199999999999998E-002   2.4799999999999999E-002  0.44579999999999997       0.50619999999999998        0.0000000000000000     
   76.000000000000000        3.4063913000543955E-002   2.3199999999999998E-002   2.4799999999999999E-002  0.44419999999999998       0.50780000000000003        0.0000000000000000     
   77.000000000000000        1.8669194463100627E-002   2.2800000000000001E-002   2.5200000000000000E-002  0.44440000000000002       0.50760000000000005        0.0000000000000000     
   78.000000000000000        5.6064639374046113E-003   2.2599999999999999E-002   2.5399999999999999E-002  0.44440000000000002       0.50760000000000005        0.0000000000000000     
   79.000000000000000       -6.6934745854166297E-003   2.1000000000000001E-002   2.7000000000000000E-002  0.44460000000000000       0.50739999999999996        0.0000000000000000     
   80.000000000000000       -1.9926119903006655E-002   2.0199999999999999E-002   2.7799999999999998E-002  0.44460000000000000       0.50739999999999996        0.0000000000000000     
   81.000000000000000       -2.4387562776415267E-002   1.9800000000000002E-002   2.8199999999999999E-002  0.44400000000000001       0.50800000000000001        0.0000000000000000     
   82.000000000000000       -3.2746653653463277E-002   2.0199999999999999E-002   2.7799999999999998E-002  0.44460000000000000       0.50739999999999996        0.0000000000000000     
   83.000000000000000       -3.6915940462465283E-002   2.0400000000000001E-002   2.7600000000000000E-002  0.44059999999999999       0.39360000000000001       0.11780000000000000     
   84.000000000000000       -4.8654442599540597E-002   2.0400000000000001E-002   2.7600000000000000E-002  0.22980000000000000       0.60699999999999998       0.11520000000000000     
   85.000000000000000       -7.1899406978915670E-002   2.0600000000000000E-002   2.7400000000000001E-002  0.22980000000000000       0.60660000000000003       0.11559999999999999     
   86.000000000000000       -7.7778646912795041E-002   2.9200000000000000E-002   1.8200000000000001E-002  0.22980000000000000       0.52120000000000000       0.20160000000000000     
   87.000000000000000       -8.2644888672748662E-002   2.9200000000000000E-002   1.8200000000000001E-002  0.22980000000000000       0.51180000000000003       0.21099999999999999     
   88.000000000000000       -8.5471552124860489E-002   2.8600000000000000E-002   1.7999999999999999E-002  0.22980000000000000       0.51280000000000003       0.21079999999999999     
   89.000000000000000       -8.1774661594294779E-002   2.8400000000000002E-002   1.7999999999999999E-002  0.22980000000000000       0.48920000000000002       0.23460000000000000     
   90.000000000000000       -7.6089573020714216E-002   2.8000000000000001E-002   1.7000000000000001E-002  0.22739999999999999       0.49280000000000002       0.23480000000000001     
   91.000000000000000       -6.3314402505707981E-002   2.7799999999999998E-002   1.7000000000000001E-002  0.21560000000000001       0.49959999999999999       0.23999999999999999     
   92.000000000000000       -4.5013653376326318E-002   2.7199999999999998E-002   1.7000000000000001E-002  0.21560000000000001       0.49859999999999999       0.24160000000000001     
   93.000000000000000       -2.3568184099743546E-002   2.7199999999999998E-002   1.7000000000000001E-002  0.21199999999999999       0.50019999999999998       0.24360000000000001     
   94.000000000000000       -2.4720228111995077E-003   2.6800000000000001E-002   1.7000000000000001E-002  0.21099999999999999       0.50119999999999998       0.24399999999999999     
   95.000000000000000        1.8610884573267230E-002   2.6200000000000001E-002   1.7000000000000001E-002  0.21140000000000000       0.50139999999999996       0.24399999999999999     
   96.000000000000000        4.1579409403350406E-002   2.6200000000000001E-002   1.7000000000000001E-002  0.20699999999999999       0.50039999999999996       0.24940000000000001     
   97.000000000000000        6.3302425976832749E-002   2.4600000000000000E-002   1.7000000000000001E-002  0.20560000000000000       0.49959999999999999       0.25319999999999998     
   98.000000000000000        8.4445513550787304E-002   2.4000000000000000E-002   1.7000000000000001E-002  0.20499999999999999       0.49900000000000000       0.25500000000000000     
   99.000000000000000       0.10529156160069500        2.3800000000000002E-002   1.7000000000000001E-002  0.20419999999999999       0.49619999999999997       0.25879999999999997     
   100.00000000000000       0.12533582014555039        2.3800000000000002E-002   1.7000000000000001E-002  0.20419999999999999       0.48520000000000002       0.26979999999999998     
   101.00000000000000       0.14278422828825627        2.3800000000000002E-002   1.7000000000000001E-002  0.20300000000000001       0.48540000000000000       0.27079999999999999     
   102.00000000000000       0.15933957595108506        2.3800000000000002E-002   1.7000000000000001E-002  0.20300000000000001       0.48620000000000002       0.27000000000000002     
   103.00000000000000       0.17589158763863461        2.3800000000000002E-002   1.7000000000000001E-002  0.19760000000000000       0.48699999999999999       0.27460000000000001     
   104.00000000000000       0.19184585177683655        2.1999999999999999E-002   1.7000000000000001E-002  0.19760000000000000       0.47160000000000002       0.29180000000000000     
   105.00000000000000       0.20493097475918037        2.1800000000000000E-002   1.7000000000000001E-002  0.19580000000000000       0.47680000000000000       0.28860000000000002     
   106.00000000000000       0.21720231535545917        2.1800000000000000E-002   1.7000000000000001E-002  0.19259999999999999       0.47999999999999998       0.28860000000000002     
   107.00000000000000       0.22900451527213789        2.1800000000000000E-002   1.7000000000000001E-002  0.19200000000000000       0.46539999999999998       0.30380000000000001     
   108.00000000000000       0.23909002485358177        2.1600000000000001E-002   1.7000000000000001E-002  0.19220000000000001       0.46679999999999999       0.30240000000000000     
   109.00000000000000       0.24803916143537158        2.0799999999999999E-002   1.7000000000000001E-002  0.19300000000000000       0.46679999999999999       0.30240000000000000     
   110.00000000000000       0.25630200180201629        2.0400000000000001E-002   1.7000000000000001E-002  0.19220000000000001       0.46679999999999999       0.30359999999999998     
   111.00000000000000       0.26454490646937279        2.0400000000000001E-002   1.7000000000000001E-002  0.17999999999999999       0.47839999999999999       0.30420000000000003     
   112.00000000000000       0.27017207894646256        2.0400000000000001E-002   1.7000000000000001E-002  0.17999999999999999       0.47860000000000003       0.30399999999999999     
   113.00000000000000       0.27510944394006187        1.3200000000000000E-002   2.3800000000000002E-002  0.17920000000000000       0.47860000000000003       0.30520000000000003     
   114.00000000000000       0.27785681582885458        1.3200000000000000E-002   2.3800000000000002E-002  0.17979999999999999       0.47799999999999998       0.30520000000000003     
   115.00000000000000       0.28107082001706063        1.3200000000000000E-002   2.3800000000000002E-002  0.16919999999999999       0.48820000000000002       0.30559999999999998     
   116.00000000000000       0.28247895953138691        1.3200000000000000E-002   2.3000000000000000E-002  0.16380000000000000       0.49340000000000001       0.30659999999999998     
   117.00000000000000       0.28269016745669701        1.1599999999999999E-002   2.2200000000000001E-002  0.16520000000000001       0.49380000000000002       0.30719999999999997     
   118.00000000000000       0.28141602687457162        1.1599999999999999E-002   2.2200000000000001E-002  0.16200000000000001       0.49700000000000000       0.30719999999999997     
   119.00000000000000       0.27938470250939296        1.1599999999999999E-002   2.2200000000000001E-002  0.15720000000000001       0.50139999999999996       0.30759999999999998     
   120.00000000000000       0.27593535912936706        1.0800000000000001E-002   2.2200000000000001E-002  0.15279999999999999       0.50339999999999996       0.31080000000000002     
   121.00000000000000       0.27190002689995307        1.1200000000000000E-002   2.1399999999999999E-002  0.14640000000000000       0.50300000000000000       0.31800000000000000     
   122.00000000000000       0.26505730509740022        1.0800000000000001E-002   2.0799999999999999E-002  0.14640000000000000       0.50480000000000003       0.31719999999999998     
   123.00000000000000       0.25882946736655110        8.8000000000000005E-003   2.2200000000000001E-002  0.14699999999999999       0.48740000000000000       0.33460000000000001     
   124.00000000000000       0.24941548989173262        8.9999999999999993E-003   2.1999999999999999E-002  0.14680000000000001       0.49040000000000000       0.33179999999999998     
   125.00000000000000       0.24042093795003028        8.2000000000000007E-003   2.2599999999999999E-002  0.14599999999999999       0.49280000000000002       0.33040000000000003     
   126.00000000000000       0.23115520378526194        6.0000000000000001E-003   2.4600000000000000E-002  0.14620000000000000       0.49040000000000000       0.33279999999999998     
   127.00000000000000       0.22235321693245452        1.6000000000000001E-003   2.9000000000000001E-002  0.14540000000000000       0.48820000000000002       0.33579999999999999     
   128.00000000000000       0.21326790346318286        3.3999999999999998E-003   2.5800000000000000E-002  0.14399999999999999       0.48459999999999998       0.34220000000000000     
   129.00000000000000       0.20475644724749303        3.8000000000000000E-003   2.5399999999999999E-002  0.13860000000000000       0.48759999999999998       0.34460000000000002     
   130.00000000000000       0.19500247976796478        1.6000000000000001E-003   2.7000000000000000E-002  0.13739999999999999       0.49099999999999999       0.34300000000000003     
   131.00000000000000       0.18436056082292651        1.6000000000000001E-003   2.7000000000000000E-002  0.13739999999999999       0.49199999999999999       0.34200000000000003     
   132.00000000000000       0.17455482868604716        1.6000000000000001E-003   2.7000000000000000E-002  0.13619999999999999       0.49340000000000001       0.34179999999999999     
   133.00000000000000       0.16398087447344128        1.4000000000000000E-003   2.7000000000000000E-002  0.13519999999999999       0.49540000000000001       0.34100000000000003     
   134.00000000000000       0.15515421612628888        1.4000000000000000E-003   6.4000000000000003E-003  0.15559999999999999       0.48039999999999999       0.35620000000000002     
   135.00000000000000       0.14869472457572694        1.4000000000000000E-003   6.4000000000000003E-003  0.15559999999999999       0.48039999999999999       0.35620000000000002     
   136.00000000000000       0.14340052539315035        1.4000000000000000E-003   6.4000000000000003E-003  0.15559999999999999       0.47720000000000001       0.35940000000000000     
   137.00000000000000       0.13809597440229568        1.4000000000000000E-003   6.4000000000000003E-003  0.15559999999999999       0.47520000000000001       0.36140000000000000     
   138.00000000000000       0.13328293317937234        1.4000000000000000E-003   6.4000000000000003E-003  0.15559999999999999       0.47060000000000002       0.36599999999999999     
   139.00000000000000       0.12894732961215286        1.4000000000000000E-003   6.0000000000000001E-003  0.15559999999999999       0.46860000000000002       0.36840000000000001     
   140.00000000000000       0.12447796729177552        1.4000000000000000E-003   6.0000000000000001E-003  0.15559999999999999       0.46839999999999998       0.36859999999999998     
   141.00000000000000       0.12083754214153811        1.4000000000000000E-003   6.0000000000000001E-003  0.15559999999999999       0.46800000000000003       0.36899999999999999     
   142.00000000000000       0.11779023349516454        1.4000000000000000E-003   5.7999999999999996E-003  0.15559999999999999       0.46779999999999999       0.36940000000000001     
   143.00000000000000       0.11556777050172508        1.4000000000000000E-003   5.5999999999999999E-003  0.15559999999999999       0.46779999999999999       0.36959999999999998     
   144.00000000000000       0.11532309994097385        1.4000000000000000E-003   5.5999999999999999E-003  0.15559999999999999       0.45960000000000001       0.37780000000000002     
   145.00000000000000       0.11416587234713772        1.4000000000000000E-003   9.2200000000000004E-002   6.9000000000000006E-002  0.45300000000000001       0.38440000000000002     
   146.00000000000000       0.12135030760187604        1.4000000000000000E-003   9.2200000000000004E-002   6.9000000000000006E-002  0.44579999999999997       0.39160000000000000     
   147.00000000000000       0.12781463789403283        1.4000000000000000E-003   9.2200000000000004E-002   6.9000000000000006E-002  0.44579999999999997       0.39160000000000000     
   148.00000000000000       0.13565764129436500        3.3999999999999998E-003   8.9800000000000005E-002   6.9000000000000006E-002  0.44619999999999999       0.39160000000000000     
   149.00000000000000       0.15167669678895390        2.3999999999999998E-003   8.5800000000000001E-002   6.9000000000000006E-002  0.44500000000000001       0.39779999999999999     
   150.00000000000000       0.17311261454683352        2.3999999999999998E-003   7.5399999999999995E-002   6.7000000000000004E-002  0.44900000000000001       0.40620000000000001     
   151.00000000000000       0.19094354322608761        2.3999999999999998E-003   7.5399999999999995E-002   6.6000000000000003E-002  0.44519999999999998       0.41099999999999998     
   152.00000000000000       0.20903558510514814        2.3999999999999998E-003   7.5200000000000003E-002   6.3000000000000000E-002  0.44640000000000002       0.41299999999999998     
   153.00000000000000       0.22680098310649183        1.4000000000000000E-003   7.5999999999999998E-002   6.0400000000000002E-002  0.44900000000000001       0.41320000000000001     
   154.00000000000000       0.24314189864655544        1.1999999999999999E-003   7.5800000000000006E-002   6.0400000000000002E-002  0.44940000000000002       0.41320000000000001     
   155.00000000000000       0.25864209227330870        1.1999999999999999E-003   7.4200000000000002E-002   6.0400000000000002E-002  0.45060000000000000       0.41360000000000002     
   156.00000000000000       0.27523507969591043        1.1999999999999999E-003   7.1599999999999997E-002   5.4399999999999997E-002  0.45479999999999998       0.41799999999999998     
   157.00000000000000       0.28723917561738110        1.1999999999999999E-003   7.0999999999999994E-002   5.3600000000000002E-002  0.45619999999999999       0.41799999999999998     
   158.00000000000000       0.29739848341526809        1.1999999999999999E-003   7.0599999999999996E-002   5.2200000000000003E-002  0.45760000000000001       0.41839999999999999     
   159.00000000000000       0.30691011987026517        1.0000000000000000E-003   7.1800000000000003E-002   4.1200000000000001E-002  0.46760000000000002       0.41839999999999999     
   160.00000000000000       0.31258728092929849        1.0000000000000000E-003   7.0199999999999999E-002   4.1200000000000001E-002  0.46220000000000000       0.42540000000000000     
   161.00000000000000       0.31517017861353536        1.0000000000000000E-003   6.9000000000000006E-002   4.1000000000000002E-002  0.46360000000000001       0.42540000000000000     
   162.00000000000000       0.31479443249635169        1.0000000000000000E-003   6.8599999999999994E-002   4.1399999999999999E-002  0.46420000000000000       0.42480000000000001     
   163.00000000000000       0.31210912550220282        1.0000000000000000E-003   6.8400000000000002E-002   4.0000000000000001E-002  0.46539999999999998       0.42520000000000002     
   164.00000000000000       0.30902036707244690        1.0000000000000000E-003   6.6000000000000003E-002   4.0399999999999998E-002  0.45979999999999999       0.43280000000000002     
   165.00000000000000       0.30234290275796427        8.0000000000000004E-004   6.6199999999999995E-002   3.7999999999999999E-002  0.46039999999999998       0.43459999999999999     
   166.00000000000000       0.29292412580975846        8.0000000000000004E-004   6.4799999999999996E-002   3.7999999999999999E-002  0.46220000000000000       0.43419999999999997     
   167.00000000000000       0.28208326089967645        6.7999999999999996E-003   5.8200000000000002E-002   3.7800000000000000E-002  0.46239999999999998       0.43480000000000002     
   168.00000000000000       0.27145872749687466        6.7999999999999996E-003   5.8200000000000002E-002   3.7800000000000000E-002  0.46239999999999998       0.43480000000000002     
   169.00000000000000       0.26114317951721611        6.7999999999999996E-003   5.8200000000000002E-002   3.5999999999999997E-002  0.46420000000000000       0.43480000000000002     
   170.00000000000000       0.25034410788160882        6.7999999999999996E-003   5.8200000000000002E-002   3.5999999999999997E-002  0.46420000000000000       0.43480000000000002     
   171.00000000000000       0.23652124378548306        6.7999999999999996E-003   5.8200000000000002E-002   3.5000000000000003E-002  0.46260000000000001       0.43740000000000001     
   172.00000000000000       0.23938701850270896        6.7999999999999996E-003   3.2000000000000002E-003   9.1200000000000003E-002  0.45679999999999998       0.44200000000000000     
   173.00000000000000       0.23553383895723340        6.7999999999999996E-003   3.5999999999999999E-003   9.1200000000000003E-002  0.45639999999999997       0.44200000000000000     
   174.00000000000000       0.23168852043686869        6.7999999999999996E-003   3.5999999999999999E-003  0.10560000000000000       0.44200000000000000       0.44200000000000000     
   175.00000000000000       0.22956645285218846        6.7999999999999996E-003   3.5999999999999999E-003  0.10539999999999999       0.44200000000000000       0.44219999999999998     
   176.00000000000000       0.22677304970216125        6.7999999999999996E-003   3.5999999999999999E-003  0.10480000000000000       0.44200000000000000       0.44280000000000003     
   177.00000000000000       0.22028104406221499        6.7999999999999996E-003   3.5999999999999999E-003  0.10480000000000000       0.44200000000000000       0.44280000000000003     
   178.00000000000000       0.20984813828295895        6.7999999999999996E-003   3.5999999999999999E-003  0.10460000000000000       0.44200000000000000       0.44300000000000000     
   179.00000000000000       0.19856423665748749        6.7999999999999996E-003   3.5999999999999999E-003  0.10020000000000000       0.44240000000000002       0.44700000000000001     
   180.00000000000000       0.18585783219611926        6.7999999999999996E-003   3.8000000000000000E-003  0.47539999999999999        5.9400000000000001E-002  0.45460000000000000     
   181.00000000000000       0.16917757998856861        6.7999999999999996E-003   3.8000000000000000E-003  0.47539999999999999        5.8999999999999997E-002  0.45500000000000002     
   182.00000000000000       0.15156394210652527        6.7999999999999996E-003   4.0000000000000001E-003  0.47520000000000001        5.7400000000000000E-002  0.45660000000000001     
   183.00000000000000       0.13264745337025860        6.7999999999999996E-003   2.1000000000000001E-002  0.45839999999999997        5.6399999999999999E-002  0.45739999999999997     
   184.00000000000000       0.13788499207704202        6.7999999999999996E-003   2.1000000000000001E-002  0.42899999999999999        8.4400000000000003E-002  0.45879999999999999     
   185.00000000000000       0.14234640582277247        6.7999999999999996E-003   2.1000000000000001E-002  0.43219999999999997        8.0799999999999997E-002  0.45920000000000000     
   186.00000000000000       0.14936375600952831        6.7999999999999996E-003   2.1000000000000001E-002  0.43419999999999997        7.4999999999999997E-002  0.46300000000000002     
   187.00000000000000       0.15551278197916146        6.7999999999999996E-003   2.1000000000000001E-002  0.43300000000000000        7.4800000000000005E-002  0.46439999999999998     
   188.00000000000000       0.16134415159938503        7.4000000000000003E-003   2.0400000000000001E-002  0.42980000000000002        7.8000000000000000E-002  0.46439999999999998     
   189.00000000000000       0.16986181262263275        7.4000000000000003E-003   2.0400000000000001E-002  0.43099999999999999        7.5800000000000006E-002  0.46539999999999998     
   190.00000000000000       0.18025480248167822        7.4000000000000003E-003   1.9800000000000002E-002  0.43219999999999997        7.4200000000000002E-002  0.46639999999999998     
   191.00000000000000       0.19416127203782010        7.4000000000000003E-003   1.9800000000000002E-002  0.43259999999999998        7.3599999999999999E-002  0.46660000000000001     
   192.00000000000000       0.20557836446495439        7.0000000000000001E-003   1.9599999999999999E-002  0.43359999999999999        7.3200000000000001E-002  0.46660000000000001     
   193.00000000000000       0.20290493606776708        7.0000000000000001E-003   1.9599999999999999E-002  0.42459999999999998        8.1400000000000000E-002  0.46739999999999998     
   194.00000000000000       0.20720879263745856        7.0000000000000001E-003   1.9000000000000000E-002  0.41940000000000000        8.6400000000000005E-002  0.46820000000000001     
   195.00000000000000       0.24922502422163967        6.7999999999999996E-003   1.9000000000000000E-002  0.42040000000000000        8.5400000000000004E-002  0.46839999999999998     
   196.00000000000000       0.28520743438830759        6.7999999999999996E-003   1.9000000000000000E-002  0.41980000000000001        8.5800000000000001E-002  0.46860000000000002     
   197.00000000000000       0.32083597382116424        7.0000000000000001E-003   1.7399999999999999E-002  0.37400000000000000       0.13120000000000001       0.47039999999999998     
   198.00000000000000       0.32454552428576322        6.1999999999999998E-003   1.7200000000000000E-002  0.33300000000000002       0.17100000000000001       0.47260000000000002     
   199.00000000000000       0.33407717478322896        0.0000000000000000        2.2800000000000001E-002  0.33339999999999997       0.17100000000000001       0.47280000000000000     
   200.00000000000000       0.23791960020136696        0.0000000000000000        9.4000000000000004E-003  0.27479999999999999       0.18400000000000000       0.53180000000000005     
   201.00000000000000        1.4506913859444905        0.0000000000000000        0.0000000000000000        9.4000000000000004E-003  0.48820000000000002       0.50239999999999996     
   202.00000000000000       0.95081287804566883        0.0000000000000000        0.0000000000000000        9.4000000000000004E-003  0.48520000000000002       0.50539999999999996     
   203.00000000000000       0.94672889792933979        0.0000000000000000        0.0000000000000000        8.9999999999999993E-003  0.48559999999999998       0.50539999999999996     
   204.00000000000000        1.0029356219727799        0.0000000000000000        0.0000000000000000        8.3999999999999995E-003  0.35899999999999999       0.63260000000000005     
   205.00000000000000       0.47253509280755196        0.0000000000000000        0.0000000000000000        8.3999999999999995E-003  0.35799999999999998       0.63360000000000005     
   206.00000000000000       0.47910091824855178        0.0000000000000000        0.0000000000000000        8.3999999999999995E-003  0.35820000000000002       0.63339999999999996     
   207.00000000000000       0.48318957454726297        0.0000000000000000        0.0000000000000000        8.2000000000000007E-003  0.35460000000000003       0.63719999999999999     
   208.00000000000000       0.48369342760577683        0.0000000000000000        0.0000000000000000        8.2000000000000007E-003  0.35299999999999998       0.63880000000000003     
   209.00000000000000       0.48250375226262010        0.0000000000000000        0.0000000000000000        8.2000000000000007E-003  0.35320000000000001       0.63859999999999995     
   210.00000000000000       0.47890115235166780        0.0000000000000000        0.0000000000000000        8.2000000000000007E-003  0.35320000000000001       0.63859999999999995     
   211.00000000000000       0.47449562724998251        0.0000000000000000        0.0000000000000000        8.2000000000000007E-003  0.34739999999999999       0.64439999999999997     
   212.00000000000000       0.46794859722504778        0.0000000000000000        0.0000000000000000        8.0000000000000002E-003  0.34860000000000002       0.64339999999999997     
   213.00000000000000       0.45919466039610835        0.0000000000000000        0.0000000000000000        8.0000000000000002E-003  0.35020000000000001       0.64180000000000004     
   214.00000000000000       0.44908512544443135        0.0000000000000000        0.0000000000000000        8.0000000000000002E-003  0.34999999999999998       0.64200000000000002     
   215.00000000000000       0.43795481850241857        0.0000000000000000        0.0000000000000000        8.0000000000000002E-003  0.35199999999999998       0.64000000000000001     
   216.00000000000000       0.42584342583238244        0.0000000000000000        0.0000000000000000        8.0000000000000002E-003  0.35520000000000002       0.63680000000000003     
