#        BMIN =   404
#        BMAX =   408
#     INIBAND =   406
#      NBANDS =   540
#         NSW =  2000
#       POTIM =   1.0
#        TEMP = 300.0
#    NAMDTINI =   947
#    NAMDTIME =  1000
#       NTRAJ =  5000
#        NELM =  1000
#       LHOLE =     T
#        LSHP =     T
#      LCPTXT =     T
#      RUNDIR = ../../run/
   1.0000000000000000        1.2100687080605441E-002   0.0000000000000000        0.0000000000000000        1.0000000000000000        0.0000000000000000        0.0000000000000000     
   2.0000000000000000        3.4720199150806381E-002   0.0000000000000000        0.0000000000000000       0.99919999999999998        8.0000000000000004E-004   0.0000000000000000     
   3.0000000000000000        5.7121817081565489E-002   0.0000000000000000        0.0000000000000000       0.99839999999999995        1.6000000000000001E-003   0.0000000000000000     
   4.0000000000000000        7.8338660808011940E-002   0.0000000000000000        0.0000000000000000       0.99700000000000000        3.0000000000000001E-003   0.0000000000000000     
   5.0000000000000000        9.9376530462981949E-002   0.0000000000000000        0.0000000000000000       0.99700000000000000        3.0000000000000001E-003   0.0000000000000000     
   6.0000000000000000       0.12000250180931256        0.0000000000000000        0.0000000000000000       0.99639999999999995        3.5999999999999999E-003   0.0000000000000000     
   7.0000000000000000       0.13796286372258729        0.0000000000000000        2.0000000000000001E-004  0.99619999999999997        3.5999999999999999E-003   0.0000000000000000     
   8.0000000000000000       0.15541431623667881        0.0000000000000000        0.0000000000000000       0.99600000000000000        3.8000000000000000E-003   2.0000000000000001E-004
   9.0000000000000000       0.17113253610322599        0.0000000000000000        0.0000000000000000       0.99600000000000000        3.8000000000000000E-003   2.0000000000000001E-004
   10.000000000000000       0.18509967341992709        0.0000000000000000        0.0000000000000000       0.99600000000000000        3.8000000000000000E-003   2.0000000000000001E-004
   11.000000000000000       0.19808536886306449        0.0000000000000000        0.0000000000000000       0.99600000000000000        3.8000000000000000E-003   2.0000000000000001E-004
   12.000000000000000       0.20920797587787116        0.0000000000000000        0.0000000000000000       0.99600000000000000        3.8000000000000000E-003   2.0000000000000001E-004
   13.000000000000000       0.21733118328736223        0.0000000000000000        0.0000000000000000       0.99519999999999997        4.5999999999999999E-003   2.0000000000000001E-004
   14.000000000000000       0.23581765539204069        0.0000000000000000        2.0000000000000001E-004  0.99380000000000002        5.7999999999999996E-003   2.0000000000000001E-004
   15.000000000000000       0.24006363599543096        0.0000000000000000        0.0000000000000000       0.99380000000000002        6.0000000000000001E-003   2.0000000000000001E-004
   16.000000000000000       0.24417814872154472        0.0000000000000000        0.0000000000000000       0.99360000000000004        6.0000000000000001E-003   4.0000000000000002E-004
   17.000000000000000       0.25260837832292626        0.0000000000000000        0.0000000000000000       0.99360000000000004        6.0000000000000001E-003   4.0000000000000002E-004
   18.000000000000000       0.26081289397101609        0.0000000000000000        0.0000000000000000       0.99260000000000004        7.0000000000000001E-003   4.0000000000000002E-004
   19.000000000000000       0.25922856569460867        0.0000000000000000        0.0000000000000000       0.99239999999999995        7.0000000000000001E-003   5.9999999999999995E-004
   20.000000000000000       0.26384384092473379        0.0000000000000000        0.0000000000000000       0.99239999999999995        7.0000000000000001E-003   5.9999999999999995E-004
   21.000000000000000       0.26509835261439418        0.0000000000000000        0.0000000000000000       0.99160000000000004        7.7999999999999996E-003   5.9999999999999995E-004
   22.000000000000000       0.26437942486621668        0.0000000000000000        0.0000000000000000       0.99160000000000004        7.7999999999999996E-003   5.9999999999999995E-004
   23.000000000000000       0.26198979999768279        0.0000000000000000        0.0000000000000000       0.99160000000000004        7.7999999999999996E-003   5.9999999999999995E-004
   24.000000000000000       0.25760989263079714        0.0000000000000000        0.0000000000000000       0.99160000000000004        7.7999999999999996E-003   5.9999999999999995E-004
   25.000000000000000       0.25110586441535265        0.0000000000000000        0.0000000000000000       0.99160000000000004        7.7999999999999996E-003   5.9999999999999995E-004
   26.000000000000000       0.24308535413937307        0.0000000000000000        0.0000000000000000       0.99160000000000004        7.7999999999999996E-003   5.9999999999999995E-004
   27.000000000000000       0.23389065484828128        0.0000000000000000        0.0000000000000000       0.99139999999999995        7.7999999999999996E-003   8.0000000000000004E-004
   28.000000000000000       0.22325457450059560        0.0000000000000000        0.0000000000000000       0.99119999999999997        8.0000000000000002E-003   8.0000000000000004E-004
   29.000000000000000       0.21042783074213217        0.0000000000000000        0.0000000000000000       0.99119999999999997        7.7999999999999996E-003   1.0000000000000000E-003
   30.000000000000000       0.19637965350524836        0.0000000000000000        0.0000000000000000       0.99119999999999997        7.7999999999999996E-003   1.0000000000000000E-003
   31.000000000000000       0.17864181849013819        0.0000000000000000       0.14180000000000001       0.84940000000000004        7.7999999999999996E-003   1.0000000000000000E-003
   32.000000000000000       0.17564008213231960        0.0000000000000000       0.14180000000000001       0.84940000000000004        7.7999999999999996E-003   1.0000000000000000E-003
   33.000000000000000       0.18348134916235423        0.0000000000000000       0.14180000000000001       0.84940000000000004        7.7999999999999996E-003   1.0000000000000000E-003
   34.000000000000000       0.18225966454277592        0.0000000000000000       0.14180000000000001       0.84940000000000004        7.7999999999999996E-003   1.0000000000000000E-003
   35.000000000000000       0.17501972909400504        0.0000000000000000       0.14180000000000001       0.84940000000000004        7.7999999999999996E-003   1.0000000000000000E-003
   36.000000000000000       0.16061726214056632        0.0000000000000000       0.14180000000000001       0.84940000000000004        7.0000000000000001E-003   1.8000000000000000E-003
   37.000000000000000       0.13913936802516425        0.0000000000000000       0.14199999999999999       0.84940000000000004        6.7999999999999996E-003   1.8000000000000000E-003
   38.000000000000000       0.11177396465061519        0.0000000000000000       0.14199999999999999       0.84940000000000004        6.6000000000000000E-003   2.0000000000000000E-003
   39.000000000000000        6.4391398029189334E-002   0.0000000000000000       0.99139999999999995        0.0000000000000000        6.6000000000000000E-003   2.0000000000000000E-003
   40.000000000000000        4.0267426353128216E-002   0.0000000000000000       0.99139999999999995        0.0000000000000000        6.6000000000000000E-003   2.0000000000000000E-003
   41.000000000000000       -4.5174189746552719E-003   0.0000000000000000       0.99139999999999995        0.0000000000000000        6.6000000000000000E-003   2.0000000000000000E-003
   42.000000000000000       -5.1410481821738997E-002   0.0000000000000000       0.99139999999999995        0.0000000000000000        6.6000000000000000E-003   2.0000000000000000E-003
   43.000000000000000       -9.7540200365142049E-002   0.0000000000000000       0.99139999999999995        0.0000000000000000        6.1999999999999998E-003   2.3999999999999998E-003
   44.000000000000000      -0.15477897085025938       0.30680000000000002       0.68400000000000005        0.0000000000000000        6.7999999999999996E-003   2.3999999999999998E-003
   45.000000000000000      -0.17731207416773812       0.30680000000000002       0.68400000000000005        0.0000000000000000        6.7999999999999996E-003   2.3999999999999998E-003
   46.000000000000000      -0.18482436155599266       0.30680000000000002       0.68300000000000005        4.0000000000000002E-004   7.4000000000000003E-003   2.3999999999999998E-003
   47.000000000000000      -0.19089101675162326       0.30680000000000002       0.68300000000000005        4.0000000000000002E-004   7.4000000000000003E-003   2.3999999999999998E-003
   48.000000000000000      -0.19463995234745055       0.30680000000000002       0.68300000000000005        4.0000000000000002E-004   7.4000000000000003E-003   2.3999999999999998E-003
   49.000000000000000      -0.19488493077769345       0.30620000000000003       0.68259999999999998        4.0000000000000002E-004   7.4000000000000003E-003   3.3999999999999998E-003
   50.000000000000000      -0.18369323809729923       0.30259999999999998       0.68559999999999999        1.0000000000000000E-003   7.1999999999999998E-003   3.5999999999999999E-003
   51.000000000000000      -0.18713631236451800       0.30259999999999998       0.68320000000000003        3.3999999999999998E-003   7.1999999999999998E-003   3.5999999999999999E-003
   52.000000000000000      -0.21099507086942049       0.30220000000000002       0.68279999999999996        3.3999999999999998E-003   7.4000000000000003E-003   4.1999999999999997E-003
   53.000000000000000      -0.14377765589521496       0.30220000000000002       0.67840000000000000        7.7999999999999996E-003   7.4000000000000003E-003   4.1999999999999997E-003
   54.000000000000000      -0.17683210517529968       0.30199999999999999       0.67820000000000003        7.7999999999999996E-003   7.7999999999999996E-003   4.1999999999999997E-003
   55.000000000000000       -4.6031688283128196E-002  0.30120000000000002       0.67700000000000005        8.3999999999999995E-003   7.4000000000000003E-003   6.0000000000000001E-003
   56.000000000000000      -0.15684340509988953       0.30120000000000002       0.67659999999999998        8.3999999999999995E-003   7.7999999999999996E-003   6.0000000000000001E-003
   57.000000000000000      -0.15262501867411846       0.25940000000000002       0.71740000000000004        8.8000000000000005E-003   7.6000000000000000E-003   6.7999999999999996E-003
   58.000000000000000      -0.13519288008777122       0.25940000000000002       0.71740000000000004        8.8000000000000005E-003   7.4000000000000003E-003   7.0000000000000001E-003
   59.000000000000000       -9.6570439718196718E-002  0.26000000000000001       0.39939999999999998       0.32619999999999999        7.4000000000000003E-003   7.0000000000000001E-003
   60.000000000000000       -8.3113629390496990E-002  0.26000000000000001       0.39939999999999998       0.32619999999999999        7.4000000000000003E-003   7.0000000000000001E-003
   61.000000000000000       -7.2283546781012953E-002  0.25960000000000000       0.39960000000000001       0.32619999999999999        7.4000000000000003E-003   7.1999999999999998E-003
   62.000000000000000       -6.2100268295772712E-002  0.25919999999999999       0.39979999999999999       0.32619999999999999        7.6000000000000000E-003   7.1999999999999998E-003
   63.000000000000000       -5.2414632635104243E-002  0.25800000000000001       0.40020000000000000       0.32619999999999999        8.0000000000000002E-003   7.6000000000000000E-003
   64.000000000000000       -4.3470383491173777E-002  0.25800000000000001       0.40020000000000000       0.32619999999999999        7.7999999999999996E-003   7.7999999999999996E-003
   65.000000000000000       -3.6304680963658041E-002  0.25779999999999997       0.39900000000000002       0.32619999999999999        7.7999999999999996E-003   9.1999999999999998E-003
   66.000000000000000       -3.0751604044856870E-002  0.25779999999999997       0.39879999999999999       0.32619999999999999        8.0000000000000002E-003   9.1999999999999998E-003
   67.000000000000000       -2.6724697670108863E-002  0.25879999999999997       0.39779999999999999       0.32619999999999999        7.7999999999999996E-003   9.4000000000000004E-003
   68.000000000000000       -2.5740163977529391E-002  0.26300000000000001       0.39319999999999999       0.32619999999999999        8.0000000000000002E-003   9.5999999999999992E-003
   69.000000000000000       -2.6833383184676238E-002  0.25840000000000002       0.39739999999999998       0.32619999999999999        8.0000000000000002E-003   1.0000000000000000E-002
   70.000000000000000       -3.0277022421671664E-002  0.26160000000000000       0.39400000000000002       0.32619999999999999        8.0000000000000002E-003   1.0200000000000001E-002
   71.000000000000000       -3.5557712303000699E-002  0.26300000000000001       0.39160000000000000       0.32619999999999999        8.6000000000000000E-003   1.0600000000000000E-002
   72.000000000000000       -4.2020442457246510E-002  0.25559999999999999       0.39800000000000002       0.32619999999999999        8.2000000000000007E-003   1.2000000000000000E-002
   73.000000000000000       -5.0382459330009101E-002  0.24220000000000000       0.41060000000000002       0.32619999999999999        8.8000000000000005E-003   1.2200000000000001E-002
   74.000000000000000       -5.9712339281278934E-002  0.22580000000000000       0.42680000000000001       0.32619999999999999        8.8000000000000005E-003   1.2400000000000000E-002
   75.000000000000000       -6.9647060970267835E-002  0.21160000000000001       0.44000000000000000       0.32619999999999999        9.1999999999999998E-003   1.2999999999999999E-002
   76.000000000000000       -8.0954360097034481E-002  0.21679999999999999       0.42540000000000000       0.33520000000000000        9.1999999999999998E-003   1.3400000000000000E-002
   77.000000000000000       -9.4488044940980717E-002  0.22140000000000001       0.42540000000000000       0.33060000000000000        9.1999999999999998E-003   1.3400000000000000E-002
   78.000000000000000      -0.10857133905070430       0.22359999999999999       0.42540000000000000       0.32840000000000003        8.9999999999999993E-003   1.3599999999999999E-002
   79.000000000000000      -0.12014682970250269        9.2399999999999996E-002  0.55320000000000003       0.32960000000000000        1.0800000000000001E-002   1.4000000000000000E-002
   80.000000000000000      -0.13044679838956458        9.2399999999999996E-002  0.55440000000000000       0.32819999999999999        1.0000000000000000E-002   1.4999999999999999E-002
   81.000000000000000      -0.13724636917695254        9.2399999999999996E-002  0.55459999999999998       0.32679999999999998        9.5999999999999992E-003   1.6600000000000000E-002
   82.000000000000000      -0.14583957195411623        9.2399999999999996E-002  0.55600000000000005       0.32479999999999998        9.7999999999999997E-003   1.7000000000000001E-002
   83.000000000000000      -0.14965860679187279        9.2399999999999996E-002  0.55600000000000005       0.32479999999999998        9.7999999999999997E-003   1.7000000000000001E-002
   84.000000000000000      -0.15363629119200517        0.0000000000000000       0.64759999999999995       0.32519999999999999        1.0200000000000001E-002   1.7000000000000001E-002
   85.000000000000000      -0.15785064248722927        0.0000000000000000       0.64759999999999995       0.32519999999999999        9.7999999999999997E-003   1.7399999999999999E-002
   86.000000000000000      -0.15183426458290963        1.8000000000000000E-003  0.64759999999999995       0.32279999999999998        1.0000000000000000E-002   1.7800000000000000E-002
   87.000000000000000      -0.14428741199377221        2.3999999999999998E-003  0.73019999999999996       0.23940000000000000        1.0200000000000001E-002   1.7800000000000000E-002
   88.000000000000000      -0.13322524966510785        2.2000000000000001E-003  0.73019999999999996       0.23940000000000000        1.0400000000000000E-002   1.7800000000000000E-002
   89.000000000000000      -0.13021921048489704        1.0000000000000000E-003  0.73099999999999998       0.23940000000000000        1.0800000000000001E-002   1.7800000000000000E-002
   90.000000000000000      -0.12471382245599605        3.5999999999999999E-003  0.72819999999999996       0.23940000000000000        1.0800000000000001E-002   1.7999999999999999E-002
   91.000000000000000      -0.11738255935922946        2.5999999999999999E-003  0.72919999999999996       0.23940000000000000        1.0400000000000000E-002   1.8400000000000000E-002
   92.000000000000000      -0.10754278240569515        2.3999999999999998E-003  0.72940000000000005       0.23940000000000000        1.0400000000000000E-002   1.8400000000000000E-002
   93.000000000000000       -9.7040946789785476E-002   2.3999999999999998E-003  0.72940000000000005       0.23940000000000000        1.0400000000000000E-002   1.8400000000000000E-002
   94.000000000000000       -8.3829646879564276E-002   2.3999999999999998E-003  0.72940000000000005       0.23940000000000000        1.0400000000000000E-002   1.8400000000000000E-002
   95.000000000000000       -7.0201389334768993E-002   2.3999999999999998E-003  0.72919999999999996       0.23940000000000000        1.0999999999999999E-002   1.7999999999999999E-002
   96.000000000000000       -6.1854528039242664E-002   2.3999999999999998E-003  0.72919999999999996       0.23940000000000000        8.3999999999999995E-003   2.0600000000000000E-002
   97.000000000000000       -4.6913903103523905E-002   2.3999999999999998E-003  0.72860000000000003       0.23940000000000000        9.1999999999999998E-003   2.0400000000000001E-002
   98.000000000000000       -3.0258149678171128E-002   2.3999999999999998E-003  0.72860000000000003       0.23940000000000000        9.1999999999999998E-003   2.0400000000000001E-002
   99.000000000000000       -1.7448879752003259E-002   2.3999999999999998E-003  0.72799999999999998       0.23940000000000000        9.7999999999999997E-003   2.0400000000000001E-002
   100.00000000000000       -5.5687933962065544E-003   2.3999999999999998E-003  0.72699999999999998       0.23940000000000000        1.0800000000000001E-002   2.0400000000000001E-002
   101.00000000000000        8.2317239940423621E-003   2.3999999999999998E-003  0.66459999999999997       0.29899999999999999        1.3400000000000000E-002   2.0600000000000000E-002
   102.00000000000000        1.3639540942791580E-002   2.3999999999999998E-003  0.66459999999999997       0.29499999999999998        1.7200000000000000E-002   2.0799999999999999E-002
   103.00000000000000        1.2449724301149198E-003   2.3999999999999998E-003  0.66459999999999997       0.29160000000000003        2.0600000000000000E-002   2.0799999999999999E-002
   104.00000000000000       -1.4462562027491433E-002   2.3400000000000001E-002  0.64219999999999999       0.29039999999999999        2.3199999999999998E-002   2.0799999999999999E-002
   105.00000000000000       -2.2999881609835543E-002   2.3400000000000001E-002  0.64000000000000001       0.29220000000000002        2.3199999999999998E-002   2.1200000000000000E-002
   106.00000000000000       -1.5471034320582555E-002   2.3400000000000001E-002  0.63980000000000004       0.29239999999999999        2.3199999999999998E-002   2.1200000000000000E-002
   107.00000000000000       -8.1362532904760455E-003   2.3400000000000001E-002  0.63859999999999995       0.29320000000000002        2.3199999999999998E-002   2.1600000000000001E-002
   108.00000000000000       -5.2777952338569521E-003   2.1800000000000000E-002  0.64000000000000001       0.29239999999999999        2.4000000000000000E-002   2.1800000000000000E-002
   109.00000000000000       -2.6233432679726191E-003   2.1600000000000001E-002  0.64000000000000001       0.29260000000000003        2.4000000000000000E-002   2.1800000000000000E-002
   110.00000000000000        6.8185303606069832E-004   2.1600000000000001E-002  0.63919999999999999       0.28620000000000001        3.1199999999999999E-002   2.1800000000000000E-002
   111.00000000000000        2.0893727145791050E-003   2.1600000000000001E-002  0.63859999999999995       0.28680000000000000        3.1199999999999999E-002   2.1800000000000000E-002
   112.00000000000000        4.8632357238937015E-003   2.1399999999999999E-002  0.63019999999999998       0.29139999999999999        3.4799999999999998E-002   2.2200000000000001E-002
   113.00000000000000        5.6033865416629898E-003   2.1399999999999999E-002  0.62219999999999998       0.29859999999999998        3.5600000000000000E-002   2.2200000000000001E-002
   114.00000000000000        4.6269466333926437E-003   2.1399999999999999E-002  0.62160000000000004       0.29520000000000002        3.8600000000000002E-002   2.3199999999999998E-002
   115.00000000000000       -7.6849518456049287E-005   2.1399999999999999E-002  0.62119999999999997       0.29499999999999998        3.8600000000000002E-002   2.3800000000000002E-002
   116.00000000000000       -6.0112009274799726E-003   2.1200000000000000E-002  0.60499999999999998       0.31140000000000001        3.8199999999999998E-002   2.4199999999999999E-002
   117.00000000000000       -1.6875048747397689E-002   2.1200000000000000E-002  0.60619999999999996       0.31019999999999998        3.8399999999999997E-002   2.4000000000000000E-002
   118.00000000000000       -2.9337573290740646E-002   2.1000000000000001E-002  0.59480000000000000       0.32019999999999998        3.9800000000000002E-002   2.4199999999999999E-002
   119.00000000000000       -4.2960680996065904E-002   2.1000000000000001E-002  0.57140000000000002       0.34320000000000001        3.9399999999999998E-002   2.5000000000000001E-002
   120.00000000000000       -5.9859166424742656E-002   2.1000000000000001E-002  0.56359999999999999       0.35060000000000002        3.9399999999999998E-002   2.5399999999999999E-002
   121.00000000000000       -7.8817239561263588E-002   2.1000000000000001E-002  0.56079999999999997       0.35199999999999998        4.0200000000000000E-002   2.5999999999999999E-002
   122.00000000000000      -0.10266969976802076       0.13320000000000001       0.44800000000000001       0.35260000000000002        4.0200000000000000E-002   2.5999999999999999E-002
   123.00000000000000      -0.10592823213343767       0.13320000000000001       0.48699999999999999       0.31359999999999999        4.0000000000000001E-002   2.6200000000000001E-002
   124.00000000000000      -0.10043235613522951        9.5399999999999999E-002  0.52500000000000002       0.31319999999999998        4.0000000000000001E-002   2.6400000000000000E-002
   125.00000000000000       -9.5563813992348506E-002   9.5799999999999996E-002  0.52420000000000000       0.31319999999999998        4.0200000000000000E-002   2.6599999999999999E-002
   126.00000000000000       -6.2226518329154441E-002   9.6199999999999994E-002  0.52380000000000004       0.31319999999999998        4.0200000000000000E-002   2.6599999999999999E-002
   127.00000000000000       -2.8192735965083985E-002   9.6000000000000002E-002  0.52380000000000004       0.16680000000000000       0.18620000000000000        2.7199999999999998E-002
   128.00000000000000       -5.3231947615485359E-003   9.6000000000000002E-002  0.52339999999999998       0.16680000000000000       0.18659999999999999        2.7199999999999998E-002
   129.00000000000000        1.4255550590668346E-002   9.5000000000000001E-002  0.52439999999999998       0.16680000000000000       0.18659999999999999        2.7199999999999998E-002
   130.00000000000000        2.1699754755846082E-002   9.4600000000000004E-002  0.52439999999999998       0.16639999999999999       0.18700000000000000        2.7600000000000000E-002
   131.00000000000000        4.0795502384127880E-002   9.4799999999999995E-002  0.52420000000000000       0.16639999999999999       0.18700000000000000        2.7600000000000000E-002
   132.00000000000000        4.6915343858948244E-002   9.4000000000000000E-002  0.52439999999999998       0.16600000000000001       0.18759999999999999        2.8000000000000001E-002
   133.00000000000000        4.8070455503437026E-002   9.4000000000000000E-002  0.52400000000000002       0.16600000000000001       0.18800000000000000        2.8000000000000001E-002
   134.00000000000000        4.4083667471774349E-002   9.4000000000000000E-002  0.52400000000000002       0.16580000000000000       0.18800000000000000        2.8199999999999999E-002
   135.00000000000000        3.3557852166558037E-002   9.3600000000000003E-002  0.52420000000000000       0.16580000000000000       0.18820000000000001        2.8199999999999999E-002
   136.00000000000000        1.8477629337236928E-002   9.3600000000000003E-002  0.52220000000000000       0.16580000000000000       0.19020000000000001        2.8199999999999999E-002
   137.00000000000000       -1.0174998619481446E-003   9.3600000000000003E-002  0.52220000000000000       0.16180000000000000       0.19420000000000001        2.8199999999999999E-002
   138.00000000000000       -2.3549349531150253E-002   9.8400000000000001E-002  0.51500000000000001       0.16320000000000001       0.19400000000000001        2.9399999999999999E-002
   139.00000000000000       -4.6792493753320737E-002   9.7600000000000006E-002  0.51239999999999997       0.16320000000000001       0.19680000000000000        2.9999999999999999E-002
   140.00000000000000       -4.1485946292282215E-002   9.4799999999999995E-002  0.51459999999999995       0.16320000000000001       0.19680000000000000        3.0599999999999999E-002
   141.00000000000000       -3.5816849508069265E-002   9.5200000000000007E-002  0.63560000000000005        3.8600000000000002E-002  0.19660000000000000        3.4000000000000002E-002
   142.00000000000000       -2.9222640213428783E-002   9.8599999999999993E-002  0.63680000000000003        3.4000000000000002E-002  0.19660000000000000        3.4000000000000002E-002
   143.00000000000000       -3.6147533839493387E-002   9.7199999999999995E-002  0.63239999999999996        3.0599999999999999E-002  0.20519999999999999        3.4599999999999999E-002
   144.00000000000000       -2.3418103254135306E-002   9.7000000000000003E-002  0.63260000000000005        2.9399999999999999E-002  0.20540000000000000        3.5600000000000000E-002
   145.00000000000000       -6.2531987849793261E-003   9.6400000000000000E-002  0.63219999999999998        2.7400000000000001E-002  0.20260000000000000        4.1399999999999999E-002
   146.00000000000000        1.0930657191351941E-002   9.4399999999999998E-002  0.62680000000000002        2.9000000000000001E-002  0.20760000000000001        4.2200000000000001E-002
   147.00000000000000        2.5106013315642148E-002   9.4399999999999998E-002  0.62680000000000002        2.9000000000000001E-002  0.20540000000000000        4.4400000000000002E-002
   148.00000000000000        3.7370514567322100E-002   9.4399999999999998E-002  0.62580000000000002        2.8199999999999999E-002  0.20660000000000001        4.4999999999999998E-002
   149.00000000000000        8.5351151968138098E-002   9.3600000000000003E-002  0.62400000000000000        2.8199999999999999E-002  0.20419999999999999        5.0000000000000003E-002
   150.00000000000000        6.1148747183673427E-002   9.3200000000000005E-002  0.62260000000000004        2.8799999999999999E-002  0.20540000000000000        5.0000000000000003E-002
   151.00000000000000        7.5778919956887014E-002   9.0399999999999994E-002  0.60519999999999996        4.8599999999999997E-002  0.19980000000000001        5.6000000000000001E-002
   152.00000000000000        8.4198523018802734E-002   9.0600000000000000E-002  0.63700000000000001        1.4400000000000000E-002  0.20000000000000001        5.8000000000000003E-002
   153.00000000000000        8.7618983087067948E-002   8.8800000000000004E-002  0.63100000000000001        2.1200000000000000E-002  0.20100000000000001        5.8000000000000003E-002
   154.00000000000000        8.9729796978506624E-002   8.8599999999999998E-002  0.63200000000000001        1.9000000000000000E-002  0.20100000000000001        5.9400000000000001E-002
   155.00000000000000        8.9743019703512700E-002   8.8400000000000006E-002  0.64239999999999997        7.4000000000000003E-003  0.20119999999999999        6.0600000000000001E-002
   156.00000000000000        8.9661467504900130E-002   8.8800000000000004E-002  0.63200000000000001        7.1999999999999998E-003  0.20999999999999999        6.2000000000000000E-002
   157.00000000000000        8.7736066268167268E-002   7.1199999999999999E-002  0.64859999999999995        7.1999999999999998E-003  0.21099999999999999        6.2000000000000000E-002
   158.00000000000000        8.6570238667344007E-002   7.2400000000000006E-002  0.64039999999999997        6.6000000000000000E-003  0.21600000000000000        6.4600000000000005E-002
   159.00000000000000        8.5458570512436188E-002   9.7799999999999998E-002  0.61219999999999997        6.7999999999999996E-003  0.21759999999999999        6.5600000000000006E-002
   160.00000000000000        8.8737140441398535E-002  0.11480000000000000       0.59240000000000004        8.2000000000000007E-003  0.21340000000000001        7.1199999999999999E-002
   161.00000000000000        9.4948159754481759E-002  0.11620000000000000       0.58340000000000003        1.3400000000000000E-002  0.21340000000000001        7.3599999999999999E-002
   162.00000000000000       0.10324138844426828       0.11620000000000000       0.58099999999999996        1.5200000000000000E-002  0.21260000000000001        7.4999999999999997E-002
   163.00000000000000       0.11235826345229047       0.15420000000000000       0.54300000000000004        1.4400000000000000E-002  0.21299999999999999        7.5399999999999995E-002
   164.00000000000000       0.13224301935177446       0.15240000000000001       0.54300000000000004        1.2000000000000000E-002  0.21400000000000000        7.8600000000000003E-002
   165.00000000000000       0.15102311407815097       0.15200000000000000       0.54300000000000004        1.2400000000000000E-002  0.21299999999999999        7.9600000000000004E-002
   166.00000000000000       0.16713892238984693       0.15179999999999999       0.54239999999999999        7.6000000000000000E-003  0.21579999999999999        8.2400000000000001E-002
   167.00000000000000       0.16974790465775277       0.15160000000000001       0.52720000000000000        7.6000000000000000E-003  0.23019999999999999        8.3400000000000002E-002
   168.00000000000000       0.16853282902412753       0.15179999999999999       0.52400000000000002        7.6000000000000000E-003  0.23300000000000001        8.3599999999999994E-002
   169.00000000000000       0.16487360787023631       0.14960000000000001       0.52539999999999998        7.6000000000000000E-003  0.23300000000000001        8.4400000000000003E-002
   170.00000000000000       0.15515692194363420       0.14960000000000001       0.52539999999999998        7.6000000000000000E-003  0.23000000000000001        8.7400000000000005E-002
   171.00000000000000       0.15143281282855917       0.14960000000000001       0.52159999999999995        7.6000000000000000E-003  0.23280000000000001        8.8400000000000006E-002
   172.00000000000000       0.14183121038732172       0.14699999999999999       0.52259999999999995        7.6000000000000000E-003  0.23440000000000000        8.8400000000000006E-002
   173.00000000000000       0.13135504085556388       0.14319999999999999       0.52580000000000005        7.6000000000000000E-003  0.23100000000000001        9.2399999999999996E-002
   174.00000000000000       0.11838552738728257       0.14119999999999999       0.52780000000000005        7.6000000000000000E-003  0.23100000000000001        9.2399999999999996E-002
   175.00000000000000       0.10389179734984276       0.14119999999999999       0.52780000000000005        7.6000000000000000E-003  0.23100000000000001        9.2399999999999996E-002
   176.00000000000000        8.7136912502755931E-002  0.14319999999999999       0.50360000000000005        2.9399999999999999E-002  0.23100000000000001        9.2799999999999994E-002
   177.00000000000000        6.7904627639546106E-002  0.14319999999999999       0.50339999999999996        2.7799999999999998E-002  0.23060000000000000        9.5000000000000001E-002
   178.00000000000000        4.6944658179075831E-002   1.2800000000000001E-002  0.53059999999999996       0.13080000000000000       0.23080000000000001        9.5000000000000001E-002
   179.00000000000000        3.1036250858724898E-002   1.2800000000000001E-002  0.52680000000000005       0.13159999999999999       0.23340000000000000        9.5399999999999999E-002
   180.00000000000000        1.2045503592521704E-002   1.2800000000000001E-002  0.53000000000000003       0.12420000000000000       0.23740000000000000        9.5600000000000004E-002
   181.00000000000000       -8.1055605878852174E-003   1.2800000000000001E-002  0.53039999999999998       0.11960000000000000       0.24099999999999999        9.6199999999999994E-002
   182.00000000000000       -2.8861041572655899E-002  0.11700000000000001       0.42620000000000002       0.11820000000000000       0.24099999999999999        9.7600000000000006E-002
   183.00000000000000       -4.4130695678899087E-002  0.11600000000000001       0.42620000000000002       0.11880000000000000       0.23980000000000001        9.9199999999999997E-002
   184.00000000000000       -5.4651411318793558E-002  0.11600000000000001       0.42620000000000002       0.11760000000000000       0.24099999999999999        9.9199999999999997E-002
   185.00000000000000       -6.0672855580356649E-002  0.11380000000000000       0.42620000000000002       0.11740000000000000       0.24140000000000000       0.10120000000000000     
   186.00000000000000       -6.1709451778834634E-002  0.11380000000000000       0.42620000000000002       0.11200000000000000       0.23940000000000000       0.10860000000000000     
   187.00000000000000       -5.9431769890556124E-002  0.11300000000000000       0.42120000000000002       0.11219999999999999       0.24160000000000001       0.11200000000000000     
   188.00000000000000       -5.6931341741083302E-002  0.11280000000000000       0.42120000000000002       0.11219999999999999       0.22939999999999999       0.12440000000000000     
   189.00000000000000       -5.8406148608129704E-002  0.11100000000000000       0.42140000000000000       0.11219999999999999       0.22980000000000000       0.12559999999999999     
   190.00000000000000       -5.7999511574566814E-002  0.11060000000000000       0.42159999999999997       0.11219999999999999       0.22839999999999999       0.12720000000000001     
   191.00000000000000       -5.4037144616790836E-002  0.10780000000000001       0.42359999999999998       0.11219999999999999       0.22020000000000001       0.13619999999999999     
   192.00000000000000       -4.9279600892177977E-002  0.10560000000000000       0.42540000000000000       0.11219999999999999       0.22120000000000001       0.13560000000000000     
   193.00000000000000       -4.2405808966192934E-002  0.10500000000000000       0.42599999999999999       0.11219999999999999       0.22120000000000001       0.13560000000000000     
   194.00000000000000       -3.3880190782140482E-002  0.10420000000000000       0.42640000000000000       0.11219999999999999       0.22120000000000001       0.13600000000000001     
   195.00000000000000       -2.5064661703836144E-002  0.10420000000000000       0.42580000000000001       0.11219999999999999       0.22059999999999999       0.13719999999999999     
   196.00000000000000       -1.5438373092057360E-002  0.10420000000000000       0.42580000000000001       0.11219999999999999       0.22059999999999999       0.13719999999999999     
   197.00000000000000       -4.6884496475795706E-004   9.6000000000000002E-002  0.43099999999999999       0.11219999999999999       0.22080000000000000       0.14000000000000001     
   198.00000000000000        1.3448296229264523E-002   9.5200000000000007E-002  0.43099999999999999       0.11219999999999999       0.22059999999999999       0.14099999999999999     
   199.00000000000000        2.6222218302289373E-002   9.5200000000000007E-002  0.43099999999999999       0.11219999999999999       0.22059999999999999       0.14099999999999999     
   200.00000000000000        3.9450904405031344E-002   9.0399999999999994E-002  0.43559999999999999       0.11219999999999999       0.22020000000000001       0.14160000000000000     
   201.00000000000000        5.2589524682832865E-002   9.0600000000000000E-002  0.43459999999999999       0.11219999999999999       0.22020000000000001       0.14240000000000000     
   202.00000000000000        6.9108915242959118E-002   9.0200000000000002E-002  0.34680000000000000       0.19919999999999999       0.22080000000000000       0.14299999999999999     
   203.00000000000000        7.6377975453020594E-002   8.9999999999999997E-002  0.34699999999999998       0.19780000000000000       0.22180000000000000       0.14340000000000000     
   204.00000000000000        7.7276289873722814E-002   0.0000000000000000       0.43700000000000000       0.19739999999999999       0.22239999999999999       0.14319999999999999     
   205.00000000000000        9.7527506580907281E-002   0.0000000000000000       0.43440000000000001       0.19580000000000000       0.22459999999999999       0.14520000000000000     
   206.00000000000000       0.11899263171458926        0.0000000000000000       0.42159999999999997       0.20820000000000000       0.22620000000000001       0.14399999999999999     
   207.00000000000000       0.13992142215309028        0.0000000000000000       0.42140000000000000       0.20599999999999999       0.21479999999999999       0.15780000000000000     
   208.00000000000000       0.15931624050899038        0.0000000000000000       0.42159999999999997       0.20580000000000001       0.20360000000000000       0.16900000000000001     
   209.00000000000000       0.17953599445798191        0.0000000000000000       0.42299999999999999       0.20440000000000000       0.21060000000000001       0.16200000000000001     
   210.00000000000000       0.19601526197383135        0.0000000000000000       0.42420000000000002       0.20240000000000000        4.0000000000000002E-004  0.37300000000000000     
   211.00000000000000       0.19986385272091062        0.0000000000000000       0.42559999999999998       0.19700000000000001        3.5999999999999999E-003  0.37380000000000002     
   212.00000000000000       0.29813336706668281        6.4000000000000003E-003  0.43440000000000001       0.14840000000000000        3.1199999999999999E-002  0.37959999999999999     
   213.00000000000000       0.86105218071619327        2.1999999999999999E-002  0.29139999999999999       0.24759999999999999        5.9200000000000003E-002  0.37980000000000003     
   214.00000000000000       0.26072037268318382        2.1399999999999999E-002  0.27500000000000002       0.25840000000000002        6.3200000000000006E-002  0.38200000000000001     
   215.00000000000000       0.26792032552488776        1.9000000000000000E-002  0.23820000000000000       0.29399999999999998        6.8000000000000005E-002  0.38080000000000003     
   216.00000000000000       0.27094309663277916        1.6799999999999999E-002  0.23180000000000001       0.30240000000000000        6.7599999999999993E-002  0.38140000000000002     
