#        BMIN =   404
#        BMAX =   408
#     INIBAND =   406
#      NBANDS =   540
#         NSW =  2000
#       POTIM =   1.0
#        TEMP = 300.0
#    NAMDTINI =   240
#    NAMDTIME =  1000
#       NTRAJ =  5000
#        NELM =  1000
#       LHOLE =     T
#        LSHP =     T
#      LCPTXT =     T
#      RUNDIR = ../../run/
   1.0000000000000000        7.9943779654897601E-002   0.0000000000000000        0.0000000000000000        1.0000000000000000        0.0000000000000000        0.0000000000000000     
   2.0000000000000000        7.7178474119461188E-002   0.0000000000000000        0.0000000000000000        1.0000000000000000        0.0000000000000000        0.0000000000000000     
   3.0000000000000000        9.7040085615155300E-002   0.0000000000000000        0.0000000000000000       0.99800000000000000        1.8000000000000000E-003   2.0000000000000001E-004
   4.0000000000000000       0.10098948101035340        0.0000000000000000        0.0000000000000000       0.99800000000000000        1.8000000000000000E-003   2.0000000000000001E-004
   5.0000000000000000        9.4774136791882194E-002   0.0000000000000000        0.0000000000000000       0.99800000000000000        1.8000000000000000E-003   2.0000000000000001E-004
   6.0000000000000000        8.6098459675981384E-002   0.0000000000000000        0.0000000000000000       0.99739999999999995        1.8000000000000000E-003   8.0000000000000004E-004
   7.0000000000000000        7.1446874793338583E-002   0.0000000000000000        2.0000000000000001E-004  0.99719999999999998        1.8000000000000000E-003   8.0000000000000004E-004
   8.0000000000000000        6.0172401367575040E-002   0.0000000000000000        2.0000000000000001E-004  0.99680000000000002        1.6000000000000001E-003   1.4000000000000000E-003
   9.0000000000000000        5.2921522557462283E-002   0.0000000000000000        2.0000000000000001E-004   0.0000000000000000       0.99839999999999995        1.4000000000000000E-003
   10.000000000000000        3.4797225301707736E-002   0.0000000000000000        2.0000000000000001E-004   0.0000000000000000       0.99839999999999995        1.4000000000000000E-003
   11.000000000000000        2.5079934620803730E-002   0.0000000000000000        2.0000000000000001E-004   0.0000000000000000       0.99839999999999995        1.4000000000000000E-003
   12.000000000000000        1.5206837974029341E-002   0.0000000000000000        2.0000000000000001E-004   3.0000000000000001E-003  0.99539999999999995        1.4000000000000000E-003
   13.000000000000000        6.8813859446136914E-003   0.0000000000000000        2.0000000000000001E-004   1.0000000000000000E-003  0.99719999999999998        1.6000000000000001E-003
   14.000000000000000        3.0660920797823512E-004   0.0000000000000000        2.0000000000000001E-004   3.3200000000000000E-002  0.96499999999999997        1.6000000000000001E-003
   15.000000000000000       -7.1635622213088966E-004   0.0000000000000000        2.0000000000000001E-004  0.10020000000000000       0.89800000000000002        1.6000000000000001E-003
   16.000000000000000        7.8397530416921893E-003   0.0000000000000000        2.0000000000000001E-004  0.10700000000000000       0.89119999999999999        1.6000000000000001E-003
   17.000000000000000        2.1613408267305314E-002   0.0000000000000000        2.0000000000000001E-004  0.10080000000000000       0.89739999999999998        1.6000000000000001E-003
   18.000000000000000        3.7670887809950204E-002   0.0000000000000000        2.0000000000000001E-004  0.11320000000000000       0.88500000000000001        1.6000000000000001E-003
   19.000000000000000        5.4388849935656534E-002   0.0000000000000000        2.0000000000000001E-004  0.12260000000000000       0.87539999999999996        1.8000000000000000E-003
   20.000000000000000        7.3741120861887985E-002   0.0000000000000000        2.0000000000000001E-004  0.12720000000000001       0.87080000000000002        1.8000000000000000E-003
   21.000000000000000        8.8937108390398353E-002   0.0000000000000000        2.0000000000000001E-004  0.13020000000000001       0.86760000000000004        2.0000000000000000E-003
   22.000000000000000        8.8655539686272128E-002   0.0000000000000000        2.0000000000000001E-004  0.12340000000000000       0.87439999999999996        2.0000000000000000E-003
   23.000000000000000        9.3907615952762216E-002   0.0000000000000000        2.0000000000000001E-004  0.11880000000000000       0.87900000000000000        2.0000000000000000E-003
   24.000000000000000       0.13739348342618132        0.0000000000000000        2.0000000000000001E-004  0.12060000000000000       0.87719999999999998        2.0000000000000000E-003
   25.000000000000000       0.17546341481098865        0.0000000000000000        2.0000000000000001E-004  0.12060000000000000       0.87719999999999998        2.0000000000000000E-003
   26.000000000000000       0.21265248554164107        0.0000000000000000        2.0000000000000001E-004  0.10920000000000001       0.88819999999999999        2.3999999999999998E-003
   27.000000000000000       0.21865203952442355        0.0000000000000000        2.0000000000000001E-004  0.10040000000000000       0.89659999999999995        2.8000000000000000E-003
   28.000000000000000       0.23599659513226359        0.0000000000000000        2.0000000000000001E-004  0.10080000000000000       0.89620000000000000        2.8000000000000000E-003
   29.000000000000000       0.13368827431270225        0.0000000000000000        4.0000000000000002E-004   8.4000000000000005E-002  0.88600000000000001        2.9600000000000001E-002
   30.000000000000000        1.3461912370884255        0.0000000000000000        4.0000000000000002E-004   8.2600000000000007E-002  0.74500000000000000       0.17199999999999999     
   31.000000000000000       0.62832513201112949        0.0000000000000000        5.9999999999999995E-004   8.2400000000000001E-002  0.73899999999999999       0.17799999999999999     
   32.000000000000000       0.62825096492161736        0.0000000000000000        5.9999999999999995E-004   7.9000000000000001E-002  0.74239999999999995       0.17799999999999999     
   33.000000000000000       0.71065525902339566        0.0000000000000000        4.0000000000000002E-004   2.7600000000000000E-002  0.64720000000000000       0.32479999999999998     
   34.000000000000000       0.42142557705637518        0.0000000000000000        4.0000000000000002E-004   2.7400000000000001E-002  0.64439999999999997       0.32779999999999998     
   35.000000000000000       0.43270422897239635        0.0000000000000000        4.0000000000000002E-004   2.7400000000000001E-002  0.64439999999999997       0.32779999999999998     
   36.000000000000000       0.44304436525796054        0.0000000000000000        4.0000000000000002E-004   2.7400000000000001E-002  0.62560000000000004       0.34660000000000002     
   37.000000000000000       0.44833708149718932        0.0000000000000000        4.0000000000000002E-004   2.7000000000000000E-002  0.61660000000000004       0.35599999999999998     
   38.000000000000000       0.45078404836205821        0.0000000000000000        4.0000000000000002E-004   2.6200000000000001E-002  0.61760000000000004       0.35580000000000001     
   39.000000000000000       0.45033707758066377        0.0000000000000000        4.0000000000000002E-004   2.6200000000000001E-002  0.61760000000000004       0.35580000000000001     
   40.000000000000000       0.44829690421762336        0.0000000000000000        4.0000000000000002E-004   2.5999999999999999E-002  0.61919999999999997       0.35439999999999999     
   41.000000000000000       0.44497379702643397        0.0000000000000000        4.0000000000000002E-004   2.5999999999999999E-002  0.61080000000000001       0.36280000000000001     
   42.000000000000000       0.43888850690272119        0.0000000000000000        4.0000000000000002E-004   2.5999999999999999E-002  0.60640000000000005       0.36720000000000003     
   43.000000000000000       0.43106138932606947        0.0000000000000000        4.0000000000000002E-004   2.5200000000000000E-002  0.60699999999999998       0.36740000000000000     
   44.000000000000000       0.42194184676252633        0.0000000000000000        4.0000000000000002E-004   2.5000000000000001E-002  0.60519999999999996       0.36940000000000001     
   45.000000000000000       0.41155142818602775        0.0000000000000000        4.0000000000000002E-004   2.4600000000000000E-002  0.60480000000000000       0.37019999999999997     
   46.000000000000000       0.40013567092077329        0.0000000000000000        4.0000000000000002E-004   2.4600000000000000E-002  0.60499999999999998       0.37000000000000000     
   47.000000000000000       0.38760541055177816        0.0000000000000000        4.0000000000000002E-004   2.4600000000000000E-002  0.60560000000000003       0.36940000000000001     
   48.000000000000000       0.37457011812955976        0.0000000000000000        4.0000000000000002E-004   2.4600000000000000E-002  0.60540000000000005       0.36959999999999998     
   49.000000000000000       0.36103698102937815        0.0000000000000000        4.0000000000000002E-004   2.4000000000000000E-002  0.60799999999999998       0.36759999999999998     
   50.000000000000000       0.34691361379963226        0.0000000000000000        4.0000000000000002E-004   2.3800000000000002E-002  0.60960000000000003       0.36620000000000003     
   51.000000000000000       0.33366728925489586        0.0000000000000000        4.0000000000000002E-004   2.3800000000000002E-002  0.60899999999999999       0.36680000000000001     
   52.000000000000000       0.32010386143396896        0.0000000000000000        4.0000000000000002E-004   2.3800000000000002E-002  0.61160000000000003       0.36420000000000002     
   53.000000000000000       0.30702094300238203        0.0000000000000000        4.0000000000000002E-004   2.3800000000000002E-002  0.59999999999999998       0.37580000000000002     
   54.000000000000000       0.29457701112451273        0.0000000000000000        4.0000000000000002E-004   2.3800000000000002E-002  0.58220000000000005       0.39360000000000001     
   55.000000000000000       0.28272894291256018        0.0000000000000000        4.0000000000000002E-004   2.3199999999999998E-002  0.58399999999999996       0.39240000000000003     
   56.000000000000000       0.27114597191627215        0.0000000000000000        4.0000000000000002E-004   2.3000000000000000E-002  0.59040000000000004       0.38619999999999999     
   57.000000000000000       0.26069895606413584        0.0000000000000000        4.0000000000000002E-004   2.3000000000000000E-002  0.59219999999999995       0.38440000000000002     
   58.000000000000000       0.25237549152491856        0.0000000000000000        4.0000000000000002E-004   2.2800000000000001E-002  0.56399999999999995       0.41280000000000000     
   59.000000000000000       0.24452891642394564        0.0000000000000000        4.0000000000000002E-004   2.2800000000000001E-002  0.55979999999999996       0.41699999999999998     
   60.000000000000000       0.23939241187291016        0.0000000000000000        4.0000000000000002E-004   2.2800000000000001E-002  0.54300000000000004       0.43380000000000002     
   61.000000000000000       0.23489577427655911        0.0000000000000000        4.0000000000000002E-004   2.2800000000000001E-002  0.54079999999999995       0.43600000000000000     
   62.000000000000000       0.23129466431010931        0.0000000000000000        4.0000000000000002E-004   2.2800000000000001E-002  0.53539999999999999       0.44140000000000001     
   63.000000000000000       0.22967680945073432        0.0000000000000000        4.0000000000000002E-004   2.2800000000000001E-002  0.53520000000000001       0.44159999999999999     
   64.000000000000000       0.22940545522319483        0.0000000000000000        4.0000000000000002E-004   2.2800000000000001E-002  0.53539999999999999       0.44140000000000001     
   65.000000000000000       0.22990312748602099        0.0000000000000000        4.0000000000000002E-004   2.2800000000000001E-002  0.53559999999999997       0.44119999999999998     
   66.000000000000000       0.23347991174017657        0.0000000000000000        4.0000000000000002E-004   2.2800000000000001E-002  0.53600000000000003       0.44080000000000003     
   67.000000000000000       0.23758576425755729        0.0000000000000000        4.0000000000000002E-004   2.2800000000000001E-002  0.53400000000000003       0.44280000000000003     
   68.000000000000000       0.24330966966482942        0.0000000000000000        4.0000000000000002E-004   2.2800000000000001E-002  0.53559999999999997       0.44119999999999998     
   69.000000000000000       0.25010478744887171        0.0000000000000000        4.0000000000000002E-004   2.2800000000000001E-002  0.53639999999999999       0.44040000000000001     
   70.000000000000000       0.25800077963290158        0.0000000000000000        4.0000000000000002E-004   2.2800000000000001E-002  0.53739999999999999       0.43940000000000001     
   71.000000000000000       0.26718885903586659        0.0000000000000000        4.0000000000000002E-004   2.2800000000000001E-002  0.53480000000000005       0.44200000000000000     
   72.000000000000000       0.27703241744439955        0.0000000000000000        4.0000000000000002E-004   2.2800000000000001E-002  0.53480000000000005       0.44200000000000000     
   73.000000000000000       0.28718732735609021        0.0000000000000000        1.0000000000000000E-003   2.2200000000000001E-002  0.53580000000000005       0.44100000000000000     
   74.000000000000000       0.29789337644505137        0.0000000000000000        1.0000000000000000E-003   2.2200000000000001E-002  0.53459999999999996       0.44219999999999998     
   75.000000000000000       0.30942391777544076        0.0000000000000000        1.0000000000000000E-003   2.1999999999999999E-002  0.53500000000000003       0.44200000000000000     
   76.000000000000000       0.32031650537347356        0.0000000000000000        1.0000000000000000E-003   2.1800000000000000E-002  0.53520000000000001       0.44200000000000000     
   77.000000000000000       0.33088597175603396        0.0000000000000000        1.0000000000000000E-003   2.1200000000000000E-002  0.53500000000000003       0.44280000000000003     
   78.000000000000000       0.34012152497377790        0.0000000000000000        1.0000000000000000E-003   2.1200000000000000E-002  0.53500000000000003       0.44280000000000003     
   79.000000000000000       0.34837596273404836        0.0000000000000000        1.0000000000000000E-003   2.0400000000000001E-002  0.53580000000000005       0.44280000000000003     
   80.000000000000000       0.35477134384393133        0.0000000000000000        1.0000000000000000E-003   2.0199999999999999E-002  0.53439999999999999       0.44440000000000002     
   81.000000000000000       0.35982040868360288        0.0000000000000000        1.0000000000000000E-003   2.0199999999999999E-002  0.53139999999999998       0.44740000000000002     
   82.000000000000000       0.36216571532436492        0.0000000000000000        1.0000000000000000E-003   2.0199999999999999E-002  0.53139999999999998       0.44740000000000002     
   83.000000000000000       0.36305848296445759        0.0000000000000000        1.0000000000000000E-003   2.0199999999999999E-002  0.52880000000000005       0.45000000000000001     
   84.000000000000000       0.36205663358332202        0.0000000000000000        1.0000000000000000E-003   2.0000000000000000E-002  0.52639999999999998       0.45260000000000000     
   85.000000000000000       0.35863968174598015        0.0000000000000000        1.0000000000000000E-003   1.9800000000000002E-002  0.52639999999999998       0.45279999999999998     
   86.000000000000000       0.35338807464561234        0.0000000000000000        1.0000000000000000E-003   2.0000000000000000E-002  0.52580000000000005       0.45319999999999999     
   87.000000000000000       0.34679319139396769        0.0000000000000000        1.0000000000000000E-003   2.0000000000000000E-002  0.52580000000000005       0.45319999999999999     
   88.000000000000000       0.33890371317262635        0.0000000000000000        1.0000000000000000E-003   1.9800000000000002E-002  0.52580000000000005       0.45340000000000003     
   89.000000000000000       0.33055553293567252        0.0000000000000000        8.0000000000000004E-004   1.9800000000000002E-002  0.52539999999999998       0.45400000000000001     
   90.000000000000000       0.32111039405899805        0.0000000000000000        8.0000000000000004E-004   1.9800000000000002E-002  0.52539999999999998       0.45400000000000001     
   91.000000000000000       0.31160520599641106        0.0000000000000000        8.0000000000000004E-004   1.9800000000000002E-002  0.52539999999999998       0.45400000000000001     
   92.000000000000000       0.30123535208644636        0.0000000000000000        8.0000000000000004E-004   1.9800000000000002E-002  0.52539999999999998       0.45400000000000001     
   93.000000000000000       0.29170640683665577        0.0000000000000000        8.0000000000000004E-004   1.9199999999999998E-002  0.52300000000000002       0.45700000000000002     
   94.000000000000000       0.28194676477653147        0.0000000000000000        8.0000000000000004E-004   1.9199999999999998E-002  0.52300000000000002       0.45700000000000002     
   95.000000000000000       0.27157087277236436        0.0000000000000000        5.9999999999999995E-004   1.9400000000000001E-002  0.52320000000000000       0.45679999999999998     
   96.000000000000000       0.26148889707791290        0.0000000000000000        4.0000000000000002E-004   1.9599999999999999E-002  0.52320000000000000       0.45679999999999998     
   97.000000000000000       0.25255377350967290        0.0000000000000000        4.0000000000000002E-004   1.9599999999999999E-002  0.52320000000000000       0.45679999999999998     
   98.000000000000000       0.24428423224811940        0.0000000000000000        4.0000000000000002E-004   1.9599999999999999E-002  0.52339999999999998       0.45660000000000001     
   99.000000000000000       0.23613874755843728        0.0000000000000000        4.0000000000000002E-004   1.9599999999999999E-002  0.52339999999999998       0.45660000000000001     
   100.00000000000000       0.22814707133523096        0.0000000000000000        4.0000000000000002E-004   1.9599999999999999E-002  0.51680000000000004       0.46320000000000000     
   101.00000000000000       0.22131556513182132        0.0000000000000000        4.0000000000000002E-004   1.8800000000000001E-002  0.51139999999999997       0.46939999999999998     
   102.00000000000000       0.22293416996464022        0.0000000000000000        4.0000000000000002E-004   1.9199999999999998E-002  0.51139999999999997       0.46899999999999997     
   103.00000000000000       0.22601725473853776        0.0000000000000000        4.0000000000000002E-004   1.9400000000000001E-002  0.51139999999999997       0.46879999999999999     
   104.00000000000000       0.22507415694054089        0.0000000000000000        4.0000000000000002E-004   1.9400000000000001E-002  0.51139999999999997       0.46879999999999999     
   105.00000000000000       0.22145386600846945        0.0000000000000000        4.0000000000000002E-004   1.9400000000000001E-002  0.51139999999999997       0.46879999999999999     
   106.00000000000000       0.21378816947405449        0.0000000000000000        4.0000000000000002E-004   1.9400000000000001E-002  0.51139999999999997       0.46879999999999999     
   107.00000000000000       0.20305335548581394        0.0000000000000000        4.0000000000000002E-004   1.7399999999999999E-002  0.51300000000000001       0.46920000000000001     
   108.00000000000000       0.20021016762450625        0.0000000000000000        4.0000000000000002E-004   1.7399999999999999E-002  0.50960000000000005       0.47260000000000002     
   109.00000000000000       0.19682856582137651        0.0000000000000000        4.0000000000000002E-004   1.7399999999999999E-002  0.50960000000000005       0.47260000000000002     
   110.00000000000000       0.19903007916427248        0.0000000000000000        4.0000000000000002E-004   1.7399999999999999E-002  0.50519999999999998       0.47699999999999998     
   111.00000000000000       0.20168056136420842        0.0000000000000000        4.0000000000000002E-004   1.7200000000000000E-002  0.50360000000000005       0.47880000000000000     
   112.00000000000000       0.20645781311214767        2.0000000000000001E-004   2.0000000000000001E-004   1.7200000000000000E-002  0.50219999999999998       0.48020000000000002     
   113.00000000000000       0.21195925186884257        2.0000000000000001E-004   2.0000000000000001E-004   1.7200000000000000E-002  0.50219999999999998       0.48020000000000002     
   114.00000000000000       0.21889588687130501        2.0000000000000001E-004   2.0000000000000001E-004   1.8400000000000000E-002  0.50100000000000000       0.48020000000000002     
   115.00000000000000       0.22653609207792316        2.0000000000000001E-004   2.0000000000000001E-004   2.6400000000000000E-002  0.49259999999999998       0.48060000000000003     
   116.00000000000000       0.23574352172682470        2.0000000000000001E-004   2.0000000000000001E-004   3.0200000000000001E-002  0.48820000000000002       0.48120000000000002     
   117.00000000000000       0.24550240471126922        2.0000000000000001E-004   2.0000000000000001E-004   2.9399999999999999E-002  0.48840000000000000       0.48180000000000001     
   118.00000000000000       0.25697785989779959        2.0000000000000001E-004   2.0000000000000001E-004   2.9399999999999999E-002  0.48440000000000000       0.48580000000000001     
   119.00000000000000       0.26786034610037501        2.0000000000000001E-004   2.0000000000000001E-004   2.9999999999999999E-002  0.48380000000000001       0.48580000000000001     
   120.00000000000000       0.27962020552900496        2.0000000000000001E-004   2.0000000000000001E-004   3.0200000000000001E-002  0.48020000000000002       0.48920000000000002     
   121.00000000000000       0.29028752996588203        2.0000000000000001E-004   2.0000000000000001E-004   3.0200000000000001E-002  0.48020000000000002       0.48920000000000002     
   122.00000000000000       0.30062590464995759        2.0000000000000001E-004   2.0000000000000001E-004   3.0200000000000001E-002  0.48020000000000002       0.48920000000000002     
   123.00000000000000       0.30993458149769781        2.0000000000000001E-004   2.0000000000000001E-004   3.0200000000000001E-002  0.48020000000000002       0.48920000000000002     
   124.00000000000000       0.31873962891196855        2.0000000000000001E-004   2.0000000000000001E-004   2.9600000000000001E-002  0.47960000000000003       0.49040000000000000     
   125.00000000000000       0.32613609737197546        2.0000000000000001E-004   2.0000000000000001E-004   2.9600000000000001E-002  0.47960000000000003       0.49040000000000000     
   126.00000000000000       0.33325271591003303        2.0000000000000001E-004   4.0000000000000002E-004   2.9399999999999999E-002  0.47880000000000000       0.49120000000000003     
   127.00000000000000       0.33843624765122954        2.0000000000000001E-004   4.0000000000000002E-004   2.9200000000000000E-002  0.47899999999999998       0.49120000000000003     
   128.00000000000000       0.34297264353338230        2.0000000000000001E-004   4.0000000000000002E-004   2.9200000000000000E-002  0.47920000000000001       0.49099999999999999     
   129.00000000000000       0.34688892501335006        2.0000000000000001E-004   4.0000000000000002E-004   2.9200000000000000E-002  0.47920000000000001       0.49099999999999999     
   130.00000000000000       0.34933919433938676        2.0000000000000001E-004   2.0000000000000001E-004   2.9399999999999999E-002  0.47880000000000000       0.49140000000000000     
   131.00000000000000       0.35133186607975453        2.0000000000000001E-004   5.9999999999999995E-004   2.9000000000000001E-002  0.47299999999999998       0.49719999999999998     
   132.00000000000000       0.35275720865242444        2.0000000000000001E-004   5.9999999999999995E-004   2.9000000000000001E-002  0.46120000000000000       0.50900000000000001     
   133.00000000000000       0.34733944739551270        4.0000000000000002E-004   4.0000000000000002E-004   2.9000000000000001E-002  0.65880000000000005       0.31140000000000001     
   134.00000000000000       0.34847809923215611        4.0000000000000002E-004   4.0000000000000002E-004   2.9000000000000001E-002  0.65880000000000005       0.31140000000000001     
   135.00000000000000       0.34547676684437612        4.0000000000000002E-004   4.0000000000000002E-004   2.9000000000000001E-002  0.69579999999999997       0.27439999999999998     
   136.00000000000000       0.34072508656537970        4.0000000000000002E-004   4.0000000000000002E-004   2.9000000000000001E-002  0.67220000000000002       0.29799999999999999     
   137.00000000000000       0.33442561225321021        4.0000000000000002E-004   4.0000000000000002E-004   2.9000000000000001E-002  0.67500000000000004       0.29520000000000002     
   138.00000000000000       0.32806882767487516        4.0000000000000002E-004   4.0000000000000002E-004   2.9000000000000001E-002  0.67679999999999996       0.29339999999999999     
   139.00000000000000       0.32102177470391441        4.0000000000000002E-004   2.0000000000000001E-004   2.9000000000000001E-002  0.67420000000000002       0.29620000000000002     
   140.00000000000000       0.31321652892844676        4.0000000000000002E-004   0.0000000000000000        2.9000000000000001E-002  0.67159999999999997       0.29899999999999999     
   141.00000000000000       0.30437919588463042        4.0000000000000002E-004   0.0000000000000000        2.9000000000000001E-002  0.67240000000000000       0.29820000000000002     
   142.00000000000000       0.29543828902323377        4.0000000000000002E-004   0.0000000000000000        2.9000000000000001E-002  0.66659999999999997       0.30399999999999999     
   143.00000000000000       0.28568133802835033        4.0000000000000002E-004   0.0000000000000000        2.9000000000000001E-002  0.66020000000000001       0.31040000000000001     
   144.00000000000000       0.27435971997517439        4.0000000000000002E-004   0.0000000000000000        2.9000000000000001E-002  0.66020000000000001       0.31040000000000001     
   145.00000000000000       0.26268924348348016        4.0000000000000002E-004   0.0000000000000000        2.9000000000000001E-002  0.66020000000000001       0.31040000000000001     
   146.00000000000000       0.25049108622522653        2.0000000000000001E-004   0.0000000000000000        2.9200000000000000E-002  0.66020000000000001       0.31040000000000001     
   147.00000000000000       0.23768395649086144        2.0000000000000001E-004   0.0000000000000000        2.9200000000000000E-002  0.66020000000000001       0.31040000000000001     
   148.00000000000000       0.22646003590283642        2.0000000000000001E-004   0.0000000000000000        2.8799999999999999E-002  0.65820000000000001       0.31280000000000002     
   149.00000000000000       0.21458399980983378        2.0000000000000001E-004   0.0000000000000000        2.8799999999999999E-002  0.65820000000000001       0.31280000000000002     
   150.00000000000000       0.20306352774985048        2.0000000000000001E-004   0.0000000000000000        2.8799999999999999E-002  0.65820000000000001       0.31280000000000002     
   151.00000000000000       0.19294991794066133        2.0000000000000001E-004   0.0000000000000000        2.8400000000000002E-002  0.65359999999999996       0.31780000000000003     
   152.00000000000000       0.18217572624610368        2.0000000000000001E-004   0.0000000000000000        2.8400000000000002E-002  0.65339999999999998       0.31800000000000000     
   153.00000000000000       0.17209822053929741        2.0000000000000001E-004   0.0000000000000000        2.8400000000000002E-002  0.65339999999999998       0.31800000000000000     
   154.00000000000000       0.16239303072592118        2.0000000000000001E-004   0.0000000000000000        2.9000000000000001E-002  0.65280000000000005       0.31800000000000000     
   155.00000000000000       0.15307587417651489        2.0000000000000001E-004   0.0000000000000000        2.9200000000000000E-002  0.65259999999999996       0.31800000000000000     
   156.00000000000000       0.14512193336210194        2.0000000000000001E-004   0.0000000000000000        2.8799999999999999E-002  0.65300000000000002       0.31800000000000000     
   157.00000000000000       0.13784960642737101        2.0000000000000001E-004   0.0000000000000000        2.9200000000000000E-002  0.65259999999999996       0.31800000000000000     
   158.00000000000000       0.13149041390207206        2.0000000000000001E-004   0.0000000000000000        3.2199999999999999E-002  0.64959999999999996       0.31800000000000000     
   159.00000000000000       0.12585547374396297        2.0000000000000001E-004   0.0000000000000000        3.7800000000000000E-002  0.64380000000000004       0.31819999999999998     
   160.00000000000000       0.12080542628721849        2.0000000000000001E-004   0.0000000000000000        3.7800000000000000E-002  0.64380000000000004       0.31819999999999998     
   161.00000000000000       0.11752456414394337        2.0000000000000001E-004   0.0000000000000000        3.6600000000000001E-002  0.64439999999999997       0.31879999999999997     
   162.00000000000000       0.11285309679361277        2.0000000000000001E-004   1.6199999999999999E-002   2.0400000000000001E-002  0.64439999999999997       0.31879999999999997     
   163.00000000000000       0.11168590762503651        2.0000000000000001E-004   1.7000000000000001E-002   2.0400000000000001E-002  0.64239999999999997       0.32000000000000001     
   164.00000000000000       0.11020135688004461        2.0000000000000001E-004   1.7200000000000000E-002   0.0000000000000000       0.66239999999999999       0.32019999999999998     
   165.00000000000000       0.10804995255960023        2.0000000000000001E-004   1.7200000000000000E-002   0.0000000000000000       0.66239999999999999       0.32019999999999998     
   166.00000000000000       0.12063730524323979        2.0000000000000001E-004   1.7200000000000000E-002   0.0000000000000000       0.66239999999999999       0.32019999999999998     
   167.00000000000000       0.13089921697100412        2.0000000000000001E-004   1.7200000000000000E-002   0.0000000000000000       0.66239999999999999       0.32019999999999998     
   168.00000000000000       0.13631777321689947        2.0000000000000001E-004   1.7200000000000000E-002   0.0000000000000000       0.66239999999999999       0.32019999999999998     
   169.00000000000000       0.13768081842092078        2.0000000000000001E-004   1.7200000000000000E-002   0.0000000000000000       0.66239999999999999       0.32019999999999998     
   170.00000000000000       0.13358828842417622        2.0000000000000001E-004   1.7000000000000001E-002   0.0000000000000000       0.66239999999999999       0.32040000000000002     
   171.00000000000000       0.12636064934388719        2.0000000000000001E-004   1.7000000000000001E-002   0.0000000000000000       0.66239999999999999       0.32040000000000002     
   172.00000000000000       0.11355046408226413        2.0000000000000001E-004   1.7000000000000001E-002   7.9000000000000001E-002  0.58340000000000003       0.32040000000000002     
   173.00000000000000       0.11006877329146374        2.0000000000000001E-004   1.7000000000000001E-002   7.9000000000000001E-002  0.58340000000000003       0.32040000000000002     
   174.00000000000000       0.11370949008335285        2.0000000000000001E-004   1.7000000000000001E-002   7.9000000000000001E-002  0.58240000000000003       0.32140000000000002     
   175.00000000000000       0.11889470436691979        2.0000000000000001E-004   1.7000000000000001E-002   7.9000000000000001E-002  0.58240000000000003       0.32140000000000002     
   176.00000000000000       0.12770962025130467        2.8000000000000000E-003   6.0199999999999997E-002   2.8600000000000000E-002  0.58079999999999998       0.32760000000000000     
   177.00000000000000       0.13877947592852558        2.3000000000000000E-002   4.5800000000000000E-002   1.9599999999999999E-002  0.58440000000000003       0.32719999999999999     
   178.00000000000000       0.15574566455902172        2.3000000000000000E-002   4.4200000000000003E-002   1.7399999999999999E-002  0.58099999999999996       0.33439999999999998     
   179.00000000000000       0.17414548473345126        2.2599999999999999E-002   4.3999999999999997E-002   1.7600000000000001E-002  0.56120000000000003       0.35460000000000003     
   180.00000000000000       0.19413948482902216        2.1800000000000000E-002   4.4200000000000003E-002   1.7399999999999999E-002  0.54059999999999997       0.37600000000000000     
   181.00000000000000       0.21397152633186678        2.1600000000000001E-002   4.4200000000000003E-002   1.6600000000000000E-002  0.52680000000000005       0.39079999999999998     
   182.00000000000000       0.23630329012792117        2.1600000000000001E-002   4.4200000000000003E-002   1.6600000000000000E-002  0.49259999999999998       0.42499999999999999     
   183.00000000000000       0.25655206576388234        2.1399999999999999E-002   4.2599999999999999E-002   1.6600000000000000E-002  0.49419999999999997       0.42520000000000002     
   184.00000000000000       0.27790874471428723        2.1399999999999999E-002   4.2599999999999999E-002   1.4600000000000000E-002  0.49640000000000001       0.42499999999999999     
   185.00000000000000       0.29909436126901123        2.1399999999999999E-002   4.2599999999999999E-002   1.2800000000000001E-002  0.49640000000000001       0.42680000000000001     
   186.00000000000000       0.31943561279695398        2.0400000000000001E-002   4.2999999999999997E-002   1.2600000000000000E-002  0.49619999999999997       0.42780000000000001     
   187.00000000000000       0.33926676309123149        1.9199999999999998E-002   4.2999999999999997E-002   1.2200000000000001E-002  0.49740000000000001       0.42820000000000003     
   188.00000000000000       0.35651613973027785        1.9199999999999998E-002   4.2799999999999998E-002   1.2400000000000000E-002  0.49700000000000000       0.42859999999999998     
   189.00000000000000       0.37222262703945408        1.9199999999999998E-002   4.2400000000000000E-002   1.2200000000000001E-002  0.49700000000000000       0.42920000000000003     
   190.00000000000000       0.38547573410652880        1.8800000000000001E-002   4.1799999999999997E-002   1.2600000000000000E-002  0.49740000000000001       0.42940000000000000     
   191.00000000000000       0.39674211401501780        1.8800000000000001E-002   4.1599999999999998E-002   1.2800000000000001E-002  0.49299999999999999       0.43380000000000002     
   192.00000000000000       0.40406293549826461        1.8599999999999998E-002   4.1599999999999998E-002   1.2000000000000000E-002  0.49399999999999999       0.43380000000000002     
   193.00000000000000       0.41021960311945538        1.8599999999999998E-002   4.1599999999999998E-002   1.2000000000000000E-002  0.48999999999999999       0.43780000000000002     
   194.00000000000000       0.41527968827974682        1.8599999999999998E-002   4.1599999999999998E-002   9.7999999999999997E-003  0.48440000000000000       0.44560000000000000     
   195.00000000000000       0.41617496394193554        1.8599999999999998E-002   4.1200000000000001E-002   8.0000000000000002E-003  0.48659999999999998       0.44560000000000000     
   196.00000000000000       0.41391504864748441        1.0600000000000000E-002   4.9200000000000001E-002   5.5999999999999999E-003  0.48899999999999999       0.44560000000000000     
   197.00000000000000       0.41071972840695298        1.0200000000000001E-002   4.9200000000000001E-002   5.5999999999999999E-003  0.48940000000000000       0.44560000000000000     
   198.00000000000000       0.40557198372336423        1.0200000000000001E-002   4.9200000000000001E-002   5.4000000000000003E-003  0.48659999999999998       0.44860000000000000     
   199.00000000000000       0.39835027370729514        1.0200000000000001E-002   4.9200000000000001E-002   5.4000000000000003E-003  0.48659999999999998       0.44860000000000000     
   200.00000000000000       0.38776253770830627        1.0200000000000001E-002   4.9200000000000001E-002   5.4000000000000003E-003  0.48659999999999998       0.44860000000000000     
   201.00000000000000       0.37636959162150596        1.0200000000000001E-002   5.4199999999999998E-002   0.0000000000000000       0.48580000000000001       0.44979999999999998     
   202.00000000000000       0.36314633357138304        1.0200000000000001E-002   5.4199999999999998E-002   0.0000000000000000       0.48320000000000002       0.45240000000000002     
   203.00000000000000       0.34698819218564475        1.0200000000000001E-002   5.4199999999999998E-002   0.0000000000000000       0.48320000000000002       0.45240000000000002     
   204.00000000000000       0.32896479517485666        1.0200000000000001E-002   5.3800000000000001E-002   0.0000000000000000       0.48359999999999997       0.45240000000000002     
   205.00000000000000       0.30985572771444087        1.0200000000000001E-002   5.0400000000000000E-002   2.2000000000000001E-003  0.48399999999999999       0.45319999999999999     
   206.00000000000000       0.29049993065276997        1.0200000000000001E-002   5.0400000000000000E-002   2.2000000000000001E-003  0.48399999999999999       0.45319999999999999     
   207.00000000000000       0.26995614857125727        1.0200000000000001E-002   5.0400000000000000E-002   2.3999999999999998E-003  0.48380000000000001       0.45319999999999999     
   208.00000000000000       0.24977724397372442        9.7999999999999997E-003   5.0400000000000000E-002   2.3999999999999998E-003  0.48240000000000000       0.45500000000000002     
   209.00000000000000       0.23240840589475334        8.8000000000000005E-003   5.0400000000000000E-002   2.2000000000000001E-003  0.48320000000000002       0.45540000000000003     
   210.00000000000000       0.21664894239997942        8.8000000000000005E-003   5.0400000000000000E-002   2.0000000000000000E-003  0.48340000000000000       0.45540000000000003     
   211.00000000000000       0.20396232345569071        7.6000000000000000E-003   5.0999999999999997E-002   2.0000000000000000E-003  0.48340000000000000       0.45600000000000002     
   212.00000000000000       0.19586566076693401        7.6000000000000000E-003   4.8399999999999999E-002   2.2000000000000001E-003  0.48580000000000001       0.45600000000000002     
   213.00000000000000       0.19204734459729916        7.6000000000000000E-003   4.8399999999999999E-002   1.8000000000000000E-003  0.48139999999999999       0.46079999999999999     
   214.00000000000000       0.19013768661205765        7.6000000000000000E-003   4.6800000000000001E-002   1.8000000000000000E-003  0.48299999999999998       0.46079999999999999     
   215.00000000000000       0.19089047080673563        7.6000000000000000E-003   4.6199999999999998E-002   1.8000000000000000E-003  0.48299999999999998       0.46139999999999998     
   216.00000000000000       0.19441283955343958        7.6000000000000000E-003   4.5400000000000003E-002   2.0000000000000000E-003  0.48299999999999998       0.46200000000000002     
