#        BMIN =   404
#        BMAX =   408
#     INIBAND =   406
#      NBANDS =   540
#         NSW =  2000
#       POTIM =   1.0
#        TEMP = 300.0
#    NAMDTINI =   977
#    NAMDTIME =  1000
#       NTRAJ =  5000
#        NELM =  1000
#       LHOLE =     T
#        LSHP =     T
#      LCPTXT =     T
#      RUNDIR = ../../run/
   1.0000000000000000       0.18104159722030932        0.0000000000000000        0.0000000000000000        1.0000000000000000        0.0000000000000000        0.0000000000000000     
   2.0000000000000000       0.17595703332374701        0.0000000000000000        0.0000000000000000        1.0000000000000000        0.0000000000000000        0.0000000000000000     
   3.0000000000000000       0.18809175386431476        0.0000000000000000        0.0000000000000000        1.0000000000000000        0.0000000000000000        0.0000000000000000     
   4.0000000000000000       0.18908357798477260        0.0000000000000000        0.0000000000000000        1.0000000000000000        0.0000000000000000        0.0000000000000000     
   5.0000000000000000       0.18337114641279606        0.0000000000000000        0.0000000000000000        1.0000000000000000        0.0000000000000000        0.0000000000000000     
   6.0000000000000000       0.16912399403899436        0.0000000000000000        0.0000000000000000        1.0000000000000000        0.0000000000000000        0.0000000000000000     
   7.0000000000000000       0.14641539594876671        0.0000000000000000        0.0000000000000000        1.0000000000000000        0.0000000000000000        0.0000000000000000     
   8.0000000000000000       0.11669419647301804        0.0000000000000000        0.0000000000000000        1.0000000000000000        0.0000000000000000        0.0000000000000000     
   9.0000000000000000        6.6216748136400147E-002   0.0000000000000000       0.80340000000000000       0.19620000000000001        2.0000000000000001E-004   2.0000000000000001E-004
   10.000000000000000        4.0884212062537971E-002   0.0000000000000000       0.80340000000000000       0.19600000000000001        2.0000000000000001E-004   4.0000000000000002E-004
   11.000000000000000        2.4600843042939025E-003   0.0000000000000000       0.80340000000000000       0.19600000000000001        2.0000000000000001E-004   4.0000000000000002E-004
   12.000000000000000       -3.7487052535555926E-002   0.0000000000000000       0.80340000000000000       0.19580000000000000        2.0000000000000001E-004   5.9999999999999995E-004
   13.000000000000000       -7.6984090118485574E-002   0.0000000000000000       0.80340000000000000       0.19560000000000000        4.0000000000000002E-004   5.9999999999999995E-004
   14.000000000000000      -0.12436273106632068       0.22600000000000001       0.57740000000000002       0.19560000000000000        4.0000000000000002E-004   5.9999999999999995E-004
   15.000000000000000      -0.14465734453320092       0.22600000000000001       0.57720000000000005       0.19560000000000000        4.0000000000000002E-004   8.0000000000000004E-004
   16.000000000000000      -0.15126634400199154       0.22600000000000001       0.57720000000000005       0.19520000000000001        4.0000000000000002E-004   1.1999999999999999E-003
   17.000000000000000      -0.15657717011475764       0.22600000000000001       0.57720000000000005       0.19520000000000001        4.0000000000000002E-004   1.1999999999999999E-003
   18.000000000000000      -0.15975695784063074       0.22600000000000001       0.57720000000000005       0.19500000000000001        2.0000000000000001E-004   1.6000000000000001E-003
   19.000000000000000      -0.16065235166546959       0.22580000000000000       0.57540000000000002       0.19500000000000001        8.0000000000000004E-004   3.0000000000000001E-003
   20.000000000000000      -0.15044154132327583       0.22040000000000001       0.57860000000000000       0.19580000000000000        1.8000000000000000E-003   3.3999999999999998E-003
   21.000000000000000      -0.15546788194907957       0.22020000000000001       0.57560000000000000       0.19880000000000000        2.0000000000000000E-003   3.3999999999999998E-003
   22.000000000000000      -0.18463528331852086       0.21900000000000000       0.57660000000000000       0.19860000000000000        2.2000000000000001E-003   3.5999999999999999E-003
   23.000000000000000      -0.11433179620589057       0.21820000000000001       0.56240000000000001       0.21360000000000001        2.2000000000000001E-003   3.5999999999999999E-003
   24.000000000000000      -0.14909086949120159       0.21800000000000000       0.56279999999999997       0.21340000000000001        2.2000000000000001E-003   3.5999999999999999E-003
   25.000000000000000       -2.1753446875416933E-002  0.21640000000000001       0.56259999999999999       0.21379999999999999        2.3999999999999998E-003   4.7999999999999996E-003
   26.000000000000000      -0.13248939068812868       0.21640000000000001       0.56279999999999997       0.21360000000000001        2.3999999999999998E-003   4.7999999999999996E-003
   27.000000000000000      -0.13441984022966905       0.20480000000000001       0.57340000000000002       0.21320000000000000        2.3999999999999998E-003   6.1999999999999998E-003
   28.000000000000000      -0.12095872161350811       0.20480000000000001       0.57340000000000002       0.21320000000000000        2.3999999999999998E-003   6.1999999999999998E-003
   29.000000000000000       -9.5194088144767097E-002  0.20599999999999999       0.46139999999999998       0.32400000000000001        2.3999999999999998E-003   6.1999999999999998E-003
   30.000000000000000       -7.9828500825341778E-002  0.20599999999999999       0.46139999999999998       0.32400000000000001        2.3999999999999998E-003   6.1999999999999998E-003
   31.000000000000000       -6.8927650444453495E-002  0.20460000000000000       0.46260000000000001       0.32400000000000001        2.5999999999999999E-003   6.1999999999999998E-003
   32.000000000000000       -5.8845892115435970E-002  0.20440000000000000       0.46279999999999999       0.32400000000000001        2.5999999999999999E-003   6.1999999999999998E-003
   33.000000000000000       -4.9725260324555237E-002  0.20460000000000000       0.46260000000000001       0.32400000000000001        2.5999999999999999E-003   6.1999999999999998E-003
   34.000000000000000       -4.1120228439969646E-002  0.20460000000000000       0.46260000000000001       0.32400000000000001        2.5999999999999999E-003   6.1999999999999998E-003
   35.000000000000000       -3.4683655064171787E-002  0.20460000000000000       0.46179999999999999       0.32400000000000001        2.8000000000000000E-003   6.7999999999999996E-003
   36.000000000000000       -2.9574305245839660E-002  0.20480000000000001       0.46139999999999998       0.32400000000000001        3.0000000000000001E-003   6.7999999999999996E-003
   37.000000000000000       -2.5866855234146773E-002  0.20540000000000000       0.46060000000000001       0.32400000000000001        3.2000000000000002E-003   6.7999999999999996E-003
   38.000000000000000       -2.5070494974442487E-002  0.20680000000000001       0.45879999999999999       0.32400000000000001        3.3999999999999998E-003   7.0000000000000001E-003
   39.000000000000000       -2.6676974967792276E-002  0.20380000000000001       0.46160000000000001       0.32400000000000001        3.3999999999999998E-003   7.1999999999999998E-003
   40.000000000000000       -3.0119581398594501E-002  0.20540000000000000       0.45939999999999998       0.32400000000000001        3.2000000000000002E-003   8.0000000000000002E-003
   41.000000000000000       -3.5733736071295485E-002  0.20740000000000000       0.45679999999999998       0.32400000000000001        3.3999999999999998E-003   8.3999999999999995E-003
   42.000000000000000       -4.2621054857495622E-002  0.20039999999999999       0.46360000000000001       0.32400000000000001        3.3999999999999998E-003   8.6000000000000000E-003
   43.000000000000000       -5.1248001162549808E-002  0.19059999999999999       0.47320000000000001       0.32400000000000001        3.5999999999999999E-003   8.6000000000000000E-003
   44.000000000000000       -6.0424902420747592E-002  0.17560000000000001       0.48799999999999999       0.32400000000000001        3.5999999999999999E-003   8.8000000000000005E-003
   45.000000000000000       -7.0507955858629179E-002  0.16719999999999999       0.49600000000000000       0.32400000000000001        3.5999999999999999E-003   9.1999999999999998E-003
   46.000000000000000       -8.1264407294478341E-002  0.17160000000000000       0.48720000000000002       0.32740000000000002        3.2000000000000002E-003   1.0600000000000000E-002
   47.000000000000000       -9.5148391478088096E-002  0.17460000000000001       0.48720000000000002       0.32440000000000002        3.2000000000000002E-003   1.0600000000000000E-002
   48.000000000000000      -0.11046571892783076       0.17599999999999999       0.48720000000000002       0.32279999999999998        3.2000000000000002E-003   1.0800000000000001E-002
   49.000000000000000      -0.12374727461072216        7.5399999999999995E-002  0.58520000000000005       0.32479999999999998        3.3999999999999998E-003   1.1200000000000000E-002
   50.000000000000000      -0.13407560307499328        7.5399999999999995E-002  0.58540000000000003       0.32440000000000002        2.8000000000000000E-003   1.2000000000000000E-002
   51.000000000000000      -0.14107980637789763        7.5399999999999995E-002  0.58560000000000001       0.32400000000000001        2.5999999999999999E-003   1.2400000000000000E-002
   52.000000000000000      -0.14976236931959838        7.5399999999999995E-002  0.58560000000000001       0.32400000000000001        2.5999999999999999E-003   1.2400000000000000E-002
   53.000000000000000      -0.15341992964549228        7.5399999999999995E-002  0.58540000000000003       0.32419999999999999        1.6000000000000001E-003   1.3400000000000000E-002
   54.000000000000000      -0.15771495128955645        0.0000000000000000       0.66059999999999997       0.32400000000000001        2.0000000000000000E-003   1.3400000000000000E-002
   55.000000000000000      -0.16181100585212460        0.0000000000000000       0.66059999999999997       0.32360000000000000        2.0000000000000000E-003   1.3800000000000000E-002
   56.000000000000000      -0.15562528022462221        0.0000000000000000       0.66059999999999997       0.32360000000000000        1.8000000000000000E-003   1.4000000000000000E-002
   57.000000000000000      -0.14498821512625079        8.0000000000000004E-004  0.61140000000000005       0.37159999999999999        2.0000000000000000E-003   1.4200000000000001E-002
   58.000000000000000      -0.13563492702242802        8.0000000000000004E-004  0.61140000000000005       0.37159999999999999        2.0000000000000000E-003   1.4200000000000001E-002
   59.000000000000000      -0.12894184507103998        5.9999999999999995E-004  0.61140000000000005       0.37159999999999999        2.2000000000000001E-003   1.4200000000000001E-002
   60.000000000000000      -0.11981740395553954        1.4000000000000000E-003  0.61040000000000005       0.37159999999999999        2.3999999999999998E-003   1.4200000000000001E-002
   61.000000000000000      -0.10903166280166358        1.4000000000000000E-003  0.61040000000000005       0.37159999999999999        2.0000000000000000E-003   1.4600000000000000E-002
   62.000000000000000       -9.6179365010501963E-002   1.4000000000000000E-003  0.61019999999999996       0.37159999999999999        2.0000000000000000E-003   1.4800000000000001E-002
   63.000000000000000       -8.2987618726401494E-002   1.6000000000000001E-003  0.60980000000000001       0.37159999999999999        2.2000000000000001E-003   1.4800000000000001E-002
   64.000000000000000       -6.8291488151321397E-002   1.6000000000000001E-003  0.60960000000000003       0.37159999999999999        2.2000000000000001E-003   1.4999999999999999E-002
   65.000000000000000       -5.4003911365271384E-002   1.6000000000000001E-003  0.60960000000000003       0.37159999999999999        2.3999999999999998E-003   1.4800000000000001E-002
   66.000000000000000       -4.3456560466703598E-002   1.6000000000000001E-003  0.60940000000000005       0.37159999999999999        1.8000000000000000E-003   1.5599999999999999E-002
   67.000000000000000       -3.0048810540184292E-002   1.6000000000000001E-003  0.60919999999999996       0.37159999999999999        2.0000000000000000E-003   1.5599999999999999E-002
   68.000000000000000       -1.6751018003219785E-002   1.6000000000000001E-003  0.60919999999999996       0.37159999999999999        2.0000000000000000E-003   1.5599999999999999E-002
   69.000000000000000       -7.0833190383769017E-003   1.6000000000000001E-003  0.60919999999999996       0.37159999999999999        2.0000000000000000E-003   1.5599999999999999E-002
   70.000000000000000        6.4976206910102689E-004   1.6000000000000001E-003  0.60919999999999996       0.37159999999999999        2.0000000000000000E-003   1.5599999999999999E-002
   71.000000000000000        8.9447784191653765E-003   1.6000000000000001E-003  0.55079999999999996       0.42899999999999999        3.0000000000000001E-003   1.5599999999999999E-002
   72.000000000000000        9.4795032305533197E-003   1.6000000000000001E-003  0.55079999999999996       0.42840000000000000        3.3999999999999998E-003   1.5800000000000002E-002
   73.000000000000000        2.4315604871259482E-003   1.6000000000000001E-003  0.55079999999999996       0.42620000000000002        5.5999999999999999E-003   1.5800000000000002E-002
   74.000000000000000       -6.8139534644231234E-003   0.0000000000000000       0.55179999999999996       0.42459999999999998        7.7999999999999996E-003   1.5800000000000002E-002
   75.000000000000000       -1.1528696295502235E-002   0.0000000000000000       0.55059999999999998       0.42580000000000001        7.7999999999999996E-003   1.5800000000000002E-002
   76.000000000000000       -2.0341975155076120E-003   0.0000000000000000       0.55059999999999998       0.42580000000000001        7.7999999999999996E-003   1.5800000000000002E-002
   77.000000000000000        7.0956056307813695E-003   0.0000000000000000       0.55040000000000000       0.42559999999999998        8.0000000000000002E-003   1.6000000000000000E-002
   78.000000000000000        1.1197276140456307E-002   0.0000000000000000       0.54940000000000000       0.42659999999999998        7.7999999999999996E-003   1.6199999999999999E-002
   79.000000000000000        1.4535874146582667E-002   0.0000000000000000       0.54800000000000004       0.42780000000000001        8.2000000000000007E-003   1.6000000000000000E-002
   80.000000000000000        1.7460603189562354E-002   0.0000000000000000       0.54320000000000002       0.42940000000000000        1.0200000000000001E-002   1.7200000000000000E-002
   81.000000000000000        1.9105262238910459E-002   0.0000000000000000       0.54100000000000004       0.42940000000000000        1.0200000000000001E-002   1.9400000000000001E-002
   82.000000000000000        2.1073768003179710E-002   0.0000000000000000       0.53039999999999998       0.43700000000000000        1.2999999999999999E-002   1.9599999999999999E-002
   83.000000000000000        2.1704978168151930E-002   0.0000000000000000       0.51680000000000004       0.44879999999999998        1.4000000000000000E-002   2.0400000000000001E-002
   84.000000000000000        1.9067192982658819E-002   0.0000000000000000       0.51619999999999999       0.44679999999999997        1.6600000000000000E-002   2.0400000000000001E-002
   85.000000000000000        1.2882627964525585E-002   0.0000000000000000       0.51619999999999999       0.44679999999999997        1.6199999999999999E-002   2.0799999999999999E-002
   86.000000000000000        6.0249932640136271E-003   0.0000000000000000       0.49740000000000001       0.46560000000000001        1.6400000000000001E-002   2.0600000000000000E-002
   87.000000000000000       -5.7803463629617644E-003   0.0000000000000000       0.49840000000000001       0.46460000000000001        1.6400000000000001E-002   2.0600000000000000E-002
   88.000000000000000       -1.9667570765112406E-002   0.0000000000000000       0.48880000000000001       0.47380000000000000        1.6799999999999999E-002   2.0600000000000000E-002
   89.000000000000000       -3.5154225439930117E-002   0.0000000000000000       0.47039999999999998       0.49199999999999999        1.7200000000000000E-002   2.0400000000000001E-002
   90.000000000000000       -5.4083865121056653E-002   0.0000000000000000       0.46479999999999999       0.49759999999999999        1.7200000000000000E-002   2.0400000000000001E-002
   91.000000000000000       -7.4990967984418386E-002   0.0000000000000000       0.46360000000000001       0.49740000000000001        1.8400000000000000E-002   2.0600000000000000E-002
   92.000000000000000       -9.9981430406550609E-002   8.6199999999999999E-002  0.37719999999999998       0.49759999999999999        1.8400000000000000E-002   2.0600000000000000E-002
   93.000000000000000      -0.10700619453825899        8.5999999999999993E-002  0.38840000000000002       0.48659999999999998        1.8200000000000001E-002   2.0799999999999999E-002
   94.000000000000000       -9.7044749127845137E-002   4.3999999999999997E-002  0.43020000000000003       0.48659999999999998        1.8400000000000000E-002   2.0799999999999999E-002
   95.000000000000000       -8.3465604040693878E-002   4.4999999999999998E-002  0.42920000000000003       0.48659999999999998        1.8400000000000000E-002   2.0799999999999999E-002
   96.000000000000000       -4.6030888468037240E-002   4.5400000000000003E-002  0.42880000000000001       0.48659999999999998        1.8400000000000000E-002   2.0799999999999999E-002
   97.000000000000000       -8.8340028872896173E-003   4.5400000000000003E-002  0.42880000000000001       0.26260000000000000       0.24240000000000000        2.0799999999999999E-002
   98.000000000000000        1.0956495984432858E-002   4.5400000000000003E-002  0.42880000000000001       0.26260000000000000       0.24240000000000000        2.0799999999999999E-002
   99.000000000000000        2.8108279356663921E-002   4.4999999999999998E-002  0.42859999999999998       0.26260000000000000       0.24299999999999999        2.0799999999999999E-002
   100.00000000000000        3.6166056739560540E-002   4.4200000000000003E-002  0.42920000000000003       0.26260000000000000       0.24320000000000000        2.0799999999999999E-002
   101.00000000000000        5.2121593690159840E-002   4.4400000000000002E-002  0.42899999999999999       0.26260000000000000       0.24320000000000000        2.0799999999999999E-002
   102.00000000000000        5.8332531163520829E-002   4.4400000000000002E-002  0.42840000000000000       0.26260000000000000       0.24379999999999999        2.0799999999999999E-002
   103.00000000000000        6.0439709138360560E-002   4.4400000000000002E-002  0.42759999999999998       0.26260000000000000       0.24460000000000001        2.0799999999999999E-002
   104.00000000000000        5.8257935921240116E-002   4.4400000000000002E-002  0.42759999999999998       0.26240000000000002       0.24460000000000001        2.1000000000000001E-002
   105.00000000000000        5.0625748449163607E-002   4.4200000000000003E-002  0.42780000000000001       0.26240000000000002       0.24460000000000001        2.1000000000000001E-002
   106.00000000000000        3.8930406882596635E-002   4.4400000000000002E-002  0.42699999999999999       0.26240000000000002       0.24520000000000000        2.1000000000000001E-002
   107.00000000000000        2.3456826276554876E-002   4.4200000000000003E-002  0.42720000000000002       0.25840000000000002       0.24920000000000000        2.1000000000000001E-002
   108.00000000000000        4.2495268680925059E-003   4.1000000000000002E-002  0.42899999999999999       0.25979999999999998       0.24900000000000000        2.1200000000000000E-002
   109.00000000000000       -1.8406937677339159E-002   4.0800000000000003E-002  0.42920000000000003       0.25979999999999998       0.24900000000000000        2.1200000000000000E-002
   110.00000000000000       -1.5922352262652463E-002   4.0599999999999997E-002  0.42520000000000002       0.25979999999999998       0.25300000000000000        2.1399999999999999E-002
   111.00000000000000       -1.2845892331525697E-002   4.1599999999999998E-002  0.45679999999999998       0.22520000000000001       0.25319999999999998        2.3199999999999998E-002
   112.00000000000000       -1.1906775376948070E-002   4.1599999999999998E-002  0.46179999999999999       0.21879999999999999       0.25319999999999998        2.4600000000000000E-002
   113.00000000000000       -9.3527947937906159E-003   4.0000000000000001E-002  0.45579999999999998       0.21800000000000000       0.26140000000000002        2.4799999999999999E-002
   114.00000000000000        8.8479805407931256E-003   3.9000000000000000E-002  0.45600000000000002       0.21199999999999999       0.26679999999999998        2.6200000000000001E-002
   115.00000000000000        2.6268946430210757E-002   3.8399999999999997E-002  0.45579999999999998       0.21199999999999999       0.26519999999999999        2.8600000000000000E-002
   116.00000000000000        4.2957754477231186E-002   3.7199999999999997E-002  0.45540000000000003       0.21140000000000000       0.26579999999999998        3.0200000000000001E-002
   117.00000000000000        5.8100071665666247E-002   3.7199999999999997E-002  0.45540000000000003       0.20920000000000000       0.26540000000000002        3.2800000000000003E-002
   118.00000000000000        7.1231065749834344E-002   3.6799999999999999E-002  0.45360000000000000       0.20580000000000001       0.27060000000000001        3.3200000000000000E-002
   119.00000000000000       0.11849105292347829        3.5999999999999997E-002  0.45279999999999998       0.20480000000000001       0.26579999999999998        4.0599999999999997E-002
   120.00000000000000        9.2494336595172338E-002   3.5999999999999997E-002  0.45119999999999999       0.20580000000000001       0.26660000000000000        4.0399999999999998E-002
   121.00000000000000       0.10545959550422467        3.4200000000000001E-002  0.42920000000000003       0.22839999999999999       0.26060000000000000        4.7600000000000003E-002
   122.00000000000000       0.11095414762814552        3.4200000000000001E-002  0.47039999999999998       0.18700000000000000       0.25819999999999999        5.0200000000000002E-002
   123.00000000000000       0.11393039860838786        3.3000000000000002E-002  0.45079999999999998       0.20200000000000001       0.26360000000000000        5.0599999999999999E-002
   124.00000000000000       0.11523135155414609        3.3000000000000002E-002  0.45440000000000003       0.19739999999999999       0.26340000000000002        5.1799999999999999E-002
   125.00000000000000       0.11577194168577770        3.3000000000000002E-002  0.47599999999999998       0.17540000000000000       0.26119999999999999        5.4399999999999997E-002
   126.00000000000000       0.11753882599782911        3.1800000000000002E-002  0.46179999999999999       0.18040000000000000       0.27079999999999999        5.5199999999999999E-002
   127.00000000000000       0.11685129168708989        2.3199999999999998E-002  0.46999999999999997       0.17899999999999999       0.27200000000000002        5.5800000000000002E-002
   128.00000000000000       0.11658312279445479        2.4000000000000000E-002  0.46560000000000001       0.17620000000000000       0.27739999999999998        5.6800000000000003E-002
   129.00000000000000       0.11718400314650626        3.6400000000000002E-002  0.45360000000000000       0.17219999999999999       0.27979999999999999        5.8000000000000003E-002
   130.00000000000000       0.12029864087145116        5.0599999999999999E-002  0.44040000000000001       0.16819999999999999       0.28020000000000000        6.0600000000000001E-002
   131.00000000000000       0.12589583121155579        5.0799999999999998E-002  0.43800000000000000       0.16660000000000000       0.28380000000000000        6.0800000000000000E-002
   132.00000000000000       0.13216122648754230        5.0799999999999998E-002  0.43859999999999999       0.16600000000000001       0.28239999999999998        6.2199999999999998E-002
   133.00000000000000       0.14242787367538354       0.12440000000000000       0.36320000000000002       0.14240000000000000       0.30780000000000002        6.2199999999999998E-002
   134.00000000000000       0.15703304430609519       0.12239999999999999       0.36320000000000002       0.14340000000000000       0.30380000000000001        6.7199999999999996E-002
   135.00000000000000       0.17146650559591448       0.12300000000000000       0.36320000000000002       0.13700000000000001       0.30659999999999998        7.0199999999999999E-002
   136.00000000000000       0.18288707908628934       0.12239999999999999       0.35799999999999998       0.13960000000000000       0.30499999999999999        7.4999999999999997E-002
   137.00000000000000       0.18810323128127762       0.12060000000000000       0.34760000000000002       0.13960000000000000       0.31419999999999998        7.8000000000000000E-002
   138.00000000000000       0.18854691241014762       0.12060000000000000       0.34699999999999998       0.13960000000000000       0.31480000000000002        7.8000000000000000E-002
   139.00000000000000       0.18640184230355047       0.12039999999999999       0.34620000000000001       0.13960000000000000       0.31480000000000002        7.9000000000000001E-002
   140.00000000000000       0.17826005279100215       0.12039999999999999       0.34560000000000002       0.13960000000000000       0.31540000000000001        7.9000000000000001E-002
   141.00000000000000       0.17360737646973437       0.12039999999999999       0.34480000000000000       0.13960000000000000       0.31540000000000001        7.9799999999999996E-002
   142.00000000000000       0.16376538699118803       0.11799999999999999       0.34660000000000002       0.13960000000000000       0.31600000000000000        7.9799999999999996E-002
   143.00000000000000       0.15270609198115356       0.11559999999999999       0.34580000000000000       0.13960000000000000       0.31759999999999999        8.1400000000000000E-002
   144.00000000000000       0.13877950248388790       0.11420000000000000       0.34699999999999998       0.13960000000000000       0.31780000000000003        8.1400000000000000E-002
   145.00000000000000       0.12312831975000464       0.11420000000000000       0.34699999999999998       0.13960000000000000       0.31780000000000003        8.1400000000000000E-002
   146.00000000000000       0.10625966949141002       0.11400000000000000       0.24679999999999999       0.23820000000000000       0.31800000000000000        8.3000000000000004E-002
   147.00000000000000        8.8068154321358255E-002  0.11280000000000000       0.24679999999999999       0.23440000000000000       0.31840000000000002        8.7599999999999997E-002
   148.00000000000000        6.8905768668734657E-002   5.4199999999999998E-002  0.22320000000000001       0.31519999999999998       0.31979999999999997        8.7599999999999997E-002
   149.00000000000000        5.0963108490907114E-002   5.4199999999999998E-002  0.22180000000000000       0.31559999999999999       0.32019999999999998        8.8200000000000001E-002
   150.00000000000000        3.5262914554850130E-002   5.4199999999999998E-002  0.22700000000000001       0.31040000000000001       0.31759999999999999        9.0800000000000006E-002
   151.00000000000000        1.9210830010531550E-002   5.4199999999999998E-002  0.22720000000000001       0.30919999999999997       0.31759999999999999        9.1800000000000007E-002
   152.00000000000000        4.5595302014194601E-003  0.12060000000000000       0.16120000000000001       0.30499999999999999       0.31719999999999998        9.6000000000000002E-002
   153.00000000000000       -8.5369481164507682E-003  0.11899999999999999       0.16120000000000001       0.30640000000000001       0.31719999999999998        9.6199999999999994E-002
   154.00000000000000       -1.9623065415779239E-002  0.11920000000000000       0.16120000000000001       0.30320000000000003       0.32019999999999998        9.6199999999999994E-002
   155.00000000000000       -2.8099721177673641E-002  0.11640000000000000       0.16120000000000001       0.30320000000000003       0.32240000000000002        9.6799999999999997E-002
   156.00000000000000       -3.2243513330535670E-002  0.11640000000000000       0.16120000000000001       0.29440000000000000       0.32360000000000000       0.10440000000000001     
   157.00000000000000       -3.5924896466559511E-002  0.11340000000000000       0.16000000000000000       0.29580000000000001       0.32500000000000001       0.10580000000000001     
   158.00000000000000       -3.5934560065591509E-002  0.11240000000000000       0.16000000000000000       0.29580000000000001       0.31700000000000000       0.11480000000000000     
   159.00000000000000       -3.1631295950067015E-002  0.11219999999999999       0.15820000000000001       0.29580000000000001       0.31900000000000001       0.11480000000000000     
   160.00000000000000       -2.5018655288493202E-002  0.11140000000000000       0.15880000000000000       0.29580000000000001       0.31600000000000000       0.11799999999999999     
   161.00000000000000       -1.5141386454711355E-002  0.10920000000000001       0.16059999999999999       0.29580000000000001       0.30380000000000001       0.13059999999999999     
   162.00000000000000       -5.0075942943732174E-003  0.10639999999999999       0.16339999999999999       0.29580000000000001       0.30380000000000001       0.13059999999999999     
   163.00000000000000        6.4308653492618426E-003  0.10380000000000000       0.16600000000000001       0.29580000000000001       0.30399999999999999       0.13039999999999999     
   164.00000000000000        1.8380497196535450E-002  0.10360000000000000       0.16580000000000000       0.29580000000000001       0.30399999999999999       0.13080000000000000     
   165.00000000000000        2.9973621379180207E-002  0.10360000000000000       0.16580000000000000       0.29580000000000001       0.30280000000000001       0.13200000000000001     
   166.00000000000000        4.1478998620125697E-002  0.10340000000000001       0.16520000000000001       0.29580000000000001       0.30340000000000000       0.13220000000000001     
   167.00000000000000        5.3759217349421143E-002  0.10180000000000000       0.16639999999999999       0.29580000000000001       0.30340000000000000       0.13260000000000000     
   168.00000000000000        6.5270576424880378E-002  0.10160000000000000       0.16619999999999999       0.29580000000000001       0.30180000000000001       0.13460000000000000     
   169.00000000000000        7.4617204309137611E-002  0.10160000000000000       0.16619999999999999       0.29580000000000001       0.30199999999999999       0.13439999999999999     
   170.00000000000000        8.3040056054627887E-002   9.6799999999999997E-002  0.17100000000000001       0.29580000000000001       0.30199999999999999       0.13439999999999999     
   171.00000000000000        9.0050835450354957E-002   9.6400000000000000E-002  0.17040000000000000       0.29580000000000001       0.30259999999999998       0.13480000000000000     
   172.00000000000000        8.5396761921173847E-002   9.6199999999999994E-002  0.46620000000000000        0.0000000000000000       0.30140000000000000       0.13619999999999999     
   173.00000000000000        9.7701965902207782E-002   9.6199999999999994E-002  0.46620000000000000        0.0000000000000000       0.29840000000000000       0.13919999999999999     
   174.00000000000000        9.2224849980542339E-002   0.0000000000000000       0.56220000000000003        0.0000000000000000       0.29799999999999999       0.13980000000000001     
   175.00000000000000       0.11190262601331746        0.0000000000000000       0.55920000000000003        0.0000000000000000       0.29980000000000001       0.14099999999999999     
   176.00000000000000       0.13348018410430376        0.0000000000000000       0.55340000000000000        4.7999999999999996E-003  0.30080000000000001       0.14099999999999999     
   177.00000000000000       0.15358896198941224        0.0000000000000000       0.55340000000000000        4.5999999999999999E-003  0.30080000000000001       0.14119999999999999     
   178.00000000000000       0.17325010445024669        0.0000000000000000       0.55340000000000000        4.5999999999999999E-003  0.29840000000000000       0.14360000000000001     
   179.00000000000000       0.19422432443841553        0.0000000000000000       0.55340000000000000        4.5999999999999999E-003  0.30059999999999998       0.14140000000000000     
   180.00000000000000       0.21080895068794570        0.0000000000000000       0.55279999999999996        4.5999999999999999E-003  0.19739999999999999       0.24520000000000000     
   181.00000000000000       0.21505426741941513        0.0000000000000000       0.55279999999999996        4.1999999999999997E-003  0.18440000000000001       0.25860000000000000     
   182.00000000000000       0.30622205858382334        1.2000000000000000E-002  0.52200000000000002        1.4999999999999999E-002  0.17280000000000001       0.27820000000000000     
   183.00000000000000       0.79541233160364655        4.1599999999999998E-002  0.43020000000000003        4.0399999999999998E-002  0.20740000000000000       0.28039999999999998     
   184.00000000000000       0.26926730779532004        4.0399999999999998E-002  0.41139999999999999        5.1799999999999999E-002  0.23019999999999999       0.26619999999999999     
   185.00000000000000       0.27570304672052109        3.7800000000000000E-002  0.38019999999999998        8.4800000000000000E-002  0.22960000000000000       0.26760000000000000     
   186.00000000000000       0.27866031434401473        3.6200000000000003E-002  0.37140000000000001        9.4600000000000004E-002  0.23440000000000000       0.26340000000000002     
   187.00000000000000       0.27954262543321456        3.5999999999999997E-002  0.35880000000000001       0.10560000000000000       0.23540000000000000       0.26419999999999999     
   188.00000000000000       0.27830346681164142        4.0000000000000001E-002  0.35880000000000001       0.10140000000000000       0.23580000000000001       0.26400000000000001     
   189.00000000000000       0.27716585916251429        3.9000000000000000E-002  0.36059999999999998       0.10040000000000000       0.23580000000000001       0.26419999999999999     
   190.00000000000000       0.27281365006580627        4.2000000000000003E-002  0.33000000000000002       0.12720000000000001       0.23699999999999999       0.26379999999999998     
   191.00000000000000       0.26816538263385298        4.2000000000000003E-002  0.32519999999999999       0.12900000000000000       0.24199999999999999       0.26179999999999998     
   192.00000000000000       0.26292045207548376        3.9399999999999998E-002  0.32479999999999998       0.13180000000000000       0.24199999999999999       0.26200000000000001     
   193.00000000000000       0.25556922492211209        4.1599999999999998E-002  0.32240000000000002       0.12880000000000000       0.24440000000000001       0.26279999999999998     
   194.00000000000000       0.24770450871622179        4.0599999999999997E-002  0.32160000000000000       0.13039999999999999       0.24340000000000001       0.26400000000000001     
   195.00000000000000       0.24029309876558974        4.0599999999999997E-002  0.31580000000000003       0.13539999999999999       0.24540000000000001       0.26279999999999998     
   196.00000000000000       0.23461799770034975        1.7999999999999999E-002  0.33820000000000000       0.13500000000000001       0.24600000000000000       0.26279999999999998     
   197.00000000000000       0.23735829731457847        1.5599999999999999E-002  0.26000000000000001       0.21560000000000001       0.24600000000000000       0.26279999999999998     
   198.00000000000000       0.23878754706672450        1.7200000000000000E-002  0.25679999999999997       0.21560000000000001       0.24940000000000001       0.26100000000000001     
   199.00000000000000       0.23732359785713464        1.7200000000000000E-002  0.25679999999999997       0.21560000000000001       0.24840000000000001       0.26200000000000001     
   200.00000000000000       0.23537767123145814        1.5400000000000000E-002  0.25540000000000002       0.21560000000000001       0.25159999999999999       0.26200000000000001     
   201.00000000000000       0.23186968534818872        1.5400000000000000E-002  0.25540000000000002       0.21560000000000001       0.24779999999999999       0.26579999999999998     
   202.00000000000000       0.22815179154489379        1.5400000000000000E-002  0.25219999999999998       0.21560000000000001       0.25319999999999998       0.26360000000000000     
   203.00000000000000       0.22311902845243414        1.5400000000000000E-002  0.25219999999999998       0.21560000000000001       0.25280000000000002       0.26400000000000001     
   204.00000000000000       0.21728272749824051        1.5400000000000000E-002  0.25219999999999998       0.21560000000000001       0.25259999999999999       0.26419999999999999     
   205.00000000000000       0.21088414886229179        1.5400000000000000E-002  0.25200000000000000       0.21560000000000001       0.25200000000000000       0.26500000000000001     
   206.00000000000000       0.20550996472178523        1.5800000000000002E-002  0.24920000000000000       0.21560000000000001       0.25219999999999998       0.26719999999999999     
   207.00000000000000       0.19940941652753141        2.7400000000000001E-002  0.22939999999999999       0.22359999999999999       0.25100000000000000       0.26860000000000001     
   208.00000000000000       0.20265189462167066        2.7400000000000001E-002  0.16300000000000001       0.28520000000000001       0.25519999999999998       0.26919999999999999     
   209.00000000000000       0.21256547802052966        2.7400000000000001E-002  0.16320000000000001       0.28499999999999998       0.25340000000000001       0.27100000000000002     
   210.00000000000000       0.22456070251761587        2.5999999999999999E-002  0.16139999999999999       0.28739999999999999       0.25340000000000001       0.27179999999999999     
   211.00000000000000       0.23883959647089445        2.4400000000000002E-002  0.16200000000000001       0.28739999999999999       0.25380000000000003       0.27239999999999998     
   212.00000000000000       0.25590407776725077        2.2800000000000001E-002  0.15800000000000000       0.28920000000000001       0.25719999999999998       0.27279999999999999     
   213.00000000000000       0.27385044573939926        2.2800000000000001E-002  0.15759999999999999       0.28599999999999998       0.26079999999999998       0.27279999999999999     
   214.00000000000000       0.29325766633200889        2.1999999999999999E-002  0.15520000000000000       0.28860000000000002       0.26000000000000001       0.27420000000000000     
   215.00000000000000       0.31269102899912332        2.2200000000000001E-002  0.15260000000000001       0.28999999999999998       0.26040000000000002       0.27479999999999999     
   216.00000000000000       0.33206763926873778        2.1999999999999999E-002  0.14920000000000000       0.29280000000000000       0.26079999999999998       0.27520000000000000     
