#        BMIN =   404
#        BMAX =   408
#     INIBAND =   406
#      NBANDS =   540
#         NSW =  2000
#       POTIM =   1.0
#        TEMP = 300.0
#    NAMDTINI =   813
#    NAMDTIME =  1000
#       NTRAJ =  5000
#        NELM =  1000
#       LHOLE =     T
#        LSHP =     T
#      LCPTXT =     T
#      RUNDIR = ../../run/
   1.0000000000000000        4.8910862683572739E-002   0.0000000000000000        0.0000000000000000        1.0000000000000000        0.0000000000000000        0.0000000000000000     
   2.0000000000000000        6.2753232407183862E-002   0.0000000000000000        0.0000000000000000       0.99980000000000002        2.0000000000000001E-004   0.0000000000000000     
   3.0000000000000000        7.5232519431794320E-002   0.0000000000000000        0.0000000000000000       0.99980000000000002        2.0000000000000001E-004   0.0000000000000000     
   4.0000000000000000        8.6105380883843147E-002   0.0000000000000000        0.0000000000000000       0.99939999999999996        2.0000000000000001E-004   4.0000000000000002E-004
   5.0000000000000000        9.4459526396782706E-002   0.0000000000000000        0.0000000000000000       0.99860000000000004        2.0000000000000001E-004   1.1999999999999999E-003
   6.0000000000000000        9.9785711149391609E-002   0.0000000000000000        0.0000000000000000       0.99819999999999998        5.9999999999999995E-004   1.1999999999999999E-003
   7.0000000000000000       0.10177647668171241        0.0000000000000000        0.0000000000000000       0.99700000000000000        5.9999999999999995E-004   2.3999999999999998E-003
   8.0000000000000000        9.9668162124049609E-002   0.0000000000000000        0.0000000000000000       0.99660000000000004        1.0000000000000000E-003   2.3999999999999998E-003
   9.0000000000000000        9.4816874502158990E-002   0.0000000000000000        0.0000000000000000       0.99419999999999997        2.0000000000000000E-003   3.8000000000000000E-003
   10.000000000000000        8.5350135480746367E-002   0.0000000000000000        0.0000000000000000       0.99419999999999997        2.0000000000000000E-003   3.8000000000000000E-003
   11.000000000000000        7.2505722527679381E-002   0.0000000000000000        0.0000000000000000       0.99419999999999997        2.0000000000000000E-003   3.8000000000000000E-003
   12.000000000000000        5.6500711911225757E-002   0.0000000000000000        0.0000000000000000       0.99419999999999997        2.0000000000000000E-003   3.8000000000000000E-003
   13.000000000000000        3.8042033496059648E-002   0.0000000000000000        0.0000000000000000       0.99399999999999999        2.2000000000000001E-003   3.8000000000000000E-003
   14.000000000000000        1.7554529800665061E-002   0.0000000000000000        0.0000000000000000       0.99299999999999999        2.2000000000000001E-003   4.7999999999999996E-003
   15.000000000000000       -4.5764350751926631E-003   0.0000000000000000        0.0000000000000000       0.99299999999999999        2.2000000000000001E-003   4.7999999999999996E-003
   16.000000000000000       -2.8282777215546905E-002   0.0000000000000000        0.0000000000000000       0.99260000000000004        2.0000000000000000E-003   5.4000000000000003E-003
   17.000000000000000       -5.0262877652099067E-002   0.0000000000000000        0.0000000000000000       0.99180000000000001        2.0000000000000000E-003   6.1999999999999998E-003
   18.000000000000000       -7.2885512802482164E-002   0.0000000000000000        0.0000000000000000       0.99180000000000001        2.0000000000000000E-003   6.1999999999999998E-003
   19.000000000000000       -9.4612059848808078E-002   0.0000000000000000        0.0000000000000000       0.99180000000000001        2.0000000000000000E-003   6.1999999999999998E-003
   20.000000000000000      -0.11402207936555452        0.0000000000000000        0.0000000000000000       0.99180000000000001        2.0000000000000000E-003   6.1999999999999998E-003
   21.000000000000000      -0.13118648142104461        0.0000000000000000        0.0000000000000000       0.99180000000000001        2.0000000000000000E-003   6.1999999999999998E-003
   22.000000000000000      -0.14566188372256833        0.0000000000000000        0.0000000000000000       0.99160000000000004        2.2000000000000001E-003   6.1999999999999998E-003
   23.000000000000000      -0.14085697390420615        0.0000000000000000        0.0000000000000000       0.99160000000000004        2.2000000000000001E-003   6.1999999999999998E-003
   24.000000000000000      -0.11050401937191082        0.0000000000000000        0.0000000000000000       0.99160000000000004        2.2000000000000001E-003   6.1999999999999998E-003
   25.000000000000000       -7.6667289670682301E-002   0.0000000000000000        0.0000000000000000       0.99160000000000004        2.0000000000000000E-003   6.4000000000000003E-003
   26.000000000000000       -4.8840845628012011E-002   0.0000000000000000        0.0000000000000000       0.99160000000000004        2.0000000000000000E-003   6.4000000000000003E-003
   27.000000000000000       -2.6854951933891619E-002   0.0000000000000000        0.0000000000000000       0.99160000000000004        2.0000000000000000E-003   6.4000000000000003E-003
   28.000000000000000        5.3963415817673849E-003   0.0000000000000000        0.0000000000000000       0.99160000000000004        2.0000000000000000E-003   6.4000000000000003E-003
   29.000000000000000        2.8227969605350227E-002   0.0000000000000000        0.0000000000000000       0.99239999999999995        2.0000000000000001E-004   7.4000000000000003E-003
   30.000000000000000        2.0598056341157928E-002   0.0000000000000000        0.0000000000000000       0.99060000000000004        2.0000000000000001E-004   9.1999999999999998E-003
   31.000000000000000        1.1042248333445963E-002   0.0000000000000000        0.0000000000000000       0.98780000000000001        2.0000000000000001E-004   1.2000000000000000E-002
   32.000000000000000        2.0901031575756546E-003   0.0000000000000000        0.0000000000000000       0.98780000000000001        2.0000000000000001E-004   1.2000000000000000E-002
   33.000000000000000       -3.5735550825871688E-003   0.0000000000000000        0.0000000000000000       0.98419999999999996        2.0000000000000001E-004   1.5599999999999999E-002
   34.000000000000000       -8.1823930639695636E-003   0.0000000000000000        0.0000000000000000       0.98419999999999996        2.0000000000000001E-004   1.5599999999999999E-002
   35.000000000000000       -1.0393042645418826E-002   0.0000000000000000        0.0000000000000000       0.98419999999999996        2.0000000000000001E-004   1.5599999999999999E-002
   36.000000000000000       -9.4626836899645989E-003   0.0000000000000000        0.0000000000000000       0.98419999999999996        2.0000000000000001E-004   1.5599999999999999E-002
   37.000000000000000       -5.9342972948504347E-003   0.0000000000000000        0.0000000000000000       0.96819999999999995        1.6199999999999999E-002   1.5599999999999999E-002
   38.000000000000000       -3.3771481309948351E-002   0.0000000000000000        0.0000000000000000       0.96819999999999995        1.6199999999999999E-002   1.5599999999999999E-002
   39.000000000000000       -6.8390457655193956E-002   0.0000000000000000        0.0000000000000000       0.96819999999999995        1.6199999999999999E-002   1.5599999999999999E-002
   40.000000000000000      -0.10578491268383944        0.0000000000000000        0.0000000000000000       0.96819999999999995        1.5599999999999999E-002   1.6199999999999999E-002
   41.000000000000000      -0.14509401562781535        0.0000000000000000        0.0000000000000000       0.96819999999999995        1.5400000000000000E-002   1.6400000000000001E-002
   42.000000000000000      -0.18421966375103419        0.0000000000000000        0.0000000000000000       0.96819999999999995        1.8599999999999998E-002   1.3200000000000000E-002
   43.000000000000000      -0.22502768508288293        0.0000000000000000       0.66739999999999999       0.29940000000000000        1.7800000000000000E-002   1.5400000000000000E-002
   44.000000000000000      -0.24841395075790079        5.4000000000000003E-003  0.62339999999999995       0.33800000000000002        1.7800000000000000E-002   1.5400000000000000E-002
   45.000000000000000      -0.24747820569614393        5.4000000000000003E-003  0.56059999999999999       0.40060000000000001        1.7800000000000000E-002   1.5599999999999999E-002
   46.000000000000000      -0.23269710067698762        5.7999999999999996E-003  0.56259999999999999       0.39520000000000000        2.0400000000000001E-002   1.6000000000000000E-002
   47.000000000000000      -0.21801554338818435        3.0000000000000001E-003  0.81960000000000000       0.14099999999999999        2.0400000000000001E-002   1.6000000000000000E-002
   48.000000000000000      -0.20350096426317749        1.4000000000000000E-003  0.82799999999999996       0.13380000000000000        2.0799999999999999E-002   1.6000000000000000E-002
   49.000000000000000      -0.18868809071545276        1.1999999999999999E-003  0.82879999999999998       0.13320000000000001        2.0600000000000000E-002   1.6199999999999999E-002
   50.000000000000000      -0.17253919267411458        1.1999999999999999E-003  0.82720000000000005       0.13439999999999999        2.0000000000000000E-002   1.7200000000000000E-002
   51.000000000000000      -0.15506924375426484        1.1999999999999999E-003  0.82720000000000005       0.13360000000000000        2.0799999999999999E-002   1.7200000000000000E-002
   52.000000000000000      -0.13677493259791143        1.1999999999999999E-003  0.81899999999999995       0.14160000000000000        2.0799999999999999E-002   1.7399999999999999E-002
   53.000000000000000      -0.11791118476629314        1.1999999999999999E-003  0.81559999999999999       0.14380000000000001        2.1600000000000001E-002   1.7800000000000000E-002
   54.000000000000000       -9.9312491910417328E-002   1.1999999999999999E-003  0.81479999999999997       0.14419999999999999        2.1200000000000000E-002   1.8599999999999998E-002
   55.000000000000000       -8.0674332206709748E-002   1.1999999999999999E-003  0.81120000000000003       0.14760000000000001        2.1399999999999999E-002   1.8599999999999998E-002
   56.000000000000000       -6.2731250590941715E-002   1.1999999999999999E-003  0.81120000000000003       0.14760000000000001        2.1399999999999999E-002   1.8599999999999998E-002
   57.000000000000000       -4.5251139340031207E-002   1.1999999999999999E-003  0.80820000000000003       0.15020000000000000        2.1600000000000001E-002   1.8800000000000001E-002
   58.000000000000000       -2.8944228514924931E-002   1.0999999999999999E-002  0.79759999999999998       0.14799999999999999        2.3800000000000002E-002   1.9599999999999999E-002
   59.000000000000000        1.0615265969700669E-002   1.0999999999999999E-002  0.79759999999999998       0.14799999999999999        2.3800000000000002E-002   1.9599999999999999E-002
   60.000000000000000        6.6516675284593402E-002   8.8000000000000005E-003  0.44679999999999997       0.49959999999999999        2.5000000000000001E-002   1.9800000000000002E-002
   61.000000000000000        9.5762144678618363E-002   8.8000000000000005E-003  0.44560000000000000       0.49959999999999999        2.5600000000000001E-002   2.0400000000000001E-002
   62.000000000000000       0.12291636792224356        8.9999999999999993E-003  0.44540000000000002       0.49959999999999999        2.5600000000000001E-002   2.0400000000000001E-002
   63.000000000000000       0.14673037375389911        8.8000000000000005E-003  0.44240000000000002       0.49959999999999999        2.8600000000000000E-002   2.0600000000000000E-002
   64.000000000000000       0.16632784234245793        9.1999999999999998E-003  0.44040000000000001       0.49959999999999999        2.8600000000000000E-002   2.2200000000000001E-002
   65.000000000000000       0.18113906206983579        9.1999999999999998E-003  0.44040000000000001       0.49959999999999999        2.8600000000000000E-002   2.2200000000000001E-002
   66.000000000000000       0.19150241135044058        9.4000000000000004E-003  0.44000000000000000       0.49959999999999999        2.8600000000000000E-002   2.2400000000000000E-002
   67.000000000000000       0.19799136195651348        9.1999999999999998E-003  0.43900000000000000       0.49959999999999999        2.9600000000000001E-002   2.2599999999999999E-002
   68.000000000000000       0.19986041974242769        9.4000000000000004E-003  0.43880000000000002       0.49959999999999999        2.8400000000000002E-002   2.3800000000000002E-002
   69.000000000000000       0.19773483725472360        1.0000000000000000E-002  0.43800000000000000       0.49959999999999999        2.8400000000000002E-002   2.4000000000000000E-002
   70.000000000000000       0.19093668246170237        8.8000000000000005E-003  0.47420000000000001       0.46460000000000001        2.8400000000000002E-002   2.4000000000000000E-002
   71.000000000000000       0.18344119843243298        7.0000000000000001E-003  0.47420000000000001       0.46479999999999999        2.8400000000000002E-002   2.5600000000000001E-002
   72.000000000000000       0.17340520298213774        8.3999999999999995E-003  0.46560000000000001       0.46980000000000000        2.7199999999999998E-002   2.9000000000000001E-002
   73.000000000000000       0.17309827005353670        8.3999999999999995E-003  0.46560000000000001       0.46879999999999999        2.8199999999999999E-002   2.9000000000000001E-002
   74.000000000000000       0.18367073558018446        8.3999999999999995E-003  0.46539999999999998       0.46879999999999999        2.8400000000000002E-002   2.9000000000000001E-002
   75.000000000000000       0.19621146822679464        7.7999999999999996E-003  0.45920000000000000       0.47480000000000000        2.8400000000000002E-002   2.9800000000000000E-002
   76.000000000000000       0.20931798875699562        6.6000000000000000E-003  0.46039999999999998       0.47480000000000000        2.8400000000000002E-002   2.9800000000000000E-002
   77.000000000000000       0.22269541946918200        4.0000000000000001E-003  0.45600000000000002       0.48120000000000002        2.8799999999999999E-002   2.9999999999999999E-002
   78.000000000000000       0.23797339627438602        4.0000000000000001E-003  0.44540000000000002       0.48840000000000000        3.2000000000000001E-002   3.0200000000000001E-002
   79.000000000000000       0.26009473111381631        4.0000000000000001E-003  0.44000000000000000       0.49199999999999999        3.3799999999999997E-002   3.0200000000000001E-002
   80.000000000000000       0.26274951515822964        4.0000000000000001E-003  0.44059999999999999       0.49120000000000003        3.4000000000000002E-002   3.0200000000000001E-002
   81.000000000000000       0.29208391673041306        3.5999999999999999E-003  0.44080000000000003       0.49020000000000002        3.5200000000000002E-002   3.0200000000000001E-002
   82.000000000000000       0.28873932469435282        3.3999999999999998E-003  0.44100000000000000       0.49020000000000002        3.5200000000000002E-002   3.0200000000000001E-002
   83.000000000000000       0.30677302669743733        3.3999999999999998E-003  0.44040000000000001       0.49020000000000002        3.5799999999999998E-002   3.0200000000000001E-002
   84.000000000000000       0.33075762813627119        3.2000000000000002E-003  0.44819999999999999       0.48259999999999997        3.5799999999999998E-002   3.0200000000000001E-002
   85.000000000000000       0.34826173635435348        3.2000000000000002E-003  0.44219999999999998       0.48759999999999998        3.6600000000000001E-002   3.0400000000000000E-002
   86.000000000000000       0.26268119536200740        2.3999999999999998E-003  0.41899999999999998       0.50860000000000005        3.8600000000000002E-002   3.1399999999999997E-002
   87.000000000000000       0.35468083307955600        2.3999999999999998E-003  0.41880000000000001       0.50680000000000003        3.9199999999999999E-002   3.2800000000000003E-002
   88.000000000000000       0.16853793866463829        2.0000000000000000E-003  0.40960000000000002       0.51580000000000004        3.9800000000000002E-002   3.2800000000000003E-002
   89.000000000000000       0.39073102481068839        1.6000000000000001E-003  0.40999999999999998       0.51400000000000001        4.1599999999999998E-002   3.2800000000000003E-002
   90.000000000000000       0.39725995837172345        1.1999999999999999E-003  0.41060000000000002       0.51339999999999997        4.1599999999999998E-002   3.3200000000000000E-002
   91.000000000000000       0.38510785334737696        1.1999999999999999E-003  0.40539999999999998       0.51800000000000002        4.2200000000000001E-002   3.3200000000000000E-002
   92.000000000000000       0.36502205865967507        1.1999999999999999E-003  0.39800000000000002       0.52480000000000004        4.2599999999999999E-002   3.3399999999999999E-002
   93.000000000000000       0.47236583822416500        1.1999999999999999E-003  0.39800000000000002       0.52480000000000004        4.2599999999999999E-002   3.3399999999999999E-002
   94.000000000000000       0.37618844389694900        1.1999999999999999E-003  0.39500000000000002       0.52780000000000005        4.2599999999999999E-002   3.3399999999999999E-002
   95.000000000000000       0.36912721182332064        1.1999999999999999E-003  0.39500000000000002       0.52759999999999996        4.2799999999999998E-002   3.3399999999999999E-002
   96.000000000000000       0.34225043513430253        1.8000000000000000E-003  0.39419999999999999       0.52480000000000004        4.4200000000000003E-002   3.5000000000000003E-002
   97.000000000000000       0.20701892830780519        1.1999999999999999E-003  0.39419999999999999       0.51700000000000002        3.3399999999999999E-002   5.4199999999999998E-002
   98.000000000000000       0.48456446215153431        1.1999999999999999E-003  0.39379999999999998       0.50380000000000003        4.6600000000000003E-002   5.4600000000000003E-002
   99.000000000000000       0.50541362859006034        1.1999999999999999E-003  0.38660000000000000       0.50319999999999998        4.6600000000000003E-002   6.2399999999999997E-002
   100.00000000000000       0.48624187778322658        1.0000000000000000E-003  0.38500000000000001       0.49880000000000002        4.5999999999999999E-002   6.9199999999999998E-002
   101.00000000000000       0.47820440394682978        1.6000000000000001E-003  0.34499999999999997       0.53779999999999994        4.5999999999999999E-002   6.9599999999999995E-002
   102.00000000000000       0.30000486276345772        1.4000000000000000E-003  0.34499999999999997       0.53739999999999999        4.5999999999999999E-002   7.0199999999999999E-002
   103.00000000000000       0.28375174620562238        1.1999999999999999E-003  0.33500000000000002       0.54500000000000004        4.5800000000000000E-002   7.2999999999999995E-002
   104.00000000000000       0.26427477318898501        1.1999999999999999E-003  0.33520000000000000       0.54459999999999997        4.5999999999999999E-002   7.2999999999999995E-002
   105.00000000000000       0.24531098769675294        1.1999999999999999E-003  0.33379999999999999       0.54339999999999999        4.7000000000000000E-002   7.4600000000000000E-002
   106.00000000000000       0.22421018376343110        1.1999999999999999E-003  0.33400000000000002       0.54100000000000004        4.8599999999999997E-002   7.5200000000000003E-002
   107.00000000000000       0.20301841071488139        1.8000000000000000E-003  0.33100000000000002       0.54200000000000004        4.8599999999999997E-002   7.6600000000000001E-002
   108.00000000000000       0.18119150151321525        1.8000000000000000E-003  0.33100000000000002       0.54200000000000004        4.8599999999999997E-002   7.6600000000000001E-002
   109.00000000000000       0.16023480617554181        4.7999999999999996E-003  0.31700000000000000       0.55120000000000002        5.0400000000000000E-002   7.6600000000000001E-002
   110.00000000000000       0.14083787570396605        1.8200000000000001E-002  0.27620000000000000       0.57799999999999996        5.1200000000000002E-002   7.6399999999999996E-002
   111.00000000000000       0.12066489401341626        1.6600000000000000E-002  0.26900000000000002       0.58360000000000001        5.2200000000000003E-002   7.8600000000000003E-002
   112.00000000000000        9.9440773822990963E-002   1.7200000000000000E-002  0.26760000000000000       0.58320000000000005        5.9999999999999998E-002   7.1999999999999995E-002
   113.00000000000000        7.7397745028156342E-002   1.7200000000000000E-002  0.27460000000000001       0.57599999999999996        5.9999999999999998E-002   7.2200000000000000E-002
   114.00000000000000        5.6584968313991839E-002   1.7200000000000000E-002  0.27960000000000002       0.56799999999999995        6.0600000000000001E-002   7.4600000000000000E-002
   115.00000000000000        3.9101383543589871E-002   1.8400000000000000E-002  0.25159999999999999       0.58860000000000001        6.5799999999999997E-002   7.5600000000000001E-002
   116.00000000000000        1.9061993067385097E-002   1.5800000000000002E-002  0.25659999999999999       0.58420000000000005        6.5799999999999997E-002   7.7600000000000002E-002
   117.00000000000000       -1.0182912480013705E-003   1.4400000000000000E-002  0.25600000000000001       0.58579999999999999        6.5600000000000006E-002   7.8200000000000006E-002
   118.00000000000000       -1.9617985318008631E-002   1.2999999999999999E-002  0.24360000000000001       0.59899999999999998        6.5600000000000006E-002   7.8799999999999995E-002
   119.00000000000000       -3.8089529685097247E-002   1.2999999999999999E-002  0.24160000000000001       0.59799999999999998        6.8400000000000002E-002   7.9000000000000001E-002
   120.00000000000000       -5.6249380442889269E-002   1.3400000000000000E-002  0.24079999999999999       0.59699999999999998        6.9800000000000001E-002   7.9000000000000001E-002
   121.00000000000000       -7.3010476776702388E-002   1.3400000000000000E-002  0.24220000000000000       0.59560000000000002        6.9199999999999998E-002   7.9600000000000004E-002
   122.00000000000000       -8.7870524102375808E-002   9.4000000000000004E-003  0.24800000000000000       0.59340000000000004        6.9599999999999995E-002   7.9600000000000004E-002
   123.00000000000000       -9.5180709115920137E-002   1.2800000000000001E-002  0.23319999999999999       0.60480000000000000        6.9199999999999998E-002   8.0000000000000002E-002
   124.00000000000000       -9.1107466427980094E-002   1.3800000000000000E-002  0.23219999999999999       0.60480000000000000        6.9199999999999998E-002   8.0000000000000002E-002
   125.00000000000000       -7.6277973340092176E-002   1.3800000000000000E-002  0.23200000000000001       0.60480000000000000        6.8599999999999994E-002   8.0799999999999997E-002
   126.00000000000000       -6.0303924015550223E-002   1.3800000000000000E-002  0.23200000000000001       0.60480000000000000        6.8599999999999994E-002   8.0799999999999997E-002
   127.00000000000000       -4.3107820504838301E-002   1.3800000000000000E-002  0.23160000000000000       0.60480000000000000        6.8400000000000002E-002   8.1400000000000000E-002
   128.00000000000000       -2.8330820695493523E-002   1.3800000000000000E-002  0.23139999999999999       0.60480000000000000        6.8599999999999994E-002   8.1400000000000000E-002
   129.00000000000000       -1.3790109905708725E-002   1.3599999999999999E-002  0.23119999999999999       0.60499999999999998        6.8599999999999994E-002   8.1600000000000006E-002
   130.00000000000000       -1.8325207846314612E-003   1.3599999999999999E-002  0.23119999999999999       0.60499999999999998        6.8599999999999994E-002   8.1600000000000006E-002
   131.00000000000000        7.4943932749609865E-003   1.3599999999999999E-002  0.23119999999999999       0.60499999999999998        6.8000000000000005E-002   8.2199999999999995E-002
   132.00000000000000        1.4026872462093049E-002   1.3599999999999999E-002  0.23119999999999999       0.60499999999999998        6.8000000000000005E-002   8.2199999999999995E-002
   133.00000000000000        1.2759764901249283E-003   1.3599999999999999E-002  0.83520000000000005        2.0000000000000001E-004   6.8199999999999997E-002   8.2799999999999999E-002
   134.00000000000000        1.5449735645586261E-002   1.3599999999999999E-002  0.83520000000000005        2.0000000000000001E-004   6.8199999999999997E-002   8.2799999999999999E-002
   135.00000000000000        2.4815634820327809E-003   1.3599999999999999E-002  0.83520000000000005        2.0000000000000001E-004   6.8199999999999997E-002   8.2799999999999999E-002
   136.00000000000000       -1.4849848241291031E-002   1.3400000000000000E-002  0.83460000000000001        5.9999999999999995E-004   6.8199999999999997E-002   8.3199999999999996E-002
   137.00000000000000       -3.5985623647099320E-002   2.8400000000000002E-002  0.81779999999999997        2.3999999999999998E-003   6.6199999999999995E-002   8.5199999999999998E-002
   138.00000000000000       -1.2177267963110527E-002   2.8400000000000002E-002  0.81779999999999997        2.3999999999999998E-003   6.4199999999999993E-002   8.7200000000000000E-002
   139.00000000000000        1.3781877609832942E-002   2.7799999999999998E-002  0.81420000000000003        3.0000000000000001E-003   6.3000000000000000E-002   9.1999999999999998E-002
   140.00000000000000        3.9191313231988198E-002   2.7799999999999998E-002  0.81379999999999997        3.3999999999999998E-003   6.1800000000000001E-002   9.3200000000000005E-002
   141.00000000000000        6.4209367011410973E-002   2.7199999999999998E-002  0.81340000000000001        3.5999999999999999E-003   6.1800000000000001E-002   9.4000000000000000E-002
   142.00000000000000        8.9552661723404842E-002   2.7199999999999998E-002  0.79840000000000000        1.8400000000000000E-002   6.1800000000000001E-002   9.4200000000000006E-002
   143.00000000000000       0.11199013375063702        2.6200000000000001E-002  0.79720000000000002        1.8400000000000000E-002   6.3200000000000006E-002   9.5000000000000001E-002
   144.00000000000000       0.13125185882152968        2.6200000000000001E-002  0.79640000000000000        1.9000000000000000E-002   6.3399999999999998E-002   9.5000000000000001E-002
   145.00000000000000       0.14953492733397580        2.5000000000000001E-002  0.79579999999999995        1.9199999999999998E-002   6.1400000000000003E-002   9.8599999999999993E-002
   146.00000000000000       0.16436990827969761        2.4799999999999999E-002  0.78359999999999996        3.1399999999999997E-002   6.1400000000000003E-002   9.8799999999999999E-002
   147.00000000000000       0.17295516270700412        2.4799999999999999E-002  0.78200000000000003        3.0800000000000001E-002   6.3200000000000006E-002   9.9199999999999997E-002
   148.00000000000000       0.18970781033633996        2.3800000000000002E-002  0.78080000000000005        3.0599999999999999E-002   6.2799999999999995E-002  0.10199999999999999     
   149.00000000000000       0.18955897505524438        2.3599999999999999E-002  0.76819999999999999        4.2200000000000001E-002   6.3799999999999996E-002  0.10220000000000000     
   150.00000000000000       0.18445492327365290        2.3400000000000001E-002  0.76819999999999999        4.2200000000000001E-002   6.3799999999999996E-002  0.10240000000000000     
   151.00000000000000       0.18090552421411346        2.3400000000000001E-002  0.76659999999999995        4.3200000000000002E-002   6.4399999999999999E-002  0.10240000000000000     
   152.00000000000000       0.17441876974046241        2.3000000000000000E-002  0.76600000000000001        4.3200000000000002E-002   6.5199999999999994E-002  0.10260000000000000     
   153.00000000000000       0.15593977060140629        2.3000000000000000E-002  0.76559999999999995        4.3200000000000002E-002   6.5600000000000006E-002  0.10260000000000000     
   154.00000000000000       0.14318648228005712        2.2599999999999999E-002  0.76180000000000003        4.6600000000000003E-002   6.5799999999999997E-002  0.10320000000000000     
   155.00000000000000       0.12548947662644477        2.2400000000000000E-002  0.76100000000000001        4.6800000000000001E-002   6.6600000000000006E-002  0.10320000000000000     
   156.00000000000000       0.10559752801377678        2.2400000000000000E-002  0.76000000000000001        4.6600000000000003E-002   6.7599999999999993E-002  0.10340000000000001     
   157.00000000000000        8.4178558347548366E-002   2.2400000000000000E-002  0.76000000000000001        4.6600000000000003E-002   6.6600000000000006E-002  0.10440000000000001     
   158.00000000000000        6.2400195151350854E-002   2.2400000000000000E-002  0.75880000000000003        4.6600000000000003E-002   6.7000000000000004E-002  0.10520000000000000     
   159.00000000000000        4.2746271611819445E-002   0.0000000000000000       0.77720000000000000        5.0200000000000002E-002   6.7199999999999996E-002  0.10539999999999999     
   160.00000000000000        5.3986212636976408E-002   0.0000000000000000       0.77720000000000000        5.0200000000000002E-002   6.7199999999999996E-002  0.10539999999999999     
   161.00000000000000        9.0446040876533240E-002   0.0000000000000000       0.77720000000000000        5.0200000000000002E-002   6.6799999999999998E-002  0.10580000000000001     
   162.00000000000000       0.12352748744777386        0.0000000000000000       0.77720000000000000        5.0200000000000002E-002   6.6799999999999998E-002  0.10580000000000001     
   163.00000000000000       0.15273315397488940        0.0000000000000000       0.77720000000000000        5.0200000000000002E-002   6.6199999999999995E-002  0.10639999999999999     
   164.00000000000000       0.17693276458553411        0.0000000000000000       0.77720000000000000        4.9399999999999999E-002   6.6600000000000006E-002  0.10680000000000001     
   165.00000000000000       0.20083343976339837        0.0000000000000000       0.54520000000000002       0.28120000000000001        6.6799999999999998E-002  0.10680000000000001     
   166.00000000000000       0.20247890603749816        0.0000000000000000       0.54420000000000002       0.28120000000000001        6.5600000000000006E-002  0.10900000000000000     
   167.00000000000000       0.19407836197471895        0.0000000000000000       0.54359999999999997       0.28120000000000001        6.5799999999999997E-002  0.10940000000000000     
   168.00000000000000       0.18465032037742105        0.0000000000000000       0.54300000000000004       0.28120000000000001        6.5799999999999997E-002  0.11000000000000000     
   169.00000000000000       0.17184877842370183        0.0000000000000000       0.54279999999999995       0.28120000000000001        6.6000000000000003E-002  0.11000000000000000     
   170.00000000000000       0.15720430582851724        0.0000000000000000       0.54239999999999999       0.28120000000000001        6.3000000000000000E-002  0.11340000000000000     
   171.00000000000000       0.14110381454389523        0.0000000000000000       0.54159999999999997       0.28120000000000001        6.3799999999999996E-002  0.11340000000000000     
   172.00000000000000       0.12346989968705832        0.0000000000000000       0.54079999999999995       0.28120000000000001        6.2600000000000003E-002  0.11540000000000000     
   173.00000000000000       0.11472223067710713        0.0000000000000000        0.0000000000000000       0.82140000000000002        6.2799999999999995E-002  0.11580000000000000     
   174.00000000000000        8.9760331665409379E-002   0.0000000000000000        0.0000000000000000       0.81699999999999995        6.4199999999999993E-002  0.11880000000000000     
   175.00000000000000        7.9936017494425193E-002   0.0000000000000000        0.0000000000000000       0.81699999999999995        6.4199999999999993E-002  0.11880000000000000     
   176.00000000000000        7.1784991639332774E-002   0.0000000000000000        0.0000000000000000       0.81299999999999994        6.6400000000000001E-002  0.12060000000000000     
   177.00000000000000        6.3378312295926345E-002   0.0000000000000000        0.0000000000000000       0.80940000000000001        6.5600000000000006E-002  0.12500000000000000     
   178.00000000000000        5.6710748218053685E-002   0.0000000000000000        0.0000000000000000       0.80940000000000001        6.4600000000000005E-002  0.12600000000000000     
   179.00000000000000        4.9961234929501885E-002   0.0000000000000000        0.0000000000000000       0.80940000000000001        6.4799999999999996E-002  0.12580000000000000     
   180.00000000000000        4.4860147008885194E-002   0.0000000000000000        0.0000000000000000       0.80800000000000005        6.4199999999999993E-002  0.12780000000000000     
   181.00000000000000        4.0172249312338176E-002   0.0000000000000000        0.0000000000000000       0.80800000000000005        6.3799999999999996E-002  0.12820000000000001     
   182.00000000000000        3.7852098016349825E-002   0.0000000000000000        0.0000000000000000       0.80579999999999996        6.3799999999999996E-002  0.13039999999999999     
   183.00000000000000        3.2674803358469132E-002   0.0000000000000000        0.0000000000000000       0.80579999999999996        6.3600000000000004E-002  0.13059999999999999     
   184.00000000000000        3.6824012791073293E-002   0.0000000000000000        0.0000000000000000       0.80420000000000003        6.3600000000000004E-002  0.13220000000000001     
   185.00000000000000        2.6902179477312008E-002   0.0000000000000000        2.0000000000000001E-004  0.80320000000000003        6.4399999999999999E-002  0.13220000000000001     
   186.00000000000000       -1.5816171822507920E-002   0.0000000000000000        2.0000000000000001E-004  0.80300000000000005        6.4399999999999999E-002  0.13239999999999999     
   187.00000000000000        5.9082332764358744E-002   0.0000000000000000        2.0000000000000001E-004  0.80200000000000005        6.4399999999999999E-002  0.13339999999999999     
   188.00000000000000        2.1552336866658896E-002   0.0000000000000000        2.0000000000000001E-004  0.80200000000000005        6.4399999999999999E-002  0.13339999999999999     
   189.00000000000000       0.13782519539310950        0.0000000000000000        2.0000000000000001E-004  0.80179999999999996        6.0400000000000002E-002  0.13760000000000000     
   190.00000000000000        3.2256119191630135E-002   0.0000000000000000        2.0000000000000001E-004  0.80179999999999996        6.0400000000000002E-002  0.13760000000000000     
   191.00000000000000        1.6581331694852215E-002   0.0000000000000000        2.0000000000000001E-004  0.80159999999999998        5.6599999999999998E-002  0.14160000000000000     
   192.00000000000000        1.6316173299577796E-002   0.0000000000000000        2.0000000000000001E-004  0.80159999999999998        5.3400000000000003E-002  0.14480000000000001     
   193.00000000000000        1.3648473703938735E-002   0.0000000000000000        3.0000000000000001E-003  0.79879999999999995        5.3400000000000003E-002  0.14480000000000001     
   194.00000000000000        2.2240659347082827E-002   0.0000000000000000        3.0000000000000001E-003  0.79879999999999995        5.3400000000000003E-002  0.14480000000000001     
   195.00000000000000        5.3344602744894422E-002   0.0000000000000000        3.0000000000000001E-003  0.79879999999999995        5.1999999999999998E-002  0.14620000000000000     
   196.00000000000000        8.1630909956283401E-002   0.0000000000000000        3.0000000000000001E-003  0.79879999999999995        4.9799999999999997E-002  0.14840000000000000     
   197.00000000000000       0.10570448898160512        0.0000000000000000        3.0000000000000001E-003  0.79879999999999995        4.9799999999999997E-002  0.14840000000000000     
   198.00000000000000       0.12522837470282669        0.0000000000000000        3.0000000000000001E-003  0.79879999999999995        4.8800000000000003E-002  0.14940000000000001     
   199.00000000000000       0.14172475112942934        0.0000000000000000        3.0000000000000001E-003  0.79879999999999995        4.8800000000000003E-002  0.14940000000000001     
   200.00000000000000       0.15019992653352218        0.0000000000000000        3.0000000000000001E-003  0.79879999999999995        4.9200000000000001E-002  0.14899999999999999     
   201.00000000000000       0.15307472215155654        0.0000000000000000        2.8000000000000000E-003  0.79879999999999995        4.4999999999999998E-002  0.15340000000000001     
   202.00000000000000       0.15139293201200224        0.0000000000000000        2.8000000000000000E-003  0.79879999999999995        4.2999999999999997E-002  0.15540000000000001     
   203.00000000000000       0.14431843366840807        0.0000000000000000        2.8000000000000000E-003  0.79879999999999995        4.1200000000000001E-002  0.15720000000000001     
   204.00000000000000       0.13247684092817213        0.0000000000000000        2.8000000000000000E-003  0.79879999999999995        3.9800000000000002E-002  0.15859999999999999     
   205.00000000000000       0.11623779471114866        0.0000000000000000        2.8000000000000000E-003  0.79879999999999995        4.0000000000000001E-002  0.15840000000000001     
   206.00000000000000        9.6027695750438652E-002   0.0000000000000000        2.8000000000000000E-003  0.79879999999999995        4.0000000000000001E-002  0.15840000000000001     
   207.00000000000000        7.3234168956464174E-002   0.0000000000000000        2.8000000000000000E-003  0.79879999999999995        4.0000000000000001E-002  0.15840000000000001     
   208.00000000000000        4.8396879265311360E-002   0.0000000000000000        2.8000000000000000E-003  0.79879999999999995        4.0000000000000001E-002  0.15840000000000001     
   209.00000000000000        2.2403901022257991E-002   0.0000000000000000        2.8000000000000000E-003  0.79879999999999995        4.0000000000000001E-002  0.15840000000000001     
   210.00000000000000       -3.9185274371056900E-003   5.9999999999999995E-004   8.8000000000000005E-003  0.79220000000000002        4.0000000000000001E-002  0.15840000000000001     
   211.00000000000000       -1.7886936640066894E-002   2.3999999999999998E-003   8.8000000000000005E-003  0.78939999999999999        3.9600000000000003E-002  0.15980000000000000     
   212.00000000000000       -1.9931933720387478E-002   3.8000000000000000E-003   8.8000000000000005E-003  0.78439999999999999        4.2200000000000001E-002  0.16080000000000000     
   213.00000000000000       -2.3253980211047756E-002   7.6000000000000000E-003   4.7999999999999996E-003  0.78200000000000003        4.4800000000000000E-002  0.16080000000000000     
   214.00000000000000       -2.6889091915346011E-002   7.6000000000000000E-003   4.5999999999999999E-003  0.77759999999999996        4.5199999999999997E-002  0.16500000000000001     
   215.00000000000000       -3.2028577839142577E-002   7.6000000000000000E-003   4.5999999999999999E-003  0.77620000000000000        4.5400000000000003E-002  0.16619999999999999     
   216.00000000000000       -3.9502131476151087E-002   7.6000000000000000E-003   4.1999999999999997E-003  0.77439999999999998        4.2200000000000001E-002  0.17160000000000000     
