#        BMIN =   404
#        BMAX =   408
#     INIBAND =   405
#      NBANDS =   540
#         NSW =  2000
#       POTIM =   1.0
#        TEMP = 300.0
#    NAMDTINI =   771
#    NAMDTIME =  1000
#       NTRAJ =  5000
#        NELM =  1000
#       LHOLE =     T
#        LSHP =     T
#      LCPTXT =     T
#      RUNDIR = ../../run/
   1.0000000000000000      -0.14044890427140486        0.0000000000000000        1.0000000000000000        0.0000000000000000        0.0000000000000000        0.0000000000000000     
   2.0000000000000000      -0.14065963584193514        2.0000000000000001E-004  0.99980000000000002        0.0000000000000000        0.0000000000000000        0.0000000000000000     
   3.0000000000000000      -0.14086660183845134        2.0000000000000001E-004  0.99980000000000002        0.0000000000000000        0.0000000000000000        0.0000000000000000     
   4.0000000000000000      -0.14106610994780908        1.4000000000000000E-003  0.99860000000000004        0.0000000000000000        0.0000000000000000        0.0000000000000000     
   5.0000000000000000      -0.14850262575241988       0.46379999999999999       0.53620000000000001        0.0000000000000000        0.0000000000000000        0.0000000000000000     
   6.0000000000000000      -0.13886068192848428       0.43020000000000003       0.56979999999999997        0.0000000000000000        0.0000000000000000        0.0000000000000000     
   7.0000000000000000      -0.12729816054929949       0.51819999999999999       0.48180000000000001        0.0000000000000000        0.0000000000000000        0.0000000000000000     
   8.0000000000000000      -0.12112289282974825       0.80959999999999999       0.18920000000000001        1.0000000000000000E-003   2.0000000000000001E-004   0.0000000000000000     
   9.0000000000000000      -0.12963195055324719       0.99880000000000002        0.0000000000000000        1.0000000000000000E-003   2.0000000000000001E-004   0.0000000000000000     
   10.000000000000000      -0.12610228760915035       0.84640000000000004       0.15240000000000001        1.0000000000000000E-003   2.0000000000000001E-004   0.0000000000000000     
   11.000000000000000      -0.14158575952116970       0.84640000000000004       0.15240000000000001        1.0000000000000000E-003   2.0000000000000001E-004   0.0000000000000000     
   12.000000000000000      -0.14620466727238984       0.82979999999999998       0.16900000000000001        1.0000000000000000E-003   2.0000000000000001E-004   0.0000000000000000     
   13.000000000000000      -0.16429760986065395       0.83260000000000001       0.16619999999999999        1.0000000000000000E-003   2.0000000000000001E-004   0.0000000000000000     
   14.000000000000000      -0.16811289818992584       0.86219999999999997       0.13639999999999999        1.0000000000000000E-003   4.0000000000000002E-004   0.0000000000000000     
   15.000000000000000      -0.17375781491232517       0.86399999999999999       0.13460000000000000        1.0000000000000000E-003   4.0000000000000002E-004   0.0000000000000000     
   16.000000000000000      -0.18139268275525300       0.86880000000000002       0.12980000000000000        1.0000000000000000E-003   4.0000000000000002E-004   0.0000000000000000     
   17.000000000000000      -0.18894678435585877       0.86319999999999997       0.13539999999999999        1.0000000000000000E-003   4.0000000000000002E-004   0.0000000000000000     
   18.000000000000000      -0.19839782570913375       0.86299999999999999       0.13539999999999999        1.1999999999999999E-003   4.0000000000000002E-004   0.0000000000000000     
   19.000000000000000      -0.21407337161625650       0.86299999999999999       0.13539999999999999        1.1999999999999999E-003   4.0000000000000002E-004   0.0000000000000000     
   20.000000000000000      -0.22983347153638034       0.87480000000000002       0.12239999999999999        2.0000000000000000E-003   5.9999999999999995E-004   2.0000000000000001E-004
   21.000000000000000      -0.24576507778335915       0.87480000000000002       0.12180000000000001        2.2000000000000001E-003   5.9999999999999995E-004   5.9999999999999995E-004
   22.000000000000000      -0.27127116235666321       0.87480000000000002       0.12180000000000001        2.2000000000000001E-003   5.9999999999999995E-004   5.9999999999999995E-004
   23.000000000000000      -0.28971892601791610       0.87039999999999995       0.12559999999999999        2.8000000000000000E-003   5.9999999999999995E-004   5.9999999999999995E-004
   24.000000000000000      -0.29303543871279786       0.83340000000000003       0.16259999999999999        2.8000000000000000E-003   5.9999999999999995E-004   5.9999999999999995E-004
   25.000000000000000      -0.29098828881269917       0.83379999999999999       0.16220000000000001        2.8000000000000000E-003   5.9999999999999995E-004   5.9999999999999995E-004
   26.000000000000000      -0.28838246125797645       0.82860000000000000       0.16739999999999999        2.8000000000000000E-003   5.9999999999999995E-004   5.9999999999999995E-004
   27.000000000000000      -0.28558988942900426       0.80679999999999996       0.18840000000000001        3.2000000000000002E-003   1.0000000000000000E-003   5.9999999999999995E-004
   28.000000000000000      -0.27772879053763572       0.59680000000000000       0.39839999999999998        3.2000000000000002E-003   1.0000000000000000E-003   5.9999999999999995E-004
   29.000000000000000      -0.26541342767156645       0.59640000000000004       0.39839999999999998        3.3999999999999998E-003   1.1999999999999999E-003   5.9999999999999995E-004
   30.000000000000000      -0.25213287741156959       0.59619999999999995       0.39839999999999998        3.5999999999999999E-003   1.1999999999999999E-003   5.9999999999999995E-004
   31.000000000000000      -0.23758216356926085       0.59619999999999995       0.39839999999999998        3.5999999999999999E-003   1.1999999999999999E-003   5.9999999999999995E-004
   32.000000000000000      -0.22159895121059214       0.59460000000000002       0.39839999999999998        3.5999999999999999E-003   2.5999999999999999E-003   8.0000000000000004E-004
   33.000000000000000      -0.20374790033388404       0.59460000000000002       0.39839999999999998        3.5999999999999999E-003   2.5999999999999999E-003   8.0000000000000004E-004
   34.000000000000000      -0.18459667387090184       0.59319999999999995       0.39839999999999998        3.5999999999999999E-003   4.0000000000000001E-003   8.0000000000000004E-004
   35.000000000000000      -0.16535168227984690       0.59260000000000002       0.39839999999999998        3.5999999999999999E-003   3.8000000000000000E-003   1.6000000000000001E-003
   36.000000000000000      -0.14350142437198782       0.57340000000000002       0.41660000000000003        3.3999999999999998E-003   4.5999999999999999E-003   2.0000000000000000E-003
   37.000000000000000      -0.12620964382980063       0.57299999999999995       0.41480000000000000        3.3999999999999998E-003   5.0000000000000001E-003   3.8000000000000000E-003
   38.000000000000000      -0.11202278857172052       0.56759999999999999       0.41940000000000000        3.3999999999999998E-003   5.5999999999999999E-003   4.0000000000000001E-003
   39.000000000000000       -9.6699757254315719E-002  0.56720000000000004       0.41920000000000002        3.3999999999999998E-003   6.1999999999999998E-003   4.0000000000000001E-003
   40.000000000000000       -8.0053970611156114E-002  0.56720000000000004       0.41899999999999998        3.3999999999999998E-003   6.4000000000000003E-003   4.0000000000000001E-003
   41.000000000000000       -6.2005846131079422E-002  0.56479999999999997       0.34739999999999999        7.5399999999999995E-002   8.3999999999999995E-003   4.0000000000000001E-003
   42.000000000000000       -4.8469960492838901E-002  0.56479999999999997       0.34739999999999999        7.5399999999999995E-002   8.3999999999999995E-003   4.0000000000000001E-003
   43.000000000000000       -3.9406098354470981E-002  0.56399999999999995       0.34739999999999999        7.5399999999999995E-002   8.9999999999999993E-003   4.1999999999999997E-003
   44.000000000000000       -3.4085283698141573E-002  0.56399999999999995       0.34739999999999999        7.5200000000000003E-002   8.9999999999999993E-003   4.4000000000000003E-003
   45.000000000000000       -3.1995000847513812E-002  0.56320000000000003       0.34739999999999999        7.5200000000000003E-002   9.1999999999999998E-003   5.0000000000000001E-003
   46.000000000000000       -3.2443492770069221E-002  0.55879999999999996       0.34739999999999999        7.6999999999999999E-002   1.1800000000000000E-002   5.0000000000000001E-003
   47.000000000000000       -3.7180669113994785E-002  0.54579999999999995       0.36040000000000000        7.6799999999999993E-002   1.2000000000000000E-002   5.0000000000000001E-003
   48.000000000000000       -4.6564358682690689E-002  0.54579999999999995       0.35959999999999998        7.6799999999999993E-002   1.2600000000000000E-002   5.1999999999999998E-003
   49.000000000000000       -6.1791204043711655E-002  0.54579999999999995       0.35959999999999998        7.6600000000000001E-002   1.1800000000000000E-002   6.1999999999999998E-003
   50.000000000000000       -7.7434314643946595E-002  0.54579999999999995       0.35780000000000001        7.6399999999999996E-002   1.2000000000000000E-002   8.0000000000000002E-003
   51.000000000000000       -9.5489230134655684E-002  0.54579999999999995       0.35780000000000001        7.5999999999999998E-002   1.2400000000000000E-002   8.0000000000000002E-003
   52.000000000000000      -0.11392428218550572       0.54579999999999995       0.35680000000000001        7.5600000000000001E-002   1.2000000000000000E-002   9.7999999999999997E-003
   53.000000000000000      -0.13171186166868623       0.54579999999999995       0.35599999999999998        7.5800000000000006E-002   1.2000000000000000E-002   1.0400000000000000E-002
   54.000000000000000      -0.14900993251380973       0.54579999999999995       0.35480000000000000        7.4999999999999997E-002   1.4000000000000000E-002   1.0400000000000000E-002
   55.000000000000000      -0.16407853880609935       0.54339999999999999       0.35560000000000003        7.4600000000000000E-002   1.6000000000000000E-002   1.0400000000000000E-002
   56.000000000000000      -0.17630891071588881       0.53900000000000003       0.35639999999999999        7.5999999999999998E-002   1.7800000000000000E-002   1.0800000000000001E-002
   57.000000000000000      -0.18823989059066412       0.53900000000000003       0.35639999999999999        7.5999999999999998E-002   1.7800000000000000E-002   1.0800000000000001E-002
   58.000000000000000      -0.19724154607436939       0.53900000000000003       0.35399999999999998        7.8000000000000000E-002   1.8200000000000001E-002   1.0800000000000001E-002
   59.000000000000000      -0.20232317992550894       0.53900000000000003       0.35039999999999999        8.1400000000000000E-002   1.8200000000000001E-002   1.0999999999999999E-002
   60.000000000000000      -0.20396926172902696       0.53900000000000003       0.34780000000000000        8.1799999999999998E-002   2.0400000000000001E-002   1.0999999999999999E-002
   61.000000000000000      -0.20330201264502842       0.57240000000000002       0.31080000000000002        8.3400000000000002E-002   2.2400000000000000E-002   1.0999999999999999E-002
   62.000000000000000      -0.19871266520519648       0.57079999999999997       0.31080000000000002        8.3199999999999996E-002   2.4199999999999999E-002   1.0999999999999999E-002
   63.000000000000000      -0.19855225173525698       0.56879999999999997       0.31080000000000002        8.3199999999999996E-002   2.5800000000000000E-002   1.1400000000000000E-002
   64.000000000000000      -0.19722127407947393       0.56820000000000004       0.31240000000000001        8.1799999999999998E-002   2.6200000000000001E-002   1.1400000000000000E-002
   65.000000000000000      -0.18850927726647296       0.56820000000000004       0.31240000000000001        8.1799999999999998E-002   2.6200000000000001E-002   1.1400000000000000E-002
   66.000000000000000      -0.18006271321814166       0.56799999999999995       0.31100000000000000        8.2000000000000003E-002   2.7600000000000000E-002   1.1400000000000000E-002
   67.000000000000000      -0.17132676474255429       0.56799999999999995       0.31100000000000000        8.2000000000000003E-002   2.7600000000000000E-002   1.1400000000000000E-002
   68.000000000000000      -0.16402348383709903       0.56799999999999995       0.31100000000000000        8.2000000000000003E-002   2.7600000000000000E-002   1.1400000000000000E-002
   69.000000000000000      -0.15770244620868709       0.48599999999999999       0.39300000000000002        8.2000000000000003E-002   2.7600000000000000E-002   1.1400000000000000E-002
   70.000000000000000      -0.15297491114570286       0.46520000000000000       0.41120000000000001        8.2000000000000003E-002   3.0200000000000001E-002   1.1400000000000000E-002
   71.000000000000000      -0.14856406878929007       0.48720000000000002       0.38919999999999999        8.3199999999999996E-002   2.9000000000000001E-002   1.1400000000000000E-002
   72.000000000000000      -0.14862447676421137       0.44579999999999997       0.43059999999999998        8.3199999999999996E-002   2.9000000000000001E-002   1.1400000000000000E-002
   73.000000000000000      -0.15300219619665503       0.87639999999999996        0.0000000000000000        8.3199999999999996E-002   2.9000000000000001E-002   1.1400000000000000E-002
   74.000000000000000      -0.15935970090027693       0.87639999999999996        0.0000000000000000        8.2000000000000003E-002   2.9000000000000001E-002   1.2600000000000000E-002
   75.000000000000000      -0.17130119637084890       0.87580000000000002        0.0000000000000000        8.2000000000000003E-002   2.9600000000000001E-002   1.2600000000000000E-002
   76.000000000000000      -0.18649954251274442       0.87580000000000002        0.0000000000000000        8.0600000000000005E-002   2.9600000000000001E-002   1.4000000000000000E-002
   77.000000000000000      -0.20546404478221686       0.87580000000000002        0.0000000000000000        8.0600000000000005E-002   2.9600000000000001E-002   1.4000000000000000E-002
   78.000000000000000      -0.22801805922679599       0.87580000000000002        0.0000000000000000        8.0600000000000005E-002   2.9600000000000001E-002   1.4000000000000000E-002
   79.000000000000000      -0.25287914360610264       0.87580000000000002        0.0000000000000000        8.2400000000000001E-002   2.7799999999999998E-002   1.4000000000000000E-002
   80.000000000000000      -0.28139200343222170       0.87439999999999996        1.0000000000000000E-003   8.2400000000000001E-002   2.8199999999999999E-002   1.4000000000000000E-002
   81.000000000000000      -0.28526283350360915       0.86339999999999995        1.1200000000000000E-002   8.2400000000000001E-002   2.7400000000000001E-002   1.5599999999999999E-002
   82.000000000000000      -0.28581982473095152       0.86140000000000005        1.3200000000000000E-002   8.2400000000000001E-002   2.7600000000000000E-002   1.5400000000000000E-002
   83.000000000000000      -0.28526997026241246       0.86140000000000005        1.2999999999999999E-002   8.2400000000000001E-002   2.7600000000000000E-002   1.5599999999999999E-002
   84.000000000000000      -0.28209842127128304       0.85080000000000000        2.3000000000000000E-002   8.2400000000000001E-002   2.4799999999999999E-002   1.9000000000000000E-002
   85.000000000000000      -0.27817371537487318       0.85060000000000002        9.4000000000000004E-003   9.6000000000000002E-002   2.6400000000000000E-002   1.7600000000000001E-002
   86.000000000000000      -0.26749950077493578       0.79239999999999999        7.1599999999999997E-002   9.1800000000000007E-002   2.6800000000000001E-002   1.7399999999999999E-002
   87.000000000000000      -0.27837563451213881       0.79239999999999999        7.3999999999999996E-002   8.9200000000000002E-002   2.6800000000000001E-002   1.7600000000000001E-002
   88.000000000000000      -0.29543066422428271       0.77459999999999996        8.9200000000000002E-002   8.8999999999999996E-002   2.8600000000000000E-002   1.8599999999999998E-002
   89.000000000000000      -0.30239571622644001       0.77139999999999997        4.6800000000000001E-002  0.13420000000000001        2.8799999999999999E-002   1.8800000000000001E-002
   90.000000000000000      -0.29919923427896289       0.77100000000000002        4.4200000000000003E-002  0.13680000000000000        2.9200000000000000E-002   1.8800000000000001E-002
   91.000000000000000      -0.29555032148471805       0.76800000000000002        4.4600000000000001E-002  0.13919999999999999        2.9399999999999999E-002   1.8800000000000001E-002
   92.000000000000000      -0.29169651765082988       0.76459999999999995        4.5199999999999997E-002  0.14180000000000001        2.9399999999999999E-002   1.9000000000000000E-002
   93.000000000000000      -0.28721247409909395       0.76459999999999995        4.4400000000000002E-002  0.14260000000000000        2.9399999999999999E-002   1.9000000000000000E-002
   94.000000000000000      -0.26538439431972977       0.76459999999999995        4.4600000000000001E-002  0.14240000000000000        2.9399999999999999E-002   1.9000000000000000E-002
   95.000000000000000      -0.23704168287729502       0.76459999999999995        4.4400000000000002E-002  0.14240000000000000        2.9600000000000001E-002   1.9000000000000000E-002
   96.000000000000000      -0.20352462008713296       0.76459999999999995        4.4400000000000002E-002  0.14240000000000000        2.9399999999999999E-002   1.9199999999999998E-002
   97.000000000000000      -0.16494070607982714       0.76459999999999995        4.3999999999999997E-002  0.14180000000000001        3.0400000000000000E-002   1.9199999999999998E-002
   98.000000000000000      -0.12303656741840460       0.76459999999999995        4.3400000000000001E-002  0.14240000000000000        3.0400000000000000E-002   1.9199999999999998E-002
   99.000000000000000       -7.9087552398393254E-002  0.76459999999999995        4.3600000000000000E-002  0.14219999999999999        3.0400000000000000E-002   1.9199999999999998E-002
   100.00000000000000       -3.3447750160571041E-002  0.79979999999999996        0.0000000000000000       0.14960000000000001        3.0800000000000001E-002   1.9800000000000002E-002
   101.00000000000000       -9.5203455915711388E-003  0.79979999999999996        0.0000000000000000       0.14799999999999999        3.2399999999999998E-002   1.9800000000000002E-002
   102.00000000000000        6.2735821046454154E-003  0.79239999999999999        6.6000000000000000E-003  0.14879999999999999        3.2000000000000001E-002   2.0199999999999999E-002
   103.00000000000000        2.2782387273142506E-002  0.78139999999999998        1.7200000000000000E-002  0.14840000000000000        3.2800000000000003E-002   2.0199999999999999E-002
   104.00000000000000        4.1789032242518807E-002  0.77900000000000003        1.8599999999999998E-002  0.14840000000000000        3.2800000000000003E-002   2.1200000000000000E-002
   105.00000000000000        5.7182096338213993E-002  0.77600000000000002        2.1600000000000001E-002  0.14840000000000000        3.2599999999999997E-002   2.1399999999999999E-002
   106.00000000000000        7.5973578670465669E-002  0.76419999999999999        3.2199999999999999E-002  0.14840000000000000        3.3399999999999999E-002   2.1800000000000000E-002
   107.00000000000000        8.9334466778833679E-002  0.76380000000000003        3.1800000000000002E-002  0.14840000000000000        3.4200000000000001E-002   2.1800000000000000E-002
   108.00000000000000       0.10024175222078477       0.76400000000000001        3.1199999999999999E-002  0.14840000000000000        3.4599999999999999E-002   2.1800000000000000E-002
   109.00000000000000       0.11015634230530266       0.76359999999999995        3.1199999999999999E-002  0.14840000000000000        3.4599999999999999E-002   2.2200000000000001E-002
   110.00000000000000       0.11648428914666067       0.75719999999999998        3.7600000000000001E-002  0.14840000000000000        3.4400000000000000E-002   2.2400000000000000E-002
   111.00000000000000       0.12236966761198712       0.74039999999999995        5.4199999999999998E-002  0.14840000000000000        3.4599999999999999E-002   2.2400000000000000E-002
   112.00000000000000       0.12631050725063364       0.74060000000000004        3.9800000000000002E-002  0.16139999999999999        3.5200000000000002E-002   2.3000000000000000E-002
   113.00000000000000       0.13055763775178453       0.72699999999999998        3.9800000000000002E-002  0.17440000000000000        3.5799999999999998E-002   2.3000000000000000E-002
   114.00000000000000       0.13711872557221613       0.72019999999999995        4.7399999999999998E-002  0.17360000000000000        3.4400000000000000E-002   2.4400000000000002E-002
   115.00000000000000       0.12495464350867665       0.72019999999999995        4.3999999999999997E-002  0.17699999999999999        3.4400000000000000E-002   2.4400000000000002E-002
   116.00000000000000        9.3863129973016102E-002  0.72019999999999995        4.2400000000000000E-002  0.17860000000000001        3.4400000000000000E-002   2.4400000000000002E-002
   117.00000000000000        6.1039159412235262E-002  0.71999999999999997        4.2400000000000000E-002  0.17860000000000001        3.4400000000000000E-002   2.4600000000000000E-002
   118.00000000000000        6.7147503116394128E-002  0.71999999999999997        4.2400000000000000E-002  0.17860000000000001        3.4400000000000000E-002   2.4600000000000000E-002
   119.00000000000000        8.3566292825881072E-002  0.71999999999999997        4.2400000000000000E-002  0.17599999999999999        3.6999999999999998E-002   2.4600000000000000E-002
   120.00000000000000        9.9809542287382966E-002  0.71940000000000004        4.2400000000000000E-002  0.17599999999999999        3.6999999999999998E-002   2.5200000000000000E-002
   121.00000000000000       0.12317045869339420       0.71779999999999999        4.2599999999999999E-002  0.17620000000000000        3.7999999999999999E-002   2.5399999999999999E-002
   122.00000000000000       0.12720860663048367       0.71619999999999995        4.1200000000000001E-002  0.17860000000000001        3.8199999999999998E-002   2.5800000000000000E-002
   123.00000000000000       0.15635642660274388       0.71599999999999997        4.1200000000000001E-002  0.17860000000000001        3.8199999999999998E-002   2.5999999999999999E-002
   124.00000000000000       0.15298835033022123       0.71460000000000001        4.2599999999999999E-002  0.17860000000000001        3.8199999999999998E-002   2.5999999999999999E-002
   125.00000000000000       0.17118042289410740       0.71120000000000005        4.2400000000000000E-002  0.18220000000000000        3.8199999999999998E-002   2.5999999999999999E-002
   126.00000000000000       0.19524353796266633       0.71120000000000005        3.5999999999999997E-002  0.18859999999999999        3.8199999999999998E-002   2.5999999999999999E-002
   127.00000000000000       0.21266794392940411       0.71060000000000001        3.5999999999999997E-002  0.18720000000000001        4.0200000000000000E-002   2.5999999999999999E-002
   128.00000000000000       0.12566635145864113       0.70960000000000001        3.6999999999999998E-002  0.18620000000000000        4.1200000000000001E-002   2.5999999999999999E-002
   129.00000000000000       0.21808542374258849       0.70799999999999996        3.5000000000000003E-002  0.18459999999999999        4.5400000000000003E-002   2.7000000000000000E-002
   130.00000000000000        3.0203152635632551E-002  0.70740000000000003        3.5000000000000003E-002  0.18500000000000000        4.5400000000000003E-002   2.7199999999999998E-002
   131.00000000000000       0.25188083753367468       0.70379999999999998        3.4200000000000001E-002  0.18500000000000000        4.9599999999999998E-002   2.7400000000000001E-002
   132.00000000000000       0.25855268346133603       0.69960000000000000        2.6800000000000001E-002  0.19380000000000000        5.1999999999999998E-002   2.7799999999999998E-002
   133.00000000000000       0.24365667669025656       0.69960000000000000        2.5999999999999999E-002  0.19339999999999999        5.3199999999999997E-002   2.7799999999999998E-002
   134.00000000000000       0.22113439879687427       0.69479999999999997        2.6800000000000001E-002  0.19660000000000000        5.3999999999999999E-002   2.7799999999999998E-002
   135.00000000000000       0.33413725227816776       0.69399999999999995        2.4799999999999999E-002  0.19860000000000000        5.4600000000000003E-002   2.8000000000000001E-002
   136.00000000000000       0.24202969135460703       0.68559999999999999        2.9800000000000000E-002  0.19860000000000000        5.7000000000000002E-002   2.9000000000000001E-002
   137.00000000000000       0.24087485134938097       0.68440000000000001        2.6599999999999999E-002  0.20180000000000001        5.8200000000000002E-002   2.9000000000000001E-002
   138.00000000000000       0.24386838496096719       0.46060000000000001       0.25040000000000001       0.20180000000000001        5.8200000000000002E-002   2.9000000000000001E-002
   139.00000000000000       0.13824582979719502       0.45979999999999999       0.24820000000000000       0.20260000000000000        3.6799999999999999E-002   5.2600000000000001E-002
   140.00000000000000       0.37056990002483425       0.43980000000000002       0.24820000000000000       0.22180000000000000        3.6799999999999999E-002   5.3400000000000003E-002
   141.00000000000000       0.38668809525032394       0.43940000000000001       0.24340000000000001       0.22559999999999999        3.8199999999999998E-002   5.3400000000000003E-002
   142.00000000000000       0.36120134982121510       0.43800000000000000       0.24320000000000000       0.22559999999999999        3.9600000000000003E-002   5.3600000000000002E-002
   143.00000000000000       0.37129936491012799       0.28399999999999997       0.38700000000000001       0.18920000000000001        8.1000000000000003E-002   5.8799999999999998E-002
   144.00000000000000       0.23846533713421578       0.28360000000000002       0.38200000000000001       0.19439999999999999        8.1000000000000003E-002   5.8999999999999997E-002
   145.00000000000000       0.22318149139965568       0.28360000000000002       0.38059999999999999       0.19400000000000001        8.2799999999999999E-002   5.8999999999999997E-002
   146.00000000000000       0.20851281516197900       0.28120000000000001       0.37840000000000001       0.19700000000000001        8.4000000000000005E-002   5.9400000000000001E-002
   147.00000000000000       0.19364742376529595       0.28000000000000003       0.37740000000000001       0.19760000000000000        8.5000000000000006E-002   5.9999999999999998E-002
   148.00000000000000       0.17774162203669835       0.27679999999999999       0.37619999999999998       0.20080000000000001        8.4599999999999995E-002   6.1600000000000002E-002
   149.00000000000000       0.16180562977388746       0.27100000000000002       0.37740000000000001       0.20340000000000000        8.6599999999999996E-002   6.1600000000000002E-002
   150.00000000000000       0.14615114399610010       0.27560000000000001       0.37000000000000000       0.20160000000000000        8.9399999999999993E-002   6.3399999999999998E-002
   151.00000000000000       0.12928371281013032       0.26719999999999999       0.37859999999999999       0.19739999999999999        9.1200000000000003E-002   6.5600000000000006E-002
   152.00000000000000       0.11158330862872402       0.23300000000000001       0.40939999999999999       0.20019999999999999        9.1800000000000007E-002   6.5600000000000006E-002
   153.00000000000000        9.3348628674712497E-002  0.23000000000000001       0.40579999999999999       0.20399999999999999        9.4000000000000000E-002   6.6199999999999995E-002
   154.00000000000000        7.3804232633943492E-002  0.22559999999999999       0.40980000000000000       0.20340000000000000       0.10000000000000001        6.1199999999999997E-002
   155.00000000000000        5.5084169248058902E-002  0.22380000000000000       0.41260000000000002       0.19560000000000000       0.10620000000000000        6.1800000000000001E-002
   156.00000000000000        3.3649325793306858E-002  0.22320000000000001       0.41339999999999999       0.19439999999999999       0.10660000000000000        6.2399999999999997E-002
   157.00000000000000        1.7149573875806314E-002  0.21079999999999999       0.41860000000000003       0.18759999999999999       0.11899999999999999        6.4000000000000001E-002
   158.00000000000000       -4.4669433922899550E-003  0.21099999999999999       0.41899999999999998       0.18520000000000000       0.11899999999999999        6.5799999999999997E-002
   159.00000000000000       -2.5829658054764722E-002  0.20999999999999999       0.41760000000000003       0.18620000000000000       0.12039999999999999        6.5799999999999997E-002
   160.00000000000000       -4.5507067498295528E-002  0.20940000000000000       0.40339999999999998       0.19980000000000001       0.12160000000000000        6.5799999999999997E-002
   161.00000000000000       -6.4714742434415939E-002  0.20380000000000001       0.40620000000000001       0.20200000000000001       0.12160000000000000        6.6400000000000001E-002
   162.00000000000000       -8.2072276527235505E-002  0.19139999999999999       0.41999999999999998       0.20060000000000000       0.12160000000000000        6.6400000000000001E-002
   163.00000000000000       -9.1695124410016898E-002  0.19139999999999999       0.42640000000000000       0.19339999999999999       0.12239999999999999        6.6400000000000001E-002
   164.00000000000000       -9.9262615958452899E-002  0.22459999999999999       0.39260000000000000       0.19400000000000001       0.12220000000000000        6.6600000000000006E-002
   165.00000000000000      -0.10293232624562729       0.23000000000000001       0.50260000000000005        7.7799999999999994E-002  0.12220000000000000        6.7400000000000002E-002
   166.00000000000000       -9.7978291950618912E-002  0.21240000000000001       0.51959999999999995        7.7799999999999994E-002  0.12260000000000000        6.7599999999999993E-002
   167.00000000000000      -0.10069158468887392       0.21240000000000001       0.51959999999999995        7.7799999999999994E-002  0.12260000000000000        6.7599999999999993E-002
   168.00000000000000       -9.8942987063826121E-002  0.21240000000000001       0.51959999999999995        7.7799999999999994E-002  0.12260000000000000        6.7599999999999993E-002
   169.00000000000000       -9.1002394619507168E-002  0.21240000000000001       0.51959999999999995        7.7799999999999994E-002  0.12260000000000000        6.7599999999999993E-002
   170.00000000000000       -8.2231249672149273E-002  0.21220000000000000       0.51919999999999999        7.8000000000000000E-002  0.12260000000000000        6.8000000000000005E-002
   171.00000000000000       -7.1967912151522428E-002  0.21220000000000000       0.51719999999999999        7.8000000000000000E-002  0.12400000000000000        6.8599999999999994E-002
   172.00000000000000       -6.1344882724582689E-002  0.21220000000000000       0.51639999999999997        7.8000000000000000E-002  0.12400000000000000        6.9400000000000003E-002
   173.00000000000000       -5.0096971259386100E-002  0.21220000000000000       0.51559999999999995        7.8000000000000000E-002  0.12400000000000000        7.0199999999999999E-002
   174.00000000000000       -3.7581664653658017E-002  0.21220000000000000       0.51559999999999995        7.8000000000000000E-002  0.12379999999999999        7.0400000000000004E-002
   175.00000000000000       -8.3265509466177064E-003  0.21220000000000000        3.3599999999999998E-002  0.55700000000000005       0.12640000000000001        7.0800000000000002E-002
   176.00000000000000       -2.7877682247484693E-003  0.21220000000000000        3.3599999999999998E-002  0.55700000000000005       0.12640000000000001        7.0800000000000002E-002
   177.00000000000000        1.8545365428759366E-002  0.21220000000000000        3.3599999999999998E-002  0.55620000000000003       0.12580000000000000        7.2200000000000000E-002
   178.00000000000000        3.9421104108554886E-002  0.21160000000000001        3.3599999999999998E-002  0.55640000000000001       0.12620000000000001        7.2200000000000000E-002
   179.00000000000000        6.1394841250071233E-002  0.21500000000000000        2.8000000000000001E-002  0.55600000000000005       0.12620000000000001        7.4800000000000005E-002
   180.00000000000000        7.0757467381831127E-002  0.21500000000000000        2.8000000000000001E-002  0.55600000000000005       0.12620000000000001        7.4800000000000005E-002
   181.00000000000000        7.9525745313363844E-002  0.21479999999999999        2.7199999999999998E-002  0.55679999999999996       0.12640000000000001        7.4800000000000005E-002
   182.00000000000000        9.9075357951705523E-002  0.21420000000000000        2.7000000000000000E-002  0.55679999999999996       0.12700000000000000        7.4999999999999997E-002
   183.00000000000000       0.11818402230307763       0.21260000000000001        2.7199999999999998E-002  0.55659999999999998       0.12479999999999999        7.8799999999999995E-002
   184.00000000000000       0.13674227977050257       0.20799999999999999        2.9600000000000001E-002  0.55659999999999998       0.12640000000000001        7.9399999999999998E-002
   185.00000000000000       0.15269707180485007       0.20799999999999999        2.9600000000000001E-002  0.55579999999999996       0.12520000000000001        8.1400000000000000E-002
   186.00000000000000       0.16661380144707033       0.20720000000000000        2.9600000000000001E-002  0.55640000000000001       0.12540000000000001        8.1400000000000000E-002
   187.00000000000000       0.17934786135673525       0.20699999999999999        2.9600000000000001E-002  0.55640000000000001       0.12460000000000000        8.2400000000000001E-002
   188.00000000000000       0.19083144818432712       0.20319999999999999        3.1199999999999999E-002  0.55779999999999996       0.12520000000000001        8.2600000000000007E-002
   189.00000000000000       0.19874602373738370       0.19960000000000000        3.2800000000000003E-002  0.55920000000000003       0.12559999999999999        8.2799999999999999E-002
   190.00000000000000       0.21588296125698428       0.19960000000000000        3.3200000000000000E-002  0.55720000000000003       0.12580000000000000        8.4199999999999997E-002
   191.00000000000000       0.21823423687183297       0.19960000000000000        3.1199999999999999E-002  0.55900000000000005       0.12559999999999999        8.4599999999999995E-002
   192.00000000000000       0.22002847539863879       0.19960000000000000        3.1600000000000003E-002  0.55700000000000005       0.12559999999999999        8.6199999999999999E-002
   193.00000000000000       0.22590943144606573       0.19900000000000001        3.1000000000000000E-002  0.55679999999999996       0.12600000000000000        8.7200000000000000E-002
   194.00000000000000       0.23111829224252078       0.19719999999999999        3.1000000000000000E-002  0.55840000000000001       0.12540000000000001        8.7999999999999995E-002
   195.00000000000000       0.22606059952338048       0.19600000000000001        3.1800000000000002E-002  0.55800000000000005       0.12559999999999999        8.8599999999999998E-002
   196.00000000000000       0.22768163224678273       0.19339999999999999        3.3399999999999999E-002  0.55840000000000001       0.12420000000000000        9.0600000000000000E-002
   197.00000000000000       0.22564470030698425       0.18940000000000001        3.6999999999999998E-002  0.55800000000000005       0.12440000000000000        9.1200000000000003E-002
   198.00000000000000       0.22152186632181592       0.18740000000000001        3.8800000000000001E-002  0.55720000000000003       0.12400000000000000        9.2600000000000002E-002
   199.00000000000000       0.21564097945782446       0.18440000000000001        4.1599999999999998E-002  0.55740000000000001       0.12400000000000000        9.2600000000000002E-002
   200.00000000000000       0.20955236006875838       0.18440000000000001        4.1599999999999998E-002  0.55720000000000003       0.12420000000000000        9.2600000000000002E-002
   201.00000000000000       0.21270173301070947       0.19400000000000001        3.0599999999999999E-002  0.55840000000000001       0.12340000000000000        9.3600000000000003E-002
   202.00000000000000       0.20829456052034784       0.19359999999999999        3.0599999999999999E-002  0.55859999999999999       0.12239999999999999        9.4799999999999995E-002
   203.00000000000000       0.19719668780727556       0.19359999999999999        3.0599999999999999E-002  0.55859999999999999       0.12239999999999999        9.4799999999999995E-002
   204.00000000000000       0.18580901839554365       0.19339999999999999        3.0599999999999999E-002  0.55879999999999996       0.12120000000000000        9.6000000000000002E-002
   205.00000000000000       0.17703854647899975       0.19339999999999999        3.0599999999999999E-002  0.55740000000000001       0.12260000000000000        9.6000000000000002E-002
   206.00000000000000       0.17278771787125438       0.19320000000000001        3.0800000000000001E-002  0.55520000000000003       0.12000000000000000       0.10080000000000000     
   207.00000000000000       0.16694371716402256       0.19320000000000001        2.8799999999999999E-002  0.55540000000000000       0.11700000000000001       0.10560000000000000     
   208.00000000000000       0.16415658085574103       0.19259999999999999        2.8799999999999999E-002  0.55600000000000005       0.11219999999999999       0.11040000000000000     
   209.00000000000000       0.16804817530257946       0.19239999999999999        2.8799999999999999E-002  0.55620000000000003       0.11240000000000000       0.11020000000000001     
   210.00000000000000       0.16473054097754683       0.19239999999999999        2.8799999999999999E-002  0.55620000000000003       0.11240000000000000       0.11020000000000001     
   211.00000000000000       0.15634362524505727       0.19239999999999999        2.8799999999999999E-002  0.55620000000000003       0.11240000000000000       0.11020000000000001     
   212.00000000000000       0.14234745215725447       0.19239999999999999        2.8799999999999999E-002  0.55620000000000003       0.10940000000000000       0.11320000000000000     
   213.00000000000000       0.12253619414137869       0.19239999999999999        2.8799999999999999E-002  0.55620000000000003       0.10940000000000000       0.11320000000000000     
   214.00000000000000        9.7971021311106549E-002  0.19220000000000001        2.8799999999999999E-002  0.55640000000000001       0.10940000000000000       0.11320000000000000     
   215.00000000000000        5.9638163953890586E-002  0.19220000000000001       0.58520000000000005        0.0000000000000000       0.10920000000000001       0.11340000000000000     
   216.00000000000000        4.0804728996259823E-002  0.19220000000000001       0.58520000000000005        0.0000000000000000       0.10920000000000001       0.11340000000000000     
