#        BMIN =   404
#        BMAX =   408
#     INIBAND =   406
#      NBANDS =   540
#         NSW =  2000
#       POTIM =   1.0
#        TEMP = 300.0
#    NAMDTINI =   214
#    NAMDTIME =  1000
#       NTRAJ =  5000
#        NELM =  1000
#       LHOLE =     T
#        LSHP =     T
#      LCPTXT =     T
#      RUNDIR = ../../run/
   1.0000000000000000      -0.12340512679399046        0.0000000000000000        0.0000000000000000        1.0000000000000000        0.0000000000000000        0.0000000000000000     
   2.0000000000000000      -0.11200751582187338        0.0000000000000000        0.0000000000000000        1.0000000000000000        0.0000000000000000        0.0000000000000000     
   3.0000000000000000       -9.8906226946176637E-002   0.0000000000000000        0.0000000000000000        1.0000000000000000        0.0000000000000000        0.0000000000000000     
   4.0000000000000000       -8.3486810981557982E-002   0.0000000000000000        0.0000000000000000       0.99960000000000004        2.0000000000000001E-004   2.0000000000000001E-004
   5.0000000000000000       -6.7377021196358161E-002   0.0000000000000000        0.0000000000000000       0.99960000000000004        2.0000000000000001E-004   2.0000000000000001E-004
   6.0000000000000000       -5.0702167236536366E-002   0.0000000000000000        0.0000000000000000       0.99960000000000004        2.0000000000000001E-004   2.0000000000000001E-004
   7.0000000000000000       -3.3989296253793030E-002   0.0000000000000000        0.0000000000000000       0.99939999999999996        2.0000000000000001E-004   4.0000000000000002E-004
   8.0000000000000000       -1.7656616592815019E-002   0.0000000000000000        0.0000000000000000       0.99939999999999996        2.0000000000000001E-004   4.0000000000000002E-004
   9.0000000000000000       -2.2187313947495441E-003   0.0000000000000000        0.0000000000000000       0.99880000000000002        5.9999999999999995E-004   5.9999999999999995E-004
   10.000000000000000        1.1427104463532321E-002   0.0000000000000000        0.0000000000000000       0.99880000000000002        5.9999999999999995E-004   5.9999999999999995E-004
   11.000000000000000        2.4133156792526159E-002   0.0000000000000000        0.0000000000000000       0.99800000000000000        1.4000000000000000E-003   5.9999999999999995E-004
   12.000000000000000        3.4339192754334759E-002   0.0000000000000000        0.0000000000000000       0.99800000000000000        1.4000000000000000E-003   5.9999999999999995E-004
   13.000000000000000        4.2917356844049258E-002   0.0000000000000000        0.0000000000000000       0.99780000000000002        1.4000000000000000E-003   8.0000000000000004E-004
   14.000000000000000        4.9324730824466818E-002   0.0000000000000000        4.0000000000000002E-004  0.99660000000000004        1.4000000000000000E-003   1.6000000000000001E-003
   15.000000000000000        5.3910352713752115E-002   0.0000000000000000        4.0000000000000002E-004  0.99660000000000004        1.4000000000000000E-003   1.6000000000000001E-003
   16.000000000000000        5.7610660469080852E-002   0.0000000000000000        0.0000000000000000       0.99660000000000004        1.6000000000000001E-003   1.8000000000000000E-003
   17.000000000000000        6.1006306167348812E-002   0.0000000000000000        0.0000000000000000       0.99639999999999995        1.8000000000000000E-003   1.8000000000000000E-003
   18.000000000000000        6.4803056405408441E-002   0.0000000000000000        0.0000000000000000       0.99580000000000002        1.8000000000000000E-003   2.3999999999999998E-003
   19.000000000000000        6.9894066538305349E-002   0.0000000000000000        0.0000000000000000       0.99580000000000002        1.8000000000000000E-003   2.3999999999999998E-003
   20.000000000000000        7.5926771307991109E-002   0.0000000000000000        0.0000000000000000       0.99519999999999997        1.8000000000000000E-003   3.0000000000000001E-003
   21.000000000000000        8.2301175956014244E-002   0.0000000000000000        0.0000000000000000       0.99460000000000004        2.3999999999999998E-003   3.0000000000000001E-003
   22.000000000000000        8.9442473978522549E-002   0.0000000000000000        0.0000000000000000       0.99380000000000002        3.2000000000000002E-003   3.0000000000000001E-003
   23.000000000000000        9.5278053513877622E-002   0.0000000000000000        0.0000000000000000       0.99380000000000002        3.2000000000000002E-003   3.0000000000000001E-003
   24.000000000000000       0.10035574266493556        0.0000000000000000        0.0000000000000000       0.99160000000000004        5.4000000000000003E-003   3.0000000000000001E-003
   25.000000000000000       0.10458852472638701        0.0000000000000000        0.0000000000000000       0.98299999999999998        1.4000000000000000E-002   3.0000000000000001E-003
   26.000000000000000        9.8419027072660148E-002   0.0000000000000000        0.0000000000000000       0.98299999999999998        1.3800000000000000E-002   3.2000000000000002E-003
   27.000000000000000        7.5002649339823063E-002   0.0000000000000000       0.22159999999999999       0.76200000000000001        1.3200000000000000E-002   3.2000000000000002E-003
   28.000000000000000        7.3871326008098176E-002   0.0000000000000000       0.22239999999999999       0.76139999999999997        1.2999999999999999E-002   3.2000000000000002E-003
   29.000000000000000        8.3858990699335403E-002   0.0000000000000000       0.21759999999999999       0.75619999999999998        2.2800000000000001E-002   3.3999999999999998E-003
   30.000000000000000        8.1951941013217275E-002   0.0000000000000000       0.21800000000000000       0.75580000000000003        2.2800000000000001E-002   3.3999999999999998E-003
   31.000000000000000        7.3110926169860216E-002   0.0000000000000000       0.21840000000000001       0.75460000000000005        2.2800000000000001E-002   4.1999999999999997E-003
   32.000000000000000        6.2382515747475394E-002   0.0000000000000000       0.21859999999999999       0.75439999999999996        2.2800000000000001E-002   4.1999999999999997E-003
   33.000000000000000        4.7122596604282245E-002   0.0000000000000000       0.21879999999999999       0.75400000000000000        2.2800000000000001E-002   4.4000000000000003E-003
   34.000000000000000        3.6196586590408468E-002   0.0000000000000000       0.21920000000000001       0.75239999999999996        2.2599999999999999E-002   5.7999999999999996E-003
   35.000000000000000        2.9585931109668971E-002   0.0000000000000000       0.21740000000000001        1.4000000000000000E-003  0.77539999999999998        5.7999999999999996E-003
   36.000000000000000        1.4697042083858851E-002   0.0000000000000000       0.21700000000000000        1.4000000000000000E-003  0.77580000000000005        5.7999999999999996E-003
   37.000000000000000        8.1650445052319463E-003   0.0000000000000000       0.21620000000000000        1.4000000000000000E-003  0.77559999999999996        6.7999999999999996E-003
   38.000000000000000        2.3059056657229911E-003   0.0000000000000000       0.21659999999999999        2.5999999999999999E-003  0.77300000000000002        7.7999999999999996E-003
   39.000000000000000       -1.2254895744162327E-002   0.0000000000000000       0.21659999999999999        8.0000000000000004E-004  0.77300000000000002        9.5999999999999992E-003
   40.000000000000000       -2.5924524357825256E-002   0.0000000000000000       0.21659999999999999        1.9199999999999998E-002  0.75460000000000005        9.5999999999999992E-003
   41.000000000000000       -3.4867466395785425E-002   0.0000000000000000       0.21659999999999999        5.7000000000000002E-002  0.71640000000000004        1.0000000000000000E-002
   42.000000000000000       -3.6097852451399785E-002   0.0000000000000000       0.21659999999999999        6.2199999999999998E-002  0.71120000000000005        1.0000000000000000E-002
   43.000000000000000       -3.3185230562807658E-002   2.6400000000000000E-002  0.19020000000000001        5.7799999999999997E-002  0.71560000000000001        1.0000000000000000E-002
   44.000000000000000       -2.1452312662492298E-002   2.6400000000000000E-002  0.18820000000000001        6.7400000000000002E-002  0.70799999999999996        1.0000000000000000E-002
   45.000000000000000       -3.3181359416199867E-003   2.6599999999999999E-002  0.18540000000000001        7.2200000000000000E-002  0.70379999999999998        1.2000000000000000E-002
   46.000000000000000        1.7679484772077893E-002   2.0799999999999999E-002  0.18820000000000001        7.8200000000000006E-002  0.69999999999999996        1.2800000000000001E-002
   47.000000000000000        3.4216550452028573E-002   2.0000000000000000E-002  0.18720000000000001        8.3000000000000004E-002  0.69699999999999995        1.2800000000000001E-002
   48.000000000000000        3.4763933361639125E-002   2.0000000000000000E-002  0.18679999999999999        7.8600000000000003E-002  0.70179999999999998        1.2800000000000001E-002
   49.000000000000000        4.1254689266762505E-002   2.0000000000000000E-002  0.18540000000000001        7.5399999999999995E-002  0.70599999999999996        1.3200000000000000E-002
   50.000000000000000        8.5900380302005475E-002   1.6400000000000001E-002  0.18840000000000001        7.7600000000000002E-002  0.70440000000000003        1.3200000000000000E-002
   51.000000000000000       0.12482985461541869        1.3800000000000000E-002  0.19020000000000001        7.8200000000000006E-002  0.70460000000000000        1.3200000000000000E-002
   52.000000000000000       0.16220817011811398        1.1200000000000000E-002  0.19220000000000001        7.0999999999999994E-002  0.71240000000000003        1.3200000000000000E-002
   53.000000000000000       0.16782544691213125        1.1599999999999999E-002  0.19180000000000000        6.7000000000000004E-002  0.71560000000000001        1.4000000000000000E-002
   54.000000000000000       0.18462542898066769        1.3200000000000000E-002  0.18900000000000000        6.8199999999999997E-002  0.71560000000000001        1.4000000000000000E-002
   55.000000000000000       0.10850490972265431        0.0000000000000000       0.17499999999999999        8.0199999999999994E-002  0.70099999999999996        4.3799999999999999E-002
   56.000000000000000        1.1586828402073386        4.0000000000000002E-004  0.17240000000000000        7.7799999999999994E-002  0.46620000000000000       0.28320000000000001     
   57.000000000000000       0.67666292635867076        4.0000000000000002E-004  0.17180000000000001        7.7799999999999994E-002  0.46660000000000001       0.28339999999999999     
   58.000000000000000       0.67650169268318305        4.0000000000000002E-004  0.17040000000000000        7.6399999999999996E-002  0.46939999999999998       0.28339999999999999     
   59.000000000000000       0.69925228638461023        1.4000000000000000E-003  0.16839999999999999        5.4800000000000001E-002  0.40660000000000002       0.36880000000000002     
   60.000000000000000       0.36984865916573395        1.4000000000000000E-003  0.16839999999999999        5.4399999999999997E-002  0.40339999999999998       0.37240000000000001     
   61.000000000000000       0.38174897486647275        1.1999999999999999E-003  0.16839999999999999        5.4600000000000003E-002  0.40360000000000001       0.37219999999999998     
   62.000000000000000       0.39280338279096672        1.1999999999999999E-003  0.16839999999999999        5.4600000000000003E-002  0.38360000000000000       0.39219999999999999     
   63.000000000000000       0.39828354829155294        1.1999999999999999E-003  0.16839999999999999        5.4199999999999998E-002  0.37480000000000002       0.40139999999999998     
   64.000000000000000       0.40087111748493398        1.1999999999999999E-003  0.16839999999999999        5.1200000000000002E-002  0.37759999999999999       0.40160000000000001     
   65.000000000000000       0.39970101178338990        1.1999999999999999E-003  0.16839999999999999        5.1200000000000002E-002  0.37759999999999999       0.40160000000000001     
   66.000000000000000       0.39594120144739020        1.1999999999999999E-003  0.16839999999999999        5.0599999999999999E-002  0.38000000000000000       0.39979999999999999     
   67.000000000000000       0.39041856665779218        1.1999999999999999E-003  0.16839999999999999        5.0599999999999999E-002  0.36940000000000001       0.41039999999999999     
   68.000000000000000       0.38155121666196440        1.1999999999999999E-003  0.16839999999999999        5.0599999999999999E-002  0.36359999999999998       0.41620000000000001     
   69.000000000000000       0.37014245716624561        1.1999999999999999E-003  0.16839999999999999        5.0400000000000000E-002  0.36380000000000001       0.41620000000000001     
   70.000000000000000       0.35717406686800857        1.1999999999999999E-003  0.16839999999999999        5.0200000000000002E-002  0.36040000000000000       0.41980000000000001     
   71.000000000000000       0.34275119816138711        1.1999999999999999E-003  0.16839999999999999        4.9599999999999998E-002  0.35920000000000002       0.42159999999999997     
   72.000000000000000       0.32707154602249877        1.1999999999999999E-003  0.16839999999999999        4.9599999999999998E-002  0.35940000000000000       0.42140000000000000     
   73.000000000000000       0.31062165571333200        2.3000000000000000E-002  0.14620000000000000        4.9599999999999998E-002  0.36080000000000001       0.42040000000000000     
   74.000000000000000       0.29724692413851889        2.3000000000000000E-002  0.14260000000000000        4.9599999999999998E-002  0.37040000000000001       0.41439999999999999     
   75.000000000000000       0.28272533943785200        2.3000000000000000E-002  0.14260000000000000        4.9200000000000001E-002  0.35880000000000001       0.42640000000000000     
   76.000000000000000       0.26766833832767795        2.3000000000000000E-002  0.14240000000000000        4.9200000000000001E-002  0.35320000000000001       0.43219999999999997     
   77.000000000000000       0.25346221276609543        2.3000000000000000E-002  0.14199999999999999        4.9200000000000001E-002  0.35339999999999999       0.43240000000000001     
   78.000000000000000       0.23986414939643091        2.3000000000000000E-002  0.14000000000000001        4.9200000000000001E-002  0.35499999999999998       0.43280000000000002     
   79.000000000000000       0.22605726955761052        2.3000000000000000E-002  0.13900000000000001        4.9399999999999999E-002  0.35099999999999998       0.43759999999999999     
   80.000000000000000       0.21239925300445178        2.3000000000000000E-002  0.13900000000000001        4.9399999999999999E-002  0.34799999999999998       0.44059999999999999     
   81.000000000000000       0.20066890413618163        0.0000000000000000       0.16200000000000001        4.7800000000000002E-002  0.34880000000000000       0.44140000000000001     
   82.000000000000000       0.19127734553494574        0.0000000000000000       0.16200000000000001        4.7199999999999999E-002  0.35120000000000001       0.43959999999999999     
   83.000000000000000       0.18456276802290134        0.0000000000000000       0.16200000000000001        4.7199999999999999E-002  0.35220000000000001       0.43859999999999999     
   84.000000000000000       0.18055715050243998        0.0000000000000000       0.14940000000000001        5.9799999999999999E-002  0.33860000000000001       0.45219999999999999     
   85.000000000000000       0.17687640406399369        0.0000000000000000       0.14760000000000001        5.9799999999999999E-002  0.33760000000000001       0.45500000000000002     
   86.000000000000000       0.17214050116100821        0.0000000000000000       0.14760000000000001        5.9799999999999999E-002  0.33060000000000000       0.46200000000000002     
   87.000000000000000       0.16982097566201931        2.0000000000000001E-004  0.14740000000000000        5.9799999999999999E-002  0.32979999999999998       0.46279999999999999     
   88.000000000000000       0.16868330274064203        4.0000000000000002E-004  0.14720000000000000        5.9799999999999999E-002  0.32719999999999999       0.46539999999999998     
   89.000000000000000       0.16996512132339939        4.0000000000000002E-004  0.14699999999999999        5.9799999999999999E-002  0.32740000000000002       0.46539999999999998     
   90.000000000000000       0.17254704378627045        4.0000000000000002E-004  0.14699999999999999        5.9799999999999999E-002  0.32760000000000000       0.46520000000000000     
   91.000000000000000       0.17629938278821675        4.0000000000000002E-004  0.14560000000000001        5.9799999999999999E-002  0.32879999999999998       0.46539999999999998     
   92.000000000000000       0.18209315469807866        4.0000000000000002E-004  0.14560000000000001        5.9799999999999999E-002  0.32919999999999999       0.46500000000000002     
   93.000000000000000       0.18840019318781978        4.0000000000000002E-004  0.14480000000000001        5.9799999999999999E-002  0.32840000000000003       0.46660000000000001     
   94.000000000000000       0.19658683654831799        4.0000000000000002E-004  0.14260000000000000        5.9799999999999999E-002  0.32919999999999999       0.46800000000000003     
   95.000000000000000       0.20450777053208352        5.9999999999999995E-004  0.14240000000000000        5.9799999999999999E-002  0.32979999999999998       0.46739999999999998     
   96.000000000000000       0.21321883133886416        5.9999999999999995E-004  0.14240000000000000        5.9799999999999999E-002  0.33000000000000002       0.46720000000000000     
   97.000000000000000       0.22264494081374245        5.9999999999999995E-004  0.14240000000000000        5.9799999999999999E-002  0.32879999999999998       0.46839999999999998     
   98.000000000000000       0.23250924852754432        5.9999999999999995E-004  0.14240000000000000        5.9799999999999999E-002  0.32919999999999999       0.46800000000000003     
   99.000000000000000       0.24360880437297766        2.0000000000000001E-004  0.14019999999999999        5.9400000000000001E-002  0.33119999999999999       0.46899999999999997     
   100.00000000000000       0.25281929750821852        2.0000000000000001E-004  0.14019999999999999        5.9400000000000001E-002  0.33019999999999999       0.46999999999999997     
   101.00000000000000       0.25930857331630403        1.0000000000000000E-003  0.13739999999999999        5.9999999999999998E-002  0.33040000000000003       0.47120000000000001     
   102.00000000000000       0.26673874511172124        1.0000000000000000E-003  0.13660000000000000        5.9799999999999999E-002  0.33079999999999998       0.47180000000000000     
   103.00000000000000       0.27842532791583807        1.0000000000000000E-003  0.13600000000000001        5.8599999999999999E-002  0.33000000000000002       0.47439999999999999     
   104.00000000000000       0.28835044266532583        1.0000000000000000E-003  0.13580000000000000        5.8599999999999999E-002  0.32900000000000001       0.47560000000000002     
   105.00000000000000       0.29695125766395575        1.0000000000000000E-003  0.13560000000000000        5.8400000000000001E-002  0.32940000000000003       0.47560000000000002     
   106.00000000000000       0.30416746772353032        1.0000000000000000E-003  0.13220000000000001        6.0600000000000001E-002  0.33040000000000003       0.47580000000000000     
   107.00000000000000       0.30926236376772903        1.0000000000000000E-003  0.13239999999999999        6.0400000000000002E-002  0.32900000000000001       0.47720000000000001     
   108.00000000000000       0.31186294694273997        1.0000000000000000E-003  0.13239999999999999        6.0400000000000002E-002  0.32900000000000001       0.47720000000000001     
   109.00000000000000       0.31361643507060777        1.0000000000000000E-003  0.12859999999999999        6.3000000000000000E-002  0.32900000000000001       0.47839999999999999     
   110.00000000000000       0.31319122771787067        1.0000000000000000E-003  0.12659999999999999        6.3799999999999996E-002  0.32860000000000000       0.47999999999999998     
   111.00000000000000       0.30990841417085430        1.0000000000000000E-003  0.12659999999999999        6.3799999999999996E-002  0.32840000000000003       0.48020000000000002     
   112.00000000000000       0.30470333235504576        1.6600000000000000E-002  0.11040000000000000        6.4199999999999993E-002  0.32819999999999999       0.48060000000000003     
   113.00000000000000       0.29907199464888118        2.1200000000000000E-002  0.10480000000000000        6.5199999999999994E-002  0.32800000000000001       0.48080000000000001     
   114.00000000000000       0.29326985483137513        2.0199999999999999E-002  0.10580000000000001        6.3600000000000004E-002  0.32740000000000002       0.48299999999999998     
   115.00000000000000       0.28753995175392566        2.0199999999999999E-002  0.10160000000000000        6.6600000000000006E-002  0.32660000000000000       0.48499999999999999     
   116.00000000000000       0.28026152594822595        1.9199999999999998E-002   9.9800000000000000E-002   6.6799999999999998E-002  0.32840000000000003       0.48580000000000001     
   117.00000000000000       0.27269442023755136        1.9199999999999998E-002   9.6600000000000005E-002   6.9000000000000006E-002  0.32579999999999998       0.48940000000000000     
   118.00000000000000       0.26299315124711986        1.8599999999999998E-002   9.6199999999999994E-002   6.9199999999999998E-002  0.32619999999999999       0.48980000000000001     
   119.00000000000000       0.25343228121962896        1.8800000000000001E-002   9.4399999999999998E-002   6.9000000000000006E-002  0.32760000000000000       0.49020000000000002     
   120.00000000000000       0.24462245498071461        1.8800000000000001E-002   9.0800000000000006E-002   7.2400000000000006E-002  0.32760000000000000       0.49040000000000000     
   121.00000000000000       0.23507977321425436        4.4000000000000003E-003  0.10340000000000001        7.3999999999999996E-002  0.32779999999999998       0.49040000000000000     
   122.00000000000000       0.23067789145073081        3.3999999999999998E-003   4.8599999999999997E-002  0.12880000000000000       0.32879999999999998       0.49040000000000000     
   123.00000000000000       0.22559983301633638        3.5999999999999999E-003   4.7600000000000003E-002  0.12880000000000000       0.32919999999999999       0.49080000000000001     
   124.00000000000000       0.22177801959975413        1.8599999999999998E-002   3.2599999999999997E-002  0.12880000000000000       0.32919999999999999       0.49080000000000001     
   125.00000000000000       0.21957121147848235        1.9400000000000001E-002   3.1800000000000002E-002  0.12880000000000000       0.32919999999999999       0.49080000000000001     
   126.00000000000000       0.21806853375233617        1.9400000000000001E-002   3.1800000000000002E-002  0.12880000000000000       0.32200000000000001       0.49800000000000000     
   127.00000000000000       0.21736792783610084        1.9400000000000001E-002   3.1800000000000002E-002  0.12460000000000000       0.31519999999999998       0.50900000000000001     
   128.00000000000000       0.21869951466085724        2.0400000000000001E-002   3.0800000000000001E-002  0.12479999999999999       0.31519999999999998       0.50880000000000003     
   129.00000000000000       0.21944256892133757        2.1200000000000000E-002   2.9999999999999999E-002  0.12520000000000001       0.31519999999999998       0.50839999999999996     
   130.00000000000000       0.21680506063607433        2.1200000000000000E-002   2.9999999999999999E-002  0.12460000000000000       0.31519999999999998       0.50900000000000001     
   131.00000000000000       0.21442463968448539        2.1200000000000000E-002   2.9999999999999999E-002  0.12460000000000000       0.31519999999999998       0.50900000000000001     
   132.00000000000000       0.20800816805903521        2.5399999999999999E-002   2.5800000000000000E-002  0.12460000000000000       0.31519999999999998       0.50900000000000001     
   133.00000000000000       0.20061853743569588        2.5200000000000000E-002   2.4600000000000000E-002  0.11720000000000000       0.32379999999999998       0.50919999999999999     
   134.00000000000000       0.19788152167122391        2.5200000000000000E-002   2.3800000000000002E-002  0.11720000000000000       0.32319999999999999       0.51060000000000005     
   135.00000000000000       0.19226293725352148        2.5000000000000001E-002   2.3000000000000000E-002  0.11720000000000000       0.32379999999999998       0.51100000000000001     
   136.00000000000000       0.19127537235108957        2.4799999999999999E-002   4.4000000000000003E-003  0.13380000000000000       0.32179999999999997       0.51519999999999999     
   137.00000000000000       0.19370990343678543        2.4400000000000002E-002   4.4000000000000003E-003  0.13360000000000000       0.32079999999999997       0.51680000000000004     
   138.00000000000000       0.20016629035626493        2.6200000000000001E-002   2.3999999999999998E-003  0.13380000000000000       0.31960000000000000       0.51800000000000002     
   139.00000000000000       0.20718237304265180        2.6200000000000001E-002   2.3999999999999998E-003  0.13200000000000001       0.32140000000000002       0.51800000000000002     
   140.00000000000000       0.21454322948376894        2.5200000000000000E-002   2.5999999999999999E-003  0.13239999999999999       0.32140000000000002       0.51839999999999997     
   141.00000000000000       0.22285992960314965        2.4000000000000000E-002   2.3999999999999998E-003  0.13880000000000001       0.31559999999999999       0.51919999999999999     
   142.00000000000000       0.23283522044328830        2.3400000000000001E-002   2.3999999999999998E-003  0.14299999999999999       0.31180000000000002       0.51939999999999997     
   143.00000000000000       0.24316470212516844        2.3000000000000000E-002   2.3999999999999998E-003  0.13919999999999999       0.31500000000000000       0.52039999999999997     
   144.00000000000000       0.25381925617169471        2.2599999999999999E-002   2.3999999999999998E-003  0.13980000000000001       0.31280000000000002       0.52239999999999998     
   145.00000000000000       0.26387622327558230        2.2400000000000000E-002   2.3999999999999998E-003  0.14000000000000001       0.31280000000000002       0.52239999999999998     
   146.00000000000000       0.27460098437618957        2.2200000000000001E-002   2.3999999999999998E-003  0.14040000000000000       0.30800000000000000       0.52700000000000002     
   147.00000000000000       0.28372876461817298        2.1600000000000001E-002   2.5999999999999999E-003  0.14000000000000001       0.30819999999999997       0.52759999999999996     
   148.00000000000000       0.29179564693491938        2.1800000000000000E-002   2.3999999999999998E-003  0.14000000000000001       0.30819999999999997       0.52759999999999996     
   149.00000000000000       0.29856927337447331        2.1800000000000000E-002   2.0000000000000000E-003  0.14000000000000001       0.30859999999999999       0.52759999999999996     
   150.00000000000000       0.30443603486659382        2.1600000000000001E-002   2.2000000000000001E-003  0.13900000000000001       0.30859999999999999       0.52859999999999996     
   151.00000000000000       0.30885774841039298        2.1000000000000001E-002   2.2000000000000001E-003  0.13900000000000001       0.30880000000000002       0.52900000000000003     
   152.00000000000000       0.31281231323360770        2.0600000000000000E-002   2.0000000000000000E-003  0.13900000000000001       0.30780000000000002       0.53059999999999996     
   153.00000000000000       0.31470183249188322        2.0600000000000000E-002   1.8000000000000000E-003  0.13719999999999999       0.30959999999999999       0.53080000000000005     
   154.00000000000000       0.31553275857772112        2.0400000000000001E-002   1.8000000000000000E-003  0.13719999999999999       0.31000000000000000       0.53059999999999996     
   155.00000000000000       0.31587984653122220        2.0000000000000000E-002   2.8000000000000000E-003  0.13619999999999999       0.31040000000000001       0.53059999999999996     
   156.00000000000000       0.31591066844479321        1.7999999999999999E-002   2.0000000000000000E-003  0.13800000000000001       0.30919999999999997       0.53280000000000005     
   157.00000000000000       0.31612559307934807        1.7999999999999999E-002   2.5999999999999999E-003  0.13719999999999999       0.30099999999999999       0.54120000000000001     
   158.00000000000000       0.31595787810513853        1.7600000000000001E-002   3.0000000000000001E-003  0.13719999999999999       0.29139999999999999       0.55079999999999996     
   159.00000000000000       0.31074042336144414        1.9599999999999999E-002   5.9999999999999995E-004  0.13719999999999999       0.43940000000000001       0.40320000000000000     
   160.00000000000000       0.31082071581010806        1.9400000000000001E-002   5.9999999999999995E-004  0.13739999999999999       0.43940000000000001       0.40320000000000000     
   161.00000000000000       0.30886224243237226        1.9400000000000001E-002   5.9999999999999995E-004  0.13660000000000000       0.47099999999999997       0.37240000000000001     
   162.00000000000000       0.30656053518847104        1.9000000000000000E-002   2.0000000000000001E-004  0.13700000000000001       0.44700000000000001       0.39679999999999999     
   163.00000000000000       0.30328356930763900        1.9000000000000000E-002   2.0000000000000001E-004  0.13700000000000001       0.45140000000000002       0.39240000000000003     
   164.00000000000000       0.30120376795256942        1.8599999999999998E-002   2.0000000000000001E-004  0.13700000000000001       0.45500000000000002       0.38919999999999999     
   165.00000000000000       0.29757721057309916        1.8400000000000000E-002   2.0000000000000001E-004  0.13700000000000001       0.45219999999999999       0.39219999999999999     
   166.00000000000000       0.29227497532624036        1.8400000000000000E-002   2.0000000000000001E-004  0.13700000000000001       0.45040000000000002       0.39400000000000002     
   167.00000000000000       0.28542437398315840        1.8400000000000000E-002   2.0000000000000001E-004  0.13700000000000001       0.45140000000000002       0.39300000000000002     
   168.00000000000000       0.27820023125983390        1.8400000000000000E-002   2.0000000000000001E-004  0.13700000000000001       0.44240000000000002       0.40200000000000002     
   169.00000000000000       0.26952998556318436        1.7999999999999999E-002   2.0000000000000001E-004  0.13700000000000001       0.43740000000000001       0.40739999999999998     
   170.00000000000000       0.25905903742776187        1.7999999999999999E-002   0.0000000000000000       0.13700000000000001       0.43740000000000001       0.40760000000000002     
   171.00000000000000       0.24780082967558914        1.6799999999999999E-002   1.1999999999999999E-003  0.13700000000000001       0.43759999999999999       0.40739999999999998     
   172.00000000000000       0.23619671007257551        1.4200000000000001E-002   4.1999999999999997E-003  0.13619999999999999       0.43500000000000000       0.41039999999999999     
   173.00000000000000       0.22362532453936074        1.4600000000000000E-002   4.1999999999999997E-003  0.13560000000000000       0.43500000000000000       0.41060000000000002     
   174.00000000000000       0.21656765171435188        1.4600000000000000E-002   4.1999999999999997E-003  0.13439999999999999       0.43380000000000002       0.41299999999999998     
   175.00000000000000       0.20877610369180033        1.4600000000000000E-002   4.1999999999999997E-003  0.13380000000000000       0.43440000000000001       0.41299999999999998     
   176.00000000000000       0.20134376875541152        1.4600000000000000E-002   4.1999999999999997E-003  0.13239999999999999       0.43580000000000002       0.41299999999999998     
   177.00000000000000       0.19499691878636741        1.4600000000000000E-002   4.1999999999999997E-003  0.13220000000000001       0.43040000000000000       0.41860000000000003     
   178.00000000000000       0.18761658170672507        1.4600000000000000E-002   4.1999999999999997E-003  0.13220000000000001       0.43040000000000000       0.41860000000000003     
   179.00000000000000       0.18078567308501303        1.4600000000000000E-002   4.1999999999999997E-003  0.13120000000000001       0.43140000000000001       0.41860000000000003     
   180.00000000000000       0.17389590817573927        1.4600000000000000E-002   4.1999999999999997E-003  0.13120000000000001       0.43140000000000001       0.41860000000000003     
   181.00000000000000       0.16705388770185819        1.4600000000000000E-002   4.1999999999999997E-003  0.13120000000000001       0.43080000000000002       0.41920000000000002     
   182.00000000000000       0.16111573413789640        1.4400000000000000E-002   4.1999999999999997E-003  0.12959999999999999       0.43259999999999998       0.41920000000000002     
   183.00000000000000       0.15522195046293685        1.4200000000000001E-002   4.1999999999999997E-003  0.12980000000000000       0.43259999999999998       0.41920000000000002     
   184.00000000000000       0.14974968530880936        1.3800000000000000E-002   4.1999999999999997E-003  0.13380000000000000       0.42899999999999999       0.41920000000000002     
   185.00000000000000       0.14448760344971454        1.3400000000000000E-002   4.1999999999999997E-003  0.13960000000000000       0.42340000000000000       0.41940000000000000     
   186.00000000000000       0.13933863922748596        1.2999999999999999E-002   4.1999999999999997E-003  0.13900000000000001       0.42440000000000000       0.41940000000000000     
   187.00000000000000       0.13528638918501126        1.2999999999999999E-002   4.1999999999999997E-003  0.13800000000000001       0.42499999999999999       0.41980000000000001     
   188.00000000000000       0.12829465626739459        1.2999999999999999E-002   9.2999999999999999E-002   4.9399999999999999E-002  0.42480000000000001       0.41980000000000001     
   189.00000000000000       0.12754303032607628        1.2999999999999999E-002   9.3600000000000003E-002   4.9399999999999999E-002  0.42359999999999998       0.42040000000000000     
   190.00000000000000       0.12646579242865477        1.2800000000000001E-002   9.3600000000000003E-002   2.0000000000000001E-004  0.47280000000000000       0.42059999999999997     
   191.00000000000000       0.12263473320744585        1.2800000000000001E-002   9.3600000000000003E-002   4.0000000000000002E-004  0.47260000000000002       0.42059999999999997     
   192.00000000000000       0.12992664361618761        1.2600000000000000E-002   9.3600000000000003E-002   4.0000000000000002E-004  0.47260000000000002       0.42080000000000001     
   193.00000000000000       0.13493062185164748        1.2000000000000000E-002   9.4200000000000006E-002   4.0000000000000002E-004  0.47260000000000002       0.42080000000000001     
   194.00000000000000       0.13740576395021414        1.2000000000000000E-002   9.4200000000000006E-002   4.0000000000000002E-004  0.47260000000000002       0.42080000000000001     
   195.00000000000000       0.13715137686341111        1.1599999999999999E-002   9.4600000000000004E-002   4.0000000000000002E-004  0.47260000000000002       0.42080000000000001     
   196.00000000000000       0.13315335531038819        1.1599999999999999E-002   9.4200000000000006E-002   5.9999999999999995E-004  0.47260000000000002       0.42099999999999999     
   197.00000000000000       0.12744740016725326        1.1599999999999999E-002   9.4200000000000006E-002   5.9999999999999995E-004  0.47260000000000002       0.42099999999999999     
   198.00000000000000       0.11745354497063927        1.1200000000000000E-002   9.4600000000000004E-002   7.6200000000000004E-002  0.39720000000000000       0.42080000000000001     
   199.00000000000000       0.11451139271014113        1.1200000000000000E-002   9.4600000000000004E-002   7.6200000000000004E-002  0.39620000000000000       0.42180000000000001     
   200.00000000000000       0.11597484563317206        1.1200000000000000E-002   9.4799999999999995E-002   7.6200000000000004E-002  0.39579999999999999       0.42199999999999999     
   201.00000000000000       0.11868408622214247        1.1400000000000000E-002   9.4799999999999995E-002   7.6200000000000004E-002  0.39560000000000001       0.42199999999999999     
   202.00000000000000       0.12435738061923546        1.4200000000000001E-002  0.10320000000000000        6.2600000000000003E-002  0.39539999999999997       0.42459999999999998     
   203.00000000000000       0.13016889142330978        2.7799999999999998E-002  0.10520000000000000        4.4200000000000003E-002  0.39939999999999998       0.42340000000000000     
   204.00000000000000       0.14441768019601703        2.7799999999999998E-002  0.10320000000000000        3.5799999999999998E-002  0.40360000000000001       0.42959999999999998     
   205.00000000000000       0.15967506621651789        2.7799999999999998E-002  0.10700000000000000        2.9399999999999999E-002  0.38619999999999999       0.44960000000000000     
   206.00000000000000       0.17792715174224699        2.7199999999999998E-002  0.10620000000000000        2.4600000000000000E-002  0.37580000000000002       0.46620000000000000     
   207.00000000000000       0.19723407082537200        2.7199999999999998E-002  0.10620000000000000        2.1399999999999999E-002  0.36520000000000002       0.47999999999999998     
   208.00000000000000       0.21991965189269908        2.7000000000000000E-002  0.10639999999999999        2.1399999999999999E-002  0.33420000000000000       0.51100000000000001     
   209.00000000000000       0.24093924978527612        2.6800000000000001E-002  0.10620000000000000        2.1200000000000000E-002  0.33500000000000002       0.51080000000000003     
   210.00000000000000       0.26384213955217384        2.7400000000000001E-002  0.10440000000000001        2.0799999999999999E-002  0.33560000000000001       0.51180000000000003     
   211.00000000000000       0.28588648098285885        2.7600000000000000E-002  0.10400000000000000        2.1000000000000001E-002  0.33579999999999999       0.51160000000000005     
   212.00000000000000       0.30838365374555998        1.8599999999999998E-002  0.11240000000000000        2.0400000000000001E-002  0.33600000000000002       0.51259999999999994     
   213.00000000000000       0.32972744003511906        1.8200000000000001E-002  0.11200000000000000        2.0600000000000000E-002  0.33620000000000000       0.51300000000000001     
   214.00000000000000       0.34890034115751190        1.8200000000000001E-002  0.11200000000000000        2.0000000000000000E-002  0.33660000000000001       0.51319999999999999     
   215.00000000000000       0.36661773683265014        1.7999999999999999E-002  0.11140000000000000        1.9800000000000002E-002  0.33679999999999999       0.51400000000000001     
   216.00000000000000       0.38133027259347829        1.7999999999999999E-002  0.11100000000000000        2.0199999999999999E-002  0.33660000000000001       0.51419999999999999     
