#        BMIN =   404
#        BMAX =   408
#     INIBAND =   406
#      NBANDS =   540
#         NSW =  2000
#       POTIM =   1.0
#        TEMP = 300.0
#    NAMDTINI =    40
#    NAMDTIME =  1000
#       NTRAJ =  5000
#        NELM =  1000
#       LHOLE =     T
#        LSHP =     T
#      LCPTXT =     T
#      RUNDIR = ../../run/
   1.0000000000000000       0.17176821677808857        0.0000000000000000        0.0000000000000000        1.0000000000000000        0.0000000000000000        0.0000000000000000     
   2.0000000000000000       0.19057934746371560        0.0000000000000000        0.0000000000000000       0.98740000000000006        1.2600000000000000E-002   0.0000000000000000     
   3.0000000000000000       0.17920958927554942        0.0000000000000000        0.0000000000000000       0.98740000000000006        1.2600000000000000E-002   0.0000000000000000     
   4.0000000000000000       0.16356882227156727        0.0000000000000000        0.0000000000000000       0.98740000000000006        1.2600000000000000E-002   0.0000000000000000     
   5.0000000000000000       0.15428289229288364        0.0000000000000000        0.0000000000000000       0.98740000000000006        1.2600000000000000E-002   0.0000000000000000     
   6.0000000000000000       0.13434445999633526        0.0000000000000000        0.0000000000000000       0.98740000000000006        1.2600000000000000E-002   0.0000000000000000     
   7.0000000000000000       0.12508565289251530        0.0000000000000000        0.0000000000000000       0.99360000000000004        6.0000000000000001E-003   4.0000000000000002E-004
   8.0000000000000000       0.11812976787782421        0.0000000000000000        0.0000000000000000       0.99339999999999995        6.1999999999999998E-003   4.0000000000000002E-004
   9.0000000000000000        8.0172308289775659E-002   0.0000000000000000        0.0000000000000000       0.99339999999999995        6.1999999999999998E-003   4.0000000000000002E-004
   10.000000000000000        3.7038161231531808E-002   0.0000000000000000        0.0000000000000000       0.99339999999999995        6.1999999999999998E-003   4.0000000000000002E-004
   11.000000000000000       -9.0204048808246746E-003   0.0000000000000000        0.0000000000000000       0.99339999999999995        6.1999999999999998E-003   4.0000000000000002E-004
   12.000000000000000       -5.6756212611740124E-002   0.0000000000000000        0.0000000000000000       0.99339999999999995        6.1999999999999998E-003   4.0000000000000002E-004
   13.000000000000000      -0.10511998262544227        0.0000000000000000        4.1599999999999998E-002  0.95099999999999996        7.0000000000000001E-003   4.0000000000000002E-004
   14.000000000000000      -0.11415306909478887        0.0000000000000000        4.1599999999999998E-002  0.95079999999999998        7.0000000000000001E-003   5.9999999999999995E-004
   15.000000000000000      -0.10827823817999190        0.0000000000000000        4.1599999999999998E-002  0.95079999999999998        7.0000000000000001E-003   5.9999999999999995E-004
   16.000000000000000      -0.10150666217630425        0.0000000000000000        4.1599999999999998E-002  0.95060000000000000        7.1999999999999998E-003   5.9999999999999995E-004
   17.000000000000000       -9.3389523703486924E-002   7.6000000000000000E-003   3.4000000000000002E-002  0.95020000000000004        7.4000000000000003E-003   8.0000000000000004E-004
   18.000000000000000       -8.4211943094254366E-002   7.1999999999999998E-003   3.4400000000000000E-002  0.95020000000000004        7.0000000000000001E-003   1.1999999999999999E-003
   19.000000000000000       -7.2114187152153578E-002   7.0000000000000001E-003   3.1600000000000003E-002  0.95160000000000000        8.0000000000000002E-003   1.8000000000000000E-003
   20.000000000000000       -6.1197465938767549E-002   8.6000000000000000E-003   2.9999999999999999E-002  0.95120000000000005        8.0000000000000002E-003   2.2000000000000001E-003
   21.000000000000000       -5.0160531595918163E-002   9.5999999999999992E-003   2.9000000000000001E-002  0.94979999999999998        8.0000000000000002E-003   3.5999999999999999E-003
   22.000000000000000       -3.9655679231949535E-002   9.5999999999999992E-003   2.8600000000000000E-002  0.95020000000000004        8.0000000000000002E-003   3.5999999999999999E-003
   23.000000000000000       -2.9977693009693739E-002   1.1599999999999999E-002   2.5800000000000000E-002  0.95060000000000000        8.3999999999999995E-003   3.5999999999999999E-003
   24.000000000000000       -2.2068993107291622E-002   1.1800000000000000E-002   2.5399999999999999E-002  0.95099999999999996        8.2000000000000007E-003   3.5999999999999999E-003
   25.000000000000000       -1.5132356392592496E-002   8.3999999999999995E-003   2.3800000000000002E-002  0.95520000000000005        8.9999999999999993E-003   3.5999999999999999E-003
   26.000000000000000       -1.0016657617893726E-002   7.6000000000000000E-003   1.9400000000000001E-002  0.96020000000000005        8.3999999999999995E-003   4.4000000000000003E-003
   27.000000000000000       -7.6094544726521864E-003   7.6000000000000000E-003   1.9199999999999998E-002  0.95820000000000005        1.0400000000000000E-002   4.5999999999999999E-003
   28.000000000000000       -7.3903918323511243E-003   7.6000000000000000E-003   1.9199999999999998E-002  0.95820000000000005        1.0000000000000000E-002   5.0000000000000001E-003
   29.000000000000000       -7.7261085600902699E-003   0.0000000000000000        2.6200000000000001E-002  0.95840000000000003        9.5999999999999992E-003   5.7999999999999996E-003
   30.000000000000000       -8.0983743164582660E-003   0.0000000000000000        2.6200000000000001E-002  0.95799999999999996        9.7999999999999997E-003   6.0000000000000001E-003
   31.000000000000000       -7.6879747286163966E-003   2.0000000000000001E-004   2.6200000000000001E-002  0.95699999999999996        9.7999999999999997E-003   6.7999999999999996E-003
   32.000000000000000       -4.8628188184847137E-003   2.0000000000000001E-004   2.6200000000000001E-002  0.95699999999999996        9.7999999999999997E-003   6.7999999999999996E-003
   33.000000000000000        7.2735916924411281E-003   1.1400000000000000E-002   2.6800000000000001E-002  0.94520000000000004        9.7999999999999997E-003   6.7999999999999996E-003
   34.000000000000000        2.7210714315308054E-002   1.4400000000000000E-002   2.6800000000000001E-002  0.94099999999999995        1.0200000000000001E-002   7.6000000000000000E-003
   35.000000000000000        4.7789265932084414E-002   1.2000000000000000E-002   2.6800000000000001E-002  0.94140000000000001        1.0200000000000001E-002   9.5999999999999992E-003
   36.000000000000000        6.7713655256612576E-002   1.0600000000000000E-002   2.6800000000000001E-002  0.94220000000000004        1.0200000000000001E-002   1.0200000000000001E-002
   37.000000000000000        8.6410674299551626E-002   2.0000000000000000E-003   3.2800000000000003E-002  0.94460000000000000        9.4000000000000004E-003   1.1200000000000000E-002
   38.000000000000000       0.10305300004991286        2.0000000000000000E-003   3.1600000000000003E-002  0.94579999999999997        9.4000000000000004E-003   1.1200000000000000E-002
   39.000000000000000       0.11929885895946875        2.0000000000000000E-003   3.1800000000000002E-002  0.94460000000000000        9.4000000000000004E-003   1.2200000000000001E-002
   40.000000000000000       0.13402905958126682        2.0000000000000000E-003   3.0800000000000001E-002  0.94359999999999999        1.0800000000000001E-002   1.2800000000000001E-002
   41.000000000000000       0.14682596610154625        2.0000000000000000E-003   2.8000000000000001E-002  0.94579999999999997        1.0800000000000001E-002   1.3400000000000000E-002
   42.000000000000000       0.15795068500432141        2.0000000000000000E-003   2.8600000000000000E-002  0.94299999999999995        1.2999999999999999E-002   1.3400000000000000E-002
   43.000000000000000       0.16637869289749307        2.0000000000000000E-003   2.9399999999999999E-002  0.94199999999999995        1.3200000000000000E-002   1.3400000000000000E-002
   44.000000000000000       0.17302789680653211        2.0000000000000000E-003   2.8799999999999999E-002  0.94120000000000004        1.3200000000000000E-002   1.4800000000000001E-002
   45.000000000000000       0.17685944468259984        2.0000000000000000E-003   3.0599999999999999E-002  0.93899999999999995        1.3400000000000000E-002   1.4999999999999999E-002
   46.000000000000000       0.17704438639958750        2.0000000000000000E-003  0.19560000000000000       0.77380000000000004        1.2200000000000001E-002   1.6400000000000001E-002
   47.000000000000000       0.18074972165175668        2.0000000000000000E-003  0.20999999999999999       0.75939999999999996        1.1800000000000000E-002   1.6799999999999999E-002
   48.000000000000000       0.18724393287432867        2.0000000000000000E-003  0.19280000000000000       0.77539999999999998        1.2999999999999999E-002   1.6799999999999999E-002
   49.000000000000000       0.19190063562157655        2.0000000000000000E-003  0.19560000000000000       0.77059999999999995        1.4000000000000000E-002   1.7800000000000000E-002
   50.000000000000000       0.19371208891699188        2.0000000000000000E-003  0.19620000000000001       0.76980000000000004        1.4200000000000001E-002   1.7800000000000000E-002
   51.000000000000000       0.19491266299776713        1.8000000000000000E-003  0.18659999999999999       0.77959999999999996        1.3599999999999999E-002   1.8400000000000000E-002
   52.000000000000000       0.19119665621806511        1.8000000000000000E-003  0.18679999999999999       0.77800000000000002        1.4999999999999999E-002   1.8400000000000000E-002
   53.000000000000000       0.18829465874266546        1.4000000000000000E-003  0.17940000000000000       0.78320000000000001        1.4200000000000001E-002   2.1800000000000000E-002
   54.000000000000000       0.18392560415617973        1.0000000000000000E-003  0.17899999999999999       0.77880000000000005        1.4600000000000000E-002   2.6599999999999999E-002
   55.000000000000000       0.17421547220919903        1.0000000000000000E-003  0.17499999999999999       0.78280000000000005        1.4600000000000000E-002   2.6599999999999999E-002
   56.000000000000000       0.16574830202465532        1.0000000000000000E-003  0.17080000000000001       0.78600000000000003        1.4600000000000000E-002   2.7600000000000000E-002
   57.000000000000000       0.15336301684966602        4.0000000000000002E-004  0.16900000000000001       0.78559999999999997        1.4600000000000000E-002   3.0400000000000000E-002
   58.000000000000000       0.13967858732792202        4.0000000000000002E-004  0.16900000000000001       0.78559999999999997        1.4000000000000000E-002   3.1000000000000000E-002
   59.000000000000000       0.12607974318405660        4.0000000000000002E-004  0.16420000000000001       0.78939999999999999        1.4200000000000001E-002   3.1800000000000002E-002
   60.000000000000000       0.11168596356360440        4.0000000000000002E-004  0.16339999999999999       0.78939999999999999        1.4000000000000000E-002   3.2800000000000003E-002
   61.000000000000000        9.7335954795888940E-002   4.0000000000000002E-004  0.16259999999999999       0.78879999999999995        1.3800000000000000E-002   3.4400000000000000E-002
   62.000000000000000        9.1650813989121505E-002   4.0000000000000002E-004  0.16259999999999999       0.78739999999999999        1.4200000000000001E-002   3.5400000000000001E-002
   63.000000000000000        8.7030134009447785E-002   4.0000000000000002E-004  0.16259999999999999       0.78720000000000001        1.4400000000000000E-002   3.5400000000000001E-002
   64.000000000000000        8.2201783076000803E-002   4.0000000000000002E-004  0.16259999999999999       0.78720000000000001        1.3599999999999999E-002   3.6200000000000003E-002
   65.000000000000000        7.8199899079770527E-002   2.0000000000000001E-004   8.3199999999999996E-002  0.86639999999999995        1.3599999999999999E-002   3.6600000000000001E-002
   66.000000000000000        8.6068297983124945E-002   2.0000000000000001E-004   8.3199999999999996E-002  0.86639999999999995        1.3599999999999999E-002   3.6600000000000001E-002
   67.000000000000000       0.10140734146543026        2.0000000000000001E-004   8.3199999999999996E-002  0.86639999999999995        1.3599999999999999E-002   3.6600000000000001E-002
   68.000000000000000       0.11131478413961689        2.0000000000000001E-004   8.3199999999999996E-002  0.86639999999999995        1.3599999999999999E-002   3.6600000000000001E-002
   69.000000000000000       0.11550951280181293        2.0000000000000001E-004   8.3199999999999996E-002  0.86639999999999995        1.2999999999999999E-002   3.7199999999999997E-002
   70.000000000000000       0.11367621511206076        0.0000000000000000        8.2400000000000001E-002  0.86660000000000004        1.2800000000000001E-002   3.8199999999999998E-002
   71.000000000000000       0.10541722501185705        0.0000000000000000        8.2400000000000001E-002  0.86660000000000004        1.2800000000000001E-002   3.8199999999999998E-002
   72.000000000000000        9.0940224290869204E-002   0.0000000000000000        8.2400000000000001E-002  0.86660000000000004        1.2800000000000001E-002   3.8199999999999998E-002
   73.000000000000000        7.0382421569530756E-002   0.0000000000000000        8.2400000000000001E-002  0.86660000000000004        1.2000000000000000E-002   3.9000000000000000E-002
   74.000000000000000        4.6313385161029133E-002   0.0000000000000000        8.0799999999999997E-002  0.86660000000000004        1.1800000000000000E-002   4.0800000000000003E-002
   75.000000000000000        1.6009845765645923E-002   0.0000000000000000       0.11440000000000000       0.83299999999999996        1.1800000000000000E-002   4.0800000000000003E-002
   76.000000000000000       -1.0974056091954719E-002   2.0000000000000001E-004  0.11440000000000000       0.82579999999999998        1.1800000000000000E-002   4.7800000000000002E-002
   77.000000000000000       -1.9294957884296679E-002   2.0000000000000001E-004  0.11440000000000000       0.82460000000000000        1.0999999999999999E-002   4.9799999999999997E-002
   78.000000000000000       -2.7714529928985644E-002   2.0000000000000001E-004  0.11559999999999999       0.82240000000000002        1.0999999999999999E-002   5.0799999999999998E-002
   79.000000000000000       -3.3558421132390943E-002   2.0000000000000001E-004  0.11820000000000000       0.81960000000000000        1.1200000000000000E-002   5.0799999999999998E-002
   80.000000000000000       -3.4098517523175553E-002   2.0000000000000001E-004  0.10840000000000000       0.82820000000000005        1.1200000000000000E-002   5.1999999999999998E-002
   81.000000000000000       -3.5433011366054409E-002   2.0000000000000001E-004  0.10360000000000000       0.83299999999999996        1.1200000000000000E-002   5.1999999999999998E-002
   82.000000000000000       -3.5324007567789285E-002   2.0000000000000001E-004   7.0000000000000007E-002  0.86619999999999997        1.1200000000000000E-002   5.2400000000000002E-002
   83.000000000000000       -3.4487513655619507E-002   2.0000000000000001E-004   6.7599999999999993E-002  0.86839999999999995        1.1200000000000000E-002   5.2600000000000001E-002
   84.000000000000000       -3.1243500336370439E-002   2.0000000000000001E-004  0.10780000000000001       0.82720000000000005        1.0800000000000001E-002   5.3999999999999999E-002
   85.000000000000000       -2.5407919810648785E-002   2.0000000000000001E-004  0.10840000000000000       0.82599999999999996        1.0200000000000001E-002   5.5199999999999999E-002
   86.000000000000000       -1.9980773371471239E-002   2.0000000000000001E-004  0.10760000000000000       0.82679999999999998        1.0000000000000000E-002   5.5399999999999998E-002
   87.000000000000000       -1.5025406257174242E-002   0.0000000000000000       0.10220000000000000       0.83199999999999996        1.0000000000000000E-002   5.5800000000000002E-002
   88.000000000000000       -1.2227095423127474E-002   0.0000000000000000       0.10100000000000001       0.83260000000000001        1.0200000000000001E-002   5.6200000000000000E-002
   89.000000000000000       -1.1185285753223979E-002   0.0000000000000000        9.8400000000000001E-002  0.83499999999999996        1.0200000000000001E-002   5.6399999999999999E-002
   90.000000000000000       -1.2354687794652972E-002   0.0000000000000000        9.8400000000000001E-002  0.83299999999999996        1.0999999999999999E-002   5.7599999999999998E-002
   91.000000000000000       -1.6713551020177020E-002   0.0000000000000000        9.8000000000000004E-002  0.83340000000000003        1.0999999999999999E-002   5.7599999999999998E-002
   92.000000000000000       -2.3311163195919443E-002   0.0000000000000000        9.7600000000000006E-002  0.83299999999999996        1.0999999999999999E-002   5.8400000000000001E-002
   93.000000000000000       -3.3101359164284291E-002   1.4000000000000000E-002   8.3400000000000002E-002  0.83140000000000003        1.2200000000000001E-002   5.8999999999999997E-002
   94.000000000000000       -4.4196291173089791E-002   1.4000000000000000E-002   8.3400000000000002E-002  0.83140000000000003        1.2200000000000001E-002   5.8999999999999997E-002
   95.000000000000000       -5.3365872296956968E-002   1.3800000000000000E-002   7.0000000000000007E-002  0.84499999999999997        1.1599999999999999E-002   5.9600000000000000E-002
   96.000000000000000       -4.0536712006411305E-002   1.3800000000000000E-002   7.0000000000000007E-002  0.84499999999999997        1.1599999999999999E-002   5.9600000000000000E-002
   97.000000000000000        1.1031129159219076E-003   1.3800000000000000E-002   7.0000000000000007E-002  0.84499999999999997        1.1599999999999999E-002   5.9600000000000000E-002
   98.000000000000000        6.4255785276466248E-002   1.3800000000000000E-002   6.9400000000000003E-002  0.44819999999999999       0.40520000000000000        6.3399999999999998E-002
   99.000000000000000        7.6178017376401327E-002   2.1399999999999999E-002   6.1800000000000001E-002  0.44259999999999999       0.40500000000000003        6.9199999999999998E-002
   100.00000000000000        8.5118543729893692E-002   2.1399999999999999E-002   6.1800000000000001E-002  0.44560000000000000       0.42880000000000001        4.2400000000000000E-002
   101.00000000000000        9.3126548798258713E-002   2.1399999999999999E-002   6.1800000000000001E-002  0.40479999999999999       0.46960000000000002        4.2400000000000000E-002
   102.00000000000000        8.0554533110795523E-002   2.1800000000000000E-002   6.1400000000000003E-002  0.40679999999999999       0.46760000000000002        4.2400000000000000E-002
   103.00000000000000        6.6815482855419578E-002   2.1800000000000000E-002   6.1400000000000003E-002  0.40839999999999999       0.46600000000000003        4.2400000000000000E-002
   104.00000000000000        5.6182435761247165E-002   2.1800000000000000E-002   6.1400000000000003E-002  0.37859999999999999       0.49580000000000002        4.2400000000000000E-002
   105.00000000000000        4.0665729833206425E-002   2.1800000000000000E-002   6.1400000000000003E-002  0.37719999999999998       0.49719999999999998        4.2400000000000000E-002
   106.00000000000000        2.5761709334204415E-002   2.5600000000000001E-002   5.7599999999999998E-002  0.37780000000000002       0.49659999999999999        4.2400000000000000E-002
   107.00000000000000        1.2329387672780001E-002   2.6200000000000001E-002   5.7000000000000002E-002  0.37780000000000002       0.49659999999999999        4.2400000000000000E-002
   108.00000000000000       -1.0495116914059806E-003   3.2000000000000001E-002   5.1200000000000002E-002  0.37800000000000000       0.49640000000000001        4.2400000000000000E-002
   109.00000000000000       -1.5605691817339189E-002   3.4599999999999999E-002   4.8599999999999997E-002  0.37740000000000001       0.49700000000000000        4.2400000000000000E-002
   110.00000000000000       -2.3219720868216782E-002   3.5799999999999998E-002   4.7399999999999998E-002  0.37719999999999998       0.49719999999999998        4.2400000000000000E-002
   111.00000000000000       -3.4344446171865113E-002   3.5600000000000000E-002   4.7600000000000003E-002  0.37800000000000000       0.49640000000000001        4.2400000000000000E-002
   112.00000000000000       -4.1421447341572527E-002   3.5400000000000001E-002   4.7800000000000002E-002  0.37419999999999998       0.34200000000000003       0.20060000000000000     
   113.00000000000000       -5.6006273265428307E-002   3.5400000000000001E-002   4.7800000000000002E-002  0.21620000000000000       0.50500000000000000       0.19560000000000000     
   114.00000000000000       -7.7188904972648117E-002   3.4799999999999998E-002   4.7800000000000002E-002  0.21620000000000000       0.50439999999999996       0.19680000000000000     
   115.00000000000000       -8.2179970588173598E-002   2.5600000000000001E-002   5.5000000000000000E-002  0.21620000000000000       0.41180000000000000       0.29139999999999999     
   116.00000000000000       -8.5056848313810662E-002   2.5200000000000000E-002   5.5000000000000000E-002  0.21620000000000000       0.40239999999999998       0.30120000000000002     
   117.00000000000000       -8.5732640423985554E-002   2.5200000000000000E-002   5.4600000000000003E-002  0.21620000000000000       0.40339999999999998       0.30059999999999998     
   118.00000000000000       -7.9585821095157674E-002   2.4799999999999999E-002   5.4600000000000003E-002  0.21620000000000000       0.38019999999999998       0.32419999999999999     
   119.00000000000000       -7.1804710059749227E-002   2.4000000000000000E-002   5.1400000000000001E-002  0.21759999999999999       0.38279999999999997       0.32419999999999999     
   120.00000000000000       -5.7619496507471821E-002   2.3199999999999998E-002   5.1400000000000001E-002  0.20860000000000001       0.38560000000000000       0.33119999999999999     
   121.00000000000000       -3.9049574248002074E-002   2.2200000000000001E-002   5.1400000000000001E-002  0.20860000000000001       0.38460000000000000       0.33320000000000000     
   122.00000000000000       -1.7674787882330838E-002   2.2200000000000001E-002   5.1400000000000001E-002  0.20499999999999999       0.38640000000000002       0.33500000000000002     
   123.00000000000000        3.4716332074186743E-003   2.1800000000000000E-002   5.1400000000000001E-002  0.20340000000000000       0.38800000000000001       0.33539999999999998     
   124.00000000000000        2.4472714601288997E-002   2.1600000000000001E-002   5.1400000000000001E-002  0.20340000000000000       0.38779999999999998       0.33579999999999999     
   125.00000000000000        4.7074532851048199E-002   2.1600000000000001E-002   5.1400000000000001E-002  0.19880000000000000       0.38860000000000000       0.33960000000000001     
   126.00000000000000        6.8701464487564728E-002   2.0400000000000001E-002   5.1400000000000001E-002  0.19660000000000000       0.38779999999999998       0.34379999999999999     
   127.00000000000000        8.9464143275698821E-002   2.0000000000000000E-002   5.1400000000000001E-002  0.19600000000000001       0.38760000000000000       0.34499999999999997     
   128.00000000000000       0.11018664459965921        1.9199999999999998E-002   5.1400000000000001E-002  0.19560000000000000       0.38440000000000002       0.34939999999999999     
   129.00000000000000       0.12964040064871118        1.9000000000000000E-002   5.1400000000000001E-002  0.19580000000000000       0.37559999999999999       0.35820000000000002     
   130.00000000000000       0.14718678970924043        1.8800000000000001E-002   5.1400000000000001E-002  0.19339999999999999       0.37719999999999998       0.35920000000000002     
   131.00000000000000       0.16350521150143751        1.8800000000000001E-002   5.1400000000000001E-002  0.19339999999999999       0.37740000000000001       0.35899999999999999     
   132.00000000000000       0.17905541770480099        1.8599999999999998E-002   5.1400000000000001E-002  0.19120000000000001       0.37940000000000002       0.35940000000000000     
   133.00000000000000       0.19430453694401151        1.8200000000000001E-002   5.1400000000000001E-002  0.19120000000000001       0.36480000000000001       0.37440000000000001     
   134.00000000000000       0.20743890492233119        1.7800000000000000E-002   5.1400000000000001E-002  0.18880000000000000       0.37200000000000000       0.37000000000000000     
   135.00000000000000       0.22014051582413666        1.6600000000000000E-002   5.1400000000000001E-002  0.18600000000000000       0.37500000000000000       0.37100000000000000     
   136.00000000000000       0.23182827972613673        1.6000000000000000E-002   5.1400000000000001E-002  0.18659999999999999       0.36199999999999999       0.38400000000000001     
   137.00000000000000       0.24179135792668957        1.6000000000000000E-002   5.1400000000000001E-002  0.18659999999999999       0.36340000000000000       0.38260000000000000     
   138.00000000000000       0.25046899250803206        1.5400000000000000E-002   5.1400000000000001E-002  0.18740000000000001       0.36320000000000002       0.38260000000000000     
   139.00000000000000       0.25830716738639670        1.4999999999999999E-002   5.1400000000000001E-002  0.18679999999999999       0.36299999999999999       0.38379999999999997     
   140.00000000000000       0.26555933460987396        1.4999999999999999E-002   5.1400000000000001E-002  0.17760000000000001       0.37180000000000002       0.38419999999999999     
   141.00000000000000       0.27042585407194519        1.4800000000000001E-002   5.1400000000000001E-002  0.17760000000000001       0.37219999999999998       0.38400000000000001     
   142.00000000000000       0.27422132764879786        2.0600000000000000E-002   4.4600000000000001E-002  0.17620000000000000       0.37240000000000001       0.38619999999999999     
   143.00000000000000       0.27634630238535107        2.0600000000000000E-002   4.4200000000000003E-002  0.17699999999999999       0.37219999999999998       0.38600000000000001     
   144.00000000000000       0.27948632874791512        2.0600000000000000E-002   4.3999999999999997E-002  0.16480000000000000       0.38340000000000002       0.38719999999999999     
   145.00000000000000       0.28046594285972426        2.0199999999999999E-002   4.3600000000000000E-002  0.15980000000000000       0.38700000000000001       0.38940000000000002     
   146.00000000000000       0.28014823879271372        1.9599999999999999E-002   4.1799999999999997E-002  0.16059999999999999       0.38840000000000002       0.38960000000000000     
   147.00000000000000       0.27858156145687896        1.9599999999999999E-002   4.1799999999999997E-002  0.15679999999999999       0.39200000000000002       0.38979999999999998     
   148.00000000000000       0.27583638478755146        1.9599999999999999E-002   4.1599999999999998E-002  0.15420000000000000       0.39479999999999998       0.38979999999999998     
   149.00000000000000       0.27240974954597241        1.9000000000000000E-002   4.0399999999999998E-002  0.14879999999999999       0.39820000000000000       0.39360000000000001     
   150.00000000000000       0.26836552538452929        1.9199999999999998E-002   3.8600000000000002E-002  0.14260000000000000       0.39879999999999999       0.40079999999999999     
   151.00000000000000       0.26158707830380723        1.8599999999999998E-002   3.7199999999999997E-002  0.14260000000000000       0.40160000000000001       0.40000000000000002     
   152.00000000000000       0.25515218727016409        1.6799999999999999E-002   3.7600000000000001E-002  0.14399999999999999       0.38919999999999999       0.41239999999999999     
   153.00000000000000       0.24589680628831070        1.7399999999999999E-002   3.6999999999999998E-002  0.14340000000000000       0.39140000000000003       0.41080000000000000     
   154.00000000000000       0.23703146524656002        1.4999999999999999E-002   3.9399999999999998E-002  0.14280000000000001       0.39419999999999999       0.40860000000000002     
   155.00000000000000       0.22838887820984982        1.2400000000000000E-002   4.1399999999999999E-002  0.14219999999999999       0.39200000000000002       0.41199999999999998     
   156.00000000000000       0.21994141073937018        6.0000000000000001E-003   4.7800000000000002E-002  0.14140000000000000       0.39040000000000002       0.41439999999999999     
   157.00000000000000       0.21155723915270169        8.3999999999999995E-003   4.3200000000000002E-002  0.13960000000000000       0.38719999999999999       0.42159999999999997     
   158.00000000000000       0.20369202042765427        8.3999999999999995E-003   4.2400000000000000E-002  0.13500000000000001       0.38819999999999999       0.42599999999999999     
   159.00000000000000       0.19489593202844779        3.3999999999999998E-003   4.6399999999999997E-002  0.13280000000000000       0.39260000000000000       0.42480000000000001     
   160.00000000000000       0.18497867407769258        3.2000000000000002E-003   4.6399999999999997E-002  0.13300000000000001       0.39340000000000003       0.42399999999999999     
   161.00000000000000       0.17664555103374122        3.2000000000000002E-003   4.6399999999999997E-002  0.13200000000000001       0.39439999999999997       0.42399999999999999     
   162.00000000000000       0.16745785323758472        3.2000000000000002E-003   4.6399999999999997E-002  0.13159999999999999       0.39539999999999997       0.42340000000000000     
   163.00000000000000       0.16038926791056538        2.8000000000000000E-003   0.0000000000000000       0.17820000000000000       0.38200000000000001       0.43700000000000000     
   164.00000000000000       0.15532469189318679        2.8000000000000000E-003   2.0000000000000001E-004  0.17820000000000000       0.38279999999999997       0.43600000000000000     
   165.00000000000000       0.15165395431202394        2.8000000000000000E-003   2.0000000000000001E-004  0.17820000000000000       0.38019999999999998       0.43859999999999999     
   166.00000000000000       0.14783604390740307        2.8000000000000000E-003   2.0000000000000001E-004  0.17820000000000000       0.37859999999999999       0.44019999999999998     
   167.00000000000000       0.14444118800787137        2.8000000000000000E-003   2.0000000000000001E-004  0.17820000000000000       0.37340000000000001       0.44540000000000002     
   168.00000000000000       0.14137812758227963        2.8000000000000000E-003   2.0000000000000001E-004  0.17820000000000000       0.36919999999999997       0.44960000000000000     
   169.00000000000000       0.13808404781477640        2.8000000000000000E-003   2.0000000000000001E-004  0.17820000000000000       0.36680000000000001       0.45200000000000001     
   170.00000000000000       0.13492481294849631        2.8000000000000000E-003   2.0000000000000001E-004  0.17820000000000000       0.36640000000000000       0.45240000000000002     
   171.00000000000000       0.13207609835379786        2.8000000000000000E-003   2.0000000000000001E-004  0.17820000000000000       0.36559999999999998       0.45319999999999999     
   172.00000000000000       0.12961447790803732        2.8000000000000000E-003   2.0000000000000001E-004  0.17820000000000000       0.36559999999999998       0.45319999999999999     
   173.00000000000000       0.12935181105020493        2.3999999999999998E-003   4.0000000000000002E-004  0.17820000000000000       0.35499999999999998       0.46400000000000002     
   174.00000000000000       0.12737128720662227        2.3999999999999998E-003   8.6800000000000002E-002   9.1800000000000007E-002  0.34860000000000002       0.47039999999999998     
   175.00000000000000       0.13350336905189314        2.3999999999999998E-003   8.6800000000000002E-002   9.1600000000000001E-002  0.34179999999999999       0.47739999999999999     
   176.00000000000000       0.13988522185149582        2.3999999999999998E-003   8.6800000000000002E-002   9.1600000000000001E-002  0.34179999999999999       0.47739999999999999     
   177.00000000000000       0.14738836644335535        2.3999999999999998E-003   8.6599999999999996E-002   9.1800000000000007E-002  0.34179999999999999       0.47739999999999999     
   178.00000000000000       0.16245746594130003        2.3999999999999998E-003   8.2000000000000003E-002   9.2399999999999996E-002  0.33939999999999998       0.48380000000000001     
   179.00000000000000       0.18193991129474632        2.3999999999999998E-003   7.5399999999999995E-002   8.9999999999999997E-002  0.33820000000000000       0.49399999999999999     
   180.00000000000000       0.19854717628855417        2.3999999999999998E-003   7.5200000000000003E-002   8.8800000000000004E-002  0.33560000000000001       0.49800000000000000     
   181.00000000000000       0.21574253214688141        2.3999999999999998E-003   7.4600000000000000E-002   8.5599999999999996E-002  0.33520000000000000       0.50219999999999998     
   182.00000000000000       0.23181901751100009        2.2000000000000001E-003   7.4800000000000005E-002   8.3000000000000004E-002  0.33779999999999999       0.50219999999999998     
   183.00000000000000       0.24651861256520879        2.2000000000000001E-003   7.4600000000000000E-002   8.3199999999999996E-002  0.33700000000000002       0.50300000000000000     
   184.00000000000000       0.26084021408687785        2.2000000000000001E-003   7.3200000000000001E-002   8.1799999999999998E-002  0.33820000000000000       0.50460000000000005     
   185.00000000000000       0.27516805559914997        2.2000000000000001E-003   7.2200000000000000E-002   7.6799999999999993E-002  0.34039999999999998       0.50839999999999996     
   186.00000000000000       0.28588652421645661        2.2000000000000001E-003   7.1999999999999995E-002   7.6799999999999993E-002  0.34060000000000001       0.50839999999999996     
   187.00000000000000       0.29594477740950892        2.0000000000000000E-003   7.1800000000000003E-002   7.5200000000000003E-002  0.34220000000000000       0.50880000000000003     
   188.00000000000000       0.30499388126792282        2.0000000000000000E-003   7.1999999999999995E-002   6.9000000000000006E-002  0.34980000000000000       0.50719999999999998     
   189.00000000000000       0.31238602326101955        2.0000000000000000E-003   7.0400000000000004E-002   6.8599999999999994E-002  0.34160000000000001       0.51739999999999997     
   190.00000000000000       0.31702016245490577        1.8000000000000000E-003   6.9000000000000006E-002   6.8400000000000002E-002  0.34320000000000001       0.51759999999999995     
   191.00000000000000       0.31897058982887716        1.0000000000000000E-003   6.9000000000000006E-002   6.9199999999999998E-002  0.34379999999999999       0.51700000000000002     
   192.00000000000000       0.31897319288624160        1.0000000000000000E-003   6.9000000000000006E-002   6.7199999999999996E-002  0.34379999999999999       0.51900000000000002     
   193.00000000000000       0.31819147686134985        1.0000000000000000E-003   6.6600000000000006E-002   6.8400000000000002E-002  0.33820000000000000       0.52580000000000005     
   194.00000000000000       0.31394076832863960        1.0000000000000000E-003   6.6199999999999995E-002   6.8400000000000002E-002  0.33679999999999999       0.52759999999999996     
   195.00000000000000       0.30741263132707958        1.0000000000000000E-003   6.5199999999999994E-002   6.8199999999999997E-002  0.33800000000000002       0.52759999999999996     
   196.00000000000000       0.29974867494839330        1.5599999999999999E-002   5.0400000000000000E-002   6.3200000000000006E-002  0.34239999999999998       0.52839999999999998     
   197.00000000000000       0.29190154533353768        1.5599999999999999E-002   5.0400000000000000E-002   6.3200000000000006E-002  0.34239999999999998       0.52839999999999998     
   198.00000000000000       0.28418119724051666        1.5599999999999999E-002   5.0400000000000000E-002   5.4600000000000003E-002  0.35099999999999998       0.52839999999999998     
   199.00000000000000       0.27585184827546994        1.5599999999999999E-002   5.0400000000000000E-002   4.2999999999999997E-002  0.36259999999999998       0.52839999999999998     
   200.00000000000000       0.26327171657891030        1.5599999999999999E-002   5.0400000000000000E-002   4.2799999999999998E-002  0.36099999999999999       0.53020000000000000     
   201.00000000000000       0.26510906430744452        1.5599999999999999E-002   2.2800000000000001E-002   7.1999999999999995E-002  0.35420000000000001       0.53539999999999999     
   202.00000000000000       0.26088855526858112        1.5599999999999999E-002   2.3599999999999999E-002   7.1999999999999995E-002  0.35339999999999999       0.53539999999999999     
   203.00000000000000       0.25617282745772574        1.5599999999999999E-002   2.2200000000000001E-002   8.3199999999999996E-002  0.34260000000000002       0.53639999999999999     
   204.00000000000000       0.25238439278449365        1.5599999999999999E-002   2.2200000000000001E-002   8.3199999999999996E-002  0.34260000000000002       0.53639999999999999     
   205.00000000000000       0.24825672940884852        1.5200000000000000E-002   2.1600000000000001E-002   8.3599999999999994E-002  0.34300000000000003       0.53659999999999997     
   206.00000000000000       0.24125079361158233        1.5200000000000000E-002   2.0799999999999999E-002   8.4400000000000003E-002  0.34300000000000003       0.53659999999999997     
   207.00000000000000       0.23049938558095651        1.5200000000000000E-002   2.0600000000000000E-002   8.4400000000000003E-002  0.34300000000000003       0.53680000000000005     
   208.00000000000000       0.22097501709148212        1.5200000000000000E-002   2.0000000000000000E-002   7.9600000000000004E-002  0.34300000000000003       0.54220000000000002     
   209.00000000000000       0.20861658459199359        1.5200000000000000E-002   2.0000000000000000E-002  0.42259999999999998        0.0000000000000000       0.54220000000000002     
   210.00000000000000       0.19353416373572876        1.5200000000000000E-002   2.0000000000000000E-002  0.42259999999999998        0.0000000000000000       0.54220000000000002     
   211.00000000000000       0.17778118120511555        1.5200000000000000E-002   2.0000000000000000E-002  0.42259999999999998        0.0000000000000000       0.54220000000000002     
   212.00000000000000       0.16119627736677075        1.5200000000000000E-002   1.9400000000000001E-002  0.42320000000000002        0.0000000000000000       0.54220000000000002     
   213.00000000000000       0.16526239355241379        1.5200000000000000E-002   1.9400000000000001E-002  0.40860000000000002        1.4600000000000000E-002  0.54220000000000002     
   214.00000000000000       0.17010971722978346        1.5200000000000000E-002   1.9400000000000001E-002  0.40899999999999997        1.3800000000000000E-002  0.54259999999999997     
   215.00000000000000       0.17848908124417076        1.5200000000000000E-002   1.9400000000000001E-002  0.40279999999999999        1.3800000000000000E-002  0.54879999999999995     
   216.00000000000000       0.18450396715333175        1.5200000000000000E-002   1.9400000000000001E-002  0.40160000000000001        1.3800000000000000E-002  0.55000000000000004     
