#        BMIN =   404
#        BMAX =   408
#     INIBAND =   407
#      NBANDS =   540
#         NSW =  2000
#       POTIM =   1.0
#        TEMP = 300.0
#    NAMDTINI =   781
#    NAMDTIME =  1000
#       NTRAJ =  5000
#        NELM =  1000
#       LHOLE =     T
#        LSHP =     T
#      LCPTXT =     T
#      RUNDIR = ../../run/
   1.0000000000000000       0.14940783638366523        0.0000000000000000        0.0000000000000000        0.0000000000000000        1.0000000000000000        0.0000000000000000     
   2.0000000000000000       0.13392565139163046        0.0000000000000000        0.0000000000000000        0.0000000000000000        1.0000000000000000        0.0000000000000000     
   3.0000000000000000        9.7728654776672946E-002   0.0000000000000000        0.0000000000000000        5.6200000000000000E-002  0.94379999999999997        0.0000000000000000     
   4.0000000000000000        8.4330380087168755E-002   0.0000000000000000        0.0000000000000000        5.6200000000000000E-002  0.94320000000000004        5.9999999999999995E-004
   5.0000000000000000        7.4836466925567210E-002   0.0000000000000000        0.0000000000000000        5.6200000000000000E-002  0.94320000000000004        5.9999999999999995E-004
   6.0000000000000000        6.4804160231924174E-002   0.0000000000000000        0.0000000000000000        5.6200000000000000E-002  0.94320000000000004        5.9999999999999995E-004
   7.0000000000000000        5.5309032713452090E-002   0.0000000000000000        0.0000000000000000        5.5599999999999997E-002  0.94379999999999997        5.9999999999999995E-004
   8.0000000000000000        4.5908881214237633E-002   0.0000000000000000        0.0000000000000000        5.5599999999999997E-002  0.94379999999999997        5.9999999999999995E-004
   9.0000000000000000        3.9797010665044159E-002   0.0000000000000000        0.0000000000000000        5.5000000000000000E-002  0.94440000000000002        5.9999999999999995E-004
   10.000000000000000        3.2897807593199789E-002   0.0000000000000000        0.0000000000000000        5.5000000000000000E-002  0.94420000000000004        8.0000000000000004E-004
   11.000000000000000        2.6905081942899409E-002   0.0000000000000000        0.0000000000000000        5.4399999999999997E-002  0.94460000000000000        1.0000000000000000E-003
   12.000000000000000        2.1215819050134168E-002   0.0000000000000000        0.0000000000000000        5.4199999999999998E-002  0.94479999999999997        1.0000000000000000E-003
   13.000000000000000        1.6481357550487880E-002   0.0000000000000000        0.0000000000000000        5.3800000000000001E-002  0.94499999999999995        1.1999999999999999E-003
   14.000000000000000        1.2083653145540947E-002   0.0000000000000000        0.0000000000000000        5.3800000000000001E-002  0.94499999999999995        1.1999999999999999E-003
   15.000000000000000        8.6059331250252537E-003   0.0000000000000000        0.0000000000000000        5.3800000000000001E-002  0.94499999999999995        1.1999999999999999E-003
   16.000000000000000        6.4654287589793686E-003   0.0000000000000000        0.0000000000000000        5.3800000000000001E-002  0.94499999999999995        1.1999999999999999E-003
   17.000000000000000        5.3095396292112086E-003   0.0000000000000000        0.0000000000000000        5.2400000000000002E-002  0.94599999999999995        1.6000000000000001E-003
   18.000000000000000        5.2539071034501681E-003   0.0000000000000000        0.0000000000000000        5.0999999999999997E-002  0.94579999999999997        3.2000000000000002E-003
   19.000000000000000        7.4159171999995709E-003   0.0000000000000000        0.0000000000000000        4.7800000000000002E-002  0.94079999999999997        1.1400000000000000E-002
   20.000000000000000        9.8360523047129125E-003   0.0000000000000000        0.0000000000000000        4.3600000000000000E-002  0.94340000000000002        1.2999999999999999E-002
   21.000000000000000        1.3080844656274015E-002   0.0000000000000000        0.0000000000000000        4.2000000000000003E-002  0.94499999999999995        1.2999999999999999E-002
   22.000000000000000        1.8900029454544279E-002   0.0000000000000000        0.0000000000000000        3.9000000000000000E-002  0.94340000000000002        1.7600000000000001E-002
   23.000000000000000        2.6204324341662699E-002   0.0000000000000000        0.0000000000000000        3.6999999999999998E-002  0.94540000000000002        1.7600000000000001E-002
   24.000000000000000        3.5815446265304862E-002   0.0000000000000000        0.0000000000000000        3.6999999999999998E-002  0.94520000000000004        1.7800000000000000E-002
   25.000000000000000        4.8366821176268143E-002   0.0000000000000000        0.0000000000000000        3.5600000000000000E-002  0.94399999999999995        2.0400000000000001E-002
   26.000000000000000        6.2657313301068315E-002   0.0000000000000000        0.0000000000000000        3.5600000000000000E-002  0.94140000000000001        2.3000000000000000E-002
   27.000000000000000        7.8327491777668609E-002   0.0000000000000000        0.0000000000000000        3.5600000000000000E-002  0.94140000000000001        2.3000000000000000E-002
   28.000000000000000        9.5605502787986824E-002   0.0000000000000000        0.0000000000000000        3.5600000000000000E-002  0.94140000000000001        2.3000000000000000E-002
   29.000000000000000       0.11438452094719499        0.0000000000000000        0.0000000000000000        3.5600000000000000E-002  0.94140000000000001        2.3000000000000000E-002
   30.000000000000000       0.13509838859119427        0.0000000000000000        0.0000000000000000        3.5600000000000000E-002  0.93859999999999999        2.5800000000000000E-002
   31.000000000000000       0.15670920377328351        0.0000000000000000        5.4000000000000003E-003   2.9399999999999999E-002  0.93820000000000003        2.7000000000000000E-002
   32.000000000000000       0.17992688298767362        0.0000000000000000        5.4000000000000003E-003   2.9200000000000000E-002  0.93840000000000001        2.7000000000000000E-002
   33.000000000000000       0.20486532035656968        0.0000000000000000        5.4000000000000003E-003   2.9200000000000000E-002  0.93779999999999997        2.7600000000000000E-002
   34.000000000000000       0.23092312569238982        0.0000000000000000        5.4000000000000003E-003   2.8199999999999999E-002  0.93859999999999999        2.7799999999999998E-002
   35.000000000000000       0.25704613641582319        0.0000000000000000        5.4000000000000003E-003   2.8199999999999999E-002  0.93859999999999999        2.7799999999999998E-002
   36.000000000000000       0.28254855613553936        0.0000000000000000        5.4000000000000003E-003   2.8199999999999999E-002  0.93820000000000003        2.8199999999999999E-002
   37.000000000000000       0.30640100564676431        0.0000000000000000        5.0000000000000001E-003   2.5000000000000001E-002  0.94120000000000004        2.8799999999999999E-002
   38.000000000000000       0.32633563866173870        0.0000000000000000        5.0000000000000001E-003   2.0799999999999999E-002  0.94579999999999997        2.8400000000000002E-002
   39.000000000000000       0.34048344007091813        0.0000000000000000        4.7999999999999996E-003   2.0799999999999999E-002  0.93879999999999997        3.5600000000000000E-002
   40.000000000000000       0.34950834672329761        0.0000000000000000        4.7999999999999996E-003   2.0799999999999999E-002  0.92679999999999996        4.7600000000000003E-002
   41.000000000000000       0.35314384789909681        0.0000000000000000        4.7999999999999996E-003   2.0799999999999999E-002  0.92679999999999996        4.7600000000000003E-002
   42.000000000000000       0.35389856403695619        0.0000000000000000        4.7999999999999996E-003   2.0199999999999999E-002  0.92079999999999995        5.4199999999999998E-002
   43.000000000000000       0.35127654367492028        0.0000000000000000        4.7999999999999996E-003   2.0000000000000000E-002  0.91779999999999995        5.7400000000000000E-002
   44.000000000000000       0.34614400365036996        0.0000000000000000        4.4000000000000003E-003   1.7600000000000001E-002  0.92020000000000002        5.7799999999999997E-002
   45.000000000000000       0.33794228870607274        0.0000000000000000        4.1999999999999997E-003   1.7000000000000001E-002  0.92079999999999995        5.8000000000000003E-002
   46.000000000000000       0.32654711359842548        0.0000000000000000        4.1999999999999997E-003   1.7000000000000001E-002  0.92079999999999995        5.8000000000000003E-002
   47.000000000000000       0.31362289758660411        0.0000000000000000        4.0000000000000001E-003   1.6400000000000001E-002  0.92140000000000000        5.8200000000000002E-002
   48.000000000000000       0.29780821556521003        0.0000000000000000        4.0000000000000001E-003   1.6000000000000000E-002  0.92159999999999997        5.8400000000000001E-002
   49.000000000000000       0.28132433418653241        0.0000000000000000        3.2000000000000002E-003   1.6000000000000000E-002  0.92240000000000000        5.8400000000000001E-002
   50.000000000000000       0.26260913755972909        0.0000000000000000        3.2000000000000002E-003   1.6000000000000000E-002  0.92240000000000000        5.8400000000000001E-002
   51.000000000000000       0.24274815111367498        4.0000000000000002E-004   2.8000000000000000E-003   1.5400000000000000E-002  0.92240000000000000        5.8999999999999997E-002
   52.000000000000000       0.22253994884957917        4.0000000000000002E-004   2.8000000000000000E-003   1.4200000000000001E-002  0.92359999999999998        5.8999999999999997E-002
   53.000000000000000       0.20167814152388061        4.0000000000000002E-004   2.8000000000000000E-003   1.4200000000000001E-002  0.92279999999999995        5.9799999999999999E-002
   54.000000000000000       0.18053322388208781        4.0000000000000002E-004   2.8000000000000000E-003   1.3400000000000000E-002  0.92359999999999998        5.9799999999999999E-002
   55.000000000000000       0.15943633286084316        4.0000000000000002E-004   2.8000000000000000E-003   1.3400000000000000E-002  0.92359999999999998        5.9799999999999999E-002
   56.000000000000000       0.13906682296892900        4.0000000000000002E-004   2.8000000000000000E-003   1.3400000000000000E-002  0.92359999999999998        5.9799999999999999E-002
   57.000000000000000       0.11603156412130256        4.0000000000000002E-004   2.5999999999999999E-003   1.3400000000000000E-002  0.92359999999999998        5.9999999999999998E-002
   58.000000000000000       0.10053666046185561        4.0000000000000002E-004   2.5999999999999999E-003   1.3400000000000000E-002  0.92359999999999998        5.9999999999999998E-002
   59.000000000000000        9.0663753892772828E-002   4.0000000000000002E-004   2.5999999999999999E-003   1.3400000000000000E-002  0.92359999999999998        5.9999999999999998E-002
   60.000000000000000        6.6429903021246767E-002   4.0000000000000002E-004   2.5999999999999999E-003   1.3400000000000000E-002  0.92359999999999998        5.9999999999999998E-002
   61.000000000000000        5.1046147297048143E-002   4.0000000000000002E-004   2.5999999999999999E-003   1.8200000000000001E-002  0.91779999999999995        6.0999999999999999E-002
   62.000000000000000        6.0836331867575200E-002   4.0000000000000002E-004   2.3999999999999998E-003   1.8200000000000001E-002  0.91779999999999995        6.1199999999999997E-002
   63.000000000000000        6.9349545113945948E-002   2.0000000000000001E-004   2.5999999999999999E-003   1.8200000000000001E-002  0.91779999999999995        6.1199999999999997E-002
   64.000000000000000        7.2550671237287132E-002   2.0000000000000001E-004   2.5999999999999999E-003   1.8200000000000001E-002  0.91779999999999995        6.1199999999999997E-002
   65.000000000000000        6.9968050837404663E-002   2.0000000000000001E-004   2.3999999999999998E-003   1.8200000000000001E-002  0.91779999999999995        6.1400000000000003E-002
   66.000000000000000        6.1829611857446322E-002   2.0000000000000001E-004   1.4000000000000000E-003   1.7999999999999999E-002  0.91779999999999995        6.2600000000000003E-002
   67.000000000000000        4.7322870776704211E-002   2.0000000000000001E-004   1.4000000000000000E-003   1.7999999999999999E-002  0.91779999999999995        6.2600000000000003E-002
   68.000000000000000        2.6865139390590678E-002   0.0000000000000000        1.4000000000000000E-003   1.7999999999999999E-002  0.91800000000000004        6.2600000000000003E-002
   69.000000000000000        1.4701161602654021E-003   0.0000000000000000        1.4000000000000000E-003   7.7399999999999997E-002  0.85860000000000003        6.2600000000000003E-002
   70.000000000000000        1.5357862526216397E-003   0.0000000000000000        1.4000000000000000E-003   7.7399999999999997E-002  0.85860000000000003        6.2600000000000003E-002
   71.000000000000000        5.9268631226529834E-003   0.0000000000000000        1.4000000000000000E-003   7.7399999999999997E-002  0.85380000000000000        6.7400000000000002E-002
   72.000000000000000        1.1466257473508939E-002   0.0000000000000000        1.0000000000000000E-003   7.7399999999999997E-002  0.85440000000000005        6.7199999999999996E-002
   73.000000000000000        1.7354859972076538E-002   0.0000000000000000        1.0000000000000000E-003   7.7399999999999997E-002  0.85699999999999998        6.4600000000000005E-002
   74.000000000000000        2.3244817238077451E-002   0.0000000000000000        1.0000000000000000E-003   7.7399999999999997E-002  0.81159999999999999       0.11000000000000000     
   75.000000000000000        2.5140375694389351E-002   0.0000000000000000        7.8399999999999997E-002   0.0000000000000000       0.83999999999999997        8.1600000000000006E-002
   76.000000000000000        2.8462892983769205E-002   0.0000000000000000        7.6600000000000001E-002   1.8000000000000000E-003  0.84199999999999997        7.9600000000000004E-002
   77.000000000000000        3.5393425321138976E-002   0.0000000000000000        7.2800000000000004E-002   5.4000000000000003E-003  0.84060000000000001        8.1199999999999994E-002
   78.000000000000000        4.5394463903270413E-002   0.0000000000000000        7.2400000000000006E-002   5.4000000000000003E-003  0.84040000000000004        8.1799999999999998E-002
   79.000000000000000        5.6315620856764184E-002   0.0000000000000000        7.7799999999999994E-002   0.0000000000000000       0.83999999999999997        8.2199999999999995E-002
   80.000000000000000        6.8095443263231609E-002   0.0000000000000000        7.6200000000000004E-002   0.0000000000000000       0.84160000000000001        8.2199999999999995E-002
   81.000000000000000        8.0228423014384834E-002   0.0000000000000000        7.6200000000000004E-002   0.0000000000000000       0.84160000000000001        8.2199999999999995E-002
   82.000000000000000        9.3195289313586754E-002   0.0000000000000000        7.4800000000000005E-002   0.0000000000000000       0.84319999999999995        8.2000000000000003E-002
   83.000000000000000       0.10670447803576824        0.0000000000000000        7.4800000000000005E-002   0.0000000000000000       0.84240000000000004        8.2799999999999999E-002
   84.000000000000000       0.12111844298658944        0.0000000000000000        7.0999999999999994E-002   5.9999999999999995E-004  0.84560000000000002        8.2799999999999999E-002
   85.000000000000000       0.13487911735701924        0.0000000000000000        7.0800000000000002E-002   8.0000000000000004E-004  0.84560000000000002        8.2799999999999999E-002
   86.000000000000000       0.15005034970541523        0.0000000000000000        6.6199999999999995E-002   8.0000000000000004E-004  0.84940000000000004        8.3599999999999994E-002
   87.000000000000000       0.16402552080754390        0.0000000000000000        6.5799999999999997E-002   1.0000000000000000E-003  0.84960000000000002        8.3599999999999994E-002
   88.000000000000000       0.17802405578701810        0.0000000000000000        6.5799999999999997E-002   1.0000000000000000E-003  0.84960000000000002        8.3599999999999994E-002
   89.000000000000000       0.19252906803090508        0.0000000000000000        6.4399999999999999E-002   1.4000000000000000E-003  0.84860000000000002        8.5599999999999996E-002
   90.000000000000000       0.20665962328356580        2.5999999999999999E-003   6.1400000000000003E-002   1.4000000000000000E-003  0.84860000000000002        8.5999999999999993E-002
   91.000000000000000       0.22401383421813567        2.5999999999999999E-003   6.1400000000000003E-002   1.4000000000000000E-003  0.84860000000000002        8.5999999999999993E-002
   92.000000000000000       0.24400787367615465        2.3999999999999998E-003   4.1799999999999997E-002   1.4400000000000000E-002  0.85419999999999996        8.7200000000000000E-002
   93.000000000000000       0.26199386231916710        2.3999999999999998E-003   4.1799999999999997E-002   1.4400000000000000E-002  0.85419999999999996        8.7200000000000000E-002
   94.000000000000000       0.27930268988034063        2.3999999999999998E-003   4.1799999999999997E-002   1.4400000000000000E-002  0.85399999999999998        8.7400000000000005E-002
   95.000000000000000       0.29529506871593353        1.8000000000000000E-003   4.1799999999999997E-002   1.4400000000000000E-002  0.85340000000000005        8.8599999999999998E-002
   96.000000000000000       0.31641958941912457        1.8000000000000000E-003   3.8199999999999998E-002   1.4400000000000000E-002  0.85640000000000005        8.9200000000000002E-002
   97.000000000000000       0.33465004162432366        1.8000000000000000E-003   3.5200000000000002E-002   1.4400000000000000E-002  0.85899999999999999        8.9599999999999999E-002
   98.000000000000000       0.35232281916701030        5.9999999999999995E-004   3.5400000000000001E-002   1.4400000000000000E-002  0.85960000000000003        8.9999999999999997E-002
   99.000000000000000       0.37083925482347135        5.9999999999999995E-004   3.5400000000000001E-002   1.4400000000000000E-002  0.85940000000000005        9.0200000000000002E-002
   100.00000000000000       0.38669299248586492        4.0000000000000002E-004   3.5400000000000001E-002   1.4400000000000000E-002  0.85960000000000003        9.0200000000000002E-002
   101.00000000000000       0.40295063158895528        2.0000000000000001E-004   3.5600000000000000E-002   1.4400000000000000E-002  0.85799999999999998        9.1800000000000007E-002
   102.00000000000000       0.41848138210385105        2.0000000000000001E-004   3.7199999999999997E-002   1.2800000000000001E-002  0.85660000000000003        9.3200000000000005E-002
   103.00000000000000       0.43202325744541825        2.0000000000000001E-004   3.7199999999999997E-002   1.2000000000000000E-002  0.85699999999999998        9.3600000000000003E-002
   104.00000000000000       0.44320269385220284        2.0000000000000001E-004   3.6600000000000001E-002   1.2400000000000000E-002  0.85580000000000001        9.5000000000000001E-002
   105.00000000000000       0.45388692007030151        2.0000000000000001E-004   3.6200000000000003E-002   1.2400000000000000E-002  0.85660000000000003        9.4600000000000004E-002
   106.00000000000000       0.46388385872226284        2.0000000000000001E-004   3.6200000000000003E-002   1.1599999999999999E-002  0.85760000000000003        9.4399999999999998E-002
   107.00000000000000       0.47320030385695905        2.0000000000000001E-004   3.5600000000000000E-002   1.1200000000000000E-002  0.85799999999999998        9.5000000000000001E-002
   108.00000000000000       0.48142986777667268        2.0000000000000001E-004   3.5600000000000000E-002   1.1200000000000000E-002  0.85780000000000001        9.5200000000000007E-002
   109.00000000000000       0.48712176107175942        2.0000000000000001E-004   3.5600000000000000E-002   1.1200000000000000E-002  0.85799999999999998        9.5000000000000001E-002
   110.00000000000000       0.49302248158126621        2.0000000000000001E-004   3.5400000000000001E-002   1.0999999999999999E-002  0.85819999999999996        9.5200000000000007E-002
   111.00000000000000       0.50573562527209859        2.0000000000000001E-004   3.5400000000000001E-002   1.0999999999999999E-002  0.85799999999999998        9.5399999999999999E-002
   112.00000000000000       0.49958201321107487        2.0000000000000001E-004   3.4599999999999999E-002   1.1400000000000000E-002  0.85840000000000005        9.5399999999999999E-002
   113.00000000000000       0.51960288189112835        0.0000000000000000        3.4599999999999999E-002   1.1599999999999999E-002  0.85799999999999998        9.5799999999999996E-002
   114.00000000000000       0.50805350728135257        0.0000000000000000        3.4599999999999999E-002   8.6000000000000000E-003  0.86099999999999999        9.5799999999999996E-002
   115.00000000000000       0.51857863221473277        0.0000000000000000        3.4599999999999999E-002   7.1999999999999998E-003  0.86240000000000006        9.5799999999999996E-002
   116.00000000000000       0.53591194202218262        0.0000000000000000        3.5200000000000002E-002   6.4000000000000003E-003  0.86260000000000003        9.5799999999999996E-002
   117.00000000000000       0.54714850992852770        0.0000000000000000        3.4799999999999998E-002   6.7999999999999996E-003  0.86260000000000003        9.5799999999999996E-002
   118.00000000000000       0.45580713259070393        0.0000000000000000        3.3200000000000000E-002   7.4000000000000003E-003  0.86339999999999995        9.6000000000000002E-002
   119.00000000000000       0.54363742973995666        0.0000000000000000        3.0599999999999999E-002   7.4000000000000003E-003  0.86499999999999999        9.7000000000000003E-002
   120.00000000000000       0.35487990841446831        0.0000000000000000        2.9800000000000000E-002   7.7999999999999996E-003  0.86519999999999997        9.7199999999999995E-002
   121.00000000000000       0.57628279302914975        0.0000000000000000        2.8000000000000001E-002   7.6000000000000000E-003  0.86680000000000001        9.7600000000000006E-002
   122.00000000000000       0.58329870660735805        0.0000000000000000        2.8000000000000001E-002   7.1999999999999998E-003  0.86680000000000001        9.8000000000000004E-002
   123.00000000000000       0.57205748389122701        0.0000000000000000        2.7600000000000000E-002   7.6000000000000000E-003  0.86680000000000001        9.8000000000000004E-002
   124.00000000000000       0.55374804652224618        0.0000000000000000        2.7199999999999998E-002   8.0000000000000002E-003  0.86680000000000001        9.8000000000000004E-002
   125.00000000000000       0.66334931816775211        0.0000000000000000        2.5200000000000000E-002   7.7999999999999996E-003  0.86819999999999997        9.8799999999999999E-002
   126.00000000000000       0.57408747851246844        0.0000000000000000        2.5000000000000001E-002   8.0000000000000002E-003  0.86739999999999995        9.9599999999999994E-002
   127.00000000000000       0.57299105985106114        0.0000000000000000        2.5000000000000001E-002   8.0000000000000002E-003  0.86680000000000001       0.10020000000000000     
   128.00000000000000       0.55203551543730256        0.0000000000000000        2.5000000000000001E-002   8.0000000000000002E-003  0.86680000000000001       0.10020000000000000     
   129.00000000000000       0.37470535559235679        0.0000000000000000        2.4400000000000002E-002   8.0000000000000002E-003  0.79800000000000004       0.16960000000000000     
   130.00000000000000       0.81527361128544118        0.0000000000000000        2.2599999999999999E-002   8.0000000000000002E-003  0.79979999999999996       0.16960000000000000     
   131.00000000000000       0.84336654365464636        0.0000000000000000        2.0400000000000001E-002   7.4000000000000003E-003  0.80259999999999998       0.16960000000000000     
   132.00000000000000       0.79939051035097375        0.0000000000000000        2.0400000000000001E-002   7.0000000000000001E-003  0.80259999999999998       0.17000000000000001     
   133.00000000000000       0.77968750559707600        4.0000000000000002E-004   1.8800000000000001E-002   7.7999999999999996E-003  0.76680000000000004       0.20619999999999999     
   134.00000000000000       0.56878446253552550        4.0000000000000002E-004   1.8599999999999998E-002   7.6000000000000000E-003  0.76700000000000002       0.20640000000000000     
   135.00000000000000       0.55857637588863385        4.0000000000000002E-004   1.8400000000000000E-002   7.7999999999999996E-003  0.76700000000000002       0.20640000000000000     
   136.00000000000000       0.54705311598558715        4.0000000000000002E-004   1.8200000000000001E-002   8.0000000000000002E-003  0.76659999999999995       0.20680000000000001     
   137.00000000000000       0.53491037218604864        4.0000000000000002E-004   1.7000000000000001E-002   7.7999999999999996E-003  0.76800000000000002       0.20680000000000001     
   138.00000000000000       0.52070445896647755        4.0000000000000002E-004   1.6600000000000000E-002   7.1999999999999998E-003  0.76639999999999997       0.20940000000000000     
   139.00000000000000       0.50526235308713241        5.9999999999999995E-004   1.5800000000000002E-002   7.1999999999999998E-003  0.76739999999999997       0.20899999999999999     
   140.00000000000000       0.48970005089946150        5.9999999999999995E-004   1.4800000000000001E-002   7.4000000000000003E-003  0.76519999999999999       0.21199999999999999     
   141.00000000000000       0.47225613572014030        5.9999999999999995E-004   1.4400000000000000E-002   7.4000000000000003E-003  0.75819999999999999       0.21940000000000001     
   142.00000000000000       0.45270047761261778        1.8000000000000000E-003   1.2600000000000000E-002   7.4000000000000003E-003  0.75980000000000003       0.21840000000000001     
   143.00000000000000       0.43069300473859373        1.6000000000000001E-003   1.1400000000000000E-002   7.1999999999999998E-003  0.76119999999999999       0.21859999999999999     
   144.00000000000000       0.40551537891824513        1.8000000000000000E-003   1.0800000000000001E-002   7.6000000000000000E-003  0.73960000000000004       0.24020000000000000     
   145.00000000000000       0.37655969386223775        1.6000000000000001E-003   7.4000000000000003E-003   1.0999999999999999E-002  0.73939999999999995       0.24060000000000001     
   146.00000000000000       0.34735812539344313        1.6000000000000001E-003   3.0000000000000001E-003   1.4400000000000000E-002  0.72560000000000002       0.25540000000000002     
   147.00000000000000       0.31763275061642615        1.8000000000000000E-003   2.8000000000000000E-003   1.4400000000000000E-002  0.72160000000000002       0.25940000000000002     
   148.00000000000000       0.28929987759830367        1.8000000000000000E-003   2.0000000000000000E-003   1.2800000000000001E-002  0.72219999999999995       0.26119999999999999     
   149.00000000000000       0.26147498783654971        1.8000000000000000E-003   2.2000000000000001E-003   1.2000000000000000E-002  0.72260000000000002       0.26140000000000002     
   150.00000000000000       0.23555518956629984        1.8000000000000000E-003   2.2000000000000001E-003   1.1599999999999999E-002  0.72299999999999998       0.26140000000000002     
   151.00000000000000       0.21153454626572715        1.6000000000000001E-003   2.2000000000000001E-003   1.1599999999999999E-002  0.72340000000000004       0.26119999999999999     
   152.00000000000000       0.19062120726330428        1.6000000000000001E-003   2.0000000000000000E-003   1.1800000000000000E-002  0.71819999999999995       0.26640000000000003     
   153.00000000000000       0.17183001211842164        1.6000000000000001E-003   1.8000000000000000E-003   1.1800000000000000E-002  0.71819999999999995       0.26660000000000000     
   154.00000000000000       0.15619638681185932        1.1999999999999999E-003   1.8000000000000000E-003   1.0400000000000000E-002  0.71819999999999995       0.26840000000000003     
   155.00000000000000       0.14316901641464397        1.8000000000000000E-003   0.0000000000000000        1.1200000000000000E-002  0.71879999999999999       0.26819999999999999     
   156.00000000000000       0.13227765514084200        1.8000000000000000E-003   0.0000000000000000        1.1200000000000000E-002  0.71860000000000002       0.26840000000000003     
   157.00000000000000       0.12505358674589576        1.8000000000000000E-003   0.0000000000000000        1.1200000000000000E-002  0.71860000000000002       0.26840000000000003     
   158.00000000000000       0.12068805703015062        1.8000000000000000E-003   0.0000000000000000        1.1200000000000000E-002  0.71860000000000002       0.26840000000000003     
   159.00000000000000       0.11957187599988270        1.8000000000000000E-003   0.0000000000000000        1.1200000000000000E-002  0.71860000000000002       0.26840000000000003     
   160.00000000000000       0.12124380331101883        1.8000000000000000E-003   0.0000000000000000        1.1200000000000000E-002  0.71860000000000002       0.26840000000000003     
   161.00000000000000       0.12551746105485567        1.8000000000000000E-003   0.0000000000000000        1.1200000000000000E-002  0.71819999999999995       0.26879999999999998     
   162.00000000000000       0.13279113930632219        1.8000000000000000E-003   0.0000000000000000        1.1200000000000000E-002  0.71819999999999995       0.26879999999999998     
   163.00000000000000       0.14307011443099274        1.8000000000000000E-003   0.0000000000000000        1.1200000000000000E-002  0.71819999999999995       0.26879999999999998     
   164.00000000000000       0.15561816280001667        1.8000000000000000E-003   0.0000000000000000        1.1200000000000000E-002  0.71799999999999997       0.26900000000000002     
   165.00000000000000       0.16983042973181173        1.8000000000000000E-003   8.0000000000000004E-004   1.0400000000000000E-002  0.71379999999999999       0.27320000000000000     
   166.00000000000000       0.18664966003003713        1.8000000000000000E-003   8.0000000000000004E-004   9.7999999999999997E-003  0.71440000000000003       0.27320000000000000     
   167.00000000000000       0.20629822643020770        1.8000000000000000E-003   8.0000000000000004E-004   9.4000000000000004E-003  0.71160000000000001       0.27639999999999998     
   168.00000000000000       0.22613166870881343        1.8000000000000000E-003   8.0000000000000004E-004   9.1999999999999998E-003  0.71179999999999999       0.27639999999999998     
   169.00000000000000       0.24692139949188988        0.0000000000000000        2.5999999999999999E-003   8.3999999999999995E-003  0.71299999999999997       0.27600000000000002     
   170.00000000000000       0.26805168875189084        0.0000000000000000        2.5999999999999999E-003   7.6000000000000000E-003  0.71399999999999997       0.27579999999999999     
   171.00000000000000       0.28939818446622845        0.0000000000000000        2.5999999999999999E-003   7.6000000000000000E-003  0.71440000000000003       0.27539999999999998     
   172.00000000000000       0.31054963997879959        0.0000000000000000        2.5999999999999999E-003   7.0000000000000001E-003  0.71499999999999997       0.27539999999999998     
   173.00000000000000       0.33069960493451522        0.0000000000000000        2.5999999999999999E-003   7.0000000000000001E-003  0.71440000000000003       0.27600000000000002     
   174.00000000000000       0.35005058752693718        0.0000000000000000        2.5999999999999999E-003   6.4000000000000003E-003  0.71499999999999997       0.27600000000000002     
   175.00000000000000       0.36789139184471487        0.0000000000000000        2.2000000000000001E-003   6.4000000000000003E-003  0.71540000000000004       0.27600000000000002     
   176.00000000000000       0.38387939611155625        0.0000000000000000        2.0000000000000000E-003   6.4000000000000003E-003  0.71560000000000001       0.27600000000000002     
   177.00000000000000       0.39854274360289699        0.0000000000000000        2.0000000000000000E-003   6.4000000000000003E-003  0.71560000000000001       0.27600000000000002     
   178.00000000000000       0.41094328810940073        0.0000000000000000        2.0000000000000000E-003   6.4000000000000003E-003  0.71540000000000004       0.27620000000000000     
   179.00000000000000       0.42020655862474388        0.0000000000000000        1.8000000000000000E-003   6.6000000000000000E-003  0.71140000000000003       0.28020000000000000     
   180.00000000000000       0.43811501869703418        0.0000000000000000        1.8000000000000000E-003   6.4000000000000003E-003  0.71160000000000001       0.28020000000000000     
   181.00000000000000       0.44100695424296132        0.0000000000000000        1.8000000000000000E-003   6.0000000000000001E-003  0.71099999999999997       0.28120000000000001     
   182.00000000000000       0.44249416775547490        0.0000000000000000        1.4000000000000000E-003   6.4000000000000003E-003  0.71099999999999997       0.28120000000000001     
   183.00000000000000       0.44737654055858811        0.0000000000000000        1.4000000000000000E-003   6.4000000000000003E-003  0.71099999999999997       0.28120000000000001     
   184.00000000000000       0.45138214176046609        0.0000000000000000        1.0000000000000000E-003   6.4000000000000003E-003  0.71040000000000003       0.28220000000000001     
   185.00000000000000       0.44497511581585286        0.0000000000000000        1.0000000000000000E-003   6.4000000000000003E-003  0.71040000000000003       0.28220000000000001     
   186.00000000000000       0.44445340648093706        0.0000000000000000        1.0000000000000000E-003   6.4000000000000003E-003  0.71040000000000003       0.28220000000000001     
   187.00000000000000       0.44053008826013695        0.0000000000000000        1.0000000000000000E-003   6.4000000000000003E-003  0.70979999999999999       0.28280000000000000     
   188.00000000000000       0.43475694947111032        0.0000000000000000        8.0000000000000004E-004   6.4000000000000003E-003  0.70999999999999996       0.28280000000000000     
   189.00000000000000       0.42751299238351986        0.0000000000000000        8.0000000000000004E-004   6.4000000000000003E-003  0.70999999999999996       0.28280000000000000     
   190.00000000000000       0.41868736302639042        0.0000000000000000        8.0000000000000004E-004   6.4000000000000003E-003  0.70999999999999996       0.28280000000000000     
   191.00000000000000       0.40906628132949102        0.0000000000000000        8.0000000000000004E-004   6.0000000000000001E-003  0.70599999999999996       0.28720000000000001     
   192.00000000000000       0.39821815563586871        0.0000000000000000        8.0000000000000004E-004   6.0000000000000001E-003  0.70299999999999996       0.29020000000000001     
   193.00000000000000       0.38630083355924527        0.0000000000000000        8.0000000000000004E-004   6.0000000000000001E-003  0.70299999999999996       0.29020000000000001     
   194.00000000000000       0.37429471764560091        0.0000000000000000        8.0000000000000004E-004   6.0000000000000001E-003  0.69920000000000004       0.29399999999999998     
   195.00000000000000       0.36019690239751218        0.0000000000000000        8.0000000000000004E-004   6.0000000000000001E-003  0.69940000000000002       0.29380000000000001     
   196.00000000000000       0.34623369570777074        0.0000000000000000        8.0000000000000004E-004   5.5999999999999999E-003  0.69640000000000002       0.29720000000000002     
   197.00000000000000       0.33268964481078367        0.0000000000000000        1.1999999999999999E-003   5.1999999999999998E-003  0.69399999999999995       0.29959999999999998     
   198.00000000000000       0.31906686011032642        0.0000000000000000        1.0000000000000000E-003   5.1999999999999998E-003  0.69420000000000004       0.29959999999999998     
   199.00000000000000       0.30471940687031535        0.0000000000000000        1.0000000000000000E-003   5.1999999999999998E-003  0.69299999999999995       0.30080000000000001     
   200.00000000000000       0.29406693393618311        0.0000000000000000        1.0000000000000000E-003   5.1999999999999998E-003  0.68779999999999997       0.30599999999999999     
   201.00000000000000       0.28178533194466782        0.0000000000000000        8.0000000000000004E-004   5.1999999999999998E-003  0.68379999999999996       0.31019999999999998     
   202.00000000000000       0.26956269569379465        0.0000000000000000        8.0000000000000004E-004   5.1999999999999998E-003  0.68420000000000003       0.30980000000000002     
   203.00000000000000       0.25953165101766479        0.0000000000000000        8.0000000000000004E-004   5.1999999999999998E-003  0.68220000000000003       0.31180000000000002     
   204.00000000000000       0.24980892792580536        0.0000000000000000        8.0000000000000004E-004   5.1999999999999998E-003  0.68279999999999996       0.31119999999999998     
   205.00000000000000       0.24406009162609954        0.0000000000000000        4.0000000000000002E-004   5.5999999999999999E-003  0.67679999999999996       0.31719999999999998     
   206.00000000000000       0.23639960541960303        0.0000000000000000        4.0000000000000002E-004   5.5999999999999999E-003  0.67579999999999996       0.31819999999999998     
   207.00000000000000       0.23203117717903621        0.0000000000000000        4.0000000000000002E-004   5.5999999999999999E-003  0.67040000000000000       0.32360000000000000     
   208.00000000000000       0.22864479613985722        0.0000000000000000        4.0000000000000002E-004   5.4000000000000003E-003  0.66820000000000002       0.32600000000000001     
   209.00000000000000       0.22475339699945801        0.0000000000000000        4.0000000000000002E-004   5.1999999999999998E-003  0.66940000000000000       0.32500000000000001     
   210.00000000000000       0.22402958729198644        0.0000000000000000        4.0000000000000002E-004   5.1999999999999998E-003  0.66959999999999997       0.32479999999999998     
   211.00000000000000       0.22426207929633019        0.0000000000000000        4.0000000000000002E-004   5.1999999999999998E-003  0.66600000000000004       0.32840000000000003     
   212.00000000000000       0.22583794986994921        0.0000000000000000        4.0000000000000002E-004   5.1999999999999998E-003  0.66600000000000004       0.32840000000000003     
   213.00000000000000       0.22868242061698085        0.0000000000000000        4.0000000000000002E-004   5.1999999999999998E-003  0.66639999999999999       0.32800000000000001     
   214.00000000000000       0.23432918493011531        0.0000000000000000        4.0000000000000002E-004   5.0000000000000001E-003  0.66200000000000003       0.33260000000000001     
   215.00000000000000       0.23764349697233583        0.0000000000000000        4.0000000000000002E-004   4.7999999999999996E-003  0.66200000000000003       0.33279999999999998     
   216.00000000000000       0.25028978356262027        0.0000000000000000        4.0000000000000002E-004   4.7999999999999996E-003  0.66000000000000003       0.33479999999999999     
