#        BMIN =   404
#        BMAX =   408
#     INIBAND =   406
#      NBANDS =   540
#         NSW =  2000
#       POTIM =   1.0
#        TEMP = 300.0
#    NAMDTINI =   668
#    NAMDTIME =  1000
#       NTRAJ =  5000
#        NELM =  1000
#       LHOLE =     T
#        LSHP =     T
#      LCPTXT =     T
#      RUNDIR = ../../run/
   1.0000000000000000       0.29054462542045512        0.0000000000000000        0.0000000000000000        1.0000000000000000        0.0000000000000000        0.0000000000000000     
   2.0000000000000000       0.37797086004827268        0.0000000000000000        0.0000000000000000       0.99980000000000002        0.0000000000000000        2.0000000000000001E-004
   3.0000000000000000       0.38520865614961941        0.0000000000000000        0.0000000000000000       0.99980000000000002        0.0000000000000000        2.0000000000000001E-004
   4.0000000000000000       0.40524028439361848        0.0000000000000000        0.0000000000000000       0.99980000000000002        0.0000000000000000        2.0000000000000001E-004
   5.0000000000000000       0.41671713563626500        0.0000000000000000        0.0000000000000000       0.99980000000000002        0.0000000000000000        2.0000000000000001E-004
   6.0000000000000000       0.39303513993848521        0.0000000000000000        0.0000000000000000       0.99980000000000002        0.0000000000000000        2.0000000000000001E-004
   7.0000000000000000       0.39159119314591351        0.0000000000000000        0.0000000000000000       0.99980000000000002        0.0000000000000000        2.0000000000000001E-004
   8.0000000000000000       0.40071116883828173        0.0000000000000000        0.0000000000000000       0.99919999999999998        0.0000000000000000        8.0000000000000004E-004
   9.0000000000000000       0.39290930905638671        0.0000000000000000        0.0000000000000000       0.99919999999999998        0.0000000000000000        8.0000000000000004E-004
   10.000000000000000       0.39595374482142065        0.0000000000000000        0.0000000000000000       0.99680000000000002        2.0000000000000000E-003   1.1999999999999999E-003
   11.000000000000000       0.39351303789288555        0.0000000000000000        0.0000000000000000       0.99660000000000004        2.0000000000000000E-003   1.4000000000000000E-003
   12.000000000000000       0.39496998384190918        0.0000000000000000        0.0000000000000000       0.99539999999999995        2.0000000000000000E-003   2.5999999999999999E-003
   13.000000000000000       0.41795254609644561        0.0000000000000000        0.0000000000000000       0.99539999999999995        2.0000000000000000E-003   2.5999999999999999E-003
   14.000000000000000       0.43519707438941563        0.0000000000000000        0.0000000000000000       0.99119999999999997        2.0000000000000000E-003   6.7999999999999996E-003
   15.000000000000000       0.43560248249314892        0.0000000000000000        0.0000000000000000       0.98980000000000001        2.0000000000000000E-003   8.2000000000000007E-003
   16.000000000000000       0.41520448170008617        0.0000000000000000        0.0000000000000000       0.85840000000000005       0.12080000000000000        2.0799999999999999E-002
   17.000000000000000       0.30279756626700854        0.0000000000000000        0.0000000000000000       0.78159999999999996       0.19760000000000000        2.0799999999999999E-002
   18.000000000000000       0.42193851305265484        0.0000000000000000        0.0000000000000000       0.77959999999999996       0.19760000000000000        2.2800000000000001E-002
   19.000000000000000       0.41377725454822861        0.0000000000000000        0.0000000000000000       0.76439999999999997       0.21279999999999999        2.2800000000000001E-002
   20.000000000000000       0.35763641622401260        0.0000000000000000        0.0000000000000000       0.75480000000000003       0.21820000000000001        2.7000000000000000E-002
   21.000000000000000       0.35540900234906264        0.0000000000000000        0.0000000000000000       0.41299999999999998       0.55979999999999996        2.7199999999999998E-002
   22.000000000000000       0.37159690721048433        0.0000000000000000        0.0000000000000000       0.41999999999999998       0.53879999999999995        4.1200000000000001E-002
   23.000000000000000       0.30507838771567647        0.0000000000000000        0.0000000000000000       0.46579999999999999       0.49059999999999998        4.3600000000000000E-002
   24.000000000000000       0.28078503453865256        0.0000000000000000        0.0000000000000000       0.41539999999999999       0.54059999999999997        4.3999999999999997E-002
   25.000000000000000       0.25418053185809819        0.0000000000000000        0.0000000000000000       0.47920000000000001       0.47520000000000001        4.5600000000000002E-002
   26.000000000000000        7.6062744497580104E-002   0.0000000000000000        0.0000000000000000       0.47860000000000003       0.47460000000000002        4.6800000000000001E-002
   27.000000000000000        5.7249657142903705E-002   0.0000000000000000        0.0000000000000000       0.47860000000000003       0.47460000000000002        4.6800000000000001E-002
   28.000000000000000        4.1127973873963913E-002   0.0000000000000000        0.0000000000000000       0.47860000000000003       0.47480000000000000        4.6600000000000003E-002
   29.000000000000000        2.9087102785605536E-002   0.0000000000000000        0.0000000000000000       0.47599999999999998       0.47480000000000000        4.9200000000000001E-002
   30.000000000000000        1.9325541635347207E-002   0.0000000000000000        0.0000000000000000       0.47320000000000001       0.47739999999999999        4.9399999999999999E-002
   31.000000000000000        1.3688047163209257E-002   0.0000000000000000        0.0000000000000000       0.46439999999999998       0.48620000000000002        4.9399999999999999E-002
   32.000000000000000        9.3640751874737461E-003   0.0000000000000000        0.0000000000000000       0.46460000000000001       0.48499999999999999        5.0400000000000000E-002
   33.000000000000000        7.0129699577997258E-003   0.0000000000000000        0.0000000000000000       0.46439999999999998       0.48520000000000002        5.0400000000000000E-002
   34.000000000000000        8.7734076446313956E-003   0.0000000000000000        0.0000000000000000       0.45400000000000001       0.49080000000000001        5.5199999999999999E-002
   35.000000000000000        1.1118951605706013E-002   0.0000000000000000        0.0000000000000000       0.44400000000000001       0.49940000000000001        5.6599999999999998E-002
   36.000000000000000        1.4821498197399145E-002   0.0000000000000000        0.0000000000000000       0.42920000000000003       0.51060000000000005        6.0199999999999997E-002
   37.000000000000000        1.7637234364964002E-002   0.0000000000000000        0.0000000000000000       0.42920000000000003       0.50839999999999996        6.2399999999999997E-002
   38.000000000000000        2.0156923588342250E-002   0.0000000000000000        0.0000000000000000       0.42880000000000001       0.50800000000000001        6.3200000000000006E-002
   39.000000000000000        2.6765135107260432E-002   0.0000000000000000        0.0000000000000000       0.42699999999999999       0.50500000000000000        6.8000000000000005E-002
   40.000000000000000        3.2531681186492002E-002   0.0000000000000000        0.0000000000000000       0.42640000000000000       0.50439999999999996        6.9199999999999998E-002
   41.000000000000000        3.9020110669265751E-002   0.0000000000000000        0.0000000000000000       0.42640000000000000       0.50380000000000003        6.9800000000000001E-002
   42.000000000000000        4.3489611731054964E-002   0.0000000000000000        0.0000000000000000       0.42599999999999999       0.50419999999999998        6.9800000000000001E-002
   43.000000000000000        5.6005345446540684E-002   0.0000000000000000        0.0000000000000000       0.42540000000000000       0.50439999999999996        7.0199999999999999E-002
   44.000000000000000        6.3725816364580079E-002   0.0000000000000000        0.0000000000000000       0.42540000000000000       0.50439999999999996        7.0199999999999999E-002
   45.000000000000000        7.3119262285851361E-002   0.0000000000000000        0.0000000000000000       0.42480000000000001       0.50039999999999996        7.4800000000000005E-002
   46.000000000000000        8.5106345466494676E-002   0.0000000000000000        0.0000000000000000       0.42499999999999999       0.50019999999999998        7.4800000000000005E-002
   47.000000000000000        9.5769974603359842E-002   0.0000000000000000        0.0000000000000000       0.42499999999999999       0.49980000000000002        7.5200000000000003E-002
   48.000000000000000       0.10551015965376553        0.0000000000000000        0.0000000000000000       0.42240000000000000       0.50219999999999998        7.5399999999999995E-002
   49.000000000000000       0.12455893822873353        0.0000000000000000        0.0000000000000000       0.40720000000000001       0.51419999999999999        7.8600000000000003E-002
   50.000000000000000       0.12743626903145611        0.0000000000000000        0.0000000000000000       0.40720000000000001       0.51160000000000005        8.1199999999999994E-002
   51.000000000000000       0.13499790319530514        0.0000000000000000        0.0000000000000000       0.40679999999999999       0.51160000000000005        8.1600000000000006E-002
   52.000000000000000       0.13851664214130252        0.0000000000000000        0.0000000000000000       0.40460000000000002       0.51380000000000003        8.1600000000000006E-002
   53.000000000000000       0.15124338543554186        0.0000000000000000        0.0000000000000000       0.40479999999999999       0.51339999999999997        8.1799999999999998E-002
   54.000000000000000       0.15934260282907964        0.0000000000000000        0.0000000000000000       0.40579999999999999       0.50919999999999999        8.5000000000000006E-002
   55.000000000000000       0.16642389579822398        0.0000000000000000        0.0000000000000000       0.40939999999999999       0.50400000000000000        8.6599999999999996E-002
   56.000000000000000       0.17612573335304915        0.0000000000000000        0.0000000000000000       0.37680000000000002       0.53659999999999997        8.6599999999999996E-002
   57.000000000000000       0.18294283465449609        0.0000000000000000        0.0000000000000000       0.38040000000000002       0.53200000000000003        8.7599999999999997E-002
   58.000000000000000       0.19072868006818744        0.0000000000000000        0.0000000000000000       0.38019999999999998       0.53200000000000003        8.7800000000000003E-002
   59.000000000000000       0.19917761376482596        0.0000000000000000        0.0000000000000000       0.38019999999999998       0.53100000000000003        8.8800000000000004E-002
   60.000000000000000       0.20776565716024753        0.0000000000000000        0.0000000000000000       0.38019999999999998       0.53100000000000003        8.8800000000000004E-002
   61.000000000000000       0.21737941150331525        0.0000000000000000        0.0000000000000000       0.38000000000000000       0.52939999999999998        9.0600000000000000E-002
   62.000000000000000       0.22710120192786210        0.0000000000000000        0.0000000000000000       0.38000000000000000       0.52939999999999998        9.0600000000000000E-002
   63.000000000000000       0.23661100636001303        0.0000000000000000        0.0000000000000000       0.38000000000000000       0.52859999999999996        9.1399999999999995E-002
   64.000000000000000       0.24749162631651483        0.0000000000000000        0.0000000000000000       0.38000000000000000       0.52820000000000000        9.1800000000000007E-002
   65.000000000000000       0.26190874757270310        0.0000000000000000        0.0000000000000000       0.37980000000000003       0.50439999999999996       0.11580000000000000     
   66.000000000000000       0.27055466552893037        0.0000000000000000        0.0000000000000000       0.37800000000000000       0.49740000000000001       0.12460000000000000     
   67.000000000000000       0.27543328296972325        0.0000000000000000        0.0000000000000000       0.37800000000000000       0.49740000000000001       0.12460000000000000     
   68.000000000000000       0.27747430614902618        0.0000000000000000        0.0000000000000000       0.37719999999999998       0.49800000000000000       0.12479999999999999     
   69.000000000000000       0.27549122662841319        0.0000000000000000        0.0000000000000000       0.37719999999999998       0.49800000000000000       0.12479999999999999     
   70.000000000000000       0.27121031836728599        0.0000000000000000        1.4200000000000001E-002  0.36199999999999999       0.49800000000000000       0.12580000000000000     
   71.000000000000000       0.27678212940376579        0.0000000000000000        1.4200000000000001E-002  0.36199999999999999       0.49659999999999999       0.12720000000000001     
   72.000000000000000       0.35635129353101486        0.0000000000000000        0.0000000000000000       0.15920000000000001       0.65239999999999998       0.18840000000000001     
   73.000000000000000       0.66565082297773281        0.0000000000000000        0.0000000000000000       0.15920000000000001       0.65239999999999998       0.18840000000000001     
   74.000000000000000        1.2566364618447929        0.0000000000000000        0.0000000000000000       0.15920000000000001       0.65239999999999998       0.18840000000000001     
   75.000000000000000        1.2220114271262927        0.0000000000000000        0.0000000000000000       0.15540000000000001       0.65059999999999996       0.19400000000000001     
   76.000000000000000        1.2474908458706910        0.0000000000000000        0.0000000000000000       0.15340000000000001       0.65000000000000002       0.19660000000000000     
   77.000000000000000        1.1817522523445718        0.0000000000000000        0.0000000000000000       0.14999999999999999       0.62300000000000000       0.22700000000000001     
   78.000000000000000        1.3633982386297103        0.0000000000000000        0.0000000000000000       0.14999999999999999       0.41520000000000001       0.43480000000000002     
   79.000000000000000       0.89834422320629670        0.0000000000000000        0.0000000000000000       0.14820000000000000       0.24160000000000001       0.61019999999999996     
   80.000000000000000       0.42714746348618060        0.0000000000000000        0.0000000000000000       0.14820000000000000       0.24160000000000001       0.61019999999999996     
   81.000000000000000       0.40142990215448238        0.0000000000000000        0.0000000000000000       0.14820000000000000       0.24160000000000001       0.61019999999999996     
   82.000000000000000       0.37184964909575402        0.0000000000000000        0.0000000000000000       0.14560000000000001       0.24420000000000000       0.61019999999999996     
   83.000000000000000       0.34518124724599275        0.0000000000000000        0.0000000000000000       0.13880000000000001       0.25100000000000000       0.61019999999999996     
   84.000000000000000       0.31763820443979213        0.0000000000000000        0.0000000000000000       0.12600000000000000       0.26379999999999998       0.61019999999999996     
   85.000000000000000       0.28507825792892605        0.0000000000000000        0.0000000000000000       0.16680000000000000       0.22300000000000000       0.61019999999999996     
   86.000000000000000       0.25746966663730303        0.0000000000000000        0.0000000000000000       0.14620000000000000       0.23960000000000001       0.61419999999999997     
   87.000000000000000       0.23184584808131939        0.0000000000000000        0.0000000000000000       0.13460000000000000       0.24220000000000000       0.62319999999999998     
   88.000000000000000       0.20519831552565115        0.0000000000000000        0.0000000000000000       0.13200000000000001       0.24060000000000001       0.62739999999999996     
   89.000000000000000       0.18244301790418030        0.0000000000000000        0.0000000000000000       0.12939999999999999       0.23200000000000001       0.63859999999999995     
   90.000000000000000       0.16243751896945832        0.0000000000000000        0.0000000000000000       0.12839999999999999       0.23300000000000001       0.63859999999999995     
   91.000000000000000       0.14757625177536959        0.0000000000000000        0.0000000000000000       0.12839999999999999       0.23219999999999999       0.63939999999999997     
   92.000000000000000       0.14242971423261661        0.0000000000000000        1.6000000000000001E-003  0.12640000000000001       0.20560000000000000       0.66639999999999999     
   93.000000000000000       0.14005171964637078        0.0000000000000000        3.8000000000000000E-003  0.12420000000000000       0.21060000000000001       0.66139999999999999     
   94.000000000000000       0.14456175180109312        0.0000000000000000        3.8000000000000000E-003  0.12220000000000000       0.20820000000000000       0.66579999999999995     
   95.000000000000000       0.15015483911752395        0.0000000000000000        2.8000000000000000E-003  0.12300000000000000       0.20860000000000001       0.66559999999999997     
   96.000000000000000       0.15728736102486504        0.0000000000000000        1.6000000000000001E-003  0.11840000000000001       0.21179999999999999       0.66820000000000002     
   97.000000000000000       0.16261256419905501        0.0000000000000000        1.1999999999999999E-003  0.11880000000000000       0.20660000000000001       0.67340000000000000     
   98.000000000000000       0.16658587553175885        0.0000000000000000        1.1999999999999999E-003  0.11880000000000000       0.20660000000000001       0.67340000000000000     
   99.000000000000000       0.17018680902941091        5.9999999999999995E-004   5.9999999999999995E-004  0.11860000000000000       0.20360000000000000       0.67659999999999998     
   100.00000000000000       0.17216979097118104        5.9999999999999995E-004   1.1400000000000000E-002  0.10740000000000000       0.20360000000000000       0.67700000000000005     
   101.00000000000000       0.17500908082565056        5.9999999999999995E-004   1.1400000000000000E-002  0.10740000000000000       0.20399999999999999       0.67659999999999998     
   102.00000000000000       0.18064629273489377        5.9999999999999995E-004   1.0800000000000001E-002  0.10740000000000000       0.20419999999999999       0.67700000000000005     
   103.00000000000000       0.18569289518307316        5.9999999999999995E-004   1.0400000000000000E-002  0.10740000000000000       0.20419999999999999       0.67740000000000000     
   104.00000000000000       0.18947792270319380        4.0000000000000002E-004   1.0400000000000000E-002  0.10740000000000000       0.20419999999999999       0.67759999999999998     
   105.00000000000000       0.19141940451077644        4.0000000000000002E-004   1.0400000000000000E-002  0.10740000000000000       0.20300000000000001       0.67879999999999996     
   106.00000000000000       0.19102006566464205        4.0000000000000002E-004   1.0200000000000001E-002  0.16700000000000001       0.14280000000000001       0.67959999999999998     
   107.00000000000000       0.19303093405344662        4.0000000000000002E-004   1.0200000000000001E-002  0.16800000000000001       0.14280000000000001       0.67859999999999998     
   108.00000000000000       0.19324366591963810        7.1999999999999998E-003   3.3999999999999998E-003  0.16460000000000000       0.14280000000000001       0.68200000000000005     
   109.00000000000000       0.19396174064548646        6.1999999999999998E-003   3.5999999999999999E-003  0.15859999999999999       0.14280000000000001       0.68879999999999997     
   110.00000000000000       0.19313281896398860        6.6000000000000000E-003   3.2000000000000002E-003  0.15620000000000001       0.14299999999999999       0.69099999999999995     
   111.00000000000000       0.19214350201052194        8.6000000000000000E-003   1.1999999999999999E-003  0.15640000000000001       0.14299999999999999       0.69079999999999997     
   112.00000000000000       0.20367581404926408        8.9999999999999993E-003   4.0000000000000002E-004  0.15659999999999999       0.14299999999999999       0.69099999999999995     
   113.00000000000000       0.18920982499469130        8.8000000000000005E-003   5.9999999999999995E-004  0.15700000000000000       0.14299999999999999       0.69059999999999999     
   114.00000000000000       0.20018932250139013        8.8000000000000005E-003   5.9999999999999995E-004  0.14740000000000000       0.14299999999999999       0.70020000000000004     
   115.00000000000000       0.18557390678188090        8.6000000000000000E-003   5.9999999999999995E-004  0.14820000000000000       0.14299999999999999       0.69960000000000000     
   116.00000000000000       0.18260743534389415        8.6000000000000000E-003   5.9999999999999995E-004  0.11020000000000001       0.17960000000000001       0.70099999999999996     
   117.00000000000000       0.18133022645345231        8.3999999999999995E-003   5.9999999999999995E-004  0.11020000000000001       0.17180000000000001       0.70899999999999996     
   118.00000000000000       0.17776777690532794        8.3999999999999995E-003   5.9999999999999995E-004  0.11020000000000001       0.17180000000000001       0.70899999999999996     
   119.00000000000000       0.17324095299272887        8.3999999999999995E-003   5.9999999999999995E-004  0.11020000000000001       0.17040000000000000       0.71040000000000003     
   120.00000000000000       0.16817463402468977        8.0000000000000002E-003   1.1999999999999999E-003  0.11000000000000000       0.17040000000000000       0.71040000000000003     
   121.00000000000000       0.16264711625847017        7.6000000000000000E-003   1.1999999999999999E-003  0.11020000000000001       0.17060000000000000       0.71040000000000003     
   122.00000000000000       0.16188459124541849        7.6000000000000000E-003   1.1999999999999999E-003  0.11020000000000001       0.17000000000000001       0.71099999999999997     
   123.00000000000000       0.15913479137784697        7.4000000000000003E-003   1.1999999999999999E-003  0.11040000000000000       0.17000000000000001       0.71099999999999997     
   124.00000000000000       0.15657387552142130        7.4000000000000003E-003   1.1999999999999999E-003  0.10860000000000000       0.17060000000000000       0.71220000000000006     
   125.00000000000000       0.15371699875486036        7.4000000000000003E-003   1.1999999999999999E-003  0.10860000000000000       0.16520000000000001       0.71760000000000002     
   126.00000000000000       0.15026525240785629        7.0000000000000001E-003   1.1999999999999999E-003  0.10879999999999999       0.16300000000000001       0.71999999999999997     
   127.00000000000000       0.14602835309858445        6.6000000000000000E-003   1.4000000000000000E-003  0.10860000000000000       0.16280000000000000       0.72060000000000002     
   128.00000000000000       0.14179220477993112        6.6000000000000000E-003   1.4000000000000000E-003  0.10860000000000000       0.16280000000000000       0.72060000000000002     
   129.00000000000000       0.13863555248794940        6.6000000000000000E-003   1.4000000000000000E-003  0.10860000000000000       0.16220000000000001       0.72119999999999995     
   130.00000000000000       0.13685486091555815        6.1999999999999998E-003   1.6000000000000001E-003  0.10760000000000000       0.16059999999999999       0.72399999999999998     
   131.00000000000000       0.13608427079439211        4.7999999999999996E-003   2.8000000000000000E-003  0.10760000000000000       0.15920000000000001       0.72560000000000002     
   132.00000000000000       0.13846447959634270        4.5999999999999999E-003   2.8000000000000000E-003  0.10780000000000001       0.14920000000000000       0.73560000000000003     
   133.00000000000000       0.14133989096764432        4.5999999999999999E-003   2.8000000000000000E-003  0.10760000000000000       0.14840000000000000       0.73660000000000003     
   134.00000000000000       0.14627641484900455        4.5999999999999999E-003   2.8000000000000000E-003  0.10780000000000001       0.14640000000000000       0.73839999999999995     
   135.00000000000000       0.15287062379243457        4.0000000000000001E-003   2.8000000000000000E-003  0.10820000000000000       0.14599999999999999       0.73899999999999999     
   136.00000000000000       0.16205978117282946        4.0000000000000001E-003   2.8000000000000000E-003  0.10820000000000000       0.14260000000000000       0.74239999999999995     
   137.00000000000000       0.17273464660689822        4.0000000000000001E-003   2.8000000000000000E-003  0.10420000000000000       0.14660000000000001       0.74239999999999995     
   138.00000000000000       0.18705993441764607        3.5999999999999999E-003   2.8000000000000000E-003  0.10280000000000000       0.13760000000000000       0.75319999999999998     
   139.00000000000000       0.20245971488398284        3.3999999999999998E-003   3.2000000000000002E-003  0.10260000000000000       0.12580000000000000       0.76500000000000001     
   140.00000000000000       0.21690905313293807        3.3999999999999998E-003   2.8000000000000000E-003  0.10260000000000000       0.12580000000000000       0.76539999999999997     
   141.00000000000000       0.23223928482446643        3.3999999999999998E-003   2.8000000000000000E-003  0.10260000000000000       0.12580000000000000       0.76539999999999997     
   142.00000000000000       0.24744698888099415        3.3999999999999998E-003   2.8000000000000000E-003  0.10260000000000000       0.12580000000000000       0.76539999999999997     
   143.00000000000000       0.26223824706374776        3.3999999999999998E-003   2.8000000000000000E-003  0.10260000000000000       0.12540000000000001       0.76580000000000004     
   144.00000000000000       0.27659728741911016        3.3999999999999998E-003   6.6000000000000000E-003   9.6400000000000000E-002  0.12559999999999999       0.76800000000000002     
   145.00000000000000       0.29072843801751419        3.3999999999999998E-003   6.6000000000000000E-003   9.6199999999999994E-002  0.12400000000000000       0.76980000000000004     
   146.00000000000000       0.30473854474046019        3.3999999999999998E-003   6.6000000000000000E-003   9.6199999999999994E-002  0.12400000000000000       0.76980000000000004     
   147.00000000000000       0.32011985638346030        3.3999999999999998E-003   6.6000000000000000E-003   9.5399999999999999E-002  0.11200000000000000       0.78259999999999996     
   148.00000000000000       0.33308550457346908        3.3999999999999998E-003   6.6000000000000000E-003   9.4399999999999998E-002  0.11340000000000000       0.78220000000000001     
   149.00000000000000       0.34604221630986537        3.3999999999999998E-003   6.6000000000000000E-003   9.3200000000000005E-002  0.11500000000000000       0.78180000000000005     
   150.00000000000000       0.35985689344748006        3.3999999999999998E-003   6.4000000000000003E-003   9.3200000000000005E-002  0.10580000000000001       0.79120000000000001     
   151.00000000000000       0.37465486237620182        3.3999999999999998E-003   6.1999999999999998E-003   9.0200000000000002E-002  0.10800000000000000       0.79220000000000002     
   152.00000000000000       0.39100311423785117        3.3999999999999998E-003   5.7999999999999996E-003   8.6199999999999999E-002  0.11300000000000000       0.79159999999999997     
   153.00000000000000       0.40702842700077035        3.3999999999999998E-003   5.5999999999999999E-003   8.6400000000000005E-002  0.11459999999999999       0.79000000000000004     
   154.00000000000000       0.42408813505180298        3.3999999999999998E-003   5.5999999999999999E-003   8.6400000000000005E-002  0.10860000000000000       0.79600000000000004     
   155.00000000000000       0.44109835941801551        3.3999999999999998E-003   5.5999999999999999E-003   8.0600000000000005E-002  0.11200000000000000       0.79840000000000000     
   156.00000000000000       0.45517584707120645        3.3999999999999998E-003   4.7999999999999996E-003   8.0399999999999999E-002  0.11240000000000000       0.79900000000000004     
   157.00000000000000       0.46659018177508166        3.3999999999999998E-003   4.7999999999999996E-003   8.0399999999999999E-002  0.11180000000000000       0.79959999999999998     
   158.00000000000000       0.47557148024839813        3.3999999999999998E-003   4.7999999999999996E-003   8.0399999999999999E-002  0.11180000000000000       0.79959999999999998     
   159.00000000000000       0.48182459115797810        3.3999999999999998E-003   4.5999999999999999E-003   7.9799999999999996E-002  0.11260000000000001       0.79959999999999998     
   160.00000000000000       0.48567817180850825        3.3999999999999998E-003   4.4000000000000003E-003   7.9799999999999996E-002  0.11260000000000001       0.79979999999999996     
   161.00000000000000       0.48750352045357509        3.3999999999999998E-003   4.4000000000000003E-003   7.9399999999999998E-002  0.11240000000000000       0.80040000000000000     
   162.00000000000000       0.48546377366659577        3.3999999999999998E-003   4.4000000000000003E-003   7.8600000000000003E-002  0.11320000000000000       0.80040000000000000     
   163.00000000000000       0.48196302920582834        3.3999999999999998E-003   4.1999999999999997E-003   7.7600000000000002E-002  0.11420000000000000       0.80059999999999998     
   164.00000000000000       0.47514634095994612        7.6000000000000000E-003   0.0000000000000000        7.7600000000000002E-002  0.11420000000000000       0.80059999999999998     
   165.00000000000000       0.46686985018934141        7.6000000000000000E-003   0.0000000000000000        7.7399999999999997E-002  0.11420000000000000       0.80079999999999996     
   166.00000000000000       0.45636005515885614        7.1999999999999998E-003   0.0000000000000000        7.6999999999999999E-002  0.11459999999999999       0.80120000000000002     
   167.00000000000000       0.44343668814597087        7.1999999999999998E-003   0.0000000000000000        7.6799999999999993E-002  0.11440000000000000       0.80159999999999998     
   168.00000000000000       0.42966837110529510        7.1999999999999998E-003   0.0000000000000000        7.6799999999999993E-002  0.11420000000000000       0.80179999999999996     
   169.00000000000000       0.41597118306464254        7.1999999999999998E-003   0.0000000000000000        7.6799999999999993E-002  0.11320000000000000       0.80279999999999996     
   170.00000000000000       0.39670762995333947        7.1999999999999998E-003   0.0000000000000000        7.6799999999999993E-002  0.11320000000000000       0.80279999999999996     
   171.00000000000000       0.38086222032077488        7.1999999999999998E-003   0.0000000000000000        7.6799999999999993E-002  0.11320000000000000       0.80279999999999996     
   172.00000000000000       0.36785929615295176        7.0000000000000001E-003   2.0000000000000001E-004   7.6799999999999993E-002  0.11219999999999999       0.80379999999999996     
   173.00000000000000       0.33744955199432175        6.6000000000000000E-003   5.9999999999999995E-004   7.6799999999999993E-002  0.11100000000000000       0.80500000000000005     
   174.00000000000000       0.31168411623754305        6.7999999999999996E-003   4.0000000000000002E-004   7.3800000000000004E-002  0.11340000000000000       0.80559999999999998     
   175.00000000000000       0.28540978930141669        6.6000000000000000E-003   5.9999999999999995E-004   7.3200000000000001E-002  0.11340000000000000       0.80620000000000003     
   176.00000000000000       0.25800667419637874        6.1999999999999998E-003   8.0000000000000004E-004   7.2999999999999995E-002  0.11340000000000000       0.80659999999999998     
   177.00000000000000       0.22871540105720201        6.1999999999999998E-003   8.0000000000000004E-004   7.2800000000000004E-002  0.11340000000000000       0.80679999999999996     
   178.00000000000000       0.19877803286264559        6.1999999999999998E-003   8.0000000000000004E-004   7.2800000000000004E-002  0.11340000000000000       0.80679999999999996     
   179.00000000000000       0.16918655952447931        6.1999999999999998E-003   5.9999999999999995E-004   7.0999999999999994E-002  0.11340000000000000       0.80879999999999996     
   180.00000000000000       0.13987967129365211        6.1999999999999998E-003   5.9999999999999995E-004   7.0999999999999994E-002  0.11340000000000000       0.80879999999999996     
   181.00000000000000       0.11296006886543321        6.1999999999999998E-003   0.0000000000000000        7.0999999999999994E-002  0.11340000000000000       0.80940000000000001     
   182.00000000000000        8.8708070689285365E-002   6.1999999999999998E-003   0.0000000000000000        6.0600000000000001E-002  0.12280000000000001       0.81040000000000001     
   183.00000000000000        6.9886014015308251E-002   6.1999999999999998E-003   0.0000000000000000        6.0600000000000001E-002  0.12039999999999999       0.81279999999999997     
   184.00000000000000        5.5585653378086387E-002   6.1999999999999998E-003   0.0000000000000000        6.0600000000000001E-002  0.12260000000000000       0.81059999999999999     
   185.00000000000000        4.6168707253799124E-002   6.1999999999999998E-003   0.0000000000000000        6.0600000000000001E-002  0.12039999999999999       0.81279999999999997     
   186.00000000000000        4.1597327463142562E-002   6.0000000000000001E-003   0.0000000000000000        6.0600000000000001E-002  0.11940000000000001       0.81399999999999995     
   187.00000000000000        4.0835663246219518E-002   6.0000000000000001E-003   0.0000000000000000        6.0600000000000001E-002  0.20920000000000000       0.72419999999999995     
   188.00000000000000        4.9031454114997305E-002   5.7999999999999996E-003   3.3399999999999999E-002   2.7400000000000001E-002  0.17100000000000001       0.76239999999999997     
   189.00000000000000        6.1050551473198454E-002   1.0600000000000000E-002   2.7199999999999998E-002   2.8799999999999999E-002  0.16760000000000000       0.76580000000000004     
   190.00000000000000        7.5823825587698485E-002   1.0600000000000000E-002   2.3000000000000000E-002   3.2599999999999997E-002  0.16860000000000000       0.76519999999999999     
   191.00000000000000        9.2300372799941244E-002   1.0999999999999999E-002   2.2599999999999999E-002   3.1800000000000002E-002  0.16940000000000000       0.76519999999999999     
   192.00000000000000       0.10943224073503033        1.0999999999999999E-002   3.6200000000000003E-002   1.8200000000000001E-002  0.16960000000000000       0.76500000000000001     
   193.00000000000000       0.12730048637337166        1.0800000000000001E-002   3.6799999999999999E-002   1.7800000000000000E-002  0.16900000000000001       0.76559999999999995     
   194.00000000000000       0.14563103926946855        1.0800000000000001E-002   3.6999999999999998E-002   1.7000000000000001E-002  0.16880000000000001       0.76639999999999997     
   195.00000000000000       0.16397525903891297        1.0800000000000001E-002   3.6200000000000003E-002   1.7399999999999999E-002  0.16600000000000001       0.76959999999999995     
   196.00000000000000       0.18222512639402652        1.0800000000000001E-002   3.5999999999999997E-002   1.7399999999999999E-002  0.16619999999999999       0.76959999999999995     
   197.00000000000000       0.20047551964253460        1.0800000000000001E-002   3.5200000000000002E-002   1.7600000000000001E-002  0.16500000000000001       0.77139999999999997     
   198.00000000000000       0.21826651609654532        1.0800000000000001E-002   3.5000000000000003E-002   1.7600000000000001E-002  0.16500000000000001       0.77159999999999995     
   199.00000000000000       0.23569858430614909        1.0800000000000001E-002   3.4799999999999998E-002   1.7800000000000000E-002  0.16460000000000000       0.77200000000000002     
   200.00000000000000       0.25281349213941784        1.0800000000000001E-002   3.4599999999999999E-002   1.7999999999999999E-002  0.16460000000000000       0.77200000000000002     
   201.00000000000000       0.26963871981658227        1.0800000000000001E-002   3.4400000000000000E-002   1.7999999999999999E-002  0.16460000000000000       0.77220000000000000     
   202.00000000000000       0.28591722238270584        1.0800000000000001E-002   3.4000000000000002E-002   1.7999999999999999E-002  0.16500000000000001       0.77220000000000000     
   203.00000000000000       0.30178503135932461        8.9999999999999993E-003   3.5400000000000001E-002   1.7999999999999999E-002  0.16480000000000000       0.77280000000000004     
   204.00000000000000       0.31882406349015580        8.9999999999999993E-003   3.5400000000000001E-002   1.7999999999999999E-002  0.16439999999999999       0.77320000000000000     
   205.00000000000000       0.33514145684378271        8.8000000000000005E-003   4.1599999999999998E-002   1.1800000000000000E-002  0.16460000000000000       0.77320000000000000     
   206.00000000000000       0.35138736706524493        8.6000000000000000E-003   4.1599999999999998E-002   1.1800000000000000E-002  0.16480000000000000       0.77320000000000000     
   207.00000000000000       0.36603133748296768        8.3999999999999995E-003   4.1599999999999998E-002   1.1800000000000000E-002  0.16500000000000001       0.77320000000000000     
   208.00000000000000       0.37864125256089809        7.7999999999999996E-003   4.1000000000000002E-002   1.1800000000000000E-002  0.16619999999999999       0.77320000000000000     
   209.00000000000000       0.39487808263056767        7.1999999999999998E-003   4.1399999999999999E-002   1.1800000000000000E-002  0.16619999999999999       0.77339999999999998     
   210.00000000000000       0.40791460722277606        7.1999999999999998E-003   4.1399999999999999E-002   1.1800000000000000E-002  0.16619999999999999       0.77339999999999998     
   211.00000000000000       0.42056925489166774        7.6000000000000000E-003   4.1000000000000002E-002   1.1800000000000000E-002  0.16639999999999999       0.77320000000000000     
   212.00000000000000       0.43470225816013564        7.4000000000000003E-003   4.0800000000000003E-002   1.1800000000000000E-002  0.16680000000000000       0.77320000000000000     
   213.00000000000000       0.44724870364073555        7.1999999999999998E-003   4.0599999999999997E-002   1.1800000000000000E-002  0.16259999999999999       0.77780000000000005     
   214.00000000000000       0.46098981355208030        7.4000000000000003E-003   3.9199999999999999E-002   1.1800000000000000E-002  0.16360000000000000       0.77800000000000002     
   215.00000000000000       0.47540933477767466        7.1999999999999998E-003   4.0800000000000003E-002   1.0200000000000001E-002  0.16500000000000001       0.77680000000000005     
   216.00000000000000       0.48986983060198819        7.1999999999999998E-003   4.0800000000000003E-002   9.7999999999999997E-003  0.16500000000000001       0.77720000000000000     
