#        BMIN =   404
#        BMAX =   408
#     INIBAND =   406
#      NBANDS =   540
#         NSW =  2000
#       POTIM =   1.0
#        TEMP = 300.0
#    NAMDTINI =   492
#    NAMDTIME =  1000
#       NTRAJ =  5000
#        NELM =  1000
#       LHOLE =     T
#        LSHP =     T
#      LCPTXT =     T
#      RUNDIR = ../../run/
   1.0000000000000000      -0.10015549347895628        0.0000000000000000        0.0000000000000000        1.0000000000000000        0.0000000000000000        0.0000000000000000     
   2.0000000000000000      -0.10611117235518426        0.0000000000000000        8.0000000000000004E-004  0.99919999999999998        0.0000000000000000        0.0000000000000000     
   3.0000000000000000      -0.10611781311088858        0.0000000000000000        2.5999999999999999E-003  0.99739999999999995        0.0000000000000000        0.0000000000000000     
   4.0000000000000000      -0.10237543771004813        0.0000000000000000        4.0000000000000001E-003  0.99600000000000000        0.0000000000000000        0.0000000000000000     
   5.0000000000000000       -9.5037615341993578E-002   0.0000000000000000        4.1999999999999997E-003  0.99580000000000002        0.0000000000000000        0.0000000000000000     
   6.0000000000000000       -8.4685957986495364E-002   0.0000000000000000        4.1999999999999997E-003  0.99580000000000002        0.0000000000000000        0.0000000000000000     
   7.0000000000000000       -7.3268750637023428E-002   0.0000000000000000        4.1999999999999997E-003  0.99580000000000002        0.0000000000000000        0.0000000000000000     
   8.0000000000000000       -5.9912225732703953E-002   0.0000000000000000        4.1999999999999997E-003  0.99580000000000002        0.0000000000000000        0.0000000000000000     
   9.0000000000000000       -4.3923569803664957E-002   0.0000000000000000        4.1999999999999997E-003  0.99560000000000004        2.0000000000000001E-004   0.0000000000000000     
   10.000000000000000       -2.8007989553583326E-002   0.0000000000000000        4.1999999999999997E-003  0.99480000000000002        1.0000000000000000E-003   0.0000000000000000     
   11.000000000000000       -1.0486604946765506E-002   0.0000000000000000        4.1999999999999997E-003  0.99480000000000002        1.0000000000000000E-003   0.0000000000000000     
   12.000000000000000        7.5868221586608605E-003   0.0000000000000000        4.1999999999999997E-003  0.99439999999999995        1.4000000000000000E-003   0.0000000000000000     
   13.000000000000000        2.6639177331271895E-002   0.0000000000000000        4.1999999999999997E-003  0.99439999999999995        1.4000000000000000E-003   0.0000000000000000     
   14.000000000000000        4.6277350890383213E-002   0.0000000000000000        4.1999999999999997E-003  0.99439999999999995        1.4000000000000000E-003   0.0000000000000000     
   15.000000000000000        6.7826605333124942E-002   0.0000000000000000        4.1999999999999997E-003  0.99439999999999995        1.4000000000000000E-003   0.0000000000000000     
   16.000000000000000        8.8472963279986425E-002   0.0000000000000000        4.1999999999999997E-003  0.99439999999999995        1.4000000000000000E-003   0.0000000000000000     
   17.000000000000000       0.10860433042772816        0.0000000000000000        4.1999999999999997E-003  0.99399999999999999        1.0000000000000000E-003   8.0000000000000004E-004
   18.000000000000000       0.13040620374078923        0.0000000000000000        4.1999999999999997E-003  0.98899999999999999        1.0000000000000000E-003   5.7999999999999996E-003
   19.000000000000000       0.15352781232012197        0.0000000000000000        4.1999999999999997E-003  0.98119999999999996        1.4000000000000000E-003   1.3200000000000000E-002
   20.000000000000000       0.17117058447525416        0.0000000000000000        4.1999999999999997E-003  0.97699999999999998        3.2000000000000002E-003   1.5599999999999999E-002
   21.000000000000000       0.18697508415134725        0.0000000000000000        4.1999999999999997E-003  0.97560000000000002        4.5999999999999999E-003   1.5599999999999999E-002
   22.000000000000000       0.19993635582449348        0.0000000000000000        4.1999999999999997E-003  0.97560000000000002        4.5999999999999999E-003   1.5599999999999999E-002
   23.000000000000000       0.21019243043115041        8.0000000000000004E-004   3.2000000000000002E-003  0.97540000000000004        4.5999999999999999E-003   1.6000000000000000E-002
   24.000000000000000       0.21806444565397665        8.0000000000000004E-004   3.0000000000000001E-003  0.97540000000000004        4.7999999999999996E-003   1.6000000000000000E-002
   25.000000000000000       0.22447817241595119        8.0000000000000004E-004   2.8000000000000000E-003  0.97280000000000000        4.7999999999999996E-003   1.8800000000000001E-002
   26.000000000000000       0.22795035514548598        8.0000000000000004E-004   1.4000000000000000E-003  0.97360000000000002        4.7999999999999996E-003   1.9400000000000001E-002
   27.000000000000000       0.23007978904536211        8.0000000000000004E-004   1.6000000000000001E-003  0.97060000000000002        4.7999999999999996E-003   2.2200000000000001E-002
   28.000000000000000       0.23030945510719489        8.0000000000000004E-004   1.6000000000000001E-003  0.96879999999999999        6.6000000000000000E-003   2.2200000000000001E-002
   29.000000000000000       0.23047813275841914        8.0000000000000004E-004   1.0000000000000000E-003  0.96940000000000004        6.6000000000000000E-003   2.2200000000000001E-002
   30.000000000000000       0.23407290845016862        8.0000000000000004E-004   2.3999999999999998E-003  0.96779999999999999        6.6000000000000000E-003   2.2400000000000000E-002
   31.000000000000000       0.24474184784622002        8.0000000000000004E-004   2.2000000000000001E-003  0.96599999999999997        7.7999999999999996E-003   2.3199999999999998E-002
   32.000000000000000       0.25839729320107285        8.0000000000000004E-004   3.2000000000000002E-003  0.96340000000000003        8.6000000000000000E-003   2.4000000000000000E-002
   33.000000000000000       0.27224073597748455        8.0000000000000004E-004   3.2000000000000002E-003  0.96340000000000003        8.6000000000000000E-003   2.4000000000000000E-002
   34.000000000000000       0.28504047893727702        8.0000000000000004E-004   3.2000000000000002E-003  0.96179999999999999        8.6000000000000000E-003   2.5600000000000001E-002
   35.000000000000000       0.29408272407890496        8.0000000000000004E-004   3.2000000000000002E-003  0.96179999999999999        8.3999999999999995E-003   2.5800000000000000E-002
   36.000000000000000       0.29988294567968449        8.0000000000000004E-004   3.2000000000000002E-003  0.96079999999999999        9.1999999999999998E-003   2.5999999999999999E-002
   37.000000000000000       0.30168517604160860        8.0000000000000004E-004   3.2000000000000002E-003  0.96040000000000003        9.5999999999999992E-003   2.5999999999999999E-002
   38.000000000000000       0.30034612168899594        8.0000000000000004E-004   3.2000000000000002E-003  0.95920000000000005        1.0600000000000000E-002   2.6200000000000001E-002
   39.000000000000000       0.29289949703270873        8.0000000000000004E-004   3.0000000000000001E-003  0.95399999999999996        1.6000000000000000E-002   2.6200000000000001E-002
   40.000000000000000       0.28317555920357518        8.0000000000000004E-004   3.0000000000000001E-003  0.95479999999999998        1.5200000000000000E-002   2.6200000000000001E-002
   41.000000000000000       0.27048282731321055        8.0000000000000004E-004   3.0000000000000001E-003  0.95379999999999998        1.6199999999999999E-002   2.6200000000000001E-002
   42.000000000000000       0.25587917378644964        8.0000000000000004E-004   3.0000000000000001E-003  0.95320000000000005        1.6799999999999999E-002   2.6200000000000001E-002
   43.000000000000000       0.23951777341872688        1.1999999999999999E-003   2.5999999999999999E-003  0.95240000000000002        1.6799999999999999E-002   2.7000000000000000E-002
   44.000000000000000       0.22095098940813732        1.1999999999999999E-003   2.5999999999999999E-003  0.95260000000000000        1.6600000000000000E-002   2.7000000000000000E-002
   45.000000000000000       0.20107244709042080        1.1999999999999999E-003   2.5999999999999999E-003  0.95260000000000000        1.6400000000000001E-002   2.7199999999999998E-002
   46.000000000000000       0.17602288544666830        1.1999999999999999E-003   8.6400000000000005E-002  0.86819999999999997        1.7000000000000001E-002   2.7199999999999998E-002
   47.000000000000000       0.16304629884512251        1.1999999999999999E-003   8.6199999999999999E-002  0.86819999999999997        1.7000000000000001E-002   2.7400000000000001E-002
   48.000000000000000       0.18126668121398998        1.1999999999999999E-003   8.6199999999999999E-002  0.86819999999999997        1.7000000000000001E-002   2.7400000000000001E-002
   49.000000000000000       0.19370373428569071        1.1999999999999999E-003   8.6199999999999999E-002  0.86819999999999997        1.6000000000000000E-002   2.8400000000000002E-002
   50.000000000000000       0.19902935017513376        1.1999999999999999E-003   8.6199999999999999E-002  0.86819999999999997        1.6000000000000000E-002   2.8400000000000002E-002
   51.000000000000000       0.19718409675692194        1.1999999999999999E-003   8.6199999999999999E-002  0.86819999999999997        1.6000000000000000E-002   2.8400000000000002E-002
   52.000000000000000       0.18663808129409049        1.1999999999999999E-003   8.6199999999999999E-002  0.86819999999999997        1.3200000000000000E-002   3.1199999999999999E-002
   53.000000000000000       0.16876055168044829        1.1999999999999999E-003   8.5999999999999993E-002  0.86819999999999997        1.4000000000000000E-002   3.0599999999999999E-002
   54.000000000000000       0.14399055700607494        1.1999999999999999E-003   8.5800000000000001E-002  0.86819999999999997        1.5800000000000002E-002   2.9000000000000001E-002
   55.000000000000000       0.11436859712574560        1.1999999999999999E-003   8.5800000000000001E-002  0.86819999999999997        1.3800000000000000E-002   3.1000000000000000E-002
   56.000000000000000        7.8400913672611830E-002   1.1999999999999999E-003   8.5800000000000001E-002  0.86819999999999997        1.3599999999999999E-002   3.1199999999999999E-002
   57.000000000000000        3.6069883059320448E-002   1.1999999999999999E-003   8.5800000000000001E-002  0.86819999999999997        1.3599999999999999E-002   3.1199999999999999E-002
   58.000000000000000       -8.4381198076832024E-003   1.1999999999999999E-003   8.5800000000000001E-002  0.86819999999999997        1.3400000000000000E-002   3.1399999999999997E-002
   59.000000000000000       -5.5669899880633256E-002   1.1999999999999999E-003   8.5800000000000001E-002  0.86819999999999997        1.3400000000000000E-002   3.1399999999999997E-002
   60.000000000000000      -0.10315185958399033        1.1999999999999999E-003   4.7399999999999998E-002  0.90659999999999996        1.3400000000000000E-002   3.1399999999999997E-002
   61.000000000000000      -0.12758006213580983        2.8000000000000000E-003   4.5199999999999997E-002  0.90700000000000003        1.3599999999999999E-002   3.1399999999999997E-002
   62.000000000000000      -0.13906175554357006        2.8000000000000000E-003  0.16180000000000000       0.78779999999999994        1.6199999999999999E-002   3.1399999999999997E-002
   63.000000000000000      -0.13644156960316950        2.8000000000000000E-003  0.15559999999999999       0.79400000000000004        1.6199999999999999E-002   3.1399999999999997E-002
   64.000000000000000      -0.12627587525380882        2.8000000000000000E-003  0.15600000000000000       0.79359999999999997        1.6199999999999999E-002   3.1399999999999997E-002
   65.000000000000000      -0.11438825224294798        2.5999999999999999E-003  0.15640000000000001       0.79339999999999999        1.6000000000000000E-002   3.1600000000000003E-002
   66.000000000000000      -0.10168777705645624        2.5999999999999999E-003  0.15640000000000001       0.79339999999999999        1.6000000000000000E-002   3.1600000000000003E-002
   67.000000000000000       -9.2858437875456376E-002   2.5999999999999999E-003  0.15620000000000001       0.79200000000000004        1.7600000000000001E-002   3.1600000000000003E-002
   68.000000000000000       -7.5987945109336610E-002   2.5999999999999999E-003  0.15620000000000001       0.79100000000000004        1.8599999999999998E-002   3.1600000000000003E-002
   69.000000000000000       -6.0558643899948583E-002   2.5999999999999999E-003  0.15620000000000001       0.78620000000000001        2.2599999999999999E-002   3.2399999999999998E-002
   70.000000000000000       -4.9023870553659324E-002   2.5999999999999999E-003  0.15279999999999999       0.78539999999999999        2.6800000000000001E-002   3.2399999999999998E-002
   71.000000000000000       -3.8211967247316417E-002   2.5999999999999999E-003  0.15260000000000001       0.78000000000000003        3.2000000000000001E-002   3.2800000000000003E-002
   72.000000000000000       -2.8536780663796064E-002   2.5999999999999999E-003  0.15220000000000000       0.78000000000000003        3.2399999999999998E-002   3.2800000000000003E-002
   73.000000000000000       -2.0140349988057367E-002   2.2000000000000001E-003  0.15260000000000001       0.77739999999999998        3.4200000000000001E-002   3.3599999999999998E-002
   74.000000000000000       -1.3409190280230422E-002   2.0000000000000000E-003  0.15240000000000001       0.76900000000000002        4.2999999999999997E-002   3.3599999999999998E-002
   75.000000000000000       -8.9867444071430828E-003   1.8000000000000000E-003  0.15260000000000001       0.76800000000000002        4.2799999999999998E-002   3.4799999999999998E-002
   76.000000000000000       -6.3033181470191074E-003   5.4000000000000003E-003  0.14860000000000001       0.76580000000000004        4.2999999999999997E-002   3.7199999999999997E-002
   77.000000000000000       -2.7843221745300212E-004   5.4000000000000003E-003  0.14860000000000001       0.76500000000000001        4.2999999999999997E-002   3.7999999999999999E-002
   78.000000000000000        5.3537505596186847E-003   5.4000000000000003E-003  0.14860000000000001       0.76459999999999995        4.2799999999999998E-002   3.8600000000000002E-002
   79.000000000000000        8.9789085666319574E-003   5.1999999999999998E-003  0.14860000000000001       0.76459999999999995        4.2799999999999998E-002   3.8800000000000001E-002
   80.000000000000000        1.0184016238938037E-002   5.1999999999999998E-003  0.19460000000000000       0.71640000000000004        4.2999999999999997E-002   4.0800000000000003E-002
   81.000000000000000        2.4263300690869925E-002   5.1999999999999998E-003  0.19460000000000000       0.71640000000000004        4.2999999999999997E-002   4.0800000000000003E-002
   82.000000000000000        4.8117234572985376E-002   5.0000000000000001E-003  0.19460000000000000       0.71660000000000001        4.2999999999999997E-002   4.0800000000000003E-002
   83.000000000000000        6.7182481825836929E-002   5.0000000000000001E-003  0.19439999999999999       0.71660000000000001        4.3200000000000002E-002   4.0800000000000003E-002
   84.000000000000000        8.1958579830425010E-002   5.0000000000000001E-003  0.19439999999999999       0.71660000000000001        4.3200000000000002E-002   4.0800000000000003E-002
   85.000000000000000        9.1023233898767444E-002   5.0000000000000001E-003  0.19439999999999999       0.71660000000000001        4.2400000000000000E-002   4.1599999999999998E-002
   86.000000000000000        9.4702576754538262E-002   1.6000000000000000E-002  0.18279999999999999       0.71660000000000001        4.2999999999999997E-002   4.1599999999999998E-002
   87.000000000000000        9.4218226195768459E-002   1.6000000000000000E-002  0.18160000000000001       0.71779999999999999        4.1799999999999997E-002   4.2799999999999998E-002
   88.000000000000000        8.9039924353437494E-002   1.6000000000000000E-002  0.18120000000000000       0.71819999999999995        4.1799999999999997E-002   4.2799999999999998E-002
   89.000000000000000        7.7332008585833126E-002   1.6000000000000000E-002  0.18079999999999999       0.71860000000000002        4.0399999999999998E-002   4.4200000000000003E-002
   90.000000000000000        5.9309640620570467E-002   1.6000000000000000E-002  0.18079999999999999       0.71860000000000002        4.1000000000000002E-002   4.3600000000000000E-002
   91.000000000000000        3.5613064744028783E-002   6.3200000000000006E-002  0.13260000000000000       0.71960000000000002        4.0399999999999998E-002   4.4200000000000003E-002
   92.000000000000000        8.3649701837627630E-003   6.2199999999999998E-002  0.13360000000000000       0.71960000000000002        4.0399999999999998E-002   4.4200000000000003E-002
   93.000000000000000       -2.0483800531779769E-002  0.19580000000000000        0.0000000000000000       0.71960000000000002        4.0399999999999998E-002   4.4200000000000003E-002
   94.000000000000000       -5.1464403984510507E-002  0.19520000000000001        3.8800000000000001E-002  0.68100000000000005        4.0399999999999998E-002   4.4600000000000001E-002
   95.000000000000000       -6.4324531671896182E-002  0.19460000000000000        4.0800000000000003E-002  0.67959999999999998        4.0399999999999998E-002   4.4600000000000001E-002
   96.000000000000000       -5.3901246253861154E-002  0.19460000000000000        3.9600000000000003E-002  0.68079999999999996        4.0399999999999998E-002   4.4600000000000001E-002
   97.000000000000000       -4.4656649592157559E-002  0.18980000000000000        4.0399999999999998E-002  0.68479999999999996        4.0399999999999998E-002   4.4600000000000001E-002
   98.000000000000000       -2.6878595380040622E-002  0.17699999999999999        5.2999999999999999E-002  0.68259999999999998        4.0399999999999998E-002   4.7000000000000000E-002
   99.000000000000000       -6.5622193248322594E-003  0.17580000000000001        5.3199999999999997E-002  0.68200000000000005        4.0399999999999998E-002   4.8599999999999997E-002
   100.00000000000000        1.3546386157754362E-002  0.17060000000000000        5.7000000000000002E-002  0.68300000000000005        4.0800000000000003E-002   4.8599999999999997E-002
   101.00000000000000        3.5254433170884537E-002  0.17019999999999999        5.6800000000000003E-002  0.67879999999999996        4.3799999999999999E-002   5.0400000000000000E-002
   102.00000000000000        5.8097612828102690E-002  0.16400000000000001        5.9200000000000003E-002  0.68100000000000005        4.4600000000000001E-002   5.1200000000000002E-002
   103.00000000000000        7.9721822065538267E-002  0.16380000000000000        5.8999999999999997E-002  0.68100000000000005        4.4999999999999998E-002   5.1200000000000002E-002
   104.00000000000000       0.10047196062779910       0.16360000000000000        5.8999999999999997E-002  0.67979999999999996        4.5199999999999997E-002   5.2400000000000002E-002
   105.00000000000000       0.12112786584627500       0.16080000000000000        5.8799999999999998E-002  0.68140000000000001        4.6600000000000003E-002   5.2400000000000002E-002
   106.00000000000000       0.14230292022743715       0.15140000000000001        6.8199999999999997E-002  0.67800000000000005        4.6399999999999997E-002   5.6000000000000001E-002
   107.00000000000000       0.16125864737502649       0.14720000000000000        7.2400000000000006E-002  0.67620000000000002        4.6600000000000003E-002   5.7599999999999998E-002
   108.00000000000000       0.17817446500945408       0.14660000000000001        7.2200000000000000E-002  0.67700000000000005        4.6600000000000003E-002   5.7599999999999998E-002
   109.00000000000000       0.19378428826125993       0.14540000000000000        7.3400000000000007E-002  0.67700000000000005        4.6600000000000003E-002   5.7599999999999998E-002
   110.00000000000000       0.20835819728289959       0.14520000000000000        7.2599999999999998E-002  0.67779999999999996        4.6399999999999997E-002   5.8000000000000003E-002
   111.00000000000000       0.22255489215118246       0.13900000000000001        7.5999999999999998E-002  0.68000000000000005        4.6199999999999998E-002   5.8799999999999998E-002
   112.00000000000000       0.23616083402807117       0.12580000000000000        8.5000000000000006E-002  0.68279999999999996        4.6800000000000001E-002   5.9600000000000000E-002
   113.00000000000000       0.24673602259382016       0.12620000000000001        8.4599999999999995E-002  0.68179999999999996        4.7000000000000000E-002   6.0400000000000002E-002
   114.00000000000000       0.25565508438381512       0.12620000000000001        8.3199999999999996E-002  0.68240000000000001        4.7800000000000002E-002   6.0400000000000002E-002
   115.00000000000000       0.26285590916894125       0.12139999999999999        8.7800000000000003E-002  0.68259999999999998        4.7800000000000002E-002   6.0400000000000002E-002
   116.00000000000000       0.26872639432544637       0.12039999999999999        8.8599999999999998E-002  0.68279999999999996        4.7399999999999998E-002   6.0800000000000000E-002
   117.00000000000000       0.27311592046538280       0.11880000000000000        8.9399999999999993E-002  0.68100000000000005        4.9799999999999997E-002   6.0999999999999999E-002
   118.00000000000000       0.27617778650547220       0.11880000000000000        8.9399999999999993E-002  0.68020000000000003        5.0599999999999999E-002   6.0999999999999999E-002
   119.00000000000000       0.27765218982626233       0.11880000000000000        8.9399999999999993E-002  0.67820000000000003        5.0799999999999998E-002   6.2799999999999995E-002
   120.00000000000000       0.27644691589735537       0.11880000000000000        8.9399999999999993E-002  0.67500000000000004        5.1999999999999998E-002   6.4799999999999996E-002
   121.00000000000000       0.27244499811575396       0.11880000000000000        8.8999999999999996E-002  0.67400000000000004        5.3400000000000003E-002   6.4799999999999996E-002
   122.00000000000000       0.26601752644233029       0.11840000000000001        8.6800000000000002E-002  0.67659999999999998        5.3400000000000003E-002   6.4799999999999996E-002
   123.00000000000000       0.25824963224199454       0.11780000000000000        8.5400000000000004E-002  0.67840000000000000        5.3400000000000003E-002   6.5000000000000002E-002
   124.00000000000000       0.24970135304902752       0.11600000000000001        8.3400000000000002E-002  0.68220000000000003        5.3199999999999997E-002   6.5199999999999994E-002
   125.00000000000000       0.23929966210949299       0.11180000000000000        8.5400000000000004E-002  0.68420000000000003        5.3400000000000003E-002   6.5199999999999994E-002
   126.00000000000000       0.22744767001661451       0.10639999999999999        8.9599999999999999E-002  0.68400000000000005        5.3199999999999997E-002   6.6799999999999998E-002
   127.00000000000000       0.21621361544909867        9.6400000000000000E-002   9.6799999999999997E-002  0.68359999999999999        5.3199999999999997E-002   7.0000000000000007E-002
   128.00000000000000       0.20107763404920967        9.6000000000000002E-002   9.5399999999999999E-002  0.68540000000000001        5.3199999999999997E-002   7.0000000000000007E-002
   129.00000000000000       0.18755586697625418        8.2799999999999999E-002  0.10900000000000000       0.68140000000000001        5.5000000000000000E-002   7.1800000000000003E-002
   130.00000000000000       0.17185835405391248        7.3999999999999996E-002  0.11780000000000000       0.68059999999999998        5.4800000000000001E-002   7.2800000000000004E-002
   131.00000000000000       0.15611043031981767        6.9400000000000003E-002  0.11540000000000000       0.68720000000000003        4.8800000000000003E-002   7.9200000000000007E-002
   132.00000000000000       0.14610306668260625        6.9000000000000006E-002  0.11060000000000000       0.69159999999999999        4.6800000000000001E-002   8.2000000000000003E-002
   133.00000000000000       0.14213489808645224        6.8400000000000002E-002  0.11219999999999999       0.68999999999999995        4.7399999999999998E-002   8.2000000000000003E-002
   134.00000000000000       0.14068832717771251        5.8400000000000001E-002  0.11240000000000000       0.69740000000000002        4.9599999999999998E-002   8.2199999999999995E-002
   135.00000000000000       0.13647137046492563        5.4800000000000001E-002  0.11559999999999999       0.69740000000000002        5.0000000000000003E-002   8.2199999999999995E-002
   136.00000000000000       0.13098207502570255        5.3999999999999999E-002  0.11640000000000000       0.69179999999999997        5.2800000000000000E-002   8.5000000000000006E-002
   137.00000000000000       0.12151497247475876        5.5000000000000000E-002  0.11260000000000001       0.69460000000000000        5.3999999999999999E-002   8.3799999999999999E-002
   138.00000000000000       0.11049461993371407        5.1200000000000002E-002  0.11300000000000000       0.69340000000000002        6.0199999999999997E-002   8.2199999999999995E-002
   139.00000000000000        9.6638945727355402E-002   5.0999999999999997E-002  0.11280000000000000       0.69079999999999997        6.3000000000000000E-002   8.2400000000000001E-002
   140.00000000000000        8.2145136401590574E-002   5.1400000000000001E-002  0.10800000000000000       0.69120000000000004        6.6000000000000003E-002   8.3400000000000002E-002
   141.00000000000000        6.8919450537881996E-002  0.10420000000000000        5.4800000000000001E-002  0.68779999999999997        5.9200000000000003E-002   9.4000000000000000E-002
   142.00000000000000        5.7711389074034829E-002  0.10400000000000000        5.4800000000000001E-002  0.68740000000000001        5.9200000000000003E-002   9.4600000000000004E-002
   143.00000000000000        4.6458030845079608E-002  0.10340000000000001        4.8000000000000001E-002  0.69479999999999997        5.8200000000000002E-002   9.5600000000000004E-002
   144.00000000000000        3.8751389020042298E-002   9.7400000000000000E-002   5.3800000000000001E-002  0.69479999999999997        5.8400000000000001E-002   9.5600000000000004E-002
   145.00000000000000        6.8334204131985765E-002   9.7600000000000006E-002   5.3600000000000002E-002  0.69479999999999997        5.8400000000000001E-002   9.5600000000000004E-002
   146.00000000000000        9.7189782347345502E-002   8.9999999999999997E-002   6.0999999999999999E-002  0.69479999999999997        5.8599999999999999E-002   9.5600000000000004E-002
   147.00000000000000       0.12307561660490343        8.7800000000000003E-002   6.2799999999999995E-002  0.69479999999999997        5.8400000000000001E-002   9.6199999999999994E-002
   148.00000000000000       0.14403280521272196        8.7800000000000003E-002   6.2799999999999995E-002  0.69479999999999997        5.8400000000000001E-002   9.6199999999999994E-002
   149.00000000000000       0.16278434623605501        8.4000000000000005E-002   6.6199999999999995E-002  0.69479999999999997        5.7599999999999998E-002   9.7400000000000000E-002
   150.00000000000000       0.17537267972614565        8.4000000000000005E-002   6.6199999999999995E-002  0.69479999999999997        5.7599999999999998E-002   9.7400000000000000E-002
   151.00000000000000       0.18274617788267236        8.4000000000000005E-002   6.5600000000000006E-002  0.69479999999999997        5.8000000000000003E-002   9.7600000000000006E-002
   152.00000000000000       0.18390095493192643        8.4000000000000005E-002   6.5600000000000006E-002  0.69479999999999997        5.7400000000000000E-002   9.8199999999999996E-002
   153.00000000000000       0.17763249146219287        8.4000000000000005E-002   6.5400000000000000E-002  0.69479999999999997        5.6599999999999998E-002   9.9199999999999997E-002
   154.00000000000000       0.16587712209309335        8.3599999999999994E-002   6.5600000000000006E-002  0.69479999999999997        5.6200000000000000E-002   9.9800000000000000E-002
   155.00000000000000       0.14868797307904855        8.3599999999999994E-002   6.5600000000000006E-002  0.69479999999999997        5.6000000000000001E-002  0.10000000000000001     
   156.00000000000000       0.12697137862839533        8.3599999999999994E-002   6.5199999999999994E-002  0.69479999999999997        5.6000000000000001E-002  0.10040000000000000     
   157.00000000000000       0.10078418957688545        8.3400000000000002E-002   6.4600000000000005E-002  0.69479999999999997        5.6200000000000000E-002  0.10100000000000001     
   158.00000000000000        7.0766234290931984E-002   8.3400000000000002E-002   5.3800000000000001E-002  0.70499999999999996        5.6800000000000003E-002  0.10100000000000001     
   159.00000000000000        6.4721286458093677E-002   8.2400000000000001E-002   5.3800000000000001E-002  0.70420000000000005        5.5199999999999999E-002  0.10440000000000001     
   160.00000000000000        6.8641087372610640E-002   8.2799999999999999E-002   5.3400000000000003E-002  0.70340000000000003        5.2800000000000000E-002  0.10760000000000000     
   161.00000000000000        7.1141274132748011E-002   8.2799999999999999E-002   5.2800000000000000E-002  0.70399999999999996        5.2999999999999999E-002  0.10740000000000000     
   162.00000000000000        7.3324063680418439E-002   8.0199999999999994E-002   5.5399999999999998E-002  0.69979999999999998        4.8599999999999997E-002  0.11600000000000001     
   163.00000000000000        7.7313821469270488E-002   7.3599999999999999E-002   6.3000000000000000E-002  0.69740000000000002        4.7800000000000002E-002  0.11820000000000000     
   164.00000000000000        8.5656474024623341E-002   7.3599999999999999E-002   6.4600000000000005E-002  0.69560000000000000        4.9399999999999999E-002  0.11680000000000000     
   165.00000000000000       0.10344842693412132        7.3599999999999999E-002   3.1000000000000000E-002  0.72919999999999996        5.9200000000000003E-002  0.10700000000000000     
   166.00000000000000       0.13653517885294314        7.3400000000000007E-002   2.5200000000000000E-002  0.73360000000000003        6.2199999999999998E-002  0.10560000000000000     
   167.00000000000000       0.18201247154963207        7.0599999999999996E-002   2.6599999999999999E-002  0.70779999999999998        8.5000000000000006E-002  0.11000000000000000     
   168.00000000000000       0.21296863095799010        6.4000000000000001E-002   3.2800000000000003E-002  0.65400000000000003       0.13919999999999999       0.11000000000000000     
   169.00000000000000       0.24128584807793402        5.2400000000000002E-002   3.9600000000000003E-002  0.65280000000000005       0.13760000000000000       0.11760000000000000     
   170.00000000000000       0.28563205401772529        2.2400000000000000E-002   3.2199999999999999E-002  0.68779999999999997       0.13980000000000001       0.11780000000000000     
   171.00000000000000       0.46794422514448097        2.0600000000000000E-002   3.4000000000000002E-002  0.68759999999999999       0.13940000000000000       0.11840000000000001     
   172.00000000000000       0.55565568010267896        0.0000000000000000        5.5000000000000000E-002  0.41860000000000003       0.38040000000000002       0.14599999999999999     
   173.00000000000000       0.35381332243651042        0.0000000000000000        5.4199999999999998E-002  0.41760000000000003       0.38200000000000001       0.14620000000000000     
   174.00000000000000       0.45023947316967594        0.0000000000000000        5.4199999999999998E-002  0.41760000000000003       0.38179999999999997       0.14640000000000000     
   175.00000000000000        4.2759035249476371E-002   2.0000000000000001E-004   5.3999999999999999E-002  0.41760000000000003       0.37959999999999999       0.14860000000000001     
   176.00000000000000       0.37876514468406297        2.0000000000000001E-004   5.3199999999999997E-002  0.41680000000000000       0.38059999999999999       0.14920000000000000     
   177.00000000000000       0.41813135723871170        0.0000000000000000        4.0000000000000002E-004  0.36699999999999999       0.48320000000000002       0.14940000000000001     
   178.00000000000000       0.71462824913541978        0.0000000000000000        4.0000000000000002E-004  0.36699999999999999       0.48080000000000001       0.15179999999999999     
   179.00000000000000       0.73044785483342944        0.0000000000000000        4.0000000000000002E-004  0.36620000000000003       0.48080000000000001       0.15260000000000001     
   180.00000000000000       0.75979635802606604        0.0000000000000000        4.0000000000000002E-004  0.36599999999999999       0.48080000000000001       0.15279999999999999     
   181.00000000000000       0.77317727941938186        0.0000000000000000        4.0000000000000002E-004  0.36599999999999999       0.47980000000000000       0.15379999999999999     
   182.00000000000000       0.76586946233297937        0.0000000000000000        4.0000000000000002E-004  0.36599999999999999       0.47920000000000001       0.15440000000000001     
   183.00000000000000       0.76700718753532326        0.0000000000000000        4.0000000000000002E-004  0.36520000000000002       0.47239999999999999       0.16200000000000001     
   184.00000000000000       0.75930672824077317        0.0000000000000000        4.0000000000000002E-004  0.35980000000000001       0.47360000000000002       0.16619999999999999     
   185.00000000000000       0.76662480874444627        0.0000000000000000        4.0000000000000002E-004  0.35980000000000001       0.47199999999999998       0.16780000000000000     
   186.00000000000000       0.75822260692201937        0.0000000000000000        4.0000000000000002E-004  0.35299999999999998       0.47820000000000001       0.16839999999999999     
   187.00000000000000       0.74792331230864539        0.0000000000000000        4.0000000000000002E-004  0.35260000000000002       0.47820000000000001       0.16880000000000001     
   188.00000000000000       0.72832189383473023        0.0000000000000000        4.0000000000000002E-004  0.35260000000000002       0.47780000000000000       0.16919999999999999     
   189.00000000000000       0.71245600367168027        0.0000000000000000        4.0000000000000002E-004  0.35160000000000002       0.47839999999999999       0.16960000000000000     
   190.00000000000000       0.75205761675345528        0.0000000000000000        4.0000000000000002E-004  0.33820000000000000       0.49180000000000001       0.16960000000000000     
   191.00000000000000       0.68790909571617154        0.0000000000000000        4.0000000000000002E-004  0.33820000000000000       0.49180000000000001       0.16960000000000000     
   192.00000000000000       0.70782799165880717        0.0000000000000000        4.0000000000000002E-004  0.12939999999999999       0.63919999999999999       0.23100000000000001     
   193.00000000000000       0.52984295427749717        0.0000000000000000        4.0000000000000002E-004   8.0199999999999994E-002  0.63080000000000003       0.28860000000000002     
   194.00000000000000       0.66281755675601950        0.0000000000000000        4.0000000000000002E-004   8.0199999999999994E-002  0.63019999999999998       0.28920000000000001     
   195.00000000000000       0.74928242436553028        0.0000000000000000        4.0000000000000002E-004   7.4600000000000000E-002  0.63539999999999996       0.28960000000000002     
   196.00000000000000       0.62044501715237832        0.0000000000000000        4.0000000000000002E-004   7.0400000000000004E-002  0.63739999999999997       0.29180000000000000     
   197.00000000000000       0.58759858962113154        0.0000000000000000        4.0000000000000002E-004   6.6000000000000000E-003  0.70120000000000005       0.29180000000000000     
   198.00000000000000       0.63374327420543708        0.0000000000000000        4.0000000000000002E-004   7.4000000000000003E-003  0.67100000000000004       0.32119999999999999     
   199.00000000000000       0.55046528191584443        0.0000000000000000        4.0000000000000002E-004   1.1400000000000000E-002  0.66100000000000003       0.32719999999999999     
   200.00000000000000       0.53736891482047688        0.0000000000000000        4.0000000000000002E-004   8.9999999999999993E-003  0.66279999999999994       0.32779999999999998     
   201.00000000000000       0.52372156579995710        0.0000000000000000        4.0000000000000002E-004   1.6199999999999999E-002  0.65559999999999996       0.32779999999999998     
   202.00000000000000       0.23222667944090275        0.0000000000000000        4.0000000000000002E-004   1.6199999999999999E-002  0.65580000000000005       0.32760000000000000     
   203.00000000000000       0.20632687515691228        0.0000000000000000        4.0000000000000002E-004   1.6199999999999999E-002  0.65559999999999996       0.32779999999999998     
   204.00000000000000       0.18320216962273006        0.0000000000000000        4.0000000000000002E-004   1.6199999999999999E-002  0.65539999999999998       0.32800000000000001     
   205.00000000000000       0.16368653492471502        0.0000000000000000        2.0000000000000001E-004   1.6400000000000001E-002  0.65259999999999996       0.33079999999999998     
   206.00000000000000       0.14772329166565212        0.0000000000000000        2.0000000000000001E-004   1.5800000000000002E-002  0.64759999999999995       0.33639999999999998     
   207.00000000000000       0.13448936786870014        0.0000000000000000        2.0000000000000001E-004   1.4600000000000000E-002  0.64880000000000004       0.33639999999999998     
   208.00000000000000       0.12445165020078611        0.0000000000000000        2.0000000000000001E-004   1.4600000000000000E-002  0.64839999999999998       0.33679999999999999     
   209.00000000000000       0.11759417067331340        0.0000000000000000        2.0000000000000001E-004   1.4600000000000000E-002  0.64839999999999998       0.33679999999999999     
   210.00000000000000       0.11463735453220444        0.0000000000000000        0.0000000000000000        1.4200000000000001E-002  0.64800000000000002       0.33779999999999999     
   211.00000000000000       0.11462119448822873        0.0000000000000000        0.0000000000000000        1.3599999999999999E-002  0.64859999999999995       0.33779999999999999     
   212.00000000000000       0.11711855150273781        0.0000000000000000        0.0000000000000000        1.2999999999999999E-002  0.64739999999999998       0.33960000000000001     
   213.00000000000000       0.12175740588447007        0.0000000000000000        0.0000000000000000        1.2600000000000000E-002  0.64739999999999998       0.34000000000000002     
   214.00000000000000       0.12741806579124476        0.0000000000000000        0.0000000000000000        1.2400000000000000E-002  0.64739999999999998       0.34020000000000000     
   215.00000000000000       0.13662661954130878        0.0000000000000000        0.0000000000000000        1.2200000000000001E-002  0.64739999999999998       0.34039999999999998     
   216.00000000000000       0.14690557234210752        0.0000000000000000        0.0000000000000000        1.2200000000000001E-002  0.64539999999999997       0.34239999999999998     
