#        BMIN =   404
#        BMAX =   408
#     INIBAND =   406
#      NBANDS =   540
#         NSW =  2000
#       POTIM =   1.0
#        TEMP = 300.0
#    NAMDTINI =   108
#    NAMDTIME =  1000
#       NTRAJ =  5000
#        NELM =  1000
#       LHOLE =     T
#        LSHP =     T
#      LCPTXT =     T
#      RUNDIR = ../../run/
   1.0000000000000000       0.11186333829435827        0.0000000000000000        0.0000000000000000        1.0000000000000000        0.0000000000000000        0.0000000000000000     
   2.0000000000000000       0.11111924701662344        0.0000000000000000        0.0000000000000000        1.0000000000000000        0.0000000000000000        0.0000000000000000     
   3.0000000000000000       0.10328836718882853        0.0000000000000000        0.0000000000000000        1.0000000000000000        0.0000000000000000        0.0000000000000000     
   4.0000000000000000        8.8014735616184614E-002   0.0000000000000000        0.0000000000000000        1.0000000000000000        0.0000000000000000        0.0000000000000000     
   5.0000000000000000        6.5047883264801182E-002   0.0000000000000000        0.0000000000000000        1.0000000000000000        0.0000000000000000        0.0000000000000000     
   6.0000000000000000        3.7711956441570466E-002   0.0000000000000000        0.0000000000000000        1.0000000000000000        0.0000000000000000        0.0000000000000000     
   7.0000000000000000        4.5615244222993170E-003   0.0000000000000000        2.5999999999999999E-003  0.99739999999999995        0.0000000000000000        0.0000000000000000     
   8.0000000000000000       -2.8475128331958616E-002   0.0000000000000000        2.5999999999999999E-003  0.99519999999999997        2.0000000000000001E-004   2.0000000000000000E-003
   9.0000000000000000       -3.3599229037127198E-002   0.0000000000000000        2.5999999999999999E-003  0.99480000000000002        2.0000000000000001E-004   2.3999999999999998E-003
   10.000000000000000       -3.8435558506687652E-002   0.0000000000000000        2.5999999999999999E-003  0.99480000000000002        0.0000000000000000        2.5999999999999999E-003
   11.000000000000000       -4.4142761491505846E-002   0.0000000000000000        3.3999999999999998E-003  0.99399999999999999        0.0000000000000000        2.5999999999999999E-003
   12.000000000000000       -4.8434016774599020E-002   0.0000000000000000        2.8000000000000000E-003  0.99460000000000004        0.0000000000000000        2.5999999999999999E-003
   13.000000000000000       -5.2467217106830652E-002   0.0000000000000000        2.2000000000000001E-003  0.99519999999999997        0.0000000000000000        2.5999999999999999E-003
   14.000000000000000       -5.5527058793266762E-002   0.0000000000000000        0.0000000000000000       0.99680000000000002        0.0000000000000000        3.2000000000000002E-003
   15.000000000000000       -5.5775566680307545E-002   0.0000000000000000        0.0000000000000000       0.99680000000000002        0.0000000000000000        3.2000000000000002E-003
   16.000000000000000       -5.1580198492501977E-002   0.0000000000000000        6.6000000000000000E-003  0.99019999999999997        0.0000000000000000        3.2000000000000002E-003
   17.000000000000000       -4.4641603692877015E-002   0.0000000000000000        7.1999999999999998E-003  0.98960000000000004        0.0000000000000000        3.2000000000000002E-003
   18.000000000000000       -3.7430884694650890E-002   0.0000000000000000        6.6000000000000000E-003  0.99019999999999997        0.0000000000000000        3.2000000000000002E-003
   19.000000000000000       -3.0917537756358415E-002   0.0000000000000000        4.0000000000000001E-003  0.99260000000000004        0.0000000000000000        3.3999999999999998E-003
   20.000000000000000       -2.6617920295160448E-002   0.0000000000000000        4.0000000000000001E-003  0.99239999999999995        0.0000000000000000        3.5999999999999999E-003
   21.000000000000000       -2.4361316464184445E-002   0.0000000000000000        3.5999999999999999E-003  0.99280000000000002        0.0000000000000000        3.5999999999999999E-003
   22.000000000000000       -2.4966491713027027E-002   0.0000000000000000        3.8000000000000000E-003  0.99260000000000004        0.0000000000000000        3.5999999999999999E-003
   23.000000000000000       -2.8386448839779210E-002   0.0000000000000000        3.8000000000000000E-003  0.99260000000000004        0.0000000000000000        3.5999999999999999E-003
   24.000000000000000       -3.4209908128914286E-002   0.0000000000000000        3.8000000000000000E-003  0.99160000000000004        0.0000000000000000        4.5999999999999999E-003
   25.000000000000000       -4.3319537217765450E-002   2.0000000000000001E-004   3.5999999999999999E-003  0.99039999999999995        1.0000000000000000E-003   4.7999999999999996E-003
   26.000000000000000       -5.5880459209489954E-002   2.0000000000000001E-004   3.5999999999999999E-003  0.99039999999999995        1.0000000000000000E-003   4.7999999999999996E-003
   27.000000000000000       -7.0845750759854706E-002   2.0000000000000001E-004   3.0000000000000001E-003  0.99099999999999999        1.0000000000000000E-003   4.7999999999999996E-003
   28.000000000000000       -5.5601650820316345E-002   2.0000000000000001E-004   3.0000000000000001E-003  0.99099999999999999        1.0000000000000000E-003   4.7999999999999996E-003
   29.000000000000000       -3.3839663938723891E-003   2.0000000000000001E-004   3.0000000000000001E-003  0.99099999999999999        1.0000000000000000E-003   4.7999999999999996E-003
   30.000000000000000        7.6120165990962399E-002   2.0000000000000001E-004   3.0000000000000001E-003  0.47420000000000001       0.51619999999999999        6.4000000000000003E-003
   31.000000000000000        9.0014276506740876E-002   2.0000000000000001E-004   3.0000000000000001E-003  0.47220000000000001       0.51600000000000001        8.6000000000000000E-003
   32.000000000000000       0.10701436759899560        2.0000000000000001E-004   3.0000000000000001E-003  0.47539999999999999       0.43819999999999998        8.3199999999999996E-002
   33.000000000000000       0.11304461832076515        2.0000000000000001E-004   3.0000000000000001E-003  0.42859999999999998       0.48499999999999999        8.3199999999999996E-002
   34.000000000000000        9.9433279100958782E-002   2.0000000000000001E-004   3.0000000000000001E-003  0.43040000000000000       0.48320000000000002        8.3199999999999996E-002
   35.000000000000000        8.4771945144937244E-002   2.0000000000000001E-004   3.0000000000000001E-003  0.43180000000000002       0.48180000000000001        8.3199999999999996E-002
   36.000000000000000        7.4154188525486969E-002   2.0000000000000001E-004   3.0000000000000001E-003  0.39439999999999997       0.51919999999999999        8.3199999999999996E-002
   37.000000000000000        5.8237020310282897E-002   2.0000000000000001E-004   3.0000000000000001E-003  0.39079999999999998       0.52280000000000004        8.3199999999999996E-002
   38.000000000000000        4.3108387184159241E-002   4.0000000000000002E-004   2.8000000000000000E-003  0.39079999999999998       0.52280000000000004        8.3199999999999996E-002
   39.000000000000000        2.9641254763256193E-002   4.0000000000000002E-004   2.8000000000000000E-003  0.39140000000000003       0.52220000000000000        8.3199999999999996E-002
   40.000000000000000        1.6455403318877564E-002   5.9999999999999995E-004   2.5999999999999999E-003  0.39219999999999999       0.52139999999999997        8.3199999999999996E-002
   41.000000000000000        2.3223411006950585E-003   8.0000000000000004E-004   2.3999999999999998E-003  0.38979999999999998       0.52380000000000004        8.3199999999999996E-002
   42.000000000000000       -4.2434152011778491E-003   8.0000000000000004E-004   2.3999999999999998E-003  0.38979999999999998       0.52380000000000004        8.3199999999999996E-002
   43.000000000000000       -1.4546095444296837E-002   8.0000000000000004E-004   2.3999999999999998E-003  0.39040000000000002       0.52320000000000000        8.3199999999999996E-002
   44.000000000000000       -2.1342984849038651E-002   5.9999999999999995E-004   2.3999999999999998E-003  0.38500000000000001       0.46760000000000002       0.14440000000000000     
   45.000000000000000       -3.8099193120620545E-002   5.9999999999999995E-004   2.3999999999999998E-003  0.29420000000000002       0.55759999999999998       0.14520000000000000     
   46.000000000000000       -5.8812685248847744E-002   5.9999999999999995E-004   2.3999999999999998E-003  0.29399999999999998       0.55720000000000003       0.14580000000000001     
   47.000000000000000       -6.5879144610792445E-002   2.0000000000000001E-004   2.3999999999999998E-003  0.29399999999999998       0.46980000000000000       0.23360000000000000     
   48.000000000000000       -7.2636771391558386E-002   2.0000000000000001E-004   2.3999999999999998E-003  0.29399999999999998       0.45939999999999998       0.24399999999999999     
   49.000000000000000       -7.8085804719359914E-002   2.0000000000000001E-004   2.2000000000000001E-003  0.29399999999999998       0.45979999999999999       0.24379999999999999     
   50.000000000000000       -7.7268032133347625E-002   2.0000000000000001E-004   2.2000000000000001E-003  0.29399999999999998       0.44119999999999998       0.26240000000000002     
   51.000000000000000       -7.3943900275043647E-002   2.0000000000000001E-004   2.0000000000000000E-003  0.29120000000000001       0.44440000000000002       0.26219999999999999     
   52.000000000000000       -6.2520128898345864E-002   2.0000000000000001E-004   2.0000000000000000E-003  0.27779999999999999       0.45379999999999998       0.26619999999999999     
   53.000000000000000       -4.3338483635060210E-002   0.0000000000000000        2.0000000000000000E-003  0.27779999999999999       0.45360000000000000       0.26660000000000000     
   54.000000000000000       -2.1352066033402790E-002   0.0000000000000000        2.0000000000000000E-003  0.27579999999999999       0.45379999999999998       0.26840000000000003     
   55.000000000000000        4.7016869312248299E-004   0.0000000000000000        2.0000000000000000E-003  0.27339999999999998       0.45619999999999999       0.26840000000000003     
   56.000000000000000        2.1811003696775730E-002   0.0000000000000000        2.0000000000000000E-003  0.27339999999999998       0.45619999999999999       0.26840000000000003     
   57.000000000000000        4.4940309753764673E-002   0.0000000000000000        2.0000000000000000E-003  0.26960000000000001       0.45379999999999998       0.27460000000000001     
   58.000000000000000        6.6818151129927159E-002   0.0000000000000000        2.0000000000000000E-003  0.26719999999999999       0.44879999999999998       0.28199999999999997     
   59.000000000000000        8.8077029903378332E-002   0.0000000000000000        2.0000000000000000E-003  0.26640000000000003       0.44460000000000000       0.28699999999999998     
   60.000000000000000       0.10893959109192997        0.0000000000000000        2.0000000000000000E-003  0.26519999999999999       0.43980000000000002       0.29299999999999998     
   61.000000000000000       0.12908070725114240        0.0000000000000000        2.0000000000000000E-003  0.26519999999999999       0.42540000000000000       0.30740000000000001     
   62.000000000000000       0.14651110536344247        0.0000000000000000        2.0000000000000000E-003  0.26279999999999998       0.42559999999999998       0.30959999999999999     
   63.000000000000000       0.16280669070208423        0.0000000000000000        2.0000000000000000E-003  0.26279999999999998       0.42659999999999998       0.30859999999999999     
   64.000000000000000       0.17929141025981957        0.0000000000000000        2.0000000000000000E-003  0.25700000000000001       0.42740000000000000       0.31359999999999999     
   65.000000000000000       0.19474238909091304        0.0000000000000000        2.0000000000000000E-003  0.25700000000000001       0.40920000000000001       0.33179999999999998     
   66.000000000000000       0.20798385112893530        0.0000000000000000        2.0000000000000000E-003  0.25459999999999999       0.41520000000000001       0.32819999999999999     
   67.000000000000000       0.22077003488022123        0.0000000000000000        2.0000000000000000E-003  0.25000000000000000       0.41980000000000001       0.32819999999999999     
   68.000000000000000       0.23305376030626238        0.0000000000000000        2.0000000000000000E-003  0.24940000000000001       0.40400000000000003       0.34460000000000002     
   69.000000000000000       0.24354345862324353        0.0000000000000000        2.0000000000000000E-003  0.24940000000000001       0.40579999999999999       0.34279999999999999     
   70.000000000000000       0.25283663946548207        0.0000000000000000        2.0000000000000000E-003  0.24940000000000001       0.40579999999999999       0.34279999999999999     
   71.000000000000000       0.26203087453393509        0.0000000000000000        2.0000000000000000E-003  0.24579999999999999       0.40579999999999999       0.34639999999999999     
   72.000000000000000       0.27044675207378721        0.0000000000000000        2.0000000000000000E-003  0.23640000000000000       0.41460000000000002       0.34699999999999998     
   73.000000000000000       0.27659226267642717        0.0000000000000000        2.0000000000000000E-003  0.23640000000000000       0.41480000000000000       0.34680000000000000     
   74.000000000000000       0.28182038448991287        5.9999999999999995E-004   1.4000000000000000E-003  0.23499999999999999       0.41380000000000000       0.34920000000000001     
   75.000000000000000       0.28529833611744926        5.9999999999999995E-004   1.4000000000000000E-003  0.23499999999999999       0.41380000000000000       0.34920000000000001     
   76.000000000000000       0.28878620306130209        5.9999999999999995E-004   1.4000000000000000E-003  0.22439999999999999       0.42399999999999999       0.34960000000000002     
   77.000000000000000       0.29057204851978730        5.9999999999999995E-004   1.1999999999999999E-003  0.21560000000000001       0.43259999999999998       0.34999999999999998     
   78.000000000000000       0.29020107785360866        5.9999999999999995E-004   1.1999999999999999E-003  0.21440000000000001       0.43240000000000001       0.35139999999999999     
   79.000000000000000       0.28906754216426722        5.9999999999999995E-004   1.1999999999999999E-003  0.20740000000000000       0.43800000000000000       0.35280000000000000     
   80.000000000000000       0.28656291357665487        5.9999999999999995E-004   1.1999999999999999E-003  0.20240000000000000       0.44259999999999999       0.35320000000000001     
   81.000000000000000       0.28269383375869828        4.0000000000000002E-004   1.1999999999999999E-003  0.19539999999999999       0.44760000000000000       0.35539999999999999     
   82.000000000000000       0.27904675031661952        4.0000000000000002E-004   1.0000000000000000E-003  0.18520000000000000       0.44600000000000001       0.36740000000000000     
   83.000000000000000       0.27144769322446977        4.0000000000000002E-004   1.0000000000000000E-003  0.18520000000000000       0.44779999999999998       0.36559999999999998     
   84.000000000000000       0.26540043803657754        4.0000000000000002E-004   8.0000000000000004E-004  0.18540000000000001       0.41940000000000000       0.39400000000000002     
   85.000000000000000       0.25595206293895612        4.0000000000000002E-004   8.0000000000000004E-004  0.18540000000000001       0.42180000000000001       0.39160000000000000     
   86.000000000000000       0.24699637631686383        4.0000000000000002E-004   8.0000000000000004E-004  0.18420000000000000       0.42559999999999998       0.38900000000000001     
   87.000000000000000       0.23791966680884438        4.0000000000000002E-004   5.9999999999999995E-004  0.18420000000000000       0.42259999999999998       0.39219999999999999     
   88.000000000000000       0.22967442054475773        4.0000000000000002E-004   5.9999999999999995E-004  0.18160000000000001       0.41999999999999998       0.39739999999999998     
   89.000000000000000       0.22084881253431229        5.9999999999999995E-004   4.0000000000000002E-004  0.17940000000000000       0.41220000000000001       0.40739999999999998     
   90.000000000000000       0.21309844931332195        5.9999999999999995E-004   4.0000000000000002E-004  0.17199999999999999       0.41639999999999999       0.41060000000000002     
   91.000000000000000       0.20359397320109762        2.0000000000000001E-004   8.0000000000000004E-004  0.16919999999999999       0.42180000000000001       0.40799999999999997     
   92.000000000000000       0.19315342658969464        2.0000000000000001E-004   8.0000000000000004E-004  0.16919999999999999       0.42259999999999998       0.40720000000000001     
   93.000000000000000       0.18289622919982390        2.0000000000000001E-004   8.0000000000000004E-004  0.16680000000000000       0.42499999999999999       0.40720000000000001     
   94.000000000000000       0.17171118938030241        2.0000000000000001E-004   8.0000000000000004E-004  0.16539999999999999       0.42659999999999998       0.40699999999999997     
   95.000000000000000       0.16175865073282653        2.0000000000000001E-004   2.1999999999999999E-002  0.14419999999999999       0.41320000000000001       0.42040000000000000     
   96.000000000000000       0.15570500617314750        2.0000000000000001E-004   2.1999999999999999E-002  0.14419999999999999       0.41339999999999999       0.42020000000000002     
   97.000000000000000       0.15031338225499830        2.0000000000000001E-004   2.1399999999999999E-002  0.14419999999999999       0.41399999999999998       0.42020000000000002     
   98.000000000000000       0.14519304344943845        2.0000000000000001E-004   2.1399999999999999E-002  0.14419999999999999       0.41239999999999999       0.42180000000000001     
   99.000000000000000       0.14018556197155757        2.0000000000000001E-004   2.1399999999999999E-002  0.14419999999999999       0.41099999999999998       0.42320000000000002     
   100.00000000000000       0.13575772701529193        2.0000000000000001E-004   2.1200000000000000E-002  0.14419999999999999       0.41120000000000001       0.42320000000000002     
   101.00000000000000       0.13161639290528759        2.0000000000000001E-004   2.1200000000000000E-002  0.14419999999999999       0.41120000000000001       0.42320000000000002     
   102.00000000000000       0.12871979845556072        2.0000000000000001E-004   2.0600000000000000E-002  0.14419999999999999       0.41020000000000001       0.42480000000000001     
   103.00000000000000       0.12682353669093488        2.0000000000000001E-004   2.0199999999999999E-002  0.14419999999999999       0.40660000000000002       0.42880000000000001     
   104.00000000000000       0.12509810864313825        2.0000000000000001E-004   2.0000000000000000E-002  0.14419999999999999       0.40660000000000002       0.42899999999999999     
   105.00000000000000       0.12588116860906118        2.0000000000000001E-004   2.0000000000000000E-002  0.14419999999999999       0.39500000000000002       0.44059999999999999     
   106.00000000000000       0.12854716009097877        2.0000000000000001E-004   4.8200000000000000E-002  0.11600000000000001       0.38379999999999997       0.45179999999999998     
   107.00000000000000       0.13422785846868962        2.0000000000000001E-004   4.8200000000000000E-002  0.11580000000000000       0.37559999999999999       0.46020000000000000     
   108.00000000000000       0.14272366057880900        2.0000000000000001E-004   4.8200000000000000E-002  0.11580000000000000       0.37559999999999999       0.46020000000000000     
   109.00000000000000       0.15251621906726537        0.0000000000000000        4.8399999999999999E-002  0.11580000000000000       0.37559999999999999       0.46020000000000000     
   110.00000000000000       0.16738498877960975        0.0000000000000000        4.6399999999999997E-002  0.11580000000000000       0.37380000000000002       0.46400000000000002     
   111.00000000000000       0.18596299394399465        0.0000000000000000        4.2200000000000001E-002  0.11080000000000000       0.37859999999999999       0.46839999999999998     
   112.00000000000000       0.20208003104731204        0.0000000000000000        4.2200000000000001E-002  0.11060000000000000       0.37840000000000001       0.46879999999999999     
   113.00000000000000       0.21866695217967808        0.0000000000000000        4.2200000000000001E-002  0.10920000000000001       0.37859999999999999       0.46999999999999997     
   114.00000000000000       0.23547753543155539        0.0000000000000000        4.2000000000000003E-002  0.10879999999999999       0.37300000000000000       0.47620000000000001     
   115.00000000000000       0.25067443729690769        0.0000000000000000        4.2000000000000003E-002  0.10820000000000000       0.37300000000000000       0.47680000000000000     
   116.00000000000000       0.26469886835986339        0.0000000000000000        4.0800000000000003E-002  0.10860000000000000       0.37400000000000000       0.47660000000000002     
   117.00000000000000       0.27885042345050115        0.0000000000000000        3.8399999999999997E-002  0.10560000000000000       0.38279999999999997       0.47320000000000001     
   118.00000000000000       0.28994482128673726        0.0000000000000000        3.8199999999999998E-002  0.10500000000000000       0.38440000000000002       0.47239999999999999     
   119.00000000000000       0.29981061644046980        0.0000000000000000        3.7999999999999999E-002  0.10320000000000000       0.38840000000000002       0.47039999999999998     
   120.00000000000000       0.30785437093886669        0.0000000000000000        3.8600000000000002E-002   9.9400000000000002E-002  0.39160000000000000       0.47039999999999998     
   121.00000000000000       0.31477367815471713        0.0000000000000000        3.7999999999999999E-002   9.9400000000000002E-002  0.37559999999999999       0.48699999999999999     
   122.00000000000000       0.31857371912736837        0.0000000000000000        3.5000000000000003E-002  0.10199999999999999       0.37680000000000002       0.48620000000000002     
   123.00000000000000       0.31992393094153837        0.0000000000000000        3.4000000000000002E-002  0.10299999999999999       0.37780000000000002       0.48520000000000002     
   124.00000000000000       0.31943914530179318        0.0000000000000000        3.3599999999999998E-002  0.10160000000000000       0.37859999999999999       0.48620000000000002     
   125.00000000000000       0.31937597371719328        0.0000000000000000        3.0599999999999999E-002  0.10199999999999999       0.37100000000000000       0.49640000000000001     
   126.00000000000000       0.31548740381079116        0.0000000000000000        3.0400000000000000E-002  0.10000000000000001       0.37119999999999997       0.49840000000000001     
   127.00000000000000       0.30881833070752263        0.0000000000000000        3.0200000000000001E-002  0.10000000000000001       0.37140000000000001       0.49840000000000001     
   128.00000000000000       0.30091965822087902        7.6000000000000000E-003   2.2599999999999999E-002   9.9599999999999994E-002  0.37140000000000001       0.49880000000000002     
   129.00000000000000       0.29227325716298203        7.6000000000000000E-003   2.2599999999999999E-002   9.8199999999999996E-002  0.37280000000000002       0.49880000000000002     
   130.00000000000000       0.28266879378093179        7.6000000000000000E-003   2.2599999999999999E-002   9.8400000000000001E-002  0.37180000000000002       0.49959999999999999     
   131.00000000000000       0.27251524369194541        7.4000000000000003E-003   2.2800000000000001E-002  0.10199999999999999       0.36820000000000003       0.49959999999999999     
   132.00000000000000       0.25882266468029830        7.4000000000000003E-003   2.2800000000000001E-002  0.10059999999999999       0.36620000000000003       0.50300000000000000     
   133.00000000000000       0.25822153516165181        7.4000000000000003E-003   8.0000000000000004E-004  0.12340000000000000       0.36140000000000000       0.50700000000000001     
   134.00000000000000       0.25384389311015149        7.4000000000000003E-003   1.1999999999999999E-003  0.12340000000000000       0.36099999999999999       0.50700000000000001     
   135.00000000000000       0.25041429314314578        7.4000000000000003E-003   1.1999999999999999E-003  0.13680000000000000       0.34760000000000002       0.50700000000000001     
   136.00000000000000       0.24788387814991514        7.4000000000000003E-003   1.1999999999999999E-003  0.13560000000000000       0.34760000000000002       0.50819999999999999     
   137.00000000000000       0.24424886588435207        7.4000000000000003E-003   1.1999999999999999E-003  0.13439999999999999       0.34760000000000002       0.50939999999999996     
   138.00000000000000       0.23733084511439578        7.4000000000000003E-003   1.1999999999999999E-003  0.13439999999999999       0.34760000000000002       0.50939999999999996     
   139.00000000000000       0.22659230764991792        7.4000000000000003E-003   1.1999999999999999E-003  0.13400000000000001       0.34760000000000002       0.50980000000000003     
   140.00000000000000       0.21638033018010799        7.4000000000000003E-003   1.1999999999999999E-003  0.12980000000000000       0.34799999999999998       0.51359999999999995     
   141.00000000000000       0.20691139544333542        7.4000000000000003E-003   1.0000000000000000E-003  0.42520000000000002        4.2599999999999999E-002  0.52380000000000004     
   142.00000000000000       0.19143992087776082        7.4000000000000003E-003   1.0000000000000000E-003  0.42520000000000002        4.2400000000000000E-002  0.52400000000000002     
   143.00000000000000       0.17576216976502479        7.4000000000000003E-003   1.0000000000000000E-003  0.42520000000000002        4.1200000000000001E-002  0.52520000000000000     
   144.00000000000000       0.15901361748935089        7.4000000000000003E-003   0.0000000000000000       0.42620000000000002        4.0599999999999997E-002  0.52580000000000005     
   145.00000000000000       0.16460971585293674        7.4000000000000003E-003   0.0000000000000000       0.40139999999999998        6.4600000000000005E-002  0.52659999999999996     
   146.00000000000000       0.16984383318137414        7.4000000000000003E-003   0.0000000000000000       0.40320000000000000        6.2799999999999995E-002  0.52659999999999996     
   147.00000000000000       0.17786644536264751        7.4000000000000003E-003   0.0000000000000000       0.40200000000000002        5.9999999999999998E-002  0.53059999999999996     
   148.00000000000000       0.18454263977754129        7.4000000000000003E-003   0.0000000000000000       0.40139999999999998        5.9999999999999998E-002  0.53120000000000001     
   149.00000000000000       0.19130798124038056        3.2000000000000002E-003   4.1999999999999997E-003  0.39820000000000000        6.3200000000000006E-002  0.53120000000000001     
   150.00000000000000       0.20027716990816222        3.2000000000000002E-003   4.1999999999999997E-003  0.39739999999999998        6.2600000000000003E-002  0.53259999999999996     
   151.00000000000000       0.21011521319993728        3.2000000000000002E-003   4.1999999999999997E-003  0.39839999999999998        6.1199999999999997E-002  0.53300000000000003     
   152.00000000000000       0.22376206432840934        3.2000000000000002E-003   4.1999999999999997E-003  0.39860000000000001        6.0800000000000000E-002  0.53320000000000001     
   153.00000000000000       0.23468732486070079        2.8000000000000000E-003   4.1999999999999997E-003  0.39920000000000000        6.0600000000000001E-002  0.53320000000000001     
   154.00000000000000       0.23129514521776423        2.8000000000000000E-003   4.1999999999999997E-003  0.39260000000000000        6.6600000000000006E-002  0.53380000000000005     
   155.00000000000000       0.23502340618548276        2.8000000000000000E-003   4.1999999999999997E-003  0.38779999999999998        7.0199999999999999E-002  0.53500000000000003     
   156.00000000000000       0.27636903342967095        2.8000000000000000E-003   4.1999999999999997E-003  0.38840000000000002        6.9599999999999995E-002  0.53500000000000003     
   157.00000000000000       0.31178256677933897        2.8000000000000000E-003   4.1999999999999997E-003  0.38819999999999999        6.9599999999999995E-002  0.53520000000000001     
   158.00000000000000       0.34616534721620829        2.8000000000000000E-003   4.1999999999999997E-003  0.34799999999999998       0.10780000000000001       0.53720000000000001     
   159.00000000000000       0.34851371055844893        2.8000000000000000E-003   4.1999999999999997E-003  0.31019999999999998       0.14480000000000001       0.53800000000000003     
   160.00000000000000       0.35693612041488643        1.0000000000000000E-003   5.7999999999999996E-003  0.31080000000000002       0.14440000000000000       0.53800000000000003     
   161.00000000000000       0.27368097545321096        0.0000000000000000        6.1999999999999998E-003  0.20000000000000001       0.14399999999999999       0.64980000000000004     
   162.00000000000000        1.4655474158352471        0.0000000000000000        5.5999999999999999E-003   0.0000000000000000       0.36159999999999998       0.63280000000000003     
   163.00000000000000        1.0754375343645795        0.0000000000000000        5.4000000000000003E-003   0.0000000000000000       0.35699999999999998       0.63759999999999994     
   164.00000000000000        1.0713203829730269        0.0000000000000000        5.4000000000000003E-003   0.0000000000000000       0.35599999999999998       0.63859999999999995     
   165.00000000000000        1.1386529412776238        2.0000000000000001E-004   4.5999999999999999E-003   4.0000000000000002E-004  0.21759999999999999       0.77720000000000000     
   166.00000000000000       0.49485195924646286        2.0000000000000001E-004   4.5999999999999999E-003   4.0000000000000002E-004  0.21720000000000000       0.77759999999999996     
   167.00000000000000       0.49927384221139337        2.0000000000000001E-004   4.5999999999999999E-003   4.0000000000000002E-004  0.21720000000000000       0.77759999999999996     
   168.00000000000000       0.50113752426539249        2.0000000000000001E-004   4.5999999999999999E-003   4.0000000000000002E-004  0.21440000000000001       0.78039999999999998     
   169.00000000000000       0.49962630221384818        2.0000000000000001E-004   4.5999999999999999E-003   4.0000000000000002E-004  0.21400000000000000       0.78080000000000005     
   170.00000000000000       0.49681342064232437        2.0000000000000001E-004   4.5999999999999999E-003   4.0000000000000002E-004  0.21299999999999999       0.78180000000000005     
   171.00000000000000       0.49161662461880673        2.0000000000000001E-004   4.5999999999999999E-003   4.0000000000000002E-004  0.21279999999999999       0.78200000000000003     
   172.00000000000000       0.48588501360680636        2.0000000000000001E-004   4.5999999999999999E-003   4.0000000000000002E-004  0.20480000000000001       0.79000000000000004     
   173.00000000000000       0.47778183600303792        2.0000000000000001E-004   4.5999999999999999E-003   4.0000000000000002E-004  0.20740000000000000       0.78739999999999999     
   174.00000000000000       0.46771789532490404        2.0000000000000001E-004   4.5999999999999999E-003   4.0000000000000002E-004  0.20960000000000001       0.78520000000000001     
   175.00000000000000       0.45643773864414827        2.0000000000000001E-004   4.5999999999999999E-003   4.0000000000000002E-004  0.20940000000000000       0.78539999999999999     
   176.00000000000000       0.44421566917999727        2.0000000000000001E-004   4.5999999999999999E-003   4.0000000000000002E-004  0.21260000000000001       0.78220000000000001     
   177.00000000000000       0.43122013829894879        2.0000000000000001E-004   4.5999999999999999E-003   4.0000000000000002E-004  0.21579999999999999       0.77900000000000003     
   178.00000000000000       0.41815213846072996        2.0000000000000001E-004   4.5999999999999999E-003   4.0000000000000002E-004  0.21279999999999999       0.78200000000000003     
   179.00000000000000       0.40465542098402940        2.0000000000000001E-004   4.5999999999999999E-003   4.0000000000000002E-004  0.21040000000000000       0.78439999999999999     
   180.00000000000000       0.39256849068294469        2.0000000000000001E-004   4.4000000000000003E-003   4.0000000000000002E-004  0.16719999999999999       0.82779999999999998     
   181.00000000000000       0.37790144021332206        2.0000000000000001E-004   4.4000000000000003E-003   4.0000000000000002E-004  0.21220000000000000       0.78280000000000005     
   182.00000000000000       0.36361893058862416        2.0000000000000001E-004   4.4000000000000003E-003   4.0000000000000002E-004  0.23460000000000000       0.76039999999999996     
   183.00000000000000       0.35107734098204313        2.0000000000000001E-004   4.1999999999999997E-003   4.0000000000000002E-004  0.23139999999999999       0.76380000000000003     
   184.00000000000000       0.33718803914746021        2.0000000000000001E-004   4.1999999999999997E-003   4.0000000000000002E-004  0.25940000000000002       0.73580000000000001     
   185.00000000000000       0.32513310748918112        2.0000000000000001E-004   4.0000000000000001E-003   2.0000000000000001E-004  0.23000000000000001       0.76559999999999995     
   186.00000000000000       0.31336054153307652        2.0000000000000001E-004   4.0000000000000001E-003   2.0000000000000001E-004  0.19480000000000000       0.80079999999999996     
   187.00000000000000       0.30121130576281724        0.0000000000000000        4.1999999999999997E-003   2.0000000000000001E-004  0.20440000000000000       0.79120000000000001     
   188.00000000000000       0.28934334699778641        0.0000000000000000        4.1999999999999997E-003   2.0000000000000001E-004  0.23080000000000001       0.76480000000000004     
   189.00000000000000       0.27945246331842577        0.0000000000000000        4.1999999999999997E-003   2.0000000000000001E-004  0.23840000000000000       0.75719999999999998     
   190.00000000000000       0.27219887095886486        0.0000000000000000        4.1999999999999997E-003   2.0000000000000001E-004  0.20660000000000001       0.78900000000000003     
   191.00000000000000       0.26549364524226826        0.0000000000000000        4.1999999999999997E-003   2.0000000000000001E-004  0.20260000000000000       0.79300000000000004     
   192.00000000000000       0.26081944918722633        0.0000000000000000        4.1999999999999997E-003   2.0000000000000001E-004  0.18679999999999999       0.80879999999999996     
   193.00000000000000       0.25749077183567498        0.0000000000000000        4.1999999999999997E-003   2.0000000000000001E-004  0.18559999999999999       0.81000000000000005     
   194.00000000000000       0.25517454288530195        0.0000000000000000        4.1999999999999997E-003   2.0000000000000001E-004  0.18079999999999999       0.81479999999999997     
   195.00000000000000       0.25494930078186562        0.0000000000000000        4.1999999999999997E-003   2.0000000000000001E-004  0.18060000000000001       0.81499999999999995     
   196.00000000000000       0.25628013619782286        0.0000000000000000        4.1999999999999997E-003   2.0000000000000001E-004  0.18079999999999999       0.81479999999999997     
   197.00000000000000       0.25829013178389565        0.0000000000000000        4.1999999999999997E-003   2.0000000000000001E-004  0.18099999999999999       0.81459999999999999     
   198.00000000000000       0.26375733863508499        0.0000000000000000        4.1999999999999997E-003   2.0000000000000001E-004  0.18120000000000000       0.81440000000000001     
   199.00000000000000       0.26961376872877368        0.0000000000000000        4.1999999999999997E-003   2.0000000000000001E-004  0.18020000000000000       0.81540000000000001     
   200.00000000000000       0.27728094718431368        0.0000000000000000        4.1999999999999997E-003   2.0000000000000001E-004  0.18220000000000000       0.81340000000000001     
   201.00000000000000       0.28632905304062378        0.0000000000000000        4.0000000000000001E-003   2.0000000000000001E-004  0.18300000000000000       0.81279999999999997     
   202.00000000000000       0.29661347613238165        0.0000000000000000        4.0000000000000001E-003   2.0000000000000001E-004  0.18360000000000001       0.81220000000000003     
   203.00000000000000       0.30818523635196227        0.0000000000000000        4.0000000000000001E-003   2.0000000000000001E-004  0.18320000000000000       0.81259999999999999     
   204.00000000000000       0.32085459442404091        0.0000000000000000        4.0000000000000001E-003   2.0000000000000001E-004  0.18320000000000000       0.81259999999999999     
   205.00000000000000       0.33419233853346009        0.0000000000000000        3.8000000000000000E-003   4.0000000000000002E-004  0.18340000000000001       0.81240000000000001     
   206.00000000000000       0.34771415591032501        0.0000000000000000        3.8000000000000000E-003   4.0000000000000002E-004  0.18340000000000001       0.81240000000000001     
   207.00000000000000       0.36162376176975658        0.0000000000000000        3.8000000000000000E-003   4.0000000000000002E-004  0.18120000000000000       0.81459999999999999     
   208.00000000000000       0.37534226907354856        0.0000000000000000        3.5999999999999999E-003   4.0000000000000002E-004  0.17680000000000001       0.81920000000000004     
   209.00000000000000       0.38792558648276476        0.0000000000000000        3.2000000000000002E-003   8.0000000000000004E-004  0.17680000000000001       0.81920000000000004     
   210.00000000000000       0.39932497719730697        0.0000000000000000        3.0000000000000001E-003   1.0000000000000000E-003  0.17680000000000001       0.81920000000000004     
   211.00000000000000       0.40937269790767594        0.0000000000000000        2.8000000000000000E-003   1.1999999999999999E-003  0.17680000000000001       0.81920000000000004     
   212.00000000000000       0.41731703344117904        0.0000000000000000        2.8000000000000000E-003   1.1999999999999999E-003  0.17620000000000000       0.81979999999999997     
   213.00000000000000       0.42391597531942060        0.0000000000000000        2.3999999999999998E-003   1.4000000000000000E-003  0.17399999999999999       0.82220000000000004     
   214.00000000000000       0.42752456613843315        0.0000000000000000        2.2000000000000001E-003   1.6000000000000001E-003  0.17399999999999999       0.82220000000000004     
   215.00000000000000       0.42924618473046078        0.0000000000000000        2.0000000000000000E-003   1.6000000000000001E-003  0.17280000000000001       0.82360000000000000     
   216.00000000000000       0.42872110550942361        0.0000000000000000        1.8000000000000000E-003   1.6000000000000001E-003  0.17180000000000001       0.82479999999999998     
