#        BMIN =   404
#        BMAX =   408
#     INIBAND =   406
#      NBANDS =   540
#         NSW =  2000
#       POTIM =   1.0
#        TEMP = 300.0
#    NAMDTINI =   615
#    NAMDTIME =  1000
#       NTRAJ =  5000
#        NELM =  1000
#       LHOLE =     T
#        LSHP =     T
#      LCPTXT =     T
#      RUNDIR = ../../run/
   1.0000000000000000       0.26893790208042118        0.0000000000000000        0.0000000000000000        1.0000000000000000        0.0000000000000000        0.0000000000000000     
   2.0000000000000000       0.25448476224266370        0.0000000000000000        0.0000000000000000       0.99819999999999998        0.0000000000000000        1.8000000000000000E-003
   3.0000000000000000       0.23688017178198092        0.0000000000000000        0.0000000000000000       0.99819999999999998        0.0000000000000000        1.8000000000000000E-003
   4.0000000000000000       0.21791407911117264        0.0000000000000000        0.0000000000000000       0.99819999999999998        0.0000000000000000        1.8000000000000000E-003
   5.0000000000000000       0.19702088636473664        0.0000000000000000        5.9999999999999995E-004  0.99760000000000004        0.0000000000000000        1.8000000000000000E-003
   6.0000000000000000       0.17480781902862452        0.0000000000000000        2.0000000000000001E-004  0.99800000000000000        0.0000000000000000        1.8000000000000000E-003
   7.0000000000000000       0.15161853881599638        0.0000000000000000        2.0000000000000001E-004  0.99800000000000000        0.0000000000000000        1.8000000000000000E-003
   8.0000000000000000       0.12906411575734419        0.0000000000000000        4.5999999999999999E-003  0.99360000000000004        0.0000000000000000        1.8000000000000000E-003
   9.0000000000000000       0.11716872765933403        0.0000000000000000        5.1999999999999998E-002  0.94599999999999995        2.0000000000000001E-004   1.8000000000000000E-003
   10.000000000000000       0.11685486580305995        0.0000000000000000        4.2400000000000000E-002  0.95540000000000003        4.0000000000000002E-004   1.8000000000000000E-003
   11.000000000000000       0.11865395580222807        0.0000000000000000        3.4400000000000000E-002  0.96260000000000001        1.0000000000000000E-003   2.0000000000000000E-003
   12.000000000000000       0.11944262720758407        0.0000000000000000        3.4400000000000000E-002  0.95840000000000003        5.1999999999999998E-003   2.0000000000000000E-003
   13.000000000000000       0.11715237808410786        0.0000000000000000        3.4400000000000000E-002  0.95299999999999996        1.0400000000000000E-002   2.2000000000000001E-003
   14.000000000000000       0.10956732603587523        0.0000000000000000        3.4400000000000000E-002  0.95299999999999996        8.0000000000000002E-003   4.5999999999999999E-003
   15.000000000000000        9.8325999877190429E-002   2.0000000000000001E-004   3.4200000000000001E-002  0.94960000000000000        8.3999999999999995E-003   7.6000000000000000E-003
   16.000000000000000        8.3314852957059163E-002   0.0000000000000000        3.3399999999999999E-002  0.94940000000000002        9.5999999999999992E-003   7.6000000000000000E-003
   17.000000000000000        6.5323904112586831E-002   0.0000000000000000        3.3200000000000000E-002  0.94920000000000004        9.7999999999999997E-003   7.7999999999999996E-003
   18.000000000000000        4.6683382514237357E-002   4.1999999999999997E-003   2.9000000000000001E-002  0.94679999999999997        1.0600000000000000E-002   9.4000000000000004E-003
   19.000000000000000        2.8549701081414060E-002   4.1999999999999997E-003   2.9000000000000001E-002  0.94579999999999997        1.0400000000000000E-002   1.0600000000000000E-002
   20.000000000000000        1.1400390298141289E-002   4.1999999999999997E-003   2.3400000000000001E-002  0.95099999999999996        1.0400000000000000E-002   1.0999999999999999E-002
   21.000000000000000       -1.7282324834875535E-003   2.8000000000000000E-003   2.4799999999999999E-002  0.95099999999999996        1.0000000000000000E-002   1.1400000000000000E-002
   22.000000000000000        3.9320885999653339E-002   2.8000000000000000E-003   2.4600000000000000E-002  0.95099999999999996        1.0000000000000000E-002   1.1599999999999999E-002
   23.000000000000000        7.7749594474547157E-002   2.0000000000000000E-003   2.5399999999999999E-002  0.95099999999999996        1.0000000000000000E-002   1.1599999999999999E-002
   24.000000000000000       0.11257266280895167        1.8000000000000000E-003   2.5600000000000001E-002  0.95099999999999996        1.0000000000000000E-002   1.1599999999999999E-002
   25.000000000000000       0.14173589388961477        1.8000000000000000E-003   2.4799999999999999E-002  0.95099999999999996        1.0400000000000000E-002   1.2000000000000000E-002
   26.000000000000000       0.16633652913686653        1.8000000000000000E-003   2.4799999999999999E-002  0.95099999999999996        1.0400000000000000E-002   1.2000000000000000E-002
   27.000000000000000       0.18234240923447378        1.8000000000000000E-003   2.4799999999999999E-002  0.95099999999999996        1.0400000000000000E-002   1.2000000000000000E-002
   28.000000000000000       0.19134560646039059        1.8000000000000000E-003   2.4799999999999999E-002  0.95099999999999996        1.0400000000000000E-002   1.2000000000000000E-002
   29.000000000000000       0.19265201848879424        1.8000000000000000E-003   2.4799999999999999E-002  0.95099999999999996        1.0400000000000000E-002   1.2000000000000000E-002
   30.000000000000000       0.18416513692427297        1.8000000000000000E-003   2.4799999999999999E-002  0.95099999999999996        1.0400000000000000E-002   1.2000000000000000E-002
   31.000000000000000       0.16857683193482537        1.8000000000000000E-003   2.3800000000000002E-002  0.95099999999999996        1.1400000000000000E-002   1.2000000000000000E-002
   32.000000000000000       0.14418814837274760        1.8000000000000000E-003   2.3800000000000002E-002  0.95099999999999996        1.1400000000000000E-002   1.2000000000000000E-002
   33.000000000000000       0.11358253430186312        1.8000000000000000E-003   2.3400000000000001E-002  0.95099999999999996        1.1800000000000000E-002   1.2000000000000000E-002
   34.000000000000000        7.6467933839552998E-002   1.4000000000000000E-003   2.3599999999999999E-002  0.95099999999999996        1.2000000000000000E-002   1.2000000000000000E-002
   35.000000000000000        3.4413431610005887E-002   1.4000000000000000E-003   2.4199999999999999E-002  0.94820000000000004        1.3599999999999999E-002   1.2600000000000000E-002
   36.000000000000000        2.5315487504843668E-002   1.4000000000000000E-003   2.4199999999999999E-002  0.94760000000000000        1.4200000000000001E-002   1.2600000000000000E-002
   37.000000000000000        3.0878976905398002E-002   1.4000000000000000E-003   2.4199999999999999E-002  0.94760000000000000        1.4200000000000001E-002   1.2600000000000000E-002
   38.000000000000000        3.5564150279702847E-002   1.4000000000000000E-003   2.3800000000000002E-002  0.94799999999999995        1.3599999999999999E-002   1.3200000000000000E-002
   39.000000000000000        4.1021865348384562E-002   1.4000000000000000E-003   2.3599999999999999E-002  0.94779999999999998        1.4200000000000001E-002   1.2999999999999999E-002
   40.000000000000000        4.5417307787777202E-002   1.4000000000000000E-003   2.1800000000000000E-002  0.94960000000000000        1.4200000000000001E-002   1.2999999999999999E-002
   41.000000000000000        5.3642318693486964E-002   1.4000000000000000E-003   2.1600000000000001E-002  0.94960000000000000        1.4400000000000000E-002   1.2999999999999999E-002
   42.000000000000000        7.2871206018766371E-002   1.4000000000000000E-003   2.5000000000000001E-002  0.94599999999999995        1.4999999999999999E-002   1.2600000000000000E-002
   43.000000000000000       0.11184612057477973        1.1999999999999999E-003   2.5399999999999999E-002  0.94540000000000002        1.5200000000000000E-002   1.2800000000000001E-002
   44.000000000000000       0.16237353016716449        1.1999999999999999E-003   2.5200000000000000E-002  0.92740000000000000        3.0400000000000000E-002   1.5800000000000002E-002
   45.000000000000000       0.19840378223071942        1.1999999999999999E-003   2.2800000000000001E-002  0.88819999999999999        7.1999999999999995E-002   1.5800000000000002E-002
   46.000000000000000       0.23386998530156586        1.1999999999999999E-003   2.2800000000000001E-002  0.86619999999999997        7.0800000000000002E-002   3.9000000000000000E-002
   47.000000000000000       0.28189978105069052        1.1999999999999999E-003   2.1000000000000001E-002  0.78239999999999998       0.12479999999999999        7.0599999999999996E-002
   48.000000000000000       0.42724352903748486        1.1999999999999999E-003   2.1000000000000001E-002  0.78239999999999998       0.12479999999999999        7.0599999999999996E-002
   49.000000000000000       0.56928917048259919        1.1999999999999999E-003   2.1800000000000000E-002  0.29120000000000001       0.56399999999999995       0.12180000000000001     
   50.000000000000000       0.37754732244958888        1.1999999999999999E-003   2.0199999999999999E-002  0.29120000000000001       0.56559999999999999       0.12180000000000001     
   51.000000000000000       0.47399032072933561        2.0000000000000001E-004   2.0199999999999999E-002  0.29039999999999999       0.56659999999999999       0.12260000000000000     
   52.000000000000000        6.9764917272221311E-002   2.0000000000000001E-004   2.0199999999999999E-002  0.28899999999999998       0.56659999999999999       0.12400000000000000     
   53.000000000000000       0.40268710819038556        2.0000000000000001E-004   2.0000000000000000E-002  0.28760000000000002       0.55520000000000003       0.13700000000000001     
   54.000000000000000       0.42749693687759488        2.0000000000000001E-004   1.4999999999999999E-002  0.22620000000000001       0.61240000000000006       0.14620000000000000     
   55.000000000000000       0.75609657949473497        2.0000000000000001E-004   1.4999999999999999E-002  0.22620000000000001       0.61240000000000006       0.14620000000000000     
   56.000000000000000       0.78071918047001909        2.0000000000000001E-004   1.4800000000000001E-002  0.22300000000000000       0.60740000000000005       0.15459999999999999     
   57.000000000000000       0.81318913849528895        2.0000000000000001E-004   1.4600000000000000E-002  0.22220000000000001       0.60740000000000005       0.15559999999999999     
   58.000000000000000       0.82790185757653634        2.0000000000000001E-004   1.4800000000000001E-002  0.22100000000000000       0.60740000000000005       0.15659999999999999     
   59.000000000000000       0.82322567084110365        2.0000000000000001E-004   1.4800000000000001E-002  0.22100000000000000       0.60740000000000005       0.15659999999999999     
   60.000000000000000       0.83828264193678614        2.0000000000000001E-004   1.4600000000000000E-002  0.22120000000000001       0.57420000000000004       0.18980000000000000     
   61.000000000000000       0.82474269269920764        2.0000000000000001E-004   1.4600000000000000E-002  0.21420000000000000       0.58120000000000005       0.18980000000000000     
   62.000000000000000       0.83411698983527094        2.0000000000000001E-004   1.4600000000000000E-002  0.21379999999999999       0.58120000000000005       0.19020000000000001     
   63.000000000000000       0.82443504614059493        2.0000000000000001E-004   1.4000000000000000E-002  0.20999999999999999       0.58060000000000000       0.19520000000000001     
   64.000000000000000       0.81210974362952171        2.0000000000000001E-004   1.3599999999999999E-002  0.21040000000000000       0.58060000000000000       0.19520000000000001     
   65.000000000000000       0.78798247873853100        2.0000000000000001E-004   1.3599999999999999E-002  0.21040000000000000       0.58060000000000000       0.19520000000000001     
   66.000000000000000       0.76266563556050415        2.0000000000000001E-004   1.3599999999999999E-002  0.20940000000000000       0.58140000000000003       0.19539999999999999     
   67.000000000000000       0.80634783126852039        2.0000000000000001E-004   1.3200000000000000E-002  0.19939999999999999       0.59160000000000001       0.19560000000000000     
   68.000000000000000       0.73504855431536398        4.0000000000000002E-004   1.2800000000000001E-002  0.19960000000000000       0.58379999999999999       0.20340000000000000     
   69.000000000000000       0.70187202697254980        4.0000000000000002E-004   1.2600000000000000E-002   5.2800000000000000E-002  0.73080000000000001       0.20340000000000000     
   70.000000000000000       0.62215907322495323        4.0000000000000002E-004   9.4000000000000004E-003   1.6600000000000000E-002  0.37280000000000002       0.60080000000000000     
   71.000000000000000       0.86401043101632713        4.0000000000000002E-004   7.7999999999999996E-003   1.7000000000000001E-002  0.37380000000000002       0.60099999999999998     
   72.000000000000000        1.0611854387137303        4.0000000000000002E-004   7.4000000000000003E-003   1.5400000000000000E-002  0.37580000000000002       0.60099999999999998     
   73.000000000000000       0.85752382902916569        4.0000000000000002E-004   7.1999999999999998E-003   1.4999999999999999E-002  0.37619999999999998       0.60119999999999996     
   74.000000000000000       0.83174521092736553        4.0000000000000002E-004   7.1999999999999998E-003   0.0000000000000000       0.38800000000000001       0.60440000000000005     
   75.000000000000000       0.93366691528045054        4.0000000000000002E-004   7.1999999999999998E-003   5.9999999999999995E-004  0.30980000000000002       0.68200000000000005     
   76.000000000000000       0.84795904422445423        4.0000000000000002E-004   7.1999999999999998E-003   6.4000000000000003E-003  0.30380000000000001       0.68220000000000003     
   77.000000000000000       0.84160738303931648        4.0000000000000002E-004   7.1999999999999998E-003   1.4000000000000000E-003  0.30840000000000001       0.68259999999999998     
   78.000000000000000       0.83325683279359863        5.9999999999999995E-004   7.0000000000000001E-003   7.4000000000000003E-003  0.30240000000000000       0.68259999999999998     
   79.000000000000000       0.28650210747935539        5.9999999999999995E-004   7.0000000000000001E-003   7.1999999999999998E-003  0.30159999999999998       0.68359999999999999     
   80.000000000000000       0.26423395564570867        5.9999999999999995E-004   7.0000000000000001E-003   7.1999999999999998E-003  0.30159999999999998       0.68359999999999999     
   81.000000000000000       0.24422610416069418        5.9999999999999995E-004   6.7999999999999996E-003   6.7999999999999996E-003  0.30159999999999998       0.68420000000000003     
   82.000000000000000       0.22626236342976574        5.9999999999999995E-004   6.6000000000000000E-003   6.7999999999999996E-003  0.30180000000000001       0.68420000000000003     
   83.000000000000000       0.21058184423745721        4.0000000000000002E-004   6.6000000000000000E-003   6.7999999999999996E-003  0.30199999999999999       0.68420000000000003     
   84.000000000000000       0.19820461228520128        4.0000000000000002E-004   6.6000000000000000E-003   6.4000000000000003E-003  0.30099999999999999       0.68559999999999999     
   85.000000000000000       0.18851229037484227        4.0000000000000002E-004   6.6000000000000000E-003   6.4000000000000003E-003  0.30099999999999999       0.68559999999999999     
   86.000000000000000       0.18249039628576302        4.0000000000000002E-004   6.6000000000000000E-003   6.0000000000000001E-003  0.29999999999999999       0.68700000000000006     
   87.000000000000000       0.18015007352833629        4.0000000000000002E-004   6.6000000000000000E-003   5.5999999999999999E-003  0.30040000000000000       0.68700000000000006     
   88.000000000000000       0.18184509340901817        5.4000000000000003E-003   1.6000000000000001E-003   5.4000000000000003E-003  0.29980000000000001       0.68779999999999997     
   89.000000000000000       0.18691144971208787        5.4000000000000003E-003   1.6000000000000001E-003   4.4000000000000003E-003  0.30080000000000001       0.68779999999999997     
   90.000000000000000       0.19551520870850478        5.4000000000000003E-003   1.6000000000000001E-003   4.1999999999999997E-003  0.29980000000000001       0.68899999999999995     
   91.000000000000000       0.20651867328808443        5.1999999999999998E-003   1.6000000000000001E-003   4.1999999999999997E-003  0.29920000000000002       0.68979999999999997     
   92.000000000000000       0.22213825950774360        4.7999999999999996E-003   1.6000000000000001E-003   4.4000000000000003E-003  0.29220000000000002       0.69699999999999995     
   93.000000000000000       0.23740230186406114        4.7999999999999996E-003   1.6000000000000001E-003   4.4000000000000003E-003  0.29220000000000002       0.69699999999999995     
   94.000000000000000       0.25386451036133384        4.7999999999999996E-003   1.6000000000000001E-003   4.1999999999999997E-003  0.29220000000000002       0.69720000000000004     
   95.000000000000000       0.27033972965001057        4.7999999999999996E-003   1.6000000000000001E-003   4.1999999999999997E-003  0.28680000000000000       0.70260000000000000     
   96.000000000000000       0.29258842099659682        4.5999999999999999E-003   1.6000000000000001E-003   4.1999999999999997E-003  0.28380000000000000       0.70579999999999998     
   97.000000000000000       0.30948387889368101        4.5999999999999999E-003   1.6000000000000001E-003   4.0000000000000001E-003  0.28380000000000000       0.70599999999999996     
   98.000000000000000       0.32718245410484542        4.5999999999999999E-003   1.6000000000000001E-003   4.0000000000000001E-003  0.27920000000000000       0.71060000000000001     
   99.000000000000000       0.34711421076363103        4.5999999999999999E-003   1.6000000000000001E-003   3.8000000000000000E-003  0.27939999999999998       0.71060000000000001     
   100.00000000000000       0.36495580004275990        4.5999999999999999E-003   1.6000000000000001E-003   3.8000000000000000E-003  0.27939999999999998       0.71060000000000001     
   101.00000000000000       0.38085552269573930        4.5999999999999999E-003   1.6000000000000001E-003   3.8000000000000000E-003  0.27939999999999998       0.71060000000000001     
   102.00000000000000       0.39705860545067134        4.5999999999999999E-003   1.6000000000000001E-003   4.0000000000000001E-003  0.27920000000000000       0.71060000000000001     
   103.00000000000000       0.40978489828841735        4.5999999999999999E-003   1.6000000000000001E-003   4.0000000000000001E-003  0.27900000000000003       0.71079999999999999     
   104.00000000000000       0.42151525275059831        4.0000000000000001E-003   2.2000000000000001E-003   4.0000000000000001E-003  0.27900000000000003       0.71079999999999999     
   105.00000000000000       0.42920555399382243        4.0000000000000001E-003   2.2000000000000001E-003   4.0000000000000001E-003  0.27900000000000003       0.71079999999999999     
   106.00000000000000       0.44340907116701078        4.0000000000000001E-003   2.2000000000000001E-003   4.0000000000000001E-003  0.27900000000000003       0.71079999999999999     
   107.00000000000000       0.45185993729074414        4.0000000000000001E-003   2.2000000000000001E-003   4.0000000000000001E-003  0.27900000000000003       0.71079999999999999     
   108.00000000000000       0.45905228099269346        4.0000000000000001E-003   2.2000000000000001E-003   4.0000000000000001E-003  0.27900000000000003       0.71079999999999999     
   109.00000000000000       0.46516369188383921        4.0000000000000001E-003   2.2000000000000001E-003   1.6000000000000001E-003  0.28139999999999998       0.71079999999999999     
   110.00000000000000       0.47210095844615413        4.0000000000000001E-003   1.8000000000000000E-003   2.2000000000000001E-003  0.27720000000000000       0.71479999999999999     
   111.00000000000000       0.47716640565355595        4.0000000000000001E-003   1.8000000000000000E-003   2.2000000000000001E-003  0.27500000000000002       0.71699999999999997     
   112.00000000000000       0.48066406903611791        4.0000000000000001E-003   1.8000000000000000E-003   2.3999999999999998E-003  0.27479999999999999       0.71699999999999997     
   113.00000000000000       0.48358698589397831        4.0000000000000001E-003   1.6000000000000001E-003   2.5999999999999999E-003  0.27460000000000001       0.71719999999999995     
   114.00000000000000       0.48573614298396062        4.0000000000000001E-003   1.6000000000000001E-003   2.2000000000000001E-003  0.27479999999999999       0.71740000000000004     
   115.00000000000000       0.48722391541650173        4.0000000000000001E-003   1.6000000000000001E-003   2.2000000000000001E-003  0.27479999999999999       0.71740000000000004     
   116.00000000000000       0.48839826418952320        4.0000000000000001E-003   1.6000000000000001E-003   1.8000000000000000E-003  0.27260000000000001       0.71999999999999997     
   117.00000000000000       0.48982148262265274        2.3999999999999998E-003   3.0000000000000001E-003   1.8000000000000000E-003  0.27279999999999999       0.71999999999999997     
   118.00000000000000       0.49047075951522479        2.3999999999999998E-003   3.0000000000000001E-003   1.8000000000000000E-003  0.27300000000000002       0.71980000000000000     
   119.00000000000000       0.49131961449334183        2.3999999999999998E-003   3.0000000000000001E-003   1.8000000000000000E-003  0.27300000000000002       0.71980000000000000     
   120.00000000000000       0.49545212265206257        2.3999999999999998E-003   3.0000000000000001E-003   1.8000000000000000E-003  0.26919999999999999       0.72360000000000002     
   121.00000000000000       0.50208573991265670        2.3999999999999998E-003   3.0000000000000001E-003   1.8000000000000000E-003  0.26840000000000003       0.72440000000000004     
   122.00000000000000       0.51078567581102874        2.3999999999999998E-003   3.0000000000000001E-003   1.8000000000000000E-003  0.26819999999999999       0.72460000000000002     
   123.00000000000000       0.52073223561705251        2.3999999999999998E-003   1.8000000000000000E-003   3.0000000000000001E-003  0.26819999999999999       0.72460000000000002     
   124.00000000000000       0.52969733542870368        2.3999999999999998E-003   1.8000000000000000E-003   3.0000000000000001E-003  0.26800000000000002       0.72480000000000000     
   125.00000000000000       0.53852952171461954        1.8000000000000000E-003   1.8000000000000000E-003   2.8000000000000000E-003  0.26860000000000001       0.72499999999999998     
   126.00000000000000        1.0785696869703121        1.8000000000000000E-003   1.6000000000000001E-003   2.8000000000000000E-003  0.22600000000000001       0.76780000000000004     
   127.00000000000000        1.6945759303121082        1.8000000000000000E-003   1.1999999999999999E-003   2.8000000000000000E-003  0.22140000000000001       0.77280000000000004     
   128.00000000000000        1.5668356565486103        1.8000000000000000E-003   1.1999999999999999E-003   2.8000000000000000E-003  0.22140000000000001       0.77280000000000004     
   129.00000000000000        1.6788179367377798        1.8000000000000000E-003   1.1999999999999999E-003   2.8000000000000000E-003  0.21859999999999999       0.77559999999999996     
   130.00000000000000        1.3973712017568500        1.8000000000000000E-003   1.1999999999999999E-003   2.5999999999999999E-003  0.21879999999999999       0.77559999999999996     
   131.00000000000000        1.6490415152148961        1.8000000000000000E-003   1.1999999999999999E-003   2.2000000000000001E-003  0.21920000000000001       0.77559999999999996     
   132.00000000000000        1.0587089802176812        1.8000000000000000E-003   8.0000000000000004E-004   2.0000000000000000E-003  0.20920000000000000       0.78620000000000001     
   133.00000000000000       0.50756018642273271        1.8000000000000000E-003   8.0000000000000004E-004   2.0000000000000000E-003  0.20920000000000000       0.78620000000000001     
   134.00000000000000       0.48230938205540524        1.8000000000000000E-003   8.0000000000000004E-004   2.0000000000000000E-003  0.20920000000000000       0.78620000000000001     
   135.00000000000000       0.45293964823362554        1.8000000000000000E-003   5.9999999999999995E-004   2.3999999999999998E-003  0.20899999999999999       0.78620000000000001     
   136.00000000000000       0.42050426135885033        1.8000000000000000E-003   5.9999999999999995E-004   2.2000000000000001E-003  0.20920000000000000       0.78620000000000001     
   137.00000000000000       0.38488692584865375        1.8000000000000000E-003   5.9999999999999995E-004   2.2000000000000001E-003  0.20920000000000000       0.78620000000000001     
   138.00000000000000       0.34620699667143789        1.8000000000000000E-003   5.9999999999999995E-004   5.5999999999999999E-003  0.20580000000000001       0.78620000000000001     
   139.00000000000000       0.31036996066678568        0.0000000000000000        2.2000000000000001E-003   4.1999999999999997E-003  0.20699999999999999       0.78659999999999997     
   140.00000000000000       0.27660258616160238        0.0000000000000000        2.2000000000000001E-003   4.0000000000000001E-003  0.20720000000000000       0.78659999999999997     
   141.00000000000000       0.24473201491745003        0.0000000000000000        2.2000000000000001E-003   3.8000000000000000E-003  0.20720000000000000       0.78680000000000005     
   142.00000000000000       0.21737257912730246        0.0000000000000000        2.2000000000000001E-003   3.8000000000000000E-003  0.20720000000000000       0.78680000000000005     
   143.00000000000000       0.19633241333485393        0.0000000000000000        2.2000000000000001E-003   3.8000000000000000E-003  0.20720000000000000       0.78680000000000005     
   144.00000000000000       0.18224410207719940        0.0000000000000000        2.5999999999999999E-003   3.3999999999999998E-003  0.20720000000000000       0.78680000000000005     
   145.00000000000000       0.17856403425932171        0.0000000000000000        2.5999999999999999E-003   3.3999999999999998E-003  0.20360000000000000       0.79039999999999999     
   146.00000000000000       0.17824199020551265        0.0000000000000000        2.5999999999999999E-003   3.0000000000000001E-003  0.22680000000000000       0.76759999999999995     
   147.00000000000000       0.18372140468364120        0.0000000000000000        2.5999999999999999E-003   3.0000000000000001E-003  0.22620000000000001       0.76819999999999999     
   148.00000000000000       0.19052650303562288        0.0000000000000000        2.5999999999999999E-003   3.0000000000000001E-003  0.22739999999999999       0.76700000000000002     
   149.00000000000000       0.19712223799074352        0.0000000000000000        2.5999999999999999E-003   2.2000000000000001E-003  0.22860000000000000       0.76659999999999995     
   150.00000000000000       0.20298487919910346        0.0000000000000000        2.5999999999999999E-003   2.2000000000000001E-003  0.22780000000000000       0.76739999999999997     
   151.00000000000000       0.20755808189719402        0.0000000000000000        2.5999999999999999E-003   2.2000000000000001E-003  0.22880000000000000       0.76639999999999997     
   152.00000000000000       0.21142034078435976        0.0000000000000000        2.5999999999999999E-003   2.2000000000000001E-003  0.22739999999999999       0.76780000000000004     
   153.00000000000000       0.21389464977310357        0.0000000000000000        2.0000000000000000E-003   2.8000000000000000E-003  0.22780000000000000       0.76739999999999997     
   154.00000000000000       0.21469812192296400        0.0000000000000000        2.0000000000000000E-003   2.8000000000000000E-003  0.23000000000000001       0.76519999999999999     
   155.00000000000000       0.21475875452177362        0.0000000000000000        2.0000000000000000E-003   2.8000000000000000E-003  0.22960000000000000       0.76559999999999995     
   156.00000000000000       0.21427423744903992        0.0000000000000000        1.8000000000000000E-003   2.8000000000000000E-003  0.22939999999999999       0.76600000000000001     
   157.00000000000000       0.21282898288481270        0.0000000000000000        1.6000000000000001E-003   2.8000000000000000E-003  0.22860000000000000       0.76700000000000002     
   158.00000000000000       0.20926759449162111        0.0000000000000000        1.6000000000000001E-003   2.8000000000000000E-003  0.23000000000000001       0.76559999999999995     
   159.00000000000000       0.20523913593882220        0.0000000000000000        1.6000000000000001E-003   1.4000000000000000E-002  0.21859999999999999       0.76580000000000004     
   160.00000000000000       0.20365795048999402        0.0000000000000000        1.6000000000000001E-003   1.6199999999999999E-002  0.21859999999999999       0.76359999999999995     
   161.00000000000000       0.20569830481038492        1.4000000000000000E-003   2.0000000000000001E-004   1.5599999999999999E-002  0.21859999999999999       0.76419999999999999     
   162.00000000000000       0.20698401998391447        1.4000000000000000E-003   2.0000000000000001E-004   1.5599999999999999E-002  0.21859999999999999       0.76419999999999999     
   163.00000000000000       0.20697595865941937        1.4000000000000000E-003   2.0000000000000001E-004   1.5599999999999999E-002  0.21859999999999999       0.76419999999999999     
   164.00000000000000       0.20657188685237965        1.4000000000000000E-003   2.0000000000000001E-004   1.6000000000000000E-002  0.21859999999999999       0.76380000000000003     
   165.00000000000000       0.21616954694587670        1.0000000000000000E-003   5.9999999999999995E-004   1.6000000000000000E-002  0.21859999999999999       0.76380000000000003     
   166.00000000000000       0.20370258374459960        1.6000000000000001E-003   0.0000000000000000        1.6799999999999999E-002  0.21859999999999999       0.76300000000000001     
   167.00000000000000       0.21121683223234261        1.6000000000000001E-003   0.0000000000000000        1.6199999999999999E-002  0.21859999999999999       0.76359999999999995     
   168.00000000000000       0.19756559271347557        1.6000000000000001E-003   0.0000000000000000        1.7000000000000001E-002  0.21859999999999999       0.76280000000000003     
   169.00000000000000       0.19276139811003401        1.6000000000000001E-003   0.0000000000000000        3.8399999999999997E-002  0.19719999999999999       0.76280000000000003     
   170.00000000000000       0.19323029819140511        1.4000000000000000E-003   2.0000000000000001E-004   3.8399999999999997E-002  0.19600000000000001       0.76400000000000001     
   171.00000000000000       0.19293665562131410        1.4000000000000000E-003   2.0000000000000001E-004   3.8399999999999997E-002  0.19600000000000001       0.76400000000000001     
   172.00000000000000       0.19166264390854582        1.4000000000000000E-003   2.0000000000000001E-004   3.8399999999999997E-002  0.19520000000000001       0.76480000000000004     
   173.00000000000000       0.18999577888132943        1.4000000000000000E-003   2.0000000000000001E-004   3.8399999999999997E-002  0.19520000000000001       0.76480000000000004     
   174.00000000000000       0.18741458858272331        1.4000000000000000E-003   2.0000000000000001E-004   3.8399999999999997E-002  0.19500000000000001       0.76500000000000001     
   175.00000000000000       0.18626189490014841        1.4000000000000000E-003   2.0000000000000001E-004   3.7999999999999999E-002  0.19520000000000001       0.76519999999999999     
   176.00000000000000       0.18318509693770596        1.1999999999999999E-003   4.0000000000000002E-004   3.7999999999999999E-002  0.19439999999999999       0.76600000000000001     
   177.00000000000000       0.17993806836016576        1.1999999999999999E-003   4.0000000000000002E-004   3.7600000000000001E-002  0.19339999999999999       0.76739999999999997     
   178.00000000000000       0.17552087274509071        1.1999999999999999E-003   4.0000000000000002E-004   3.7600000000000001E-002  0.19339999999999999       0.76739999999999997     
   179.00000000000000       0.17091830258138341        1.1999999999999999E-003   4.0000000000000002E-004   3.7600000000000001E-002  0.19339999999999999       0.76739999999999997     
   180.00000000000000       0.16583185354583502        1.1999999999999999E-003   4.0000000000000002E-004   3.7199999999999997E-002  0.19380000000000000       0.76739999999999997     
   181.00000000000000       0.16087868097835262        1.1999999999999999E-003   4.0000000000000002E-004   3.7199999999999997E-002  0.19380000000000000       0.76739999999999997     
   182.00000000000000       0.15693223733495215        1.1999999999999999E-003   4.0000000000000002E-004   3.7400000000000003E-002  0.19339999999999999       0.76759999999999995     
   183.00000000000000       0.15403064216786408        1.4000000000000000E-003   2.0000000000000001E-004   3.7199999999999997E-002  0.19259999999999999       0.76859999999999995     
   184.00000000000000       0.15259771898533572        0.0000000000000000        1.6000000000000001E-003   3.7199999999999997E-002  0.19120000000000001       0.77000000000000002     
   185.00000000000000       0.15364731739518886        0.0000000000000000        1.6000000000000001E-003   3.7199999999999997E-002  0.18540000000000001       0.77580000000000005     
   186.00000000000000       0.15620722481773069        0.0000000000000000        1.6000000000000001E-003   3.7199999999999997E-002  0.18420000000000000       0.77700000000000002     
   187.00000000000000       0.16069772772668153        0.0000000000000000        1.6000000000000001E-003   3.6999999999999998E-002  0.18420000000000000       0.77720000000000000     
   188.00000000000000       0.16772717524517414        0.0000000000000000        1.6000000000000001E-003   3.6999999999999998E-002  0.18079999999999999       0.78059999999999996     
   189.00000000000000       0.17650015046746489        0.0000000000000000        1.6000000000000001E-003   3.6600000000000001E-002  0.18120000000000000       0.78059999999999996     
   190.00000000000000       0.18722542449080709        0.0000000000000000        1.6000000000000001E-003   3.6600000000000001E-002  0.18120000000000000       0.78059999999999996     
   191.00000000000000       0.19996276424225598        0.0000000000000000        1.6000000000000001E-003   3.6400000000000002E-002  0.17979999999999999       0.78220000000000001     
   192.00000000000000       0.21414976551460677        0.0000000000000000        1.6000000000000001E-003   3.6400000000000002E-002  0.17640000000000000       0.78559999999999997     
   193.00000000000000       0.22869699183568987        0.0000000000000000        1.6000000000000001E-003   3.6400000000000002E-002  0.17640000000000000       0.78559999999999997     
   194.00000000000000       0.24379452857406347        0.0000000000000000        1.6000000000000001E-003   3.6400000000000002E-002  0.17640000000000000       0.78559999999999997     
   195.00000000000000       0.25917309656509768        0.0000000000000000        1.6000000000000001E-003   3.6400000000000002E-002  0.17640000000000000       0.78559999999999997     
   196.00000000000000       0.27471136207191682        0.0000000000000000        1.6000000000000001E-003   3.6400000000000002E-002  0.17499999999999999       0.78700000000000003     
   197.00000000000000       0.28955797604853439        0.0000000000000000        1.4000000000000000E-003   3.6200000000000003E-002  0.17460000000000001       0.78779999999999994     
   198.00000000000000       0.30433098675884163        0.0000000000000000        1.4000000000000000E-003   3.5600000000000000E-002  0.17519999999999999       0.78779999999999994     
   199.00000000000000       0.31909301803380941        0.0000000000000000        1.4000000000000000E-003   3.5600000000000000E-002  0.17440000000000000       0.78859999999999997     
   200.00000000000000       0.33335163378004662        0.0000000000000000        1.4000000000000000E-003   3.5600000000000000E-002  0.17440000000000000       0.78859999999999997     
   201.00000000000000       0.34743983271825202        0.0000000000000000        1.4000000000000000E-003   3.4400000000000000E-002  0.17580000000000001       0.78839999999999999     
   202.00000000000000       0.36155636634110438        0.0000000000000000        1.4000000000000000E-003   3.3399999999999999E-002  0.17680000000000001       0.78839999999999999     
   203.00000000000000       0.37569372062819129        0.0000000000000000        1.4000000000000000E-003   3.3399999999999999E-002  0.17599999999999999       0.78920000000000001     
   204.00000000000000       0.39070364034260491        0.0000000000000000        1.4000000000000000E-003   3.3000000000000002E-002  0.17840000000000000       0.78720000000000001     
   205.00000000000000       0.40655141259571059        0.0000000000000000        1.4000000000000000E-003   3.3000000000000002E-002  0.18179999999999999       0.78380000000000005     
   206.00000000000000       0.42306970583952136        0.0000000000000000        1.4000000000000000E-003   3.3000000000000002E-002  0.18420000000000000       0.78139999999999998     
   207.00000000000000       0.44008476822290987        0.0000000000000000        1.4000000000000000E-003   3.3000000000000002E-002  0.18240000000000001       0.78320000000000001     
   208.00000000000000       0.45597901957713716        0.0000000000000000        1.1999999999999999E-003   3.1199999999999999E-002  0.18500000000000000       0.78259999999999996     
   209.00000000000000       0.46967063958075034        0.0000000000000000        1.1999999999999999E-003   3.1199999999999999E-002  0.18520000000000000       0.78239999999999998     
   210.00000000000000       0.48111702936237921        0.0000000000000000        1.1999999999999999E-003   3.1199999999999999E-002  0.18500000000000000       0.78259999999999996     
   211.00000000000000       0.49025192094678188        0.0000000000000000        1.1999999999999999E-003   3.1199999999999999E-002  0.18459999999999999       0.78300000000000003     
   212.00000000000000       0.49625787197737298        0.0000000000000000        1.1999999999999999E-003   3.1199999999999999E-002  0.18459999999999999       0.78300000000000003     
   213.00000000000000       0.50000087824285178        0.0000000000000000        1.1999999999999999E-003   3.1000000000000000E-002  0.18479999999999999       0.78300000000000003     
   214.00000000000000       0.50140255529183997        0.0000000000000000        1.1999999999999999E-003   3.1000000000000000E-002  0.18479999999999999       0.78300000000000003     
   215.00000000000000       0.49903193002318474        0.0000000000000000        1.1999999999999999E-003   3.0599999999999999E-002  0.18520000000000000       0.78300000000000003     
   216.00000000000000       0.49479154705608491        0.0000000000000000        1.1999999999999999E-003   3.0400000000000000E-002  0.18540000000000001       0.78300000000000003     
