#        BMIN =   404
#        BMAX =   408
#     INIBAND =   404
#      NBANDS =   540
#         NSW =  2000
#       POTIM =   1.0
#        TEMP = 300.0
#    NAMDTINI =   379
#    NAMDTIME =  1000
#       NTRAJ =  5000
#        NELM =  1000
#       LHOLE =     T
#        LSHP =     T
#      LCPTXT =     T
#      RUNDIR = ../../run/
   1.0000000000000000       -7.4169984512164944E-002   1.0000000000000000        0.0000000000000000        0.0000000000000000        0.0000000000000000        0.0000000000000000     
   2.0000000000000000       -7.1105513057540648E-002   1.0000000000000000        0.0000000000000000        0.0000000000000000        0.0000000000000000        0.0000000000000000     
   3.0000000000000000       -6.4944884641689321E-002   1.0000000000000000        0.0000000000000000        0.0000000000000000        0.0000000000000000        0.0000000000000000     
   4.0000000000000000       -5.7877594042402530E-002  0.99939999999999996        0.0000000000000000        0.0000000000000000        0.0000000000000000        5.9999999999999995E-004
   5.0000000000000000       -5.1135015597290202E-002  0.99460000000000004        4.0000000000000001E-003   0.0000000000000000        8.0000000000000004E-004   5.9999999999999995E-004
   6.0000000000000000       -4.5403218671336294E-002  0.99399999999999999        4.0000000000000001E-003   0.0000000000000000        8.0000000000000004E-004   1.1999999999999999E-003
   7.0000000000000000       -5.5617035485379919E-002  0.99199999999999999        4.0000000000000001E-003   1.1999999999999999E-003   8.0000000000000004E-004   2.0000000000000000E-003
   8.0000000000000000       -7.6960342998802334E-002  0.99199999999999999        4.0000000000000001E-003   5.9999999999999995E-004   8.0000000000000004E-004   2.5999999999999999E-003
   9.0000000000000000       -9.9160817015949351E-002  0.99180000000000001        4.1999999999999997E-003   5.9999999999999995E-004   8.0000000000000004E-004   2.5999999999999999E-003
   10.000000000000000      -0.12136114373671575       0.99119999999999997        4.1999999999999997E-003   5.9999999999999995E-004   1.1999999999999999E-003   2.8000000000000000E-003
   11.000000000000000      -0.14260505162987461       0.98960000000000004        4.4000000000000003E-003   5.9999999999999995E-004   1.1999999999999999E-003   4.1999999999999997E-003
   12.000000000000000      -0.16330121204054857       0.98839999999999995        4.1999999999999997E-003   4.0000000000000002E-004   1.1999999999999999E-003   5.7999999999999996E-003
   13.000000000000000      -0.18406759569517622       0.98839999999999995        4.1999999999999997E-003   4.0000000000000002E-004   1.1999999999999999E-003   5.7999999999999996E-003
   14.000000000000000      -0.20343360091575480       0.98760000000000003        4.1999999999999997E-003   5.9999999999999995E-004   1.1999999999999999E-003   6.4000000000000003E-003
   15.000000000000000      -0.22232363779646472       0.98740000000000006        4.1999999999999997E-003   8.0000000000000004E-004   1.1999999999999999E-003   6.4000000000000003E-003
   16.000000000000000      -0.24045502737889632       0.98740000000000006        4.1999999999999997E-003   8.0000000000000004E-004   1.1999999999999999E-003   6.4000000000000003E-003
   17.000000000000000      -0.25713352884686635       0.98740000000000006        4.1999999999999997E-003   8.0000000000000004E-004   1.1999999999999999E-003   6.4000000000000003E-003
   18.000000000000000      -0.26975290183158523       0.98719999999999997        4.1999999999999997E-003   8.0000000000000004E-004   1.1999999999999999E-003   6.6000000000000000E-003
   19.000000000000000      -0.27243316824134489       0.98699999999999999        4.1999999999999997E-003   8.0000000000000004E-004   1.4000000000000000E-003   6.6000000000000000E-003
   20.000000000000000      -0.27338934540623089       0.98699999999999999        4.1999999999999997E-003   1.0000000000000000E-003   1.1999999999999999E-003   6.6000000000000000E-003
   21.000000000000000      -0.27347594971590627       0.98660000000000003        4.1999999999999997E-003   1.4000000000000000E-003   1.1999999999999999E-003   6.6000000000000000E-003
   22.000000000000000      -0.27099326665686269       0.98560000000000003        4.1999999999999997E-003   1.0000000000000000E-003   1.4000000000000000E-003   7.7999999999999996E-003
   23.000000000000000      -0.26898702174700950       0.98460000000000003        1.4000000000000000E-003   3.8000000000000000E-003   1.8000000000000000E-003   8.3999999999999995E-003
   24.000000000000000      -0.26419598548921142       0.98360000000000003        1.4000000000000000E-003   3.8000000000000000E-003   2.8000000000000000E-003   8.3999999999999995E-003
   25.000000000000000      -0.25936722918248406       0.98180000000000001        2.8000000000000000E-003   2.3999999999999998E-003   4.5999999999999999E-003   8.3999999999999995E-003
   26.000000000000000      -0.25478401254476701       0.98160000000000003        2.8000000000000000E-003   2.5999999999999999E-003   4.5999999999999999E-003   8.3999999999999995E-003
   27.000000000000000      -0.24718105373284088       0.97999999999999998        2.8000000000000000E-003   2.3999999999999998E-003   4.5999999999999999E-003   1.0200000000000001E-002
   28.000000000000000      -0.24210803367418604       0.97840000000000005        4.1999999999999997E-003   2.3999999999999998E-003   4.5999999999999999E-003   1.0400000000000000E-002
   29.000000000000000      -0.23354572707735091       0.97760000000000002        4.0000000000000001E-003   3.0000000000000001E-003   4.5999999999999999E-003   1.0800000000000001E-002
   30.000000000000000      -0.22440058268252067       0.97519999999999996        4.7999999999999996E-003   3.2000000000000002E-003   4.5999999999999999E-003   1.2200000000000001E-002
   31.000000000000000      -0.21623894866745216       0.97519999999999996        4.5999999999999999E-003   3.2000000000000002E-003   4.5999999999999999E-003   1.2400000000000000E-002
   32.000000000000000      -0.20546768250282166       0.97519999999999996        4.5999999999999999E-003   3.2000000000000002E-003   4.5999999999999999E-003   1.2400000000000000E-002
   33.000000000000000      -0.19498818262008177       0.97380000000000000        4.0000000000000001E-003   7.0000000000000001E-003   2.8000000000000000E-003   1.2400000000000000E-002
   34.000000000000000      -0.18294655792226477       0.97160000000000002        5.0000000000000001E-003   7.0000000000000001E-003   4.0000000000000001E-003   1.2400000000000000E-002
   35.000000000000000      -0.16787671301995813       0.96919999999999995        5.0000000000000001E-003   7.0000000000000001E-003   6.0000000000000001E-003   1.2800000000000001E-002
   36.000000000000000      -0.14659939610142708       0.95579999999999998        5.1999999999999998E-003   7.0000000000000001E-003   1.9199999999999998E-002   1.2800000000000001E-002
   37.000000000000000      -0.12247220655106425       0.91820000000000002        2.5399999999999999E-002   2.3199999999999998E-002   2.0400000000000001E-002   1.2800000000000001E-002
   38.000000000000000      -0.10001416852466818       0.79059999999999997        9.2200000000000004E-002   8.0799999999999997E-002   2.3199999999999998E-002   1.3200000000000000E-002
   39.000000000000000      -0.11843656479313033       0.79059999999999997        9.3799999999999994E-002   7.8399999999999997E-002   2.3400000000000001E-002   1.3800000000000000E-002
   40.000000000000000      -0.14616040707423514       0.78659999999999997        8.5400000000000004E-002   8.8999999999999996E-002   2.3800000000000002E-002   1.5200000000000000E-002
   41.000000000000000      -0.15698373700466323       0.78700000000000003        8.5199999999999998E-002   8.6199999999999999E-002   2.4000000000000000E-002   1.7600000000000001E-002
   42.000000000000000      -0.14833487659136957       0.78180000000000005        8.5999999999999993E-002   8.9999999999999997E-002   2.4199999999999999E-002   1.7999999999999999E-002
   43.000000000000000      -0.13542540599978170       0.77920000000000000        8.7800000000000003E-002   8.9800000000000005E-002   2.3800000000000002E-002   1.9400000000000001E-002
   44.000000000000000      -0.12051765565341105       0.77939999999999998        8.5999999999999993E-002   9.0999999999999998E-002   2.3800000000000002E-002   1.9800000000000002E-002
   45.000000000000000      -0.10330880972437213       0.77959999999999996        8.4599999999999995E-002   9.0600000000000000E-002   2.4600000000000000E-002   2.0600000000000000E-002
   46.000000000000000       -8.8112943496763851E-002  0.77920000000000000        8.4800000000000000E-002   8.8999999999999996E-002   2.4600000000000000E-002   2.2400000000000000E-002
   47.000000000000000       -7.1690057869373242E-002  0.71179999999999999       0.14520000000000000        8.8800000000000004E-002   2.9200000000000000E-002   2.5000000000000001E-002
   48.000000000000000       -6.6468477763131931E-002  0.71299999999999997       0.14399999999999999        8.8599999999999998E-002   2.9399999999999999E-002   2.5000000000000001E-002
   49.000000000000000       -6.3389239542503362E-002  0.70579999999999998       0.14380000000000001        9.4399999999999998E-002   3.1000000000000000E-002   2.5000000000000001E-002
   50.000000000000000       -6.1288696022379199E-002  0.69560000000000000       0.14199999999999999       0.10460000000000000        3.1800000000000002E-002   2.5999999999999999E-002
   51.000000000000000       -6.2718684061933594E-002  0.69279999999999997       0.14180000000000001       0.10440000000000001        3.2800000000000003E-002   2.8199999999999999E-002
   52.000000000000000       -6.4371298435518906E-002  0.68379999999999996       0.14180000000000001       0.10960000000000000        3.5600000000000000E-002   2.9200000000000000E-002
   53.000000000000000       -7.0984649376617914E-002  0.68320000000000003       0.14180000000000001       0.10920000000000001        3.5999999999999997E-002   2.9800000000000000E-002
   54.000000000000000       -5.2583066527626454E-002  0.68320000000000003       0.13560000000000000       0.11440000000000000        3.6799999999999999E-002   2.9999999999999999E-002
   55.000000000000000       -2.0479567128580949E-002  0.68320000000000003       0.13180000000000000       0.11160000000000000        4.2000000000000003E-002   3.1399999999999997E-002
   56.000000000000000        1.1374675913008687E-002  0.68320000000000003       0.12540000000000001       0.10900000000000000        5.0999999999999997E-002   3.1399999999999997E-002
   57.000000000000000        3.9046839945907644E-002  0.80800000000000005        0.0000000000000000       0.10660000000000000        5.2800000000000000E-002   3.2599999999999997E-002
   58.000000000000000        3.1367169569221226E-002  0.80779999999999996        0.0000000000000000       0.10660000000000000        5.2200000000000003E-002   3.3399999999999999E-002
   59.000000000000000        1.6795648682627222E-002  0.80500000000000005        0.0000000000000000       0.10920000000000001        5.2200000000000003E-002   3.3599999999999998E-002
   60.000000000000000        1.0200892151669902E-003  0.80359999999999998        0.0000000000000000       0.11060000000000000        5.1999999999999998E-002   3.3799999999999997E-002
   61.000000000000000       -1.8049306498984050E-002  0.80340000000000000        0.0000000000000000       0.11060000000000000        5.1999999999999998E-002   3.4000000000000002E-002
   62.000000000000000       -1.5397186674632510E-002  0.80340000000000000        0.0000000000000000       0.11060000000000000        5.1799999999999999E-002   3.4200000000000001E-002
   63.000000000000000       -1.0534289150521271E-002  0.80340000000000000        0.0000000000000000       0.11060000000000000        5.1200000000000002E-002   3.4799999999999998E-002
   64.000000000000000       -1.1490335672908376E-002  0.80340000000000000        0.0000000000000000       0.11060000000000000        5.1200000000000002E-002   3.4799999999999998E-002
   65.000000000000000       -1.7486378932416075E-002  0.80340000000000000        0.0000000000000000       0.11060000000000000        4.9000000000000002E-002   3.6999999999999998E-002
   66.000000000000000       -3.0232250091075271E-002  0.80340000000000000        0.0000000000000000       0.10920000000000001        4.9000000000000002E-002   3.8399999999999997E-002
   67.000000000000000       -4.8700447016428949E-002  0.80340000000000000        0.0000000000000000       0.10680000000000001        5.0200000000000002E-002   3.9600000000000003E-002
   68.000000000000000       -7.0148932358296126E-002  0.80340000000000000        0.0000000000000000        9.7400000000000000E-002   5.5399999999999998E-002   4.3799999999999999E-002
   69.000000000000000       -9.5858147235281937E-002  0.80159999999999998        0.0000000000000000        9.9199999999999997E-002   5.5000000000000000E-002   4.4200000000000003E-002
   70.000000000000000      -0.11337188947132038       0.80159999999999998        0.0000000000000000        9.7000000000000003E-002   5.7000000000000002E-002   4.4400000000000002E-002
   71.000000000000000      -0.10757133440271467       0.80159999999999998        0.0000000000000000        9.7600000000000006E-002   5.6200000000000000E-002   4.4600000000000001E-002
   72.000000000000000      -0.10100796450993127       0.80159999999999998        0.0000000000000000        9.5000000000000001E-002   5.8400000000000001E-002   4.4999999999999998E-002
   73.000000000000000      -0.11628510140893920       0.80159999999999998        0.0000000000000000        9.0800000000000006E-002   5.8999999999999997E-002   4.8599999999999997E-002
   74.000000000000000      -0.16083630843054778       0.80159999999999998        0.0000000000000000        9.0999999999999998E-002   5.8799999999999998E-002   4.8599999999999997E-002
   75.000000000000000      -0.20321146765049714       0.80040000000000000        5.9999999999999995E-004   9.0800000000000006E-002   5.9400000000000001E-002   4.8800000000000003E-002
   76.000000000000000      -0.23642348584628484       0.79920000000000002        1.1999999999999999E-003   9.0200000000000002E-002   6.0600000000000001E-002   4.8800000000000003E-002
   77.000000000000000      -0.23631549780193056       0.79640000000000000        4.1999999999999997E-003   8.7800000000000003E-002   6.2799999999999995E-002   4.8800000000000003E-002
   78.000000000000000      -0.23363783008296091       0.79579999999999995        9.4000000000000004E-003   8.1199999999999994E-002   6.3000000000000000E-002   5.0599999999999999E-002
   79.000000000000000      -0.22814374041934937       0.79520000000000002        9.1999999999999998E-003   8.1600000000000006E-002   6.3399999999999998E-002   5.0599999999999999E-002
   80.000000000000000      -0.22001561608787268       0.79300000000000004        1.0800000000000001E-002   8.2000000000000003E-002   6.3600000000000004E-002   5.0599999999999999E-002
   81.000000000000000      -0.20861923973763710       0.78559999999999997        1.7800000000000000E-002   8.2400000000000001E-002   5.9600000000000000E-002   5.4600000000000003E-002
   82.000000000000000      -0.19380121789741520       0.77639999999999998        1.9599999999999999E-002   8.5199999999999998E-002   6.2399999999999997E-002   5.6399999999999999E-002
   83.000000000000000      -0.18024432572380780       0.77100000000000002        2.5200000000000000E-002   8.4199999999999997E-002   6.2799999999999995E-002   5.6800000000000003E-002
   84.000000000000000      -0.16583035384578210       0.77380000000000004        2.2400000000000000E-002   8.3199999999999996E-002   6.3200000000000006E-002   5.7400000000000000E-002
   85.000000000000000      -0.14995045218394146       0.77320000000000000        2.3000000000000000E-002   8.2400000000000001E-002   5.4600000000000003E-002   6.6799999999999998E-002
   86.000000000000000      -0.13532905615453841       0.74299999999999999        5.1799999999999999E-002   8.3000000000000004E-002   5.5599999999999997E-002   6.6600000000000006E-002
   87.000000000000000      -0.12337494143420187       0.73660000000000003        5.8200000000000002E-002   8.2600000000000007E-002   5.6000000000000001E-002   6.6600000000000006E-002
   88.000000000000000      -0.10936816761179115       0.73360000000000003        5.7599999999999998E-002   8.5999999999999993E-002   5.2800000000000000E-002   7.0000000000000007E-002
   89.000000000000000       -9.5102015660758404E-002  0.72819999999999996        5.7400000000000000E-002   8.8200000000000001E-002   5.2200000000000003E-002   7.3999999999999996E-002
   90.000000000000000       -8.1303498850034683E-002  0.71940000000000004        5.6200000000000000E-002   9.5600000000000004E-002   5.0599999999999999E-002   7.8200000000000006E-002
   91.000000000000000       -6.9735620621600020E-002  0.71619999999999995        5.8799999999999998E-002   9.5399999999999999E-002   5.0000000000000003E-002   7.9600000000000004E-002
   92.000000000000000       -5.9669420833693705E-002  0.71619999999999995        5.9400000000000001E-002   9.2200000000000004E-002   5.1799999999999999E-002   8.0399999999999999E-002
   93.000000000000000       -2.8845263607967672E-002  0.71619999999999995        5.8999999999999997E-002   9.1999999999999998E-002   5.1799999999999999E-002   8.1000000000000003E-002
   94.000000000000000        5.9680738295953203E-003  0.71619999999999995        5.9400000000000001E-002   9.1600000000000001E-002   5.0999999999999997E-002   8.1799999999999998E-002
   95.000000000000000        3.7795190030162649E-002  0.68979999999999997        8.5599999999999996E-002   9.1600000000000001E-002   5.0999999999999997E-002   8.2000000000000003E-002
   96.000000000000000        4.5147428140830968E-002  0.68940000000000001        8.5599999999999996E-002   9.1800000000000007E-002   5.1200000000000002E-002   8.2000000000000003E-002
   97.000000000000000        4.8152333768877585E-002  0.68779999999999997        8.5599999999999996E-002   9.2799999999999994E-002   5.1799999999999999E-002   8.2000000000000003E-002
   98.000000000000000        4.8130005574612750E-002  0.68740000000000001        8.5599999999999996E-002   9.1600000000000001E-002   5.2800000000000000E-002   8.2600000000000007E-002
   99.000000000000000        4.5851308472012360E-002  0.68700000000000006        8.5599999999999996E-002   9.1999999999999998E-002   5.2800000000000000E-002   8.2600000000000007E-002
   100.00000000000000        4.3163412061020076E-002  0.68640000000000001        8.5599999999999996E-002   9.1800000000000007E-002   5.2800000000000000E-002   8.3400000000000002E-002
   101.00000000000000        3.6878573887247405E-002  0.68640000000000001        8.5599999999999996E-002   9.0999999999999998E-002   5.3600000000000002E-002   8.3400000000000002E-002
   102.00000000000000        2.8738064272763611E-002  0.68600000000000005        8.5599999999999996E-002   9.1399999999999995E-002   5.3400000000000003E-002   8.3599999999999994E-002
   103.00000000000000        2.0119059947185641E-002  0.68579999999999997        8.5599999999999996E-002   8.6999999999999994E-002   5.2999999999999999E-002   8.8599999999999998E-002
   104.00000000000000        8.5928285176959038E-003  0.68579999999999997        8.5599999999999996E-002   8.6999999999999994E-002   5.2999999999999999E-002   8.8599999999999998E-002
   105.00000000000000       -2.2179451007470555E-003  0.68200000000000005        8.5599999999999996E-002   8.8599999999999998E-002   5.3999999999999999E-002   8.9800000000000005E-002
   106.00000000000000       -1.2169077753177424E-002  0.67659999999999998        8.5599999999999996E-002   9.0999999999999998E-002   4.8800000000000003E-002   9.8000000000000004E-002
   107.00000000000000       -2.4478969617651981E-002  0.67600000000000005        8.5599999999999996E-002   9.0399999999999994E-002   4.8800000000000003E-002   9.9199999999999997E-002
   108.00000000000000       -3.8711183674084652E-002  0.67600000000000005        8.5599999999999996E-002   8.9999999999999997E-002   4.9200000000000001E-002   9.9199999999999997E-002
   109.00000000000000       -4.6802565341321475E-002  0.57940000000000003       0.17640000000000000        9.5000000000000001E-002   4.9599999999999998E-002   9.9599999999999994E-002
   110.00000000000000       -6.5665287851837145E-002  0.57940000000000003       0.17660000000000001        9.4000000000000000E-002   4.6399999999999997E-002  0.10360000000000000     
   111.00000000000000       -8.8973058810260477E-002  0.57940000000000003       0.17599999999999999        9.4399999999999998E-002   4.6600000000000003E-002  0.10360000000000000     
   112.00000000000000      -0.10858909185186809       0.57940000000000003       0.16580000000000000       0.10460000000000000        4.2400000000000000E-002  0.10780000000000001     
   113.00000000000000      -0.12507266070053707       0.57940000000000003       0.16360000000000000       0.10680000000000001        4.2400000000000000E-002  0.10780000000000001     
   114.00000000000000      -0.13821612373565803       0.57920000000000005       0.16280000000000000       0.10780000000000001        4.2400000000000000E-002  0.10780000000000001     
   115.00000000000000      -0.14616345334088093       0.57920000000000005       0.16560000000000000       0.10360000000000000        4.2599999999999999E-002  0.10900000000000000     
   116.00000000000000      -0.14907180747603410       0.57920000000000005       0.16660000000000000       0.10220000000000000        4.1799999999999997E-002  0.11020000000000001     
   117.00000000000000      -0.14723675910008513       0.57920000000000005       0.16719999999999999       0.10160000000000000        4.1799999999999997E-002  0.11020000000000001     
   118.00000000000000      -0.13978502557787242       0.57920000000000005       0.16719999999999999       0.10080000000000000        4.2599999999999999E-002  0.11020000000000001     
   119.00000000000000      -0.12782490909159838       0.57920000000000005       0.16719999999999999        9.9199999999999997E-002   4.3799999999999999E-002  0.11060000000000000     
   120.00000000000000      -0.11019555474453586       0.57920000000000005       0.16700000000000001        9.9400000000000002E-002   4.3799999999999999E-002  0.11060000000000000     
   121.00000000000000       -8.9257321224418845E-002  0.57220000000000004       0.17240000000000000        9.9599999999999994E-002   4.3999999999999997E-002  0.11180000000000000     
   122.00000000000000       -6.8549655859484471E-002  0.56559999999999999       0.17240000000000000       0.10400000000000000        4.6199999999999998E-002  0.11180000000000000     
   123.00000000000000       -5.2909995726344056E-002  0.55940000000000001       0.17240000000000000       0.10780000000000001        4.6800000000000001E-002  0.11360000000000001     
   124.00000000000000       -3.5546049200802017E-002  0.55779999999999996       0.17240000000000000       0.10500000000000000        4.9200000000000001E-002  0.11559999999999999     
   125.00000000000000       -1.8436697608089352E-002  0.55559999999999998       0.17240000000000000       0.10460000000000000        5.0200000000000002E-002  0.11720000000000000     
   126.00000000000000       -1.1276033962002094E-003  0.55459999999999998       0.17240000000000000       0.10220000000000000        5.3400000000000003E-002  0.11740000000000000     
   127.00000000000000        1.5786476633930190E-002  0.55240000000000000       0.17240000000000000       0.10100000000000001        5.7200000000000001E-002  0.11700000000000001     
   128.00000000000000        3.1933598156995910E-002  0.55240000000000000       0.17240000000000000       0.10059999999999999        5.6200000000000000E-002  0.11840000000000001     
   129.00000000000000        4.6327828579920863E-002  0.54900000000000004       0.17240000000000000       0.10400000000000000        5.7000000000000002E-002  0.11760000000000000     
   130.00000000000000        5.9593299538984151E-002  0.54079999999999995       0.17240000000000000       0.11219999999999999        5.8799999999999998E-002  0.11580000000000000     
   131.00000000000000        7.1816468744751311E-002  0.53459999999999996       0.17240000000000000       0.11840000000000001        5.8799999999999998E-002  0.11580000000000000     
   132.00000000000000        8.3210126268751947E-002  0.53120000000000001       0.17240000000000000       0.12160000000000000        5.8799999999999998E-002  0.11600000000000001     
   133.00000000000000        9.0555416520368609E-002  0.53000000000000003       0.17240000000000000       0.12160000000000000        6.3000000000000000E-002  0.11300000000000000     
   134.00000000000000        9.9501742631014217E-002  0.51919999999999999       0.17240000000000000       0.12980000000000000        6.4600000000000005E-002  0.11400000000000000     
   135.00000000000000       0.10582997957791709       0.51919999999999999       0.17240000000000000       0.12600000000000000        6.6600000000000006E-002  0.11580000000000000     
   136.00000000000000       0.10727951620234306       0.68540000000000001        5.4000000000000003E-003  0.12680000000000000        6.4399999999999999E-002  0.11799999999999999     
   137.00000000000000       0.11056256733846354       0.68279999999999996        8.0000000000000002E-003  0.12680000000000000        6.4399999999999999E-002  0.11799999999999999     
   138.00000000000000       0.11151673354411325       0.68259999999999998        7.6000000000000000E-003  0.12659999999999999        6.4399999999999999E-002  0.11880000000000000     
   139.00000000000000       0.12563189469752639       0.68020000000000003        8.2000000000000007E-003  0.12740000000000001        6.4000000000000001E-002  0.12020000000000000     
   140.00000000000000       0.13965400791634991       0.68000000000000005        8.3999999999999995E-003  0.12740000000000001        6.3399999999999998E-002  0.12080000000000000     
   141.00000000000000       0.15278855559858689       0.67840000000000000        8.2000000000000007E-003  0.12640000000000001        6.4600000000000005E-002  0.12239999999999999     
   142.00000000000000       0.16346490754426041       0.67779999999999996        8.2000000000000007E-003  0.12620000000000001        6.4600000000000005E-002  0.12320000000000000     
   143.00000000000000       0.17302094271620022       0.67740000000000000        8.3999999999999995E-003  0.12559999999999999        6.5400000000000000E-002  0.12320000000000000     
   144.00000000000000       0.18199003933587149       0.67600000000000005        8.3999999999999995E-003  0.12540000000000001        6.6799999999999998E-002  0.12340000000000000     
   145.00000000000000       0.18810035854405391       0.67479999999999996        8.3999999999999995E-003  0.12520000000000001        6.7599999999999993E-002  0.12400000000000000     
   146.00000000000000       0.19147093469749799       0.67440000000000000        8.2000000000000007E-003  0.12460000000000000        6.8800000000000000E-002  0.12400000000000000     
   147.00000000000000       0.19237088240687922       0.66720000000000002        1.4000000000000000E-002  0.12479999999999999        7.0000000000000007E-002  0.12400000000000000     
   148.00000000000000       0.19075486349312171       0.61819999999999997        6.1600000000000002E-002  0.12400000000000000        7.1800000000000003E-002  0.12440000000000000     
   149.00000000000000       0.18347251572437737       0.60219999999999996        7.7200000000000005E-002  0.11720000000000000        7.9000000000000001E-002  0.12440000000000000     
   150.00000000000000       0.17051388631769979       0.61140000000000005        6.7199999999999996E-002  0.11700000000000001        8.0000000000000002E-002  0.12440000000000000     
   151.00000000000000       0.15567858653492039       0.61140000000000005        6.5799999999999997E-002  0.11440000000000000        8.3799999999999999E-002  0.12460000000000000     
   152.00000000000000       0.13852814868031640       0.60380000000000000        6.5400000000000000E-002  0.11500000000000000        9.0800000000000006E-002  0.12500000000000000     
   153.00000000000000       0.11915157992224612       0.60140000000000005        6.6000000000000003E-002  0.11559999999999999        9.1800000000000007E-002  0.12520000000000001     
   154.00000000000000        9.8127116171129403E-002  0.60040000000000004        6.5799999999999997E-002  0.11580000000000000        9.1999999999999998E-002  0.12600000000000000     
   155.00000000000000       0.10352214435335214       0.60019999999999996        6.6000000000000003E-002  0.11540000000000000        9.2399999999999996E-002  0.12600000000000000     
   156.00000000000000       0.12374968297878849       0.66620000000000001        0.0000000000000000       0.11520000000000000        9.2600000000000002E-002  0.12600000000000000     
   157.00000000000000       0.10930054692678387       0.66220000000000001        0.0000000000000000       0.11440000000000000        9.6400000000000000E-002  0.12700000000000000     
   158.00000000000000        9.1771259588625670E-002  0.66220000000000001        0.0000000000000000       0.11420000000000000        9.6400000000000000E-002  0.12720000000000001     
   159.00000000000000        7.4417667842409774E-002  0.66139999999999999        0.0000000000000000       0.11320000000000000        9.6799999999999997E-002  0.12859999999999999     
   160.00000000000000        5.7442899612453906E-002  0.66139999999999999        0.0000000000000000       0.11320000000000000        9.6799999999999997E-002  0.12859999999999999     
   161.00000000000000        4.5451688897405279E-002  0.66080000000000005        5.9999999999999995E-004  0.11320000000000000        9.6799999999999997E-002  0.12859999999999999     
   162.00000000000000        3.2500406032788226E-002  0.65920000000000001        2.2000000000000001E-003  0.11320000000000000        9.5399999999999999E-002  0.13000000000000000     
   163.00000000000000        2.2763157023113555E-002  0.65920000000000001        2.2000000000000001E-003  0.11320000000000000        9.5600000000000004E-002  0.12980000000000000     
   164.00000000000000        1.9194731955253539E-002  0.65920000000000001        2.2000000000000001E-003  0.11320000000000000        9.6600000000000005E-002  0.12880000000000000     
   165.00000000000000        9.9286888983436683E-003  0.65920000000000001        2.2000000000000001E-003  0.11320000000000000        9.0399999999999994E-002  0.13500000000000001     
   166.00000000000000       -4.8775923283926326E-003  0.65920000000000001        2.2000000000000001E-003  0.11320000000000000        9.9800000000000000E-002  0.12559999999999999     
   167.00000000000000       -2.3905512788183453E-002  0.65920000000000001        2.2000000000000001E-003  0.11320000000000000       0.10760000000000000       0.11780000000000000     
   168.00000000000000       -4.5421807189082453E-002  0.65900000000000003        2.2000000000000001E-003  0.11320000000000000       0.10360000000000000       0.12200000000000000     
   169.00000000000000       -5.8457646418644503E-002  0.65859999999999996        2.5999999999999999E-003  0.11320000000000000       0.10299999999999999       0.12260000000000000     
   170.00000000000000       -6.7932948972863436E-002  0.65780000000000005        3.3999999999999998E-003  0.11320000000000000       0.10240000000000000       0.12320000000000000     
   171.00000000000000       -7.6135679137649515E-002  0.65720000000000001        4.0000000000000001E-003  0.11320000000000000       0.10220000000000000       0.12340000000000000     
   172.00000000000000       -8.2513712418613216E-002  0.65720000000000001        4.0000000000000001E-003  0.11320000000000000       0.10220000000000000       0.12340000000000000     
   173.00000000000000       -8.5939582077906362E-002  0.65739999999999998        2.5000000000000001E-002   9.1999999999999998E-002  0.10220000000000000       0.12340000000000000     
   174.00000000000000       -8.2513337348043031E-002  0.64159999999999995        3.5400000000000001E-002   9.7000000000000003E-002  0.10220000000000000       0.12379999999999999     
   175.00000000000000      -0.11143639260766830       0.64159999999999995        5.8599999999999999E-002   7.1199999999999999E-002  0.10280000000000000       0.12580000000000000     
   176.00000000000000      -0.14183963737942934       0.64119999999999999        5.7400000000000000E-002   7.2400000000000006E-002  0.10240000000000000       0.12659999999999999     
   177.00000000000000      -0.14610942153424794       0.64000000000000001        5.6599999999999998E-002   7.2400000000000006E-002  0.10320000000000000       0.12780000000000000     
   178.00000000000000      -0.14679084366375422       0.63959999999999995        5.6000000000000001E-002   7.2200000000000000E-002  0.10299999999999999       0.12920000000000001     
   179.00000000000000      -0.14731686019190893       0.63759999999999994        5.7799999999999997E-002   7.0999999999999994E-002  0.10299999999999999       0.13059999999999999     
   180.00000000000000      -0.15247351872501619       0.63660000000000005        5.7400000000000000E-002   7.1400000000000005E-002  0.10380000000000000       0.13080000000000000     
   181.00000000000000      -0.14780112481510754       0.63419999999999999        5.8400000000000001E-002   7.1400000000000005E-002  0.10520000000000000       0.13080000000000000     
   182.00000000000000      -0.14103556796951269       0.63019999999999998        6.2199999999999998E-002   6.9800000000000001E-002  0.10700000000000000       0.13080000000000000     
   183.00000000000000      -0.13527573312266938       0.62160000000000004        7.0199999999999999E-002   6.6400000000000001E-002  0.11080000000000000       0.13100000000000001     
   184.00000000000000      -0.12970327827528205       0.61980000000000002        6.9800000000000001E-002   6.5600000000000006E-002  0.11340000000000000       0.13139999999999999     
   185.00000000000000      -0.12381547468492038       0.61719999999999997        6.9199999999999998E-002   6.7199999999999996E-002  0.11440000000000000       0.13200000000000001     
   186.00000000000000      -0.11932440596832651       0.61860000000000004        6.6600000000000006E-002   6.5600000000000006E-002  0.11600000000000001       0.13320000000000001     
   187.00000000000000      -0.11655131100819316       0.61899999999999999        6.6199999999999995E-002   6.2000000000000000E-002  0.11960000000000000       0.13320000000000001     
   188.00000000000000      -0.11478191213644978       0.62180000000000002        6.3000000000000000E-002   6.2399999999999997E-002  0.11920000000000000       0.13360000000000000     
   189.00000000000000       -8.9081740725622444E-002  0.60660000000000003        7.8200000000000006E-002   6.2600000000000003E-002  0.11899999999999999       0.13360000000000000     
   190.00000000000000       -8.1536952550787717E-002  0.60599999999999998        7.8200000000000006E-002   6.2600000000000003E-002  0.11899999999999999       0.13420000000000001     
   191.00000000000000       -7.8147983325367820E-002  0.60499999999999998        7.8200000000000006E-002   6.1600000000000002E-002  0.11980000000000000       0.13539999999999999     
   192.00000000000000       -7.5573676448639701E-002  0.60360000000000003        7.8200000000000006E-002   6.2799999999999995E-002  0.11920000000000000       0.13619999999999999     
   193.00000000000000       -7.3431310241939551E-002  0.60360000000000003        8.4000000000000005E-002   5.5800000000000002E-002  0.11780000000000000       0.13880000000000001     
   194.00000000000000       -6.4760301961591105E-002  0.60340000000000005        8.4000000000000005E-002   5.6000000000000001E-002  0.11780000000000000       0.13880000000000001     
   195.00000000000000       -4.2816509971290391E-002  0.60340000000000005        8.4000000000000005E-002   5.6000000000000001E-002  0.11780000000000000       0.13880000000000001     
   196.00000000000000       -2.4017592562928618E-002  0.60319999999999996        8.3599999999999994E-002   5.6200000000000000E-002  0.11820000000000000       0.13880000000000001     
   197.00000000000000       -7.7962277528701510E-003  0.60299999999999998        8.3599999999999994E-002   5.6399999999999999E-002  0.11820000000000000       0.13880000000000001     
   198.00000000000000        4.7825841597920471E-003  0.60299999999999998        8.3599999999999994E-002   5.6399999999999999E-002  0.11240000000000000       0.14460000000000001     
   199.00000000000000        1.5761033976653977E-002  0.37640000000000001       0.30919999999999997        5.6399999999999999E-002  0.11340000000000000       0.14460000000000001     
   200.00000000000000        1.5524338141154840E-002  0.37480000000000002       0.31019999999999998        5.6599999999999998E-002  0.11100000000000000       0.14740000000000000     
   201.00000000000000        1.4592315854824334E-002  0.37480000000000002       0.31000000000000000        5.6800000000000003E-002  0.11140000000000000       0.14699999999999999     
   202.00000000000000        1.0566174901361705E-002  0.37540000000000001       0.30880000000000002        5.7400000000000000E-002  0.10940000000000000       0.14899999999999999     
   203.00000000000000        1.9168607198338863E-003  0.37619999999999998       0.30800000000000000        5.7400000000000000E-002  0.11000000000000000       0.14840000000000000     
   204.00000000000000       -5.8190355511377190E-003   4.5999999999999999E-002  0.63759999999999994        5.7400000000000000E-002  0.11020000000000001       0.14879999999999999     
   205.00000000000000       -1.9890346528511266E-002   5.2800000000000000E-002  0.63080000000000003        5.7400000000000000E-002  0.11020000000000001       0.14879999999999999     
   206.00000000000000       -2.4754013355776421E-002   1.2200000000000001E-002  0.66920000000000002        5.7400000000000000E-002  0.11060000000000000       0.15060000000000001     
   207.00000000000000       -1.2703136684436282E-002   1.2400000000000000E-002  0.59940000000000004       0.12500000000000000       0.11260000000000001       0.15060000000000001     
   208.00000000000000       -1.6342914582244510E-002   4.8399999999999999E-002  0.56079999999999997       0.12720000000000001       0.11200000000000000       0.15160000000000001     
   209.00000000000000       -2.6347678422568820E-002   4.8399999999999999E-002  0.56040000000000001       0.12659999999999999       0.11300000000000000       0.15160000000000001     
   210.00000000000000       -2.0294275371253043E-002   4.2000000000000003E-002  0.55400000000000005       0.13619999999999999       0.11559999999999999       0.15220000000000000     
   211.00000000000000       -1.0387639734331607E-002   4.7000000000000000E-002  0.54900000000000004       0.13420000000000001       0.11540000000000000       0.15440000000000001     
   212.00000000000000        6.3538509509492372E-003   4.6800000000000001E-002  0.53039999999999998       0.15240000000000001       0.11559999999999999       0.15479999999999999     
   213.00000000000000        2.2690698237810728E-002   4.7000000000000000E-002  0.52959999999999996       0.15200000000000000       0.11620000000000000       0.15520000000000000     
   214.00000000000000        4.1154356073367329E-002   4.3999999999999997E-002  0.53020000000000000       0.15179999999999999       0.11720000000000000       0.15679999999999999     
   215.00000000000000        5.9207807061755713E-002   4.3200000000000002E-002  0.52880000000000005       0.15300000000000000       0.11780000000000000       0.15720000000000001     
   216.00000000000000        7.6706257668709144E-002   4.3200000000000002E-002  0.52839999999999998       0.15340000000000001       0.11780000000000000       0.15720000000000001     
