#        BMIN =   404
#        BMAX =   408
#     INIBAND =   406
#      NBANDS =   540
#         NSW =  2000
#       POTIM =   1.0
#        TEMP = 300.0
#    NAMDTINI =   842
#    NAMDTIME =  1000
#       NTRAJ =  5000
#        NELM =  1000
#       LHOLE =     T
#        LSHP =     T
#      LCPTXT =     T
#      RUNDIR = ../../run/
   1.0000000000000000        1.7553312682208819E-002   0.0000000000000000        0.0000000000000000        1.0000000000000000        0.0000000000000000        0.0000000000000000     
   2.0000000000000000        7.4258752295833595E-003   0.0000000000000000        0.0000000000000000       0.99980000000000002        0.0000000000000000        2.0000000000000001E-004
   3.0000000000000000       -1.2013204299735785E-003   0.0000000000000000        0.0000000000000000       0.99980000000000002        0.0000000000000000        2.0000000000000001E-004
   4.0000000000000000       -7.4012943740811056E-003   0.0000000000000000        0.0000000000000000       0.99980000000000002        0.0000000000000000        2.0000000000000001E-004
   5.0000000000000000       -1.1392131950682522E-002   0.0000000000000000        0.0000000000000000       0.99919999999999998        0.0000000000000000        8.0000000000000004E-004
   6.0000000000000000       -1.3121813267012372E-002   0.0000000000000000        0.0000000000000000       0.99919999999999998        0.0000000000000000        8.0000000000000004E-004
   7.0000000000000000       -1.1652221724880131E-002   0.0000000000000000        0.0000000000000000       0.99880000000000002        0.0000000000000000        1.1999999999999999E-003
   8.0000000000000000       -7.6784886370281696E-003   0.0000000000000000        0.0000000000000000       0.98360000000000003        1.5200000000000000E-002   1.1999999999999999E-003
   9.0000000000000000       -3.5626156867208499E-002   0.0000000000000000        0.0000000000000000       0.98360000000000003        1.4999999999999999E-002   1.4000000000000000E-003
   10.000000000000000       -7.0576704542889543E-002   0.0000000000000000        0.0000000000000000       0.98360000000000003        1.4999999999999999E-002   1.4000000000000000E-003
   11.000000000000000      -0.10845805246759041        0.0000000000000000        0.0000000000000000       0.98360000000000003        1.4999999999999999E-002   1.4000000000000000E-003
   12.000000000000000      -0.14834194564691724        0.0000000000000000        0.0000000000000000       0.98360000000000003        1.4999999999999999E-002   1.4000000000000000E-003
   13.000000000000000      -0.18810252280948317        0.0000000000000000        0.0000000000000000       0.98360000000000003        1.6400000000000001E-002   0.0000000000000000     
   14.000000000000000      -0.22969731701146184        0.0000000000000000       0.66679999999999995       0.31519999999999998        1.7600000000000001E-002   4.0000000000000002E-004
   15.000000000000000      -0.25336550388829898        2.3999999999999998E-003  0.62800000000000000       0.35139999999999999        1.7800000000000000E-002   4.0000000000000002E-004
   16.000000000000000      -0.25265333566721609        2.3999999999999998E-003  0.56459999999999999       0.41460000000000002        1.7999999999999999E-002   4.0000000000000002E-004
   17.000000000000000      -0.23811630982254314        2.5999999999999999E-003  0.56759999999999999       0.40899999999999997        2.0199999999999999E-002   5.9999999999999995E-004
   18.000000000000000      -0.22358358135768866        4.0000000000000002E-004  0.83399999999999996       0.14480000000000001        2.0199999999999999E-002   5.9999999999999995E-004
   19.000000000000000      -0.20936650984576385        2.0000000000000001E-004  0.83960000000000001       0.13940000000000000        2.0199999999999999E-002   5.9999999999999995E-004
   20.000000000000000      -0.19462859678183553        2.0000000000000001E-004  0.84060000000000001       0.13840000000000000        2.0199999999999999E-002   5.9999999999999995E-004
   21.000000000000000      -0.17868362561722884        2.0000000000000001E-004  0.83899999999999997       0.14000000000000001        2.0199999999999999E-002   5.9999999999999995E-004
   22.000000000000000      -0.16129771716218660        2.0000000000000001E-004  0.83899999999999997       0.13960000000000000        2.0600000000000000E-002   5.9999999999999995E-004
   23.000000000000000      -0.14301094712692880        2.0000000000000001E-004  0.82999999999999996       0.14860000000000001        2.0600000000000000E-002   5.9999999999999995E-004
   24.000000000000000      -0.12380245556149454        2.0000000000000001E-004  0.82420000000000004       0.15260000000000001        2.1800000000000000E-002   1.1999999999999999E-003
   25.000000000000000      -0.10523778909282373        2.0000000000000001E-004  0.82360000000000000       0.15279999999999999        2.1800000000000000E-002   1.6000000000000001E-003
   26.000000000000000       -8.6596427969719073E-002   2.0000000000000001E-004  0.82120000000000004       0.15459999999999999        2.2400000000000000E-002   1.6000000000000001E-003
   27.000000000000000       -6.8608336556977456E-002   2.0000000000000001E-004  0.82120000000000004       0.15440000000000001        2.2599999999999999E-002   1.6000000000000001E-003
   28.000000000000000       -5.1358893976851561E-002   2.0000000000000001E-004  0.81960000000000000       0.15600000000000000        2.2599999999999999E-002   1.6000000000000001E-003
   29.000000000000000       -3.5259586681820172E-002   1.1200000000000000E-002  0.80840000000000001       0.15340000000000001        2.5200000000000000E-002   1.8000000000000000E-003
   30.000000000000000        4.6262284986029294E-003   1.1200000000000000E-002  0.80840000000000001       0.15340000000000001        2.5200000000000000E-002   1.8000000000000000E-003
   31.000000000000000        6.2048124071016446E-002   8.3999999999999995E-003  0.42520000000000002       0.53779999999999994        2.6800000000000001E-002   1.8000000000000000E-003
   32.000000000000000        9.0496855526939757E-002   8.3999999999999995E-003  0.42399999999999999       0.53839999999999999        2.7199999999999998E-002   2.0000000000000000E-003
   33.000000000000000       0.11888303563517331        8.3999999999999995E-003  0.42399999999999999       0.53839999999999999        2.7199999999999998E-002   2.0000000000000000E-003
   34.000000000000000       0.14409956458377854        8.2000000000000007E-003  0.41940000000000000       0.53859999999999997        3.1600000000000003E-002   2.2000000000000001E-003
   35.000000000000000       0.16399211355788990        7.7999999999999996E-003  0.41940000000000000       0.53859999999999997        3.1800000000000002E-002   2.3999999999999998E-003
   36.000000000000000       0.17932081479227868        7.7999999999999996E-003  0.41940000000000000       0.53859999999999997        3.1800000000000002E-002   2.3999999999999998E-003
   37.000000000000000       0.18989418596012286        6.7999999999999996E-003  0.42040000000000000       0.53859999999999997        3.1800000000000002E-002   2.3999999999999998E-003
   38.000000000000000       0.19648527257692272        6.7999999999999996E-003  0.41780000000000000       0.53859999999999997        3.3399999999999999E-002   3.3999999999999998E-003
   39.000000000000000       0.19779909575677401        6.7999999999999996E-003  0.41780000000000000       0.53859999999999997        3.2800000000000003E-002   4.0000000000000001E-003
   40.000000000000000       0.19461637757758798        7.4000000000000003E-003  0.41720000000000002       0.53859999999999997        3.2800000000000003E-002   4.0000000000000001E-003
   41.000000000000000       0.18619515580990709        7.0000000000000001E-003  0.45800000000000002       0.49819999999999998        3.2800000000000003E-002   4.0000000000000001E-003
   42.000000000000000       0.17746951657586504        6.4000000000000003E-003  0.45800000000000002       0.49840000000000001        3.2800000000000003E-002   4.4000000000000003E-003
   43.000000000000000       0.16788017611311845        7.7999999999999996E-003  0.44919999999999999       0.50380000000000003        3.4000000000000002E-002   5.1999999999999998E-003
   44.000000000000000       0.16790870388065590        7.7999999999999996E-003  0.44940000000000002       0.50260000000000005        3.5000000000000003E-002   5.1999999999999998E-003
   45.000000000000000       0.17835292700392857        7.7999999999999996E-003  0.45000000000000001       0.50180000000000002        3.5000000000000003E-002   5.4000000000000003E-003
   46.000000000000000       0.19061317711313905        7.0000000000000001E-003  0.44359999999999999       0.50880000000000003        3.5000000000000003E-002   5.5999999999999999E-003
   47.000000000000000       0.20340432461586094        6.6000000000000000E-003  0.44400000000000001       0.50880000000000003        3.4799999999999998E-002   5.7999999999999996E-003
   48.000000000000000       0.21671230830101967        3.3999999999999998E-003  0.43940000000000001       0.51580000000000004        3.5400000000000001E-002   6.0000000000000001E-003
   49.000000000000000       0.23100526688527034        3.2000000000000002E-003  0.43159999999999998       0.52200000000000002        3.7199999999999997E-002   6.0000000000000001E-003
   50.000000000000000       0.25235594601347311        3.2000000000000002E-003  0.42840000000000000       0.52420000000000000        3.8199999999999998E-002   6.0000000000000001E-003
   51.000000000000000       0.25467603567181990        3.2000000000000002E-003  0.42840000000000000       0.52380000000000004        3.8600000000000002E-002   6.0000000000000001E-003
   52.000000000000000       0.28350164709668868        3.2000000000000002E-003  0.42880000000000001       0.52200000000000002        4.0000000000000001E-002   6.0000000000000001E-003
   53.000000000000000       0.27964805162353440        3.2000000000000002E-003  0.42899999999999999       0.52180000000000004        4.0000000000000001E-002   6.0000000000000001E-003
   54.000000000000000       0.29722398887969609        3.0000000000000001E-003  0.42880000000000001       0.52200000000000002        4.0200000000000000E-002   6.0000000000000001E-003
   55.000000000000000       0.32097217435051795        3.0000000000000001E-003  0.43519999999999998       0.51559999999999995        4.0200000000000000E-002   6.0000000000000001E-003
   56.000000000000000       0.33851190466654718        3.0000000000000001E-003  0.42859999999999998       0.52080000000000004        4.1599999999999998E-002   6.0000000000000001E-003
   57.000000000000000       0.25253993108546191        2.2000000000000001E-003  0.40560000000000002       0.54300000000000004        4.3200000000000002E-002   6.0000000000000001E-003
   58.000000000000000       0.34446890038021843        2.2000000000000001E-003  0.40579999999999999       0.54120000000000001        4.4400000000000002E-002   6.4000000000000003E-003
   59.000000000000000       0.15866216004330561        1.0000000000000000E-003  0.39600000000000002       0.55179999999999996        4.4800000000000000E-002   6.4000000000000003E-003
   60.000000000000000       0.38104799294469399        8.0000000000000004E-004  0.39620000000000000       0.55120000000000002        4.5400000000000003E-002   6.4000000000000003E-003
   61.000000000000000       0.38763556875633254        4.0000000000000002E-004  0.39679999999999999       0.55100000000000005        4.5400000000000003E-002   6.4000000000000003E-003
   62.000000000000000       0.37571023019462985        4.0000000000000002E-004  0.39140000000000003       0.55600000000000005        4.5800000000000000E-002   6.4000000000000003E-003
   63.000000000000000       0.35576167781914875        4.0000000000000002E-004  0.38319999999999999       0.56399999999999995        4.5999999999999999E-002   6.4000000000000003E-003
   64.000000000000000       0.46342364688261456        4.0000000000000002E-004  0.38319999999999999       0.56399999999999995        4.5999999999999999E-002   6.4000000000000003E-003
   65.000000000000000       0.36718137234257731        4.0000000000000002E-004  0.37959999999999999       0.56699999999999995        4.6600000000000003E-002   6.4000000000000003E-003
   66.000000000000000       0.36016032085374672        4.0000000000000002E-004  0.37919999999999998       0.56699999999999995        4.7000000000000000E-002   6.4000000000000003E-003
   67.000000000000000       0.33260928331572187        1.1999999999999999E-003  0.37859999999999999       0.56520000000000004        4.8000000000000001E-002   7.0000000000000001E-003
   68.000000000000000       0.19478300009742913        1.0000000000000000E-003  0.37859999999999999       0.56159999999999999        3.5200000000000002E-002   2.3599999999999999E-002
   69.000000000000000       0.47133632500253075        1.0000000000000000E-003  0.37840000000000001       0.54720000000000002        4.9399999999999999E-002   2.4000000000000000E-002
   70.000000000000000       0.47412465622247779        8.0000000000000004E-004  0.37440000000000001       0.54820000000000002        4.9399999999999999E-002   2.7199999999999998E-002
   71.000000000000000       0.46631267467884080        8.0000000000000004E-004  0.37359999999999999       0.54640000000000000        4.9399999999999999E-002   2.9800000000000000E-002
   72.000000000000000       0.46187264986364718        2.3999999999999998E-003  0.33000000000000002       0.58479999999999999        5.2999999999999999E-002   2.9800000000000000E-002
   73.000000000000000       0.28505803701713656        2.3999999999999998E-003  0.33000000000000002       0.58479999999999999        5.2800000000000000E-002   2.9999999999999999E-002
   74.000000000000000       0.26875565036979315        2.2000000000000001E-003  0.32060000000000000       0.59240000000000004        5.2800000000000000E-002   3.2000000000000001E-002
   75.000000000000000       0.24968459309755678        2.2000000000000001E-003  0.32079999999999997       0.59199999999999997        5.2999999999999999E-002   3.2000000000000001E-002
   76.000000000000000       0.23066232212123194        2.2000000000000001E-003  0.31960000000000000       0.59179999999999999        5.3999999999999999E-002   3.2399999999999998E-002
   77.000000000000000       0.20971502369866052        2.2000000000000001E-003  0.31960000000000000       0.59079999999999999        5.4800000000000001E-002   3.2599999999999997E-002
   78.000000000000000       0.18879149310198245        2.5999999999999999E-003  0.31740000000000002       0.59160000000000001        5.5399999999999998E-002   3.3000000000000002E-002
   79.000000000000000       0.16771716154724078        2.5999999999999999E-003  0.31740000000000002       0.59099999999999997        5.6000000000000001E-002   3.3000000000000002E-002
   80.000000000000000       0.14737113003110985        5.5999999999999999E-003  0.30120000000000002       0.60299999999999998        5.6599999999999998E-002   3.3599999999999998E-002
   81.000000000000000       0.12831343664970218        1.8400000000000000E-002  0.26060000000000000       0.63060000000000005        5.6800000000000003E-002   3.3599999999999998E-002
   82.000000000000000       0.10868627869810545        1.6199999999999999E-002  0.25219999999999998       0.63759999999999994        5.7799999999999997E-002   3.6200000000000003E-002
   83.000000000000000        8.6839326989711196E-002   1.7200000000000000E-002  0.25140000000000001       0.63719999999999999        7.0199999999999999E-002   2.4000000000000000E-002
   84.000000000000000        6.4368349462057217E-002   1.7399999999999999E-002  0.25919999999999999       0.62919999999999998        7.0199999999999999E-002   2.4000000000000000E-002
   85.000000000000000        4.2622294033616989E-002   1.7399999999999999E-002  0.26400000000000001       0.62319999999999998        7.0800000000000002E-002   2.4600000000000000E-002
   86.000000000000000        2.6056202748493344E-002   1.7800000000000000E-002  0.23280000000000001       0.64480000000000004        7.9600000000000004E-002   2.5000000000000001E-002
   87.000000000000000        5.1711749604339795E-003   1.5599999999999999E-002  0.23920000000000000       0.64000000000000001        7.9600000000000004E-002   2.5600000000000001E-002
   88.000000000000000       -1.4513744385885661E-002   1.4600000000000000E-002  0.23640000000000000       0.64200000000000002        7.9600000000000004E-002   2.7400000000000001E-002
   89.000000000000000       -3.3013720064812832E-002   1.3200000000000000E-002  0.22400000000000000       0.65439999999999998        7.9399999999999998E-002   2.9000000000000001E-002
   90.000000000000000       -5.1592927913042319E-002   1.3200000000000000E-002  0.22140000000000001       0.65339999999999998        8.3000000000000004E-002   2.9000000000000001E-002
   91.000000000000000       -7.0008631748497946E-002   1.4000000000000000E-002  0.21980000000000000       0.65239999999999998        8.4800000000000000E-002   2.9000000000000001E-002
   92.000000000000000       -8.7125568317361443E-002   1.4000000000000000E-002  0.22120000000000001       0.65100000000000002        8.4199999999999997E-002   2.9600000000000001E-002
   93.000000000000000      -0.10229144123222460        1.0400000000000000E-002  0.22680000000000000       0.64859999999999995        8.4599999999999995E-002   2.9600000000000001E-002
   94.000000000000000      -0.11023398545368432        1.1200000000000000E-002  0.22159999999999999       0.65300000000000002        8.4400000000000003E-002   2.9800000000000000E-002
   95.000000000000000      -0.10591735347773826        1.2000000000000000E-002  0.22080000000000000       0.65300000000000002        8.4400000000000003E-002   2.9800000000000000E-002
   96.000000000000000       -8.9739472049944050E-002   1.2000000000000000E-002  0.22080000000000000       0.65300000000000002        8.4400000000000003E-002   2.9800000000000000E-002
   97.000000000000000       -7.2405191711880174E-002   1.2000000000000000E-002  0.22080000000000000       0.65300000000000002        8.4400000000000003E-002   2.9800000000000000E-002
   98.000000000000000       -5.4202389794559436E-002   1.2000000000000000E-002  0.22080000000000000       0.65300000000000002        8.4199999999999997E-002   2.9999999999999999E-002
   99.000000000000000       -3.8695117712219486E-002   1.2000000000000000E-002  0.22080000000000000       0.65300000000000002        8.4199999999999997E-002   2.9999999999999999E-002
   100.00000000000000       -2.3599398637589648E-002   1.2000000000000000E-002  0.22040000000000001       0.65300000000000002        8.4599999999999995E-002   2.9999999999999999E-002
   101.00000000000000       -1.1438262655369891E-002   1.2000000000000000E-002  0.22040000000000001       0.65300000000000002        8.4400000000000003E-002   3.0200000000000001E-002
   102.00000000000000       -2.4125354175416345E-003   1.2000000000000000E-002  0.22040000000000001       0.65300000000000002        8.4199999999999997E-002   3.0400000000000000E-002
   103.00000000000000        3.4964424936644607E-003   1.2000000000000000E-002  0.22040000000000001       0.65300000000000002        8.4199999999999997E-002   3.0400000000000000E-002
   104.00000000000000       -1.0584318041868251E-002   1.2000000000000000E-002  0.83140000000000003        4.1799999999999997E-002   8.4199999999999997E-002   3.0599999999999999E-002
   105.00000000000000        2.7496459587750474E-003   1.2000000000000000E-002  0.83140000000000003        4.1799999999999997E-002   8.4000000000000005E-002   3.0800000000000001E-002
   106.00000000000000       -9.8878335110190521E-003   1.2000000000000000E-002  0.83140000000000003        4.1799999999999997E-002   8.4000000000000005E-002   3.0800000000000001E-002
   107.00000000000000       -2.7170151009405744E-002   1.2000000000000000E-002  0.83140000000000003        4.1799999999999997E-002   8.4000000000000005E-002   3.0800000000000001E-002
   108.00000000000000       -4.7829500195010838E-002   2.4799999999999999E-002  0.81520000000000004        4.4600000000000001E-002   8.2799999999999999E-002   3.2599999999999997E-002
   109.00000000000000       -2.4040489606099516E-002   2.4799999999999999E-002  0.81499999999999995        4.4600000000000001E-002   8.2199999999999995E-002   3.3399999999999999E-002
   110.00000000000000        1.0284974125579147E-003   2.4199999999999999E-002  0.81340000000000001        4.4999999999999998E-002   8.2000000000000003E-002   3.5400000000000001E-002
   111.00000000000000        2.6456420362437963E-002   2.4199999999999999E-002  0.81179999999999997        4.6600000000000003E-002   8.0799999999999997E-002   3.6600000000000001E-002
   112.00000000000000        5.0870598131939296E-002   2.3800000000000002E-002  0.81240000000000001        4.5999999999999999E-002   8.0799999999999997E-002   3.6999999999999998E-002
   113.00000000000000        7.6068878345887228E-002   2.3599999999999999E-002  0.79700000000000004        6.0999999999999999E-002   8.1199999999999994E-002   3.7199999999999997E-002
   114.00000000000000        9.7665822440665573E-002   2.3199999999999998E-002  0.79700000000000004        6.0600000000000001E-002   8.1000000000000003E-002   3.8199999999999998E-002
   115.00000000000000       0.11654942165419552        2.3199999999999998E-002  0.79600000000000004        6.1600000000000002E-002   8.1000000000000003E-002   3.8199999999999998E-002
   116.00000000000000       0.13348562732571503        2.3000000000000000E-002  0.79620000000000002        6.1600000000000002E-002   7.9399999999999998E-002   3.9800000000000002E-002
   117.00000000000000       0.14778010008809661        2.3000000000000000E-002  0.78500000000000003        7.2400000000000006E-002   7.9799999999999996E-002   3.9800000000000002E-002
   118.00000000000000       0.15584873863090976        2.3000000000000000E-002  0.78359999999999996        7.2200000000000000E-002   8.1400000000000000E-002   3.9800000000000002E-002
   119.00000000000000       0.17184897916741632        2.2800000000000001E-002  0.78220000000000001        7.1999999999999995E-002   8.1199999999999994E-002   4.1799999999999997E-002
   120.00000000000000       0.17141459375299925        2.2599999999999999E-002  0.76939999999999997        8.4599999999999995E-002   8.1400000000000000E-002   4.2000000000000003E-002
   121.00000000000000       0.16609826735908642        2.2400000000000000E-002  0.77000000000000002        8.4000000000000005E-002   8.1600000000000006E-002   4.2000000000000003E-002
   122.00000000000000       0.16299405312096096        2.2200000000000001E-002  0.76739999999999997        8.5400000000000004E-002   8.2400000000000001E-002   4.2599999999999999E-002
   123.00000000000000       0.15669169557441914        2.1600000000000001E-002  0.76719999999999999        8.5400000000000004E-002   8.2600000000000007E-002   4.3200000000000002E-002
   124.00000000000000       0.13828592707509413        2.1600000000000001E-002  0.76719999999999999        8.5400000000000004E-002   8.2600000000000007E-002   4.3200000000000002E-002
   125.00000000000000       0.12526089593493070        2.1600000000000001E-002  0.76500000000000001        8.7400000000000005E-002   8.2199999999999995E-002   4.3799999999999999E-002
   126.00000000000000       0.10812815860155574        2.1600000000000001E-002  0.76359999999999995        8.7400000000000005E-002   8.3000000000000004E-002   4.4400000000000002E-002
   127.00000000000000        8.8340432391108517E-002   2.1600000000000001E-002  0.76339999999999997        8.7400000000000005E-002   8.2799999999999999E-002   4.4800000000000000E-002
   128.00000000000000        6.7111330403898398E-002   2.1800000000000000E-002  0.76319999999999999        8.7400000000000005E-002   8.2799999999999999E-002   4.4800000000000000E-002
   129.00000000000000        4.5307448917998538E-002   2.1800000000000000E-002  0.76300000000000001        8.7400000000000005E-002   8.2600000000000007E-002   4.5199999999999997E-002
   130.00000000000000        2.5345218051107284E-002   0.0000000000000000       0.78300000000000003        8.8999999999999996E-002   8.2600000000000007E-002   4.5400000000000003E-002
   131.00000000000000        3.7292009528871281E-002   0.0000000000000000       0.78300000000000003        8.8999999999999996E-002   8.2600000000000007E-002   4.5400000000000003E-002
   132.00000000000000        7.4642673190238984E-002   0.0000000000000000       0.78300000000000003        8.8999999999999996E-002   8.2199999999999995E-002   4.5800000000000000E-002
   133.00000000000000       0.10857081638501324        0.0000000000000000       0.78300000000000003        8.8999999999999996E-002   8.2199999999999995E-002   4.5800000000000000E-002
   134.00000000000000       0.13848789653870325        0.0000000000000000       0.78300000000000003        8.8999999999999996E-002   8.2199999999999995E-002   4.5800000000000000E-002
   135.00000000000000       0.16343592876035859        0.0000000000000000       0.78300000000000003        8.8200000000000001E-002   8.2400000000000001E-002   4.6399999999999997E-002
   136.00000000000000       0.18790294759949999        0.0000000000000000       0.55800000000000005       0.31319999999999998        8.1199999999999994E-002   4.7600000000000003E-002
   137.00000000000000       0.19042116260862124        0.0000000000000000       0.55800000000000005       0.31319999999999998        7.8399999999999997E-002   5.0400000000000000E-002
   138.00000000000000       0.18309471645697839        0.0000000000000000       0.55759999999999998       0.31319999999999998        7.8600000000000003E-002   5.0599999999999999E-002
   139.00000000000000       0.17412486323473553        0.0000000000000000       0.55759999999999998       0.31319999999999998        7.8600000000000003E-002   5.0599999999999999E-002
   140.00000000000000       0.16169587703936672        0.0000000000000000       0.55720000000000003       0.31319999999999998        7.9200000000000007E-002   5.0400000000000000E-002
   141.00000000000000       0.14717751417670116        0.0000000000000000       0.55700000000000005       0.31319999999999998        7.4600000000000000E-002   5.5199999999999999E-002
   142.00000000000000       0.13066026053480656        0.0000000000000000       0.55640000000000001       0.31319999999999998        7.5200000000000003E-002   5.5199999999999999E-002
   143.00000000000000       0.11230228045913590        0.0000000000000000       0.55559999999999998       0.31319999999999998        7.4399999999999994E-002   5.6800000000000003E-002
   144.00000000000000       0.10282868373531454        0.0000000000000000        0.0000000000000000       0.86780000000000002        7.4399999999999994E-002   5.7799999999999997E-002
   145.00000000000000        7.6895235858644689E-002   0.0000000000000000        0.0000000000000000       0.86260000000000003        7.6799999999999993E-002   6.0600000000000001E-002
   146.00000000000000        6.6707789689704242E-002   0.0000000000000000        0.0000000000000000       0.86260000000000003        7.6999999999999999E-002   6.0400000000000002E-002
   147.00000000000000        5.8054083407104252E-002   0.0000000000000000        0.0000000000000000       0.85899999999999999        7.9399999999999998E-002   6.1600000000000002E-002
   148.00000000000000        4.9030851871820005E-002   0.0000000000000000        0.0000000000000000       0.85599999999999998        7.9000000000000001E-002   6.5000000000000002E-002
   149.00000000000000        4.1871225124377562E-002   0.0000000000000000        0.0000000000000000       0.85599999999999998        7.8600000000000003E-002   6.5400000000000000E-002
   150.00000000000000        3.4759670907319566E-002   0.0000000000000000        0.0000000000000000       0.85580000000000001        7.8600000000000003E-002   6.5600000000000006E-002
   151.00000000000000        2.9365027427833354E-002   0.0000000000000000        0.0000000000000000       0.85380000000000000        7.8200000000000006E-002   6.8000000000000005E-002
   152.00000000000000        2.4228929180571228E-002   0.0000000000000000        0.0000000000000000       0.85380000000000000        7.7799999999999994E-002   6.8400000000000002E-002
   153.00000000000000        2.1461580595790654E-002   0.0000000000000000        0.0000000000000000       0.85160000000000002        7.7799999999999994E-002   7.0599999999999996E-002
   154.00000000000000        1.5810245294961788E-002   0.0000000000000000        0.0000000000000000       0.85160000000000002        7.7799999999999994E-002   7.0599999999999996E-002
   155.00000000000000        1.9000884688015793E-002   0.0000000000000000        0.0000000000000000       0.85160000000000002        7.7200000000000005E-002   7.1199999999999999E-002
   156.00000000000000        8.7735621281903771E-003   0.0000000000000000        0.0000000000000000       0.85019999999999996        7.8600000000000003E-002   7.1199999999999999E-002
   157.00000000000000       -3.4280432177521983E-002   0.0000000000000000        0.0000000000000000       0.84960000000000002        7.8600000000000003E-002   7.1800000000000003E-002
   158.00000000000000        4.0343682157231282E-002   0.0000000000000000        2.0000000000000001E-004  0.84780000000000000        7.8600000000000003E-002   7.3400000000000007E-002
   159.00000000000000        2.3529013674635675E-003   0.0000000000000000        2.0000000000000001E-004  0.84780000000000000        7.8600000000000003E-002   7.3400000000000007E-002
   160.00000000000000       0.11896504112858264        0.0000000000000000        2.0000000000000001E-004  0.84740000000000004        7.2200000000000000E-002   8.0199999999999994E-002
   161.00000000000000        1.2625305527244522E-002   0.0000000000000000        2.0000000000000001E-004  0.84719999999999995        7.1800000000000003E-002   8.0799999999999997E-002
   162.00000000000000       -2.9245904112883275E-003   0.0000000000000000        2.0000000000000001E-004  0.84599999999999997        6.7199999999999996E-002   8.6599999999999996E-002
   163.00000000000000       -3.3591179817971592E-003   0.0000000000000000        2.0000000000000001E-004  0.84599999999999997        6.2600000000000003E-002   9.1200000000000003E-002
   164.00000000000000       -6.2042858296528919E-003   0.0000000000000000        2.0000000000000001E-004  0.84599999999999997        6.2600000000000003E-002   9.1200000000000003E-002
   165.00000000000000        2.7153159436930467E-003   0.0000000000000000        2.0000000000000001E-004  0.84599999999999997        6.2600000000000003E-002   9.1200000000000003E-002
   166.00000000000000        3.5550975928794977E-002   0.0000000000000000        2.0000000000000001E-004  0.84599999999999997        6.2000000000000000E-002   9.1800000000000007E-002
   167.00000000000000        6.5373491150002239E-002   0.0000000000000000        2.0000000000000001E-004  0.84599999999999997        6.1400000000000003E-002   9.2399999999999996E-002
   168.00000000000000        9.1000692853130449E-002   0.0000000000000000        2.0000000000000001E-004  0.84599999999999997        6.1400000000000003E-002   9.2399999999999996E-002
   169.00000000000000       0.11200581155144602        0.0000000000000000        2.0000000000000001E-004  0.84599999999999997        5.8999999999999997E-002   9.4799999999999995E-002
   170.00000000000000       0.12991394491052147        0.0000000000000000        2.0000000000000001E-004  0.84599999999999997        5.8999999999999997E-002   9.4799999999999995E-002
   171.00000000000000       0.13921355666580373        0.0000000000000000        2.0000000000000001E-004  0.84599999999999997        5.9200000000000003E-002   9.4600000000000004E-002
   172.00000000000000       0.14207861218395368        0.0000000000000000        2.0000000000000001E-004  0.84599999999999997        5.7799999999999997E-002   9.6000000000000002E-002
   173.00000000000000       0.14056185241174446        0.0000000000000000        2.0000000000000001E-004  0.84599999999999997        5.7000000000000002E-002   9.6799999999999997E-002
   174.00000000000000       0.13341995836120502        0.0000000000000000        2.0000000000000001E-004  0.84599999999999997        5.6200000000000000E-002   9.7600000000000006E-002
   175.00000000000000       0.12120272838123552        0.0000000000000000        2.0000000000000001E-004  0.84599999999999997        5.6000000000000001E-002   9.7799999999999998E-002
   176.00000000000000       0.10451342921910808        0.0000000000000000        2.0000000000000001E-004  0.84599999999999997        5.6000000000000001E-002   9.7799999999999998E-002
   177.00000000000000        8.3613702365514103E-002   0.0000000000000000        2.0000000000000001E-004  0.84599999999999997        5.5599999999999997E-002   9.8199999999999996E-002
   178.00000000000000        6.0016308948122515E-002   0.0000000000000000        2.0000000000000001E-004  0.84599999999999997        5.5399999999999998E-002   9.8400000000000001E-002
   179.00000000000000        3.4208590625425639E-002   0.0000000000000000        2.0000000000000001E-004  0.84599999999999997        5.5399999999999998E-002   9.8400000000000001E-002
   180.00000000000000        7.1727730152550268E-003   0.0000000000000000        2.0000000000000001E-004  0.84599999999999997        5.5399999999999998E-002   9.8400000000000001E-002
   181.00000000000000       -2.0205852487363996E-002   2.0000000000000001E-004   7.4000000000000003E-003  0.83860000000000001        5.5399999999999998E-002   9.8400000000000001E-002
   182.00000000000000       -3.4392166132113759E-002   1.8000000000000000E-003   7.4000000000000003E-003  0.83599999999999997        5.4199999999999998E-002  0.10059999999999999     
   183.00000000000000       -3.5908359640633818E-002   2.8000000000000000E-003   7.4000000000000003E-003  0.83099999999999996        5.6599999999999998E-002  0.10220000000000000     
   184.00000000000000       -3.8740618708551319E-002   4.5999999999999999E-003   5.4000000000000003E-003  0.82779999999999998        6.0199999999999997E-002  0.10199999999999999     
   185.00000000000000       -4.2042719503974667E-002   4.5999999999999999E-003   5.1999999999999998E-003  0.82340000000000002        5.9400000000000001E-002  0.10740000000000000     
   186.00000000000000       -4.7189020766268006E-002   4.5999999999999999E-003   5.1999999999999998E-003  0.82299999999999995        5.8000000000000003E-002  0.10920000000000001     
   187.00000000000000       -5.5286089779266523E-002   4.5999999999999999E-003   5.1999999999999998E-003  0.82240000000000002        5.7400000000000000E-002  0.11040000000000000     
   188.00000000000000       -5.9590902374237746E-002   4.5999999999999999E-003   5.1999999999999998E-003  0.82240000000000002        5.8400000000000001E-002  0.10940000000000000     
   189.00000000000000       -6.6528836732903454E-002   9.5999999999999992E-003   0.0000000000000000       0.82220000000000004        5.9200000000000003E-002  0.10900000000000000     
   190.00000000000000       -7.2623055446623591E-002   9.5999999999999992E-003   0.0000000000000000       0.82060000000000000        5.8200000000000002E-002  0.11160000000000000     
   191.00000000000000       -7.9466532934106562E-002   9.5999999999999992E-003   0.0000000000000000       0.81940000000000002        5.9799999999999999E-002  0.11119999999999999     
   192.00000000000000       -8.6267040791663085E-002   9.7999999999999997E-003   4.2200000000000001E-002  0.77500000000000002        6.1400000000000003E-002  0.11160000000000000     
   193.00000000000000       -8.4952699615325755E-002   9.4000000000000004E-003   4.2200000000000001E-002  0.77500000000000002        5.8799999999999998E-002  0.11459999999999999     
   194.00000000000000       -6.5804390226359186E-002   9.5999999999999992E-003   4.2000000000000003E-002  0.77500000000000002        5.8799999999999998E-002  0.11459999999999999     
   195.00000000000000       -4.5202817445779669E-002   9.4000000000000004E-003   4.2000000000000003E-002  0.77500000000000002        6.1400000000000003E-002  0.11219999999999999     
   196.00000000000000       -2.3320958093483897E-002   9.4000000000000004E-003   4.2000000000000003E-002  0.77500000000000002        6.3799999999999996E-002  0.10979999999999999     
   197.00000000000000       -1.3038535247566069E-003   9.4000000000000004E-003   4.2000000000000003E-002  0.77500000000000002        6.3200000000000006E-002  0.11040000000000000     
   198.00000000000000        1.9706475111266636E-002   9.5999999999999992E-003   4.1799999999999997E-002  0.77500000000000002        6.6000000000000003E-002  0.10760000000000000     
   199.00000000000000        3.8413582851382258E-002   9.1999999999999998E-003   4.2000000000000003E-002  0.77500000000000002        6.5199999999999994E-002  0.10860000000000000     
   200.00000000000000        5.4329640051429359E-002   9.1999999999999998E-003   4.2000000000000003E-002  0.77500000000000002        6.0400000000000002E-002  0.11340000000000000     
   201.00000000000000        7.0101691828000662E-002   8.9999999999999993E-003   4.2200000000000001E-002  0.77500000000000002       0.13280000000000000        4.1000000000000002E-002
   202.00000000000000        7.8353539127933802E-002   8.9999999999999993E-003   4.2200000000000001E-002  0.77500000000000002       0.12139999999999999        5.2400000000000002E-002
   203.00000000000000        8.0119964558747814E-002   8.8000000000000005E-003   4.2400000000000000E-002  0.77500000000000002       0.12239999999999999        5.1400000000000001E-002
   204.00000000000000        7.9204002323197881E-002   8.8000000000000005E-003   4.2400000000000000E-002  0.77500000000000002       0.12239999999999999        5.1400000000000001E-002
   205.00000000000000        7.3436260784766394E-002   8.8000000000000005E-003   4.2400000000000000E-002  0.77500000000000002       0.12300000000000000        5.0799999999999998E-002
   206.00000000000000        6.3509966943899876E-002   8.2000000000000007E-003   2.2800000000000001E-002  0.79440000000000000       0.12520000000000001        4.9399999999999999E-002
   207.00000000000000        5.2255553237849230E-002   7.7999999999999996E-003   2.2800000000000001E-002  0.79420000000000002       0.12440000000000000        5.0799999999999998E-002
   208.00000000000000        6.9682934055431092E-002   7.7999999999999996E-003   2.2800000000000001E-002  0.79139999999999999       0.12479999999999999        5.3199999999999997E-002
   209.00000000000000        8.5842084234896199E-002   2.1000000000000001E-002   9.1999999999999998E-003  0.78839999999999999       0.12820000000000001        5.3199999999999997E-002
   210.00000000000000        9.9904792505703180E-002   2.1000000000000001E-002   9.1999999999999998E-003  0.78839999999999999       0.12820000000000001        5.3199999999999997E-002
   211.00000000000000       0.11181399358957968        2.1000000000000001E-002   9.1999999999999998E-003  0.78720000000000001       0.12959999999999999        5.2999999999999999E-002
   212.00000000000000       0.12323237697184251        2.1000000000000001E-002   9.1999999999999998E-003  0.78580000000000005       0.13059999999999999        5.3400000000000003E-002
   213.00000000000000       0.12893540703324485        2.1000000000000001E-002   9.1999999999999998E-003  0.78559999999999997       0.12820000000000001        5.6000000000000001E-002
   214.00000000000000       0.13378490550660443        2.0799999999999999E-002   9.4000000000000004E-003  0.78559999999999997       0.12839999999999999        5.5800000000000002E-002
   215.00000000000000       0.13644476605041045        2.0000000000000000E-002   1.0200000000000001E-002  0.78400000000000003       0.12900000000000000        5.6800000000000003E-002
   216.00000000000000       0.13678398417387674        1.9599999999999999E-002   1.0400000000000000E-002  0.78080000000000005       0.12920000000000001        5.9999999999999998E-002
