#        BMIN =   404
#        BMAX =   408
#     INIBAND =   406
#      NBANDS =   540
#         NSW =  2000
#       POTIM =   1.0
#        TEMP = 300.0
#    NAMDTINI =   295
#    NAMDTIME =  1000
#       NTRAJ =  5000
#        NELM =  1000
#       LHOLE =     T
#        LSHP =     T
#      LCPTXT =     T
#      RUNDIR = ../../run/
   1.0000000000000000       -8.4438993881652408E-002   0.0000000000000000        0.0000000000000000        1.0000000000000000        0.0000000000000000        0.0000000000000000     
   2.0000000000000000      -0.10483898632958806        0.0000000000000000        0.0000000000000000        1.0000000000000000        0.0000000000000000        0.0000000000000000     
   3.0000000000000000      -0.12378577760584755        0.0000000000000000        1.4000000000000000E-003  0.99839999999999995        2.0000000000000001E-004   0.0000000000000000     
   4.0000000000000000      -0.12890235541638995        0.0000000000000000        1.4000000000000000E-003  0.99839999999999995        2.0000000000000001E-004   0.0000000000000000     
   5.0000000000000000      -0.10365239170599991        0.0000000000000000        1.4000000000000000E-003  0.99839999999999995        2.0000000000000001E-004   0.0000000000000000     
   6.0000000000000000       -7.3487501516900061E-002   0.0000000000000000        1.4000000000000000E-003  0.99839999999999995        2.0000000000000001E-004   0.0000000000000000     
   7.0000000000000000       -4.4447883534193801E-002   0.0000000000000000        1.4000000000000000E-003  0.99839999999999995        2.0000000000000001E-004   0.0000000000000000     
   8.0000000000000000       -1.5841559561639920E-002   0.0000000000000000        1.4000000000000000E-003  0.99839999999999995        2.0000000000000001E-004   0.0000000000000000     
   9.0000000000000000        9.9961327778412407E-003   0.0000000000000000        1.4000000000000000E-003  0.99839999999999995        2.0000000000000001E-004   0.0000000000000000     
   10.000000000000000        3.5128464317155793E-002   0.0000000000000000        1.4000000000000000E-003  0.99839999999999995        2.0000000000000001E-004   0.0000000000000000     
   11.000000000000000        5.0620808861824906E-002   0.0000000000000000        1.4000000000000000E-003  0.99839999999999995        2.0000000000000001E-004   0.0000000000000000     
   12.000000000000000        6.3562695169076450E-002   0.0000000000000000        1.4000000000000000E-003  0.99839999999999995        2.0000000000000001E-004   0.0000000000000000     
   13.000000000000000        7.0065831438285514E-002   0.0000000000000000        1.4000000000000000E-003  0.99839999999999995        2.0000000000000001E-004   0.0000000000000000     
   14.000000000000000        7.0037862693624955E-002   0.0000000000000000        1.4000000000000000E-003  0.99839999999999995        2.0000000000000001E-004   0.0000000000000000     
   15.000000000000000        6.3534989926387106E-002   0.0000000000000000        1.4000000000000000E-003  0.99839999999999995        2.0000000000000001E-004   0.0000000000000000     
   16.000000000000000        5.0069542935134187E-002   0.0000000000000000        1.4000000000000000E-003  0.99839999999999995        2.0000000000000001E-004   0.0000000000000000     
   17.000000000000000        3.0219785785132458E-002   0.0000000000000000        1.4000000000000000E-003  0.99839999999999995        2.0000000000000001E-004   0.0000000000000000     
   18.000000000000000        4.9538720561695176E-003   0.0000000000000000        0.0000000000000000       0.99980000000000002        2.0000000000000001E-004   0.0000000000000000     
   19.000000000000000       -1.4689976229978956E-002   0.0000000000000000        0.0000000000000000       0.99939999999999996        4.0000000000000002E-004   2.0000000000000001E-004
   20.000000000000000        9.8459873939446682E-004   2.0000000000000001E-004   2.0000000000000001E-004  0.99900000000000000        4.0000000000000002E-004   2.0000000000000001E-004
   21.000000000000000        1.6639882488041730E-002   2.0000000000000001E-004   2.0000000000000001E-004  0.99839999999999995        1.0000000000000000E-003   2.0000000000000001E-004
   22.000000000000000        3.2586786483543878E-002   2.0000000000000001E-004   0.0000000000000000       0.99739999999999995        2.0000000000000000E-003   4.0000000000000002E-004
   23.000000000000000        4.7697581341123174E-002   2.0000000000000001E-004   0.0000000000000000       0.99739999999999995        2.0000000000000000E-003   4.0000000000000002E-004
   24.000000000000000        6.2716942587449420E-002   2.0000000000000001E-004   0.0000000000000000       0.99639999999999995        2.2000000000000001E-003   1.1999999999999999E-003
   25.000000000000000        7.5996920971891604E-002   2.0000000000000001E-004   0.0000000000000000       0.99639999999999995        2.2000000000000001E-003   1.1999999999999999E-003
   26.000000000000000        8.8543085344996067E-002   2.0000000000000001E-004   0.0000000000000000       0.99580000000000002        2.5999999999999999E-003   1.4000000000000000E-003
   27.000000000000000        9.9494278204607267E-002   2.0000000000000001E-004   0.0000000000000000       0.99460000000000004        3.2000000000000002E-003   2.0000000000000000E-003
   28.000000000000000       0.10858636266772557        0.0000000000000000        0.0000000000000000       0.99460000000000004        3.3999999999999998E-003   2.0000000000000000E-003
   29.000000000000000       0.11598018182628189        0.0000000000000000        0.0000000000000000       0.99339999999999995        4.4000000000000003E-003   2.2000000000000001E-003
   30.000000000000000       0.12234292893269870        0.0000000000000000        0.0000000000000000       0.98899999999999999        4.7999999999999996E-003   6.1999999999999998E-003
   31.000000000000000       0.12625274559340782        0.0000000000000000        0.0000000000000000       0.98460000000000003        4.7999999999999996E-003   1.0600000000000000E-002
   32.000000000000000       0.12638411860232346        0.0000000000000000        0.0000000000000000       0.98380000000000001        5.5999999999999999E-003   1.0600000000000000E-002
   33.000000000000000       0.12347135806649313        0.0000000000000000        0.0000000000000000       0.98260000000000003        6.7999999999999996E-003   1.0600000000000000E-002
   34.000000000000000       0.11796819670624309        0.0000000000000000        0.0000000000000000       0.98080000000000001        7.7999999999999996E-003   1.1400000000000000E-002
   35.000000000000000       0.10881796303971963        0.0000000000000000        0.0000000000000000       0.97919999999999996        8.9999999999999993E-003   1.1800000000000000E-002
   36.000000000000000        9.6587812475277965E-002   0.0000000000000000        0.0000000000000000       0.97780000000000000        1.0400000000000000E-002   1.1800000000000000E-002
   37.000000000000000        8.1049285313841979E-002   0.0000000000000000        0.0000000000000000       0.97580000000000000        1.0999999999999999E-002   1.3200000000000000E-002
   38.000000000000000        6.3937566714648453E-002   0.0000000000000000        0.0000000000000000       0.97199999999999998        1.0999999999999999E-002   1.7000000000000001E-002
   39.000000000000000        4.3770063949207495E-002   0.0000000000000000        0.0000000000000000       0.97180000000000000        1.1200000000000000E-002   1.7000000000000001E-002
   40.000000000000000        2.1499163235677674E-002   0.0000000000000000        0.0000000000000000       0.97160000000000002        1.1200000000000000E-002   1.7200000000000000E-002
   41.000000000000000       -3.6293639118034383E-003   0.0000000000000000        8.4800000000000000E-002  0.88680000000000003        1.1200000000000000E-002   1.7200000000000000E-002
   42.000000000000000        1.5959672893963484E-002   0.0000000000000000        8.4199999999999997E-002  0.88680000000000003        1.1200000000000000E-002   1.7800000000000000E-002
   43.000000000000000        5.0018127040867159E-002   5.5999999999999999E-003   7.8000000000000000E-002  0.88719999999999999        1.1400000000000000E-002   1.7800000000000000E-002
   44.000000000000000        8.2587468045109441E-002   6.0000000000000001E-003   7.7600000000000002E-002  0.88719999999999999        1.1400000000000000E-002   1.7800000000000000E-002
   45.000000000000000       0.11228304227534266        5.7999999999999996E-003   7.7799999999999994E-002  0.88719999999999999        1.1200000000000000E-002   1.7999999999999999E-002
   46.000000000000000       0.13620520120658924        5.7999999999999996E-003   7.7799999999999994E-002  0.89200000000000002        6.4000000000000003E-003   1.7999999999999999E-002
   47.000000000000000       0.14007465715210890        6.1999999999999998E-003   7.7399999999999997E-002  0.88959999999999995        6.4000000000000003E-003   2.0400000000000001E-002
   48.000000000000000       0.13419581304227765        6.6000000000000000E-003   7.6999999999999999E-002  0.88780000000000003        6.4000000000000003E-003   2.2200000000000001E-002
   49.000000000000000       0.12486624183813348        6.6000000000000000E-003   7.6999999999999999E-002  0.88780000000000003        6.4000000000000003E-003   2.2200000000000001E-002
   50.000000000000000       0.12114814053356587        6.4000000000000003E-003   7.7200000000000005E-002  0.88719999999999999        6.4000000000000003E-003   2.2800000000000001E-002
   51.000000000000000       0.11303100121710907        9.7999999999999997E-003   7.3800000000000004E-002  0.88660000000000005        6.4000000000000003E-003   2.3400000000000001E-002
   52.000000000000000       0.10469731517068880        9.7999999999999997E-003   7.3800000000000004E-002  0.89039999999999997        2.3999999999999998E-003   2.3599999999999999E-002
   53.000000000000000        8.7514266247682299E-002   9.7999999999999997E-003   7.3599999999999999E-002  0.89039999999999997        2.0000000000000000E-003   2.4199999999999999E-002
   54.000000000000000        5.7430319732219147E-002   9.7999999999999997E-003   7.3599999999999999E-002  0.89039999999999997        2.0000000000000000E-003   2.4199999999999999E-002
   55.000000000000000        2.0757970822697116E-002   9.5999999999999992E-003  0.11240000000000000       0.85160000000000002        2.0000000000000000E-003   2.4400000000000002E-002
   56.000000000000000        1.0310337067282059E-002   9.4000000000000004E-003  0.11240000000000000       0.85180000000000000        2.0000000000000000E-003   2.4400000000000002E-002
   57.000000000000000        1.4508936966108948E-002   2.6200000000000001E-002   9.5200000000000007E-002  0.85080000000000000        2.0000000000000000E-003   2.5800000000000000E-002
   58.000000000000000        2.0498565851716923E-002   2.6200000000000001E-002   9.5200000000000007E-002  0.84980000000000000        2.0000000000000000E-003   2.6800000000000001E-002
   59.000000000000000        2.9847015725973140E-002   2.6599999999999999E-002   9.1200000000000003E-002  0.85319999999999996        2.0000000000000000E-003   2.7000000000000000E-002
   60.000000000000000        3.8414406866977828E-002   2.6400000000000000E-002   9.1399999999999995E-002  0.85319999999999996        2.0000000000000000E-003   2.7000000000000000E-002
   61.000000000000000        4.8042769777359717E-002   2.6200000000000001E-002   9.1200000000000003E-002  0.84960000000000002        5.5999999999999999E-003   2.7400000000000001E-002
   62.000000000000000        5.5625836945381632E-002   2.6400000000000000E-002   9.0800000000000006E-002  0.85160000000000002        3.8000000000000000E-003   2.7400000000000001E-002
   63.000000000000000        6.2858183253923464E-002   2.6200000000000001E-002   8.9800000000000005E-002  0.85160000000000002        3.8000000000000000E-003   2.8600000000000000E-002
   64.000000000000000        6.8482097807218548E-002   2.6200000000000001E-002   8.9200000000000002E-002  0.85219999999999996        3.8000000000000000E-003   2.8600000000000000E-002
   65.000000000000000        7.2929105428440222E-002   2.6200000000000001E-002   8.8999999999999996E-002  0.85180000000000000        4.1999999999999997E-003   2.8799999999999999E-002
   66.000000000000000        7.6059791920595851E-002   2.6200000000000001E-002   8.8800000000000004E-002  0.85199999999999998        4.1999999999999997E-003   2.8799999999999999E-002
   67.000000000000000        7.8515480901478932E-002   2.5999999999999999E-002   8.8200000000000001E-002  0.85199999999999998        4.1999999999999997E-003   2.9600000000000001E-002
   68.000000000000000        7.9090042618053760E-002   2.5999999999999999E-002   8.7800000000000003E-002  0.85199999999999998        4.1999999999999997E-003   2.9999999999999999E-002
   69.000000000000000        7.8115452613510605E-002   2.5600000000000001E-002   8.8400000000000006E-002  0.85180000000000000        4.1999999999999997E-003   2.9999999999999999E-002
   70.000000000000000        7.6153395852258318E-002   2.4400000000000002E-002   8.9399999999999993E-002  0.85040000000000004        4.1999999999999997E-003   3.1600000000000003E-002
   71.000000000000000        7.3165622963818316E-002   2.4400000000000002E-002   8.4199999999999997E-002  0.85540000000000005        4.1999999999999997E-003   3.1800000000000002E-002
   72.000000000000000        6.7301875321464422E-002   2.4000000000000000E-002   8.5199999999999998E-002  0.85480000000000000        4.1999999999999997E-003   3.1800000000000002E-002
   73.000000000000000        6.1004796919366944E-002   2.3400000000000001E-002   8.6800000000000002E-002  0.85260000000000002        4.4000000000000003E-003   3.2800000000000003E-002
   74.000000000000000        5.2808648946219172E-002   2.3000000000000000E-002  0.15520000000000000       0.78300000000000003        5.0000000000000001E-003   3.3799999999999997E-002
   75.000000000000000        5.0306039597134547E-002   2.3000000000000000E-002  0.13039999999999999       0.80659999999999998        5.7999999999999996E-003   3.4200000000000001E-002
   76.000000000000000        5.1664593419458511E-002   2.2800000000000001E-002  0.14399999999999999       0.79259999999999997        5.4000000000000003E-003   3.5200000000000002E-002
   77.000000000000000        5.4863157310004032E-002   2.4000000000000000E-002  0.14299999999999999       0.79200000000000004        5.0000000000000001E-003   3.5999999999999997E-002
   78.000000000000000        5.8278249767712099E-002   0.0000000000000000       0.16320000000000001       0.79579999999999995        8.2000000000000007E-003   3.2800000000000003E-002
   79.000000000000000        6.3190473343772133E-002   0.0000000000000000       0.16320000000000001       0.79579999999999995        8.2000000000000007E-003   3.2800000000000003E-002
   80.000000000000000        7.1661634025322746E-002   0.0000000000000000       0.16320000000000001       0.79579999999999995        8.6000000000000000E-003   3.2399999999999998E-002
   81.000000000000000        7.8093856415756918E-002   0.0000000000000000       0.18160000000000001       0.77500000000000002        1.0000000000000000E-002   3.3399999999999999E-002
   82.000000000000000        8.6881439999712290E-002   0.0000000000000000       0.18099999999999999       0.77500000000000002        1.0600000000000000E-002   3.3399999999999999E-002
   83.000000000000000       0.10064786781793106        0.0000000000000000       0.18099999999999999       0.77500000000000002        1.0600000000000000E-002   3.3399999999999999E-002
   84.000000000000000       0.10835751704774363        0.0000000000000000       0.18099999999999999       0.77500000000000002        1.0400000000000000E-002   3.3599999999999998E-002
   85.000000000000000       0.10960309967525689        0.0000000000000000       0.18099999999999999       0.77500000000000002        1.0200000000000001E-002   3.3799999999999997E-002
   86.000000000000000       0.10474724087871884        0.0000000000000000       0.18079999999999999       0.77500000000000002        1.0400000000000000E-002   3.3799999999999997E-002
   87.000000000000000        9.4169482715541389E-002   0.0000000000000000       0.18040000000000000       0.77500000000000002        9.7999999999999997E-003   3.4799999999999998E-002
   88.000000000000000        7.7960497013453270E-002   0.0000000000000000       0.17999999999999999       0.77500000000000002        8.9999999999999993E-003   3.5999999999999997E-002
   89.000000000000000        5.7463985380938110E-002   0.0000000000000000       0.17879999999999999       0.77500000000000002        9.1999999999999998E-003   3.6999999999999998E-002
   90.000000000000000        3.2129041446189679E-002   9.4000000000000004E-003  0.16860000000000000       0.77500000000000002        9.1999999999999998E-003   3.7800000000000000E-002
   91.000000000000000        8.1034682824711393E-003   8.3999999999999995E-003  0.13739999999999999       0.80720000000000003        8.6000000000000000E-003   3.8399999999999997E-002
   92.000000000000000       -1.7759618364236618E-002   8.6000000000000000E-003  0.13800000000000001       0.80600000000000005        8.9999999999999993E-003   3.8399999999999997E-002
   93.000000000000000       -1.9515792443001979E-002   8.6000000000000000E-003  0.13800000000000001       0.80600000000000005        8.9999999999999993E-003   3.8399999999999997E-002
   94.000000000000000       -2.1765928222307815E-002   8.6000000000000000E-003  0.13800000000000001       0.80600000000000005        8.8000000000000005E-003   3.8600000000000002E-002
   95.000000000000000       -2.3246575305865824E-002   8.6000000000000000E-003  0.13800000000000001       0.80359999999999998        8.9999999999999993E-003   4.0800000000000003E-002
   96.000000000000000       -2.5639387574828865E-002   8.6000000000000000E-003  0.13800000000000001       0.80359999999999998        8.8000000000000005E-003   4.1000000000000002E-002
   97.000000000000000       -2.7810960014913934E-002   8.6000000000000000E-003  0.13800000000000001       0.80340000000000000        8.8000000000000005E-003   4.1200000000000001E-002
   98.000000000000000       -2.9542490466966241E-002   8.6000000000000000E-003  0.13800000000000001       0.80340000000000000        8.8000000000000005E-003   4.1200000000000001E-002
   99.000000000000000       -3.0880148083202507E-002   8.2000000000000007E-003  0.13800000000000001       0.80259999999999998        1.0000000000000000E-002   4.1200000000000001E-002
   100.00000000000000       -3.2105858985335183E-002   8.2000000000000007E-003  0.13800000000000001       0.80040000000000000        1.2200000000000001E-002   4.1200000000000001E-002
   101.00000000000000       -3.2659088598149803E-002   7.6000000000000000E-003  0.13800000000000001       0.80120000000000002        1.1599999999999999E-002   4.1599999999999998E-002
   102.00000000000000       -3.2962845134776236E-002   7.1999999999999998E-003  0.13800000000000001       0.80020000000000002        1.2600000000000000E-002   4.2000000000000003E-002
   103.00000000000000       -3.2745509926529040E-002   7.1999999999999998E-003  0.13800000000000001       0.79200000000000004        2.0600000000000000E-002   4.2200000000000001E-002
   104.00000000000000       -3.2046784275805359E-002   7.0000000000000001E-003  0.13800000000000001       0.77980000000000005        3.3000000000000002E-002   4.2200000000000001E-002
   105.00000000000000       -3.2954470636742166E-002   7.0000000000000001E-003  0.13800000000000001       0.78059999999999996        3.2199999999999999E-002   4.2200000000000001E-002
   106.00000000000000       -3.2861654759855544E-002   7.0000000000000001E-003  0.13800000000000001       0.78059999999999996        3.2199999999999999E-002   4.2200000000000001E-002
   107.00000000000000       -3.0717003484463483E-002   7.0000000000000001E-003   0.0000000000000000       0.91820000000000002        3.2599999999999997E-002   4.2200000000000001E-002
   108.00000000000000       -1.7215559860375353E-002   7.0000000000000001E-003   0.0000000000000000       0.91820000000000002        3.2599999999999997E-002   4.2200000000000001E-002
   109.00000000000000        2.0149257003779911E-002   6.4000000000000003E-003   0.0000000000000000       0.61680000000000001       0.33460000000000001        4.2200000000000001E-002
   110.00000000000000        3.7463727285615422E-002   6.4000000000000003E-003   0.0000000000000000       0.61760000000000004       0.33379999999999999        4.2200000000000001E-002
   111.00000000000000        4.6913871379335080E-002   6.1999999999999998E-003   0.0000000000000000       0.61539999999999995       0.33379999999999999        4.4600000000000001E-002
   112.00000000000000        5.3609501413619302E-002   5.5999999999999999E-003   0.0000000000000000       0.61560000000000004       0.33379999999999999        4.4999999999999998E-002
   113.00000000000000        6.0533332744393625E-002   5.5999999999999999E-003   0.0000000000000000       0.60940000000000005       0.33379999999999999        5.1200000000000002E-002
   114.00000000000000        6.3847424418855117E-002   5.5999999999999999E-003   0.0000000000000000       0.60940000000000005       0.33379999999999999        5.1200000000000002E-002
   115.00000000000000        6.4335544866920627E-002   5.5999999999999999E-003   0.0000000000000000       0.60919999999999996       0.33379999999999999        5.1400000000000001E-002
   116.00000000000000        6.5469412939134733E-002   4.1999999999999997E-003   4.0000000000000002E-004  0.60799999999999998       0.33379999999999999        5.3600000000000002E-002
   117.00000000000000        6.0064269959410305E-002   4.1999999999999997E-003   4.0000000000000002E-004  0.93999999999999995        2.0000000000000001E-004   5.5199999999999999E-002
   118.00000000000000        4.8890992719140804E-002   4.1999999999999997E-003   4.0000000000000002E-004  0.93999999999999995        2.0000000000000001E-004   5.5199999999999999E-002
   119.00000000000000        2.1905205423058915E-002   4.1999999999999997E-003   4.0000000000000002E-004  0.93999999999999995        2.0000000000000001E-004   5.5199999999999999E-002
   120.00000000000000       -9.4603663626474533E-003   4.1999999999999997E-003   4.0000000000000002E-004  0.93999999999999995        2.0000000000000001E-004   5.5199999999999999E-002
   121.00000000000000       -4.3543402533750761E-002   6.7999999999999996E-003   0.0000000000000000       0.93279999999999996        4.4000000000000003E-003   5.6000000000000001E-002
   122.00000000000000       -5.5686420181258106E-002   2.4400000000000002E-002   2.0000000000000001E-004  0.91379999999999995        4.4000000000000003E-003   5.7200000000000001E-002
   123.00000000000000       -4.6428494537237179E-002   2.4400000000000002E-002   2.0000000000000001E-004  0.91180000000000005        6.4000000000000003E-003   5.7200000000000001E-002
   124.00000000000000       -3.1611938920059382E-002   2.4400000000000002E-002   2.0000000000000001E-004  0.91020000000000001        8.0000000000000002E-003   5.7200000000000001E-002
   125.00000000000000       -1.1052444341643137E-002   2.3000000000000000E-002   5.9999999999999995E-004  0.90200000000000002        1.7800000000000000E-002   5.6599999999999998E-002
   126.00000000000000        8.7961815320312213E-003   2.3000000000000000E-002   5.9999999999999995E-004  0.89859999999999995        2.0199999999999999E-002   5.7599999999999998E-002
   127.00000000000000        2.8129879084962985E-002   2.3000000000000000E-002   5.9999999999999995E-004  0.89859999999999995        2.0400000000000001E-002   5.7400000000000000E-002
   128.00000000000000        4.5879053853074447E-002   2.3000000000000000E-002   5.9999999999999995E-004  0.89700000000000002        2.1999999999999999E-002   5.7400000000000000E-002
   129.00000000000000        6.4981555966401691E-002   2.3000000000000000E-002   5.9999999999999995E-004  0.88980000000000004        2.5999999999999999E-002   6.0600000000000001E-002
   130.00000000000000        8.1399402012065802E-002   1.9599999999999999E-002   5.9999999999999995E-004  0.89319999999999999        2.5800000000000000E-002   6.0800000000000000E-002
   131.00000000000000        9.6560732685165032E-002   1.1400000000000000E-002   6.7999999999999996E-003  0.89459999999999995        2.5999999999999999E-002   6.1199999999999997E-002
   132.00000000000000       0.11046547898666811        1.0400000000000000E-002   6.1999999999999998E-003  0.89500000000000002        2.7199999999999998E-002   6.1199999999999997E-002
   133.00000000000000       0.12236405918360324        1.0400000000000000E-002   6.0000000000000001E-003  0.89480000000000004        2.7600000000000000E-002   6.1199999999999997E-002
   134.00000000000000       0.13351338515985378        1.0400000000000000E-002   5.5999999999999999E-003  0.89520000000000000        2.7600000000000000E-002   6.1199999999999997E-002
   135.00000000000000       0.14410254513470161        9.4000000000000004E-003   5.0000000000000001E-003  0.89639999999999997        2.7600000000000000E-002   6.1600000000000002E-002
   136.00000000000000       0.15323584788994754        9.4000000000000004E-003   4.7999999999999996E-003  0.89659999999999995        2.7400000000000001E-002   6.1800000000000001E-002
   137.00000000000000       0.16173538569051679        9.4000000000000004E-003   4.0000000000000001E-003  0.89380000000000004        3.1000000000000000E-002   6.1800000000000001E-002
   138.00000000000000       0.16877261864942480        9.4000000000000004E-003   4.0000000000000001E-003  0.89380000000000004        3.1000000000000000E-002   6.1800000000000001E-002
   139.00000000000000       0.17580147265535340        9.4000000000000004E-003   3.8000000000000000E-003  0.88560000000000005        3.9399999999999998E-002   6.1800000000000001E-002
   140.00000000000000       0.18187356319083844        9.4000000000000004E-003   3.8000000000000000E-003  0.87700000000000000        4.7199999999999999E-002   6.2600000000000003E-002
   141.00000000000000       0.18460680654778269        8.9999999999999993E-003   4.0000000000000001E-003  0.87239999999999995        5.1999999999999998E-002   6.2600000000000003E-002
   142.00000000000000       0.18477849590436932        8.8000000000000005E-003   4.0000000000000001E-003  0.87260000000000004        5.1999999999999998E-002   6.2600000000000003E-002
   143.00000000000000       0.18248122103068926        8.8000000000000005E-003   4.0000000000000001E-003  0.87260000000000004        5.1799999999999999E-002   6.2799999999999995E-002
   144.00000000000000       0.18000428392538514        8.8000000000000005E-003   4.0000000000000001E-003  0.87180000000000002        5.1799999999999999E-002   6.3600000000000004E-002
   145.00000000000000       0.17446264742401080        8.8000000000000005E-003   4.0000000000000001E-003  0.87139999999999995        5.2200000000000003E-002   6.3600000000000004E-002
   146.00000000000000       0.16781851917918103        8.8000000000000005E-003   8.6400000000000005E-002  0.78900000000000003        5.2200000000000003E-002   6.3600000000000004E-002
   147.00000000000000       0.16529745557953540        8.8000000000000005E-003   8.6199999999999999E-002  0.78900000000000003        5.2200000000000003E-002   6.3799999999999996E-002
   148.00000000000000       0.16283327536848846        8.8000000000000005E-003   8.6199999999999999E-002  0.78900000000000003        5.1799999999999999E-002   6.4199999999999993E-002
   149.00000000000000       0.15411262054131186        8.6000000000000000E-003   8.6199999999999999E-002  0.78900000000000003        5.1999999999999998E-002   6.4199999999999993E-002
   150.00000000000000       0.13945564735224122        8.6000000000000000E-003  0.15679999999999999       0.70899999999999996        5.9600000000000000E-002   6.6000000000000003E-002
   151.00000000000000       0.12666913633406326        8.6000000000000000E-003  0.15679999999999999       0.69779999999999998        7.0800000000000002E-002   6.6000000000000003E-002
   152.00000000000000       0.11516148272588278        8.6000000000000000E-003  0.15679999999999999       0.65659999999999996       0.11200000000000000        6.6000000000000003E-002
   153.00000000000000        9.8332488939722573E-002   8.3999999999999995E-003  0.15679999999999999       0.65739999999999998       0.11119999999999999        6.6199999999999995E-002
   154.00000000000000        8.1130762046111943E-002   8.3999999999999995E-003  0.15679999999999999       0.64039999999999997       0.12700000000000000        6.7400000000000002E-002
   155.00000000000000        6.0519081502803357E-002   8.3999999999999995E-003  0.15679999999999999       0.64100000000000001       0.12580000000000000        6.8000000000000005E-002
   156.00000000000000        3.9936181604112997E-002   8.3999999999999995E-003  0.15500000000000000       0.62539999999999996       0.14180000000000001        6.9400000000000003E-002
   157.00000000000000        2.2844019731441272E-002   8.3999999999999995E-003  0.15179999999999999       0.62260000000000004       0.14779999999999999        6.9400000000000003E-002
   158.00000000000000        9.8141848422126435E-003   8.3999999999999995E-003  0.15160000000000001       0.62180000000000002       0.14720000000000000        7.0999999999999994E-002
   159.00000000000000       -3.4682008172494012E-003   8.3999999999999995E-003  0.15160000000000001       0.62180000000000002       0.14720000000000000        7.0999999999999994E-002
   160.00000000000000       -1.5083831872315052E-002   7.4000000000000003E-003  0.14140000000000000       0.63300000000000001       0.14720000000000000        7.0999999999999994E-002
   161.00000000000000       -2.4803000600630731E-002   7.4000000000000003E-003  0.12980000000000000       0.63959999999999995       0.15220000000000000        7.0999999999999994E-002
   162.00000000000000       -3.2265581248178229E-002   7.4000000000000003E-003  0.13080000000000000       0.63819999999999999       0.15220000000000000        7.1400000000000005E-002
   163.00000000000000       -3.2940496124350925E-002   7.1999999999999998E-003  0.12620000000000001       0.64219999999999999       0.15300000000000000        7.1400000000000005E-002
   164.00000000000000       -2.9598717075903797E-002   7.1999999999999998E-003  0.12220000000000000       0.64319999999999999       0.15400000000000000        7.3400000000000007E-002
   165.00000000000000       -2.5193751579501940E-002   6.6000000000000000E-003  0.12120000000000000       0.64300000000000002       0.15579999999999999        7.3400000000000007E-002
   166.00000000000000       -1.9028773470291308E-002   6.4000000000000003E-003  0.12100000000000000       0.64039999999999997       0.15600000000000000        7.6200000000000004E-002
   167.00000000000000       -1.2538985791228571E-002   6.1999999999999998E-003  0.12120000000000000       0.63880000000000003       0.15520000000000000        7.8600000000000003E-002
   168.00000000000000       -4.7850509764992069E-003   1.1200000000000000E-002  0.11559999999999999       0.63639999999999997       0.15659999999999999        8.0199999999999994E-002
   169.00000000000000        3.4963381095307750E-003   9.7999999999999997E-003  0.11520000000000000       0.63660000000000005       0.16100000000000000        7.7399999999999997E-002
   170.00000000000000        1.3893027716166566E-002   4.7999999999999996E-003  0.11799999999999999       0.63839999999999997       0.16059999999999999        7.8200000000000006E-002
   171.00000000000000        2.5872720583491476E-002   3.5999999999999999E-003  0.11380000000000000       0.64380000000000004       0.15939999999999999        7.9399999999999998E-002
   172.00000000000000        3.9587293966555054E-002   3.3999999999999998E-003  0.11360000000000001       0.64180000000000004       0.16080000000000000        8.0399999999999999E-002
   173.00000000000000        5.4748493106453119E-002   3.3999999999999998E-003  0.10780000000000001       0.64139999999999997       0.16560000000000000        8.1799999999999998E-002
   174.00000000000000        6.8662842818940528E-002   3.3999999999999998E-003  0.10780000000000001       0.64139999999999997       0.16580000000000000        8.1600000000000006E-002
   175.00000000000000        8.7274837541663625E-002   3.2000000000000002E-003  0.10420000000000000       0.64100000000000001       0.17019999999999999        8.1400000000000000E-002
   176.00000000000000       0.11063258595500747        3.2000000000000002E-003   7.1599999999999997E-002  0.66779999999999995       0.17519999999999999        8.2199999999999995E-002
   177.00000000000000       0.13177082073382468        3.2000000000000002E-003   6.9800000000000001E-002  0.66800000000000004       0.17540000000000000        8.3599999999999994E-002
   178.00000000000000       0.15364468455727087        3.2000000000000002E-003   6.7000000000000004E-002  0.66200000000000003       0.18079999999999999        8.6999999999999994E-002
   179.00000000000000       0.17330604551770737        2.8000000000000000E-003   6.7000000000000004E-002  0.65020000000000000       0.19139999999999999        8.8599999999999998E-002
   180.00000000000000       0.18908118051683190        2.8000000000000000E-003   6.7000000000000004E-002  0.64980000000000004       0.19139999999999999        8.8999999999999996E-002
   181.00000000000000       0.20166720347156436        2.8000000000000000E-003   6.7000000000000004E-002  0.65020000000000000       0.19100000000000000        8.8999999999999996E-002
   182.00000000000000       0.21004536744097044        2.8000000000000000E-003   6.7000000000000004E-002  0.64900000000000002       0.19220000000000001        8.8999999999999996E-002
   183.00000000000000       0.21446062457308376        2.5999999999999999E-003   6.7000000000000004E-002  0.64900000000000002       0.19320000000000001        8.8200000000000001E-002
   184.00000000000000       0.21810394111746956        2.3999999999999998E-003   6.7000000000000004E-002  0.64380000000000004       0.19040000000000001        9.6400000000000000E-002
   185.00000000000000       0.21582630512422571        2.3999999999999998E-003   6.7000000000000004E-002  0.63759999999999994       0.19400000000000001        9.9000000000000005E-002
   186.00000000000000       0.21222805213868684        2.2000000000000001E-003   6.7000000000000004E-002  0.62280000000000002       0.19420000000000001       0.11380000000000000     
   187.00000000000000       0.20144766549724641        2.2000000000000001E-003   6.7000000000000004E-002  0.62280000000000002       0.19460000000000000       0.11340000000000000     
   188.00000000000000       0.18788368503262873        2.0000000000000000E-003   6.7000000000000004E-002  0.62280000000000002       0.18620000000000000       0.12200000000000000     
   189.00000000000000       0.17109935114967015        2.0000000000000000E-003   6.7000000000000004E-002  0.62239999999999995       0.18640000000000001       0.12220000000000000     
   190.00000000000000       0.15239793145754554        2.0000000000000000E-003   6.7000000000000004E-002  0.62239999999999995       0.18679999999999999       0.12180000000000001     
   191.00000000000000       0.13379777648827648        2.0000000000000000E-003   6.7000000000000004E-002  0.61739999999999995       0.18500000000000000       0.12859999999999999     
   192.00000000000000       0.11265696489296192        2.0000000000000000E-003   6.7000000000000004E-002  0.61099999999999999       0.18900000000000000       0.13100000000000001     
   193.00000000000000        9.3338960621653339E-002   6.9000000000000006E-002   0.0000000000000000       0.60899999999999999       0.19020000000000001       0.13180000000000000     
   194.00000000000000        7.5707620383946156E-002   6.9000000000000006E-002   2.0000000000000001E-004  0.60280000000000000       0.19600000000000001       0.13200000000000001     
   195.00000000000000        5.7358328488043960E-002   6.9000000000000006E-002   2.0000000000000001E-004  0.60280000000000000       0.19520000000000001       0.13280000000000000     
   196.00000000000000        4.1127929638277737E-002   6.9000000000000006E-002   0.0000000000000000       0.60299999999999998       0.19520000000000001       0.13280000000000000     
   197.00000000000000        2.9049604739469603E-002   6.9000000000000006E-002   0.0000000000000000       0.60299999999999998       0.19460000000000000       0.13339999999999999     
   198.00000000000000        2.0735821097872156E-002   6.9000000000000006E-002   0.0000000000000000       0.60180000000000000       0.19460000000000000       0.13460000000000000     
   199.00000000000000        1.6382071152513368E-002   6.9000000000000006E-002   1.0000000000000000E-003  0.59999999999999998       0.19520000000000001       0.13480000000000000     
   200.00000000000000        1.6746597673921886E-002   6.9000000000000006E-002   1.8000000000000000E-003  0.59860000000000002       0.19380000000000000       0.13680000000000000     
   201.00000000000000        1.9244547169881943E-002   6.9000000000000006E-002   2.5999999999999999E-003  0.59780000000000000       0.19420000000000001       0.13639999999999999     
   202.00000000000000        2.6167500514034568E-002   6.9000000000000006E-002   2.8000000000000000E-003  0.59360000000000002       0.19739999999999999       0.13719999999999999     
   203.00000000000000        3.4258342897871483E-002   6.9000000000000006E-002   3.0000000000000001E-003  0.59260000000000002       0.19760000000000000       0.13780000000000001     
   204.00000000000000        4.4020274010303867E-002   6.9000000000000006E-002   3.2000000000000002E-003  0.58899999999999997       0.20100000000000001       0.13780000000000001     
   205.00000000000000        5.6887796990896272E-002   6.7400000000000002E-002   4.5999999999999999E-003  0.58479999999999999       0.19660000000000000       0.14660000000000001     
   206.00000000000000        7.0697106135496568E-002   6.7400000000000002E-002   4.5999999999999999E-003  0.58040000000000003       0.19919999999999999       0.14840000000000000     
   207.00000000000000        8.4322687523679996E-002   6.7199999999999996E-002   4.5999999999999999E-003  0.57040000000000002       0.20760000000000001       0.15020000000000000     
   208.00000000000000        9.8172311915094554E-002   6.2199999999999998E-002   4.5999999999999999E-003  0.57520000000000004       0.19480000000000000       0.16320000000000001     
   209.00000000000000       0.11153091646312999        5.6000000000000001E-002   4.5999999999999999E-003  0.58020000000000005       0.19460000000000000       0.16460000000000000     
   210.00000000000000       0.12488497933570555        5.3600000000000002E-002   4.5999999999999999E-003  0.58260000000000001       0.19480000000000000       0.16439999999999999     
   211.00000000000000       0.13863024607557586        5.3600000000000002E-002   4.5999999999999999E-003  0.58260000000000001       0.19220000000000001       0.16700000000000001     
   212.00000000000000       0.15509208010956985        5.2600000000000001E-002   4.5999999999999999E-003  0.58040000000000003       0.19339999999999999       0.16900000000000001     
   213.00000000000000       0.17099265752841203        5.2200000000000003E-002   4.5999999999999999E-003  0.57660000000000000       0.19220000000000001       0.17440000000000000     
   214.00000000000000       0.18711558395485950        5.1999999999999998E-002   4.5999999999999999E-003  0.57120000000000004       0.18440000000000001       0.18779999999999999     
   215.00000000000000       0.20434150040633375        5.0000000000000003E-002   4.5999999999999999E-003  0.56559999999999999       0.18640000000000001       0.19339999999999999     
   216.00000000000000       0.22286064069450884        4.8800000000000003E-002   4.5999999999999999E-003  0.56020000000000003       0.18579999999999999       0.20060000000000000     
