#        BMIN =   404
#        BMAX =   408
#     INIBAND =   406
#      NBANDS =   540
#         NSW =  2000
#       POTIM =   1.0
#        TEMP = 300.0
#    NAMDTINI =   540
#    NAMDTIME =  1000
#       NTRAJ =  5000
#        NELM =  1000
#       LHOLE =     T
#        LSHP =     T
#      LCPTXT =     T
#      RUNDIR = ../../run/
   1.0000000000000000       0.19616917734346789        0.0000000000000000        0.0000000000000000        1.0000000000000000        0.0000000000000000        0.0000000000000000     
   2.0000000000000000       0.20567935992077152        0.0000000000000000        0.0000000000000000        1.0000000000000000        0.0000000000000000        0.0000000000000000     
   3.0000000000000000       0.20681339702895499        0.0000000000000000        0.0000000000000000        1.0000000000000000        0.0000000000000000        0.0000000000000000     
   4.0000000000000000       0.19741628015882870        0.0000000000000000        0.0000000000000000        1.0000000000000000        0.0000000000000000        0.0000000000000000     
   5.0000000000000000       0.17971098707168037        0.0000000000000000        0.0000000000000000        1.0000000000000000        0.0000000000000000        0.0000000000000000     
   6.0000000000000000       0.15394508941413390        0.0000000000000000        0.0000000000000000        1.0000000000000000        0.0000000000000000        0.0000000000000000     
   7.0000000000000000       0.12236245205630321        0.0000000000000000        0.0000000000000000        1.0000000000000000        0.0000000000000000        0.0000000000000000     
   8.0000000000000000        8.3155803546713619E-002   0.0000000000000000        0.0000000000000000        1.0000000000000000        0.0000000000000000        0.0000000000000000     
   9.0000000000000000        3.6302167562309522E-002   0.0000000000000000        0.0000000000000000        1.0000000000000000        0.0000000000000000        0.0000000000000000     
   10.000000000000000       -1.3135260260273406E-002   0.0000000000000000        0.0000000000000000        1.0000000000000000        0.0000000000000000        0.0000000000000000     
   11.000000000000000       -6.5829369563271053E-002   0.0000000000000000        0.0000000000000000        1.0000000000000000        0.0000000000000000        0.0000000000000000     
   12.000000000000000      -0.12688225770265135        0.0000000000000000       0.61839999999999995       0.38159999999999999        0.0000000000000000        0.0000000000000000     
   13.000000000000000      -0.15859502849522641        8.2000000000000007E-003  0.48780000000000001       0.50400000000000000        0.0000000000000000        0.0000000000000000     
   14.000000000000000      -0.17116697161519803        8.2000000000000007E-003  0.99160000000000004        0.0000000000000000        2.0000000000000001E-004   0.0000000000000000     
   15.000000000000000      -0.17184114272075990        8.2000000000000007E-003  0.97160000000000002        2.0000000000000000E-002   2.0000000000000001E-004   0.0000000000000000     
   16.000000000000000      -0.17877154698107414        0.0000000000000000       0.97940000000000005        1.9800000000000002E-002   2.0000000000000001E-004   5.9999999999999995E-004
   17.000000000000000      -0.18545376831629437        2.0000000000000001E-004  0.97860000000000003        1.9800000000000002E-002   2.0000000000000001E-004   1.1999999999999999E-003
   18.000000000000000      -0.19083600269149953        2.0000000000000001E-004  0.97860000000000003        1.9800000000000002E-002   2.0000000000000001E-004   1.1999999999999999E-003
   19.000000000000000      -0.19867074677377777        2.0000000000000001E-004  0.97440000000000004        2.3199999999999998E-002   4.0000000000000002E-004   1.8000000000000000E-003
   20.000000000000000      -0.19687933565011981        2.0000000000000001E-004  0.96899999999999997        2.8400000000000002E-002   5.9999999999999995E-004   1.8000000000000000E-003
   21.000000000000000      -0.19655557095797579        2.0000000000000001E-004  0.96879999999999999        2.8400000000000002E-002   8.0000000000000004E-004   1.8000000000000000E-003
   22.000000000000000      -0.19891969598551548        4.0000000000000002E-004  0.96860000000000002        2.8400000000000002E-002   8.0000000000000004E-004   1.8000000000000000E-003
   23.000000000000000      -0.19999269095985456        2.0000000000000001E-004  0.96860000000000002        2.8199999999999999E-002   1.1999999999999999E-003   1.8000000000000000E-003
   24.000000000000000      -0.19988223841373937        2.0000000000000001E-004  0.96860000000000002        2.8199999999999999E-002   1.1999999999999999E-003   1.8000000000000000E-003
   25.000000000000000      -0.19950685636788937        2.0000000000000001E-004  0.96840000000000004        2.7799999999999998E-002   1.6000000000000001E-003   2.0000000000000000E-003
   26.000000000000000      -0.19941482273671465        2.0000000000000001E-004  0.96819999999999995        2.7799999999999998E-002   1.8000000000000000E-003   2.0000000000000000E-003
   27.000000000000000      -0.19917080796907152        0.0000000000000000       0.96840000000000004        2.8000000000000001E-002   1.6000000000000001E-003   2.0000000000000000E-003
   28.000000000000000      -0.19916942793993681        1.1999999999999999E-003  0.96679999999999999        2.8400000000000002E-002   1.6000000000000001E-003   2.0000000000000000E-003
   29.000000000000000      -0.16080179234361325        1.1999999999999999E-003  0.96679999999999999        2.8400000000000002E-002   1.6000000000000001E-003   2.0000000000000000E-003
   30.000000000000000      -0.11395429301975575        1.1999999999999999E-003  0.96679999999999999        2.8400000000000002E-002   1.6000000000000001E-003   2.0000000000000000E-003
   31.000000000000000       -6.8235716795638127E-002   1.1999999999999999E-003  0.96679999999999999        2.8400000000000002E-002   1.6000000000000001E-003   2.0000000000000000E-003
   32.000000000000000       -1.5575503193689487E-002   1.1999999999999999E-003  0.59840000000000004       0.39600000000000002        1.8000000000000000E-003   2.5999999999999999E-003
   33.000000000000000        1.4340801429992586E-003   1.1999999999999999E-003  0.59840000000000004       0.39600000000000002        1.8000000000000000E-003   2.5999999999999999E-003
   34.000000000000000        1.0620577116314048E-002   1.1999999999999999E-003  0.59840000000000004       0.39600000000000002        1.8000000000000000E-003   2.5999999999999999E-003
   35.000000000000000        1.6737127390707054E-002   1.0000000000000000E-003  0.59760000000000002       0.39620000000000000        2.2000000000000001E-003   3.0000000000000001E-003
   36.000000000000000        2.0671321324686895E-002   1.0000000000000000E-003  0.59680000000000000       0.39620000000000000        2.2000000000000001E-003   3.8000000000000000E-003
   37.000000000000000        2.0745145733752867E-002   1.0000000000000000E-003  0.59680000000000000       0.39620000000000000        2.2000000000000001E-003   3.8000000000000000E-003
   38.000000000000000        1.6433982552817694E-002  0.13480000000000000       0.46239999999999998       0.39620000000000000        2.2000000000000001E-003   4.4000000000000003E-003
   39.000000000000000        1.4916496053301195E-002  0.13600000000000001       0.46120000000000000       0.39620000000000000        2.2000000000000001E-003   4.4000000000000003E-003
   40.000000000000000        1.2445715903531206E-002  0.13600000000000001       0.46120000000000000       0.39620000000000000        1.8000000000000000E-003   4.7999999999999996E-003
   41.000000000000000        3.4888218748538192E-003  0.13539999999999999       0.46179999999999999       0.39620000000000000        1.8000000000000000E-003   4.7999999999999996E-003
   42.000000000000000       -1.1764958003299138E-002  0.13519999999999999       0.46200000000000002       0.39620000000000000        1.6000000000000001E-003   5.0000000000000001E-003
   43.000000000000000       -3.5008381552019227E-002  0.42859999999999998       0.16360000000000000       0.39900000000000002        1.6000000000000001E-003   7.1999999999999998E-003
   44.000000000000000       -5.5528153971895082E-002  0.42599999999999999       0.16619999999999999       0.39900000000000002        1.6000000000000001E-003   7.1999999999999998E-003
   45.000000000000000       -7.5236796001300801E-002  0.59079999999999999        0.0000000000000000       0.39900000000000002        1.6000000000000001E-003   8.6000000000000000E-003
   46.000000000000000       -9.2920429677416636E-002  0.58760000000000001        2.0000000000000001E-004  0.40200000000000002        1.6000000000000001E-003   8.6000000000000000E-003
   47.000000000000000      -0.10160043312561971       0.54000000000000004        4.9000000000000002E-002  0.40000000000000002        1.4000000000000000E-003   9.5999999999999992E-003
   48.000000000000000      -0.10479469714164305       0.54000000000000004        4.9000000000000002E-002  0.39860000000000001        1.6000000000000001E-003   1.0800000000000001E-002
   49.000000000000000      -0.11148265169406160       0.50719999999999998        3.8800000000000001E-002  0.44119999999999998        1.4000000000000000E-003   1.1400000000000000E-002
   50.000000000000000      -0.10068637833542028       0.45119999999999999        9.1999999999999998E-002  0.44379999999999997        1.6000000000000001E-003   1.1400000000000000E-002
   51.000000000000000       -8.5379688384781618E-002  0.45119999999999999        7.8200000000000006E-002  0.45720000000000000        2.0000000000000000E-003   1.1400000000000000E-002
   52.000000000000000       -6.9609499632145022E-002  0.43400000000000000        9.1999999999999998E-002  0.45760000000000001        3.8000000000000000E-003   1.2600000000000000E-002
   53.000000000000000       -5.2412510782995816E-002  0.43240000000000001        9.1999999999999998E-002  0.45700000000000002        3.8000000000000000E-003   1.4800000000000001E-002
   54.000000000000000       -2.9994540073245847E-002  0.42699999999999999        9.4200000000000006E-002  0.45179999999999998        4.5999999999999999E-003   2.2400000000000000E-002
   55.000000000000000       -9.5136032349579427E-003  0.42599999999999999        9.4600000000000004E-002  0.45200000000000001        4.5999999999999999E-003   2.2800000000000001E-002
   56.000000000000000        9.7774731353792287E-003  0.42599999999999999        9.4600000000000004E-002  0.45160000000000000        5.0000000000000001E-003   2.2800000000000001E-002
   57.000000000000000        3.1328566922665294E-002  0.41520000000000001        9.4799999999999995E-002  0.46179999999999999        5.4000000000000003E-003   2.2800000000000001E-002
   58.000000000000000        5.0078601377789626E-002  0.41080000000000000        9.9199999999999997E-002  0.46100000000000002        5.4000000000000003E-003   2.3599999999999999E-002
   59.000000000000000        7.0078594372902217E-002  0.39760000000000001       0.10160000000000000       0.47180000000000000        5.4000000000000003E-003   2.3599999999999999E-002
   60.000000000000000        8.5724357721810973E-002  0.39800000000000002       0.10000000000000001       0.47280000000000000        5.4000000000000003E-003   2.3800000000000002E-002
   61.000000000000000        9.9934721210286043E-002  0.39739999999999998       0.10040000000000000       0.47299999999999998        5.4000000000000003E-003   2.3800000000000002E-002
   62.000000000000000       0.11289912847713962       0.39739999999999998       0.10000000000000001       0.47299999999999998        5.7999999999999996E-003   2.3800000000000002E-002
   63.000000000000000       0.12454023332951439       0.39720000000000000        9.9800000000000000E-002  0.47320000000000001        6.0000000000000001E-003   2.3800000000000002E-002
   64.000000000000000       0.13454378777221887       0.39739999999999998        9.9599999999999994E-002  0.47320000000000001        6.0000000000000001E-003   2.3800000000000002E-002
   65.000000000000000       0.14595093519607466       0.38419999999999999       0.10780000000000001       0.47820000000000001        6.0000000000000001E-003   2.3800000000000002E-002
   66.000000000000000       0.15437655044741164       0.38019999999999998       0.11020000000000001       0.47880000000000000        7.0000000000000001E-003   2.3800000000000002E-002
   67.000000000000000       0.16175058069202075       0.37740000000000001       0.10860000000000000       0.48180000000000001        8.3999999999999995E-003   2.3800000000000002E-002
   68.000000000000000       0.16716266279693195       0.37719999999999998       0.10820000000000000       0.48159999999999997        8.8000000000000005E-003   2.4199999999999999E-002
   69.000000000000000       0.17273617743355876       0.37540000000000001       0.10020000000000000       0.49120000000000003        8.9999999999999993E-003   2.4199999999999999E-002
   70.000000000000000       0.17928751811348570       0.37540000000000001        9.4799999999999995E-002  0.49600000000000000        8.9999999999999993E-003   2.4799999999999999E-002
   71.000000000000000       0.18209607544467848       0.37540000000000001        9.1999999999999998E-002  0.49880000000000002        8.9999999999999993E-003   2.4799999999999999E-002
   72.000000000000000       0.18153675054896817       0.37540000000000001        8.8200000000000001E-002  0.50180000000000002        9.1999999999999998E-003   2.5399999999999999E-002
   73.000000000000000       0.17660637287478023       0.37540000000000001        8.7800000000000003E-002  0.50180000000000002        9.1999999999999998E-003   2.5800000000000000E-002
   74.000000000000000       0.16835222337452307       0.37500000000000000        8.7800000000000003E-002  0.50139999999999996        9.4000000000000004E-003   2.6400000000000000E-002
   75.000000000000000       0.16131882311472293       0.37440000000000001        8.7599999999999997E-002  0.50160000000000005        9.5999999999999992E-003   2.6800000000000001E-002
   76.000000000000000       0.15650176647936503       0.36899999999999999        8.7599999999999997E-002  0.50339999999999996        9.5999999999999992E-003   3.0400000000000000E-002
   77.000000000000000       0.15131354414697681       0.35999999999999999        8.9200000000000002E-002  0.50700000000000001        9.1999999999999998E-003   3.4599999999999999E-002
   78.000000000000000       0.14277920265313301       0.35580000000000001        8.9999999999999997E-002  0.50980000000000003        9.5999999999999992E-003   3.4799999999999998E-002
   79.000000000000000       0.13494680619608071       0.35339999999999999        7.9600000000000004E-002  0.52239999999999998        8.8000000000000005E-003   3.5799999999999998E-002
   80.000000000000000       0.12609891871578655       0.35339999999999999        6.9000000000000006E-002  0.53300000000000003        3.2000000000000002E-003   4.1399999999999999E-002
   81.000000000000000       0.11742361751535532       0.34820000000000001        7.0199999999999999E-002  0.53420000000000001        4.0000000000000001E-003   4.3400000000000001E-002
   82.000000000000000       0.10672203175687901       0.34760000000000002        7.0800000000000002E-002  0.53359999999999996        4.5999999999999999E-003   4.3400000000000001E-002
   83.000000000000000        9.6233679723190302E-002  0.33939999999999998       0.11100000000000000       0.50019999999999998        5.4000000000000003E-003   4.3999999999999997E-002
   84.000000000000000        8.8088886094169122E-002  0.33779999999999999       0.18279999999999999       0.42820000000000003        5.4000000000000003E-003   4.5800000000000000E-002
   85.000000000000000        8.3860516033748916E-002  0.31819999999999998       0.19159999999999999       0.43819999999999998        6.0000000000000001E-003   4.5999999999999999E-002
   86.000000000000000        7.8945411944104260E-002  0.30340000000000000       0.18360000000000001       0.46000000000000002        3.3999999999999998E-003   4.9599999999999998E-002
   87.000000000000000        7.2023330570657906E-002  0.25900000000000001       0.22760000000000000       0.45960000000000001        3.8000000000000000E-003   5.0000000000000003E-002
   88.000000000000000        6.0211293760160482E-002  0.25500000000000000       0.23119999999999999       0.45720000000000000        5.7999999999999996E-003   5.0799999999999998E-002
   89.000000000000000        4.5974823014341942E-002  0.26319999999999999       0.21779999999999999       0.46120000000000000        4.0000000000000002E-004   5.7400000000000000E-002
   90.000000000000000        3.2633980031298249E-002  0.23560000000000000       0.24240000000000000       0.45660000000000001        0.0000000000000000        6.5400000000000000E-002
   91.000000000000000        1.4422804448831409E-002  0.23699999999999999       0.23960000000000001       0.45760000000000001        2.0000000000000001E-004   6.5600000000000006E-002
   92.000000000000000       -4.9292835236973073E-003  0.23840000000000000       0.23820000000000000       0.45760000000000001        2.0000000000000001E-004   6.5600000000000006E-002
   93.000000000000000       -1.7596740749818523E-002  0.47620000000000001        0.0000000000000000       0.45700000000000002        2.0000000000000001E-004   6.6600000000000006E-002
   94.000000000000000       -2.1359591825717991E-002  0.47299999999999998        0.0000000000000000       0.45939999999999998        8.0000000000000004E-004   6.6799999999999998E-002
   95.000000000000000       -3.4341422419369008E-002  0.47299999999999998        0.0000000000000000       0.45839999999999997        8.0000000000000004E-004   6.7799999999999999E-002
   96.000000000000000       -4.1897925177795434E-002  0.46179999999999999        1.1200000000000000E-002  0.45839999999999997        8.0000000000000004E-004   6.7799999999999999E-002
   97.000000000000000       -2.2740093948726538E-002  0.46200000000000002        1.0999999999999999E-002  0.45839999999999997        8.0000000000000004E-004   6.7799999999999999E-002
   98.000000000000000       -2.6804394391286637E-003  0.45040000000000002        2.1999999999999999E-002  0.45839999999999997        1.4000000000000000E-003   6.7799999999999999E-002
   99.000000000000000        1.4163149278271409E-002  0.44719999999999999        2.5200000000000000E-002  0.45839999999999997        1.4000000000000000E-003   6.7799999999999999E-002
   100.00000000000000        2.6732918973790754E-002  0.44740000000000002        2.4799999999999999E-002  0.45839999999999997        1.6000000000000001E-003   6.7799999999999999E-002
   101.00000000000000        3.6912485107649606E-002  0.44180000000000003        3.0400000000000000E-002  0.45839999999999997        1.6000000000000001E-003   6.7799999999999999E-002
   102.00000000000000        4.6250359381665399E-002  0.44180000000000003        3.0400000000000000E-002  0.45839999999999997        1.6000000000000001E-003   6.7799999999999999E-002
   103.00000000000000        5.0489807092306688E-002  0.44180000000000003        3.0400000000000000E-002  0.45839999999999997        1.6000000000000001E-003   6.7799999999999999E-002
   104.00000000000000        4.8277319913551407E-002  0.44180000000000003        3.0400000000000000E-002  0.45839999999999997        1.6000000000000001E-003   6.7799999999999999E-002
   105.00000000000000        3.7911856381525000E-002  0.44159999999999999        3.0400000000000000E-002  0.45860000000000001        1.6000000000000001E-003   6.7799999999999999E-002
   106.00000000000000        2.4636943465472690E-002  0.44140000000000001        3.0400000000000000E-002  0.45860000000000001        1.6000000000000001E-003   6.8000000000000005E-002
   107.00000000000000        1.2748685510114939E-002  0.44059999999999999        3.1000000000000000E-002  0.45860000000000001        1.4000000000000000E-003   6.8400000000000002E-002
   108.00000000000000       -1.3439106217078070E-003  0.44019999999999998        3.1000000000000000E-002  0.45860000000000001        1.4000000000000000E-003   6.8800000000000000E-002
   109.00000000000000       -1.6403359137120169E-002  0.43740000000000001        3.2599999999999997E-002  0.45860000000000001        1.8000000000000000E-003   6.9599999999999995E-002
   110.00000000000000       -3.2742456456332232E-002  0.43740000000000001        7.0000000000000001E-003  0.48399999999999999        1.8000000000000000E-003   6.9800000000000001E-002
   111.00000000000000       -3.1337437894122140E-002  0.43580000000000002        7.0000000000000001E-003  0.48540000000000000        2.0000000000000000E-003   6.9800000000000001E-002
   112.00000000000000       -1.9391697390009774E-002  0.43540000000000001        6.4000000000000003E-003  0.48520000000000002        2.0000000000000000E-003   7.0999999999999994E-002
   113.00000000000000       -8.9510882543590367E-003  0.43540000000000001        6.4000000000000003E-003  0.48480000000000001        1.8000000000000000E-003   7.1599999999999997E-002
   114.00000000000000       -2.9914845817190283E-002  0.43559999999999999        6.1999999999999998E-003  0.48459999999999998        2.0000000000000000E-003   7.1599999999999997E-002
   115.00000000000000       -3.0863940885135915E-002  0.43400000000000000        4.1999999999999997E-003  0.48640000000000000        2.3999999999999998E-003   7.2999999999999995E-002
   116.00000000000000       -1.7400951200428762E-002  0.43400000000000000        3.0000000000000001E-003  0.48759999999999998        2.3999999999999998E-003   7.2999999999999995E-002
   117.00000000000000        3.5177631819695021E-003  0.42459999999999998        6.1999999999999998E-003  0.49320000000000003        1.8000000000000000E-003   7.4200000000000002E-002
   118.00000000000000        3.6105112335948035E-002  0.41820000000000002        6.7999999999999996E-003  0.49859999999999999        1.8000000000000000E-003   7.4600000000000000E-002
   119.00000000000000        7.2803907552319788E-002  0.41799999999999998        6.7999999999999996E-003  0.49540000000000001        5.0000000000000001E-003   7.4800000000000005E-002
   120.00000000000000        9.4421958563169345E-002  0.41799999999999998        6.1999999999999998E-003  0.47620000000000001        2.4799999999999999E-002   7.4800000000000005E-002
   121.00000000000000       0.12123514664055904       0.40720000000000001        1.0800000000000001E-002  0.46279999999999999        2.4600000000000000E-002   9.4600000000000004E-002
   122.00000000000000       0.15924668636094166       0.37119999999999997        3.5999999999999997E-002  0.44140000000000001        3.1600000000000003E-002  0.11980000000000000     
   123.00000000000000       0.33714729469720461       0.36919999999999997        3.6799999999999999E-002  0.44140000000000001        3.1600000000000003E-002  0.12100000000000000     
   124.00000000000000       0.40286481359584775       0.27120000000000000        8.9800000000000005E-002  0.33739999999999998       0.17460000000000001       0.12700000000000000     
   125.00000000000000       0.21228552660726430       0.27079999999999999        8.9800000000000005E-002  0.33639999999999998       0.17599999999999999       0.12700000000000000     
   126.00000000000000       0.37126444784646601       0.14620000000000000        8.9800000000000005E-002  0.33560000000000001       0.29799999999999999       0.13039999999999999     
   127.00000000000000        1.7161216964316314E-002  0.14119999999999999        8.6400000000000005E-002  0.34320000000000001       0.29820000000000002       0.13100000000000001     
   128.00000000000000       0.30545815958592470       0.14019999999999999        8.4800000000000000E-002  0.34480000000000000       0.29199999999999998       0.13819999999999999     
   129.00000000000000       0.38893424125327247       0.10820000000000000        3.0800000000000001E-002  0.38840000000000002       0.23240000000000000       0.24020000000000000     
   130.00000000000000       0.66730114499482696       0.10720000000000000        3.0400000000000000E-002  0.38819999999999999       0.23319999999999999       0.24099999999999999     
   131.00000000000000       0.68077960243425584       0.10639999999999999        3.0400000000000000E-002  0.38800000000000001       0.23180000000000001       0.24340000000000001     
   132.00000000000000       0.70834031287066823       0.10620000000000000        2.9200000000000000E-002  0.38719999999999999       0.23219999999999999       0.24520000000000000     
   133.00000000000000       0.72174342552679227       0.10539999999999999        2.6400000000000000E-002  0.39000000000000001       0.23219999999999999       0.24600000000000000     
   134.00000000000000       0.71180703424807190       0.10539999999999999        2.6400000000000000E-002  0.39000000000000001       0.23219999999999999       0.24600000000000000     
   135.00000000000000       0.71823370836852674       0.10539999999999999        2.6400000000000000E-002  0.39000000000000001       0.21879999999999999       0.25940000000000002     
   136.00000000000000       0.71191038724996236       0.10539999999999999        2.3599999999999999E-002  0.39060000000000000       0.21920000000000001       0.26119999999999999     
   137.00000000000000       0.71953651587047673       0.10539999999999999        2.3000000000000000E-002  0.39060000000000000       0.21980000000000000       0.26119999999999999     
   138.00000000000000       0.71568430285349449       0.10539999999999999        2.3000000000000000E-002  0.38600000000000001       0.22180000000000000       0.26379999999999998     
   139.00000000000000       0.70875431959201629       0.10539999999999999        2.3000000000000000E-002  0.38519999999999999       0.22180000000000000       0.26460000000000000     
   140.00000000000000       0.69375453616338612       0.10539999999999999        2.3000000000000000E-002  0.38519999999999999       0.22180000000000000       0.26460000000000000     
   141.00000000000000       0.70061029058670121       0.10220000000000000        2.2800000000000001E-002  0.38860000000000000       0.22180000000000000       0.26460000000000000     
   142.00000000000000       0.72585023073433907       0.10199999999999999        2.1999999999999999E-002  0.38379999999999997       0.22660000000000000       0.26560000000000000     
   143.00000000000000       0.66853889710846992        8.4199999999999997E-002   3.9000000000000000E-002  0.38379999999999997       0.22700000000000001       0.26600000000000001     
   144.00000000000000       0.64987081773255384        7.9399999999999998E-002   2.3599999999999999E-002  0.25779999999999997       0.36840000000000001       0.27079999999999999     
   145.00000000000000       0.52512266926640494        7.8399999999999997E-002   1.9800000000000002E-002  0.17360000000000000       0.21879999999999999       0.50939999999999996     
   146.00000000000000       0.75107186608788079        7.5999999999999998E-002   2.0199999999999999E-002  0.17460000000000001       0.21759999999999999       0.51160000000000005     
   147.00000000000000       0.91620578955457366        6.6199999999999995E-002   2.9999999999999999E-002  0.16580000000000000       0.22639999999999999       0.51160000000000005     
   148.00000000000000       0.74289220580547033        6.4399999999999999E-002   3.0200000000000001E-002  0.15900000000000000       0.23160000000000000       0.51480000000000004     
   149.00000000000000       0.72790591131436888        6.3600000000000004E-002   3.0200000000000001E-002   0.0000000000000000       0.39100000000000001       0.51519999999999999     
   150.00000000000000       0.82081119327471441        6.2799999999999995E-002   2.9200000000000000E-002   2.5999999999999999E-003  0.31719999999999998       0.58819999999999995     
   151.00000000000000       0.74344075154025602        6.2000000000000000E-002   2.9000000000000001E-002   2.0000000000000000E-002  0.29540000000000000       0.59360000000000002     
   152.00000000000000       0.73567868712739126        6.0600000000000001E-002   2.8600000000000000E-002   1.4800000000000001E-002  0.30199999999999999       0.59399999999999997     
   153.00000000000000       0.73174887444404668        5.5199999999999999E-002   1.4000000000000000E-002   5.4199999999999998E-002  0.28120000000000001       0.59540000000000004     
   154.00000000000000       0.23620884039816503        5.4800000000000001E-002   1.3599999999999999E-002   5.3600000000000002E-002  0.28179999999999999       0.59619999999999995     
   155.00000000000000       0.21461970979261155        5.4800000000000001E-002   1.3599999999999999E-002   5.3600000000000002E-002  0.28179999999999999       0.59619999999999995     
   156.00000000000000       0.19686785662937117        4.7600000000000003E-002   1.7800000000000000E-002   5.5399999999999998E-002  0.28199999999999997       0.59719999999999995     
   157.00000000000000       0.18084715631328616        4.0000000000000001E-002   2.5200000000000000E-002   5.5399999999999998E-002  0.28220000000000001       0.59719999999999995     
   158.00000000000000       0.16712408733456019        3.9399999999999998E-002   2.3199999999999998E-002   5.5000000000000000E-002  0.28460000000000002       0.59780000000000000     
   159.00000000000000       0.15626038866586509        3.9399999999999998E-002   2.1200000000000000E-002   5.4199999999999998E-002  0.28580000000000000       0.59940000000000004     
   160.00000000000000       0.14736232093583240        3.9399999999999998E-002   2.1200000000000000E-002   5.4199999999999998E-002  0.28580000000000000       0.59940000000000004     
   161.00000000000000       0.14347858608826020        3.9399999999999998E-002   2.1000000000000001E-002   5.3600000000000002E-002  0.28399999999999997       0.60199999999999998     
   162.00000000000000       0.14298651589172351        3.9399999999999998E-002   2.0799999999999999E-002   5.1200000000000002E-002  0.28660000000000002       0.60199999999999998     
   163.00000000000000       0.14716853869228397        2.1600000000000001E-002   3.7800000000000000E-002   4.7800000000000002E-002  0.28860000000000002       0.60419999999999996     
   164.00000000000000       0.15385465058537751        2.1000000000000001E-002   3.7800000000000000E-002   4.6399999999999997E-002  0.28460000000000002       0.61019999999999996     
   165.00000000000000       0.16273346102790773        2.0000000000000000E-002   3.7800000000000000E-002   4.6399999999999997E-002  0.28560000000000002       0.61019999999999996     
   166.00000000000000       0.17348177073432255        2.0000000000000000E-002   3.7800000000000000E-002   4.6199999999999998E-002  0.28580000000000000       0.61019999999999996     
   167.00000000000000       0.18805134322286840        1.8800000000000001E-002   3.7800000000000000E-002   4.6199999999999998E-002  0.28339999999999999       0.61380000000000001     
   168.00000000000000       0.20259441638321826        1.8800000000000001E-002   3.7800000000000000E-002   4.6199999999999998E-002  0.28339999999999999       0.61380000000000001     
   169.00000000000000       0.21811674250500340        1.8800000000000001E-002   3.7800000000000000E-002   4.5999999999999999E-002  0.28339999999999999       0.61399999999999999     
   170.00000000000000       0.23338750870240441        1.8800000000000001E-002   3.7800000000000000E-002   4.5800000000000000E-002  0.27900000000000003       0.61860000000000004     
   171.00000000000000       0.25457565656162490        1.8800000000000001E-002   3.7800000000000000E-002   4.5800000000000000E-002  0.27420000000000000       0.62339999999999995     
   172.00000000000000       0.27092798891821168        1.8800000000000001E-002   3.7800000000000000E-002   4.5600000000000002E-002  0.27179999999999999       0.62600000000000000     
   173.00000000000000       0.28598140093953417        1.8200000000000001E-002   3.7800000000000000E-002   4.5800000000000000E-002  0.27220000000000000       0.62600000000000000     
   174.00000000000000       0.30416042222826839        1.8200000000000001E-002   3.7800000000000000E-002   4.5800000000000000E-002  0.27220000000000000       0.62600000000000000     
   175.00000000000000       0.32030729351030296        1.8200000000000001E-002   3.7800000000000000E-002   4.5800000000000000E-002  0.27220000000000000       0.62600000000000000     
   176.00000000000000       0.33458403276366677        1.7800000000000000E-002   3.7800000000000000E-002   4.6199999999999998E-002  0.27220000000000000       0.62600000000000000     
   177.00000000000000       0.34955873726335973        1.7800000000000000E-002   3.7800000000000000E-002   4.4800000000000000E-002  0.27360000000000001       0.62600000000000000     
   178.00000000000000       0.36019003488653661        1.7800000000000000E-002   3.7800000000000000E-002   4.4800000000000000E-002  0.27360000000000001       0.62600000000000000     
   179.00000000000000       0.37044299332295438        4.3799999999999999E-002   1.0600000000000000E-002   4.5999999999999999E-002  0.27360000000000001       0.62600000000000000     
   180.00000000000000       0.37667700904139301        4.3799999999999999E-002   1.0200000000000001E-002   4.6199999999999998E-002  0.27379999999999999       0.62600000000000000     
   181.00000000000000       0.38908554191315081        4.3799999999999999E-002   1.0200000000000001E-002   4.6199999999999998E-002  0.27379999999999999       0.62600000000000000     
   182.00000000000000       0.39612600397000386        4.3799999999999999E-002   1.0000000000000000E-002   4.6600000000000003E-002  0.27360000000000001       0.62600000000000000     
   183.00000000000000       0.40203600081766805        4.3799999999999999E-002   1.0000000000000000E-002   4.7199999999999999E-002  0.27300000000000002       0.62600000000000000     
   184.00000000000000       0.40787230868658975        4.3799999999999999E-002   1.0000000000000000E-002   3.9199999999999999E-002  0.28060000000000002       0.62639999999999996     
   185.00000000000000       0.41339070665082278        4.3799999999999999E-002   1.0000000000000000E-002   4.0800000000000003E-002  0.27620000000000000       0.62919999999999998     
   186.00000000000000       0.41788987635832286        4.3799999999999999E-002   9.7999999999999997E-003   4.1000000000000002E-002  0.27439999999999998       0.63100000000000001     
   187.00000000000000       0.42127800757727252        4.3799999999999999E-002   9.7999999999999997E-003   4.1000000000000002E-002  0.27439999999999998       0.63100000000000001     
   188.00000000000000       0.42437685698921834        4.3799999999999999E-002   9.5999999999999992E-003   4.1399999999999999E-002  0.27400000000000002       0.63119999999999998     
   189.00000000000000       0.42704425930844625        4.3799999999999999E-002   9.5999999999999992E-003   4.0800000000000003E-002  0.27460000000000001       0.63119999999999998     
   190.00000000000000       0.42943784925225192        4.3799999999999999E-002   9.5999999999999992E-003   4.0800000000000003E-002  0.27460000000000001       0.63119999999999998     
   191.00000000000000       0.43143491522739108        4.3799999999999999E-002   9.4000000000000004E-003   4.0599999999999997E-002  0.27400000000000002       0.63219999999999998     
   192.00000000000000       0.43493040967875118        3.4200000000000001E-002   1.8400000000000000E-002   4.0599999999999997E-002  0.27439999999999998       0.63239999999999996     
   193.00000000000000       0.43710396776432342        3.4000000000000002E-002   1.8400000000000000E-002   4.0599999999999997E-002  0.27439999999999998       0.63260000000000005     
   194.00000000000000       0.43851451859097157        3.4000000000000002E-002   1.8400000000000000E-002   4.0399999999999998E-002  0.27500000000000002       0.63219999999999998     
   195.00000000000000       0.44322215568002110        3.4000000000000002E-002   1.8400000000000000E-002   4.0399999999999998E-002  0.26900000000000002       0.63819999999999999     
   196.00000000000000       0.45107183713551630        3.2599999999999997E-002   1.8400000000000000E-002   4.0599999999999997E-002  0.26419999999999999       0.64419999999999999     
   197.00000000000000       0.45985245718469703        3.2599999999999997E-002   1.8400000000000000E-002   4.0599999999999997E-002  0.25900000000000001       0.64939999999999998     
   198.00000000000000       0.47005742972367592        3.2199999999999999E-002   3.0800000000000001E-002   2.8600000000000000E-002  0.25580000000000003       0.65259999999999996     
   199.00000000000000       0.47932427369087849        3.2199999999999999E-002   3.0800000000000001E-002   2.8600000000000000E-002  0.25580000000000003       0.65259999999999996     
   200.00000000000000       0.51438520246663699        0.0000000000000000        5.0799999999999998E-002   9.1999999999999998E-003  0.24279999999999999       0.69720000000000004     
   201.00000000000000        1.0177116116771319        0.0000000000000000        4.0000000000000001E-002   1.9400000000000001E-002  0.23419999999999999       0.70640000000000003     
   202.00000000000000        1.6147156028939353        0.0000000000000000        3.7999999999999999E-002   1.9400000000000001E-002  0.23119999999999999       0.71140000000000003     
   203.00000000000000        1.4962868793213377        0.0000000000000000        3.6600000000000001E-002   2.0799999999999999E-002  0.23119999999999999       0.71140000000000003     
   204.00000000000000        1.5977779353937045        0.0000000000000000        3.6600000000000001E-002   2.0400000000000001E-002  0.23160000000000000       0.71140000000000003     
   205.00000000000000        1.3432030434890341        0.0000000000000000        3.4599999999999999E-002   2.0600000000000000E-002  0.23219999999999999       0.71260000000000001     
   206.00000000000000        1.5806751640976457        1.0000000000000000E-003   3.5999999999999999E-003   5.0400000000000000E-002  0.23219999999999999       0.71279999999999999     
   207.00000000000000       0.99489216377988299        1.0000000000000000E-003   3.5999999999999999E-003   5.0200000000000002E-002  0.23219999999999999       0.71299999999999997     
   208.00000000000000       0.47451847052551988        1.0000000000000000E-003   3.5999999999999999E-003   5.0200000000000002E-002  0.23219999999999999       0.71299999999999997     
   209.00000000000000       0.44930346471752974        1.0000000000000000E-003   3.3999999999999998E-003   5.0200000000000002E-002  0.23240000000000000       0.71299999999999997     
   210.00000000000000       0.41999022082406223        1.0000000000000000E-003   1.5200000000000000E-002   3.7600000000000001E-002  0.23319999999999999       0.71299999999999997     
   211.00000000000000       0.38938741496914897        1.0000000000000000E-003   1.5200000000000000E-002   3.4400000000000000E-002  0.23640000000000000       0.71299999999999997     
   212.00000000000000       0.35611470923755956        1.0000000000000000E-003   1.5200000000000000E-002   2.8000000000000001E-002  0.24279999999999999       0.71299999999999997     
   213.00000000000000       0.31906712415108962        1.0000000000000000E-003   1.5200000000000000E-002   4.5199999999999997E-002  0.22559999999999999       0.71299999999999997     
   214.00000000000000       0.28553550541723455        1.6199999999999999E-002   0.0000000000000000        3.0800000000000001E-002  0.23980000000000001       0.71319999999999995     
   215.00000000000000       0.25449175192868828        1.6199999999999999E-002   0.0000000000000000        2.9399999999999999E-002  0.24079999999999999       0.71360000000000001     
   216.00000000000000       0.22493082805579415        1.6199999999999999E-002   0.0000000000000000        2.8199999999999999E-002  0.24140000000000000       0.71419999999999995     
