#        BMIN =   404
#        BMAX =   408
#     INIBAND =   406
#      NBANDS =   540
#         NSW =  2000
#       POTIM =   1.0
#        TEMP = 300.0
#    NAMDTINI =   866
#    NAMDTIME =  1000
#       NTRAJ =  5000
#        NELM =  1000
#       LHOLE =     T
#        LSHP =     T
#      LCPTXT =     T
#      RUNDIR = ../../run/
   1.0000000000000000       -4.6932344928439187E-002   0.0000000000000000        0.0000000000000000        1.0000000000000000        0.0000000000000000        0.0000000000000000     
   2.0000000000000000       -2.3495921876313566E-002   0.0000000000000000        0.0000000000000000        1.0000000000000000        0.0000000000000000        0.0000000000000000     
   3.0000000000000000       -1.0662110925758566E-003   0.0000000000000000        0.0000000000000000        1.0000000000000000        0.0000000000000000        0.0000000000000000     
   4.0000000000000000        1.9710441256801152E-002   0.0000000000000000        0.0000000000000000        1.0000000000000000        0.0000000000000000        0.0000000000000000     
   5.0000000000000000        3.8911006882286422E-002   0.0000000000000000        0.0000000000000000       0.99939999999999996        2.0000000000000001E-004   4.0000000000000002E-004
   6.0000000000000000        5.6658364346389420E-002   0.0000000000000000        0.0000000000000000       0.99919999999999998        2.0000000000000001E-004   5.9999999999999995E-004
   7.0000000000000000        6.6341199418834512E-002   0.0000000000000000       0.17119999999999999       0.82740000000000002        8.0000000000000004E-004   5.9999999999999995E-004
   8.0000000000000000        8.6866466896653408E-002   0.0000000000000000       0.17419999999999999       0.82440000000000002        8.0000000000000004E-004   5.9999999999999995E-004
   9.0000000000000000       0.12432907305901017        0.0000000000000000       0.17419999999999999       0.82440000000000002        8.0000000000000004E-004   5.9999999999999995E-004
   10.000000000000000       0.15703419267813604        0.0000000000000000       0.17419999999999999       0.82440000000000002        8.0000000000000004E-004   5.9999999999999995E-004
   11.000000000000000       0.18157922715744790        0.0000000000000000       0.17419999999999999       0.82440000000000002        8.0000000000000004E-004   5.9999999999999995E-004
   12.000000000000000       0.20083559002809512        0.0000000000000000       0.17419999999999999       0.82440000000000002        8.0000000000000004E-004   5.9999999999999995E-004
   13.000000000000000       0.21284064801640337        0.0000000000000000       0.17419999999999999       0.82440000000000002        8.0000000000000004E-004   5.9999999999999995E-004
   14.000000000000000       0.21663253545634281        0.0000000000000000       0.17419999999999999       0.82440000000000002        8.0000000000000004E-004   5.9999999999999995E-004
   15.000000000000000       0.21410121167601182        0.0000000000000000       0.17419999999999999       0.82440000000000002        8.0000000000000004E-004   5.9999999999999995E-004
   16.000000000000000       0.20369326286399672        2.0000000000000001E-004  0.17399999999999999       0.82440000000000002        8.0000000000000004E-004   5.9999999999999995E-004
   17.000000000000000       0.18661034486346298        2.0000000000000001E-004  0.15540000000000001       0.84299999999999997        8.0000000000000004E-004   5.9999999999999995E-004
   18.000000000000000       0.17316320658542467        2.0000000000000001E-004  0.15540000000000001       0.84299999999999997        8.0000000000000004E-004   5.9999999999999995E-004
   19.000000000000000       0.17798471253817350        2.0000000000000001E-004  0.15540000000000001       0.84279999999999999        1.0000000000000000E-003   5.9999999999999995E-004
   20.000000000000000       0.18711195136100123        2.0000000000000001E-004  0.15160000000000001       0.84660000000000002        1.0000000000000000E-003   5.9999999999999995E-004
   21.000000000000000       0.19963722484351432        2.0000000000000001E-004  0.15060000000000001       0.84760000000000002        1.0000000000000000E-003   5.9999999999999995E-004
   22.000000000000000       0.21254274895889866        0.0000000000000000       0.15079999999999999       0.84760000000000002        1.0000000000000000E-003   5.9999999999999995E-004
   23.000000000000000       0.22570744395605849        0.0000000000000000       0.15100000000000000       0.84740000000000004        1.0000000000000000E-003   5.9999999999999995E-004
   24.000000000000000       0.23729287594900522        0.0000000000000000       0.14899999999999999       0.84940000000000004        1.0000000000000000E-003   5.9999999999999995E-004
   25.000000000000000       0.24973813826838681        0.0000000000000000       0.14360000000000001       0.85440000000000005        1.4000000000000000E-003   5.9999999999999995E-004
   26.000000000000000       0.26878222781837685        0.0000000000000000       0.14119999999999999       0.85640000000000005        1.8000000000000000E-003   5.9999999999999995E-004
   27.000000000000000       0.26774792185306073        0.0000000000000000       0.14440000000000000       0.85319999999999996        1.8000000000000000E-003   5.9999999999999995E-004
   28.000000000000000       0.29283896080163457        0.0000000000000000       0.14740000000000000       0.84999999999999998        2.0000000000000000E-003   5.9999999999999995E-004
   29.000000000000000       0.28541488344923266        0.0000000000000000       0.14440000000000000       0.85299999999999998        2.0000000000000000E-003   5.9999999999999995E-004
   30.000000000000000       0.29985295166175713        0.0000000000000000       0.14440000000000000       0.85280000000000000        2.2000000000000001E-003   5.9999999999999995E-004
   31.000000000000000       0.32480521050411926        0.0000000000000000        8.8999999999999996E-002  0.90820000000000001        2.2000000000000001E-003   5.9999999999999995E-004
   32.000000000000000       0.34368815827316540        0.0000000000000000        9.9400000000000002E-002  0.89780000000000004        2.2000000000000001E-003   5.9999999999999995E-004
   33.000000000000000       0.25958013863908963        0.0000000000000000       0.11680000000000000       0.88000000000000000        2.5999999999999999E-003   5.9999999999999995E-004
   34.000000000000000       0.35764359527905720        0.0000000000000000       0.11280000000000000       0.88380000000000003        2.5999999999999999E-003   8.0000000000000004E-004
   35.000000000000000       0.17575440051733274        0.0000000000000000       0.11440000000000000       0.88219999999999998        2.5999999999999999E-003   8.0000000000000004E-004
   36.000000000000000       0.40261596319026233        0.0000000000000000       0.11440000000000000       0.88200000000000001        2.5999999999999999E-003   1.0000000000000000E-003
   37.000000000000000       0.41407722058360613        0.0000000000000000       0.10760000000000000       0.88880000000000003        2.5999999999999999E-003   1.0000000000000000E-003
   38.000000000000000       0.40494383071809575        0.0000000000000000       0.10760000000000000       0.88880000000000003        2.5999999999999999E-003   1.0000000000000000E-003
   39.000000000000000       0.38600066490142648        0.0000000000000000       0.10760000000000000       0.88880000000000003        2.5999999999999999E-003   1.0000000000000000E-003
   40.000000000000000       0.49726711097744863        0.0000000000000000       0.10680000000000001       0.88939999999999997        2.5999999999999999E-003   1.1999999999999999E-003
   41.000000000000000       0.39825603433679291        0.0000000000000000       0.10680000000000001       0.88939999999999997        2.5999999999999999E-003   1.1999999999999999E-003
   42.000000000000000       0.39069468344265390        0.0000000000000000       0.10380000000000000       0.89239999999999997        2.5999999999999999E-003   1.1999999999999999E-003
   43.000000000000000       0.36146930293526269        0.0000000000000000       0.10199999999999999       0.89419999999999999        2.5999999999999999E-003   1.1999999999999999E-003
   44.000000000000000       0.20648504858026692        0.0000000000000000       0.10160000000000000       0.76500000000000001       0.13220000000000001        1.1999999999999999E-003
   45.000000000000000       0.54184703985132210        0.0000000000000000       0.10160000000000000       0.73860000000000003       0.15679999999999999        3.0000000000000001E-003
   46.000000000000000       0.52541839351362807        0.0000000000000000        9.9800000000000000E-002  0.74019999999999997       0.15640000000000001        3.5999999999999999E-003
   47.000000000000000       0.53617280438473514        0.0000000000000000        9.8599999999999993E-002  0.73899999999999999       0.15880000000000000        3.5999999999999999E-003
   48.000000000000000       0.52791108636648265        5.9999999999999995E-004   9.7799999999999998E-002  0.73580000000000001       0.15640000000000001        9.4000000000000004E-003
   49.000000000000000       0.32609056659899976        5.9999999999999995E-004   9.6000000000000002E-002  0.73760000000000003       0.15640000000000001        9.4000000000000004E-003
   50.000000000000000       0.30950243006482653        5.9999999999999995E-004   9.5399999999999999E-002  0.73680000000000001       0.15759999999999999        9.5999999999999992E-003
   51.000000000000000       0.29251540961685812        8.0000000000000004E-004   9.4200000000000006E-002  0.73599999999999999       0.15840000000000001        1.0600000000000000E-002
   52.000000000000000       0.27437224094806195        8.0000000000000004E-004   9.4399999999999998E-002  0.73580000000000001       0.15840000000000001        1.0600000000000000E-002
   53.000000000000000       0.25558275993883661        8.0000000000000004E-004   9.4399999999999998E-002  0.73240000000000005       0.16159999999999999        1.0800000000000001E-002
   54.000000000000000       0.23555700096584900        8.0000000000000004E-004   9.4399999999999998E-002  0.73240000000000005       0.16159999999999999        1.0800000000000001E-002
   55.000000000000000       0.21657347151935091        1.4000000000000000E-003   9.2200000000000004E-002  0.73160000000000003       0.16239999999999999        1.2400000000000000E-002
   56.000000000000000       0.19684154943095272        1.1999999999999999E-003   9.3200000000000005E-002  0.72599999999999998       0.16520000000000001        1.4400000000000000E-002
   57.000000000000000       0.17603423302949806        2.2000000000000001E-003   9.4200000000000006E-002  0.72060000000000002       0.16580000000000000        1.7200000000000000E-002
   58.000000000000000       0.15316540343061869        2.5999999999999999E-003   9.4200000000000006E-002  0.71980000000000000       0.16580000000000000        1.7600000000000001E-002
   59.000000000000000       0.13158585839572734        2.5999999999999999E-003   9.4200000000000006E-002  0.71619999999999995       0.15100000000000000        3.5999999999999997E-002
   60.000000000000000       0.10873078267307146        2.5999999999999999E-003   9.4799999999999995E-002  0.71260000000000001       0.15120000000000000        3.8800000000000001E-002
   61.000000000000000        8.5527691116478011E-002   2.5999999999999999E-003   9.5600000000000004E-002  0.71140000000000003       0.14580000000000001        4.4600000000000001E-002
   62.000000000000000        6.7872895118042897E-002   2.8000000000000000E-003   9.3200000000000005E-002  0.69820000000000004       0.15980000000000000        4.5999999999999999E-002
   63.000000000000000        4.7320831922885442E-002   2.8000000000000000E-003   9.6199999999999994E-002  0.69120000000000004       0.15820000000000001        5.1600000000000000E-002
   64.000000000000000        2.5906921660077648E-002   2.8000000000000000E-003   9.5600000000000004E-002  0.69179999999999997       0.15820000000000001        5.1600000000000000E-002
   65.000000000000000        5.3577074018043742E-003   2.5999999999999999E-003   9.2399999999999996E-002  0.69520000000000004       0.15820000000000001        5.1600000000000000E-002
   66.000000000000000       -1.1443525732884704E-002   2.8000000000000000E-003   9.1200000000000003E-002  0.68359999999999999       0.16719999999999999        5.5199999999999999E-002
   67.000000000000000       -2.9414888033328802E-002   2.8000000000000000E-003   9.2200000000000004E-002  0.67779999999999996       0.16719999999999999        5.9999999999999998E-002
   68.000000000000000       -4.7659513524726999E-002   2.8000000000000000E-003   9.8599999999999993E-002  0.67020000000000002       0.16800000000000001        6.0400000000000002E-002
   69.000000000000000       -6.4134323630954060E-002   3.0000000000000001E-003  0.11000000000000000       0.65820000000000001       0.16719999999999999        6.1600000000000002E-002
   70.000000000000000       -8.0455336748938497E-002   1.0999999999999999E-002  0.33660000000000001       0.42340000000000000       0.16719999999999999        6.1800000000000001E-002
   71.000000000000000       -7.5989519084975837E-002   1.1599999999999999E-002  0.33600000000000002       0.42340000000000000       0.16719999999999999        6.1800000000000001E-002
   72.000000000000000       -6.6908064192849517E-002   1.1599999999999999E-002  0.33600000000000002       0.42340000000000000       0.16719999999999999        6.1800000000000001E-002
   73.000000000000000       -5.5721584525099045E-002   1.1599999999999999E-002  0.33600000000000002       0.42340000000000000       0.16719999999999999        6.1800000000000001E-002
   74.000000000000000       -4.2558559326229525E-002   1.1599999999999999E-002  0.33579999999999999       0.42340000000000000       0.16719999999999999        6.2000000000000000E-002
   75.000000000000000       -2.9769835827624561E-002   1.1599999999999999E-002  0.33420000000000000       0.42340000000000000       0.16860000000000000        6.2199999999999998E-002
   76.000000000000000       -1.6565311708231473E-002   1.1599999999999999E-002  0.33360000000000001       0.42340000000000000       0.16819999999999999        6.3200000000000006E-002
   77.000000000000000       -3.9814270830299883E-003   1.1599999999999999E-002  0.33160000000000001       0.42340000000000000       0.16940000000000000        6.4000000000000001E-002
   78.000000000000000        7.7864249888948030E-003   1.1400000000000000E-002  0.32900000000000001       0.42340000000000000       0.17100000000000001        6.5199999999999994E-002
   79.000000000000000        1.7599483868745696E-002   1.1200000000000000E-002  0.32860000000000000       0.42340000000000000       0.17119999999999999        6.5600000000000006E-002
   80.000000000000000        3.4134044970434319E-002   1.1200000000000000E-002   0.0000000000000000       0.75139999999999996       0.16960000000000000        6.7799999999999999E-002
   81.000000000000000        3.4932959659936896E-002   1.1200000000000000E-002   0.0000000000000000       0.75139999999999996       0.16960000000000000        6.7799999999999999E-002
   82.000000000000000        5.7902119272582042E-002   1.1200000000000000E-002   0.0000000000000000       0.75039999999999996       0.16719999999999999        7.1199999999999999E-002
   83.000000000000000        7.9838006995369817E-002   1.0999999999999999E-002   0.0000000000000000       0.75039999999999996       0.16739999999999999        7.1199999999999999E-002
   84.000000000000000       0.10278152229438417        8.0000000000000002E-003   3.0000000000000001E-003  0.74700000000000000       0.16739999999999999        7.4600000000000000E-002
   85.000000000000000       0.12337986584422894        8.0000000000000002E-003   3.0000000000000001E-003  0.74700000000000000       0.16739999999999999        7.4600000000000000E-002
   86.000000000000000       0.14415585901776373        8.0000000000000002E-003   2.8000000000000000E-003  0.74680000000000002       0.16780000000000000        7.4600000000000000E-002
   87.000000000000000       0.16479349490706555        8.0000000000000002E-003   2.8000000000000000E-003  0.74680000000000002       0.16780000000000000        7.4600000000000000E-002
   88.000000000000000       0.18403729764771865        7.0000000000000001E-003   2.5999999999999999E-003  0.74519999999999997       0.17060000000000000        7.4600000000000000E-002
   89.000000000000000       0.20298479273958520        7.0000000000000001E-003   2.8000000000000000E-003  0.74139999999999995       0.17040000000000000        7.8399999999999997E-002
   90.000000000000000       0.21967551486514986        7.0000000000000001E-003   2.5999999999999999E-003  0.73999999999999999       0.17100000000000001        7.9399999999999998E-002
   91.000000000000000       0.23417949825438655        7.0000000000000001E-003   2.5999999999999999E-003  0.73999999999999999       0.17100000000000001        7.9399999999999998E-002
   92.000000000000000       0.24795000545921791        6.6000000000000000E-003   3.0000000000000001E-003  0.73839999999999995       0.17260000000000000        7.9399999999999998E-002
   93.000000000000000       0.26004034479863486        6.6000000000000000E-003   3.2000000000000002E-003  0.73640000000000005       0.17240000000000000        8.1400000000000000E-002
   94.000000000000000       0.26856033378524957        6.6000000000000000E-003   2.2000000000000001E-003  0.73740000000000006       0.17100000000000001        8.2799999999999999E-002
   95.000000000000000       0.28733708514818301        6.4000000000000003E-003   2.2000000000000001E-003  0.73619999999999997       0.17100000000000001        8.4199999999999997E-002
   96.000000000000000       0.29127943194032563        6.0000000000000001E-003   2.2000000000000001E-003  0.73680000000000001       0.17060000000000000        8.4400000000000003E-002
   97.000000000000000       0.29589594816020792        6.0000000000000001E-003   2.2000000000000001E-003  0.73319999999999996       0.17060000000000000        8.7999999999999995E-002
   98.000000000000000       0.30467375093807864        6.0000000000000001E-003   2.2000000000000001E-003  0.72860000000000003       0.17199999999999999        9.1200000000000003E-002
   99.000000000000000       0.31156304525046907        5.7999999999999996E-003   2.3999999999999998E-003  0.72860000000000003       0.17199999999999999        9.1200000000000003E-002
   100.00000000000000       0.30871446773787226        5.7999999999999996E-003   2.3999999999999998E-003  0.72840000000000005       0.17160000000000000        9.1800000000000007E-002
   101.00000000000000       0.31232287196511849        5.4000000000000003E-003   2.0000000000000000E-003  0.72760000000000002       0.17299999999999999        9.1999999999999998E-002
   102.00000000000000       0.31242529397088592        5.4000000000000003E-003   2.0000000000000000E-003  0.72680000000000000       0.17199999999999999        9.3799999999999994E-002
   103.00000000000000       0.31060166569672509        5.4000000000000003E-003   2.0000000000000000E-003  0.72519999999999996       0.17240000000000000        9.5000000000000001E-002
   104.00000000000000       0.30674389825938347        5.4000000000000003E-003   2.0000000000000000E-003  0.72499999999999998       0.17260000000000000        9.5000000000000001E-002
   105.00000000000000       0.30102281450693869        5.4000000000000003E-003   2.0000000000000000E-003  0.72499999999999998       0.17260000000000000        9.5000000000000001E-002
   106.00000000000000       0.29420100897129875        2.5999999999999999E-003   4.7999999999999996E-003  0.72480000000000000       0.17019999999999999        9.7600000000000006E-002
   107.00000000000000       0.28570946577220646        2.5999999999999999E-003   4.7999999999999996E-003  0.72399999999999998       0.16900000000000001        9.9599999999999994E-002
   108.00000000000000       0.27606063709296996        2.5999999999999999E-003   4.7999999999999996E-003  0.72299999999999998       0.16900000000000001       0.10059999999999999     
   109.00000000000000       0.26512742147764617        2.5999999999999999E-003   4.7999999999999996E-003  0.72219999999999995       0.16900000000000001       0.10140000000000000     
   110.00000000000000       0.25211374448590429        2.5999999999999999E-003   4.7999999999999996E-003  0.72199999999999998       0.16880000000000001       0.10180000000000000     
   111.00000000000000       0.23808698689462637        2.5999999999999999E-003   4.7999999999999996E-003  0.72199999999999998       0.16880000000000001       0.10180000000000000     
   112.00000000000000       0.22429165786626162        2.5999999999999999E-003   0.0000000000000000       0.72599999999999998       0.16960000000000000       0.10180000000000000     
   113.00000000000000       0.21673673581514225        2.5999999999999999E-003   0.0000000000000000       0.72599999999999998       0.16980000000000001       0.10160000000000000     
   114.00000000000000       0.22249947837817480        2.5999999999999999E-003   0.0000000000000000       0.72599999999999998       0.16059999999999999       0.11080000000000000     
   115.00000000000000       0.22078782522830612        2.5999999999999999E-003   0.0000000000000000       0.72599999999999998       0.15320000000000000       0.11820000000000000     
   116.00000000000000       0.21331335320436298        2.5999999999999999E-003   0.0000000000000000       0.72599999999999998       0.15020000000000000       0.12120000000000000     
   117.00000000000000       0.19949554714777884        2.5999999999999999E-003   0.0000000000000000       0.72599999999999998       0.15040000000000001       0.12100000000000000     
   118.00000000000000       0.18026447586132793        2.5999999999999999E-003   0.0000000000000000       0.72599999999999998       0.14899999999999999       0.12239999999999999     
   119.00000000000000       0.15599059562462092        2.5999999999999999E-003   0.0000000000000000       0.72599999999999998       0.14899999999999999       0.12239999999999999     
   120.00000000000000       0.12033724026165406        2.5999999999999999E-003  0.53739999999999999       0.17960000000000001       0.14940000000000001       0.13100000000000001     
   121.00000000000000       0.10059235904704866        2.5999999999999999E-003  0.53739999999999999       0.17660000000000001       0.14879999999999999       0.13460000000000000     
   122.00000000000000        7.3417364864110352E-002   2.5999999999999999E-003  0.53739999999999999       0.17640000000000000       0.14599999999999999       0.13760000000000000     
   123.00000000000000        4.5678874418484464E-002   2.5999999999999999E-003  0.53739999999999999       0.17519999999999999       0.14499999999999999       0.13980000000000001     
   124.00000000000000        1.7885353104278568E-002   2.5999999999999999E-003  0.53739999999999999       0.17480000000000001       0.14499999999999999       0.14019999999999999     
   125.00000000000000       -1.0406567937803618E-002   4.5199999999999997E-002  0.49480000000000002       0.17460000000000001       0.14520000000000000       0.14019999999999999     
   126.00000000000000       -2.6091910582256593E-002   4.5199999999999997E-002  0.49399999999999999       0.17380000000000001       0.14540000000000000       0.14160000000000000     
   127.00000000000000       -2.4513495642744201E-002   4.5199999999999997E-002  0.49359999999999998       0.17100000000000001       0.14540000000000000       0.14480000000000001     
   128.00000000000000       -2.3252213829908899E-002   4.5199999999999997E-002  0.49359999999999998       0.17100000000000001       0.14540000000000000       0.14480000000000001     
   129.00000000000000       -1.9716655288680787E-002   4.4999999999999998E-002  0.49359999999999998       0.16839999999999999       0.14640000000000000       0.14660000000000001     
   130.00000000000000       -1.7538397310173086E-002   4.4800000000000000E-002  0.49099999999999999       0.16800000000000001       0.14680000000000001       0.14940000000000001     
   131.00000000000000       -6.7175069559886752E-003   4.2200000000000001E-002  0.49099999999999999       0.16800000000000001       0.14920000000000000       0.14960000000000001     
   132.00000000000000       -1.1262793916089038E-002   4.2200000000000001E-002  0.48920000000000002       0.16919999999999999       0.14979999999999999       0.14960000000000001     
   133.00000000000000       -4.6332203936179039E-002   4.1399999999999999E-002  0.48920000000000002       0.16819999999999999       0.14499999999999999       0.15620000000000001     
   134.00000000000000        3.1601813636770192E-002   4.1200000000000001E-002  0.48240000000000000       0.17340000000000000       0.14499999999999999       0.15800000000000000     
   135.00000000000000       -1.9805621050121638E-003   3.9399999999999998E-002  0.48399999999999999       0.17199999999999999       0.14560000000000001       0.15900000000000000     
   136.00000000000000       0.11751680622945482        3.8199999999999998E-002  0.48380000000000001       0.17180000000000001       0.14660000000000001       0.15959999999999999     
   137.00000000000000        1.4090788707578350E-002   3.8199999999999998E-002  0.48380000000000001       0.17160000000000000       0.14660000000000001       0.15980000000000000     
   138.00000000000000        4.1960489918792948E-004  0.12900000000000000       0.39260000000000000       0.16940000000000000       0.14740000000000000       0.16159999999999999     
   139.00000000000000        1.0752815234127765E-002  0.12900000000000000       0.39260000000000000       0.16900000000000001       0.14820000000000000       0.16120000000000001     
   140.00000000000000        3.9114749571826951E-002  0.12859999999999999        5.9999999999999995E-004  0.56140000000000001       0.14180000000000001       0.16760000000000000     
   141.00000000000000        4.5271793943647130E-002  0.12839999999999999        5.9999999999999995E-004  0.56140000000000001       0.13819999999999999       0.17140000000000000     
   142.00000000000000        6.6447309554308512E-002  0.12839999999999999        5.9999999999999995E-004  0.56140000000000001       0.13840000000000000       0.17119999999999999     
   143.00000000000000        8.5572107410337564E-002  0.12839999999999999        5.9999999999999995E-004  0.56140000000000001       0.13860000000000000       0.17100000000000001     
   144.00000000000000       0.10228862519089249       0.12820000000000001        8.0000000000000004E-004  0.56140000000000001       0.13680000000000000       0.17280000000000001     
   145.00000000000000       0.11603875758066709       0.12820000000000001        8.0000000000000004E-004  0.56140000000000001       0.13680000000000000       0.17280000000000001     
   146.00000000000000       0.12713270815155417       0.12780000000000000        8.0000000000000004E-004  0.56140000000000001       0.13680000000000000       0.17319999999999999     
   147.00000000000000       0.13356523482436489       0.12780000000000000        8.0000000000000004E-004  0.56140000000000001       0.13500000000000001       0.17499999999999999     
   148.00000000000000       0.13597056364471960       0.12759999999999999        8.0000000000000004E-004  0.56140000000000001       0.13519999999999999       0.17499999999999999     
   149.00000000000000       0.13466046591661746       0.12759999999999999        8.0000000000000004E-004  0.56140000000000001       0.13460000000000000       0.17560000000000001     
   150.00000000000000       0.12948980978152197       0.12520000000000001        3.2000000000000002E-003  0.56140000000000001       0.13339999999999999       0.17680000000000001     
   151.00000000000000       0.12110049232631870       0.12460000000000000        3.2000000000000002E-003  0.56140000000000001       0.13239999999999999       0.17840000000000000     
   152.00000000000000       0.10976349965233978       0.12300000000000000        3.2000000000000002E-003  0.56140000000000001       0.13239999999999999       0.17999999999999999     
   153.00000000000000        9.5246385766823344E-002  0.11799999999999999        7.6000000000000000E-003  0.56140000000000001       0.13260000000000000       0.18040000000000000     
   154.00000000000000        7.8249251170814355E-002  0.11060000000000000        1.4999999999999999E-002  0.56140000000000001       0.13260000000000000       0.18040000000000000     
   155.00000000000000        6.1183428605312319E-002  0.10059999999999999        2.3800000000000002E-002  0.56140000000000001       0.12220000000000000       0.19200000000000000     
   156.00000000000000        4.1766277641341144E-002   9.5600000000000004E-002   2.8199999999999999E-002  0.56140000000000001       0.12180000000000001       0.19300000000000000     
   157.00000000000000        2.2338731762237156E-002   9.6799999999999997E-002   2.8000000000000001E-002  0.55900000000000005       0.11780000000000000       0.19839999999999999     
   158.00000000000000        9.6303821387617936E-003  0.10000000000000001        2.8000000000000001E-002  0.55600000000000005       0.11799999999999999       0.19800000000000001     
   159.00000000000000        5.0075545525773285E-003  0.10080000000000000        2.8000000000000001E-002  0.55479999999999996       0.11840000000000001       0.19800000000000001     
   160.00000000000000        4.5355232349318653E-004   4.5800000000000000E-002   8.2600000000000007E-002  0.55500000000000005       0.11280000000000000       0.20380000000000001     
   161.00000000000000       -5.7131779152115314E-003   4.5800000000000000E-002   8.3000000000000004E-002  0.55279999999999996       0.11300000000000000       0.20540000000000000     
   162.00000000000000       -1.1846273972766441E-002   4.5800000000000000E-002   8.1799999999999998E-002  0.55279999999999996       0.11440000000000000       0.20519999999999999     
   163.00000000000000       -2.0423875105544172E-002   4.5800000000000000E-002   8.1000000000000003E-002  0.55279999999999996       0.11600000000000001       0.20440000000000000     
   164.00000000000000       -2.3893165295545679E-002   4.5800000000000000E-002   8.0600000000000005E-002  0.55140000000000000       0.11380000000000000       0.20840000000000000     
   165.00000000000000       -2.9685651722496674E-002   0.0000000000000000       0.12640000000000001       0.55140000000000000       0.11320000000000000       0.20899999999999999     
   166.00000000000000       -3.4523617022719784E-002   0.0000000000000000       0.12640000000000001       0.54779999999999995       0.11459999999999999       0.21120000000000000     
   167.00000000000000       -3.8358568986384740E-002   0.0000000000000000       0.12640000000000001       0.54779999999999995       0.11260000000000001       0.21320000000000000     
   168.00000000000000       -4.0271986398620847E-002   4.0000000000000002E-004   9.6199999999999994E-002  0.57740000000000002       0.11200000000000000       0.21400000000000000     
   169.00000000000000       -3.8937802781795490E-002   4.0000000000000002E-004   9.6199999999999994E-002  0.57740000000000002       0.11280000000000000       0.21320000000000000     
   170.00000000000000       -2.4926058581431647E-002   0.0000000000000000        9.6600000000000005E-002  0.57740000000000002       0.11280000000000000       0.21320000000000000     
   171.00000000000000       -9.1051787974783319E-003   2.0000000000000001E-004   9.6400000000000000E-002  0.57740000000000002       0.11160000000000000       0.21440000000000001     
   172.00000000000000        7.9787949554341389E-003   0.0000000000000000        9.6600000000000005E-002  0.57740000000000002       0.10879999999999999       0.21720000000000000     
   173.00000000000000        2.5537018491675233E-002   0.0000000000000000        9.6600000000000005E-002  0.57740000000000002       0.10900000000000000       0.21700000000000000     
   174.00000000000000        4.2507492268161903E-002   2.0000000000000001E-004   9.6400000000000000E-002  0.57740000000000002       0.10800000000000000       0.21800000000000000     
   175.00000000000000        5.8597623756624521E-002   2.0000000000000001E-004   9.6400000000000000E-002  0.57740000000000002       0.10840000000000000       0.21759999999999999     
   176.00000000000000        7.2771575639866082E-002   2.0000000000000001E-004   9.6400000000000000E-002  0.57740000000000002       0.11480000000000000       0.21120000000000000     
   177.00000000000000        8.5447450826118446E-002   2.0000000000000001E-004   9.6400000000000000E-002  0.57740000000000002        9.3200000000000005E-002  0.23280000000000001     
   178.00000000000000        9.4703623463077216E-002   2.0000000000000001E-004   9.6400000000000000E-002  0.57740000000000002       0.10920000000000001       0.21679999999999999     
   179.00000000000000       0.10094693743684846        2.0000000000000001E-004   9.6400000000000000E-002  0.57740000000000002       0.10900000000000000       0.21700000000000000     
   180.00000000000000       0.10402524807797554        2.0000000000000001E-004   9.6400000000000000E-002  0.57740000000000002       0.10900000000000000       0.21700000000000000     
   181.00000000000000       0.10348812416823495        2.0000000000000001E-004   9.6400000000000000E-002  0.57740000000000002       0.10879999999999999       0.21720000000000000     
   182.00000000000000        9.9875448376070236E-002   2.0000000000000001E-004   8.6199999999999999E-002  0.58720000000000006       0.10860000000000000       0.21779999999999999     
   183.00000000000000        9.5432409673413959E-002   2.0000000000000001E-004   8.6199999999999999E-002  0.58479999999999999       0.11000000000000000       0.21879999999999999     
   184.00000000000000       0.10843913173570187        2.0000000000000001E-004   8.6199999999999999E-002  0.58399999999999996       0.10940000000000000       0.22020000000000001     
   185.00000000000000       0.11989510342376795        5.7999999999999996E-003   8.0600000000000005E-002  0.58399999999999996       0.10940000000000000       0.22020000000000001     
   186.00000000000000       0.13181405347334574        5.7999999999999996E-003   7.9200000000000007E-002  0.58179999999999998       0.11300000000000000       0.22020000000000001     
   187.00000000000000       0.14329316493995398        5.7999999999999996E-003   7.9200000000000007E-002  0.58060000000000000       0.11360000000000001       0.22080000000000000     
   188.00000000000000       0.15421428451377656        5.7999999999999996E-003   7.9200000000000007E-002  0.58040000000000003       0.11320000000000000       0.22140000000000001     
   189.00000000000000       0.16084142287961162        5.7999999999999996E-003   7.9000000000000001E-002  0.57599999999999996       0.11580000000000000       0.22339999999999999     
   190.00000000000000       0.16553917316329844        5.7999999999999996E-003   7.8799999999999995E-002  0.57560000000000000       0.11640000000000000       0.22339999999999999     
   191.00000000000000       0.16973326210553791        5.5999999999999999E-003   7.6399999999999996E-002  0.57079999999999997       0.12180000000000001       0.22539999999999999     
   192.00000000000000       0.17074552108324953        5.4000000000000003E-003   7.6399999999999996E-002  0.56659999999999999       0.12340000000000000       0.22819999999999999     
   193.00000000000000       0.16858267072694266        5.4000000000000003E-003   7.4399999999999994E-002  0.56740000000000002       0.12460000000000000       0.22819999999999999     
   194.00000000000000       0.16393968490262309        5.4000000000000003E-003   7.1800000000000003E-002  0.56799999999999995       0.12520000000000001       0.22960000000000000     
   195.00000000000000       0.15642950805368527        5.1999999999999998E-003   7.1800000000000003E-002  0.56820000000000004       0.12500000000000000       0.22980000000000000     
   196.00000000000000       0.14626968532899756        5.0000000000000001E-003   7.1800000000000003E-002  0.56820000000000004       0.12239999999999999       0.23260000000000000     
   197.00000000000000       0.13418001540876456        4.7999999999999996E-003   6.7799999999999999E-002  0.57199999999999995       0.12559999999999999       0.22980000000000000     
   198.00000000000000       0.12026905081218535        4.7999999999999996E-003   6.8199999999999997E-002  0.57040000000000002       0.12200000000000000       0.23460000000000000     
   199.00000000000000       0.10420241254940804        4.7999999999999996E-003   6.4399999999999999E-002  0.57420000000000004       0.11940000000000001       0.23719999999999999     
   200.00000000000000        8.6647712063419480E-002   4.7999999999999996E-003   6.2000000000000000E-002  0.57660000000000000       0.12020000000000000       0.23640000000000000     
   201.00000000000000        6.8034643294596311E-002   4.7999999999999996E-003   6.1400000000000003E-002  0.57699999999999996       0.11720000000000000       0.23960000000000001     
   202.00000000000000        4.7883051501851639E-002   4.7999999999999996E-003   6.1199999999999997E-002  0.57720000000000005       0.11740000000000000       0.23940000000000000     
   203.00000000000000        2.6710186363233995E-002   2.0600000000000000E-002   4.5800000000000000E-002  0.57679999999999998       0.11760000000000000       0.23920000000000000     
   204.00000000000000        7.5766711913316312E-003   2.0400000000000001E-002   5.4800000000000001E-002  0.56799999999999995       0.11760000000000000       0.23920000000000000     
   205.00000000000000        1.2663320387906893E-002   1.9000000000000000E-002   5.6000000000000001E-002  0.56799999999999995       0.11780000000000000       0.23920000000000000     
   206.00000000000000        3.4207463978541630E-002   1.9000000000000000E-002   5.6000000000000001E-002  0.56799999999999995       0.11720000000000000       0.23980000000000001     
   207.00000000000000        5.8459934364980135E-002   1.9199999999999998E-002   5.5800000000000002E-002  0.56799999999999995       0.11720000000000000       0.23980000000000001     
   208.00000000000000        8.5734454464480359E-002   1.9199999999999998E-002   5.5800000000000002E-002   2.0600000000000000E-002  0.66459999999999997       0.23980000000000001     
   209.00000000000000       0.10791437947506960        1.9199999999999998E-002   5.6000000000000001E-002   2.0600000000000000E-002  0.66439999999999999       0.23980000000000001     
   210.00000000000000       0.13134248307349655        1.9000000000000000E-002   5.5399999999999998E-002   2.0600000000000000E-002  0.66520000000000001       0.23980000000000001     
   211.00000000000000       0.14419650237845655        1.9000000000000000E-002   5.5399999999999998E-002   2.0600000000000000E-002  0.66520000000000001       0.23980000000000001     
   212.00000000000000       0.16528070667422862        1.9199999999999998E-002   5.5199999999999999E-002   2.0600000000000000E-002  0.66520000000000001       0.23980000000000001     
   213.00000000000000       0.17507503146813658        1.9199999999999998E-002   5.4800000000000001E-002   2.0600000000000000E-002  0.66559999999999997       0.23980000000000001     
   214.00000000000000       0.17966681076092994        1.9199999999999998E-002   5.4800000000000001E-002   2.0600000000000000E-002  0.66559999999999997       0.23980000000000001     
   215.00000000000000       0.17904787172770417        1.9199999999999998E-002   5.4800000000000001E-002   2.0600000000000000E-002  0.66559999999999997       0.23980000000000001     
   216.00000000000000       0.17191617898337538        1.9199999999999998E-002   5.4800000000000001E-002   2.0600000000000000E-002  0.66559999999999997       0.23980000000000001     
