#        BMIN =   404
#        BMAX =   408
#     INIBAND =   405
#      NBANDS =   540
#         NSW =  2000
#       POTIM =   1.0
#        TEMP = 300.0
#    NAMDTINI =   145
#    NAMDTIME =  1000
#       NTRAJ =  5000
#        NELM =  1000
#       LHOLE =     T
#        LSHP =     T
#      LCPTXT =     T
#      RUNDIR = ../../run/
   1.0000000000000000       -8.5681662865059460E-002   0.0000000000000000        1.0000000000000000        0.0000000000000000        0.0000000000000000        0.0000000000000000     
   2.0000000000000000      -0.10204817510792477        8.0000000000000004E-004  0.99919999999999998        0.0000000000000000        0.0000000000000000        0.0000000000000000     
   3.0000000000000000      -0.12357494103917541        2.6200000000000001E-002  0.97380000000000000        0.0000000000000000        0.0000000000000000        0.0000000000000000     
   4.0000000000000000      -0.14785811066488586        5.1400000000000001E-002  0.94860000000000000        0.0000000000000000        0.0000000000000000        0.0000000000000000     
   5.0000000000000000      -0.18366140783550428        6.6400000000000001E-002  0.93359999999999999        0.0000000000000000        0.0000000000000000        0.0000000000000000     
   6.0000000000000000      -0.21794370069233912        5.8400000000000001E-002  0.94159999999999999        0.0000000000000000        0.0000000000000000        0.0000000000000000     
   7.0000000000000000      -0.25593320119750612        5.2800000000000000E-002  0.94720000000000004        0.0000000000000000        0.0000000000000000        0.0000000000000000     
   8.0000000000000000      -0.28983288912485677        5.3199999999999997E-002  0.94660000000000000        2.0000000000000001E-004   0.0000000000000000        0.0000000000000000     
   9.0000000000000000      -0.32973478559630648        5.2999999999999999E-002  0.94679999999999997        2.0000000000000001E-004   0.0000000000000000        0.0000000000000000     
   10.000000000000000      -0.36560510286389941        0.0000000000000000       0.99980000000000002        2.0000000000000001E-004   0.0000000000000000        0.0000000000000000     
   11.000000000000000      -0.35460444390996543        5.9999999999999995E-004  0.99900000000000000        2.0000000000000001E-004   2.0000000000000001E-004   0.0000000000000000     
   12.000000000000000      -0.33373213971841653        4.0000000000000002E-004  0.99719999999999998        2.0000000000000001E-004   2.2000000000000001E-003   0.0000000000000000     
   13.000000000000000      -0.30876327895631822        4.0000000000000002E-004  0.99539999999999995        2.0000000000000001E-004   4.0000000000000001E-003   0.0000000000000000     
   14.000000000000000      -0.28246556444774740        4.0000000000000002E-004  0.98780000000000001        5.1999999999999998E-003   6.6000000000000000E-003   0.0000000000000000     
   15.000000000000000      -0.25924450874247745        4.0000000000000002E-004  0.98780000000000001        5.1999999999999998E-003   6.6000000000000000E-003   0.0000000000000000     
   16.000000000000000      -0.26438293520773726        4.0000000000000002E-004  0.98780000000000001        5.1999999999999998E-003   6.6000000000000000E-003   0.0000000000000000     
   17.000000000000000      -0.26276482113912436        4.0000000000000002E-004  0.98780000000000001        5.1999999999999998E-003   6.6000000000000000E-003   0.0000000000000000     
   18.000000000000000      -0.25307286005067042        4.0000000000000002E-004  0.98780000000000001        5.1999999999999998E-003   6.6000000000000000E-003   0.0000000000000000     
   19.000000000000000      -0.23599904051916185        4.0000000000000002E-004  0.98780000000000001        5.1999999999999998E-003   6.6000000000000000E-003   0.0000000000000000     
   20.000000000000000      -0.21361531117366742        4.0000000000000002E-004  0.98780000000000001        5.1999999999999998E-003   6.6000000000000000E-003   0.0000000000000000     
   21.000000000000000      -0.18535609980998008        4.0000000000000002E-004  0.98780000000000001        4.7999999999999996E-003   7.0000000000000001E-003   0.0000000000000000     
   22.000000000000000      -0.15434098096082668        4.0000000000000002E-004  0.98780000000000001        4.7999999999999996E-003   7.0000000000000001E-003   0.0000000000000000     
   23.000000000000000      -0.12084008749397117        4.0000000000000002E-004  0.98780000000000001        4.7999999999999996E-003   7.0000000000000001E-003   0.0000000000000000     
   24.000000000000000       -8.7998861121371730E-002   4.0000000000000002E-004  0.98780000000000001        4.7999999999999996E-003   7.0000000000000001E-003   0.0000000000000000     
   25.000000000000000       -5.2607492258375251E-002   4.0000000000000002E-004  0.98780000000000001        4.7999999999999996E-003   7.0000000000000001E-003   0.0000000000000000     
   26.000000000000000       -2.0618941795055221E-002   4.0000000000000002E-004  0.98780000000000001        4.7999999999999996E-003   7.0000000000000001E-003   0.0000000000000000     
   27.000000000000000        9.6208888242449164E-003   4.0000000000000002E-004  0.98780000000000001        4.5999999999999999E-003   7.0000000000000001E-003   2.0000000000000001E-004
   28.000000000000000        3.5700297503649697E-002   4.0000000000000002E-004  0.98780000000000001        4.5999999999999999E-003   7.0000000000000001E-003   2.0000000000000001E-004
   29.000000000000000        5.7062745170947948E-002   4.0000000000000002E-004  0.98780000000000001        4.4000000000000003E-003   7.1999999999999998E-003   2.0000000000000001E-004
   30.000000000000000        7.3299509815131600E-002   4.0000000000000002E-004  0.98780000000000001        4.1999999999999997E-003   7.4000000000000003E-003   2.0000000000000001E-004
   31.000000000000000        8.3641675910115593E-002   4.0000000000000002E-004  0.98780000000000001        4.1999999999999997E-003   7.4000000000000003E-003   2.0000000000000001E-004
   32.000000000000000        8.7425722566873601E-002   4.0000000000000002E-004  0.98780000000000001        4.1999999999999997E-003   7.4000000000000003E-003   2.0000000000000001E-004
   33.000000000000000        8.5174994511832747E-002   4.0000000000000002E-004  0.98780000000000001        4.0000000000000001E-003   7.6000000000000000E-003   2.0000000000000001E-004
   34.000000000000000        7.6659554516307557E-002   4.0000000000000002E-004  0.98780000000000001        3.8000000000000000E-003   7.7999999999999996E-003   2.0000000000000001E-004
   35.000000000000000        6.1853671103406706E-002   4.0000000000000002E-004  0.98780000000000001        3.8000000000000000E-003   7.7999999999999996E-003   2.0000000000000001E-004
   36.000000000000000        4.1368176496700541E-002   4.0000000000000002E-004  0.98780000000000001        3.8000000000000000E-003   7.7999999999999996E-003   2.0000000000000001E-004
   37.000000000000000        1.4291188371743759E-002   5.3199999999999997E-002  0.93500000000000005        3.5999999999999999E-003   8.0000000000000002E-003   2.0000000000000001E-004
   38.000000000000000       -1.0709092461763514E-002   5.3199999999999997E-002  0.93440000000000001        3.3999999999999998E-003   8.8000000000000005E-003   2.0000000000000001E-004
   39.000000000000000       -8.6032135512945657E-003   5.3199999999999997E-002  0.93279999999999996        3.3999999999999998E-003   1.0400000000000000E-002   2.0000000000000001E-004
   40.000000000000000       -8.4574231993547137E-003   4.9599999999999998E-002  0.93559999999999999        4.1999999999999997E-003   1.0400000000000000E-002   2.0000000000000001E-004
   41.000000000000000       -9.1854005172518714E-003   4.8399999999999999E-002  0.93620000000000003        4.5999999999999999E-003   1.0600000000000000E-002   2.0000000000000001E-004
   42.000000000000000       -1.0294015956738666E-002   4.3999999999999997E-002  0.93999999999999995        4.5999999999999999E-003   1.0999999999999999E-002   4.0000000000000002E-004
   43.000000000000000       -1.3333092873779883E-002   4.2799999999999998E-002  0.94059999999999999        5.1999999999999998E-003   1.0999999999999999E-002   4.0000000000000002E-004
   44.000000000000000       -1.8820588604989037E-002   4.2200000000000001E-002  0.94079999999999997        5.5999999999999999E-003   1.1200000000000000E-002   2.0000000000000001E-004
   45.000000000000000       -2.5419257045931822E-002   3.5400000000000001E-002  0.94679999999999997        6.4000000000000003E-003   1.1200000000000000E-002   2.0000000000000001E-004
   46.000000000000000       -3.4774414305722041E-002   3.5400000000000001E-002  0.94599999999999995        7.1999999999999998E-003   1.1200000000000000E-002   2.0000000000000001E-004
   47.000000000000000       -4.5416473152343706E-002   3.6600000000000001E-002  0.94440000000000002        7.1999999999999998E-003   1.1200000000000000E-002   5.9999999999999995E-004
   48.000000000000000       -5.8722665513761492E-002   3.5000000000000003E-002  0.94520000000000004        7.1999999999999998E-003   1.2000000000000000E-002   5.9999999999999995E-004
   49.000000000000000       -7.3564887713120197E-002   3.5400000000000001E-002  0.94399999999999995        7.4000000000000003E-003   1.2600000000000000E-002   5.9999999999999995E-004
   50.000000000000000       -8.9749032164437956E-002   3.9000000000000000E-002  0.93940000000000001        7.4000000000000003E-003   1.3599999999999999E-002   5.9999999999999995E-004
   51.000000000000000      -0.10484349835538660        5.9600000000000000E-002  0.91439999999999999        7.1999999999999998E-003   1.7999999999999999E-002   8.0000000000000004E-004
   52.000000000000000      -0.11899206187510127        4.2799999999999998E-002  0.93100000000000005        7.1999999999999998E-003   1.7999999999999999E-002   1.0000000000000000E-003
   53.000000000000000      -0.13117681228648720        4.2599999999999999E-002  0.93020000000000003        7.1999999999999998E-003   1.9000000000000000E-002   1.0000000000000000E-003
   54.000000000000000      -0.14366757852564793        5.5399999999999998E-002  0.91720000000000002        7.4000000000000003E-003   1.9000000000000000E-002   1.0000000000000000E-003
   55.000000000000000      -0.15017280042412784        5.5399999999999998E-002  0.91720000000000002        7.4000000000000003E-003   1.9000000000000000E-002   1.0000000000000000E-003
   56.000000000000000      -0.12237239844327739        5.4800000000000001E-002  0.91720000000000002        7.4000000000000003E-003   1.9599999999999999E-002   1.0000000000000000E-003
   57.000000000000000       -9.5051295183670600E-002   5.4800000000000001E-002  0.91720000000000002        7.0000000000000001E-003   2.0000000000000000E-002   1.0000000000000000E-003
   58.000000000000000       -6.5468434058482544E-002   5.4800000000000001E-002  0.48420000000000002       0.43980000000000002        2.0000000000000000E-002   1.1999999999999999E-003
   59.000000000000000       -6.0690552716162076E-002   5.4800000000000001E-002  0.48080000000000001       0.43980000000000002        2.3199999999999998E-002   1.4000000000000000E-003
   60.000000000000000       -5.6791361716095647E-002   5.4800000000000001E-002  0.47660000000000002       0.43980000000000002        2.7000000000000000E-002   1.8000000000000000E-003
   61.000000000000000       -5.5440968564676930E-002   5.4800000000000001E-002  0.47639999999999999       0.44000000000000000        2.7000000000000000E-002   1.8000000000000000E-003
   62.000000000000000       -5.6369294995492404E-002   5.4800000000000001E-002  0.47639999999999999       0.44000000000000000        2.7000000000000000E-002   1.8000000000000000E-003
   63.000000000000000       -5.9399075383479771E-002   5.4800000000000001E-002  0.47620000000000001       0.44000000000000000        2.7199999999999998E-002   1.8000000000000000E-003
   64.000000000000000       -6.4635067360912887E-002   5.4800000000000001E-002  0.47580000000000000       0.44000000000000000        2.7600000000000000E-002   1.8000000000000000E-003
   65.000000000000000       -7.1857112327505301E-002   5.4399999999999997E-002  0.47580000000000000       0.44040000000000001        2.7199999999999998E-002   2.2000000000000001E-003
   66.000000000000000       -8.1177267003540124E-002   5.4399999999999997E-002  0.47580000000000000       0.44040000000000001        2.7199999999999998E-002   2.2000000000000001E-003
   67.000000000000000       -9.1725126457420564E-002   5.2999999999999999E-002  0.47660000000000002       0.44040000000000001        2.7799999999999998E-002   2.2000000000000001E-003
   68.000000000000000      -0.10453119472678835        5.1200000000000002E-002  0.47839999999999999       0.44040000000000001        2.7600000000000000E-002   2.3999999999999998E-003
   69.000000000000000      -0.11135510131239729        5.1200000000000002E-002  0.40300000000000002       0.51519999999999999        2.7799999999999998E-002   2.8000000000000000E-003
   70.000000000000000      -0.12512692224672731        4.8800000000000003E-002  0.40300000000000002       0.51639999999999997        2.9000000000000001E-002   2.8000000000000000E-003
   71.000000000000000      -0.13476130368566142        4.8599999999999997E-002  0.40300000000000002       0.51659999999999995        2.9000000000000001E-002   2.8000000000000000E-003
   72.000000000000000      -0.14358101391239245        2.0000000000000000E-002  0.43159999999999998       0.51659999999999995        2.9000000000000001E-002   2.8000000000000000E-003
   73.000000000000000      -0.13705494628582110        2.4199999999999999E-002  0.42620000000000002       0.51780000000000004        2.9000000000000001E-002   2.8000000000000000E-003
   74.000000000000000      -0.11961903288997734        2.3800000000000002E-002  0.42359999999999998       0.51800000000000002        3.1199999999999999E-002   3.3999999999999998E-003
   75.000000000000000      -0.10059029718177198        2.5200000000000000E-002  0.41839999999999999       0.51819999999999999        3.4799999999999998E-002   3.3999999999999998E-003
   76.000000000000000       -7.9458211375760562E-002   2.1399999999999999E-002  0.40939999999999999       0.52580000000000005        4.0000000000000001E-002   3.3999999999999998E-003
   77.000000000000000       -5.9866257777353570E-002   2.1000000000000001E-002  0.40460000000000002       0.52639999999999998        4.3999999999999997E-002   4.0000000000000001E-003
   78.000000000000000       -4.2061798370331090E-002   2.1200000000000000E-002  0.39639999999999997       0.53380000000000005        4.4600000000000001E-002   4.0000000000000001E-003
   79.000000000000000       -2.6739715815510469E-002   1.9800000000000002E-002  0.39739999999999998       0.53420000000000001        4.4600000000000001E-002   4.0000000000000001E-003
   80.000000000000000       -1.0580770731623236E-002   1.9800000000000002E-002  0.37640000000000001       0.55520000000000003        4.4800000000000000E-002   3.8000000000000000E-003
   81.000000000000000        8.2436559890793591E-004   1.9599999999999999E-002  0.37719999999999998       0.55420000000000003        4.5199999999999997E-002   3.8000000000000000E-003
   82.000000000000000        1.2235648768824478E-002   1.9599999999999999E-002  0.35920000000000002       0.57140000000000002        4.6800000000000001E-002   3.0000000000000001E-003
   83.000000000000000        2.3614494261261401E-002   1.9599999999999999E-002  0.31359999999999999       0.61699999999999999        4.7800000000000002E-002   2.0000000000000000E-003
   84.000000000000000        2.8531138845015184E-002   1.9599999999999999E-002  0.31219999999999998       0.61699999999999999        4.9200000000000001E-002   2.0000000000000000E-003
   85.000000000000000        3.2036571031407453E-002   1.7800000000000000E-002  0.31340000000000001       0.61539999999999995        5.0799999999999998E-002   2.5999999999999999E-003
   86.000000000000000        3.3772071009485170E-002   1.6199999999999999E-002  0.31380000000000002       0.61560000000000004        5.1400000000000001E-002   3.0000000000000001E-003
   87.000000000000000        3.5131643523983819E-002   1.4000000000000000E-002  0.30480000000000002       0.62660000000000005        5.1200000000000002E-002   3.3999999999999998E-003
   88.000000000000000        3.4362814448883096E-002   1.4200000000000001E-002  0.30459999999999998       0.62660000000000005        5.1200000000000002E-002   3.3999999999999998E-003
   89.000000000000000        3.2591578880872718E-002   1.4400000000000000E-002  0.30420000000000003       0.62580000000000002        5.2200000000000003E-002   3.3999999999999998E-003
   90.000000000000000        2.9424674437736567E-002   1.4000000000000000E-002  0.30440000000000000       0.62580000000000002        5.2400000000000002E-002   3.3999999999999998E-003
   91.000000000000000        2.1855565876677262E-002  0.20039999999999999       0.10960000000000000       0.63439999999999996        5.2200000000000003E-002   3.3999999999999998E-003
   92.000000000000000        2.7831513193939599E-002  0.20019999999999999       0.10960000000000000       0.63239999999999996        5.4199999999999998E-002   3.5999999999999999E-003
   93.000000000000000        3.0496362394970184E-002  0.19480000000000000       0.10960000000000000       0.64000000000000001        5.1999999999999998E-002   3.5999999999999999E-003
   94.000000000000000        3.5380339745342486E-002  0.19439999999999999       0.11000000000000000       0.65659999999999996        3.4799999999999998E-002   4.1999999999999997E-003
   95.000000000000000        4.1675822085907713E-002  0.19439999999999999       0.10979999999999999       0.65680000000000005        3.4799999999999998E-002   4.1999999999999997E-003
   96.000000000000000        3.0635222402504266E-002  0.19400000000000001       0.36140000000000000       0.40520000000000000        3.5200000000000002E-002   4.1999999999999997E-003
   97.000000000000000        3.4747850265225998E-002  0.19380000000000000       0.35999999999999999       0.40520000000000000        3.6799999999999999E-002   4.1999999999999997E-003
   98.000000000000000        3.6704312227832797E-002  0.19380000000000000       0.35360000000000003       0.42759999999999998        2.0199999999999999E-002   4.7999999999999996E-003
   99.000000000000000        3.1598377893114024E-002  0.19380000000000000       0.35380000000000000       0.42740000000000000        2.0199999999999999E-002   4.7999999999999996E-003
   100.00000000000000        2.1700977500591325E-002  0.19380000000000000       0.35380000000000000       0.42740000000000000        2.0199999999999999E-002   4.7999999999999996E-003
   101.00000000000000        1.0575947622320489E-002  0.19380000000000000       0.35380000000000000       0.42599999999999999        2.0199999999999999E-002   6.1999999999999998E-003
   102.00000000000000       -4.3747452050936463E-003  0.19380000000000000       0.35420000000000001       0.42559999999999998        2.0199999999999999E-002   6.1999999999999998E-003
   103.00000000000000       -1.7040133399424163E-002  0.19380000000000000       0.35420000000000001       0.42520000000000002        2.0600000000000000E-002   6.1999999999999998E-003
   104.00000000000000       -2.7266228674865702E-002  0.19380000000000000       0.35299999999999998       0.13500000000000001       0.31200000000000000        6.1999999999999998E-003
   105.00000000000000       -4.3332599098059414E-002  0.19380000000000000       0.35280000000000000       0.13500000000000001       0.31219999999999998        6.1999999999999998E-003
   106.00000000000000       -5.7028873833881111E-002  0.19380000000000000       0.35280000000000000       0.13500000000000001       0.31219999999999998        6.1999999999999998E-003
   107.00000000000000       -7.0532501013811963E-002  0.19380000000000000       0.34580000000000000       0.14520000000000000       0.30900000000000000        6.1999999999999998E-003
   108.00000000000000       -9.0339690270671180E-002  0.19320000000000001       0.34599999999999997        9.9000000000000005E-002  0.35480000000000000        7.0000000000000001E-003
   109.00000000000000      -0.11032040660673045       0.19320000000000001       0.34599999999999997       0.11300000000000000       0.34079999999999999        7.0000000000000001E-003
   110.00000000000000      -0.12122583136806832       0.19300000000000000       0.34599999999999997       0.15320000000000000       0.30080000000000001        7.0000000000000001E-003
   111.00000000000000      -0.12704038351354935       0.19280000000000000       0.34599999999999997       0.15759999999999999       0.29640000000000000        7.1999999999999998E-003
   112.00000000000000      -0.13513610179176586       0.39419999999999999       0.14380000000000001       0.15279999999999999       0.30120000000000002        8.0000000000000002E-003
   113.00000000000000      -0.12987207327911141       0.39419999999999999       0.14380000000000001       0.15859999999999999       0.29540000000000000        8.0000000000000002E-003
   114.00000000000000      -0.12761137874406675       0.39240000000000003       0.14280000000000001       0.16339999999999999       0.29339999999999999        8.0000000000000002E-003
   115.00000000000000      -0.11863117395194595       0.39219999999999999       0.14000000000000001       0.16819999999999999       0.29160000000000003        8.0000000000000002E-003
   116.00000000000000      -0.10010380489349859       0.39179999999999998       0.13940000000000000       0.17199999999999999       0.28860000000000002        8.2000000000000007E-003
   117.00000000000000       -9.6710276235664694E-002  0.39060000000000000       0.13900000000000001       0.16760000000000000       0.29459999999999997        8.2000000000000007E-003
   118.00000000000000       -8.8073842029307139E-002  0.39040000000000002       0.13900000000000001       0.16520000000000001       0.29720000000000002        8.2000000000000007E-003
   119.00000000000000       -3.8624618509194547E-002  0.38260000000000000       0.13719999999999999       0.17540000000000000       0.29659999999999997        8.2000000000000007E-003
   120.00000000000000        2.1978451429110670E-003  0.38179999999999997       0.13580000000000000       0.17720000000000000       0.29699999999999999        8.2000000000000007E-003
   121.00000000000000        4.0714351885950628E-002  0.38260000000000000       0.13420000000000001       0.16619999999999999       0.30880000000000002        8.2000000000000007E-003
   122.00000000000000        4.5755350600437270E-002  0.37640000000000001       0.14040000000000000       0.15520000000000000       0.31960000000000000        8.3999999999999995E-003
   123.00000000000000        7.3428476012704649E-002  0.21500000000000000       0.30159999999999998       0.15559999999999999       0.31919999999999998        8.6000000000000000E-003
   124.00000000000000        2.5784970683737741E-002  0.21140000000000000       0.29880000000000001       0.13439999999999999       0.30440000000000000        5.0999999999999997E-002
   125.00000000000000       0.71569960246430253        0.0000000000000000       0.45960000000000001       0.16220000000000001       0.32540000000000002        5.2800000000000000E-002
   126.00000000000000       0.35699754074798290        0.0000000000000000       0.45739999999999997       0.16439999999999999       0.32540000000000002        5.2800000000000000E-002
   127.00000000000000       0.36541227538425691        0.0000000000000000       0.45660000000000001       0.16339999999999999       0.32219999999999999        5.7799999999999997E-002
   128.00000000000000       0.38225257357908260        0.0000000000000000       0.45560000000000000       0.12900000000000000       0.28499999999999998       0.13039999999999999     
   129.00000000000000       0.22845070460988365        0.0000000000000000       0.45560000000000000       0.12859999999999999       0.28499999999999998       0.13080000000000000     
   130.00000000000000       0.24656626256815845        0.0000000000000000       0.45560000000000000       0.12859999999999999       0.28220000000000001       0.13360000000000000     
   131.00000000000000       0.26056598287107219        0.0000000000000000       0.45560000000000000       0.12859999999999999       0.28220000000000001       0.13360000000000000     
   132.00000000000000       0.26981379223769880        0.0000000000000000       0.45560000000000000       0.12820000000000001       0.28239999999999998       0.13380000000000000     
   133.00000000000000       0.27598635734465066        0.0000000000000000       0.45560000000000000       0.12780000000000000       0.27520000000000000       0.14140000000000000     
   134.00000000000000       0.27727569512977501        0.0000000000000000       0.45560000000000000       0.12780000000000000       0.27479999999999999       0.14180000000000001     
   135.00000000000000       0.27527907714766797        0.0000000000000000       0.45560000000000000       0.12759999999999999       0.25500000000000000       0.16180000000000000     
   136.00000000000000       0.26785289475410784        0.0000000000000000       0.45560000000000000       0.12759999999999999       0.25519999999999998       0.16159999999999999     
   137.00000000000000       0.25639881593325337        0.0000000000000000       0.45560000000000000       0.12759999999999999       0.25600000000000001       0.16080000000000000     
   138.00000000000000       0.24271956374857870        0.0000000000000000       0.45560000000000000       0.12379999999999999       0.25860000000000000       0.16200000000000001     
   139.00000000000000       0.22498832778700451        0.0000000000000000       0.45560000000000000       0.12379999999999999       0.25979999999999998       0.16080000000000000     
   140.00000000000000       0.20510523367858863        0.0000000000000000       0.45560000000000000       0.12379999999999999       0.26060000000000000       0.16000000000000000     
   141.00000000000000       0.18369133632168100        0.0000000000000000       0.45560000000000000       0.12360000000000000       0.25740000000000002       0.16339999999999999     
   142.00000000000000       0.16114196657389629        0.0000000000000000       0.45540000000000003       0.12379999999999999       0.25340000000000001       0.16739999999999999     
   143.00000000000000       0.14652525485341855        0.0000000000000000       0.45440000000000003       0.12379999999999999       0.19220000000000001       0.22960000000000000     
   144.00000000000000       0.13049641476527513        0.0000000000000000       0.45219999999999999       0.12360000000000000       0.20699999999999999       0.21720000000000000     
   145.00000000000000       0.11471195953631474        0.0000000000000000       0.45060000000000000       0.12060000000000000       0.21720000000000000       0.21160000000000001     
   146.00000000000000        9.9468492947144715E-002   0.0000000000000000       0.44979999999999998       0.11799999999999999       0.21759999999999999       0.21460000000000001     
   147.00000000000000        8.3314379523009963E-002   0.0000000000000000       0.44900000000000001       0.11660000000000000       0.22660000000000000       0.20780000000000001     
   148.00000000000000        6.8535845110254290E-002   0.0000000000000000       0.44800000000000001       0.11420000000000000       0.20999999999999999       0.22780000000000000     
   149.00000000000000        5.3862862324678358E-002   0.0000000000000000       0.44719999999999999       0.11380000000000000       0.18679999999999999       0.25219999999999998     
   150.00000000000000        3.8972317046993700E-002  0.20160000000000000       0.24479999999999999       0.11320000000000000       0.18980000000000000       0.25059999999999999     
   151.00000000000000        3.0758429110661810E-002  0.20140000000000000       0.24479999999999999       0.11260000000000001       0.20280000000000001       0.23840000000000000     
   152.00000000000000        2.5808590848259295E-002  0.20119999999999999       0.24479999999999999       0.11260000000000001       0.20540000000000000       0.23599999999999999     
   153.00000000000000        2.6958737864539777E-002  0.17199999999999999       0.26260000000000000       0.12220000000000000       0.18360000000000001       0.25960000000000000     
   154.00000000000000        2.6910724039727038E-002  0.16639999999999999       0.26619999999999999       0.12220000000000000       0.18060000000000001       0.26460000000000000     
   155.00000000000000        2.3912697572416410E-002  0.16780000000000000       0.26340000000000002       0.12220000000000000       0.17000000000000001       0.27660000000000001     
   156.00000000000000        2.5238245688141162E-002  0.14820000000000000       0.28260000000000002       0.12220000000000000       0.16960000000000000       0.27739999999999998     
   157.00000000000000        2.7576807152352688E-002  0.13460000000000000       0.29620000000000002       0.12220000000000000       0.16680000000000000       0.28020000000000000     
   158.00000000000000        3.2540435506997700E-002  0.13400000000000001       0.29680000000000001       0.12220000000000000       0.16680000000000000       0.28020000000000000     
   159.00000000000000        4.0285374535743768E-002  0.13180000000000000       0.29580000000000001       0.12220000000000000       0.17019999999999999       0.28000000000000003     
   160.00000000000000        4.8000680427840628E-002  0.13020000000000001       0.29580000000000001       0.12220000000000000       0.17180000000000001       0.28000000000000003     
   161.00000000000000        5.7221278810235691E-002  0.13020000000000001       0.29399999999999998       0.12220000000000000       0.17399999999999999       0.27960000000000002     
   162.00000000000000        6.6483614661485224E-002  0.12980000000000000       0.29220000000000002       0.12220000000000000       0.17460000000000001       0.28120000000000001     
   163.00000000000000        7.7084646161781428E-002  0.12580000000000000       0.29320000000000002       0.12220000000000000       0.17460000000000001       0.28420000000000001     
   164.00000000000000        8.7110048277201008E-002  0.11799999999999999       0.29959999999999998       0.12220000000000000       0.17580000000000001       0.28439999999999999     
   165.00000000000000        9.7809140303758688E-002  0.11480000000000000       0.29799999999999999       0.12220000000000000       0.17979999999999999       0.28520000000000001     
   166.00000000000000       0.10771593309026865       0.11480000000000000       0.29399999999999998       0.12220000000000000       0.18379999999999999       0.28520000000000001     
   167.00000000000000       0.11676066019951074       0.11480000000000000       0.29280000000000000       0.12220000000000000       0.18459999999999999       0.28560000000000002     
   168.00000000000000       0.12636655556313425       0.11380000000000000       0.29280000000000000       0.12160000000000000       0.17979999999999999       0.29199999999999998     
   169.00000000000000       0.13252714430968413       0.11219999999999999       0.29280000000000000       0.12280000000000001       0.17999999999999999       0.29220000000000002     
   170.00000000000000       0.13311295363163719       0.11280000000000000       0.28980000000000000       0.12280000000000001       0.17380000000000001       0.30080000000000001     
   171.00000000000000       0.13481616281756192       0.11280000000000000       0.28739999999999999       0.12280000000000001       0.17060000000000000       0.30640000000000001     
   172.00000000000000       0.14043811283437446       0.11280000000000000       0.28720000000000001       0.12160000000000000       0.17060000000000000       0.30780000000000002     
   173.00000000000000       0.14467642803587433       0.11280000000000000       0.28680000000000000       0.12120000000000000       0.17100000000000001       0.30819999999999997     
   174.00000000000000       0.15316124456797553       0.11219999999999999       0.28580000000000000       0.12120000000000000       0.17100000000000001       0.30980000000000002     
   175.00000000000000       0.16091866927928056       0.11180000000000000       0.28160000000000002       0.12500000000000000       0.16980000000000001       0.31180000000000002     
   176.00000000000000       0.16681075213127558       0.11140000000000000       0.28179999999999999       0.12479999999999999       0.16760000000000000       0.31440000000000001     
   177.00000000000000       0.17087370438043431       0.10780000000000001       0.28280000000000000       0.12740000000000001       0.16760000000000000       0.31440000000000001     
   178.00000000000000       0.17427908995613636       0.10620000000000000       0.27679999999999999       0.13439999999999999       0.16739999999999999       0.31519999999999998     
   179.00000000000000       0.17606371513192740       0.10480000000000000       0.27260000000000001       0.13840000000000000       0.16739999999999999       0.31680000000000003     
   180.00000000000000       0.17514432873238492       0.10979999999999999       0.26319999999999999       0.14260000000000000       0.16760000000000000       0.31680000000000003     
   181.00000000000000       0.17579026197449449        0.0000000000000000       0.36880000000000002       0.14240000000000000       0.17199999999999999       0.31680000000000003     
   182.00000000000000       0.17283820977374806        0.0000000000000000       0.36880000000000002       0.13280000000000000       0.17960000000000001       0.31879999999999997     
   183.00000000000000       0.17161599509230888        2.0000000000000000E-003  0.36620000000000003       0.12839999999999999       0.18179999999999999       0.32160000000000000     
   184.00000000000000       0.16999149556612275        1.6000000000000001E-003  0.36380000000000001       0.12900000000000000       0.18240000000000001       0.32319999999999999     
   185.00000000000000       0.16674240726452944        1.8000000000000000E-003  0.36280000000000001       0.12820000000000001       0.17940000000000000       0.32779999999999998     
   186.00000000000000       0.16197109091939638        2.0000000000000000E-003  0.36040000000000000       0.12939999999999999       0.17960000000000001       0.32860000000000000     
   187.00000000000000       0.15481634573342501        2.0000000000000000E-003  0.35999999999999999       0.12939999999999999       0.17960000000000001       0.32900000000000001     
   188.00000000000000       0.14872319536436995        2.0000000000000000E-003  0.35260000000000002       0.13480000000000000       0.17760000000000001       0.33300000000000002     
   189.00000000000000       0.14194033610181278        2.0000000000000000E-003  0.34220000000000000       0.14299999999999999       0.17860000000000001       0.33420000000000000     
   190.00000000000000       0.13240620945248072        4.4400000000000002E-002  0.29580000000000001       0.14620000000000000       0.17940000000000000       0.33420000000000000     
   191.00000000000000       0.14057079800281147        4.2599999999999999E-002  0.10539999999999999       0.33679999999999999       0.18060000000000001       0.33460000000000001     
   192.00000000000000       0.14302667353338716        3.4599999999999999E-002  0.11280000000000000       0.33720000000000000       0.18079999999999999       0.33460000000000001     
   193.00000000000000       0.15031269833701541        0.0000000000000000       0.14740000000000000       0.33720000000000000       0.18079999999999999       0.33460000000000001     
   194.00000000000000       0.15878205001878037        0.0000000000000000       0.14740000000000000       0.33720000000000000       0.18060000000000001       0.33479999999999999     
   195.00000000000000       0.16817488887468623        2.0000000000000001E-004  0.14720000000000000       0.33720000000000000       0.18060000000000001       0.33479999999999999     
   196.00000000000000       0.17550149693806971        2.0000000000000001E-004  0.14720000000000000       0.35460000000000003       0.16280000000000000       0.33520000000000000     
   197.00000000000000       0.17804546297578322        2.0000000000000001E-004  0.14720000000000000       0.35499999999999998       0.16280000000000000       0.33479999999999999     
   198.00000000000000       0.17671354361178648        0.0000000000000000       0.14740000000000000       0.35539999999999999       0.16280000000000000       0.33439999999999998     
   199.00000000000000       0.17222478169010341        0.0000000000000000       0.14740000000000000       0.35399999999999998       0.16280000000000000       0.33579999999999999     
   200.00000000000000       0.16897527712978400        0.0000000000000000       0.14740000000000000       0.35399999999999998       0.16280000000000000       0.33579999999999999     
   201.00000000000000       0.16176484869324897        0.0000000000000000       0.14740000000000000       0.35399999999999998       0.16280000000000000       0.33579999999999999     
   202.00000000000000       0.15312435421739054        0.0000000000000000       0.14699999999999999       0.37540000000000001       0.14060000000000000       0.33700000000000002     
   203.00000000000000       0.14916380687231184        0.0000000000000000       0.14660000000000001       0.37540000000000001       0.13660000000000000       0.34139999999999998     
   204.00000000000000       0.13726957492886871        0.0000000000000000       0.14680000000000001       0.37540000000000001       0.13619999999999999       0.34160000000000001     
   205.00000000000000       0.12755604135041518        0.0000000000000000       0.10520000000000000       0.41539999999999999       0.13320000000000001       0.34620000000000001     
   206.00000000000000       0.12365240859071372        0.0000000000000000       0.10520000000000000       0.41520000000000001       0.13280000000000000       0.34680000000000000     
   207.00000000000000       0.12650710078680477        6.7999999999999996E-003   9.7799999999999998E-002  0.41520000000000001       0.13300000000000001       0.34720000000000001     
   208.00000000000000       0.13117117421537819        6.7999999999999996E-003   9.6799999999999997E-002  0.41580000000000000       0.13339999999999999       0.34720000000000001     
   209.00000000000000       0.14049574450286770        6.7999999999999996E-003   9.6400000000000000E-002  0.41599999999999998       0.13320000000000001       0.34760000000000002     
   210.00000000000000       0.15002165725351599        5.7999999999999996E-003   9.6199999999999994E-002  0.41839999999999999       0.13200000000000001       0.34760000000000002     
   211.00000000000000       0.16009925616189324        5.7999999999999996E-003   9.5799999999999996E-002  0.41839999999999999       0.13159999999999999       0.34839999999999999     
   212.00000000000000       0.16943108987067795        5.7999999999999996E-003   9.5799999999999996E-002  0.41760000000000003       0.13100000000000001       0.34980000000000000     
   213.00000000000000       0.17909238676998729        5.5999999999999999E-003   9.4200000000000006E-002  0.41799999999999998       0.12959999999999999       0.35260000000000002     
   214.00000000000000       0.18723364656252373        5.5999999999999999E-003   9.4200000000000006E-002  0.41739999999999999       0.12959999999999999       0.35320000000000001     
   215.00000000000000       0.19420781986837801        5.5999999999999999E-003   9.4200000000000006E-002  0.41799999999999998       0.12900000000000000       0.35320000000000001     
   216.00000000000000       0.20049295476802248        5.7999999999999996E-003   9.3600000000000003E-002  0.41760000000000003       0.12920000000000001       0.35380000000000000     
