#        BMIN =   404
#        BMAX =   408
#     INIBAND =   406
#      NBANDS =   540
#         NSW =  2000
#       POTIM =   1.0
#        TEMP = 300.0
#    NAMDTINI =   695
#    NAMDTIME =  1000
#       NTRAJ =  5000
#        NELM =  1000
#       LHOLE =     T
#        LSHP =     T
#      LCPTXT =     T
#      RUNDIR = ../../run/
   1.0000000000000000       -7.2633008138101293E-002   0.0000000000000000        0.0000000000000000        1.0000000000000000        0.0000000000000000        0.0000000000000000     
   2.0000000000000000       -7.5972320475286612E-002   0.0000000000000000        0.0000000000000000       0.99980000000000002        0.0000000000000000        2.0000000000000001E-004
   3.0000000000000000       -7.7301382453254686E-002   0.0000000000000000        0.0000000000000000       0.99960000000000004        0.0000000000000000        4.0000000000000002E-004
   4.0000000000000000       -7.6173653325538160E-002   0.0000000000000000        0.0000000000000000       0.99939999999999996        2.0000000000000001E-004   4.0000000000000002E-004
   5.0000000000000000       -7.3561965903186699E-002   0.0000000000000000        0.0000000000000000       0.99939999999999996        2.0000000000000001E-004   4.0000000000000002E-004
   6.0000000000000000       -7.0145601482192135E-002   0.0000000000000000        0.0000000000000000       0.99939999999999996        2.0000000000000001E-004   4.0000000000000002E-004
   7.0000000000000000       -6.6180358812981580E-002   0.0000000000000000        0.0000000000000000       0.99860000000000004        4.0000000000000002E-004   1.0000000000000000E-003
   8.0000000000000000       -6.1876869335507220E-002   0.0000000000000000        0.0000000000000000       0.99519999999999997        2.5999999999999999E-003   2.2000000000000001E-003
   9.0000000000000000       -5.7175064320614720E-002   0.0000000000000000        0.0000000000000000       0.98740000000000006        5.5999999999999999E-003   7.0000000000000001E-003
   10.000000000000000       -5.4176633272701148E-002   0.0000000000000000        0.0000000000000000       0.98740000000000006        5.4000000000000003E-003   7.1999999999999998E-003
   11.000000000000000       -5.1344905412048614E-002   0.0000000000000000        0.0000000000000000       0.98660000000000003        5.4000000000000003E-003   8.0000000000000002E-003
   12.000000000000000       -4.6253639696972430E-002   0.0000000000000000        0.0000000000000000       0.98419999999999996        5.4000000000000003E-003   1.0400000000000000E-002
   13.000000000000000       -4.1465449393680416E-002   0.0000000000000000        0.0000000000000000       0.98280000000000001        5.4000000000000003E-003   1.1800000000000000E-002
   14.000000000000000       -3.6635527761502633E-002   0.0000000000000000        0.0000000000000000       0.98280000000000001        5.4000000000000003E-003   1.1800000000000000E-002
   15.000000000000000       -3.3378537040626904E-002   0.0000000000000000        0.0000000000000000       0.98240000000000005        5.7999999999999996E-003   1.1800000000000000E-002
   16.000000000000000       -2.3725446769882766E-002   0.0000000000000000        0.0000000000000000       0.98240000000000005        5.7999999999999996E-003   1.1800000000000000E-002
   17.000000000000000       -1.8131600674041522E-002   0.0000000000000000        0.0000000000000000       0.98240000000000005        5.7999999999999996E-003   1.1800000000000000E-002
   18.000000000000000       -1.1483377422009562E-002   0.0000000000000000        0.0000000000000000       0.98240000000000005        5.7999999999999996E-003   1.1800000000000000E-002
   19.000000000000000       -2.2423769302538791E-003   0.0000000000000000        0.0000000000000000       0.98240000000000005        5.7999999999999996E-003   1.1800000000000000E-002
   20.000000000000000        6.7289390000429298E-003   0.0000000000000000        0.0000000000000000       0.98240000000000005        5.7999999999999996E-003   1.1800000000000000E-002
   21.000000000000000        1.5160689343959187E-002   0.0000000000000000        0.0000000000000000       0.98199999999999998        6.1999999999999998E-003   1.1800000000000000E-002
   22.000000000000000        3.6786861452702380E-002   0.0000000000000000        0.0000000000000000       0.97799999999999998        1.0200000000000001E-002   1.1800000000000000E-002
   23.000000000000000        3.3611496989447889E-002   0.0000000000000000        0.0000000000000000       0.97799999999999998        1.0200000000000001E-002   1.1800000000000000E-002
   24.000000000000000        4.2446216196988906E-002   0.0000000000000000        0.0000000000000000       0.97719999999999996        1.0200000000000001E-002   1.2600000000000000E-002
   25.000000000000000        4.8589992943386645E-002   0.0000000000000000        0.0000000000000000       0.97699999999999998        1.0200000000000001E-002   1.2800000000000001E-002
   26.000000000000000        6.2457416472097821E-002   0.0000000000000000        0.0000000000000000       0.97719999999999996        1.0000000000000000E-002   1.2800000000000001E-002
   27.000000000000000        7.1950243464230235E-002   0.0000000000000000        0.0000000000000000       0.97780000000000000        8.9999999999999993E-003   1.3200000000000000E-002
   28.000000000000000        8.1166540678536153E-002   0.0000000000000000        0.0000000000000000       0.97540000000000004        1.1400000000000000E-002   1.3200000000000000E-002
   29.000000000000000        8.8838779391447284E-002   0.0000000000000000        0.0000000000000000       0.97760000000000002        9.1999999999999998E-003   1.3200000000000000E-002
   30.000000000000000        9.6283683628387781E-002   0.0000000000000000        0.0000000000000000       0.97699999999999998        8.9999999999999993E-003   1.4000000000000000E-002
   31.000000000000000       0.10025585098707894        0.0000000000000000        0.0000000000000000       0.97599999999999998        9.4000000000000004E-003   1.4600000000000000E-002
   32.000000000000000       0.10213738511035893        0.0000000000000000        0.0000000000000000       0.97419999999999995        1.1200000000000000E-002   1.4600000000000000E-002
   33.000000000000000       0.10231344654949008        0.0000000000000000        0.0000000000000000       0.96740000000000004        1.7800000000000000E-002   1.4800000000000001E-002
   34.000000000000000        9.9698634246110932E-002   0.0000000000000000        0.0000000000000000       0.96719999999999995        1.7600000000000001E-002   1.5200000000000000E-002
   35.000000000000000        9.5470997847047739E-002   0.0000000000000000        0.0000000000000000       0.96719999999999995        1.7600000000000001E-002   1.5200000000000000E-002
   36.000000000000000        8.9696269412498017E-002   0.0000000000000000        0.0000000000000000       0.96719999999999995        1.7399999999999999E-002   1.5400000000000000E-002
   37.000000000000000        8.3972965789006399E-002   0.0000000000000000        0.0000000000000000       0.96699999999999997        1.7600000000000001E-002   1.5400000000000000E-002
   38.000000000000000        7.7602888156127509E-002   0.0000000000000000        0.0000000000000000       0.96579999999999999        1.8599999999999998E-002   1.5599999999999999E-002
   39.000000000000000        7.0179189329816594E-002   0.0000000000000000        0.0000000000000000       0.96579999999999999        1.8599999999999998E-002   1.5599999999999999E-002
   40.000000000000000        6.3546128732652168E-002   0.0000000000000000        0.0000000000000000       0.96560000000000001        1.7999999999999999E-002   1.6400000000000001E-002
   41.000000000000000        5.7002988284154003E-002   0.0000000000000000        0.0000000000000000       0.96560000000000001        1.7600000000000001E-002   1.6799999999999999E-002
   42.000000000000000        5.0891872132121853E-002   0.0000000000000000        0.0000000000000000       0.96560000000000001        1.7000000000000001E-002   1.7399999999999999E-002
   43.000000000000000        4.4380920447143833E-002   0.0000000000000000        9.9400000000000002E-002  0.86599999999999999        1.7000000000000001E-002   1.7600000000000001E-002
   44.000000000000000        6.8981886055311512E-002   0.0000000000000000        9.9199999999999997E-002  0.86599999999999999        1.7000000000000001E-002   1.7800000000000000E-002
   45.000000000000000       0.13383058260916272        0.0000000000000000        0.0000000000000000       0.85199999999999998       0.12880000000000000        1.9199999999999998E-002
   46.000000000000000       0.37202824624926406        0.0000000000000000        4.0000000000000002E-004  0.85140000000000005       0.12880000000000000        1.9400000000000001E-002
   47.000000000000000       0.73943499778612809        0.0000000000000000        4.0000000000000002E-004  0.83860000000000001       0.13159999999999999        2.9399999999999999E-002
   48.000000000000000       0.72633478103892679        0.0000000000000000        2.0000000000000001E-004  0.81979999999999997       0.12759999999999999        5.2400000000000002E-002
   49.000000000000000       0.76598925111250282        0.0000000000000000        2.0000000000000001E-004  0.81799999999999995       0.11360000000000001        6.8199999999999997E-002
   50.000000000000000       0.73164818212726213        0.0000000000000000        2.0000000000000001E-004  0.81799999999999995       0.11360000000000001        6.8199999999999997E-002
   51.000000000000000       0.73469737644250843        0.0000000000000000        2.0000000000000001E-004  0.81799999999999995        9.0800000000000006E-002   9.0999999999999998E-002
   52.000000000000000       0.40770567202387048        0.0000000000000000        0.0000000000000000       0.81179999999999997        0.0000000000000000       0.18820000000000001     
   53.000000000000000       0.21028495589320734        0.0000000000000000        0.0000000000000000       0.81179999999999997        0.0000000000000000       0.18820000000000001     
   54.000000000000000       0.18061690870595354        0.0000000000000000        0.0000000000000000       0.81179999999999997        0.0000000000000000       0.18820000000000001     
   55.000000000000000       0.14455721883381625        0.0000000000000000        0.0000000000000000       0.81179999999999997        0.0000000000000000       0.18820000000000001     
   56.000000000000000       0.13553554131777290        0.0000000000000000        0.0000000000000000       0.80959999999999999        2.2000000000000001E-003  0.18820000000000001     
   57.000000000000000       0.13462228714123198        0.0000000000000000        0.0000000000000000       0.80059999999999998        1.1200000000000000E-002  0.18820000000000001     
   58.000000000000000       0.12833328865704902        0.0000000000000000        0.0000000000000000       0.80459999999999998        7.1999999999999998E-003  0.18820000000000001     
   59.000000000000000       0.11551276109984764        0.0000000000000000        0.0000000000000000       0.79500000000000004        9.1999999999999998E-003  0.19580000000000000     
   60.000000000000000        9.6887554107179974E-002   0.0000000000000000        0.0000000000000000       0.77739999999999998        1.0400000000000000E-002  0.21220000000000000     
   61.000000000000000        6.9732159409392785E-002   0.0000000000000000        0.0000000000000000       0.77400000000000002        1.3800000000000000E-002  0.21220000000000000     
   62.000000000000000        4.2485886269363136E-002   0.0000000000000000        0.0000000000000000       0.76819999999999999        1.2800000000000001E-002  0.21900000000000000     
   63.000000000000000        1.3147973203759718E-002   0.0000000000000000        0.0000000000000000       0.76719999999999999        1.3800000000000000E-002  0.21900000000000000     
   64.000000000000000       -1.5999695546386264E-002   0.0000000000000000        0.0000000000000000       0.76719999999999999        1.3800000000000000E-002  0.21900000000000000     
   65.000000000000000       -3.7953374747740055E-002   0.0000000000000000        1.0600000000000000E-002  0.75280000000000002        1.0999999999999999E-002  0.22559999999999999     
   66.000000000000000       -5.3306533060298790E-002   0.0000000000000000        1.8800000000000001E-002  0.74460000000000004        1.1800000000000000E-002  0.22480000000000000     
   67.000000000000000       -5.6914401087228235E-002   0.0000000000000000        1.7600000000000001E-002  0.74439999999999995        1.1800000000000000E-002  0.22620000000000001     
   68.000000000000000       -5.7366046135095598E-002   0.0000000000000000        1.4400000000000000E-002  0.74719999999999998        1.2200000000000001E-002  0.22620000000000001     
   69.000000000000000       -5.5066259719971936E-002   0.0000000000000000        1.1400000000000000E-002  0.74380000000000002        1.4400000000000000E-002  0.23039999999999999     
   70.000000000000000       -5.4326472084987691E-002   0.0000000000000000        1.0800000000000001E-002  0.74419999999999997        1.3400000000000000E-002  0.23160000000000000     
   71.000000000000000       -5.3414096998067762E-002   0.0000000000000000        1.0600000000000000E-002  0.74380000000000002        1.3400000000000000E-002  0.23219999999999999     
   72.000000000000000       -5.2426339264372901E-002   4.1999999999999997E-003   6.1999999999999998E-003  0.74380000000000002        1.3200000000000000E-002  0.23260000000000000     
   73.000000000000000       -5.3738378572426845E-002   4.1999999999999997E-003   9.9800000000000000E-002  0.64800000000000002        1.3200000000000000E-002  0.23480000000000001     
   74.000000000000000       -3.9508363652944148E-002   4.1999999999999997E-003   9.9000000000000005E-002  0.64800000000000002        1.3200000000000000E-002  0.23560000000000000     
   75.000000000000000       -5.8452243897918615E-003   4.0000000000000001E-003   9.8400000000000001E-002  0.64800000000000002        1.3800000000000000E-002  0.23580000000000001     
   76.000000000000000        2.7365041693500347E-002   3.8000000000000000E-003   9.8599999999999993E-002  0.64800000000000002        1.3800000000000000E-002  0.23580000000000001     
   77.000000000000000        5.8473491161681455E-002   3.8000000000000000E-003   9.8599999999999993E-002  0.64800000000000002        1.3599999999999999E-002  0.23599999999999999     
   78.000000000000000        8.7429560502089637E-002   3.8000000000000000E-003   9.8599999999999993E-002  0.64800000000000002        1.3599999999999999E-002  0.23599999999999999     
   79.000000000000000       0.11364449451660885        3.8000000000000000E-003   9.7799999999999998E-002  0.64759999999999995        9.7999999999999997E-003  0.24099999999999999     
   80.000000000000000       0.12842068874096538        4.0000000000000001E-003   9.7400000000000000E-002  0.64820000000000000        9.7999999999999997E-003  0.24060000000000001     
   81.000000000000000       0.12653002362509030        4.3400000000000001E-002   5.6599999999999998E-002  0.64139999999999997        9.7999999999999997E-003  0.24879999999999999     
   82.000000000000000       0.12728019565709173        3.9000000000000000E-002   5.9200000000000003E-002  0.62660000000000005        9.7999999999999997E-003  0.26540000000000002     
   83.000000000000000       0.12589704492253079        4.6199999999999998E-002   5.1999999999999998E-002  0.62200000000000000        9.7999999999999997E-003  0.27000000000000002     
   84.000000000000000       0.12425128581763846        6.4399999999999999E-002   3.2000000000000001E-002  0.62380000000000002        9.7999999999999997E-003  0.27000000000000002     
   85.000000000000000       0.13632525970830192        8.0799999999999997E-002   1.2800000000000001E-002  0.62519999999999998        9.7999999999999997E-003  0.27139999999999997     
   86.000000000000000       0.11819184255662672        7.1199999999999999E-002   2.2400000000000000E-002  0.62519999999999998        9.7999999999999997E-003  0.27139999999999997     
   87.000000000000000       0.12948194714322614        7.1199999999999999E-002   2.2200000000000001E-002  0.60999999999999999        9.7999999999999997E-003  0.28680000000000000     
   88.000000000000000       0.11126188579097904        7.0800000000000002E-002   2.1999999999999999E-002  0.61119999999999997        9.7999999999999997E-003  0.28620000000000001     
   89.000000000000000       0.10679142343730710        7.0599999999999996E-002   2.1800000000000000E-002  0.60119999999999996        1.6199999999999999E-002  0.29020000000000001     
   90.000000000000000        8.6355406877029833E-002   7.1400000000000005E-002   2.0400000000000001E-002  0.60119999999999996        1.5200000000000000E-002  0.29180000000000000     
   91.000000000000000        6.0154272224521944E-002   7.1400000000000005E-002   2.0400000000000001E-002  0.60119999999999996        1.5200000000000000E-002  0.29180000000000000     
   92.000000000000000        3.2206700964200301E-002   7.1599999999999997E-002   2.0199999999999999E-002  0.60119999999999996        1.5200000000000000E-002  0.29180000000000000     
   93.000000000000000        3.7977924821839953E-003   6.5799999999999997E-002   2.7400000000000001E-002  0.59980000000000000        1.5200000000000000E-002  0.29180000000000000     
   94.000000000000000       -2.2307245526092173E-002   6.4000000000000001E-002   2.7400000000000001E-002  0.60160000000000002        1.5200000000000000E-002  0.29180000000000000     
   95.000000000000000       -2.1657436677269631E-002   6.4000000000000001E-002   2.7400000000000001E-002  0.60160000000000002        1.5200000000000000E-002  0.29180000000000000     
   96.000000000000000       -2.1980623749668263E-002   6.3200000000000006E-002   2.7000000000000000E-002  0.60240000000000005        1.5400000000000000E-002  0.29199999999999998     
   97.000000000000000       -2.1123756299020482E-002   6.3200000000000006E-002   2.5999999999999999E-002  0.60040000000000004        1.5400000000000000E-002  0.29499999999999998     
   98.000000000000000       -2.1803187418482417E-002   6.3200000000000006E-002   2.5999999999999999E-002  0.60040000000000004        1.3800000000000000E-002  0.29659999999999997     
   99.000000000000000       -2.1652594775525641E-002   6.2199999999999998E-002   2.5399999999999999E-002  0.60160000000000002        1.3200000000000000E-002  0.29759999999999998     
   100.00000000000000       -2.0606388872669551E-002   6.0600000000000001E-002   2.5800000000000000E-002  0.60119999999999996        1.3400000000000000E-002  0.29899999999999999     
   101.00000000000000       -1.9622421385513830E-002   6.0600000000000001E-002   2.5800000000000000E-002  0.60119999999999996        1.3400000000000000E-002  0.29899999999999999     
   102.00000000000000       -1.7751076909754422E-002   6.0199999999999997E-002   2.6200000000000001E-002  0.60119999999999996        1.3200000000000000E-002  0.29920000000000002     
   103.00000000000000       -1.4039231678477801E-002   5.9600000000000000E-002   2.5999999999999999E-002  0.59760000000000002        1.2999999999999999E-002  0.30380000000000001     
   104.00000000000000       -1.0702390020834875E-002   4.3999999999999997E-002   4.1399999999999999E-002  0.59760000000000002        1.3200000000000000E-002  0.30380000000000001     
   105.00000000000000       -6.0881020247837772E-003   4.3999999999999997E-002   4.1399999999999999E-002  0.59699999999999998        1.3200000000000000E-002  0.30440000000000000     
   106.00000000000000       -2.4688767409397627E-004   4.3999999999999997E-002   4.1399999999999999E-002  0.59640000000000004        1.3200000000000000E-002  0.30499999999999999     
   107.00000000000000        6.9075511465988212E-003   4.3999999999999997E-002   4.1399999999999999E-002  0.59480000000000000        1.1200000000000000E-002  0.30859999999999999     
   108.00000000000000        1.4000975316358084E-002   4.2999999999999997E-002   4.1399999999999999E-002  0.59519999999999995        1.0800000000000001E-002  0.30959999999999999     
   109.00000000000000        2.1852033765411796E-002   4.2799999999999998E-002   4.1399999999999999E-002  0.59460000000000002        1.0200000000000001E-002  0.31100000000000000     
   110.00000000000000        3.0488326367671639E-002   4.2400000000000000E-002   4.1399999999999999E-002  0.59119999999999995        1.3599999999999999E-002  0.31140000000000001     
   111.00000000000000        4.1099217974638662E-002   4.2200000000000001E-002   4.1399999999999999E-002  0.58760000000000001        1.1400000000000000E-002  0.31740000000000002     
   112.00000000000000        5.1837471175172414E-002   3.9600000000000003E-002   4.2599999999999999E-002  0.58840000000000003        1.0400000000000000E-002  0.31900000000000001     
   113.00000000000000        6.5581190253518301E-002   3.9600000000000003E-002   4.1000000000000002E-002  0.58840000000000003        1.0400000000000000E-002  0.32060000000000000     
   114.00000000000000        8.3286399641652381E-002   3.9199999999999999E-002   4.1399999999999999E-002  0.58840000000000003        1.0400000000000000E-002  0.32060000000000000     
   115.00000000000000        9.8322027657069738E-002   3.9199999999999999E-002   4.1399999999999999E-002  0.58840000000000003        1.0400000000000000E-002  0.32060000000000000     
   116.00000000000000       0.11096699698413891        3.7800000000000000E-002   4.1399999999999999E-002  0.58840000000000003        1.1800000000000000E-002  0.32060000000000000     
   117.00000000000000       0.12049186935375288        3.7800000000000000E-002  0.11400000000000000       0.51200000000000001        1.1800000000000000E-002  0.32440000000000002     
   118.00000000000000       0.13063308204143526        3.7600000000000001E-002  0.11400000000000000       0.51200000000000001        1.0600000000000000E-002  0.32579999999999998     
   119.00000000000000       0.14231133673886076        3.7600000000000001E-002  0.11400000000000000       0.51200000000000001        1.0600000000000000E-002  0.32579999999999998     
   120.00000000000000       0.15390075860119967        3.7600000000000001E-002  0.11400000000000000       0.50939999999999996        7.7999999999999996E-003  0.33119999999999999     
   121.00000000000000       0.16292930958389260        3.7199999999999997E-002  0.11400000000000000       0.50960000000000005        7.7999999999999996E-003  0.33139999999999997     
   122.00000000000000       0.17077010629142694        3.6600000000000001E-002  0.11400000000000000       0.50900000000000001        9.1999999999999998E-003  0.33119999999999999     
   123.00000000000000       0.17797546802325026        3.6400000000000002E-002  0.11060000000000000       0.51019999999999999        8.9999999999999993E-003  0.33379999999999999     
   124.00000000000000       0.18555844007374991        3.6400000000000002E-002  0.11060000000000000       0.50380000000000003        8.9999999999999993E-003  0.34020000000000000     
   125.00000000000000       0.19332381250434238        3.6400000000000002E-002  0.11000000000000000       0.49640000000000001        1.4600000000000000E-002  0.34260000000000002     
   126.00000000000000       0.19757160014820657        3.6400000000000002E-002  0.10960000000000000       0.49640000000000001        1.5400000000000000E-002  0.34220000000000000     
   127.00000000000000       0.20046372592740175        3.6400000000000002E-002  0.10940000000000000       0.49580000000000002        1.5200000000000000E-002  0.34320000000000001     
   128.00000000000000       0.20463695730482925        3.6400000000000002E-002  0.10879999999999999       0.48659999999999998        1.5599999999999999E-002  0.35260000000000002     
   129.00000000000000       0.20329602022694079        3.6400000000000002E-002  0.10840000000000000       0.48599999999999999        1.5800000000000002E-002  0.35339999999999999     
   130.00000000000000       0.19958322236539183        3.6400000000000002E-002  0.10760000000000000       0.48599999999999999        1.5800000000000002E-002  0.35420000000000001     
   131.00000000000000       0.19335855111823128        3.6400000000000002E-002  0.10760000000000000       0.48599999999999999        1.5800000000000002E-002  0.35420000000000001     
   132.00000000000000       0.18520717061420486        3.5799999999999998E-002  0.10820000000000000       0.48499999999999999        1.6799999999999999E-002  0.35420000000000001     
   133.00000000000000       0.17595667824026767        3.5799999999999998E-002  0.10680000000000001       0.48559999999999998        1.7200000000000000E-002  0.35460000000000003     
   134.00000000000000       0.16485872897847975        3.5799999999999998E-002  0.10680000000000001       0.48540000000000000        1.6799999999999999E-002  0.35520000000000002     
   135.00000000000000       0.15281651986401948        3.5799999999999998E-002  0.10680000000000001       0.48520000000000002        1.7000000000000001E-002  0.35520000000000002     
   136.00000000000000       0.14218936896205986        3.5799999999999998E-002  0.10660000000000000       0.48199999999999998        1.7999999999999999E-002  0.35759999999999997     
   137.00000000000000       0.12694317457684293       0.12260000000000000        1.9800000000000002E-002  0.48199999999999998        1.7999999999999999E-002  0.35759999999999997     
   138.00000000000000       0.11744155974761128       0.12260000000000000        1.9800000000000002E-002  0.48099999999999998        1.7999999999999999E-002  0.35859999999999997     
   139.00000000000000       0.10494073723550304       0.12320000000000000        1.9800000000000002E-002  0.47980000000000000        1.8599999999999998E-002  0.35859999999999997     
   140.00000000000000        9.2849532604675183E-002  0.12320000000000000        1.9199999999999998E-002  0.48039999999999999        1.8400000000000000E-002  0.35880000000000001     
   141.00000000000000        9.0932186266542148E-002  0.12320000000000000        1.9199999999999998E-002  0.48039999999999999        1.8400000000000000E-002  0.35880000000000001     
   142.00000000000000       0.10099133753464080       0.12280000000000001        1.9199999999999998E-002  0.48080000000000001        1.7999999999999999E-002  0.35920000000000002     
   143.00000000000000       0.11035761259287116       0.12280000000000001        1.9199999999999998E-002  0.48080000000000001        1.7999999999999999E-002  0.35920000000000002     
   144.00000000000000       0.11783132097171467       0.12280000000000001        1.9000000000000000E-002  0.48080000000000001        1.7800000000000000E-002  0.35959999999999998     
   145.00000000000000       0.12278111788395837       0.14160000000000000        0.0000000000000000       0.48080000000000001        1.7200000000000000E-002  0.36040000000000000     
   146.00000000000000       0.12575716121651576       0.14160000000000000        0.0000000000000000       0.48080000000000001        1.5400000000000000E-002  0.36220000000000002     
   147.00000000000000       0.12675655984244466       0.14140000000000000        2.0000000000000001E-004  0.47480000000000000        1.7600000000000001E-002  0.36599999999999999     
   148.00000000000000       0.11287301576446804       0.13980000000000001        2.0000000000000001E-004  0.47139999999999999        1.7600000000000001E-002  0.37100000000000000     
   149.00000000000000        9.6062371051820805E-002   9.5200000000000007E-002   4.2400000000000000E-002  0.47280000000000000        1.7600000000000001E-002  0.37200000000000000     
   150.00000000000000        7.9216029534484839E-002   9.5200000000000007E-002   4.1200000000000001E-002  0.47020000000000001        1.7600000000000001E-002  0.37580000000000002     
   151.00000000000000        6.2073794154716200E-002   9.5200000000000007E-002   3.8199999999999998E-002  0.47299999999999998        1.7600000000000001E-002  0.37600000000000000     
   152.00000000000000        4.9021483164049681E-002   9.5200000000000007E-002   2.7199999999999998E-002  0.47380000000000000        1.7600000000000001E-002  0.38619999999999999     
   153.00000000000000        3.2957981873023276E-002   9.5000000000000001E-002   2.6800000000000001E-002  0.47439999999999999        1.7800000000000000E-002  0.38600000000000001     
   154.00000000000000        2.0732671514164053E-002   9.5000000000000001E-002   1.9599999999999999E-002  0.47839999999999999        1.7800000000000000E-002  0.38919999999999999     
   155.00000000000000        9.1475411183650629E-003   9.5000000000000001E-002   1.9599999999999999E-002  0.45760000000000001        3.8600000000000002E-002  0.38919999999999999     
   156.00000000000000       -1.5126853258295436E-002   9.5000000000000001E-002   1.9599999999999999E-002  0.45760000000000001        3.7999999999999999E-002  0.38979999999999998     
   157.00000000000000       -3.7439251360565674E-002   9.4200000000000006E-002   1.9199999999999998E-002  0.45760000000000001        3.8600000000000002E-002  0.39040000000000002     
   158.00000000000000       -5.8428937837847611E-002   9.3799999999999994E-002   1.8800000000000001E-002  0.45760000000000001        3.7199999999999997E-002  0.39260000000000000     
   159.00000000000000       -7.7957954539433078E-002   9.2999999999999999E-002   1.9199999999999998E-002  0.45760000000000001        3.6600000000000001E-002  0.39360000000000001     
   160.00000000000000       -9.4931299038727532E-002   9.2999999999999999E-002   1.9199999999999998E-002  0.45760000000000001        5.7000000000000002E-002  0.37319999999999998     
   161.00000000000000      -0.10797162289265387        9.2600000000000002E-002  0.15040000000000001       0.32600000000000001        4.1799999999999997E-002  0.38919999999999999     
   162.00000000000000      -0.10806236289896157       0.11899999999999999       0.11860000000000000       0.33139999999999997        4.0599999999999997E-002  0.39040000000000002     
   163.00000000000000      -0.10196916283376739       0.11899999999999999       0.10380000000000000       0.34539999999999998        4.1200000000000001E-002  0.39060000000000000     
   164.00000000000000       -9.1866149651207124E-002  0.11920000000000000       0.10520000000000000       0.33839999999999998        4.2999999999999997E-002  0.39419999999999999     
   165.00000000000000       -7.9364031674707458E-002  0.11140000000000000       0.21279999999999999       0.23860000000000001        4.2999999999999997E-002  0.39419999999999999     
   166.00000000000000       -6.2584865301938616E-002  0.10720000000000000       0.22280000000000000       0.23280000000000001        4.2999999999999997E-002  0.39419999999999999     
   167.00000000000000       -4.5107521695610983E-002  0.10660000000000000       0.22439999999999999       0.23080000000000001        4.2999999999999997E-002  0.39520000000000000     
   168.00000000000000       -2.7510810191286303E-002  0.10580000000000001       0.22320000000000001       0.23240000000000000        4.2599999999999999E-002  0.39600000000000002     
   169.00000000000000       -9.5605340976288866E-003  0.10580000000000001       0.22339999999999999       0.23160000000000000        4.3200000000000002E-002  0.39600000000000002     
   170.00000000000000        1.1128252562605134E-002  0.10580000000000001       0.21820000000000001       0.23519999999999999        4.3799999999999999E-002  0.39700000000000002     
   171.00000000000000        3.2816806837671159E-002  0.10580000000000001       0.21320000000000000       0.23799999999999999        4.4800000000000000E-002  0.39820000000000000     
   172.00000000000000        5.4318347399965793E-002  0.10580000000000001       0.21299999999999999       0.23699999999999999        4.4800000000000000E-002  0.39939999999999998     
   173.00000000000000        7.6350923710891527E-002  0.10580000000000001       0.21040000000000000       0.23840000000000000        4.4999999999999998E-002  0.40039999999999998     
   174.00000000000000        9.7961686770946979E-002  0.10580000000000001       0.21020000000000000       0.23820000000000000        4.4999999999999998E-002  0.40079999999999999     
   175.00000000000000       0.11975517488720250       0.10580000000000001       0.20660000000000001       0.24020000000000000        4.4999999999999998E-002  0.40239999999999998     
   176.00000000000000       0.14135834036738798        8.5999999999999993E-002  0.22280000000000000       0.24060000000000001        4.5600000000000002E-002  0.40500000000000003     
   177.00000000000000       0.16514946167173530        8.5999999999999993E-002  0.22280000000000000       0.24060000000000001        4.4400000000000002E-002  0.40620000000000001     
   178.00000000000000       0.18126606144800034        8.5199999999999998E-002  0.45479999999999998        7.1999999999999998E-003   4.5999999999999999E-002  0.40679999999999999     
   179.00000000000000       0.21098388045151409        7.8200000000000006E-002  0.46079999999999999        7.1999999999999998E-003   4.7000000000000000E-002  0.40679999999999999     
   180.00000000000000       0.22400917750175992        7.6999999999999999E-002  0.46120000000000000        7.4000000000000003E-003   4.7199999999999999E-002  0.40720000000000001     
   181.00000000000000       0.23514019068005360        7.3999999999999996E-002  0.46000000000000002        7.4000000000000003E-003   5.1400000000000001E-002  0.40720000000000001     
   182.00000000000000       0.24997122988443174        6.4399999999999999E-002  0.46639999999999998        7.4000000000000003E-003   5.1400000000000001E-002  0.41039999999999999     
   183.00000000000000       0.25991795229003861        6.4399999999999999E-002  0.46639999999999998        7.4000000000000003E-003   5.1400000000000001E-002  0.41039999999999999     
   184.00000000000000       0.26932997891966687        6.7199999999999996E-002  0.46339999999999998        7.4000000000000003E-003   5.1600000000000000E-002  0.41039999999999999     
   185.00000000000000       0.28101414954347764        6.4799999999999996E-002  0.46479999999999999        7.4000000000000003E-003   5.2400000000000002E-002  0.41060000000000002     
   186.00000000000000       0.29049264895038251        6.8800000000000000E-002  0.46020000000000000        7.4000000000000003E-003   5.1799999999999999E-002  0.41180000000000000     
   187.00000000000000       0.30240564998157760        7.2200000000000000E-002  0.45419999999999999        7.4000000000000003E-003   5.2200000000000003E-002  0.41399999999999998     
   188.00000000000000       0.31528851162767024        6.9400000000000003E-002  0.45900000000000002        5.0000000000000001E-003   5.2400000000000002E-002  0.41420000000000001     
   189.00000000000000       0.32103047598636597        6.9199999999999998E-002  0.45900000000000002        5.1999999999999998E-003   5.2400000000000002E-002  0.41420000000000001     
   190.00000000000000       0.31191831590246871        7.3800000000000004E-002  0.45179999999999998        7.6000000000000000E-003   5.2800000000000000E-002  0.41399999999999998     
   191.00000000000000       0.31192885523554836        7.3800000000000004E-002  0.45140000000000002        7.4000000000000003E-003   5.1999999999999998E-002  0.41539999999999999     
   192.00000000000000       0.32109210183475023        7.3800000000000004E-002  0.45140000000000002        7.4000000000000003E-003   5.0000000000000003E-002  0.41739999999999999     
   193.00000000000000       0.33219652793834120        7.2400000000000006E-002  0.45040000000000002        8.8000000000000005E-003   4.8000000000000001E-002  0.42040000000000000     
   194.00000000000000       0.34752009292713315        7.2200000000000000E-002  0.45060000000000000        8.8000000000000005E-003   4.8000000000000001E-002  0.42040000000000000     
   195.00000000000000       0.36390664654795912        7.0800000000000002E-002  0.45019999999999999        1.0600000000000000E-002   4.6600000000000003E-002  0.42180000000000001     
   196.00000000000000       0.38255638453505847        7.0599999999999996E-002  0.44700000000000001        1.1599999999999999E-002   4.7000000000000000E-002  0.42380000000000001     
   197.00000000000000       0.40838641661449232        7.0199999999999999E-002  0.44640000000000002        1.2200000000000001E-002   4.7199999999999999E-002  0.42399999999999999     
   198.00000000000000       0.41609081611267690        6.9599999999999995E-002  0.44719999999999999        1.0999999999999999E-002   4.8200000000000000E-002  0.42399999999999999     
   199.00000000000000       0.45033582732116362        6.9599999999999995E-002  0.44660000000000000        1.0200000000000001E-002   4.9000000000000002E-002  0.42459999999999998     
   200.00000000000000       0.45241367214718620        6.6799999999999998E-002  0.44940000000000002        1.0200000000000001E-002   4.9000000000000002E-002  0.42459999999999998     
   201.00000000000000       0.47486670509156814        6.6799999999999998E-002  0.44879999999999998        1.0200000000000001E-002   4.9599999999999998E-002  0.42459999999999998     
   202.00000000000000       0.50246444803741386        6.5600000000000006E-002  0.43880000000000002        2.1399999999999999E-002   4.9599999999999998E-002  0.42459999999999998     
   203.00000000000000       0.51997626647795003        6.5400000000000000E-002  0.44000000000000000        1.9599999999999999E-002   5.0200000000000002E-002  0.42480000000000001     
   204.00000000000000       0.43234835741174416        6.0999999999999999E-002  0.44379999999999997        1.9199999999999998E-002   5.0000000000000003E-002  0.42599999999999999     
   205.00000000000000       0.52160097736332212        6.0800000000000000E-002  0.44159999999999999        1.9199999999999998E-002   5.0200000000000002E-002  0.42820000000000003     
   206.00000000000000       0.33545773395813394        5.8799999999999998E-002  0.44059999999999999        2.0000000000000000E-002   5.0799999999999998E-002  0.42980000000000002     
   207.00000000000000       0.55356949811425693        5.8200000000000002E-002  0.44080000000000003        1.8599999999999998E-002   5.1799999999999999E-002  0.43059999999999998     
   208.00000000000000       0.55811653156721019        5.7400000000000000E-002  0.44140000000000001        1.8599999999999998E-002   5.1799999999999999E-002  0.43080000000000002     
   209.00000000000000       0.54352662300807153        5.7000000000000002E-002  0.44059999999999999        1.9199999999999998E-002   5.2400000000000002E-002  0.43080000000000002     
   210.00000000000000       0.52126291147032777        5.6399999999999999E-002  0.44100000000000000        1.9400000000000001E-002   5.2400000000000002E-002  0.43080000000000002     
   211.00000000000000       0.62647338133886066        5.6399999999999999E-002  0.44019999999999998        1.9000000000000000E-002   5.2400000000000002E-002  0.43200000000000000     
   212.00000000000000       0.53368204422043009        5.2999999999999999E-002  0.44340000000000002        1.9000000000000000E-002   5.2600000000000001E-002  0.43200000000000000     
   213.00000000000000       0.52809529467330318        5.2999999999999999E-002  0.44240000000000002        1.9000000000000000E-002   5.3600000000000002E-002  0.43200000000000000     
   214.00000000000000       0.50853466137600134        0.0000000000000000       0.49500000000000000        1.8599999999999998E-002   5.3600000000000002E-002  0.43280000000000002     
   215.00000000000000       0.36821470901290232        2.0000000000000001E-004  0.49299999999999999        1.9000000000000000E-002   5.2999999999999999E-002  0.43480000000000002     
   216.00000000000000       0.69418066777852727        2.0000000000000001E-004  0.48440000000000000        1.5599999999999999E-002   2.9200000000000000E-002  0.47060000000000002     
