#        BMIN =   404
#        BMAX =   408
#     INIBAND =   406
#      NBANDS =   540
#         NSW =  2000
#       POTIM =   1.0
#        TEMP = 300.0
#    NAMDTINI =   826
#    NAMDTIME =  1000
#       NTRAJ =  5000
#        NELM =  1000
#       LHOLE =     T
#        LSHP =     T
#      LCPTXT =     T
#      RUNDIR = ../../run/
   1.0000000000000000        1.4272167749058633E-002   0.0000000000000000        0.0000000000000000        1.0000000000000000        0.0000000000000000        0.0000000000000000     
   2.0000000000000000       -8.0263496938194137E-003   0.0000000000000000        0.0000000000000000        1.0000000000000000        0.0000000000000000        0.0000000000000000     
   3.0000000000000000       -3.2196318421856177E-002   0.0000000000000000        0.0000000000000000        1.0000000000000000        0.0000000000000000        0.0000000000000000     
   4.0000000000000000       -5.4696969462990137E-002   0.0000000000000000        0.0000000000000000       0.99980000000000002        0.0000000000000000        2.0000000000000001E-004
   5.0000000000000000       -7.7462707814571402E-002   0.0000000000000000        0.0000000000000000       0.99980000000000002        0.0000000000000000        2.0000000000000001E-004
   6.0000000000000000       -9.9302102169074216E-002   0.0000000000000000        0.0000000000000000       0.99980000000000002        0.0000000000000000        2.0000000000000001E-004
   7.0000000000000000      -0.11872551385963755        0.0000000000000000        0.0000000000000000       0.99960000000000004        2.0000000000000001E-004   2.0000000000000001E-004
   8.0000000000000000      -0.13593168185939825        0.0000000000000000        0.0000000000000000       0.99960000000000004        2.0000000000000001E-004   2.0000000000000001E-004
   9.0000000000000000      -0.15047269983900749        0.0000000000000000        0.0000000000000000       0.99960000000000004        2.0000000000000001E-004   2.0000000000000001E-004
   10.000000000000000      -0.14549573174666308        0.0000000000000000        0.0000000000000000       0.99960000000000004        2.0000000000000001E-004   2.0000000000000001E-004
   11.000000000000000      -0.11474819891036321        0.0000000000000000        0.0000000000000000       0.99960000000000004        2.0000000000000001E-004   2.0000000000000001E-004
   12.000000000000000       -8.0524150384349472E-002   0.0000000000000000        0.0000000000000000       0.99960000000000004        2.0000000000000001E-004   2.0000000000000001E-004
   13.000000000000000       -5.2317515591422170E-002   0.0000000000000000        0.0000000000000000       0.99960000000000004        2.0000000000000001E-004   2.0000000000000001E-004
   14.000000000000000       -3.0027180419366518E-002   0.0000000000000000        0.0000000000000000       0.99960000000000004        2.0000000000000001E-004   2.0000000000000001E-004
   15.000000000000000        2.7670349345674953E-003   0.0000000000000000        0.0000000000000000       0.99960000000000004        2.0000000000000001E-004   2.0000000000000001E-004
   16.000000000000000        2.5664378570107910E-002   0.0000000000000000        0.0000000000000000       0.99919999999999998        5.9999999999999995E-004   2.0000000000000001E-004
   17.000000000000000        1.7766976882301555E-002   0.0000000000000000        0.0000000000000000       0.99880000000000002        5.9999999999999995E-004   5.9999999999999995E-004
   18.000000000000000        7.7601725796053638E-003   0.0000000000000000        0.0000000000000000       0.99819999999999998        5.9999999999999995E-004   1.1999999999999999E-003
   19.000000000000000       -8.8598553249098679E-004   0.0000000000000000        0.0000000000000000       0.99819999999999998        5.9999999999999995E-004   1.1999999999999999E-003
   20.000000000000000       -7.0631331742000937E-003   0.0000000000000000        0.0000000000000000       0.99800000000000000        5.9999999999999995E-004   1.4000000000000000E-003
   21.000000000000000       -1.1180023539544908E-002   0.0000000000000000        0.0000000000000000       0.99780000000000002        5.9999999999999995E-004   1.6000000000000001E-003
   22.000000000000000       -1.2942621468991552E-002   0.0000000000000000        0.0000000000000000       0.99780000000000002        5.9999999999999995E-004   1.6000000000000001E-003
   23.000000000000000       -1.1542016919722462E-002   0.0000000000000000        0.0000000000000000       0.99760000000000004        5.9999999999999995E-004   1.8000000000000000E-003
   24.000000000000000       -7.6003225545122196E-003   0.0000000000000000        0.0000000000000000       0.98060000000000003        1.7600000000000001E-002   1.8000000000000000E-003
   25.000000000000000       -3.5465463719090040E-002   0.0000000000000000        0.0000000000000000       0.98060000000000003        1.7399999999999999E-002   2.0000000000000000E-003
   26.000000000000000       -7.0296779378428653E-002   0.0000000000000000        0.0000000000000000       0.98060000000000003        1.7399999999999999E-002   2.0000000000000000E-003
   27.000000000000000      -0.10804265613411421        0.0000000000000000        0.0000000000000000       0.98060000000000003        1.7399999999999999E-002   2.0000000000000000E-003
   28.000000000000000      -0.14778057347581394        0.0000000000000000        0.0000000000000000       0.98060000000000003        1.7399999999999999E-002   2.0000000000000000E-003
   29.000000000000000      -0.18740106032476289        0.0000000000000000        0.0000000000000000       0.98060000000000003        1.9000000000000000E-002   4.0000000000000002E-004
   30.000000000000000      -0.22901640389503547        0.0000000000000000       0.68779999999999997       0.29160000000000003        1.9199999999999998E-002   1.4000000000000000E-003
   31.000000000000000      -0.25318766047356972        4.7999999999999996E-003  0.64239999999999997       0.33220000000000000        1.9199999999999998E-002   1.4000000000000000E-003
   32.000000000000000      -0.25259866986240742        4.7999999999999996E-003  0.58320000000000005       0.39100000000000001        1.9400000000000001E-002   1.6000000000000001E-003
   33.000000000000000      -0.23792746546175281        5.1999999999999998E-003  0.58520000000000005       0.38660000000000000        2.1000000000000001E-002   2.0000000000000000E-003
   34.000000000000000      -0.22317540094699378        2.5999999999999999E-003  0.84319999999999995       0.13120000000000001        2.1000000000000001E-002   2.0000000000000000E-003
   35.000000000000000      -0.20888104308515640        5.9999999999999995E-004  0.84999999999999998       0.12640000000000001        2.1000000000000001E-002   2.0000000000000000E-003
   36.000000000000000      -0.19423201453561847        5.9999999999999995E-004  0.85080000000000000       0.12540000000000001        2.1000000000000001E-002   2.2000000000000001E-003
   37.000000000000000      -0.17844543447912403        5.9999999999999995E-004  0.85019999999999996       0.12600000000000000        2.0600000000000000E-002   2.5999999999999999E-003
   38.000000000000000      -0.16092903434902253        5.9999999999999995E-004  0.84960000000000002       0.12520000000000001        2.1999999999999999E-002   2.5999999999999999E-003
   39.000000000000000      -0.14264581408849042        5.9999999999999995E-004  0.83940000000000003       0.13519999999999999        2.2200000000000001E-002   2.5999999999999999E-003
   40.000000000000000      -0.12366973928898445        5.9999999999999995E-004  0.83299999999999996       0.14060000000000000        2.2599999999999999E-002   3.2000000000000002E-003
   41.000000000000000      -0.10521345974056368        5.9999999999999995E-004  0.83199999999999996       0.14140000000000000        2.2599999999999999E-002   3.3999999999999998E-003
   42.000000000000000       -8.6677838093196458E-002   5.9999999999999995E-004  0.82920000000000005       0.14399999999999999        2.2800000000000001E-002   3.3999999999999998E-003
   43.000000000000000       -6.8771828517483979E-002   5.9999999999999995E-004  0.82920000000000005       0.14399999999999999        2.2800000000000001E-002   3.3999999999999998E-003
   44.000000000000000       -5.1262086443671508E-002   5.9999999999999995E-004  0.82560000000000000       0.14699999999999999        2.3400000000000001E-002   3.3999999999999998E-003
   45.000000000000000       -3.5107720166600360E-002   8.9999999999999993E-003  0.81679999999999997       0.14440000000000000        2.6200000000000001E-002   3.5999999999999999E-003
   46.000000000000000        4.9863722435982702E-003   8.9999999999999993E-003  0.81679999999999997       0.14440000000000000        2.6200000000000001E-002   3.5999999999999999E-003
   47.000000000000000        6.1894754186439124E-002   6.1999999999999998E-003  0.46060000000000001       0.50139999999999996        2.8199999999999999E-002   3.5999999999999999E-003
   48.000000000000000        9.1653559796442491E-002   6.1999999999999998E-003  0.45820000000000000       0.50219999999999998        2.9200000000000000E-002   4.1999999999999997E-003
   49.000000000000000       0.11893163549249074        6.4000000000000003E-003  0.45760000000000001       0.50219999999999998        2.9600000000000001E-002   4.1999999999999997E-003
   50.000000000000000       0.14274732604501789        6.4000000000000003E-003  0.45440000000000003       0.50219999999999998        3.2800000000000003E-002   4.1999999999999997E-003
   51.000000000000000       0.16185260918562688        6.4000000000000003E-003  0.45440000000000003       0.50219999999999998        3.2800000000000003E-002   4.1999999999999997E-003
   52.000000000000000       0.17664316922571321        6.4000000000000003E-003  0.45440000000000003       0.50219999999999998        3.2800000000000003E-002   4.1999999999999997E-003
   53.000000000000000       0.18705681048637951        6.0000000000000001E-003  0.45440000000000003       0.50219999999999998        3.3000000000000002E-002   4.4000000000000003E-003
   54.000000000000000       0.19369727800320458        6.0000000000000001E-003  0.45260000000000000       0.50219999999999998        3.3799999999999997E-002   5.4000000000000003E-003
   55.000000000000000       0.19540988388574848        6.0000000000000001E-003  0.45260000000000000       0.50219999999999998        3.3799999999999997E-002   5.4000000000000003E-003
   56.000000000000000       0.19316620925366831        6.1999999999999998E-003  0.45240000000000002       0.50219999999999998        3.3799999999999997E-002   5.4000000000000003E-003
   57.000000000000000       0.18618167561343191        5.7999999999999996E-003  0.49099999999999999       0.46360000000000001        3.4400000000000000E-002   5.1999999999999998E-003
   58.000000000000000       0.17779127161005256        5.4000000000000003E-003  0.49099999999999999       0.46379999999999999        3.4400000000000000E-002   5.4000000000000003E-003
   59.000000000000000       0.16674198220532180        7.7999999999999996E-003  0.47880000000000000       0.47139999999999999        3.5600000000000000E-002   6.4000000000000003E-003
   60.000000000000000       0.16582395073829612        7.7999999999999996E-003  0.47980000000000000       0.46939999999999998        3.6600000000000001E-002   6.4000000000000003E-003
   61.000000000000000       0.17609231189316038        7.7999999999999996E-003  0.47999999999999998       0.46920000000000001        3.6600000000000001E-002   6.4000000000000003E-003
   62.000000000000000       0.18809686265388464        7.1999999999999998E-003  0.47539999999999999       0.47399999999999998        3.6600000000000001E-002   6.7999999999999996E-003
   63.000000000000000       0.20087333671900193        6.4000000000000003E-003  0.47639999999999999       0.47380000000000000        3.6600000000000001E-002   6.7999999999999996E-003
   64.000000000000000       0.21384281174121947        3.5999999999999999E-003  0.47299999999999998       0.47980000000000000        3.6799999999999999E-002   6.7999999999999996E-003
   65.000000000000000       0.22847059004936082        3.3999999999999998E-003  0.46520000000000000       0.48540000000000000        3.9000000000000000E-002   7.0000000000000001E-003
   66.000000000000000       0.25032649502389182        3.3999999999999998E-003  0.46079999999999999       0.48820000000000002        4.0599999999999997E-002   7.0000000000000001E-003
   67.000000000000000       0.25304730049438001        3.2000000000000002E-003  0.46079999999999999       0.48799999999999999        4.1000000000000002E-002   7.0000000000000001E-003
   68.000000000000000       0.28248800499239435        3.0000000000000001E-003  0.46100000000000002       0.48580000000000001        4.3200000000000002E-002   7.0000000000000001E-003
   69.000000000000000       0.27915702281875726        3.0000000000000001E-003  0.46120000000000000       0.48540000000000000        4.3200000000000002E-002   7.1999999999999998E-003
   70.000000000000000       0.29731972233054171        2.3999999999999998E-003  0.46039999999999998       0.48599999999999999        4.3999999999999997E-002   7.1999999999999998E-003
   71.000000000000000       0.32111125463138429        2.2000000000000001E-003  0.47020000000000001       0.47639999999999999        4.3999999999999997E-002   7.1999999999999998E-003
   72.000000000000000       0.33847651202431955        2.2000000000000001E-003  0.46360000000000001       0.48159999999999997        4.5199999999999997E-002   7.4000000000000003E-003
   73.000000000000000       0.25208475400785835        1.6000000000000001E-003  0.43880000000000002       0.50580000000000003        4.6199999999999998E-002   7.6000000000000000E-003
   74.000000000000000       0.34342415530588033        1.6000000000000001E-003  0.43900000000000000       0.50460000000000005        4.6199999999999998E-002   8.6000000000000000E-003
   75.000000000000000       0.15692882153362392        8.0000000000000004E-004  0.43020000000000003       0.51339999999999997        4.7000000000000000E-002   8.6000000000000000E-003
   76.000000000000000       0.37907150848866117        8.0000000000000004E-004  0.43020000000000003       0.51139999999999997        4.8599999999999997E-002   8.9999999999999993E-003
   77.000000000000000       0.38519601183534052        4.0000000000000002E-004  0.43059999999999998       0.51139999999999997        4.8599999999999997E-002   8.9999999999999993E-003
   78.000000000000000       0.37285685404336688        4.0000000000000002E-004  0.42559999999999998       0.51559999999999995        4.9399999999999999E-002   8.9999999999999993E-003
   79.000000000000000       0.35245241805373623        4.0000000000000002E-004  0.41860000000000003       0.52259999999999995        4.9399999999999999E-002   8.9999999999999993E-003
   80.000000000000000       0.45964369806529953        4.0000000000000002E-004  0.41880000000000001       0.52239999999999998        4.9399999999999999E-002   8.9999999999999993E-003
   81.000000000000000       0.36358568724742457        4.0000000000000002E-004  0.41520000000000001       0.52600000000000002        4.9399999999999999E-002   8.9999999999999993E-003
   82.000000000000000       0.35677140682017711        4.0000000000000002E-004  0.41439999999999999       0.52600000000000002        5.0200000000000002E-002   8.9999999999999993E-003
   83.000000000000000       0.32928931551494361        1.6000000000000001E-003  0.41280000000000000       0.52539999999999998        5.0799999999999998E-002   9.4000000000000004E-003
   84.000000000000000       0.19626367308796736        1.1999999999999999E-003  0.41220000000000001       0.51739999999999997        4.2400000000000000E-002   2.6800000000000001E-002
   85.000000000000000       0.46845588160845403        1.1999999999999999E-003  0.41180000000000000       0.50419999999999998        5.4399999999999997E-002   2.8400000000000002E-002
   86.000000000000000       0.47465853288961896        1.1999999999999999E-003  0.40639999999999998       0.50519999999999998        5.4399999999999997E-002   3.2800000000000003E-002
   87.000000000000000       0.46381554560905541        1.0000000000000000E-003  0.40520000000000000       0.50400000000000000        5.4399999999999997E-002   3.5400000000000001E-002
   88.000000000000000       0.45841568619116108        1.4000000000000000E-003  0.36020000000000002       0.54859999999999998        5.4399999999999997E-002   3.5400000000000001E-002
   89.000000000000000       0.28511018378539332        1.1999999999999999E-003  0.36059999999999998       0.54779999999999995        5.4399999999999997E-002   3.5999999999999997E-002
   90.000000000000000       0.26931308053461045        1.0000000000000000E-003  0.34860000000000002       0.55759999999999998        5.4199999999999998E-002   3.8600000000000002E-002
   91.000000000000000       0.25025974876846224        1.0000000000000000E-003  0.34880000000000000       0.55700000000000005        5.4600000000000003E-002   3.8600000000000002E-002
   92.000000000000000       0.23115334741137941        1.0000000000000000E-003  0.34699999999999998       0.55759999999999998        5.5599999999999997E-002   3.8800000000000001E-002
   93.000000000000000       0.21038001464280789        1.0000000000000000E-003  0.34699999999999998       0.55600000000000005        5.6399999999999999E-002   3.9600000000000003E-002
   94.000000000000000       0.18929378488940324        1.4000000000000000E-003  0.34499999999999997       0.55679999999999996        5.6800000000000003E-002   4.0000000000000001E-002
   95.000000000000000       0.16802047464367947        1.1999999999999999E-003  0.34539999999999998       0.55640000000000001        5.6800000000000003E-002   4.0200000000000000E-002
   96.000000000000000       0.14758334295690836        4.4000000000000003E-003  0.33119999999999999       0.56579999999999997        5.7000000000000002E-002   4.1599999999999998E-002
   97.000000000000000       0.12868813649741892        2.0600000000000000E-002  0.28760000000000002       0.59240000000000004        5.8200000000000002E-002   4.1200000000000001E-002
   98.000000000000000       0.10963803935811300        1.8599999999999998E-002  0.27839999999999998       0.59919999999999995        5.8599999999999999E-002   4.5199999999999997E-002
   99.000000000000000        8.8243781442292973E-002   1.9800000000000002E-002  0.27700000000000002       0.59880000000000000        6.9599999999999995E-002   3.4799999999999998E-002
   100.00000000000000        6.6343632386072937E-002   2.0199999999999999E-002  0.28160000000000002       0.59340000000000004        6.9599999999999995E-002   3.5200000000000002E-002
   101.00000000000000        4.4725095909001027E-002   2.0199999999999999E-002  0.28639999999999999       0.58740000000000003        7.0400000000000004E-002   3.5600000000000000E-002
   102.00000000000000        2.7228031619639388E-002   2.1200000000000000E-002  0.25600000000000001       0.61060000000000003        7.5800000000000006E-002   3.6400000000000002E-002
   103.00000000000000        6.2262052052541889E-003   1.7399999999999999E-002  0.26579999999999998       0.60440000000000005        7.5800000000000006E-002   3.6600000000000001E-002
   104.00000000000000       -1.3446231499994807E-002   1.5599999999999999E-002  0.26379999999999998       0.60660000000000003        7.5800000000000006E-002   3.8199999999999998E-002
   105.00000000000000       -3.2399326886903425E-002   1.4600000000000000E-002  0.25240000000000001       0.61860000000000004        7.5999999999999998E-002   3.8399999999999997E-002
   106.00000000000000       -5.1110432518231379E-002   1.4800000000000001E-002  0.24859999999999999       0.62019999999999997        7.6999999999999999E-002   3.9399999999999998E-002
   107.00000000000000       -6.9495210572946026E-002   1.4800000000000001E-002  0.24879999999999999       0.61899999999999999        7.7799999999999994E-002   3.9600000000000003E-002
   108.00000000000000       -8.6327576420573954E-002   1.4800000000000001E-002  0.24920000000000000       0.61860000000000004        7.7399999999999997E-002   4.0000000000000001E-002
   109.00000000000000      -0.10133018598032779        1.0000000000000000E-002  0.25540000000000002       0.61719999999999997        7.7399999999999997E-002   4.0000000000000001E-002
   110.00000000000000      -0.10842663788578435        1.0600000000000000E-002  0.23920000000000000       0.63280000000000003        7.6999999999999999E-002   4.0399999999999998E-002
   111.00000000000000      -0.10388484801232803        1.2000000000000000E-002  0.23780000000000001       0.63280000000000003        7.6999999999999999E-002   4.0399999999999998E-002
   112.00000000000000       -8.8238940498941251E-002   1.2000000000000000E-002  0.23780000000000001       0.63280000000000003        7.6799999999999993E-002   4.0599999999999997E-002
   113.00000000000000       -7.1378465804945404E-002   1.2000000000000000E-002  0.23780000000000001       0.63280000000000003        7.6799999999999993E-002   4.0599999999999997E-002
   114.00000000000000       -5.3584448203214174E-002   1.2000000000000000E-002  0.23780000000000001       0.63280000000000003        7.6799999999999993E-002   4.0599999999999997E-002
   115.00000000000000       -3.8282887575951031E-002   1.2000000000000000E-002  0.23780000000000001       0.63280000000000003        7.6799999999999993E-002   4.0599999999999997E-002
   116.00000000000000       -2.3308331317875103E-002   1.2000000000000000E-002  0.23740000000000000       0.63280000000000003        7.7200000000000005E-002   4.0599999999999997E-002
   117.00000000000000       -1.1096103920250124E-002   1.2000000000000000E-002  0.23740000000000000       0.63280000000000003        7.6999999999999999E-002   4.0800000000000003E-002
   118.00000000000000       -1.6644326489793498E-003   1.1800000000000000E-002  0.23740000000000000       0.63280000000000003        7.6200000000000004E-002   4.1799999999999997E-002
   119.00000000000000        4.6189976020458816E-003   1.1800000000000000E-002  0.23740000000000000       0.63280000000000003        7.6200000000000004E-002   4.1799999999999997E-002
   120.00000000000000       -9.4440370203684593E-003   1.1800000000000000E-002  0.86960000000000004        0.0000000000000000        7.6399999999999996E-002   4.2200000000000001E-002
   121.00000000000000        4.7108810787934181E-003   1.1800000000000000E-002  0.86960000000000004        0.0000000000000000        7.5800000000000006E-002   4.2799999999999998E-002
   122.00000000000000       -9.5778240387037680E-003   1.1800000000000000E-002  0.86960000000000004        0.0000000000000000        7.5800000000000006E-002   4.2799999999999998E-002
   123.00000000000000       -2.8663881103548266E-002   1.2000000000000000E-002  0.86939999999999995        0.0000000000000000        7.5600000000000001E-002   4.2999999999999997E-002
   124.00000000000000       -5.1351645418336263E-002   2.7600000000000000E-002  0.85160000000000002        1.4000000000000000E-003   7.3800000000000004E-002   4.5600000000000002E-002
   125.00000000000000       -2.7372445861740924E-002   2.7600000000000000E-002  0.85140000000000005        1.4000000000000000E-003   7.2200000000000000E-002   4.7399999999999998E-002
   126.00000000000000       -2.4321152040134818E-003   2.7199999999999998E-002  0.85060000000000002        1.4000000000000000E-003   7.0999999999999994E-002   4.9799999999999997E-002
   127.00000000000000        2.3062398343430487E-002   2.7199999999999998E-002  0.84980000000000000        2.2000000000000001E-003   7.0199999999999999E-002   5.0599999999999999E-002
   128.00000000000000        4.8032383417099478E-002   2.6400000000000000E-002  0.84960000000000002        3.0000000000000001E-003   6.9800000000000001E-002   5.1200000000000002E-002
   129.00000000000000        7.3414328176978447E-002   2.6400000000000000E-002  0.83440000000000003        1.7999999999999999E-002   6.9800000000000001E-002   5.1400000000000001E-002
   130.00000000000000        9.5434494088919325E-002   2.5800000000000000E-002  0.83399999999999996        1.7800000000000000E-002   7.0400000000000004E-002   5.1999999999999998E-002
   131.00000000000000       0.11479525431217211        2.5600000000000001E-002  0.83299999999999996        1.8200000000000001E-002   7.1199999999999999E-002   5.1999999999999998E-002
   132.00000000000000       0.13244859896170597        2.5200000000000000E-002  0.83240000000000003        1.8200000000000001E-002   6.9599999999999995E-002   5.4600000000000003E-002
   133.00000000000000       0.14687341697153780        2.5200000000000000E-002  0.82199999999999995        2.8199999999999999E-002   6.9800000000000001E-002   5.4800000000000001E-002
   134.00000000000000       0.15492731525872361        2.5200000000000000E-002  0.82079999999999997        2.8199999999999999E-002   7.0999999999999994E-002   5.4800000000000001E-002
   135.00000000000000       0.17140630264517653        2.4000000000000000E-002  0.81940000000000002        2.8199999999999999E-002   7.0999999999999994E-002   5.7400000000000000E-002
   136.00000000000000       0.17091127502060999        2.3800000000000002E-002  0.80540000000000000        4.1799999999999997E-002   7.1400000000000005E-002   5.7599999999999998E-002
   137.00000000000000       0.16529181647571317        2.3400000000000001E-002  0.80600000000000005        4.1599999999999998E-002   7.1199999999999999E-002   5.7799999999999997E-002
   138.00000000000000       0.16140327062615359        2.3400000000000001E-002  0.80340000000000000        4.3799999999999999E-002   7.1199999999999999E-002   5.8200000000000002E-002
   139.00000000000000       0.15462678852268461        2.2800000000000001E-002  0.80279999999999996        4.3799999999999999E-002   7.1400000000000005E-002   5.9200000000000003E-002
   140.00000000000000       0.13544370751751897        2.2800000000000001E-002  0.80279999999999996        4.3799999999999999E-002   7.1400000000000005E-002   5.9200000000000003E-002
   141.00000000000000       0.12128665235890095        2.2800000000000001E-002  0.80220000000000002        4.4400000000000002E-002   7.0400000000000004E-002   6.0199999999999997E-002
   142.00000000000000       0.10302083815129390        2.3000000000000000E-002  0.80100000000000005        4.4400000000000002E-002   7.0800000000000002E-002   6.0800000000000000E-002
   143.00000000000000        8.3161099416595635E-002   2.3000000000000000E-002  0.79820000000000002        4.4200000000000003E-002   7.3599999999999999E-002   6.0999999999999999E-002
   144.00000000000000        6.1059599944695599E-002   2.3199999999999998E-002  0.79800000000000004        4.4200000000000003E-002   7.3200000000000001E-002   6.1400000000000003E-002
   145.00000000000000        3.8535244818360452E-002   2.3199999999999998E-002  0.79779999999999995        4.4200000000000003E-002   7.1999999999999995E-002   6.2799999999999995E-002
   146.00000000000000        1.7986518282661675E-002   0.0000000000000000       0.81899999999999995        4.5600000000000002E-002   7.2200000000000000E-002   6.3200000000000006E-002
   147.00000000000000        3.0714648547165328E-002   0.0000000000000000       0.81899999999999995        4.5600000000000002E-002   7.2200000000000000E-002   6.3200000000000006E-002
   148.00000000000000        7.0063590968950665E-002   0.0000000000000000       0.81899999999999995        4.5600000000000002E-002   7.1800000000000003E-002   6.3600000000000004E-002
   149.00000000000000       0.10590045959006893        0.0000000000000000       0.81899999999999995        4.5600000000000002E-002   7.1800000000000003E-002   6.3600000000000004E-002
   150.00000000000000       0.13764477879252618        0.0000000000000000       0.81899999999999995        4.5600000000000002E-002   7.1800000000000003E-002   6.3600000000000004E-002
   151.00000000000000       0.16437069535797791        0.0000000000000000       0.81899999999999995        4.5600000000000002E-002   6.9599999999999995E-002   6.5799999999999997E-002
   152.00000000000000       0.19054233074249713        0.0000000000000000       0.58160000000000001       0.28260000000000002        6.9000000000000006E-002   6.6799999999999998E-002
   153.00000000000000       0.19342055670643141        0.0000000000000000       0.58120000000000005       0.28260000000000002        6.5400000000000000E-002   7.0800000000000002E-002
   154.00000000000000       0.18508779142110193        0.0000000000000000       0.58099999999999996       0.28260000000000002        6.5400000000000000E-002   7.0999999999999994E-002
   155.00000000000000       0.17562874385814359        0.0000000000000000       0.58079999999999998       0.28260000000000002        6.5400000000000000E-002   7.1199999999999999E-002
   156.00000000000000       0.16292291220675487        0.0000000000000000       0.57999999999999996       0.28260000000000002        6.6000000000000003E-002   7.1400000000000005E-002
   157.00000000000000       0.14823611417444582        0.0000000000000000       0.57999999999999996       0.28260000000000002        6.1800000000000001E-002   7.5600000000000001E-002
   158.00000000000000       0.13198757432996849        0.0000000000000000       0.57940000000000003       0.28260000000000002        6.2199999999999998E-002   7.5800000000000006E-002
   159.00000000000000       0.11430389103384084        0.0000000000000000       0.57840000000000003       0.28260000000000002        5.9999999999999998E-002   7.9000000000000001E-002
   160.00000000000000       0.10599434915740971        0.0000000000000000        0.0000000000000000       0.86019999999999996        5.9999999999999998E-002   7.9799999999999996E-002
   161.00000000000000        7.9672474853937539E-002   0.0000000000000000        0.0000000000000000       0.85780000000000001        6.0999999999999999E-002   8.1199999999999994E-002
   162.00000000000000        6.9528930510859538E-002   0.0000000000000000        0.0000000000000000       0.85799999999999998        6.0800000000000000E-002   8.1199999999999994E-002
   163.00000000000000        6.0895868509307838E-002   0.0000000000000000        0.0000000000000000       0.85499999999999998        6.2000000000000000E-002   8.3000000000000004E-002
   164.00000000000000        5.1854792465194796E-002   0.0000000000000000        0.0000000000000000       0.85199999999999998        6.2399999999999997E-002   8.5599999999999996E-002
   165.00000000000000        4.4819222673199294E-002   0.0000000000000000        0.0000000000000000       0.85199999999999998        6.1400000000000003E-002   8.6599999999999996E-002
   166.00000000000000        3.7765371530132888E-002   0.0000000000000000        0.0000000000000000       0.85180000000000000        6.1400000000000003E-002   8.6800000000000002E-002
   167.00000000000000        3.2711153950775923E-002   0.0000000000000000        0.0000000000000000       0.84899999999999998        6.0600000000000001E-002   9.0399999999999994E-002
   168.00000000000000        2.7669401725216966E-002   0.0000000000000000        0.0000000000000000       0.84899999999999998        5.9799999999999999E-002   9.1200000000000003E-002
   169.00000000000000        2.4682688874806381E-002   0.0000000000000000        0.0000000000000000       0.84760000000000002        5.9799999999999999E-002   9.2600000000000002E-002
   170.00000000000000        1.9060392142797714E-002   0.0000000000000000        0.0000000000000000       0.84760000000000002        5.9799999999999999E-002   9.2600000000000002E-002
   171.00000000000000        2.2396388546760040E-002   0.0000000000000000        0.0000000000000000       0.84719999999999995        5.9400000000000001E-002   9.3399999999999997E-002
   172.00000000000000        1.2188672550960396E-002   0.0000000000000000        2.0000000000000001E-004  0.84580000000000000        5.9999999999999998E-002   9.4000000000000000E-002
   173.00000000000000       -3.0466636871272594E-002   0.0000000000000000        2.0000000000000001E-004  0.84419999999999995        5.9999999999999998E-002   9.5600000000000004E-002
   174.00000000000000        4.4080998921149146E-002   0.0000000000000000        2.0000000000000001E-004  0.84299999999999997        5.9999999999999998E-002   9.6799999999999997E-002
   175.00000000000000        6.1405903528521967E-003   0.0000000000000000        2.0000000000000001E-004  0.84299999999999997        5.9999999999999998E-002   9.6799999999999997E-002
   176.00000000000000       0.12291927551940518        0.0000000000000000        2.0000000000000001E-004  0.84219999999999995        5.4199999999999998E-002  0.10340000000000001     
   177.00000000000000        1.6596723698497087E-002   0.0000000000000000        4.0000000000000002E-004  0.84179999999999999        5.3999999999999999E-002  0.10380000000000000     
   178.00000000000000        1.1772495166378974E-003   0.0000000000000000        4.0000000000000002E-004  0.84079999999999999        4.8000000000000001E-002  0.11080000000000000     
   179.00000000000000        7.6413155711629183E-004   0.0000000000000000        4.0000000000000002E-004  0.84079999999999999        4.3799999999999999E-002  0.11500000000000000     
   180.00000000000000       -2.1390065809679393E-003   0.0000000000000000        4.4000000000000003E-003  0.83679999999999999        4.3799999999999999E-002  0.11500000000000000     
   181.00000000000000        6.8308447572528880E-003   0.0000000000000000        4.4000000000000003E-003  0.83679999999999999        4.3799999999999999E-002  0.11500000000000000     
   182.00000000000000        3.9359715350663009E-002   0.0000000000000000        4.4000000000000003E-003  0.83679999999999999        4.2799999999999998E-002  0.11600000000000001     
   183.00000000000000        6.9072156376035990E-002   0.0000000000000000        4.4000000000000003E-003  0.83679999999999999        4.0200000000000000E-002  0.11860000000000000     
   184.00000000000000        9.4396797119403894E-002   0.0000000000000000        4.4000000000000003E-003  0.83679999999999999        4.0200000000000000E-002  0.11860000000000000     
   185.00000000000000       0.11520514683973516        0.0000000000000000        4.4000000000000003E-003  0.83679999999999999        3.7199999999999997E-002  0.12160000000000000     
   186.00000000000000       0.13282963622999758        0.0000000000000000        4.4000000000000003E-003  0.83679999999999999        3.7199999999999997E-002  0.12160000000000000     
   187.00000000000000       0.14197880518529005        0.0000000000000000        4.4000000000000003E-003  0.83679999999999999        3.7199999999999997E-002  0.12160000000000000     
   188.00000000000000       0.14494212958554797        0.0000000000000000        4.1999999999999997E-003  0.83679999999999999        3.4799999999999998E-002  0.12420000000000000     
   189.00000000000000       0.14332300061433967        0.0000000000000000        4.1999999999999997E-003  0.83679999999999999        3.4200000000000001E-002  0.12479999999999999     
   190.00000000000000       0.13616772702543062        0.0000000000000000        4.1999999999999997E-003  0.83679999999999999        3.3200000000000000E-002  0.12580000000000000     
   191.00000000000000       0.12399226104722601        0.0000000000000000        4.1999999999999997E-003  0.83679999999999999        3.2800000000000003E-002  0.12620000000000001     
   192.00000000000000       0.10736700530773105        0.0000000000000000        4.1999999999999997E-003  0.83679999999999999        3.2800000000000003E-002  0.12620000000000001     
   193.00000000000000        8.6546159064196271E-002   0.0000000000000000        4.1999999999999997E-003  0.83679999999999999        3.2800000000000003E-002  0.12620000000000001     
   194.00000000000000        6.3089233473173773E-002   0.0000000000000000        4.1999999999999997E-003  0.83679999999999999        3.2599999999999997E-002  0.12640000000000001     
   195.00000000000000        3.7456882775652074E-002   0.0000000000000000        4.1999999999999997E-003  0.83679999999999999        3.2599999999999997E-002  0.12640000000000001     
   196.00000000000000        1.0616576293958315E-002   0.0000000000000000        4.1999999999999997E-003  0.83679999999999999        3.2599999999999997E-002  0.12640000000000001     
   197.00000000000000       -1.6599425439666346E-002   1.0000000000000000E-003   9.4000000000000004E-003  0.83060000000000000        3.2800000000000003E-002  0.12620000000000001     
   198.00000000000000       -3.0846919175280756E-002   2.8000000000000000E-003   9.4000000000000004E-003  0.82779999999999998        3.2399999999999998E-002  0.12759999999999999     
   199.00000000000000       -3.3049936923093527E-002   4.5999999999999999E-003   9.4000000000000004E-003  0.82360000000000000        3.4599999999999999E-002  0.12780000000000000     
   200.00000000000000       -3.5775558439273963E-002   9.1999999999999998E-003   4.4000000000000003E-003  0.81979999999999997        3.9000000000000000E-002  0.12759999999999999     
   201.00000000000000       -3.9051528878312584E-002   9.1999999999999998E-003   4.1999999999999997E-003  0.81520000000000004        3.7800000000000000E-002  0.13360000000000000     
   202.00000000000000       -4.4208967618976143E-002   9.1999999999999998E-003   4.1999999999999997E-003  0.81440000000000001        3.7199999999999997E-002  0.13500000000000001     
   203.00000000000000       -5.2052253276299393E-002   9.1999999999999998E-003   3.5999999999999999E-003  0.81440000000000001        3.3599999999999998E-002  0.13919999999999999     
   204.00000000000000       -5.6334805367119184E-002   9.1999999999999998E-003   3.5999999999999999E-003  0.81440000000000001        3.3799999999999997E-002  0.13900000000000001     
   205.00000000000000       -6.3256635702660394E-002   1.2800000000000001E-002   0.0000000000000000       0.81399999999999995        3.4200000000000001E-002  0.13900000000000001     
   206.00000000000000       -6.9385903611746805E-002   1.2800000000000001E-002   0.0000000000000000       0.81240000000000001        3.3399999999999999E-002  0.14140000000000000     
   207.00000000000000       -7.6355995750075012E-002   1.2800000000000001E-002   0.0000000000000000       0.81140000000000001        3.4799999999999998E-002  0.14099999999999999     
   208.00000000000000       -8.3338170562677810E-002   1.2800000000000001E-002   4.2599999999999999E-002  0.76719999999999999        3.5799999999999998E-002  0.14160000000000000     
   209.00000000000000       -8.2456643643960673E-002   1.2800000000000001E-002   4.2599999999999999E-002  0.76719999999999999        3.5000000000000003E-002  0.14240000000000000     
   210.00000000000000       -6.3666826599904802E-002   1.2800000000000001E-002   4.2599999999999999E-002  0.76719999999999999        3.5000000000000003E-002  0.14240000000000000     
   211.00000000000000       -4.3430565859058939E-002   1.2800000000000001E-002   4.2599999999999999E-002  0.76719999999999999        3.5799999999999998E-002  0.14160000000000000     
   212.00000000000000       -2.1800436496654949E-002   1.2600000000000000E-002   4.2599999999999999E-002  0.76719999999999999        3.6400000000000002E-002  0.14119999999999999     
   213.00000000000000       -1.5223714207939637E-004   1.2600000000000000E-002   4.2599999999999999E-002  0.76719999999999999        3.5000000000000003E-002  0.14260000000000000     
   214.00000000000000        2.0490563034105395E-002   1.2600000000000000E-002   4.2599999999999999E-002  0.76719999999999999        3.7600000000000001E-002  0.14000000000000001     
   215.00000000000000        3.8786443096579644E-002   1.2600000000000000E-002   4.2599999999999999E-002  0.76719999999999999        3.7400000000000003E-002  0.14019999999999999     
   216.00000000000000        5.4456321547139280E-002   1.2600000000000000E-002   4.2599999999999999E-002  0.76719999999999999        3.1800000000000002E-002  0.14580000000000001     
