#        BMIN =   404
#        BMAX =   408
#     INIBAND =   406
#      NBANDS =   540
#         NSW =  2000
#       POTIM =   1.0
#        TEMP = 300.0
#    NAMDTINI =   450
#    NAMDTIME =  1000
#       NTRAJ =  5000
#        NELM =  1000
#       LHOLE =     T
#        LSHP =     T
#      LCPTXT =     T
#      RUNDIR = ../../run/
   1.0000000000000000        3.2866789041978893E-002   0.0000000000000000        0.0000000000000000        1.0000000000000000        0.0000000000000000        0.0000000000000000     
   2.0000000000000000        1.1591098465697506E-002   0.0000000000000000        0.0000000000000000        1.0000000000000000        0.0000000000000000        0.0000000000000000     
   3.0000000000000000       -1.0834053807901329E-002   0.0000000000000000        0.0000000000000000        1.0000000000000000        0.0000000000000000        0.0000000000000000     
   4.0000000000000000       -3.3501310858015707E-002   0.0000000000000000        0.0000000000000000        1.0000000000000000        0.0000000000000000        0.0000000000000000     
   5.0000000000000000       -5.5533576531462077E-002   0.0000000000000000        0.0000000000000000       0.99960000000000004        0.0000000000000000        4.0000000000000002E-004
   6.0000000000000000       -7.6214220968573596E-002   0.0000000000000000        8.0000000000000002E-003  0.99139999999999995        0.0000000000000000        5.9999999999999995E-004
   7.0000000000000000       -9.0548755165447928E-002   0.0000000000000000        2.2800000000000001E-002  0.97640000000000005        0.0000000000000000        8.0000000000000004E-004
   8.0000000000000000       -9.2857755609580414E-002   0.0000000000000000        1.2999999999999999E-002  0.98619999999999997        0.0000000000000000        8.0000000000000004E-004
   9.0000000000000000       -8.9327026264715129E-002   0.0000000000000000        8.9999999999999993E-003  0.98780000000000001        1.0000000000000000E-003   2.2000000000000001E-003
   10.000000000000000       -8.4287375525261235E-002   0.0000000000000000        7.6000000000000000E-003  0.98799999999999999        1.0000000000000000E-003   3.3999999999999998E-003
   11.000000000000000       -7.8511375632392424E-002   0.0000000000000000        7.6000000000000000E-003  0.98780000000000001        1.1999999999999999E-003   3.3999999999999998E-003
   12.000000000000000       -7.2007548327213997E-002   0.0000000000000000        7.6000000000000000E-003  0.98780000000000001        1.0000000000000000E-003   3.5999999999999999E-003
   13.000000000000000       -6.4621738759778488E-002   2.0000000000000001E-004   7.4000000000000003E-003  0.98780000000000001        1.0000000000000000E-003   3.5999999999999999E-003
   14.000000000000000       -5.6858827069943906E-002   2.0000000000000001E-004   7.4000000000000003E-003  0.98780000000000001        1.0000000000000000E-003   3.5999999999999999E-003
   15.000000000000000       -4.7837482350431872E-002   0.0000000000000000        7.6000000000000000E-003  0.98719999999999997        1.6000000000000001E-003   3.5999999999999999E-003
   16.000000000000000       -3.8125634419887908E-002   0.0000000000000000        7.6000000000000000E-003  0.98540000000000005        2.3999999999999998E-003   4.5999999999999999E-003
   17.000000000000000       -2.7513988262228100E-002   0.0000000000000000        7.6000000000000000E-003  0.98540000000000005        2.3999999999999998E-003   4.5999999999999999E-003
   18.000000000000000       -1.6141720632955280E-002   0.0000000000000000        7.6000000000000000E-003  0.98419999999999996        3.5999999999999999E-003   4.5999999999999999E-003
   19.000000000000000       -2.0609910407640040E-003   0.0000000000000000        7.4000000000000003E-003  0.98440000000000005        3.5999999999999999E-003   4.5999999999999999E-003
   20.000000000000000        1.8250212933389836E-002   0.0000000000000000        7.4000000000000003E-003  0.98419999999999996        3.5999999999999999E-003   4.7999999999999996E-003
   21.000000000000000        4.3613458841423244E-002   0.0000000000000000        8.6000000000000000E-003  0.98140000000000005        5.1999999999999998E-003   4.7999999999999996E-003
   22.000000000000000        7.0586964452332993E-002   0.0000000000000000        8.6000000000000000E-003  0.98140000000000005        5.1999999999999998E-003   4.7999999999999996E-003
   23.000000000000000        9.6546947329670035E-002   0.0000000000000000        8.6000000000000000E-003  0.98099999999999998        5.1999999999999998E-003   5.1999999999999998E-003
   24.000000000000000       0.12018780921350417        0.0000000000000000        8.6000000000000000E-003  0.97960000000000003        5.1999999999999998E-003   6.6000000000000000E-003
   25.000000000000000       0.14004834507867653        0.0000000000000000        8.6000000000000000E-003  0.97840000000000005        5.1999999999999998E-003   7.7999999999999996E-003
   26.000000000000000       0.15572599029673528        0.0000000000000000        8.6000000000000000E-003  0.97760000000000002        6.0000000000000001E-003   7.7999999999999996E-003
   27.000000000000000       0.16602216699926137        0.0000000000000000        8.6000000000000000E-003  0.97760000000000002        6.0000000000000001E-003   7.7999999999999996E-003
   28.000000000000000       0.17189278015491402        0.0000000000000000        8.6000000000000000E-003  0.97699999999999998        6.4000000000000003E-003   8.0000000000000002E-003
   29.000000000000000       0.17523361940320539        0.0000000000000000        8.6000000000000000E-003  0.97419999999999995        7.1999999999999998E-003   1.0000000000000000E-002
   30.000000000000000       0.17169728905508866        0.0000000000000000        8.6000000000000000E-003  0.97419999999999995        7.1999999999999998E-003   1.0000000000000000E-002
   31.000000000000000       0.16655243457834867        0.0000000000000000        8.6000000000000000E-003  0.96179999999999999        7.4000000000000003E-003   2.2200000000000001E-002
   32.000000000000000       0.15404057545572439        0.0000000000000000        8.6000000000000000E-003  0.96179999999999999        7.4000000000000003E-003   2.2200000000000001E-002
   33.000000000000000       0.13690821274523324        0.0000000000000000        8.6000000000000000E-003  0.96160000000000001        7.4000000000000003E-003   2.2400000000000000E-002
   34.000000000000000       0.11644437587611293        0.0000000000000000        8.6000000000000000E-003  0.96040000000000003        7.7999999999999996E-003   2.3199999999999998E-002
   35.000000000000000        9.3603551515329203E-002   0.0000000000000000        8.6000000000000000E-003  0.95860000000000001        8.8000000000000005E-003   2.4000000000000000E-002
   36.000000000000000        6.7933836296900044E-002   0.0000000000000000        8.6000000000000000E-003  0.95820000000000005        8.8000000000000005E-003   2.4400000000000002E-002
   37.000000000000000        3.8824893306842245E-002   0.0000000000000000        8.6000000000000000E-003  0.95799999999999996        8.8000000000000005E-003   2.4600000000000000E-002
   38.000000000000000        1.3688445234889114E-002   5.0000000000000001E-003   3.5999999999999999E-003  0.95799999999999996        8.8000000000000005E-003   2.4600000000000000E-002
   39.000000000000000       -1.2423140489151285E-002   5.0000000000000001E-003   3.3999999999999998E-003  0.95779999999999998        8.0000000000000002E-003   2.5800000000000000E-002
   40.000000000000000       -3.6734727849083951E-002   5.0000000000000001E-003   3.3999999999999998E-003  0.95779999999999998        8.0000000000000002E-003   2.5800000000000000E-002
   41.000000000000000       -5.7963119496469651E-002   5.0000000000000001E-003   4.5999999999999999E-003  0.95660000000000001        6.1999999999999998E-003   2.7600000000000000E-002
   42.000000000000000       -7.4308237661046925E-002   5.0000000000000001E-003   5.4000000000000003E-003  0.95579999999999998        6.1999999999999998E-003   2.7600000000000000E-002
   43.000000000000000       -8.5414160157759017E-002   5.0000000000000001E-003   5.5999999999999999E-003  0.95460000000000000        6.1999999999999998E-003   2.8600000000000000E-002
   44.000000000000000       -9.0814982525691146E-002   5.0000000000000001E-003   2.0000000000000001E-004  0.95999999999999996        6.1999999999999998E-003   2.8600000000000000E-002
   45.000000000000000       -9.0518397741873383E-002   5.0000000000000001E-003   0.0000000000000000       0.96020000000000005        4.7999999999999996E-003   2.9999999999999999E-002
   46.000000000000000       -8.6739906191233077E-002   5.0000000000000001E-003   0.0000000000000000       0.95999999999999996        5.0000000000000001E-003   2.9999999999999999E-002
   47.000000000000000       -7.9421385653554957E-002   5.0000000000000001E-003   0.0000000000000000       0.95960000000000001        5.0000000000000001E-003   3.0400000000000000E-002
   48.000000000000000       -6.9019880647352108E-002   5.0000000000000001E-003   0.0000000000000000       0.95879999999999999        5.0000000000000001E-003   3.1199999999999999E-002
   49.000000000000000       -5.7356623662576205E-002   5.0000000000000001E-003   0.0000000000000000       0.95740000000000003        5.0000000000000001E-003   3.2599999999999997E-002
   50.000000000000000       -4.4065672042261923E-002   4.7999999999999996E-003   0.0000000000000000       0.95679999999999998        5.0000000000000001E-003   3.3399999999999999E-002
   51.000000000000000       -2.8378392805272074E-002   4.4000000000000003E-003   0.0000000000000000       0.95660000000000001        5.0000000000000001E-003   3.4000000000000002E-002
   52.000000000000000       -1.2444768432575986E-002   3.8000000000000000E-003   0.0000000000000000       0.95479999999999998        5.0000000000000001E-003   3.6400000000000002E-002
   53.000000000000000        4.2407875448671889E-003   3.8000000000000000E-003   0.0000000000000000       0.95479999999999998        5.0000000000000001E-003   3.6400000000000002E-002
   54.000000000000000        2.1455877632501209E-002   3.8000000000000000E-003   0.0000000000000000       0.95440000000000003        5.4000000000000003E-003   3.6400000000000002E-002
   55.000000000000000        3.9663526799469009E-002   3.8000000000000000E-003   0.0000000000000000       0.95440000000000003        5.1999999999999998E-003   3.6600000000000001E-002
   56.000000000000000        5.8606230380115275E-002   3.3999999999999998E-003   0.0000000000000000       0.95440000000000003        5.5999999999999999E-003   3.6600000000000001E-002
   57.000000000000000        8.0050435351145144E-002   2.8000000000000000E-003   0.0000000000000000       0.95299999999999996        5.4000000000000003E-003   3.8800000000000001E-002
   58.000000000000000        9.9903992312628698E-002   2.8000000000000000E-003   0.0000000000000000       0.95299999999999996        5.4000000000000003E-003   3.8800000000000001E-002
   59.000000000000000       0.12076526602049742        3.0000000000000001E-003   0.0000000000000000       0.94640000000000002        7.0000000000000001E-003   4.3600000000000000E-002
   60.000000000000000       0.14270862924907565        3.0000000000000001E-003   0.0000000000000000       0.93820000000000003        7.0000000000000001E-003   5.1799999999999999E-002
   61.000000000000000       0.16650854812084884        3.0000000000000001E-003   0.0000000000000000       0.92540000000000000        7.6000000000000000E-003   6.4000000000000001E-002
   62.000000000000000       0.18411491556356854        3.0000000000000001E-003   0.0000000000000000       0.91940000000000000        1.0800000000000001E-002   6.6799999999999998E-002
   63.000000000000000       0.19993015982900952        3.0000000000000001E-003   0.0000000000000000       0.91720000000000002        1.2999999999999999E-002   6.6799999999999998E-002
   64.000000000000000       0.21358386599240797        2.8000000000000000E-003   0.0000000000000000       0.91539999999999999        1.2200000000000001E-002   6.9599999999999995E-002
   65.000000000000000       0.22423864667670534        1.6000000000000001E-003   1.1999999999999999E-003  0.91539999999999999        1.1400000000000000E-002   7.0400000000000004E-002
   66.000000000000000       0.23255486046434007        1.6000000000000001E-003   1.1999999999999999E-003  0.91539999999999999        1.1400000000000000E-002   7.0400000000000004E-002
   67.000000000000000       0.23977918970423728        1.6000000000000001E-003   1.1999999999999999E-003  0.91180000000000005        1.1400000000000000E-002   7.3999999999999996E-002
   68.000000000000000       0.24376468411589236        1.6000000000000001E-003   1.1999999999999999E-003  0.91139999999999999        1.1400000000000000E-002   7.4399999999999994E-002
   69.000000000000000       0.24770696379556625        1.6000000000000001E-003   4.0000000000000002E-004  0.90680000000000005        1.1200000000000000E-002   8.0000000000000002E-002
   70.000000000000000       0.24892635339165739        1.6000000000000001E-003   4.0000000000000002E-004  0.90480000000000005        1.3200000000000000E-002   8.0000000000000002E-002
   71.000000000000000       0.24983582389559378        1.6000000000000001E-003   1.0000000000000000E-003  0.90420000000000000        1.3200000000000000E-002   8.0000000000000002E-002
   72.000000000000000       0.25403463903646784        1.6000000000000001E-003   5.9999999999999995E-004  0.90459999999999996        1.3200000000000000E-002   8.0000000000000002E-002
   73.000000000000000       0.26508155972234482        1.6000000000000001E-003   5.9999999999999995E-004  0.90120000000000000        1.4999999999999999E-002   8.1600000000000006E-002
   74.000000000000000       0.27873116574149792        1.6000000000000001E-003   2.0000000000000001E-004  0.89939999999999998        1.5400000000000000E-002   8.3400000000000002E-002
   75.000000000000000       0.29208745515175433        1.4000000000000000E-003   2.0000000000000001E-004  0.89959999999999996        1.5400000000000000E-002   8.3400000000000002E-002
   76.000000000000000       0.30466469350746328        1.0000000000000000E-003   5.9999999999999995E-004  0.89700000000000002        1.5400000000000000E-002   8.5999999999999993E-002
   77.000000000000000       0.31323237761232126        8.0000000000000004E-004   8.0000000000000004E-004  0.89700000000000002        1.4999999999999999E-002   8.6400000000000005E-002
   78.000000000000000       0.31856647475444999        8.0000000000000004E-004   8.0000000000000004E-004  0.89580000000000004        1.6199999999999999E-002   8.6400000000000005E-002
   79.000000000000000       0.31999688183465680        1.0000000000000000E-003   5.9999999999999995E-004  0.89559999999999995        1.6400000000000001E-002   8.6400000000000005E-002
   80.000000000000000       0.31885859985926990        1.0000000000000000E-003   5.9999999999999995E-004  0.89159999999999995        1.9000000000000000E-002   8.7800000000000003E-002
   81.000000000000000       0.31140617764415812        1.0000000000000000E-003   5.9999999999999995E-004  0.88339999999999996        2.7199999999999998E-002   8.7800000000000003E-002
   82.000000000000000       0.30170301330908950        1.0000000000000000E-003   4.0000000000000002E-004  0.88380000000000003        2.7000000000000000E-002   8.7800000000000003E-002
   83.000000000000000       0.28907320224473482        1.0000000000000000E-003   2.0000000000000001E-004  0.88260000000000005        2.8400000000000002E-002   8.7800000000000003E-002
   84.000000000000000       0.27453199546246654        1.0000000000000000E-003   2.0000000000000001E-004  0.88139999999999996        2.9600000000000001E-002   8.7800000000000003E-002
   85.000000000000000       0.25806600858008161        1.0000000000000000E-003   2.0000000000000001E-004  0.88039999999999996        3.0599999999999999E-002   8.7800000000000003E-002
   86.000000000000000       0.23995320106135576        1.0000000000000000E-003   2.0000000000000001E-004  0.87880000000000003        3.0200000000000001E-002   8.9800000000000005E-002
   87.000000000000000       0.21994292011368261        1.0000000000000000E-003   2.0000000000000001E-004  0.87919999999999998        2.9800000000000000E-002   8.9800000000000005E-002
   88.000000000000000       0.19347613326999752        1.0000000000000000E-003  0.11600000000000001       0.76259999999999994        3.0200000000000001E-002   9.0200000000000002E-002
   89.000000000000000       0.18165331550394057        8.0000000000000004E-004  0.11500000000000000       0.76259999999999994        3.0800000000000001E-002   9.0800000000000006E-002
   90.000000000000000       0.19510478603895878        8.0000000000000004E-004  0.11500000000000000       0.76259999999999994        3.0800000000000001E-002   9.0800000000000006E-002
   91.000000000000000       0.20328154368109949        8.0000000000000004E-004  0.11500000000000000       0.76259999999999994        3.0400000000000000E-002   9.1200000000000003E-002
   92.000000000000000       0.20528273191954594        8.0000000000000004E-004  0.11500000000000000       0.76259999999999994        3.0599999999999999E-002   9.0999999999999998E-002
   93.000000000000000       0.20117221112872150        8.0000000000000004E-004  0.11480000000000000       0.76259999999999994        3.0599999999999999E-002   9.1200000000000003E-002
   94.000000000000000       0.19001277437973957        8.0000000000000004E-004  0.11480000000000000       0.76259999999999994        2.2400000000000000E-002   9.9400000000000002E-002
   95.000000000000000       0.17216556670347177        8.0000000000000004E-004  0.11440000000000000       0.76259999999999994        2.5200000000000000E-002   9.7000000000000003E-002
   96.000000000000000       0.14865438983200369        8.0000000000000004E-004  0.11440000000000000       0.76259999999999994        2.7199999999999998E-002   9.5000000000000001E-002
   97.000000000000000       0.12148090643383477        8.0000000000000004E-004  0.11440000000000000       0.76259999999999994        2.3000000000000000E-002   9.9199999999999997E-002
   98.000000000000000        8.9091952600925339E-002   8.0000000000000004E-004  0.11440000000000000       0.76259999999999994        2.2800000000000001E-002   9.9400000000000002E-002
   99.000000000000000        5.1451893198323072E-002   8.0000000000000004E-004  0.11440000000000000       0.76259999999999994        2.2400000000000000E-002   9.9800000000000000E-002
   100.00000000000000        1.1905735446174241E-002   8.0000000000000004E-004  0.11440000000000000       0.76259999999999994        2.2200000000000001E-002  0.10000000000000001     
   101.00000000000000       -2.9865515523071463E-002   8.0000000000000004E-004  0.11420000000000000       0.76259999999999994        2.2200000000000001E-002  0.10020000000000000     
   102.00000000000000       -7.0910560645960366E-002   8.0000000000000004E-004   0.0000000000000000       0.87680000000000002        2.2200000000000001E-002  0.10020000000000000     
   103.00000000000000       -9.2244194916669964E-002   2.3999999999999998E-003   0.0000000000000000       0.87500000000000000        2.2400000000000000E-002  0.10020000000000000     
   104.00000000000000      -0.10357754827900541        2.3999999999999998E-003  0.16760000000000000       0.70399999999999996        2.5800000000000000E-002  0.10020000000000000     
   105.00000000000000      -0.10020604264128430        2.2000000000000001E-003  0.13580000000000000       0.73580000000000001        2.5600000000000001E-002  0.10059999999999999     
   106.00000000000000       -9.0396588349675372E-002   2.2000000000000001E-003  0.13780000000000001       0.73380000000000001        2.5600000000000001E-002  0.10059999999999999     
   107.00000000000000       -7.8913637193170932E-002   2.0000000000000000E-003  0.13860000000000000       0.73299999999999998        2.5399999999999999E-002  0.10100000000000001     
   108.00000000000000       -6.6803517523257527E-002   2.0000000000000000E-003  0.13919999999999999       0.73219999999999996        2.5600000000000001E-002  0.10100000000000001     
   109.00000000000000       -5.8073326738846624E-002   2.0000000000000000E-003  0.13480000000000000       0.73499999999999999        2.6800000000000001E-002  0.10140000000000000     
   110.00000000000000       -4.0926909984946996E-002   2.0000000000000000E-003  0.13080000000000000       0.73640000000000005        2.8799999999999999E-002  0.10199999999999999     
   111.00000000000000       -2.6283589320246929E-002   2.0000000000000000E-003  0.13080000000000000       0.73240000000000005        3.2000000000000001E-002  0.10280000000000000     
   112.00000000000000       -1.5421267618329515E-002   2.0000000000000000E-003  0.13020000000000001       0.72540000000000004        3.9600000000000003E-002  0.10280000000000000     
   113.00000000000000       -5.1276830697545711E-003   2.2000000000000001E-003  0.12959999999999999       0.71719999999999995        4.8200000000000000E-002  0.10280000000000000     
   114.00000000000000        4.0836055446339253E-003   2.2000000000000001E-003  0.12880000000000000       0.71660000000000001        4.8800000000000003E-002  0.10360000000000000     
   115.00000000000000        1.2154498209136669E-002   2.0000000000000000E-003  0.12880000000000000       0.71240000000000003        5.1200000000000002E-002  0.10560000000000000     
   116.00000000000000        1.8220068039139010E-002   1.8000000000000000E-003  0.12859999999999999       0.70240000000000002        6.1600000000000002E-002  0.10560000000000000     
   117.00000000000000        2.1917248171737444E-002   1.4000000000000000E-003  0.12900000000000000       0.70160000000000000        6.0999999999999999E-002  0.10700000000000000     
   118.00000000000000        2.3677806123141361E-002   2.0000000000000000E-003  0.12759999999999999       0.70099999999999996        6.0999999999999999E-002  0.10840000000000000     
   119.00000000000000        2.8012706360826197E-002   2.0000000000000000E-003  0.12759999999999999       0.70099999999999996        6.0999999999999999E-002  0.10840000000000000     
   120.00000000000000        3.2540428451671870E-002   2.0000000000000000E-003  0.12759999999999999       0.69920000000000004        6.0999999999999999E-002  0.11020000000000001     
   121.00000000000000        3.4666559899604606E-002   2.0000000000000000E-003  0.12759999999999999       0.69920000000000004        6.0999999999999999E-002  0.11020000000000001     
   122.00000000000000        3.7379698045687720E-002   2.0000000000000000E-003   6.9000000000000006E-002  0.75519999999999998        6.1600000000000002E-002  0.11219999999999999     
   123.00000000000000        4.8983021890816186E-002   2.0000000000000000E-003   6.9000000000000006E-002  0.75519999999999998        6.1600000000000002E-002  0.11219999999999999     
   124.00000000000000        7.4451743936120487E-002   2.0000000000000000E-003   6.9000000000000006E-002  0.75519999999999998        6.1600000000000002E-002  0.11219999999999999     
   125.00000000000000        9.5109117174306534E-002   2.0000000000000000E-003   6.9000000000000006E-002  0.75519999999999998        6.1600000000000002E-002  0.11219999999999999     
   126.00000000000000       0.11135830997825666        2.0000000000000000E-003   6.9000000000000006E-002  0.75519999999999998        6.1600000000000002E-002  0.11219999999999999     
   127.00000000000000       0.12235555920326852        2.0000000000000000E-003   6.9000000000000006E-002  0.75519999999999998        5.5800000000000002E-002  0.11799999999999999     
   128.00000000000000       0.12724049340136179        5.9999999999999995E-004   7.0400000000000004E-002  0.75519999999999998        5.5800000000000002E-002  0.11799999999999999     
   129.00000000000000       0.12684883117938420        5.9999999999999995E-004   7.0199999999999999E-002  0.75539999999999996        5.3400000000000003E-002  0.12039999999999999     
   130.00000000000000       0.12118288420452042        5.9999999999999995E-004   6.9199999999999998E-002  0.75639999999999996        5.3600000000000002E-002  0.12020000000000000     
   131.00000000000000       0.10963458645234700        5.9999999999999995E-004   6.9199999999999998E-002  0.75639999999999996        5.0599999999999999E-002  0.12320000000000000     
   132.00000000000000        9.2365166207611413E-002   5.9999999999999995E-004   6.9199999999999998E-002  0.75639999999999996        5.0999999999999997E-002  0.12280000000000001     
   133.00000000000000        7.0464418195269843E-002   7.6000000000000000E-003   6.0800000000000000E-002  0.75780000000000003        5.0999999999999997E-002  0.12280000000000001     
   134.00000000000000        4.4269750347709094E-002   7.6000000000000000E-003   6.0800000000000000E-002  0.75780000000000003        5.0999999999999997E-002  0.12280000000000001     
   135.00000000000000        1.5789706387120517E-002   6.7400000000000002E-002   8.0000000000000004E-004  0.75780000000000003        5.0999999999999997E-002  0.12300000000000000     
   136.00000000000000       -1.5489341821415467E-002   6.7000000000000004E-002   3.7600000000000001E-002  0.72040000000000004        5.0999999999999997E-002  0.12400000000000000     
   137.00000000000000       -2.7704360039698714E-002   6.9400000000000003E-002   3.6600000000000001E-002  0.71899999999999997        5.0999999999999997E-002  0.12400000000000000     
   138.00000000000000       -1.2594981278069885E-002   6.9400000000000003E-002   3.4000000000000002E-002  0.72140000000000004        5.0599999999999999E-002  0.12460000000000000     
   139.00000000000000        4.5958965681417718E-003   6.6199999999999995E-002   3.5200000000000002E-002  0.71840000000000004        5.4399999999999997E-002  0.12580000000000000     
   140.00000000000000        2.6277042341215660E-002   6.6000000000000003E-002   3.4200000000000001E-002  0.71079999999999999        5.7799999999999997E-002  0.13120000000000001     
   141.00000000000000        4.7981235534170941E-002   6.5799999999999997E-002   3.4599999999999999E-002  0.70920000000000005        5.8400000000000001E-002  0.13200000000000001     
   142.00000000000000        6.9708059412623799E-002   6.4600000000000005E-002   3.5200000000000002E-002  0.70920000000000005        5.8799999999999998E-002  0.13220000000000001     
   143.00000000000000        9.2827134980807524E-002   6.4600000000000005E-002   3.4799999999999998E-002  0.70620000000000005        5.9400000000000001E-002  0.13500000000000001     
   144.00000000000000       0.11545135190501575        6.1600000000000002E-002   3.6200000000000003E-002  0.70779999999999998        5.9400000000000001E-002  0.13500000000000001     
   145.00000000000000       0.13760854221733546        6.1400000000000003E-002   3.6400000000000002E-002  0.70779999999999998        5.9400000000000001E-002  0.13500000000000001     
   146.00000000000000       0.15986225252060784        6.0999999999999999E-002   3.5799999999999998E-002  0.70520000000000005        5.9799999999999999E-002  0.13819999999999999     
   147.00000000000000       0.18113647499556645        5.8599999999999999E-002   3.6200000000000003E-002  0.70579999999999998        6.1199999999999997E-002  0.13819999999999999     
   148.00000000000000       0.20354028897089047        5.5199999999999999E-002   3.9600000000000003E-002  0.69979999999999998        6.0999999999999999E-002  0.14440000000000000     
   149.00000000000000       0.22339473978954788        5.3600000000000002E-002   4.1200000000000001E-002  0.69740000000000002        6.1600000000000002E-002  0.14620000000000000     
   150.00000000000000       0.24129437909856713        5.2800000000000000E-002   4.1200000000000001E-002  0.69820000000000004        6.1600000000000002E-002  0.14620000000000000     
   151.00000000000000       0.25768798782492908        5.2800000000000000E-002   4.1200000000000001E-002  0.69820000000000004        6.1600000000000002E-002  0.14620000000000000     
   152.00000000000000       0.27318796509313847        5.2800000000000000E-002   4.0000000000000001E-002  0.69860000000000000        6.1600000000000002E-002  0.14699999999999999     
   153.00000000000000       0.28762235327525426        4.9200000000000001E-002   4.1200000000000001E-002  0.70040000000000002        6.1600000000000002E-002  0.14760000000000001     
   154.00000000000000       0.30071513371713632        4.2599999999999999E-002   4.4800000000000000E-002  0.70260000000000000        6.1600000000000002E-002  0.14840000000000000     
   155.00000000000000       0.31154170765206640        4.2400000000000000E-002   4.4600000000000001E-002  0.70220000000000005        6.1600000000000002E-002  0.14920000000000000     
   156.00000000000000       0.32025431867360316        4.2400000000000000E-002   4.3600000000000000E-002  0.70320000000000005        6.1400000000000003E-002  0.14940000000000001     
   157.00000000000000       0.32717242167379090        3.8800000000000001E-002   4.6600000000000003E-002  0.70379999999999998        6.1400000000000003E-002  0.14940000000000001     
   158.00000000000000       0.33275163365319194        3.8199999999999998E-002   4.6600000000000003E-002  0.70340000000000003        6.2199999999999998E-002  0.14960000000000001     
   159.00000000000000       0.33642427950407505        3.5799999999999998E-002   4.8200000000000000E-002  0.70360000000000000        6.2399999999999997E-002  0.14999999999999999     
   160.00000000000000       0.33790696177490315        3.5799999999999998E-002   4.8200000000000000E-002  0.70320000000000005        6.2799999999999995E-002  0.14999999999999999     
   161.00000000000000       0.33785809350847834        3.5799999999999998E-002   4.8200000000000000E-002  0.70220000000000005        6.3000000000000000E-002  0.15079999999999999     
   162.00000000000000       0.33580631735491823        3.5799999999999998E-002   4.8200000000000000E-002  0.69860000000000000        6.4199999999999993E-002  0.15320000000000000     
   163.00000000000000       0.33132498185396470        3.5799999999999998E-002   4.8200000000000000E-002  0.69660000000000000        6.6199999999999995E-002  0.15320000000000000     
   164.00000000000000       0.32443371275825067        3.5600000000000000E-002   4.7399999999999998E-002  0.69760000000000000        6.6199999999999995E-002  0.15320000000000000     
   165.00000000000000       0.31560011377675062        3.5400000000000001E-002   4.6399999999999997E-002  0.69879999999999998        6.6199999999999995E-002  0.15320000000000000     
   166.00000000000000       0.30579819212545767        3.4000000000000002E-002   4.5199999999999997E-002  0.70120000000000005        6.6199999999999995E-002  0.15340000000000001     
   167.00000000000000       0.29424285908636000        3.2599999999999997E-002   4.4400000000000002E-002  0.70140000000000002        6.7000000000000004E-002  0.15459999999999999     
   168.00000000000000       0.28149208919550706        3.0200000000000001E-002   4.6199999999999998E-002  0.69720000000000004        6.7000000000000004E-002  0.15939999999999999     
   169.00000000000000       0.26781450563327630        2.7199999999999998E-002   4.9200000000000001E-002  0.69299999999999995        6.6199999999999995E-002  0.16439999999999999     
   170.00000000000000       0.25147249659954463        2.6800000000000001E-002   4.9599999999999998E-002  0.69279999999999997        6.0199999999999997E-002  0.17060000000000000     
   171.00000000000000       0.23632901907831888        2.0000000000000000E-002   5.5399999999999998E-002  0.68920000000000003        5.3400000000000003E-002  0.18200000000000000     
   172.00000000000000       0.21842834114076715        1.5400000000000000E-002   5.9200000000000003E-002  0.68920000000000003        5.1999999999999998E-002  0.18420000000000000     
   173.00000000000000       0.20106007428805761        1.3800000000000000E-002   5.0999999999999997E-002  0.69840000000000002        4.2200000000000001E-002  0.19460000000000000     
   174.00000000000000       0.19045614388538659        1.3400000000000000E-002   4.7199999999999999E-002  0.70140000000000002        4.1599999999999998E-002  0.19639999999999999     
   175.00000000000000       0.18698845213810270        1.3599999999999999E-002   4.7600000000000003E-002  0.69999999999999996        4.2400000000000000E-002  0.19639999999999999     
   176.00000000000000       0.18577406828915566        8.6000000000000000E-003   4.8200000000000000E-002  0.70199999999999996        4.5600000000000002E-002  0.19560000000000000     
   177.00000000000000       0.18261480837000921        8.6000000000000000E-003   4.8000000000000001E-002  0.70199999999999996        4.5999999999999999E-002  0.19539999999999999     
   178.00000000000000       0.17849275376175164        8.6000000000000000E-003   4.8000000000000001E-002  0.70099999999999996        2.9399999999999999E-002  0.21299999999999999     
   179.00000000000000       0.17126716298986819        7.4000000000000003E-003   4.6399999999999997E-002  0.70340000000000003        3.5400000000000001E-002  0.20740000000000000     
   180.00000000000000       0.16235844378296121        6.7999999999999996E-003   4.5600000000000002E-002  0.70079999999999998        4.3999999999999997E-002  0.20280000000000001     
   181.00000000000000       0.15275596889369919        6.7999999999999996E-003   4.5600000000000002E-002  0.69479999999999997        4.8000000000000001E-002  0.20480000000000001     
   182.00000000000000       0.14266148523348499        6.7999999999999996E-003   4.1200000000000001E-002  0.69399999999999995        5.0000000000000003E-002  0.20799999999999999     
   183.00000000000000       0.13226943151804788        1.3400000000000000E-002   3.4000000000000002E-002  0.69120000000000004        4.3400000000000001E-002  0.21800000000000000     
   184.00000000000000       0.12158787712694639        1.3200000000000000E-002   3.4000000000000002E-002  0.69079999999999997        4.3999999999999997E-002  0.21800000000000000     
   185.00000000000000       0.11236213812615582        1.3200000000000000E-002   2.5600000000000001E-002  0.69920000000000004        4.1799999999999997E-002  0.22020000000000001     
   186.00000000000000       0.10531615055246503        1.2600000000000000E-002   2.6200000000000001E-002  0.69920000000000004        4.1799999999999997E-002  0.22020000000000001     
   187.00000000000000       0.13763789373982743        1.2600000000000000E-002   2.5999999999999999E-002  0.69920000000000004        4.2000000000000003E-002  0.22020000000000001     
   188.00000000000000       0.16822506849258290        9.4000000000000004E-003   2.9200000000000000E-002  0.69920000000000004        4.2000000000000003E-002  0.22020000000000001     
   189.00000000000000       0.19588633577274822        8.9999999999999993E-003   2.9200000000000000E-002  0.69920000000000004        4.2000000000000003E-002  0.22059999999999999     
   190.00000000000000       0.21873178374516500        9.1999999999999998E-003   2.8799999999999999E-002  0.69920000000000004        4.2000000000000003E-002  0.22080000000000000     
   191.00000000000000       0.23839389207493494        8.0000000000000002E-003   2.9800000000000000E-002  0.69920000000000004        4.2000000000000003E-002  0.22100000000000000     
   192.00000000000000       0.25143686089571676        8.0000000000000002E-003   2.9800000000000000E-002  0.69920000000000004        4.2000000000000003E-002  0.22100000000000000     
   193.00000000000000       0.25896295729808150        8.0000000000000002E-003   2.9600000000000001E-002  0.69920000000000004        4.2200000000000001E-002  0.22100000000000000     
   194.00000000000000       0.26046131660272243        8.0000000000000002E-003   2.9600000000000001E-002  0.69920000000000004        4.1799999999999997E-002  0.22140000000000001     
   195.00000000000000       0.25470242247867514        8.0000000000000002E-003   2.9600000000000001E-002  0.69920000000000004        4.1399999999999999E-002  0.22180000000000000     
   196.00000000000000       0.24306349344526892        7.7999999999999996E-003   2.9399999999999999E-002  0.69920000000000004        4.1799999999999997E-002  0.22180000000000000     
   197.00000000000000       0.22487558179945721        7.7999999999999996E-003   2.9399999999999999E-002  0.69920000000000004        4.1799999999999997E-002  0.22180000000000000     
   198.00000000000000       0.20178551929675165        7.7999999999999996E-003   2.9200000000000000E-002  0.69920000000000004        4.1000000000000002E-002  0.22280000000000000     
   199.00000000000000       0.17340761071546335        7.7999999999999996E-003   2.8799999999999999E-002  0.69920000000000004        4.0800000000000003E-002  0.22339999999999999     
   200.00000000000000       0.14057284864236455        7.7999999999999996E-003   2.6400000000000000E-002  0.70120000000000005        4.1200000000000001E-002  0.22339999999999999     
   201.00000000000000       0.13222620611232228        7.7999999999999996E-003   2.6400000000000000E-002  0.70020000000000004        3.9000000000000000E-002  0.22660000000000000     
   202.00000000000000       0.13425351124797094        8.0000000000000002E-003   2.6200000000000001E-002  0.69879999999999998        3.8199999999999998E-002  0.22880000000000000     
   203.00000000000000       0.13450325114535541        8.0000000000000002E-003   2.5800000000000000E-002  0.69920000000000004        3.8399999999999997E-002  0.22860000000000000     
   204.00000000000000       0.13754174684602880        7.7999999999999996E-003   2.5999999999999999E-002  0.69359999999999999        3.9000000000000000E-002  0.23360000000000000     
   205.00000000000000       0.13829415554693664        7.1999999999999998E-003   2.7000000000000000E-002  0.69140000000000001        4.0599999999999997E-002  0.23380000000000001     
   206.00000000000000       0.14282159974627945        7.1999999999999998E-003   2.7799999999999998E-002  0.68940000000000001        4.1399999999999999E-002  0.23419999999999999     
   207.00000000000000       0.15710312361759310        7.1999999999999998E-003   6.0000000000000001E-003  0.71120000000000005        4.7199999999999999E-002  0.22839999999999999     
   208.00000000000000       0.18845468422481199        7.1999999999999998E-003   4.7999999999999996E-003  0.70979999999999999        4.9599999999999998E-002  0.22860000000000000     
   209.00000000000000       0.23298982856502393        7.0000000000000001E-003   5.0000000000000001E-003  0.68179999999999996        7.0000000000000007E-002  0.23619999999999999     
   210.00000000000000       0.26284146031149008        6.4000000000000003E-003   5.5999999999999999E-003  0.63060000000000005       0.12139999999999999       0.23599999999999999     
   211.00000000000000       0.28999816066333950        4.0000000000000001E-003   7.0000000000000001E-003  0.62860000000000005       0.12080000000000000       0.23960000000000001     
   212.00000000000000       0.32657601496374672        2.2000000000000001E-003   1.8000000000000000E-003  0.63680000000000003       0.12020000000000000       0.23899999999999999     
   213.00000000000000       0.59636122475175490        1.6000000000000001E-003   2.3999999999999998E-003  0.63680000000000003       0.11880000000000000       0.24040000000000000     
   214.00000000000000       0.67974800148366432        0.0000000000000000        4.7999999999999996E-003  0.38059999999999999       0.34580000000000000       0.26879999999999998     
   215.00000000000000       0.40335171265838193        0.0000000000000000        4.5999999999999999E-003  0.37600000000000000       0.34799999999999998       0.27139999999999997     
   216.00000000000000       0.50501167814906722        0.0000000000000000        4.5999999999999999E-003  0.37600000000000000       0.34739999999999999       0.27200000000000002     
