#        BMIN =   404
#        BMAX =   408
#     INIBAND =   406
#      NBANDS =   540
#         NSW =  2000
#       POTIM =   1.0
#        TEMP = 300.0
#    NAMDTINI =   277
#    NAMDTIME =  1000
#       NTRAJ =  5000
#        NELM =  1000
#       LHOLE =     T
#        LSHP =     T
#      LCPTXT =     T
#      RUNDIR = ../../run/
   1.0000000000000000       0.18922367711556670        0.0000000000000000        0.0000000000000000        1.0000000000000000        0.0000000000000000        0.0000000000000000     
   2.0000000000000000       0.18190259536776499        0.0000000000000000        0.0000000000000000       0.99980000000000002        2.0000000000000001E-004   0.0000000000000000     
   3.0000000000000000       0.17393790438962500        0.0000000000000000        0.0000000000000000       0.99919999999999998        8.0000000000000004E-004   0.0000000000000000     
   4.0000000000000000       0.16483861676549150        0.0000000000000000        0.0000000000000000       0.99900000000000000        8.0000000000000004E-004   2.0000000000000001E-004
   5.0000000000000000       0.15399359096544868        0.0000000000000000        0.0000000000000000       0.99900000000000000        8.0000000000000004E-004   2.0000000000000001E-004
   6.0000000000000000       0.14206416910442721        0.0000000000000000        0.0000000000000000       0.99900000000000000        8.0000000000000004E-004   2.0000000000000001E-004
   7.0000000000000000       0.12943763526630864        0.0000000000000000        0.0000000000000000       0.99880000000000002        1.0000000000000000E-003   2.0000000000000001E-004
   8.0000000000000000       0.11620416207053838        0.0000000000000000        0.0000000000000000       0.99760000000000004        2.2000000000000001E-003   2.0000000000000001E-004
   9.0000000000000000       0.10195167283118543        0.0000000000000000        0.0000000000000000       0.99760000000000004        2.2000000000000001E-003   2.0000000000000001E-004
   10.000000000000000        8.6623782190815332E-002   0.0000000000000000        0.0000000000000000       0.99760000000000004        2.2000000000000001E-003   2.0000000000000001E-004
   11.000000000000000        7.0630343632512554E-002   0.0000000000000000        0.0000000000000000       0.99760000000000004        2.2000000000000001E-003   2.0000000000000001E-004
   12.000000000000000        5.3775921310599557E-002   0.0000000000000000        0.0000000000000000       0.99760000000000004        2.3999999999999998E-003   0.0000000000000000     
   13.000000000000000        3.5903780199154599E-002   0.0000000000000000        0.0000000000000000       0.99739999999999995        2.3999999999999998E-003   2.0000000000000001E-004
   14.000000000000000        1.8487430842400954E-002   0.0000000000000000        0.0000000000000000       0.99600000000000000        2.3999999999999998E-003   1.6000000000000001E-003
   15.000000000000000       -4.7363889807518396E-004   0.0000000000000000        0.0000000000000000       0.99600000000000000        2.3999999999999998E-003   1.6000000000000001E-003
   16.000000000000000       -2.0379365734540949E-002   0.0000000000000000        0.0000000000000000       0.99580000000000002        2.5999999999999999E-003   1.6000000000000001E-003
   17.000000000000000       -4.0419923966903269E-002   0.0000000000000000        0.0000000000000000       0.99360000000000004        2.2000000000000001E-003   4.1999999999999997E-003
   18.000000000000000       -6.1083636515226004E-002   0.0000000000000000        0.0000000000000000       0.99339999999999995        2.3999999999999998E-003   4.1999999999999997E-003
   19.000000000000000       -8.1985672103184914E-002   0.0000000000000000        0.0000000000000000       0.99339999999999995        2.3999999999999998E-003   4.1999999999999997E-003
   20.000000000000000      -0.10231628833213999        0.0000000000000000        0.0000000000000000       0.99339999999999995        2.3999999999999998E-003   4.1999999999999997E-003
   21.000000000000000      -0.12100111925294228        0.0000000000000000        1.0000000000000000E-003  0.99180000000000001        2.0000000000000000E-003   5.1999999999999998E-003
   22.000000000000000      -0.12613840481921676        0.0000000000000000        1.0000000000000000E-003  0.99180000000000001        2.0000000000000000E-003   5.1999999999999998E-003
   23.000000000000000      -0.10108094419357377        0.0000000000000000        1.0000000000000000E-003  0.99180000000000001        1.8000000000000000E-003   5.4000000000000003E-003
   24.000000000000000       -7.1139564233655736E-002   0.0000000000000000        1.0000000000000000E-003  0.99180000000000001        1.8000000000000000E-003   5.4000000000000003E-003
   25.000000000000000       -4.2311895765261509E-002   0.0000000000000000        1.0000000000000000E-003  0.99180000000000001        1.8000000000000000E-003   5.4000000000000003E-003
   26.000000000000000       -1.3900367965868902E-002   0.0000000000000000        1.0000000000000000E-003  0.99180000000000001        1.8000000000000000E-003   5.4000000000000003E-003
   27.000000000000000        1.1770820284626263E-002   0.0000000000000000        1.0000000000000000E-003  0.99180000000000001        1.8000000000000000E-003   5.4000000000000003E-003
   28.000000000000000        3.6745893208333033E-002   0.0000000000000000        1.0000000000000000E-003  0.99180000000000001        1.8000000000000000E-003   5.4000000000000003E-003
   29.000000000000000        5.2167739122274855E-002   0.0000000000000000        1.0000000000000000E-003  0.99180000000000001        1.8000000000000000E-003   5.4000000000000003E-003
   30.000000000000000        6.5058264912790084E-002   0.0000000000000000        1.0000000000000000E-003  0.99180000000000001        1.8000000000000000E-003   5.4000000000000003E-003
   31.000000000000000        7.1566570252105527E-002   0.0000000000000000        1.0000000000000000E-003  0.99180000000000001        1.8000000000000000E-003   5.4000000000000003E-003
   32.000000000000000        7.1595332859885730E-002   0.0000000000000000        1.0000000000000000E-003  0.99180000000000001        1.8000000000000000E-003   5.4000000000000003E-003
   33.000000000000000        6.5200917124716068E-002   0.0000000000000000        1.0000000000000000E-003  0.99180000000000001        1.8000000000000000E-003   5.4000000000000003E-003
   34.000000000000000        5.1898050383056490E-002   0.0000000000000000        1.0000000000000000E-003  0.99180000000000001        1.8000000000000000E-003   5.4000000000000003E-003
   35.000000000000000        3.2260720778537012E-002   0.0000000000000000        1.0000000000000000E-003  0.99180000000000001        1.8000000000000000E-003   5.4000000000000003E-003
   36.000000000000000        7.2338860666339841E-003   0.0000000000000000        0.0000000000000000       0.99280000000000002        1.8000000000000000E-003   5.4000000000000003E-003
   37.000000000000000       -1.1893524944653712E-002   0.0000000000000000        0.0000000000000000       0.99160000000000004        2.2000000000000001E-003   6.1999999999999998E-003
   38.000000000000000        3.8207425175545880E-003   0.0000000000000000        0.0000000000000000       0.99160000000000004        2.0000000000000000E-003   6.4000000000000003E-003
   39.000000000000000        1.9318236983123079E-002   0.0000000000000000        0.0000000000000000       0.99160000000000004        2.0000000000000000E-003   6.4000000000000003E-003
   40.000000000000000        3.5013824746277275E-002   0.0000000000000000        0.0000000000000000       0.99119999999999997        2.3999999999999998E-003   6.4000000000000003E-003
   41.000000000000000        5.0116260214279916E-002   0.0000000000000000        0.0000000000000000       0.99119999999999997        2.3999999999999998E-003   6.4000000000000003E-003
   42.000000000000000        6.5218227434125961E-002   0.0000000000000000        0.0000000000000000       0.98999999999999999        2.3999999999999998E-003   7.6000000000000000E-003
   43.000000000000000        7.8468120265758182E-002   0.0000000000000000        0.0000000000000000       0.98999999999999999        2.3999999999999998E-003   7.6000000000000000E-003
   44.000000000000000        9.1775259438664603E-002   0.0000000000000000        0.0000000000000000       0.98740000000000006        2.3999999999999998E-003   1.0200000000000001E-002
   45.000000000000000       0.10241753030146547        0.0000000000000000        0.0000000000000000       0.98699999999999999        2.8000000000000000E-003   1.0200000000000001E-002
   46.000000000000000       0.11136911463568637        0.0000000000000000        0.0000000000000000       0.98699999999999999        2.8000000000000000E-003   1.0200000000000001E-002
   47.000000000000000       0.11908598953037285        0.0000000000000000        0.0000000000000000       0.98480000000000001        3.5999999999999999E-003   1.1599999999999999E-002
   48.000000000000000       0.12572073420748431        0.0000000000000000        0.0000000000000000       0.97960000000000003        3.5999999999999999E-003   1.6799999999999999E-002
   49.000000000000000       0.12969103488505943        0.0000000000000000        0.0000000000000000       0.97480000000000000        3.5999999999999999E-003   2.1600000000000001E-002
   50.000000000000000       0.12999246425749617        0.0000000000000000        0.0000000000000000       0.97240000000000004        6.0000000000000001E-003   2.1600000000000001E-002
   51.000000000000000       0.12713021770629207        0.0000000000000000        0.0000000000000000       0.97040000000000004        8.0000000000000002E-003   2.1600000000000001E-002
   52.000000000000000       0.12186461300300171        0.0000000000000000        0.0000000000000000       0.96779999999999999        8.8000000000000005E-003   2.3400000000000001E-002
   53.000000000000000       0.11254834412602201        0.0000000000000000        0.0000000000000000       0.96719999999999995        8.9999999999999993E-003   2.3800000000000002E-002
   54.000000000000000       0.10041571125809251        0.0000000000000000        0.0000000000000000       0.96519999999999995        1.0999999999999999E-002   2.3800000000000002E-002
   55.000000000000000        8.4860552858869565E-002   0.0000000000000000        0.0000000000000000       0.96299999999999997        1.2400000000000000E-002   2.4600000000000000E-002
   56.000000000000000        6.7574444149680918E-002   0.0000000000000000        0.0000000000000000       0.95999999999999996        1.2400000000000000E-002   2.7600000000000000E-002
   57.000000000000000        4.7476117026525724E-002   0.0000000000000000        0.0000000000000000       0.95999999999999996        1.2400000000000000E-002   2.7600000000000000E-002
   58.000000000000000        2.5264193303578535E-002   0.0000000000000000        0.0000000000000000       0.95999999999999996        1.2400000000000000E-002   2.7600000000000000E-002
   59.000000000000000        2.7017622995456278E-004   0.0000000000000000        8.5199999999999998E-002  0.87480000000000002        1.2400000000000000E-002   2.7600000000000000E-002
   60.000000000000000        1.9249742522193816E-002   0.0000000000000000        8.5199999999999998E-002  0.87480000000000002        1.2400000000000000E-002   2.7600000000000000E-002
   61.000000000000000        5.2655050456220091E-002   5.1999999999999998E-003   7.9799999999999996E-002  0.87480000000000002        1.2600000000000000E-002   2.7600000000000000E-002
   62.000000000000000        8.4700887176428902E-002   6.0000000000000001E-003   7.8799999999999995E-002  0.87500000000000000        1.2600000000000000E-002   2.7600000000000000E-002
   63.000000000000000       0.11394102936112190        6.0000000000000001E-003   7.8799999999999995E-002  0.87500000000000000        1.2400000000000000E-002   2.7799999999999998E-002
   64.000000000000000       0.13752303364265894        6.0000000000000001E-003   7.8600000000000003E-002  0.88060000000000005        7.0000000000000001E-003   2.7799999999999998E-002
   65.000000000000000       0.14129121349730181        6.4000000000000003E-003   7.8200000000000006E-002  0.87860000000000005        7.0000000000000001E-003   2.9800000000000000E-002
   66.000000000000000       0.13544843145000299        7.0000000000000001E-003   7.7600000000000002E-002  0.87700000000000000        7.0000000000000001E-003   3.1399999999999997E-002
   67.000000000000000       0.12616169367380003        7.0000000000000001E-003   7.7600000000000002E-002  0.87719999999999998        7.0000000000000001E-003   3.1199999999999999E-002
   68.000000000000000       0.12239147211431543        7.0000000000000001E-003   7.7600000000000002E-002  0.87719999999999998        7.0000000000000001E-003   3.1199999999999999E-002
   69.000000000000000       0.11421236288021756        1.0999999999999999E-002   7.3599999999999999E-002  0.87719999999999998        7.0000000000000001E-003   3.1199999999999999E-002
   70.000000000000000       0.10615736209842977        1.0999999999999999E-002   7.3200000000000001E-002  0.88339999999999996        0.0000000000000000        3.2399999999999998E-002
   71.000000000000000        8.9098827964812027E-002   1.0999999999999999E-002   7.2999999999999995E-002  0.88339999999999996        0.0000000000000000        3.2599999999999997E-002
   72.000000000000000        5.9232459031698922E-002   1.1200000000000000E-002   7.2800000000000004E-002  0.88339999999999996        0.0000000000000000        3.2599999999999997E-002
   73.000000000000000        2.3044944212376121E-002   1.0999999999999999E-002  0.10860000000000000       0.84719999999999995        0.0000000000000000        3.3200000000000000E-002
   74.000000000000000        1.2858394496207201E-002   1.0600000000000000E-002  0.10860000000000000       0.84740000000000004        2.0000000000000001E-004   3.3200000000000000E-002
   75.000000000000000        1.7653302025628974E-002   2.7199999999999998E-002   9.0399999999999994E-002  0.84680000000000000        2.0000000000000001E-004   3.5400000000000001E-002
   76.000000000000000        2.3758089693649613E-002   2.7199999999999998E-002   9.0399999999999994E-002  0.84619999999999995        2.0000000000000001E-004   3.5999999999999997E-002
   77.000000000000000        3.2942445372887888E-002   2.7199999999999998E-002   8.7599999999999997E-002  0.84899999999999998        2.0000000000000001E-004   3.5999999999999997E-002
   78.000000000000000        4.1966357079772268E-002   2.6200000000000001E-002   8.8200000000000001E-002  0.84580000000000000        3.3999999999999998E-003   3.6400000000000002E-002
   79.000000000000000        5.1532994570009177E-002   2.5999999999999999E-002   8.8200000000000001E-002  0.84219999999999995        7.0000000000000001E-003   3.6600000000000001E-002
   80.000000000000000        5.9183478705339750E-002   2.5999999999999999E-002   8.8200000000000001E-002  0.84319999999999995        6.0000000000000001E-003   3.6600000000000001E-002
   81.000000000000000        6.5889110057089528E-002   2.5999999999999999E-002   8.8200000000000001E-002  0.84279999999999999        6.4000000000000003E-003   3.6600000000000001E-002
   82.000000000000000        7.1590480518271438E-002   2.5999999999999999E-002   8.7599999999999997E-002  0.84299999999999997        6.7999999999999996E-003   3.6600000000000001E-002
   83.000000000000000        7.6189434076737977E-002   2.5999999999999999E-002   8.7400000000000005E-002  0.84279999999999999        6.6000000000000000E-003   3.7199999999999997E-002
   84.000000000000000        7.9422596305184473E-002   2.5600000000000001E-002   8.7400000000000005E-002  0.84340000000000004        6.4000000000000003E-003   3.7199999999999997E-002
   85.000000000000000        8.2234388772746220E-002   2.4799999999999999E-002   8.6999999999999994E-002  0.84319999999999995        6.4000000000000003E-003   3.8600000000000002E-002
   86.000000000000000        8.2760190932156141E-002   2.4799999999999999E-002   8.6599999999999996E-002  0.84319999999999995        6.7999999999999996E-003   3.8600000000000002E-002
   87.000000000000000        8.1839898571506225E-002   2.4600000000000000E-002   8.6800000000000002E-002  0.84319999999999995        6.7999999999999996E-003   3.8600000000000002E-002
   88.000000000000000        8.0225275620744357E-002   2.3800000000000002E-002   8.7599999999999997E-002  0.84060000000000001        6.7999999999999996E-003   4.1200000000000001E-002
   89.000000000000000        7.7237495528932887E-002   2.4000000000000000E-002   8.2199999999999995E-002  0.84560000000000002        7.0000000000000001E-003   4.1200000000000001E-002
   90.000000000000000        7.1427634499462128E-002   2.2800000000000001E-002   8.4800000000000000E-002  0.84419999999999995        7.0000000000000001E-003   4.1200000000000001E-002
   91.000000000000000        6.4732186064788283E-002   2.2800000000000001E-002   8.6199999999999999E-002  0.84279999999999999        7.0000000000000001E-003   4.1200000000000001E-002
   92.000000000000000        5.6665223697571071E-002   2.2200000000000001E-002  0.15700000000000000       0.77059999999999995        7.7999999999999996E-003   4.2400000000000000E-002
   93.000000000000000        5.4197732853231012E-002   2.2400000000000000E-002  0.13439999999999999       0.79159999999999997        8.3999999999999995E-003   4.3200000000000002E-002
   94.000000000000000        5.5278009564648026E-002   2.2200000000000001E-002  0.14580000000000001       0.78039999999999998        8.2000000000000007E-003   4.3400000000000001E-002
   95.000000000000000        5.8404812370782662E-002   2.3000000000000000E-002  0.14540000000000000       0.77939999999999998        7.6000000000000000E-003   4.4600000000000001E-002
   96.000000000000000        6.1531066123555085E-002   0.0000000000000000       0.16500000000000001       0.78280000000000005        1.2999999999999999E-002   3.9199999999999999E-002
   97.000000000000000        6.6366494487880567E-002   0.0000000000000000       0.16500000000000001       0.78280000000000005        1.2999999999999999E-002   3.9199999999999999E-002
   98.000000000000000        7.4827468306211134E-002   0.0000000000000000       0.16500000000000001       0.78280000000000005        1.4000000000000000E-002   3.8199999999999998E-002
   99.000000000000000        8.1422789713789967E-002   0.0000000000000000       0.17940000000000000       0.76580000000000004        1.4400000000000000E-002   4.0399999999999998E-002
   100.00000000000000        9.0062854033712364E-002   0.0000000000000000       0.17879999999999999       0.76580000000000004        1.5200000000000000E-002   4.0200000000000000E-002
   101.00000000000000       0.10361851631948453        0.0000000000000000       0.17879999999999999       0.76580000000000004        1.5200000000000000E-002   4.0200000000000000E-002
   102.00000000000000       0.11119974936087561        0.0000000000000000       0.17879999999999999       0.76580000000000004        1.4600000000000000E-002   4.0800000000000003E-002
   103.00000000000000       0.11247906877748243        0.0000000000000000       0.17840000000000000       0.76580000000000004        1.4600000000000000E-002   4.1200000000000001E-002
   104.00000000000000       0.10756124600458077        0.0000000000000000       0.17840000000000000       0.76580000000000004        1.4600000000000000E-002   4.1200000000000001E-002
   105.00000000000000        9.6971141078276257E-002   0.0000000000000000       0.17840000000000000       0.76580000000000004        1.3200000000000000E-002   4.2599999999999999E-002
   106.00000000000000        8.0973709792313719E-002   0.0000000000000000       0.17780000000000001       0.76580000000000004        1.2200000000000001E-002   4.4200000000000003E-002
   107.00000000000000        6.0455342492524364E-002   0.0000000000000000       0.17720000000000000       0.76580000000000004        1.2200000000000001E-002   4.4800000000000000E-002
   108.00000000000000        3.5300661993522303E-002   1.1599999999999999E-002  0.16480000000000000       0.76580000000000004        1.2400000000000000E-002   4.5400000000000003E-002
   109.00000000000000        1.1714763220713248E-002   1.0400000000000000E-002  0.12720000000000001       0.80459999999999998        1.2000000000000000E-002   4.5800000000000000E-002
   110.00000000000000       -1.4062078612495792E-002   1.1599999999999999E-002  0.12740000000000001       0.80200000000000005        1.3200000000000000E-002   4.5800000000000000E-002
   111.00000000000000       -1.5445389377558849E-002   1.1400000000000000E-002  0.12740000000000001       0.80179999999999996        1.3200000000000000E-002   4.6199999999999998E-002
   112.00000000000000       -1.7378798611756115E-002   1.1400000000000000E-002  0.12740000000000001       0.80140000000000000        1.3200000000000000E-002   4.6600000000000003E-002
   113.00000000000000       -1.8559713348711239E-002   1.1400000000000000E-002  0.12740000000000001       0.79879999999999995        1.3200000000000000E-002   4.9200000000000001E-002
   114.00000000000000       -2.0872807728262870E-002   1.1400000000000000E-002  0.12740000000000001       0.79900000000000004        1.2999999999999999E-002   4.9200000000000001E-002
   115.00000000000000       -2.2937842442931088E-002   1.1400000000000000E-002  0.12740000000000001       0.79879999999999995        1.2999999999999999E-002   4.9399999999999999E-002
   116.00000000000000       -2.4642506552767857E-002   1.1400000000000000E-002  0.12740000000000001       0.79900000000000004        1.2800000000000001E-002   4.9399999999999999E-002
   117.00000000000000       -2.5855848345310465E-002   1.0999999999999999E-002  0.12740000000000001       0.79679999999999995        1.5400000000000000E-002   4.9399999999999999E-002
   118.00000000000000       -2.7201775183750835E-002   1.0999999999999999E-002  0.12740000000000001       0.79479999999999995        1.7399999999999999E-002   4.9399999999999999E-002
   119.00000000000000       -2.7629955561365768E-002   1.0400000000000000E-002  0.12740000000000001       0.79479999999999995        1.6799999999999999E-002   5.0599999999999999E-002
   120.00000000000000       -2.7994613031438565E-002   9.7999999999999997E-003  0.12740000000000001       0.79320000000000002        1.8400000000000000E-002   5.1200000000000002E-002
   121.00000000000000       -2.8005673081993220E-002   9.7999999999999997E-003  0.12740000000000001       0.78359999999999996        2.8000000000000001E-002   5.1200000000000002E-002
   122.00000000000000       -2.7411561103123351E-002   9.4000000000000004E-003  0.12740000000000001       0.76900000000000002        4.2999999999999997E-002   5.1200000000000002E-002
   123.00000000000000       -2.8510269080163877E-002   9.4000000000000004E-003  0.12740000000000001       0.76939999999999997        4.2200000000000001E-002   5.1600000000000000E-002
   124.00000000000000       -2.8792051747497910E-002   9.4000000000000004E-003  0.12740000000000001       0.76959999999999995        4.2000000000000003E-002   5.1600000000000000E-002
   125.00000000000000       -2.7199880052669684E-002   9.4000000000000004E-003   0.0000000000000000       0.89620000000000000        4.2799999999999998E-002   5.1600000000000000E-002
   126.00000000000000       -1.4084072387142280E-002   9.4000000000000004E-003   0.0000000000000000       0.89620000000000000        4.2799999999999998E-002   5.1600000000000000E-002
   127.00000000000000        2.0818233488003112E-002   8.3999999999999995E-003   5.9999999999999995E-004  0.65920000000000001       0.28020000000000000        5.1600000000000000E-002
   128.00000000000000        3.9115124455878794E-002   8.3999999999999995E-003   5.9999999999999995E-004  0.65920000000000001       0.28020000000000000        5.1600000000000000E-002
   129.00000000000000        4.8144990242998356E-002   8.3999999999999995E-003   5.9999999999999995E-004  0.65320000000000000       0.28020000000000000        5.7599999999999998E-002
   130.00000000000000        5.3655248825521515E-002   8.0000000000000002E-003   5.9999999999999995E-004  0.65259999999999996       0.28020000000000000        5.8599999999999999E-002
   131.00000000000000        6.0071529844176831E-002   8.0000000000000002E-003   5.9999999999999995E-004  0.64600000000000002       0.28020000000000000        6.5199999999999994E-002
   132.00000000000000        6.3128860958267308E-002   8.0000000000000002E-003   5.9999999999999995E-004  0.64600000000000002       0.28020000000000000        6.5199999999999994E-002
   133.00000000000000        6.3886969101870222E-002   8.0000000000000002E-003   5.9999999999999995E-004  0.64559999999999995       0.28020000000000000        6.5600000000000006E-002
   134.00000000000000        6.5905565570504837E-002   6.7999999999999996E-003   8.0000000000000004E-004  0.64319999999999999       0.28020000000000000        6.9000000000000006E-002
   135.00000000000000        6.2143091606177051E-002   6.7999999999999996E-003   8.0000000000000004E-004  0.92179999999999995        0.0000000000000000        7.0599999999999996E-002
   136.00000000000000        5.1207451019675505E-002   6.7999999999999996E-003   5.9999999999999995E-004  0.92179999999999995        2.0000000000000001E-004   7.0599999999999996E-002
   137.00000000000000        2.4763586688388611E-002   6.7999999999999996E-003   5.9999999999999995E-004  0.92179999999999995        2.0000000000000001E-004   7.0599999999999996E-002
   138.00000000000000       -5.9508566221592694E-003   6.7999999999999996E-003   5.9999999999999995E-004  0.92179999999999995        2.0000000000000001E-004   7.0599999999999996E-002
   139.00000000000000       -3.9457356503302052E-002   8.0000000000000002E-003   4.0000000000000002E-004  0.91739999999999999        3.0000000000000001E-003   7.1199999999999999E-002
   140.00000000000000       -5.0946608903681148E-002   2.5000000000000001E-002   1.0000000000000000E-003  0.89720000000000000        3.0000000000000001E-003   7.3800000000000004E-002
   141.00000000000000       -4.1958501397843004E-002   2.5000000000000001E-002   1.0000000000000000E-003  0.89580000000000004        4.4000000000000003E-003   7.3800000000000004E-002
   142.00000000000000       -2.7566336702587631E-002   2.5000000000000001E-002   1.0000000000000000E-003  0.89500000000000002        5.5999999999999999E-003   7.3400000000000007E-002
   143.00000000000000       -7.6245836388918325E-003   2.3599999999999999E-002   1.0000000000000000E-003  0.88939999999999997        1.2999999999999999E-002   7.2999999999999995E-002
   144.00000000000000        1.2263117829942952E-002   2.3000000000000000E-002   1.0000000000000000E-003  0.88660000000000005        1.6799999999999999E-002   7.2599999999999998E-002
   145.00000000000000        3.1771486879830030E-002   2.3000000000000000E-002   1.0000000000000000E-003  0.88639999999999997        1.7600000000000001E-002   7.1999999999999995E-002
   146.00000000000000        4.9767081387975587E-002   2.3000000000000000E-002   8.0000000000000004E-004  0.88519999999999999        1.8599999999999998E-002   7.2400000000000006E-002
   147.00000000000000        7.0102282448122222E-002   2.3000000000000000E-002   8.0000000000000004E-004  0.87500000000000000        2.2800000000000001E-002   7.8399999999999997E-002
   148.00000000000000        8.6697324590716468E-002   2.1000000000000001E-002   8.0000000000000004E-004  0.87660000000000005        2.2800000000000001E-002   7.8799999999999995E-002
   149.00000000000000       0.10217055087633384        1.4999999999999999E-002   5.0000000000000001E-003  0.87739999999999996        2.3000000000000000E-002   7.9600000000000004E-002
   150.00000000000000       0.11632014774075441        1.2800000000000001E-002   5.0000000000000001E-003  0.87939999999999996        2.3199999999999998E-002   7.9600000000000004E-002
   151.00000000000000       0.12865929466938147        1.2800000000000001E-002   4.5999999999999999E-003  0.87880000000000003        2.4000000000000000E-002   7.9799999999999996E-002
   152.00000000000000       0.14016472386731646        1.2600000000000000E-002   3.8000000000000000E-003  0.87960000000000005        2.4199999999999999E-002   7.9799999999999996E-002
   153.00000000000000       0.15072794651481936        1.1800000000000000E-002   3.3999999999999998E-003  0.88060000000000005        2.4400000000000002E-002   7.9799999999999996E-002
   154.00000000000000       0.15995033099047770        1.1800000000000000E-002   3.2000000000000002E-003  0.88080000000000003        2.4400000000000002E-002   7.9799999999999996E-002
   155.00000000000000       0.16860506900911551        1.1800000000000000E-002   2.8000000000000000E-003  0.87700000000000000        2.8600000000000000E-002   7.9799999999999996E-002
   156.00000000000000       0.17587374397032834        1.1800000000000000E-002   2.8000000000000000E-003  0.87680000000000002        2.8600000000000000E-002   8.0000000000000002E-002
   157.00000000000000       0.18285228882059154        1.1800000000000000E-002   2.2000000000000001E-003  0.87119999999999997        3.4400000000000000E-002   8.0399999999999999E-002
   158.00000000000000       0.18867760367827305        1.1800000000000000E-002   2.2000000000000001E-003  0.86439999999999995        4.0800000000000003E-002   8.0799999999999997E-002
   159.00000000000000       0.19152725151392658        1.0800000000000001E-002   3.0000000000000001E-003  0.85999999999999999        4.5400000000000003E-002   8.0799999999999997E-002
   160.00000000000000       0.19164280710182824        1.0600000000000000E-002   3.0000000000000001E-003  0.86019999999999996        4.5400000000000003E-002   8.0799999999999997E-002
   161.00000000000000       0.18930290598551053        1.0600000000000000E-002   3.0000000000000001E-003  0.86019999999999996        4.4999999999999998E-002   8.1199999999999994E-002
   162.00000000000000       0.18643952712727710        1.0600000000000000E-002   3.0000000000000001E-003  0.85999999999999999        4.4999999999999998E-002   8.1400000000000000E-002
   163.00000000000000       0.18097205476357406        1.0400000000000000E-002   3.0000000000000001E-003  0.85880000000000001        4.6199999999999998E-002   8.1600000000000006E-002
   164.00000000000000       0.17415415907472293        1.0400000000000000E-002   8.9399999999999993E-002  0.77239999999999998        4.6199999999999998E-002   8.1600000000000006E-002
   165.00000000000000       0.17137608715287569        1.0400000000000000E-002   8.9599999999999999E-002  0.77220000000000000        4.6199999999999998E-002   8.1600000000000006E-002
   166.00000000000000       0.16856333356150849        1.0400000000000000E-002   8.9200000000000002E-002  0.77220000000000000        4.6600000000000003E-002   8.1600000000000006E-002
   167.00000000000000       0.15959962674172620        1.0400000000000000E-002   8.8800000000000004E-002  0.77259999999999995        4.6600000000000003E-002   8.1600000000000006E-002
   168.00000000000000       0.14533201594855888        1.0200000000000001E-002  0.16020000000000001       0.69140000000000001        5.3400000000000003E-002   8.4800000000000000E-002
   169.00000000000000       0.13230756801271470        1.0200000000000001E-002  0.16020000000000001       0.68040000000000000        6.4399999999999999E-002   8.4800000000000000E-002
   170.00000000000000       0.12051411847278365        1.0200000000000001E-002  0.16020000000000001       0.63880000000000003       0.10600000000000000        8.4800000000000000E-002
   171.00000000000000       0.10326429901788887        1.0200000000000001E-002  0.16020000000000001       0.63980000000000004       0.10500000000000000        8.4800000000000000E-002
   172.00000000000000        8.6351780810671852E-002   1.0200000000000001E-002  0.16020000000000001       0.62119999999999997       0.12060000000000000        8.7800000000000003E-002
   173.00000000000000        6.5618665242402230E-002   1.0200000000000001E-002  0.16020000000000001       0.62219999999999998       0.11880000000000000        8.8599999999999998E-002
   174.00000000000000        4.5259588711993794E-002   1.0000000000000000E-002  0.15859999999999999       0.60799999999999998       0.13159999999999999        9.1800000000000007E-002
   175.00000000000000        2.7584829811901908E-002   1.0000000000000000E-002  0.15720000000000001       0.60660000000000003       0.13420000000000001        9.1999999999999998E-002
   176.00000000000000        1.4579458177640134E-002   1.0000000000000000E-002  0.15700000000000000       0.60580000000000001       0.13380000000000000        9.3399999999999997E-002
   177.00000000000000        1.5826667912558941E-003   9.1999999999999998E-003  0.15780000000000000       0.60560000000000003       0.13380000000000000        9.3600000000000003E-002
   178.00000000000000       -1.0159609514878709E-002   8.8000000000000005E-003  0.14960000000000001       0.61419999999999997       0.13380000000000000        9.3600000000000003E-002
   179.00000000000000       -2.0123676787038254E-002   8.8000000000000005E-003  0.14160000000000000       0.61880000000000002       0.13719999999999999        9.3600000000000003E-002
   180.00000000000000       -2.7470878672090283E-002   8.8000000000000005E-003  0.14240000000000000       0.61739999999999995       0.13739999999999999        9.4000000000000000E-002
   181.00000000000000       -2.8405872302073185E-002   8.8000000000000005E-003  0.13719999999999999       0.62160000000000004       0.13840000000000000        9.4000000000000000E-002
   182.00000000000000       -2.5531728333521912E-002   8.6000000000000000E-003  0.13120000000000001       0.62600000000000000       0.13739999999999999        9.6799999999999997E-002
   183.00000000000000       -2.1771843517736207E-002   7.7999999999999996E-003  0.13059999999999999       0.62619999999999998       0.13919999999999999        9.6199999999999994E-002
   184.00000000000000       -1.4623393942852073E-002   7.0000000000000001E-003  0.13080000000000000       0.62039999999999995       0.13960000000000000       0.10220000000000000     
   185.00000000000000       -8.5665252065837555E-003   5.7999999999999996E-003  0.13159999999999999       0.62000000000000000       0.13739999999999999       0.10520000000000000     
   186.00000000000000       -1.1638237899572537E-003   9.7999999999999997E-003  0.12700000000000000       0.61799999999999999       0.13780000000000001       0.10740000000000000     
   187.00000000000000        6.8598572045893980E-003   9.1999999999999998E-003  0.12620000000000001       0.61799999999999999       0.14080000000000001       0.10580000000000001     
   188.00000000000000        1.7659743385256270E-002   5.4000000000000003E-003  0.12659999999999999       0.62039999999999995       0.14019999999999999       0.10740000000000000     
   189.00000000000000        2.9672584921225681E-002   4.4000000000000003E-003  0.12400000000000000       0.62380000000000002       0.13900000000000001       0.10879999999999999     
   190.00000000000000        4.3421167524496686E-002   4.4000000000000003E-003  0.12379999999999999       0.62239999999999995       0.13980000000000001       0.10960000000000000     
   191.00000000000000        5.8679142654074895E-002   4.4000000000000003E-003  0.11880000000000000       0.62180000000000002       0.14399999999999999       0.11100000000000000     
   192.00000000000000        7.2847123858279836E-002   4.4000000000000003E-003  0.11899999999999999       0.62160000000000004       0.14419999999999999       0.11080000000000000     
   193.00000000000000        9.1523083407897776E-002   4.1999999999999997E-003  0.11380000000000000       0.62319999999999998       0.14799999999999999       0.11080000000000000     
   194.00000000000000       0.11500906257466739        4.1999999999999997E-003   7.9399999999999998E-002  0.65139999999999998       0.15300000000000000       0.11200000000000000     
   195.00000000000000       0.13634156257863375        4.1999999999999997E-003   7.9000000000000001E-002  0.64859999999999995       0.15300000000000000       0.11520000000000000     
   196.00000000000000       0.15748894108209974        4.1999999999999997E-003   7.5399999999999995E-002  0.64539999999999997       0.15659999999999999       0.11840000000000001     
   197.00000000000000       0.17689363314683304        3.3999999999999998E-003   7.5999999999999998E-002  0.63300000000000001       0.16719999999999999       0.12039999999999999     
   198.00000000000000       0.19241870485559406        3.3999999999999998E-003   7.5999999999999998E-002  0.63300000000000001       0.16719999999999999       0.12039999999999999     
   199.00000000000000       0.20491137156536121        3.3999999999999998E-003   7.5999999999999998E-002  0.63319999999999999       0.16700000000000001       0.12039999999999999     
   200.00000000000000       0.21335652519101095        3.3999999999999998E-003   7.5999999999999998E-002  0.63100000000000001       0.16860000000000000       0.12100000000000000     
   201.00000000000000       0.21747447484893179        3.3999999999999998E-003   7.5999999999999998E-002  0.63100000000000001       0.17019999999999999       0.11940000000000001     
   202.00000000000000       0.22119359942511463        3.3999999999999998E-003   7.5999999999999998E-002  0.62419999999999998       0.16860000000000000       0.12780000000000000     
   203.00000000000000       0.21903745470563080        3.3999999999999998E-003   7.5999999999999998E-002  0.61699999999999999       0.17319999999999999       0.13039999999999999     
   204.00000000000000       0.21508632668367819        3.3999999999999998E-003   7.5999999999999998E-002  0.60360000000000003       0.17340000000000000       0.14360000000000001     
   205.00000000000000       0.20460430320914363        3.2000000000000002E-003   7.5999999999999998E-002  0.60360000000000003       0.17340000000000000       0.14380000000000001     
   206.00000000000000       0.19200501768291467        3.2000000000000002E-003   7.5999999999999998E-002  0.60299999999999998       0.15800000000000000       0.15980000000000000     
   207.00000000000000       0.17558840516693885        3.2000000000000002E-003   7.5999999999999998E-002  0.60260000000000002       0.15820000000000001       0.16000000000000000     
   208.00000000000000       0.15726977351232960        3.2000000000000002E-003   7.5999999999999998E-002  0.60260000000000002       0.15859999999999999       0.15959999999999999     
   209.00000000000000       0.13925671381339727        3.2000000000000002E-003   7.5999999999999998E-002  0.59699999999999998       0.15679999999999999       0.16700000000000001     
   210.00000000000000       0.11841605622121308        3.2000000000000002E-003   7.5999999999999998E-002  0.59079999999999999       0.16100000000000000       0.16900000000000001     
   211.00000000000000        9.9162764862268507E-002   7.9200000000000007E-002   0.0000000000000000       0.58899999999999997       0.16280000000000000       0.16900000000000001     
   212.00000000000000        8.1170029785554598E-002   7.9200000000000007E-002   2.0000000000000001E-004  0.58540000000000003       0.16639999999999999       0.16880000000000001     
   213.00000000000000        6.3051284484981596E-002   7.9200000000000007E-002   0.0000000000000000       0.58540000000000003       0.16600000000000001       0.16940000000000000     
   214.00000000000000        4.6935747889109793E-002   7.9200000000000007E-002   0.0000000000000000       0.58540000000000003       0.16600000000000001       0.16940000000000000     
   215.00000000000000        3.4882770439564503E-002   7.9200000000000007E-002   0.0000000000000000       0.58540000000000003       0.16580000000000000       0.16960000000000000     
   216.00000000000000        2.6299303009204925E-002   7.9200000000000007E-002   0.0000000000000000       0.58479999999999999       0.16580000000000000       0.17019999999999999     
