#        BMIN =   404
#        BMAX =   408
#     INIBAND =   406
#      NBANDS =   540
#         NSW =  2000
#       POTIM =   1.0
#        TEMP = 300.0
#    NAMDTINI =   794
#    NAMDTIME =  1000
#       NTRAJ =  5000
#        NELM =  1000
#       LHOLE =     T
#        LSHP =     T
#      LCPTXT =     T
#      RUNDIR = ../../run/
   1.0000000000000000      -0.10083588377848311        0.0000000000000000        0.0000000000000000        1.0000000000000000        0.0000000000000000        0.0000000000000000     
   2.0000000000000000       -9.6410724435194245E-002   0.0000000000000000        0.0000000000000000        1.0000000000000000        0.0000000000000000        0.0000000000000000     
   3.0000000000000000       -9.1201288750051623E-002   0.0000000000000000        0.0000000000000000        1.0000000000000000        0.0000000000000000        0.0000000000000000     
   4.0000000000000000       -8.5811315167046903E-002   0.0000000000000000        0.0000000000000000        1.0000000000000000        0.0000000000000000        0.0000000000000000     
   5.0000000000000000       -8.0164197867243381E-002   0.0000000000000000        0.0000000000000000        1.0000000000000000        0.0000000000000000        0.0000000000000000     
   6.0000000000000000       -7.4356443696030741E-002   0.0000000000000000        0.0000000000000000        1.0000000000000000        0.0000000000000000        0.0000000000000000     
   7.0000000000000000       -6.8178947619194533E-002   0.0000000000000000        0.0000000000000000       0.99960000000000004        4.0000000000000002E-004   0.0000000000000000     
   8.0000000000000000       -6.2266324353999973E-002   0.0000000000000000        0.0000000000000000       0.99880000000000002        8.0000000000000004E-004   4.0000000000000002E-004
   9.0000000000000000       -5.7191282253551023E-002   0.0000000000000000        0.0000000000000000       0.99800000000000000        1.6000000000000001E-003   4.0000000000000002E-004
   10.000000000000000       -5.2397329602844545E-002   0.0000000000000000        0.0000000000000000       0.99780000000000002        1.8000000000000000E-003   4.0000000000000002E-004
   11.000000000000000       -4.7623947779105939E-002   0.0000000000000000        0.0000000000000000       0.99780000000000002        1.8000000000000000E-003   4.0000000000000002E-004
   12.000000000000000       -4.2266505513887158E-002   0.0000000000000000        0.0000000000000000       0.99780000000000002        1.8000000000000000E-003   4.0000000000000002E-004
   13.000000000000000       -3.5893132184641220E-002   0.0000000000000000        5.9999999999999995E-004  0.99719999999999998        1.8000000000000000E-003   4.0000000000000002E-004
   14.000000000000000       -2.3825594316390940E-002   0.0000000000000000        5.9999999999999995E-004  0.99719999999999998        1.8000000000000000E-003   4.0000000000000002E-004
   15.000000000000000       -3.7314522124861035E-003   0.0000000000000000        5.9999999999999995E-004  0.99719999999999998        1.8000000000000000E-003   4.0000000000000002E-004
   16.000000000000000        1.1547361569337210E-002   0.0000000000000000        5.9999999999999995E-004  0.99719999999999998        1.8000000000000000E-003   4.0000000000000002E-004
   17.000000000000000        2.2031510917682764E-002   0.0000000000000000        4.0000000000000002E-004  0.99739999999999995        1.8000000000000000E-003   4.0000000000000002E-004
   18.000000000000000        2.6416803729093063E-002   0.0000000000000000       0.10960000000000000       0.88819999999999999        1.8000000000000000E-003   4.0000000000000002E-004
   19.000000000000000        3.3983943829094337E-002   0.0000000000000000       0.10960000000000000       0.88819999999999999        1.8000000000000000E-003   4.0000000000000002E-004
   20.000000000000000        4.6304506076941747E-002   0.0000000000000000       0.10960000000000000       0.88819999999999999        1.8000000000000000E-003   4.0000000000000002E-004
   21.000000000000000        5.7595539578398060E-002   0.0000000000000000       0.10960000000000000       0.88759999999999994        2.2000000000000001E-003   5.9999999999999995E-004
   22.000000000000000        6.7100076191522029E-002   0.0000000000000000       0.10960000000000000       0.88759999999999994        2.2000000000000001E-003   5.9999999999999995E-004
   23.000000000000000        7.4641439272199211E-002   0.0000000000000000       0.10960000000000000       0.88759999999999994        2.2000000000000001E-003   5.9999999999999995E-004
   24.000000000000000        8.0081725965589143E-002   4.0000000000000002E-004  0.10639999999999999       0.88939999999999997        2.8000000000000000E-003   1.0000000000000000E-003
   25.000000000000000        8.3441820169183237E-002   4.0000000000000002E-004  0.10600000000000000       0.88819999999999999        4.4000000000000003E-003   1.0000000000000000E-003
   26.000000000000000        8.5207708338352756E-002   4.0000000000000002E-004  0.10500000000000000       0.88800000000000001        3.5999999999999999E-003   3.0000000000000001E-003
   27.000000000000000        8.2788170652170909E-002   4.0000000000000002E-004  0.10500000000000000       0.88759999999999994        3.5999999999999999E-003   3.3999999999999998E-003
   28.000000000000000        7.7293803280902226E-002   4.0000000000000002E-004  0.10460000000000000       0.88719999999999999        3.8000000000000000E-003   4.0000000000000001E-003
   29.000000000000000        6.8262702899336336E-002   4.0000000000000002E-004  0.10299999999999999       0.88839999999999997        3.3999999999999998E-003   4.7999999999999996E-003
   30.000000000000000        5.6183661978702060E-002   4.0000000000000002E-004  0.10280000000000000       0.88819999999999999        1.0000000000000000E-003   7.6000000000000000E-003
   31.000000000000000        4.1038723403437942E-002   4.0000000000000002E-004  0.10280000000000000       0.88660000000000005        2.5999999999999999E-003   7.6000000000000000E-003
   32.000000000000000        2.4152801402686580E-002   4.0000000000000002E-004   9.8400000000000001E-002  0.89019999999999999        3.0000000000000001E-003   8.0000000000000002E-003
   33.000000000000000        4.2811395989296652E-003   4.0000000000000002E-004   9.8400000000000001E-002  0.88939999999999997        3.0000000000000001E-003   8.8000000000000005E-003
   34.000000000000000       -1.6775661890695487E-002   4.0000000000000002E-004   9.6799999999999997E-002  0.89100000000000001        3.0000000000000001E-003   8.8000000000000005E-003
   35.000000000000000       -3.9624362906873621E-002   4.0000000000000002E-004   9.6799999999999997E-002  0.89080000000000004        3.0000000000000001E-003   8.9999999999999993E-003
   36.000000000000000       -6.1328576407892244E-002   4.0000000000000002E-004   9.7000000000000003E-002  0.89059999999999995        3.0000000000000001E-003   8.9999999999999993E-003
   37.000000000000000       -8.3021216949887414E-002   4.0000000000000002E-004   9.7000000000000003E-002  0.89059999999999995        3.0000000000000001E-003   8.9999999999999993E-003
   38.000000000000000      -0.10412654203969100        1.7800000000000000E-002   7.9799999999999996E-002  0.89000000000000001        3.2000000000000002E-003   9.1999999999999998E-003
   39.000000000000000      -0.12163539063758858        1.7600000000000001E-002   7.9799999999999996E-002  0.88939999999999997        4.0000000000000001E-003   9.1999999999999998E-003
   40.000000000000000      -0.13547887100369857        1.7800000000000000E-002   7.9799999999999996E-002  0.88919999999999999        4.0000000000000001E-003   9.1999999999999998E-003
   41.000000000000000      -0.14660775827406103        1.7800000000000000E-002   7.7799999999999994E-002  0.89119999999999999        4.0000000000000001E-003   9.1999999999999998E-003
   42.000000000000000      -0.14126597554313319        1.7800000000000000E-002   7.7799999999999994E-002  0.89119999999999999        4.0000000000000001E-003   9.1999999999999998E-003
   43.000000000000000      -0.11450945752766049        1.7800000000000000E-002   7.7799999999999994E-002  0.89119999999999999        4.0000000000000001E-003   9.1999999999999998E-003
   44.000000000000000       -8.4777663116183635E-002   1.7800000000000000E-002   7.7799999999999994E-002  0.89119999999999999        4.0000000000000001E-003   9.1999999999999998E-003
   45.000000000000000       -5.9762247738266584E-002   1.7800000000000000E-002   7.7799999999999994E-002  0.89119999999999999        4.0000000000000001E-003   9.1999999999999998E-003
   46.000000000000000       -3.9781458639291833E-002   3.4799999999999998E-002   6.0600000000000001E-002  0.89119999999999999        4.1999999999999997E-003   9.1999999999999998E-003
   47.000000000000000       -1.0854200953481136E-002   3.9000000000000000E-002   5.6399999999999999E-002  0.89119999999999999        4.1999999999999997E-003   9.1999999999999998E-003
   48.000000000000000        9.9793487586816235E-003   3.6200000000000003E-002   5.8400000000000001E-002  0.89239999999999997        3.2000000000000002E-003   9.7999999999999997E-003
   49.000000000000000        3.5900788435663232E-003   4.2200000000000001E-002   4.9399999999999999E-002  0.89380000000000004        3.2000000000000002E-003   1.1400000000000000E-002
   50.000000000000000       -5.1559331202471383E-003   0.0000000000000000        8.9999999999999997E-002  0.89339999999999997        3.2000000000000002E-003   1.3400000000000000E-002
   51.000000000000000       -1.2917391692042358E-002   0.0000000000000000        8.9200000000000002E-002  0.89339999999999997        3.2000000000000002E-003   1.4200000000000001E-002
   52.000000000000000       -1.6819915569633869E-002   0.0000000000000000        8.0199999999999994E-002  0.90080000000000005        3.2000000000000002E-003   1.5800000000000002E-002
   53.000000000000000       -1.7317427520848017E-002   0.0000000000000000        5.8400000000000001E-002  0.92200000000000004        3.2000000000000002E-003   1.6400000000000001E-002
   54.000000000000000       -1.9369468079729116E-002   0.0000000000000000        5.7599999999999998E-002  0.92279999999999995        3.2000000000000002E-003   1.6400000000000001E-002
   55.000000000000000       -1.7163403272306667E-002   0.0000000000000000        4.9399999999999999E-002  0.92959999999999998        3.2000000000000002E-003   1.7800000000000000E-002
   56.000000000000000       -1.4226944682813134E-002   0.0000000000000000        4.9399999999999999E-002  0.91920000000000002        1.3599999999999999E-002   1.7800000000000000E-002
   57.000000000000000       -4.0989095765305260E-002   0.0000000000000000        4.9200000000000001E-002  0.91920000000000002        1.3200000000000000E-002   1.8400000000000000E-002
   58.000000000000000       -7.4331690193715966E-002   0.0000000000000000        4.9000000000000002E-002  0.91920000000000002        1.3200000000000000E-002   1.8599999999999998E-002
   59.000000000000000      -0.11031567304222205        0.0000000000000000        4.8599999999999997E-002  0.91920000000000002        1.2800000000000001E-002   1.9400000000000001E-002
   60.000000000000000      -0.14819663680683365        0.0000000000000000        4.8599999999999997E-002  0.91920000000000002        1.2400000000000000E-002   1.9800000000000002E-002
   61.000000000000000      -0.18578581712921474        0.0000000000000000        4.8599999999999997E-002  0.91920000000000002        1.4000000000000000E-002   1.8200000000000001E-002
   62.000000000000000      -0.22603718452999924        0.0000000000000000       0.96740000000000004        0.0000000000000000        1.2000000000000000E-002   2.0600000000000000E-002
   63.000000000000000      -0.25775052119650704        1.8400000000000000E-002  0.91739999999999999        3.1000000000000000E-002   1.1200000000000000E-002   2.1999999999999999E-002
   64.000000000000000      -0.25789861488035187        1.8400000000000000E-002  0.85499999999999998        9.3399999999999997E-002   1.1200000000000000E-002   2.1999999999999999E-002
   65.000000000000000      -0.23917530816809743        1.9199999999999998E-002  0.85499999999999998        9.1200000000000003E-002   1.1599999999999999E-002   2.3000000000000000E-002
   66.000000000000000      -0.22044410239862525        1.4400000000000000E-002  0.93940000000000001        1.1599999999999999E-002   1.1599999999999999E-002   2.3000000000000000E-002
   67.000000000000000      -0.20718153642569753        1.1200000000000000E-002  0.94399999999999995        1.0200000000000001E-002   1.1599999999999999E-002   2.3000000000000000E-002
   68.000000000000000      -0.19413158295012839        1.1400000000000000E-002  0.94399999999999995        1.0000000000000000E-002   1.1599999999999999E-002   2.3000000000000000E-002
   69.000000000000000      -0.17975162166513628        1.1200000000000000E-002  0.94320000000000004        1.0999999999999999E-002   1.1599999999999999E-002   2.3000000000000000E-002
   70.000000000000000      -0.16385825185406608        1.1200000000000000E-002  0.94340000000000002        1.0800000000000001E-002   1.1599999999999999E-002   2.3000000000000000E-002
   71.000000000000000      -0.14653658033098246        1.1200000000000000E-002  0.93600000000000005        1.7999999999999999E-002   1.1200000000000000E-002   2.3599999999999999E-002
   72.000000000000000      -0.12783079985291138        1.1200000000000000E-002  0.92659999999999998        2.5800000000000000E-002   1.1599999999999999E-002   2.4799999999999999E-002
   73.000000000000000      -0.10959944873478122        1.1200000000000000E-002  0.92479999999999996        2.6800000000000001E-002   1.1599999999999999E-002   2.5600000000000001E-002
   74.000000000000000       -9.1364971557864452E-002   1.1200000000000000E-002  0.92179999999999995        2.9399999999999999E-002   1.2000000000000000E-002   2.5600000000000001E-002
   75.000000000000000       -7.3690343345794787E-002   1.1200000000000000E-002  0.92179999999999995        2.9399999999999999E-002   1.2000000000000000E-002   2.5600000000000001E-002
   76.000000000000000       -5.6066758924471063E-002   1.1200000000000000E-002  0.91479999999999995        3.6400000000000002E-002   1.2000000000000000E-002   2.5600000000000001E-002
   77.000000000000000       -3.9858653115833614E-002   0.0000000000000000       0.92479999999999996        3.6400000000000002E-002   1.2000000000000000E-002   2.6800000000000001E-002
   78.000000000000000        3.1195961482401360E-003   0.0000000000000000       0.92479999999999996        3.6400000000000002E-002   1.2000000000000000E-002   2.6800000000000001E-002
   79.000000000000000        5.7890597976934119E-002   0.0000000000000000       0.73899999999999999       0.22140000000000001        1.2400000000000000E-002   2.7199999999999998E-002
   80.000000000000000        9.6046470325909850E-002   0.0000000000000000       0.73560000000000003       0.22300000000000000        1.4200000000000001E-002   2.7199999999999998E-002
   81.000000000000000       0.11418227812912528        0.0000000000000000       0.73540000000000005       0.22300000000000000        1.4400000000000000E-002   2.7199999999999998E-002
   82.000000000000000       0.12976414227326094        0.0000000000000000       0.73060000000000003       0.22300000000000000        1.9199999999999998E-002   2.7199999999999998E-002
   83.000000000000000       0.14434994333711548        0.0000000000000000       0.72860000000000003       0.22300000000000000        1.9199999999999998E-002   2.9200000000000000E-002
   84.000000000000000       0.15484232388766650        0.0000000000000000       0.72860000000000003       0.22300000000000000        1.9199999999999998E-002   2.9200000000000000E-002
   85.000000000000000       0.16325881654207144        0.0000000000000000       0.72840000000000005       0.22300000000000000        1.9199999999999998E-002   2.9399999999999999E-002
   86.000000000000000       0.17150348489650749        0.0000000000000000       0.72680000000000000       0.22300000000000000        1.9599999999999999E-002   3.0599999999999999E-002
   87.000000000000000       0.17658906631534305        5.9999999999999995E-004  0.72619999999999996       0.22300000000000000        1.9000000000000000E-002   3.1199999999999999E-002
   88.000000000000000       0.18140588105222030        1.8000000000000000E-003  0.72419999999999995       0.22300000000000000        1.9000000000000000E-002   3.2000000000000001E-002
   89.000000000000000       0.18469297804014267        1.8000000000000000E-003  0.74500000000000000       0.20219999999999999        1.9000000000000000E-002   3.2000000000000001E-002
   90.000000000000000       0.17965847341054314        1.6000000000000001E-003  0.74500000000000000       0.20140000000000000        1.9000000000000000E-002   3.3000000000000002E-002
   91.000000000000000       0.15533035467906037        2.3999999999999998E-003  0.73880000000000001       0.20580000000000001        1.8400000000000000E-002   3.4599999999999999E-002
   92.000000000000000       0.14718176086755680        2.3999999999999998E-003  0.73880000000000001       0.20499999999999999        1.9199999999999998E-002   3.4599999999999999E-002
   93.000000000000000       0.15683668339414428        2.3999999999999998E-003  0.73880000000000001       0.20499999999999999        1.9199999999999998E-002   3.4599999999999999E-002
   94.000000000000000       0.16846418544316152        2.2000000000000001E-003  0.73560000000000003       0.20799999999999999        1.9199999999999998E-002   3.5000000000000003E-002
   95.000000000000000       0.18140469038172516        1.6000000000000001E-003  0.73640000000000005       0.20780000000000001        1.9199999999999998E-002   3.5000000000000003E-002
   96.000000000000000       0.19482412801137106        5.9999999999999995E-004  0.73680000000000001       0.20660000000000001        2.0600000000000000E-002   3.5400000000000001E-002
   97.000000000000000       0.21003716531095534        5.9999999999999995E-004  0.73619999999999997       0.20640000000000000        2.1000000000000001E-002   3.5799999999999998E-002
   98.000000000000000       0.23373893579468413        5.9999999999999995E-004  0.73619999999999997       0.20619999999999999        2.1200000000000000E-002   3.5799999999999998E-002
   99.000000000000000       0.24143813074993586        5.9999999999999995E-004  0.71519999999999995       0.22720000000000001        2.1200000000000000E-002   3.5799999999999998E-002
   100.00000000000000       0.27517270876123034        5.9999999999999995E-004  0.69920000000000004       0.24220000000000000        2.2200000000000001E-002   3.5799999999999998E-002
   101.00000000000000       0.27540274322893998        5.9999999999999995E-004  0.69960000000000000       0.24179999999999999        2.2200000000000001E-002   3.5799999999999998E-002
   102.00000000000000       0.29643095060440749        5.9999999999999995E-004  0.69899999999999995       0.24179999999999999        2.2800000000000001E-002   3.5799999999999998E-002
   103.00000000000000       0.32102175610450007        2.0000000000000001E-004  0.72840000000000005       0.21279999999999999        2.2599999999999999E-002   3.5999999999999997E-002
   104.00000000000000       0.33755579020710369        2.0000000000000001E-004  0.71260000000000001       0.22739999999999999        2.3599999999999999E-002   3.6200000000000003E-002
   105.00000000000000       0.25113499889295476        0.0000000000000000       0.64680000000000004       0.28980000000000000        2.6200000000000001E-002   3.7199999999999997E-002
   106.00000000000000       0.33870380880982981        0.0000000000000000       0.64739999999999998       0.28699999999999998        2.7799999999999998E-002   3.7800000000000000E-002
   107.00000000000000       0.14952644848528873        0.0000000000000000       0.63239999999999996       0.30099999999999999        2.8400000000000002E-002   3.8199999999999998E-002
   108.00000000000000       0.36826488116369027        0.0000000000000000       0.63239999999999996       0.30099999999999999        2.8199999999999999E-002   3.8399999999999997E-002
   109.00000000000000       0.37155711868764124        0.0000000000000000       0.63300000000000001       0.30040000000000000        2.8199999999999999E-002   3.8399999999999997E-002
   110.00000000000000       0.35694222857912572        0.0000000000000000       0.62700000000000000       0.30580000000000002        2.8799999999999999E-002   3.8399999999999997E-002
   111.00000000000000       0.33600767083667904        0.0000000000000000       0.61739999999999995       0.31359999999999999        2.9200000000000000E-002   3.9800000000000002E-002
   112.00000000000000       0.44078224907715219        0.0000000000000000       0.61739999999999995       0.31359999999999999        2.9200000000000000E-002   3.9800000000000002E-002
   113.00000000000000       0.34590050351352686        0.0000000000000000       0.61380000000000001       0.31719999999999998        2.9200000000000000E-002   3.9800000000000002E-002
   114.00000000000000       0.33916488976256048        0.0000000000000000       0.61360000000000003       0.31719999999999998        2.9399999999999999E-002   3.9800000000000002E-002
   115.00000000000000       0.31246584929114091        4.0000000000000002E-004  0.61299999999999999       0.31659999999999999        2.9600000000000001E-002   4.0399999999999998E-002
   116.00000000000000       0.19543890964419020        4.0000000000000002E-004  0.61280000000000001       0.31500000000000000        3.1199999999999999E-002   4.0599999999999997E-002
   117.00000000000000       0.43576723020365637        4.0000000000000002E-004  0.60880000000000001       0.30800000000000000        3.5400000000000001E-002   4.7399999999999998E-002
   118.00000000000000       0.45342979707361930        4.0000000000000002E-004  0.60560000000000003       0.30420000000000003        3.7600000000000001E-002   5.2200000000000003E-002
   119.00000000000000       0.43139051710957454        4.0000000000000002E-004  0.60280000000000000       0.30020000000000002        3.6600000000000001E-002   5.9999999999999998E-002
   120.00000000000000       0.45945141147751373        2.5999999999999999E-003  0.40560000000000002       0.48240000000000000        4.9000000000000002E-002   6.0400000000000002E-002
   121.00000000000000       0.28987521837026392        2.5999999999999999E-003  0.40520000000000000       0.48220000000000002        4.9200000000000001E-002   6.0800000000000000E-002
   122.00000000000000       0.27461186588493652        2.5999999999999999E-003  0.38660000000000000       0.49800000000000000        4.9799999999999997E-002   6.3000000000000000E-002
   123.00000000000000       0.25542284251147773        2.5999999999999999E-003  0.38660000000000000       0.49740000000000001        5.0400000000000000E-002   6.3000000000000000E-002
   124.00000000000000       0.23737908489815879        2.5999999999999999E-003  0.38460000000000000       0.49500000000000000        5.1799999999999999E-002   6.6000000000000003E-002
   125.00000000000000       0.21584909848219108        2.5999999999999999E-003  0.38460000000000000       0.49459999999999998        5.2200000000000003E-002   6.6000000000000003E-002
   126.00000000000000       0.19433951304224034        2.3999999999999998E-003  0.38340000000000002       0.49580000000000002        5.1400000000000001E-002   6.7000000000000004E-002
   127.00000000000000       0.17272661194174821        3.0000000000000001E-003  0.38319999999999999       0.49500000000000000        5.1799999999999999E-002   6.7000000000000004E-002
   128.00000000000000       0.15172225750693077        3.2000000000000002E-003  0.37359999999999999       0.50300000000000000        5.4399999999999997E-002   6.5799999999999997E-002
   129.00000000000000       0.13187390575851388        4.5999999999999999E-003  0.35780000000000001       0.51659999999999995        5.5000000000000000E-002   6.6000000000000003E-002
   130.00000000000000       0.11129050894197454        4.4000000000000003E-003  0.35460000000000003       0.51900000000000002        5.5599999999999997E-002   6.6400000000000001E-002
   131.00000000000000        9.1958938661046874E-002   4.7999999999999996E-003  0.35239999999999999       0.51839999999999997        4.8000000000000001E-002   7.6399999999999996E-002
   132.00000000000000        7.1813212212272465E-002   5.0000000000000001E-003  0.35080000000000000       0.51819999999999999        4.8000000000000001E-002   7.8000000000000000E-002
   133.00000000000000        5.2665598126688876E-002   5.0000000000000001E-003  0.34660000000000002       0.51839999999999997        4.5600000000000002E-002   8.4400000000000003E-002
   134.00000000000000        3.4462711976937302E-002   5.1999999999999998E-003  0.34839999999999999       0.50860000000000005        5.0200000000000002E-002   8.7599999999999997E-002
   135.00000000000000        1.6404946409468917E-002   4.4000000000000003E-003  0.33460000000000001       0.51900000000000002        5.0200000000000002E-002   9.1800000000000007E-002
   136.00000000000000       -2.9819333147607652E-003   4.5999999999999999E-003  0.33279999999999998       0.51839999999999997        5.0400000000000000E-002   9.3799999999999994E-002
   137.00000000000000       -2.1690116371473989E-002   4.4000000000000003E-003  0.33360000000000001       0.51539999999999997        5.0999999999999997E-002   9.5600000000000004E-002
   138.00000000000000       -3.9610030802348449E-002   4.4000000000000003E-003  0.33420000000000000       0.51060000000000005        5.5199999999999999E-002   9.5600000000000004E-002
   139.00000000000000       -5.6318418534234596E-002   4.4000000000000003E-003  0.32400000000000001       0.51819999999999999        5.7799999999999997E-002   9.5600000000000004E-002
   140.00000000000000       -7.1921544070191940E-002   4.4000000000000003E-003  0.30580000000000002       0.53639999999999999        5.7599999999999998E-002   9.5799999999999996E-002
   141.00000000000000       -8.6109516029676259E-002   3.0000000000000001E-003  0.29020000000000001       0.55340000000000000        5.7599999999999998E-002   9.5799999999999996E-002
   142.00000000000000       -8.6635635950702977E-002   8.0000000000000002E-003   2.8000000000000001E-002  0.81059999999999999        5.7200000000000001E-002   9.6199999999999994E-002
   143.00000000000000       -8.5542490120999293E-002   8.2000000000000007E-003   2.7799999999999998E-002  0.81059999999999999        5.7200000000000001E-002   9.6199999999999994E-002
   144.00000000000000       -6.5062445911052785E-002   8.2000000000000007E-003   2.7799999999999998E-002  0.81059999999999999        5.6800000000000003E-002   9.6600000000000005E-002
   145.00000000000000       -4.4367705280132154E-002   8.2000000000000007E-003   2.7799999999999998E-002  0.81059999999999999        5.6599999999999998E-002   9.6799999999999997E-002
   146.00000000000000       -2.3749146539994836E-002   8.2000000000000007E-003   2.7799999999999998E-002  0.81059999999999999        5.6399999999999999E-002   9.7000000000000003E-002
   147.00000000000000       -7.2421063110040713E-003   8.2000000000000007E-003   2.7799999999999998E-002  0.81059999999999999        5.6399999999999999E-002   9.7000000000000003E-002
   148.00000000000000        8.2345339597014386E-003   8.2000000000000007E-003   2.7400000000000001E-002  0.81059999999999999        5.6399999999999999E-002   9.7400000000000000E-002
   149.00000000000000        1.9342716416232534E-002   8.2000000000000007E-003   2.7400000000000001E-002  0.81059999999999999        5.6399999999999999E-002   9.7400000000000000E-002
   150.00000000000000        2.5982340736991710E-002   8.0000000000000002E-003   2.7400000000000001E-002  0.81059999999999999        5.6399999999999999E-002   9.7600000000000006E-002
   151.00000000000000        2.8468261321160683E-002   8.0000000000000002E-003   2.7400000000000001E-002  0.81059999999999999        5.6399999999999999E-002   9.7600000000000006E-002
   152.00000000000000        6.1483108216763942E-003   7.7999999999999996E-003  0.78659999999999997        5.1400000000000001E-002   5.6200000000000000E-002   9.8000000000000004E-002
   153.00000000000000        1.9380726248320240E-002   7.7999999999999996E-003  0.78680000000000005        5.1200000000000002E-002   5.6000000000000001E-002   9.8199999999999996E-002
   154.00000000000000        8.8751011055976069E-003   7.7999999999999996E-003  0.78680000000000005        4.9799999999999997E-002   5.6000000000000001E-002   9.9599999999999994E-002
   155.00000000000000       -6.3632083724016256E-003   8.0000000000000002E-003  0.78659999999999997        4.9799999999999997E-002   5.5800000000000002E-002   9.9800000000000000E-002
   156.00000000000000       -2.5422227047159178E-002   3.9199999999999999E-002  0.75539999999999996        4.9799999999999997E-002   5.5000000000000000E-002  0.10059999999999999     
   157.00000000000000       -2.2362423221738217E-003   3.9199999999999999E-002  0.75319999999999998        5.1600000000000000E-002   5.4399999999999997E-002  0.10160000000000000     
   158.00000000000000        2.1613980626345567E-002   3.9000000000000000E-002  0.75239999999999996        5.0999999999999997E-002   5.3600000000000002E-002  0.10400000000000000     
   159.00000000000000        4.7365230151149337E-002   3.9000000000000000E-002  0.75019999999999998        5.2800000000000000E-002   4.9799999999999997E-002  0.10820000000000000     
   160.00000000000000        7.2952909532008142E-002   3.9000000000000000E-002  0.74719999999999998        5.1999999999999998E-002   5.0200000000000002E-002  0.11160000000000000     
   161.00000000000000        9.7703187970676897E-002   3.9000000000000000E-002  0.73699999999999999        6.1199999999999997E-002   4.9200000000000001E-002  0.11360000000000001     
   162.00000000000000       0.11926599187616210        3.8800000000000001E-002  0.73680000000000001        6.0400000000000002E-002   4.9799999999999997E-002  0.11420000000000000     
   163.00000000000000       0.13812210794199412        3.8800000000000001E-002  0.73680000000000001        6.0400000000000002E-002   4.9799999999999997E-002  0.11420000000000000     
   164.00000000000000       0.15576907186595557        3.6999999999999998E-002  0.73799999999999999        5.9200000000000003E-002   5.0599999999999999E-002  0.11520000000000000     
   165.00000000000000       0.16954309799388084        3.6799999999999999E-002  0.73680000000000001        5.9400000000000001E-002   5.1600000000000000E-002  0.11540000000000000     
   166.00000000000000       0.17827934295031797        3.6799999999999999E-002  0.73299999999999998        6.1199999999999997E-002   5.3600000000000002E-002  0.11540000000000000     
   167.00000000000000       0.19665464129286922        3.5200000000000002E-002  0.72499999999999998        6.5600000000000006E-002   5.5399999999999998E-002  0.11880000000000000     
   168.00000000000000       0.19544899895220552        3.5200000000000002E-002  0.72419999999999995        6.5199999999999994E-002   5.6599999999999998E-002  0.11880000000000000     
   169.00000000000000       0.19292681854468585        3.3799999999999997E-002  0.71540000000000004        7.3200000000000001E-002   5.6800000000000003E-002  0.12080000000000000     
   170.00000000000000       0.18984493797248903        3.3799999999999997E-002  0.71540000000000004        7.3200000000000001E-002   5.6399999999999999E-002  0.12120000000000000     
   171.00000000000000       0.18639190424507660        3.3599999999999998E-002  0.70079999999999998        8.7200000000000000E-002   5.6399999999999999E-002  0.12200000000000000     
   172.00000000000000       0.17066621501169466        3.3599999999999998E-002  0.69199999999999995        9.6000000000000002E-002   5.5800000000000002E-002  0.12260000000000000     
   173.00000000000000       0.15826807790004305        3.3799999999999997E-002  0.69179999999999997        9.5399999999999999E-002   5.6399999999999999E-002  0.12260000000000000     
   174.00000000000000       0.14199177073510078        3.3799999999999997E-002  0.69079999999999997        9.5600000000000004E-002   5.7000000000000002E-002  0.12280000000000001     
   175.00000000000000       0.12370170918477336        3.3799999999999997E-002  0.68940000000000001        9.5200000000000007E-002   5.8599999999999999E-002  0.12300000000000000     
   176.00000000000000       0.10352663045420503        3.3799999999999997E-002  0.68940000000000001        9.5200000000000007E-002   5.8400000000000001E-002  0.12320000000000000     
   177.00000000000000        8.3666527562278117E-002   3.3799999999999997E-002  0.68679999999999997        9.7000000000000003E-002   5.7799999999999997E-002  0.12460000000000000     
   178.00000000000000        6.5420430473686245E-002   0.0000000000000000       0.71980000000000000        9.7000000000000003E-002   5.8599999999999999E-002  0.12460000000000000     
   179.00000000000000        7.5007634881096588E-002   0.0000000000000000       0.71980000000000000        9.6799999999999997E-002   5.8799999999999998E-002  0.12460000000000000     
   180.00000000000000       0.10785225671031180        0.0000000000000000       0.71980000000000000        9.6799999999999997E-002   5.8400000000000001E-002  0.12500000000000000     
   181.00000000000000       0.13759136708030700        0.0000000000000000       0.71980000000000000        9.6000000000000002E-002   5.8999999999999997E-002  0.12520000000000001     
   182.00000000000000       0.16342797653090049        0.0000000000000000       0.71980000000000000        9.6000000000000002E-002   5.8799999999999998E-002  0.12540000000000001     
   183.00000000000000       0.18448729916709042        0.0000000000000000       0.71980000000000000        9.6000000000000002E-002   5.8799999999999998E-002  0.12540000000000001     
   184.00000000000000       0.20338538456283642        0.0000000000000000       0.58479999999999999       0.23100000000000001        5.8999999999999997E-002  0.12520000000000001     
   185.00000000000000       0.20523598944244539        0.0000000000000000       0.58399999999999996       0.23100000000000001        5.8999999999999997E-002  0.12600000000000000     
   186.00000000000000       0.19599392146691880        0.0000000000000000       0.58160000000000001       0.23100000000000001        5.7000000000000002E-002  0.13039999999999999     
   187.00000000000000       0.18599520129404201        0.0000000000000000       0.58079999999999998       0.23100000000000001        5.5199999999999999E-002  0.13300000000000001     
   188.00000000000000       0.17265900301913434        0.0000000000000000       0.58040000000000003       0.23100000000000001        5.5599999999999997E-002  0.13300000000000001     
   189.00000000000000       0.15799181732743292        0.0000000000000000       0.57840000000000003       0.23100000000000001        5.5599999999999997E-002  0.13500000000000001     
   190.00000000000000       0.14230181129323677        0.0000000000000000       0.57779999999999998       0.23100000000000001        5.6200000000000000E-002  0.13500000000000001     
   191.00000000000000       0.12525497702285157        0.0000000000000000       0.57740000000000002       0.23100000000000001        5.6399999999999999E-002  0.13519999999999999     
   192.00000000000000       0.11854688551848752        0.0000000000000000        0.0000000000000000       0.80759999999999998        5.6399999999999999E-002  0.13600000000000001     
   193.00000000000000        9.4315988244587895E-002   0.0000000000000000        0.0000000000000000       0.80159999999999998        5.7799999999999997E-002  0.14060000000000000     
   194.00000000000000        8.4610584605408115E-002   0.0000000000000000        0.0000000000000000       0.80159999999999998        5.7799999999999997E-002  0.14060000000000000     
   195.00000000000000        7.6616315719805816E-002   0.0000000000000000        0.0000000000000000       0.79779999999999995        5.9200000000000003E-002  0.14299999999999999     
   196.00000000000000        6.8522913345200276E-002   0.0000000000000000        0.0000000000000000       0.79379999999999995        5.7799999999999997E-002  0.14840000000000000     
   197.00000000000000        6.2124483493701976E-002   0.0000000000000000        0.0000000000000000       0.79359999999999997        5.6200000000000000E-002  0.15020000000000000     
   198.00000000000000        5.5626762391467702E-002   0.0000000000000000        0.0000000000000000       0.79320000000000002        5.6599999999999998E-002  0.15020000000000000     
   199.00000000000000        5.1534878853919865E-002   0.0000000000000000        0.0000000000000000       0.78839999999999999        5.7799999999999997E-002  0.15379999999999999     
   200.00000000000000        4.7124529765065461E-002   0.0000000000000000        0.0000000000000000       0.78839999999999999        5.6599999999999998E-002  0.15500000000000000     
   201.00000000000000        4.5255527527956488E-002   0.0000000000000000        0.0000000000000000       0.78539999999999999        5.6599999999999998E-002  0.15800000000000000     
   202.00000000000000        4.0364161265000698E-002   0.0000000000000000        0.0000000000000000       0.78539999999999999        5.5599999999999997E-002  0.15900000000000000     
   203.00000000000000        4.4928225600270787E-002   0.0000000000000000        0.0000000000000000       0.78320000000000001        5.5599999999999997E-002  0.16120000000000001     
   204.00000000000000        3.5482650280667799E-002   0.0000000000000000        0.0000000000000000       0.78159999999999996        5.6800000000000003E-002  0.16159999999999999     
   205.00000000000000       -6.8172903222471562E-003   0.0000000000000000        0.0000000000000000       0.78159999999999996        5.4199999999999998E-002  0.16420000000000001     
   206.00000000000000        6.8721764121528542E-002   0.0000000000000000        0.0000000000000000       0.77959999999999996        5.3800000000000001E-002  0.16660000000000000     
   207.00000000000000        3.2402798911315978E-002   0.0000000000000000        0.0000000000000000       0.77620000000000000        5.7000000000000002E-002  0.16680000000000000     
   208.00000000000000       0.14852676390661629        0.0000000000000000        0.0000000000000000       0.77480000000000004        5.8599999999999999E-002  0.16660000000000000     
   209.00000000000000        4.3486090136531798E-002   0.0000000000000000        2.0000000000000001E-004  0.77459999999999996        5.8599999999999999E-002  0.16660000000000000     
   210.00000000000000        2.7871554065087970E-002   0.0000000000000000        2.0000000000000001E-004  0.77380000000000004        5.8599999999999999E-002  0.16739999999999999     
   211.00000000000000        2.7492332226645759E-002   0.0000000000000000        2.0000000000000001E-004  0.77380000000000004        5.8200000000000002E-002  0.16780000000000000     
   212.00000000000000        2.2017795484050424E-002   0.0000000000000000       0.10080000000000000       0.67320000000000002        5.8200000000000002E-002  0.16780000000000000     
   213.00000000000000        3.2070996206476049E-002   0.0000000000000000       0.10080000000000000       0.67320000000000002        5.8200000000000002E-002  0.16780000000000000     
   214.00000000000000        5.8044642239017140E-002   0.0000000000000000       0.10080000000000000       0.67320000000000002        5.7200000000000001E-002  0.16880000000000001     
   215.00000000000000        8.1538620095372272E-002   0.0000000000000000       0.10080000000000000       0.67320000000000002        5.6399999999999999E-002  0.16960000000000000     
   216.00000000000000       0.10154991820583915        0.0000000000000000       0.10080000000000000       0.67320000000000002        5.6399999999999999E-002  0.16960000000000000     
