#        BMIN =   404
#        BMAX =   408
#     INIBAND =   406
#      NBANDS =   540
#         NSW =  2000
#       POTIM =   1.0
#        TEMP = 300.0
#    NAMDTINI =   372
#    NAMDTIME =  1000
#       NTRAJ =  5000
#        NELM =  1000
#       LHOLE =     T
#        LSHP =     T
#      LCPTXT =     T
#      RUNDIR = ../../run/
   1.0000000000000000        5.9058151767409736E-002   0.0000000000000000        0.0000000000000000        1.0000000000000000        0.0000000000000000        0.0000000000000000     
   2.0000000000000000        6.4064034589771640E-002   0.0000000000000000        0.0000000000000000        1.0000000000000000        0.0000000000000000        0.0000000000000000     
   3.0000000000000000        6.7360197968325708E-002   0.0000000000000000        0.0000000000000000        1.0000000000000000        0.0000000000000000        0.0000000000000000     
   4.0000000000000000        6.8635910443318390E-002   0.0000000000000000        4.0000000000000002E-004  0.99960000000000004        0.0000000000000000        0.0000000000000000     
   5.0000000000000000        7.5970420157774457E-002   0.0000000000000000        4.0000000000000002E-004  0.99960000000000004        0.0000000000000000        0.0000000000000000     
   6.0000000000000000        9.4714333774253812E-002   0.0000000000000000        4.0000000000000002E-004  0.99960000000000004        0.0000000000000000        0.0000000000000000     
   7.0000000000000000       0.10636352124858747        0.0000000000000000        4.0000000000000002E-004  0.99960000000000004        0.0000000000000000        0.0000000000000000     
   8.0000000000000000       0.11038324740195486        0.0000000000000000        4.0000000000000002E-004  0.99960000000000004        0.0000000000000000        0.0000000000000000     
   9.0000000000000000       0.10713844394897779        0.0000000000000000        4.0000000000000002E-004  0.99960000000000004        0.0000000000000000        0.0000000000000000     
   10.000000000000000        9.6905590055504656E-002   0.0000000000000000        4.0000000000000002E-004  0.99960000000000004        0.0000000000000000        0.0000000000000000     
   11.000000000000000        7.9918416158532971E-002   0.0000000000000000        4.0000000000000002E-004  0.99960000000000004        0.0000000000000000        0.0000000000000000     
   12.000000000000000        5.7619552692826086E-002   0.0000000000000000        4.0000000000000002E-004  0.99960000000000004        0.0000000000000000        0.0000000000000000     
   13.000000000000000        2.9379253353098801E-002   0.0000000000000000        4.0000000000000002E-004  0.99960000000000004        0.0000000000000000        0.0000000000000000     
   14.000000000000000       -1.9631236364024093E-003   2.0000000000000001E-004   3.3999999999999998E-003  0.99639999999999995        0.0000000000000000        0.0000000000000000     
   15.000000000000000       -3.3890917799845537E-002   0.0000000000000000        3.3999999999999998E-003  0.99600000000000000        5.9999999999999995E-004   0.0000000000000000     
   16.000000000000000       -2.9867615376670115E-002   0.0000000000000000        3.3999999999999998E-003  0.99600000000000000        5.9999999999999995E-004   0.0000000000000000     
   17.000000000000000       -2.6632265804217171E-002   0.0000000000000000        3.3999999999999998E-003  0.99600000000000000        5.9999999999999995E-004   0.0000000000000000     
   18.000000000000000       -2.3706300911138695E-002   0.0000000000000000        3.3999999999999998E-003  0.99539999999999995        1.0000000000000000E-003   2.0000000000000001E-004
   19.000000000000000       -2.1634423216548321E-002   0.0000000000000000        3.3999999999999998E-003  0.99539999999999995        1.0000000000000000E-003   2.0000000000000001E-004
   20.000000000000000       -2.0108816882530585E-002   0.0000000000000000        3.3999999999999998E-003  0.99519999999999997        1.0000000000000000E-003   4.0000000000000002E-004
   21.000000000000000       -1.9048065831362815E-002   0.0000000000000000        3.3999999999999998E-003  0.99500000000000000        1.1999999999999999E-003   4.0000000000000002E-004
   22.000000000000000       -1.8912396424698323E-002   0.0000000000000000        3.3999999999999998E-003  0.99560000000000004        5.9999999999999995E-004   4.0000000000000002E-004
   23.000000000000000       -1.9595433110894168E-002   0.0000000000000000        3.3999999999999998E-003  0.99480000000000002        1.4000000000000000E-003   4.0000000000000002E-004
   24.000000000000000       -2.0994596377531621E-002   0.0000000000000000        3.3999999999999998E-003  0.99519999999999997        1.0000000000000000E-003   4.0000000000000002E-004
   25.000000000000000       -2.3297294736940130E-002   0.0000000000000000        3.3999999999999998E-003  0.99519999999999997        1.0000000000000000E-003   4.0000000000000002E-004
   26.000000000000000       -2.6286067724923954E-002   0.0000000000000000        3.3999999999999998E-003  0.99239999999999995        3.8000000000000000E-003   4.0000000000000002E-004
   27.000000000000000       -2.9585474190136872E-002   0.0000000000000000        3.3999999999999998E-003  0.98219999999999996        1.4000000000000000E-002   4.0000000000000002E-004
   28.000000000000000       -3.4818279701929425E-002   0.0000000000000000        3.3999999999999998E-003  0.98240000000000005        1.3800000000000000E-002   4.0000000000000002E-004
   29.000000000000000       -3.9667766309269360E-002   0.0000000000000000        3.3999999999999998E-003  0.98219999999999996        1.3800000000000000E-002   5.9999999999999995E-004
   30.000000000000000       -5.2436307664916131E-002   0.0000000000000000       0.39720000000000000       0.58699999999999997        1.5200000000000000E-002   5.9999999999999995E-004
   31.000000000000000       -3.7864018709062357E-002   0.0000000000000000       0.39600000000000002       0.58699999999999997        1.6400000000000001E-002   5.9999999999999995E-004
   32.000000000000000       -1.6774948622567207E-002   0.0000000000000000       0.39479999999999998       0.44300000000000000       0.16139999999999999        8.0000000000000004E-004
   33.000000000000000       -5.6582058712620047E-003   0.0000000000000000       0.39119999999999999       0.44679999999999997       0.16120000000000001        8.0000000000000004E-004
   34.000000000000000       -1.5156201373611898E-003   0.0000000000000000       0.39119999999999999       0.44540000000000002       0.16120000000000001        2.2000000000000001E-003
   35.000000000000000        4.1217512544899102E-004   0.0000000000000000       0.38919999999999999       0.44679999999999997       0.16120000000000001        2.8000000000000000E-003
   36.000000000000000        4.7342948551488007E-003   0.0000000000000000       0.38040000000000002       0.45319999999999999       0.16120000000000001        5.1999999999999998E-003
   37.000000000000000        6.5794421167486251E-003   0.0000000000000000       0.38040000000000002       0.45319999999999999       0.16120000000000001        5.1999999999999998E-003
   38.000000000000000        8.8059459888927064E-003   0.0000000000000000       0.36359999999999998       0.46999999999999997       0.16120000000000001        5.1999999999999998E-003
   39.000000000000000        1.0173574706543004E-002   0.0000000000000000       0.36359999999999998       0.46939999999999998       0.16120000000000001        5.7999999999999996E-003
   40.000000000000000        7.9855348645478004E-003   0.0000000000000000       0.36359999999999998       0.63039999999999996        0.0000000000000000        6.0000000000000001E-003
   41.000000000000000       -1.4442820779629975E-004   0.0000000000000000       0.36359999999999998       0.63039999999999996        0.0000000000000000        6.0000000000000001E-003
   42.000000000000000       -1.8743815346050668E-002   0.0000000000000000       0.36280000000000001       0.63039999999999996        0.0000000000000000        6.7999999999999996E-003
   43.000000000000000       -4.0387487580528542E-002   0.0000000000000000       0.36259999999999998       0.63039999999999996        0.0000000000000000        7.0000000000000001E-003
   44.000000000000000       -6.4274529499381991E-002   1.1999999999999999E-003  0.41160000000000002       0.57879999999999998        1.1999999999999999E-003   7.1999999999999998E-003
   45.000000000000000       -8.0769018381769961E-002   2.1600000000000001E-002  0.39000000000000001       0.57520000000000004        4.7999999999999996E-003   8.3999999999999995E-003
   46.000000000000000       -7.3174405725594832E-002   2.1600000000000001E-002  0.38540000000000002       0.57140000000000002        1.0000000000000000E-002   1.1599999999999999E-002
   47.000000000000000       -6.0736048049209380E-002   2.1000000000000001E-002  0.37840000000000001       0.57740000000000002        1.1599999999999999E-002   1.1599999999999999E-002
   48.000000000000000       -4.5602386850062092E-002   1.8200000000000001E-002  0.37900000000000000       0.57260000000000000        1.6799999999999999E-002   1.3400000000000000E-002
   49.000000000000000       -3.1738247008635014E-002   1.7999999999999999E-002  0.37740000000000001       0.57040000000000002        1.9800000000000002E-002   1.4400000000000000E-002
   50.000000000000000       -1.8814052956940087E-002   1.7800000000000000E-002  0.37740000000000001       0.57040000000000002        2.0000000000000000E-002   1.4400000000000000E-002
   51.000000000000000       -6.6905900885611555E-003   1.6799999999999999E-002  0.36959999999999998       0.57879999999999998        2.0000000000000000E-002   1.4800000000000001E-002
   52.000000000000000        6.1030611986716537E-003   1.6000000000000000E-002  0.36959999999999998       0.57540000000000002        2.2400000000000000E-002   1.6600000000000000E-002
   53.000000000000000        1.7528508997807540E-002   1.6000000000000000E-002  0.36959999999999998       0.57540000000000002        2.2200000000000001E-002   1.6799999999999999E-002
   54.000000000000000        2.9933046926907604E-002   1.6000000000000000E-002  0.36840000000000001       0.57620000000000005        2.2400000000000000E-002   1.7000000000000001E-002
   55.000000000000000        4.4659251569758106E-002   1.5200000000000000E-002  0.35959999999999998       0.58540000000000003        2.2800000000000001E-002   1.7000000000000001E-002
   56.000000000000000        5.8288098408025804E-002   1.5200000000000000E-002  0.35539999999999999       0.58840000000000003        2.3199999999999998E-002   1.7800000000000000E-002
   57.000000000000000        7.1641037669784594E-002   1.5200000000000000E-002  0.34660000000000002       0.59599999999999997        2.4400000000000002E-002   1.7800000000000000E-002
   58.000000000000000        8.3681804285299990E-002   1.4400000000000000E-002  0.33739999999999998       0.60519999999999996        2.5000000000000001E-002   1.7999999999999999E-002
   59.000000000000000        9.2919237446668135E-002   1.4400000000000000E-002  0.33260000000000001       0.60999999999999999        2.5000000000000001E-002   1.7999999999999999E-002
   60.000000000000000       0.10107747429389931        1.3599999999999999E-002  0.32579999999999998       0.61499999999999999        2.7199999999999998E-002   1.8400000000000000E-002
   61.000000000000000       0.10617368953589779        1.3599999999999999E-002  0.32579999999999998       0.61499999999999999        2.7199999999999998E-002   1.8400000000000000E-002
   62.000000000000000       0.11063262193714947        1.3599999999999999E-002  0.32179999999999997       0.61439999999999995        3.1000000000000000E-002   1.9199999999999998E-002
   63.000000000000000       0.11331678118397392        1.3599999999999999E-002  0.31759999999999999       0.61299999999999999        3.6600000000000001E-002   1.9199999999999998E-002
   64.000000000000000       0.11170537697169504        0.0000000000000000       0.33119999999999999       0.61199999999999999        3.7600000000000001E-002   1.9199999999999998E-002
   65.000000000000000       0.12341535836382932        0.0000000000000000       0.33119999999999999       0.61180000000000001        3.7600000000000001E-002   1.9400000000000001E-002
   66.000000000000000       0.13394137335610096        0.0000000000000000       0.33100000000000002       0.61099999999999999        3.8600000000000002E-002   1.9400000000000001E-002
   67.000000000000000       0.14182718917611878        0.0000000000000000       0.33100000000000002       0.61080000000000001        3.8600000000000002E-002   1.9599999999999999E-002
   68.000000000000000       0.14636750386902464        0.0000000000000000       0.33100000000000002       0.60899999999999999        4.0399999999999998E-002   1.9599999999999999E-002
   69.000000000000000       0.14639435974109646        0.0000000000000000       0.49419999999999997       0.44540000000000002        4.0399999999999998E-002   2.0000000000000000E-002
   70.000000000000000       0.14680999020116606        0.0000000000000000       0.49399999999999999       0.44540000000000002        4.0599999999999997E-002   2.0000000000000000E-002
   71.000000000000000       0.14266542001906388        0.0000000000000000       0.49359999999999998       0.44540000000000002        4.0800000000000003E-002   2.0199999999999999E-002
   72.000000000000000       0.13450532499451023        0.0000000000000000       0.49299999999999999       0.44619999999999999        4.0599999999999997E-002   2.0199999999999999E-002
   73.000000000000000       0.12270515664839123        0.0000000000000000       0.56840000000000002       0.36499999999999999        4.5400000000000003E-002   2.1200000000000000E-002
   74.000000000000000       0.10574265651100874        0.0000000000000000       0.56840000000000002       0.35859999999999997        5.1799999999999999E-002   2.1200000000000000E-002
   75.000000000000000        8.4769453433397812E-002   0.0000000000000000       0.56840000000000002       0.33579999999999999        7.3599999999999999E-002   2.2200000000000001E-002
   76.000000000000000        5.8386897158729613E-002   0.0000000000000000       0.56840000000000002       0.33720000000000000        7.2200000000000000E-002   2.2200000000000001E-002
   77.000000000000000        2.8179736543532358E-002   0.0000000000000000       0.56840000000000002       0.32779999999999998        7.9000000000000001E-002   2.4799999999999999E-002
   78.000000000000000       -5.0544421728069954E-003   0.0000000000000000       0.56840000000000002       0.32900000000000001        7.7399999999999997E-002   2.5200000000000000E-002
   79.000000000000000       -4.0886827116107527E-002   0.0000000000000000       0.56720000000000004       0.32219999999999999        8.4800000000000000E-002   2.5800000000000000E-002
   80.000000000000000       -5.9310154330690132E-002   0.0000000000000000       0.56179999999999997       0.32100000000000001        9.0800000000000006E-002   2.6400000000000000E-002
   81.000000000000000       -6.0793048623673338E-002   0.0000000000000000       0.56179999999999997       0.32100000000000001        9.0600000000000000E-002   2.6599999999999999E-002
   82.000000000000000       -6.2627301173629121E-002   0.0000000000000000       0.56159999999999999       0.31960000000000000        9.1600000000000001E-002   2.7199999999999998E-002
   83.000000000000000       -6.3227131839594275E-002   0.0000000000000000       0.52759999999999996       0.35360000000000003        9.1600000000000001E-002   2.7199999999999998E-002
   84.000000000000000       -6.3125240353146234E-002   0.0000000000000000       0.43380000000000002       0.44379999999999997        9.5200000000000007E-002   2.7199999999999998E-002
   85.000000000000000       -6.7832136639408180E-002   0.0000000000000000       0.38080000000000003       0.49640000000000001        9.5200000000000007E-002   2.7600000000000000E-002
   86.000000000000000       -7.3244506483947563E-002   0.0000000000000000       0.39279999999999998       0.48380000000000001        9.5799999999999996E-002   2.7600000000000000E-002
   87.000000000000000       -7.6302613622814444E-002   0.0000000000000000       0.39379999999999998       0.47899999999999998        9.7400000000000000E-002   2.9800000000000000E-002
   88.000000000000000       -7.9065783623651964E-002   0.0000000000000000       0.39400000000000002       0.47780000000000000        9.8400000000000001E-002   2.9800000000000000E-002
   89.000000000000000       -7.9681443541526176E-002   0.0000000000000000       0.39219999999999999       0.47760000000000002        9.8599999999999993E-002   3.1600000000000003E-002
   90.000000000000000       -7.9526271926826833E-002   8.0000000000000004E-004  0.39019999999999999       0.47880000000000000        9.7400000000000000E-002   3.2800000000000003E-002
   91.000000000000000       -7.6747003975914288E-002   0.0000000000000000       0.39100000000000001       0.47699999999999998        9.8000000000000004E-002   3.4000000000000002E-002
   92.000000000000000       -7.0997348535383420E-002   0.0000000000000000       0.38900000000000001       0.47699999999999998        9.8799999999999999E-002   3.5200000000000002E-002
   93.000000000000000       -5.9402358591009397E-002   5.4000000000000003E-003  0.38080000000000003       0.47699999999999998       0.10140000000000000        3.5400000000000001E-002
   94.000000000000000       -4.3793754582797544E-002   6.4000000000000003E-003  0.37859999999999999       0.47820000000000001       0.10120000000000000        3.5600000000000000E-002
   95.000000000000000       -2.4692583261737691E-002   6.0000000000000001E-003  0.37840000000000001       0.47820000000000001       0.10120000000000000        3.6200000000000003E-002
   96.000000000000000       -3.9594284248163150E-003   5.0000000000000001E-003  0.37380000000000002       0.47880000000000000       0.10620000000000000        3.6200000000000003E-002
   97.000000000000000        1.4846011317125082E-002   3.5999999999999999E-003  0.37400000000000000       0.47980000000000000       0.10620000000000000        3.6400000000000002E-002
   98.000000000000000        3.5460868746876574E-002   3.0000000000000001E-003  0.36659999999999998       0.48359999999999997       0.11020000000000001        3.6600000000000001E-002
   99.000000000000000        5.9763544238146130E-002   2.8000000000000000E-003  0.31559999999999999       0.52580000000000005       0.11860000000000000        3.7199999999999997E-002
   100.00000000000000        7.9588073420390093E-002   2.8000000000000000E-003  0.31100000000000000       0.52439999999999998       0.12180000000000001        4.0000000000000001E-002
   101.00000000000000        9.8647359871185891E-002   2.8000000000000000E-003  0.29799999999999999       0.53039999999999998       0.12780000000000000        4.1000000000000002E-002
   102.00000000000000       0.11417135209031119        3.0599999999999999E-002  0.26979999999999998       0.52180000000000004       0.13700000000000001        4.0800000000000003E-002
   103.00000000000000       0.13352082722698805        3.0400000000000000E-002  0.26979999999999998       0.52180000000000004       0.13719999999999999        4.0800000000000003E-002
   104.00000000000000       0.15002083815967013        3.0400000000000000E-002  0.26979999999999998       0.52180000000000004       0.13719999999999999        4.0800000000000003E-002
   105.00000000000000       0.16172990864522338        2.9999999999999999E-002  0.26979999999999998       0.52100000000000002       0.13800000000000001        4.1200000000000001E-002
   106.00000000000000       0.16867636461737190        2.9999999999999999E-002  0.26979999999999998       0.52100000000000002       0.13840000000000000        4.0800000000000003E-002
   107.00000000000000       0.17320436071624196        2.9999999999999999E-002  0.26979999999999998       0.51759999999999995       0.13700000000000001        4.5600000000000002E-002
   108.00000000000000       0.17143480658899338        2.9999999999999999E-002  0.26979999999999998       0.51319999999999999       0.14019999999999999        4.6800000000000001E-002
   109.00000000000000       0.16621338699395699        2.8199999999999999E-002  0.26979999999999998       0.50819999999999999       0.14099999999999999        5.2800000000000000E-002
   110.00000000000000       0.15469546950998112        2.8000000000000001E-002  0.26979999999999998       0.50819999999999999       0.14099999999999999        5.2999999999999999E-002
   111.00000000000000       0.13937298713236945        2.6800000000000001E-002  0.26979999999999998       0.50939999999999996       0.13400000000000001        5.9999999999999998E-002
   112.00000000000000       0.12028792063025855        2.6800000000000001E-002  0.26979999999999998       0.50939999999999996       0.13339999999999999        6.0600000000000001E-002
   113.00000000000000        9.8502022094260205E-002   2.6599999999999999E-002  0.26979999999999998       0.50939999999999996       0.13380000000000000        6.0400000000000002E-002
   114.00000000000000        7.5679437504605665E-002   2.6599999999999999E-002  0.26979999999999998       0.50519999999999998       0.13420000000000001        6.4199999999999993E-002
   115.00000000000000        5.0578136702471806E-002   2.6599999999999999E-002  0.26979999999999998       0.50000000000000000       0.13880000000000001        6.4799999999999996E-002
   116.00000000000000        2.8444336522714365E-002   5.9400000000000001E-002  0.22960000000000000       0.50380000000000003       0.14199999999999999        6.5199999999999994E-002
   117.00000000000000        8.4687186172375251E-003   5.9400000000000001E-002  0.22960000000000000       0.50019999999999998       0.14560000000000001        6.5199999999999994E-002
   118.00000000000000       -7.7900656248094773E-003   5.9400000000000001E-002  0.22680000000000000       0.50219999999999998       0.14560000000000001        6.6000000000000003E-002
   119.00000000000000       -1.9226314075235808E-002   5.9400000000000001E-002  0.18520000000000000       0.54379999999999995       0.14560000000000001        6.6000000000000003E-002
   120.00000000000000       -3.0577620906576584E-002   5.9400000000000001E-002  0.17979999999999999       0.54900000000000004       0.14560000000000001        6.6199999999999995E-002
   121.00000000000000       -3.9139179178071776E-002   5.9400000000000001E-002  0.17699999999999999       0.55120000000000002       0.14560000000000001        6.6799999999999998E-002
   122.00000000000000       -4.4514411359250050E-002   5.9400000000000001E-002  0.18520000000000000       0.54200000000000004       0.14640000000000000        6.7000000000000004E-002
   123.00000000000000       -4.4365805322551938E-002   5.9400000000000001E-002  0.18920000000000001       0.53500000000000003       0.14680000000000001        6.9599999999999995E-002
   124.00000000000000       -4.2547027071388917E-002   5.9400000000000001E-002  0.19020000000000001       0.53320000000000001       0.14760000000000001        6.9599999999999995E-002
   125.00000000000000       -3.7678016615449991E-002   5.9400000000000001E-002  0.19040000000000001       0.53220000000000001       0.14840000000000000        6.9599999999999995E-002
   126.00000000000000       -3.0375569004709689E-002   5.9400000000000001E-002  0.19059999999999999       0.53180000000000005       0.14840000000000000        6.9800000000000001E-002
   127.00000000000000       -2.0988094298384018E-002   5.9400000000000001E-002  0.19059999999999999       0.52880000000000005       0.15140000000000001        6.9800000000000001E-002
   128.00000000000000       -7.4787565949182358E-003   5.7599999999999998E-002  0.18940000000000001       0.52559999999999996       0.15200000000000000        7.5399999999999995E-002
   129.00000000000000        8.6297715228281918E-003   5.7599999999999998E-002  0.18940000000000001       0.51959999999999995       0.15620000000000001        7.7200000000000005E-002
   130.00000000000000        2.6974519626755490E-002   5.7200000000000001E-002  0.18940000000000001       0.51359999999999995       0.16059999999999999        7.9200000000000007E-002
   131.00000000000000        4.5747739788830802E-002   5.2400000000000002E-002  0.18940000000000001       0.51839999999999997       0.15440000000000001        8.5400000000000004E-002
   132.00000000000000        6.4270915113674359E-002   4.8000000000000001E-002  0.18940000000000001       0.52239999999999998       0.15400000000000000        8.6199999999999999E-002
   133.00000000000000        8.3118054151911869E-002   4.2799999999999998E-002  0.18940000000000001       0.52759999999999996       0.15440000000000001        8.5800000000000001E-002
   134.00000000000000       0.10126941951224130        4.2799999999999998E-002  0.18940000000000001       0.52759999999999996       0.15220000000000000        8.7999999999999995E-002
   135.00000000000000       0.12043672682539422        4.2200000000000001E-002  0.18940000000000001       0.52600000000000002       0.15279999999999999        8.9599999999999999E-002
   136.00000000000000       0.13942572187823390        3.7199999999999997E-002  0.18940000000000001       0.52520000000000000       0.15720000000000001        9.0999999999999998E-002
   137.00000000000000       0.15669879243005769        3.1800000000000002E-002  0.18940000000000001       0.52759999999999996       0.15320000000000000        9.8000000000000004E-002
   138.00000000000000       0.17249373736393508        2.9999999999999999E-002  0.18940000000000001       0.52620000000000000       0.15320000000000000       0.10120000000000000     
   139.00000000000000       0.18711290286719900        2.9200000000000000E-002  0.18940000000000001       0.52580000000000005       0.15240000000000001       0.10320000000000000     
   140.00000000000000       0.19821029446555105        2.9200000000000000E-002  0.18940000000000001       0.52580000000000005       0.14119999999999999       0.11440000000000000     
   141.00000000000000       0.20754749291485855        2.9200000000000000E-002  0.18940000000000001       0.52380000000000004       0.14099999999999999       0.11660000000000000     
   142.00000000000000       0.21562359478640358        2.7400000000000001E-002  0.18940000000000001       0.52000000000000002       0.14340000000000000       0.11980000000000000     
   143.00000000000000       0.22090881210623284        0.0000000000000000       0.21659999999999999       0.51939999999999997       0.14440000000000000       0.11960000000000000     
   144.00000000000000       0.22641886047191545        0.0000000000000000       0.21579999999999999       0.51800000000000002       0.14660000000000001       0.11960000000000000     
   145.00000000000000       0.23867532887316001        5.9999999999999995E-004  0.21379999999999999       0.51659999999999995       0.14620000000000000       0.12280000000000001     
   146.00000000000000       0.25114684349192606        5.9999999999999995E-004  0.20460000000000000       0.51880000000000004       0.15260000000000001       0.12340000000000000     
   147.00000000000000       0.26095609860313851        5.9999999999999995E-004  0.20499999999999999       0.51639999999999997       0.15260000000000001       0.12540000000000001     
   148.00000000000000       0.26883604441418729        4.0000000000000002E-004  0.20319999999999999       0.51839999999999997       0.15240000000000001       0.12559999999999999     
   149.00000000000000       0.27717707475715087        4.0000000000000002E-004  0.18620000000000000       0.53320000000000001       0.15260000000000001       0.12759999999999999     
   150.00000000000000       0.28435067595797514        4.0000000000000002E-004  0.18980000000000000       0.52600000000000002       0.15379999999999999       0.13000000000000000     
   151.00000000000000       0.29416539315716428        4.0000000000000002E-004  0.18620000000000000       0.52439999999999998       0.15260000000000001       0.13639999999999999     
   152.00000000000000       0.30213204994533660        2.0000000000000001E-004  0.18779999999999999       0.51880000000000004       0.15260000000000001       0.14060000000000000     
   153.00000000000000       0.30789863249975330        2.0000000000000001E-004  0.18759999999999999       0.51700000000000002       0.15440000000000001       0.14080000000000001     
   154.00000000000000       0.31230942466463479        8.0000000000000004E-004  0.18700000000000000       0.51419999999999999       0.15479999999999999       0.14319999999999999     
   155.00000000000000       0.31384789714037375        6.7999999999999996E-003  0.18020000000000000       0.51300000000000001       0.15479999999999999       0.14520000000000000     
   156.00000000000000       0.31352894115573327        7.6000000000000000E-003  0.17780000000000001       0.51280000000000003       0.15579999999999999       0.14599999999999999     
   157.00000000000000       0.31099183324714480        5.5999999999999999E-003  0.17780000000000001       0.51300000000000001       0.15759999999999999       0.14599999999999999     
   158.00000000000000       0.30676665869170583        5.4000000000000003E-003  0.17599999999999999       0.51280000000000003       0.15900000000000000       0.14680000000000001     
   159.00000000000000       0.29829485248474547        5.4000000000000003E-003  0.17180000000000001       0.51439999999999997       0.16059999999999999       0.14779999999999999     
   160.00000000000000       0.28785836764306127        5.4000000000000003E-003  0.17180000000000001       0.51239999999999997       0.16239999999999999       0.14799999999999999     
   161.00000000000000       0.27504359289748859        5.4000000000000003E-003  0.17160000000000000       0.51239999999999997       0.16239999999999999       0.14820000000000000     
   162.00000000000000       0.26104073396208999        5.4000000000000003E-003  0.17119999999999999       0.51239999999999997       0.16280000000000000       0.14820000000000000     
   163.00000000000000       0.24616970093431342        0.0000000000000000       0.17460000000000001       0.51319999999999999       0.16400000000000001       0.14820000000000000     
   164.00000000000000       0.24062919095123173        0.0000000000000000       0.17460000000000001       0.50080000000000002       0.17240000000000000       0.15220000000000000     
   165.00000000000000       0.23325628129097903        0.0000000000000000       0.17460000000000001       0.49419999999999997       0.17840000000000000       0.15279999999999999     
   166.00000000000000       0.23237513460631365        0.0000000000000000        0.0000000000000000       0.66820000000000002       0.17799999999999999       0.15379999999999999     
   167.00000000000000       0.21692792236856751        0.0000000000000000        0.0000000000000000       0.66820000000000002       0.17560000000000001       0.15620000000000001     
   168.00000000000000       0.22878438651490823        0.0000000000000000        0.0000000000000000       0.66820000000000002       0.17319999999999999       0.15859999999999999     
   169.00000000000000       0.23573738461310129        0.0000000000000000        0.0000000000000000       0.66820000000000002       0.17319999999999999       0.15859999999999999     
   170.00000000000000       0.23759121530914087        0.0000000000000000        0.0000000000000000       0.66820000000000002       0.17319999999999999       0.15859999999999999     
   171.00000000000000       0.23425291822144184        0.0000000000000000        0.0000000000000000       0.66820000000000002       0.17319999999999999       0.15859999999999999     
   172.00000000000000       0.22489817015240651        0.0000000000000000        0.0000000000000000       0.66820000000000002       0.17080000000000001       0.16100000000000000     
   173.00000000000000       0.20988374857886533        0.0000000000000000        0.0000000000000000       0.66820000000000002       0.17340000000000000       0.15840000000000001     
   174.00000000000000       0.18962301453176336        0.0000000000000000        0.0000000000000000       0.66820000000000002       0.17499999999999999       0.15679999999999999     
   175.00000000000000       0.16565641302467299        0.0000000000000000        0.0000000000000000       0.66820000000000002       0.17040000000000000       0.16139999999999999     
   176.00000000000000       0.13713655151967719        0.0000000000000000        0.0000000000000000       0.66820000000000002       0.16940000000000000       0.16239999999999999     
   177.00000000000000       0.10419022725356025        0.0000000000000000        0.0000000000000000       0.66820000000000002       0.16860000000000000       0.16320000000000001     
   178.00000000000000        6.9789384203806079E-002   0.0000000000000000        0.0000000000000000       0.66820000000000002       0.16619999999999999       0.16560000000000000     
   179.00000000000000        3.3242264746774337E-002   0.0000000000000000        0.0000000000000000       0.66820000000000002       0.16619999999999999       0.16560000000000000     
   180.00000000000000       -1.1655302158581550E-002   2.0000000000000001E-004  0.66800000000000004        0.0000000000000000       0.16619999999999999       0.16560000000000000     
   181.00000000000000       -3.8733958495469518E-002   1.7600000000000001E-002  0.61519999999999997        3.5400000000000001E-002  0.16619999999999999       0.16560000000000000     
   182.00000000000000       -3.8824030525316910E-002   1.7600000000000001E-002  0.58860000000000001        6.2000000000000000E-002  0.16619999999999999       0.16560000000000000     
   183.00000000000000       -3.9841202064538554E-002   1.7200000000000000E-002  0.59640000000000004        5.3600000000000002E-002  0.16719999999999999       0.16560000000000000     
   184.00000000000000       -4.2616423373228553E-002   1.3599999999999999E-002  0.59480000000000000        5.6599999999999998E-002  0.16680000000000000       0.16819999999999999     
   185.00000000000000       -4.3341912288955356E-002   1.3599999999999999E-002  0.58440000000000003        6.2600000000000003E-002  0.16700000000000001       0.17240000000000000     
   186.00000000000000       -4.4089013898229515E-002   1.3200000000000000E-002  0.57499999999999996        7.1400000000000005E-002  0.16700000000000001       0.17340000000000000     
   187.00000000000000       -4.9238126947907392E-002   1.2999999999999999E-002  0.57540000000000002        6.9000000000000006E-002  0.16919999999999999       0.17340000000000000     
   188.00000000000000       -4.5663770929714888E-002   1.2800000000000001E-002  0.57540000000000002        6.8599999999999994E-002  0.16919999999999999       0.17399999999999999     
   189.00000000000000       -4.2600272590295571E-002   1.2800000000000001E-002  0.57399999999999995        6.6000000000000003E-002  0.17240000000000000       0.17480000000000001     
   190.00000000000000       -4.1970308063128840E-002   1.2400000000000000E-002  0.56720000000000004        7.0400000000000004E-002  0.17480000000000001       0.17519999999999999     
   191.00000000000000       -4.1692290111677618E-002   1.2200000000000001E-002  0.56720000000000004        6.7400000000000002E-002  0.17740000000000000       0.17580000000000001     
   192.00000000000000       -4.1149961485573275E-002   1.1599999999999999E-002  0.56779999999999997        6.7400000000000002E-002  0.17740000000000000       0.17580000000000001     
   193.00000000000000       -3.8192715222150259E-002   8.9999999999999993E-003  0.56620000000000004        6.6199999999999995E-002  0.17820000000000000       0.18040000000000000     
   194.00000000000000       -3.8124179302616440E-002   8.2000000000000007E-003  0.56640000000000001        6.4799999999999996E-002  0.17999999999999999       0.18060000000000001     
   195.00000000000000       -3.7269793438723296E-002   7.4000000000000003E-003  0.56420000000000003        6.5799999999999997E-002  0.18040000000000000       0.18220000000000000     
   196.00000000000000       -3.7350829645228532E-002   1.8800000000000001E-002  0.55200000000000005        6.4799999999999996E-002  0.18079999999999999       0.18360000000000001     
   197.00000000000000       -1.6239774321719767E-002   1.8800000000000001E-002  0.55200000000000005        6.4199999999999993E-002  0.18079999999999999       0.18420000000000000     
   198.00000000000000        9.3862775053441122E-003   1.8800000000000001E-002  0.55200000000000005        6.4000000000000001E-002  0.18060000000000001       0.18459999999999999     
   199.00000000000000        3.3977025181799417E-002   1.8800000000000001E-002  0.55200000000000005        6.4000000000000001E-002  0.18060000000000001       0.18459999999999999     
   200.00000000000000        5.5898027465120764E-002   1.8800000000000001E-002  0.61399999999999999        0.0000000000000000       0.18040000000000000       0.18679999999999999     
   201.00000000000000        6.6840354768932950E-002   1.8800000000000001E-002  0.61339999999999995        0.0000000000000000       0.17780000000000001       0.19000000000000000     
   202.00000000000000        6.1537349310367147E-002   1.8800000000000001E-002  0.61319999999999997        0.0000000000000000       0.17640000000000000       0.19159999999999999     
   203.00000000000000        5.5163443477526511E-002   1.8800000000000001E-002  0.61319999999999997        0.0000000000000000       0.17580000000000001       0.19220000000000001     
   204.00000000000000        4.9186871573911252E-002   1.8800000000000001E-002  0.61319999999999997        0.0000000000000000       0.17580000000000001       0.19220000000000001     
   205.00000000000000        4.2791635562256791E-002   1.8800000000000001E-002  0.61240000000000006        0.0000000000000000       0.17660000000000001       0.19220000000000001     
   206.00000000000000        3.5477641830603583E-002  0.17119999999999999       0.45540000000000003        0.0000000000000000       0.18020000000000000       0.19320000000000001     
   207.00000000000000        3.3975293419884429E-002  0.17160000000000000       0.45479999999999998        0.0000000000000000       0.17979999999999999       0.19380000000000000     
   208.00000000000000        3.4223703052043225E-002  0.17160000000000000       0.45479999999999998        0.0000000000000000       0.18020000000000000       0.19339999999999999     
   209.00000000000000        3.1534237177047425E-002  0.17080000000000001       0.45560000000000000        0.0000000000000000       0.17780000000000001       0.19580000000000000     
   210.00000000000000        2.5104781671300629E-002  0.17060000000000000       0.45579999999999998        0.0000000000000000       0.17799999999999999       0.19560000000000000     
   211.00000000000000        1.2830694370432640E-002  0.41380000000000000       0.21220000000000000        4.0000000000000002E-004  0.17780000000000001       0.19580000000000000     
   212.00000000000000        6.0441538527157765E-003  0.41060000000000002       0.21460000000000001        4.0000000000000002E-004  0.17860000000000001       0.19580000000000000     
   213.00000000000000        4.1202677638527349E-003  0.48540000000000000       0.13320000000000001        4.0000000000000002E-004  0.18400000000000000       0.19700000000000001     
   214.00000000000000        7.9507949774846043E-003  0.48520000000000002       0.10280000000000000        3.0200000000000001E-002  0.18400000000000000       0.19780000000000000     
   215.00000000000000        8.1660376005526988E-003  0.43300000000000000       0.15479999999999999        2.9800000000000000E-002  0.18459999999999999       0.19780000000000000     
   216.00000000000000       -7.0134863367225103E-004  0.43259999999999998       0.15520000000000000        2.9399999999999999E-002  0.18200000000000000       0.20080000000000001     
