#        BMIN =   404
#        BMAX =   408
#     INIBAND =   406
#      NBANDS =   540
#         NSW =  2000
#       POTIM =   1.0
#        TEMP = 300.0
#    NAMDTINI =   455
#    NAMDTIME =  1000
#       NTRAJ =  5000
#        NELM =  1000
#       LHOLE =     T
#        LSHP =     T
#      LCPTXT =     T
#      RUNDIR = ../../run/
   1.0000000000000000       -7.6130616530770065E-002   0.0000000000000000        0.0000000000000000        1.0000000000000000        0.0000000000000000        0.0000000000000000     
   2.0000000000000000       -9.0344630360241665E-002   0.0000000000000000        6.7999999999999996E-003  0.99299999999999999        0.0000000000000000        2.0000000000000001E-004
   3.0000000000000000       -9.2594729079625890E-002   0.0000000000000000        1.4000000000000000E-003  0.99819999999999998        2.0000000000000001E-004   2.0000000000000001E-004
   4.0000000000000000       -8.9288741313791317E-002   0.0000000000000000        0.0000000000000000       0.99800000000000000        1.1999999999999999E-003   8.0000000000000004E-004
   5.0000000000000000       -8.4395179948755505E-002   0.0000000000000000        0.0000000000000000       0.99739999999999995        1.1999999999999999E-003   1.4000000000000000E-003
   6.0000000000000000       -7.8450771525168467E-002   0.0000000000000000        0.0000000000000000       0.99719999999999998        1.4000000000000000E-003   1.4000000000000000E-003
   7.0000000000000000       -7.1815042283497568E-002   0.0000000000000000        0.0000000000000000       0.99719999999999998        1.4000000000000000E-003   1.4000000000000000E-003
   8.0000000000000000       -6.4278669582370621E-002   0.0000000000000000        0.0000000000000000       0.99719999999999998        1.1999999999999999E-003   1.6000000000000001E-003
   9.0000000000000000       -5.6447920434980196E-002   0.0000000000000000        0.0000000000000000       0.99719999999999998        1.1999999999999999E-003   1.6000000000000001E-003
   10.000000000000000       -4.7209598643495693E-002   0.0000000000000000        0.0000000000000000       0.99580000000000002        2.5999999999999999E-003   1.6000000000000001E-003
   11.000000000000000       -3.7972825997803411E-002   0.0000000000000000        0.0000000000000000       0.99500000000000000        2.8000000000000000E-003   2.2000000000000001E-003
   12.000000000000000       -2.7492401936463004E-002   0.0000000000000000        0.0000000000000000       0.99480000000000002        3.2000000000000002E-003   2.0000000000000000E-003
   13.000000000000000       -1.6291926956595957E-002   0.0000000000000000        0.0000000000000000       0.99360000000000004        4.4000000000000003E-003   2.0000000000000000E-003
   14.000000000000000       -2.3377521497742800E-003   0.0000000000000000        0.0000000000000000       0.99360000000000004        4.4000000000000003E-003   2.0000000000000000E-003
   15.000000000000000        1.7956481787112157E-002   0.0000000000000000        0.0000000000000000       0.99339999999999995        4.5999999999999999E-003   2.0000000000000000E-003
   16.000000000000000        4.3591000686264494E-002   0.0000000000000000        5.9999999999999995E-004  0.99080000000000001        6.6000000000000000E-003   2.0000000000000000E-003
   17.000000000000000        7.0750797465623128E-002   0.0000000000000000        5.9999999999999995E-004  0.99080000000000001        6.6000000000000000E-003   2.0000000000000000E-003
   18.000000000000000        9.7157521202023409E-002   0.0000000000000000        8.0000000000000004E-004  0.98939999999999995        6.6000000000000000E-003   3.2000000000000002E-003
   19.000000000000000       0.12086218720392682        0.0000000000000000        8.0000000000000004E-004  0.98839999999999995        6.6000000000000000E-003   4.1999999999999997E-003
   20.000000000000000       0.14048501919379469        0.0000000000000000        8.0000000000000004E-004  0.98780000000000001        6.6000000000000000E-003   4.7999999999999996E-003
   21.000000000000000       0.15612146022751142        0.0000000000000000        8.0000000000000004E-004  0.98680000000000001        7.6000000000000000E-003   4.7999999999999996E-003
   22.000000000000000       0.16635321422688701        0.0000000000000000        8.0000000000000004E-004  0.98680000000000001        7.6000000000000000E-003   4.7999999999999996E-003
   23.000000000000000       0.17215260048252148        0.0000000000000000        8.0000000000000004E-004  0.98619999999999997        8.2000000000000007E-003   4.7999999999999996E-003
   24.000000000000000       0.17563901340101848        0.0000000000000000        8.0000000000000004E-004  0.98280000000000001        8.6000000000000000E-003   7.7999999999999996E-003
   25.000000000000000       0.17221373272225071        0.0000000000000000        8.0000000000000004E-004  0.98219999999999996        8.6000000000000000E-003   8.3999999999999995E-003
   26.000000000000000       0.16641653034931930        0.0000000000000000        8.0000000000000004E-004  0.97280000000000000        7.7999999999999996E-003   1.8599999999999998E-002
   27.000000000000000       0.15396228867410763        0.0000000000000000        8.0000000000000004E-004  0.97260000000000002        7.4000000000000003E-003   1.9199999999999998E-002
   28.000000000000000       0.13686293275126835        0.0000000000000000        8.0000000000000004E-004  0.97219999999999995        7.4000000000000003E-003   1.9599999999999999E-002
   29.000000000000000       0.11620275575056434        0.0000000000000000        8.0000000000000004E-004  0.97160000000000002        7.7999999999999996E-003   1.9800000000000002E-002
   30.000000000000000        9.3155955576408406E-002   0.0000000000000000        8.0000000000000004E-004  0.97060000000000002        8.2000000000000007E-003   2.0400000000000001E-002
   31.000000000000000        6.7510421677745625E-002   0.0000000000000000        8.0000000000000004E-004  0.96999999999999997        8.2000000000000007E-003   2.1000000000000001E-002
   32.000000000000000        3.8555585502085633E-002   0.0000000000000000        8.0000000000000004E-004  0.96919999999999995        8.2000000000000007E-003   2.1800000000000000E-002
   33.000000000000000        1.3475078051581855E-002   8.0000000000000004E-004   0.0000000000000000       0.96919999999999995        8.2000000000000007E-003   2.1800000000000000E-002
   34.000000000000000       -1.2690620080408959E-002   8.0000000000000004E-004   0.0000000000000000       0.96919999999999995        5.4000000000000003E-003   2.4600000000000000E-002
   35.000000000000000       -3.7023802985176373E-002   8.0000000000000004E-004   0.0000000000000000       0.96899999999999997        5.4000000000000003E-003   2.4799999999999999E-002
   36.000000000000000       -5.8421285900942872E-002   8.0000000000000004E-004   1.1999999999999999E-003  0.96779999999999999        4.1999999999999997E-003   2.5999999999999999E-002
   37.000000000000000       -7.4788900829354313E-002   8.0000000000000004E-004   1.4000000000000000E-003  0.96760000000000002        4.1999999999999997E-003   2.5999999999999999E-002
   38.000000000000000       -8.6204265951129871E-002   8.0000000000000004E-004   1.4000000000000000E-003  0.96719999999999995        4.1999999999999997E-003   2.6400000000000000E-002
   39.000000000000000       -9.1843348165211558E-002   8.0000000000000004E-004   0.0000000000000000       0.96860000000000002        4.0000000000000001E-003   2.6599999999999999E-002
   40.000000000000000       -9.1429975518138376E-002   8.0000000000000004E-004   0.0000000000000000       0.96819999999999995        3.2000000000000002E-003   2.7799999999999998E-002
   41.000000000000000       -8.7705479095979089E-002   8.0000000000000004E-004   0.0000000000000000       0.96819999999999995        3.2000000000000002E-003   2.7799999999999998E-002
   42.000000000000000       -8.0565051985625941E-002   8.0000000000000004E-004   0.0000000000000000       0.96819999999999995        3.2000000000000002E-003   2.7799999999999998E-002
   43.000000000000000       -7.0064616398321913E-002   8.0000000000000004E-004   0.0000000000000000       0.96699999999999997        4.0000000000000001E-003   2.8199999999999999E-002
   44.000000000000000       -5.9042988170565996E-002   8.0000000000000004E-004   0.0000000000000000       0.96699999999999997        4.0000000000000001E-003   2.8199999999999999E-002
   45.000000000000000       -4.5957051333502585E-002   4.0000000000000002E-004   0.0000000000000000       0.96719999999999995        3.8000000000000000E-003   2.8600000000000000E-002
   46.000000000000000       -2.9937364514993597E-002   4.0000000000000002E-004   0.0000000000000000       0.96579999999999999        3.8000000000000000E-003   2.9999999999999999E-002
   47.000000000000000       -1.3916311124450022E-002   4.0000000000000002E-004   0.0000000000000000       0.96299999999999997        4.7999999999999996E-003   3.1800000000000002E-002
   48.000000000000000        3.0467307785902106E-003   4.0000000000000002E-004   0.0000000000000000       0.96299999999999997        3.0000000000000001E-003   3.3599999999999998E-002
   49.000000000000000        2.0266008745343331E-002   4.0000000000000002E-004   0.0000000000000000       0.96299999999999997        2.8000000000000000E-003   3.3799999999999997E-002
   50.000000000000000        3.8712277432172960E-002   4.0000000000000002E-004   0.0000000000000000       0.96240000000000003        3.3999999999999998E-003   3.3799999999999997E-002
   51.000000000000000        5.7646835753159223E-002   4.0000000000000002E-004   0.0000000000000000       0.96220000000000006        3.5999999999999999E-003   3.3799999999999997E-002
   52.000000000000000        7.9176001491962994E-002   4.0000000000000002E-004   0.0000000000000000       0.95999999999999996        3.2000000000000002E-003   3.6400000000000002E-002
   53.000000000000000        9.9120637184673580E-002   4.0000000000000002E-004   0.0000000000000000       0.95999999999999996        3.2000000000000002E-003   3.6400000000000002E-002
   54.000000000000000       0.11980996899138732        4.0000000000000002E-004   0.0000000000000000       0.95479999999999998        4.4000000000000003E-003   4.0399999999999998E-002
   55.000000000000000       0.14218288247995817        4.0000000000000002E-004   0.0000000000000000       0.94520000000000004        4.7999999999999996E-003   4.9599999999999998E-002
   56.000000000000000       0.16492829019585842        4.0000000000000002E-004   0.0000000000000000       0.93720000000000003        5.0000000000000001E-003   5.7400000000000000E-002
   57.000000000000000       0.18226136550270280        4.0000000000000002E-004   0.0000000000000000       0.93300000000000005        7.4000000000000003E-003   5.9200000000000003E-002
   58.000000000000000       0.19804290661224425        4.0000000000000002E-004   0.0000000000000000       0.93140000000000001        8.9999999999999993E-003   5.9200000000000003E-002
   59.000000000000000       0.21157201754385702        4.0000000000000002E-004   0.0000000000000000       0.92959999999999998        8.9999999999999993E-003   6.0999999999999999E-002
   60.000000000000000       0.22213174249060488        4.0000000000000002E-004   0.0000000000000000       0.92959999999999998        8.3999999999999995E-003   6.1600000000000002E-002
   61.000000000000000       0.23039723336193316        4.0000000000000002E-004   0.0000000000000000       0.92959999999999998        8.3999999999999995E-003   6.1600000000000002E-002
   62.000000000000000       0.23745825185406907        4.0000000000000002E-004   0.0000000000000000       0.92600000000000005        8.8000000000000005E-003   6.4799999999999996E-002
   63.000000000000000       0.24133380946432714        4.0000000000000002E-004   0.0000000000000000       0.92540000000000000        8.6000000000000000E-003   6.5600000000000006E-002
   64.000000000000000       0.24448637577117929        4.0000000000000002E-004   0.0000000000000000       0.92140000000000000        9.1999999999999998E-003   6.9000000000000006E-002
   65.000000000000000       0.24548819920732651        4.0000000000000002E-004   0.0000000000000000       0.91940000000000000        1.1200000000000000E-002   6.9000000000000006E-002
   66.000000000000000       0.24622576906104740        4.0000000000000002E-004   4.0000000000000002E-004  0.91900000000000004        1.1200000000000000E-002   6.9000000000000006E-002
   67.000000000000000       0.25028078578784740        4.0000000000000002E-004   4.0000000000000002E-004  0.91900000000000004        1.1200000000000000E-002   6.9000000000000006E-002
   68.000000000000000       0.26130656618092163        4.0000000000000002E-004   4.0000000000000002E-004  0.91559999999999997        1.3200000000000000E-002   7.0400000000000004E-002
   69.000000000000000       0.27520887699616742        4.0000000000000002E-004   8.0000000000000004E-004  0.91239999999999999        1.3400000000000000E-002   7.2999999999999995E-002
   70.000000000000000       0.28867259492378883        4.0000000000000002E-004   5.9999999999999995E-004  0.91259999999999997        1.3400000000000000E-002   7.2999999999999995E-002
   71.000000000000000       0.30148103461245418        4.0000000000000002E-004   5.9999999999999995E-004  0.90959999999999996        1.3400000000000000E-002   7.5999999999999998E-002
   72.000000000000000       0.31008423676074653        4.0000000000000002E-004   5.9999999999999995E-004  0.90959999999999996        1.3400000000000000E-002   7.5999999999999998E-002
   73.000000000000000       0.31579365065886694        4.0000000000000002E-004   5.9999999999999995E-004  0.90620000000000001        1.6400000000000001E-002   7.6399999999999996E-002
   74.000000000000000       0.31727603352102085        4.0000000000000002E-004   5.9999999999999995E-004  0.90620000000000001        1.6400000000000001E-002   7.6399999999999996E-002
   75.000000000000000       0.31594857801519377        4.0000000000000002E-004   5.9999999999999995E-004  0.90380000000000005        1.7999999999999999E-002   7.7200000000000005E-002
   76.000000000000000       0.30849369690675349        4.0000000000000002E-004   5.9999999999999995E-004  0.89620000000000000        2.5600000000000001E-002   7.7200000000000005E-002
   77.000000000000000       0.29875541511462861        4.0000000000000002E-004   5.9999999999999995E-004  0.89659999999999995        2.5200000000000000E-002   7.7200000000000005E-002
   78.000000000000000       0.28605360253523981        4.0000000000000002E-004   5.9999999999999995E-004  0.89580000000000004        2.5999999999999999E-002   7.7200000000000005E-002
   79.000000000000000       0.27151593094347132        4.0000000000000002E-004   5.9999999999999995E-004  0.89419999999999999        2.7600000000000000E-002   7.7200000000000005E-002
   80.000000000000000       0.25497835829874216        1.0000000000000000E-003   0.0000000000000000       0.89359999999999995        2.8199999999999999E-002   7.7200000000000005E-002
   81.000000000000000       0.23677192339000230        1.0000000000000000E-003   0.0000000000000000       0.89239999999999997        2.7600000000000000E-002   7.9000000000000001E-002
   82.000000000000000       0.21704620748799441        1.0000000000000000E-003   0.0000000000000000       0.89139999999999997        2.7600000000000000E-002   8.0000000000000002E-002
   83.000000000000000       0.19131908863677705        1.0000000000000000E-003   9.6400000000000000E-002  0.79479999999999995        2.7799999999999998E-002   8.0000000000000002E-002
   84.000000000000000       0.17851544997742189        1.0000000000000000E-003   9.6199999999999994E-002  0.79479999999999995        2.7799999999999998E-002   8.0199999999999994E-002
   85.000000000000000       0.19344142201342945        1.0000000000000000E-003   9.6199999999999994E-002  0.79479999999999995        2.7799999999999998E-002   8.0199999999999994E-002
   86.000000000000000       0.20295870485477330        1.0000000000000000E-003   9.6199999999999994E-002  0.79459999999999997        2.7400000000000001E-002   8.0799999999999997E-002
   87.000000000000000       0.20601804414915709        1.0000000000000000E-003   9.6199999999999994E-002  0.79459999999999997        2.7400000000000001E-002   8.0799999999999997E-002
   88.000000000000000       0.20257847631755488        1.0000000000000000E-003   9.6000000000000002E-002  0.79459999999999997        2.8400000000000002E-002   8.0000000000000002E-002
   89.000000000000000       0.19191096602863797        1.0000000000000000E-003   9.6000000000000002E-002  0.79459999999999997        1.7600000000000001E-002   9.0800000000000006E-002
   90.000000000000000       0.17396204879162791        1.0000000000000000E-003   9.6000000000000002E-002  0.79459999999999997        2.0400000000000001E-002   8.7999999999999995E-002
   91.000000000000000       0.15012859687033270        1.0000000000000000E-003   9.5799999999999996E-002  0.79459999999999997        2.5000000000000001E-002   8.3599999999999994E-002
   92.000000000000000       0.12234722386869192        1.0000000000000000E-003   9.5799999999999996E-002  0.79459999999999997        2.2400000000000000E-002   8.6199999999999999E-002
   93.000000000000000        8.9157415236017695E-002   8.0000000000000004E-004   9.5799999999999996E-002  0.79459999999999997        2.2200000000000001E-002   8.6599999999999996E-002
   94.000000000000000        5.0268188717701931E-002   8.0000000000000004E-004   9.5799999999999996E-002  0.79459999999999997        2.2200000000000001E-002   8.6599999999999996E-002
   95.000000000000000        9.4081470911795764E-003   8.0000000000000004E-004   9.5799999999999996E-002  0.79459999999999997        2.1999999999999999E-002   8.6800000000000002E-002
   96.000000000000000       -3.3807359130942349E-002   8.0000000000000004E-004   9.5600000000000004E-002  0.79459999999999997        2.1999999999999999E-002   8.6999999999999994E-002
   97.000000000000000       -7.6561417015969427E-002   5.9999999999999995E-004   0.0000000000000000       0.89039999999999997        2.1999999999999999E-002   8.6999999999999994E-002
   98.000000000000000       -9.8380561778491027E-002   1.6000000000000001E-003   2.0000000000000001E-004  0.88919999999999999        2.1999999999999999E-002   8.6999999999999994E-002
   99.000000000000000      -0.11015165070335910        1.6000000000000001E-003  0.22380000000000000       0.66080000000000005        2.5800000000000000E-002   8.7999999999999995E-002
   100.00000000000000      -0.10722188973123772        1.6000000000000001E-003  0.19719999999999999       0.68740000000000001        2.5600000000000001E-002   8.8200000000000001E-002
   101.00000000000000       -9.8713570617311341E-002   1.6000000000000001E-003  0.19939999999999999       0.68520000000000003        2.5600000000000001E-002   8.8200000000000001E-002
   102.00000000000000       -8.8255063697851160E-002   1.1999999999999999E-003  0.20039999999999999       0.68379999999999996        2.5399999999999999E-002   8.9200000000000002E-002
   103.00000000000000       -7.7468192884827897E-002   1.4000000000000000E-003  0.20080000000000001       0.68320000000000003        2.5399999999999999E-002   8.9200000000000002E-002
   104.00000000000000       -6.9701100863085799E-002   1.1999999999999999E-003  0.19700000000000001       0.68440000000000001        2.7799999999999998E-002   8.9599999999999999E-002
   105.00000000000000       -5.3998231034207533E-002   1.1999999999999999E-003  0.19460000000000000       0.68500000000000005        2.9000000000000001E-002   9.0200000000000002E-002
   106.00000000000000       -3.9587890874906238E-002   1.1999999999999999E-003  0.19460000000000000       0.67740000000000000        3.5000000000000003E-002   9.1800000000000007E-002
   107.00000000000000       -2.9666932133378614E-002   1.4000000000000000E-003  0.19220000000000001       0.67400000000000004        4.0399999999999998E-002   9.1999999999999998E-002
   108.00000000000000       -2.0486667999272012E-002   1.4000000000000000E-003  0.19180000000000000       0.66859999999999997        4.6199999999999998E-002   9.1999999999999998E-002
   109.00000000000000       -1.1548591740207996E-002   1.4000000000000000E-003  0.19080000000000000       0.66739999999999999        4.6800000000000001E-002   9.3600000000000003E-002
   110.00000000000000       -3.3329046515613303E-003   1.4000000000000000E-003  0.19000000000000000       0.66220000000000001        4.9399999999999999E-002   9.7000000000000003E-002
   111.00000000000000        2.3226076832412457E-003   1.4000000000000000E-003  0.18980000000000000       0.65200000000000002        5.9799999999999999E-002   9.7000000000000003E-002
   112.00000000000000        5.7525995579870218E-003   1.4000000000000000E-003  0.18980000000000000       0.65100000000000002        5.9600000000000000E-002   9.8199999999999996E-002
   113.00000000000000        7.0684873733245432E-003   5.0000000000000001E-003  0.18579999999999999       0.65080000000000005        5.9600000000000000E-002   9.8799999999999999E-002
   114.00000000000000        1.3814610516718166E-002   5.0000000000000001E-003  0.18579999999999999       0.65080000000000005        5.9600000000000000E-002   9.8799999999999999E-002
   115.00000000000000        2.1719300062375834E-002   5.0000000000000001E-003  0.18579999999999999       0.64780000000000004        5.9600000000000000E-002  0.10180000000000000     
   116.00000000000000        2.6906220092439953E-002   5.0000000000000001E-003  0.18579999999999999       0.64780000000000004        5.9600000000000000E-002  0.10180000000000000     
   117.00000000000000        3.2752060679281499E-002   5.0000000000000001E-003  0.11380000000000000       0.71799999999999997        5.9999999999999998E-002  0.10320000000000000     
   118.00000000000000        4.4758523229589189E-002   5.0000000000000001E-003  0.11380000000000000       0.71799999999999997        5.9999999999999998E-002  0.10320000000000000     
   119.00000000000000        6.8811984569032009E-002   4.5999999999999999E-003  0.11380000000000000       0.71840000000000004        5.9999999999999998E-002  0.10320000000000000     
   120.00000000000000        8.8125602865641542E-002   4.5999999999999999E-003  0.11380000000000000       0.71840000000000004        5.9999999999999998E-002  0.10320000000000000     
   121.00000000000000       0.10328020897429763        4.5999999999999999E-003  0.11360000000000001       0.71840000000000004        6.0199999999999997E-002  0.10320000000000000     
   122.00000000000000       0.11332138787160043        4.5999999999999999E-003  0.11340000000000000       0.71840000000000004        5.5399999999999998E-002  0.10820000000000000     
   123.00000000000000       0.11753866483753414        4.1999999999999997E-003  0.11380000000000000       0.71840000000000004        5.5399999999999998E-002  0.10820000000000000     
   124.00000000000000       0.11718045376938292        4.1999999999999997E-003  0.11280000000000000       0.71940000000000004        5.2999999999999999E-002  0.11060000000000000     
   125.00000000000000       0.11183915757466829        4.1999999999999997E-003  0.11180000000000000       0.72040000000000004        5.3600000000000002E-002  0.11000000000000000     
   126.00000000000000       0.10049247769219623        4.1999999999999997E-003  0.11160000000000000       0.72060000000000002        5.2200000000000003E-002  0.11140000000000000     
   127.00000000000000        8.3491424042793208E-002   4.1999999999999997E-003  0.11160000000000000       0.72060000000000002        5.2600000000000001E-002  0.11100000000000000     
   128.00000000000000        6.1505865820872849E-002   2.2200000000000001E-002   9.3399999999999997E-002  0.72080000000000000        5.2600000000000001E-002  0.11100000000000000     
   129.00000000000000        3.5722541250798510E-002   2.2200000000000001E-002   9.3399999999999997E-002  0.72080000000000000        5.2600000000000001E-002  0.11100000000000000     
   130.00000000000000        8.0333807253485622E-003  0.11559999999999999        0.0000000000000000       0.72080000000000000        5.2600000000000001E-002  0.11100000000000000     
   131.00000000000000       -2.1957696358906729E-002  0.11500000000000000        3.2399999999999998E-002  0.68859999999999999        5.2400000000000002E-002  0.11160000000000000     
   132.00000000000000       -3.3942737025825231E-002  0.11660000000000000        3.3399999999999999E-002  0.68600000000000005        5.2400000000000002E-002  0.11160000000000000     
   133.00000000000000       -2.0706262400140799E-002  0.11660000000000000        3.1199999999999999E-002  0.68820000000000003        5.2200000000000003E-002  0.11180000000000000     
   134.00000000000000       -6.2622912415387089E-003  0.11000000000000000        3.3599999999999998E-002  0.68899999999999995        5.4399999999999997E-002  0.11300000000000000     
   135.00000000000000        1.3194630200089215E-002  0.10920000000000001        3.3399999999999999E-002  0.68540000000000001        5.5000000000000000E-002  0.11700000000000001     
   136.00000000000000        3.4348260872827115E-002  0.10860000000000000        3.3799999999999997E-002  0.68359999999999999        5.5599999999999997E-002  0.11840000000000001     
   137.00000000000000        5.5216762424935215E-002  0.10720000000000000        3.4400000000000000E-002  0.68440000000000001        5.4800000000000001E-002  0.11920000000000000     
   138.00000000000000        7.7331845733900090E-002  0.10720000000000000        3.4200000000000001E-002  0.68079999999999996        5.8200000000000002E-002  0.11960000000000000     
   139.00000000000000        9.9724727153879811E-002  0.10460000000000000        3.4400000000000000E-002  0.68320000000000003        5.8200000000000002E-002  0.11960000000000000     
   140.00000000000000       0.12174435208705595       0.10440000000000001        3.4599999999999999E-002  0.68300000000000005        5.8400000000000001E-002  0.11960000000000000     
   141.00000000000000       0.14453425700616090       0.10360000000000000        3.3799999999999997E-002  0.67900000000000005        5.9200000000000003E-002  0.12440000000000000     
   142.00000000000000       0.16625963152023748        9.9000000000000005E-002   3.3599999999999998E-002  0.68320000000000003        5.9799999999999999E-002  0.12440000000000000     
   143.00000000000000       0.18816302463042212        9.3200000000000005E-002   3.9199999999999999E-002  0.67900000000000005        5.9999999999999998E-002  0.12859999999999999     
   144.00000000000000       0.20808693086940699        8.9399999999999993E-002   4.2799999999999998E-002  0.67479999999999996        6.3600000000000004E-002  0.12939999999999999     
   145.00000000000000       0.22567751342514414        8.8999999999999996E-002   4.2599999999999999E-002  0.67540000000000000        6.3600000000000004E-002  0.12939999999999999     
   146.00000000000000       0.24182608379575105        8.8800000000000004E-002   4.2799999999999998E-002  0.67559999999999998        6.3399999999999998E-002  0.12939999999999999     
   147.00000000000000       0.25692940693075250        8.8800000000000004E-002   4.2000000000000003E-002  0.67600000000000005        6.3200000000000006E-002  0.13000000000000000     
   148.00000000000000       0.27115646466478960        8.4000000000000005E-002   4.4600000000000001E-002  0.67779999999999996        6.3200000000000006E-002  0.13039999999999999     
   149.00000000000000       0.28439473621765765        7.2200000000000000E-002   5.3999999999999999E-002  0.67940000000000000        6.3200000000000006E-002  0.13120000000000001     
   150.00000000000000       0.29537421693984600        7.0999999999999994E-002   5.3800000000000001E-002  0.68020000000000003        6.3200000000000006E-002  0.13180000000000000     
   151.00000000000000       0.30424691894918421        7.0999999999999994E-002   5.2200000000000003E-002  0.68159999999999998        6.3000000000000000E-002  0.13220000000000001     
   152.00000000000000       0.31201610706967808        6.5199999999999994E-002   5.6399999999999999E-002  0.68200000000000005        6.2799999999999995E-002  0.13360000000000000     
   153.00000000000000       0.31757035603576972        6.4199999999999993E-002   5.7000000000000002E-002  0.68200000000000005        6.3000000000000000E-002  0.13380000000000000     
   154.00000000000000       0.32182452544866652        6.1400000000000003E-002   5.8400000000000001E-002  0.68140000000000001        6.3799999999999996E-002  0.13500000000000001     
   155.00000000000000       0.32387759022802687        6.1400000000000003E-002   5.8400000000000001E-002  0.67959999999999998        6.5600000000000006E-002  0.13500000000000001     
   156.00000000000000       0.32435972908033667        6.1400000000000003E-002   5.8400000000000001E-002  0.67740000000000000        6.6600000000000006E-002  0.13619999999999999     
   157.00000000000000       0.32246951153979098        6.1400000000000003E-002   5.8400000000000001E-002  0.67340000000000000        6.9199999999999998E-002  0.13760000000000000     
   158.00000000000000       0.31830124613757871        6.1400000000000003E-002   5.7400000000000000E-002  0.67240000000000000        7.1199999999999999E-002  0.13760000000000000     
   159.00000000000000       0.31143184853605743        6.1400000000000003E-002   5.6200000000000000E-002  0.67379999999999995        7.0999999999999994E-002  0.13760000000000000     
   160.00000000000000       0.30293425050393596        6.0999999999999999E-002   5.5599999999999997E-002  0.67459999999999998        7.0999999999999994E-002  0.13780000000000001     
   161.00000000000000       0.29371678029004750        6.0199999999999997E-002   5.2200000000000003E-002  0.67840000000000000        7.0999999999999994E-002  0.13819999999999999     
   162.00000000000000       0.28242953638435470        5.8400000000000001E-002   5.2800000000000000E-002  0.67779999999999996        7.2400000000000006E-002  0.13860000000000000     
   163.00000000000000       0.27024825390796847        5.5599999999999997E-002   5.4800000000000001E-002  0.67400000000000004        7.2400000000000006E-002  0.14319999999999999     
   164.00000000000000       0.25768711320421411        5.0000000000000003E-002   5.8200000000000002E-002  0.67240000000000000        7.1599999999999997E-002  0.14779999999999999     
   165.00000000000000       0.24195968971243931        5.0000000000000003E-002   5.8000000000000003E-002  0.67259999999999998        6.4799999999999996E-002  0.15459999999999999     
   166.00000000000000       0.22690056063891512        4.1599999999999998E-002   6.6000000000000003E-002  0.67040000000000000        6.0999999999999999E-002  0.16100000000000000     
   167.00000000000000       0.20999757364769173        3.5200000000000002E-002   7.1800000000000003E-002  0.67020000000000002        5.8999999999999997E-002  0.16380000000000000     
   168.00000000000000       0.19309049539578321        3.3200000000000000E-002   6.7599999999999993E-002  0.67620000000000002        5.0000000000000003E-002  0.17299999999999999     
   169.00000000000000       0.18242958175189222        3.2599999999999997E-002   6.6600000000000006E-002  0.67740000000000000        4.9000000000000002E-002  0.17440000000000000     
   170.00000000000000       0.17873719635498803        3.2399999999999998E-002   6.6199999999999995E-002  0.67700000000000005        4.9599999999999998E-002  0.17480000000000001     
   171.00000000000000       0.17788235577752443        2.3599999999999999E-002   6.5600000000000006E-002  0.68259999999999998        5.5399999999999998E-002  0.17280000000000001     
   172.00000000000000       0.17431905244091844        2.3800000000000002E-002   6.4799999999999996E-002  0.68259999999999998        5.5800000000000002E-002  0.17299999999999999     
   173.00000000000000       0.16981124158522079        2.3800000000000002E-002   6.4799999999999996E-002  0.68040000000000000        4.2599999999999999E-002  0.18840000000000001     
   174.00000000000000       0.16197781120564231        2.2599999999999999E-002   6.4000000000000001E-002  0.68120000000000003        5.1400000000000001E-002  0.18079999999999999     
   175.00000000000000       0.15270516444334542        2.1800000000000000E-002   6.2799999999999995E-002  0.67840000000000000        6.0600000000000001E-002  0.17640000000000000     
   176.00000000000000       0.14259904731525302        2.1800000000000000E-002   6.2199999999999998E-002  0.67220000000000002        6.6199999999999995E-002  0.17760000000000001     
   177.00000000000000       0.13197389399508380        2.1800000000000000E-002   5.8999999999999997E-002  0.66839999999999999        7.0000000000000007E-002  0.18079999999999999     
   178.00000000000000       0.12068426356441588        3.4599999999999999E-002   4.5999999999999999E-002  0.66720000000000002        6.2199999999999998E-002  0.19000000000000000     
   179.00000000000000       0.11086363778335030        3.3799999999999997E-002   4.5999999999999999E-002  0.66620000000000001        6.3000000000000000E-002  0.19100000000000000     
   180.00000000000000       0.10177110047375608        3.3399999999999999E-002   3.5400000000000001E-002  0.67720000000000002        6.2399999999999997E-002  0.19159999999999999     
   181.00000000000000        9.4979798734610654E-002   3.0800000000000001E-002   3.7999999999999999E-002  0.67720000000000002        6.2399999999999997E-002  0.19159999999999999     
   182.00000000000000       0.12557487534536091        3.0800000000000001E-002   3.7600000000000001E-002  0.67720000000000002        6.2799999999999995E-002  0.19159999999999999     
   183.00000000000000       0.15495373449295871        2.4600000000000000E-002   4.3600000000000000E-002  0.67720000000000002        6.3000000000000000E-002  0.19159999999999999     
   184.00000000000000       0.18134297738159136        2.3800000000000002E-002   4.3799999999999999E-002  0.67720000000000002        6.3000000000000000E-002  0.19220000000000001     
   185.00000000000000       0.20292847192288690        2.3800000000000002E-002   4.3799999999999999E-002  0.67720000000000002        6.3000000000000000E-002  0.19220000000000001     
   186.00000000000000       0.22200435505549099        2.1999999999999999E-002   4.5199999999999997E-002  0.67720000000000002        6.2399999999999997E-002  0.19320000000000001     
   187.00000000000000       0.23460514144400277        2.1999999999999999E-002   4.5199999999999997E-002  0.67720000000000002        6.2399999999999997E-002  0.19320000000000001     
   188.00000000000000       0.24198774797070915        2.1999999999999999E-002   4.4800000000000000E-002  0.67720000000000002        6.2799999999999995E-002  0.19320000000000001     
   189.00000000000000       0.24338620812688969        2.1999999999999999E-002   4.4800000000000000E-002  0.67720000000000002        6.2799999999999995E-002  0.19320000000000001     
   190.00000000000000       0.23791054015626822        2.1800000000000000E-002   4.4800000000000000E-002  0.67740000000000000        6.2600000000000003E-002  0.19339999999999999     
   191.00000000000000       0.22674820117969041        2.1399999999999999E-002   4.5199999999999997E-002  0.67740000000000000        6.2600000000000003E-002  0.19339999999999999     
   192.00000000000000       0.20958130617176568        2.1399999999999999E-002   4.5199999999999997E-002  0.67740000000000000        6.2600000000000003E-002  0.19339999999999999     
   193.00000000000000       0.18769483728884212        2.1200000000000000E-002   4.5400000000000003E-002  0.67740000000000000        6.1800000000000001E-002  0.19420000000000001     
   194.00000000000000       0.16090341941391273        2.1200000000000000E-002   4.4999999999999998E-002  0.67740000000000000        6.1400000000000003E-002  0.19500000000000001     
   195.00000000000000       0.12991837427304903        2.1200000000000000E-002   3.2000000000000001E-002  0.69040000000000001        6.1400000000000003E-002  0.19500000000000001     
   196.00000000000000       0.12296557251988786        2.0799999999999999E-002   3.2000000000000001E-002  0.68820000000000003        5.9999999999999998E-002  0.19900000000000001     
   197.00000000000000       0.12539278265985918        2.0799999999999999E-002   3.2000000000000001E-002  0.68740000000000001        5.8200000000000002E-002  0.20160000000000000     
   198.00000000000000       0.12619414880846705        2.0799999999999999E-002   3.1600000000000003E-002  0.68779999999999997        5.8400000000000001E-002  0.20140000000000000     
   199.00000000000000       0.12944357859645150        1.9199999999999998E-002   3.3200000000000000E-002  0.68220000000000003        5.9200000000000003E-002  0.20619999999999999     
   200.00000000000000       0.13093674198042751        1.8200000000000001E-002   3.5000000000000003E-002  0.67979999999999996        5.9799999999999999E-002  0.20720000000000000     
   201.00000000000000       0.13617202819628010        1.8200000000000001E-002   3.5999999999999997E-002  0.67800000000000005        6.0999999999999999E-002  0.20680000000000001     
   202.00000000000000       0.15109352011674149        1.8200000000000001E-002   9.7999999999999997E-003  0.70399999999999996        6.6600000000000006E-002  0.20140000000000000     
   203.00000000000000       0.18247923831076621        1.8200000000000001E-002   7.4000000000000003E-003  0.70340000000000003        6.7199999999999996E-002  0.20380000000000001     
   204.00000000000000       0.22472682951944217        1.7200000000000000E-002   7.6000000000000000E-003  0.68440000000000001        8.3799999999999999E-002  0.20699999999999999     
   205.00000000000000       0.25502448611794082        1.4800000000000001E-002   9.7999999999999997E-003  0.63000000000000000       0.13860000000000000       0.20680000000000001     
   206.00000000000000       0.28137362390962939        1.0200000000000001E-002   1.1400000000000000E-002  0.63400000000000001       0.13780000000000001       0.20660000000000001     
   207.00000000000000       0.31897566176994974        5.1999999999999998E-003   4.7999999999999996E-003  0.64559999999999995       0.13780000000000001       0.20660000000000001     
   208.00000000000000       0.56519780429467481        5.0000000000000001E-003   5.0000000000000001E-003  0.64539999999999997       0.13700000000000001       0.20760000000000001     
   209.00000000000000       0.64118370656158796        0.0000000000000000        1.0000000000000000E-002  0.38960000000000000       0.37480000000000002       0.22559999999999999     
   210.00000000000000       0.39083490318754815        0.0000000000000000        8.9999999999999993E-003  0.38700000000000001       0.37719999999999998       0.22680000000000000     
   211.00000000000000       0.49070017358691176        0.0000000000000000        8.9999999999999993E-003  0.38700000000000001       0.37659999999999999       0.22739999999999999     
   212.00000000000000        6.3682050294416828E-002   0.0000000000000000        8.9999999999999993E-003  0.38700000000000001       0.37500000000000000       0.22900000000000001     
   213.00000000000000       0.42611518078489807        0.0000000000000000        8.9999999999999993E-003  0.38279999999999997       0.37800000000000000       0.23019999999999999     
   214.00000000000000       0.46149511137544119        0.0000000000000000        0.0000000000000000       0.25840000000000002       0.51000000000000001       0.23160000000000000     
   215.00000000000000       0.80982343205016760        0.0000000000000000        0.0000000000000000       0.25840000000000002       0.50639999999999996       0.23519999999999999     
   216.00000000000000       0.82500279008251087        0.0000000000000000        0.0000000000000000       0.25779999999999997       0.50700000000000001       0.23519999999999999     
