#        BMIN =   404
#        BMAX =   408
#     INIBAND =   406
#      NBANDS =   540
#         NSW =  2000
#       POTIM =   1.0
#        TEMP = 300.0
#    NAMDTINI =   127
#    NAMDTIME =  1000
#       NTRAJ =  5000
#        NELM =  1000
#       LHOLE =     T
#        LSHP =     T
#      LCPTXT =     T
#      RUNDIR = ../../run/
   1.0000000000000000       -2.7663067222078393E-002   0.0000000000000000        0.0000000000000000        1.0000000000000000        0.0000000000000000        0.0000000000000000     
   2.0000000000000000       -2.5378111330839694E-002   0.0000000000000000        0.0000000000000000        1.0000000000000000        0.0000000000000000        0.0000000000000000     
   3.0000000000000000       -2.5856816072531222E-002   0.0000000000000000        0.0000000000000000       0.99980000000000002        2.0000000000000001E-004   0.0000000000000000     
   4.0000000000000000       -2.9231917749645127E-002   0.0000000000000000        0.0000000000000000       0.99980000000000002        2.0000000000000001E-004   0.0000000000000000     
   5.0000000000000000       -3.5311956500423340E-002   0.0000000000000000        0.0000000000000000       0.99960000000000004        2.0000000000000001E-004   2.0000000000000001E-004
   6.0000000000000000       -4.4431162685589144E-002   0.0000000000000000        0.0000000000000000       0.99860000000000004        1.0000000000000000E-003   4.0000000000000002E-004
   7.0000000000000000       -5.6995737459121863E-002   0.0000000000000000        0.0000000000000000       0.99839999999999995        1.1999999999999999E-003   4.0000000000000002E-004
   8.0000000000000000       -7.2281091025979932E-002   0.0000000000000000        1.8000000000000000E-003  0.99660000000000004        1.1999999999999999E-003   4.0000000000000002E-004
   9.0000000000000000       -5.6887395561879425E-002   0.0000000000000000        1.8000000000000000E-003  0.99660000000000004        1.1999999999999999E-003   4.0000000000000002E-004
   10.000000000000000       -4.2583653583977733E-003   0.0000000000000000        1.8000000000000000E-003  0.99660000000000004        1.1999999999999999E-003   4.0000000000000002E-004
   11.000000000000000        7.6470289214856213E-002   0.0000000000000000        1.8000000000000000E-003  0.46260000000000001       0.53480000000000005        8.0000000000000004E-004
   12.000000000000000        8.9700369526170928E-002   0.0000000000000000        1.6000000000000001E-003  0.46239999999999998       0.53480000000000005        1.1999999999999999E-003
   13.000000000000000       0.10949432222316306        0.0000000000000000        1.6000000000000001E-003  0.46379999999999999       0.41959999999999997       0.11500000000000000     
   14.000000000000000       0.11413410953592222        0.0000000000000000        1.6000000000000001E-003  0.42620000000000002       0.45720000000000000       0.11500000000000000     
   15.000000000000000       0.10192022767265577        0.0000000000000000        1.6000000000000001E-003  0.42780000000000001       0.45560000000000000       0.11500000000000000     
   16.000000000000000        8.8304169298662791E-002   0.0000000000000000        1.6000000000000001E-003  0.43020000000000003       0.45319999999999999       0.11500000000000000     
   17.000000000000000        7.8202984632887260E-002   0.0000000000000000        1.6000000000000001E-003  0.39600000000000002       0.48740000000000000       0.11500000000000000     
   18.000000000000000        6.2704247755775863E-002   0.0000000000000000        1.6000000000000001E-003  0.39419999999999999       0.48920000000000002       0.11500000000000000     
   19.000000000000000        4.7783399911877106E-002   0.0000000000000000        1.6000000000000001E-003  0.39460000000000001       0.48880000000000001       0.11500000000000000     
   20.000000000000000        3.4198859759553710E-002   0.0000000000000000        1.6000000000000001E-003  0.39500000000000002       0.48840000000000000       0.11500000000000000     
   21.000000000000000        2.0675646302020838E-002   0.0000000000000000        1.6000000000000001E-003  0.39520000000000000       0.48820000000000002       0.11500000000000000     
   22.000000000000000        6.0483407872582908E-003   2.0000000000000001E-004   1.4000000000000000E-003  0.39300000000000002       0.49040000000000000       0.11500000000000000     
   23.000000000000000       -1.6290515761881712E-003   2.0000000000000001E-004   1.4000000000000000E-003  0.39300000000000002       0.49040000000000000       0.11500000000000000     
   24.000000000000000       -1.2849772919898705E-002   2.0000000000000001E-004   1.4000000000000000E-003  0.39319999999999999       0.49020000000000002       0.11500000000000000     
   25.000000000000000       -2.0717225341520037E-002   2.0000000000000001E-004   1.4000000000000000E-003  0.38640000000000002       0.43219999999999997       0.17979999999999999     
   26.000000000000000       -3.6883244373835687E-002   2.0000000000000001E-004   1.4000000000000000E-003  0.29799999999999999       0.50760000000000005       0.19280000000000000     
   27.000000000000000       -5.6009681743021830E-002   0.0000000000000000        1.4000000000000000E-003  0.29799999999999999       0.50719999999999998       0.19339999999999999     
   28.000000000000000       -6.2873718154484851E-002   0.0000000000000000        1.0000000000000000E-003  0.29799999999999999       0.41699999999999998       0.28399999999999997     
   29.000000000000000       -6.9367893642011763E-002   0.0000000000000000        5.9999999999999995E-004  0.29799999999999999       0.40939999999999999       0.29199999999999998     
   30.000000000000000       -7.4487613503517375E-002   0.0000000000000000        5.9999999999999995E-004  0.29799999999999999       0.41039999999999999       0.29099999999999998     
   31.000000000000000       -7.3301843513438297E-002   0.0000000000000000        5.9999999999999995E-004  0.29799999999999999       0.39319999999999999       0.30819999999999997     
   32.000000000000000       -6.9389238821981628E-002   0.0000000000000000        0.0000000000000000       0.29499999999999998       0.39720000000000000       0.30780000000000002     
   33.000000000000000       -5.7978679672336851E-002   0.0000000000000000        0.0000000000000000       0.28260000000000002       0.40739999999999998       0.31000000000000000     
   34.000000000000000       -3.8346817906188622E-002   0.0000000000000000        0.0000000000000000       0.28260000000000002       0.40699999999999997       0.31040000000000001     
   35.000000000000000       -1.5431713139571979E-002   0.0000000000000000        0.0000000000000000       0.27820000000000000       0.40899999999999997       0.31280000000000002     
   36.000000000000000        6.3391682552217041E-003   0.0000000000000000        0.0000000000000000       0.27700000000000002       0.41020000000000001       0.31280000000000002     
   37.000000000000000        2.7726648639024971E-002   0.0000000000000000        0.0000000000000000       0.27700000000000002       0.41020000000000001       0.31280000000000002     
   38.000000000000000        5.1598882359654805E-002   0.0000000000000000        0.0000000000000000       0.27120000000000000       0.40639999999999998       0.32240000000000002     
   39.000000000000000        7.3006511311448780E-002   0.0000000000000000        0.0000000000000000       0.26939999999999997       0.40179999999999999       0.32879999999999998     
   40.000000000000000        9.3799752850972556E-002   0.0000000000000000        0.0000000000000000       0.26879999999999998       0.39839999999999998       0.33279999999999998     
   41.000000000000000       0.11427330311048436        0.0000000000000000        0.0000000000000000       0.26740000000000003       0.39419999999999999       0.33839999999999998     
   42.000000000000000       0.13386011267471248        0.0000000000000000        0.0000000000000000       0.26740000000000003       0.38100000000000001       0.35160000000000002     
   43.000000000000000       0.15104416532469545        0.0000000000000000        0.0000000000000000       0.26400000000000001       0.38240000000000002       0.35360000000000003     
   44.000000000000000       0.16689775095112216        0.0000000000000000        0.0000000000000000       0.26400000000000001       0.38379999999999997       0.35220000000000001     
   45.000000000000000       0.18312807234685624        0.0000000000000000        0.0000000000000000       0.25800000000000001       0.38419999999999999       0.35780000000000001     
   46.000000000000000       0.19817111807800630        0.0000000000000000        0.0000000000000000       0.25800000000000001       0.36780000000000002       0.37419999999999998     
   47.000000000000000       0.21146087096007138        0.0000000000000000        0.0000000000000000       0.25500000000000000       0.37280000000000002       0.37219999999999998     
   48.000000000000000       0.22417519655848533        0.0000000000000000        0.0000000000000000       0.25040000000000001       0.37740000000000001       0.37219999999999998     
   49.000000000000000       0.23673800602430928        0.0000000000000000        0.0000000000000000       0.24820000000000000       0.36280000000000001       0.38900000000000001     
   50.000000000000000       0.24729964586388709        0.0000000000000000        0.0000000000000000       0.24820000000000000       0.36459999999999998       0.38719999999999999     
   51.000000000000000       0.25670185695812481        0.0000000000000000        0.0000000000000000       0.24820000000000000       0.36459999999999998       0.38719999999999999     
   52.000000000000000       0.26600344740479087        0.0000000000000000        0.0000000000000000       0.24460000000000001       0.36480000000000001       0.39060000000000000     
   53.000000000000000       0.27453136193933986        0.0000000000000000        0.0000000000000000       0.23540000000000000       0.37319999999999998       0.39140000000000003     
   54.000000000000000       0.28078058426976144        0.0000000000000000        0.0000000000000000       0.23540000000000000       0.37340000000000001       0.39119999999999999     
   55.000000000000000       0.28587654962415776        0.0000000000000000        0.0000000000000000       0.23480000000000001       0.37319999999999998       0.39200000000000002     
   56.000000000000000       0.28929907931891186        0.0000000000000000        0.0000000000000000       0.23540000000000000       0.37259999999999999       0.39200000000000002     
   57.000000000000000       0.29302840616823239        0.0000000000000000        0.0000000000000000       0.22239999999999999       0.38519999999999999       0.39240000000000003     
   58.000000000000000       0.29445970601276072        0.0000000000000000        0.0000000000000000       0.21500000000000000       0.39260000000000000       0.39240000000000003     
   59.000000000000000       0.29403893159496747        0.0000000000000000        0.0000000000000000       0.21320000000000000       0.39279999999999998       0.39400000000000002     
   60.000000000000000       0.29235065124469495        0.0000000000000000        0.0000000000000000       0.20840000000000000       0.39720000000000000       0.39439999999999997     
   61.000000000000000       0.28947604985314945        0.0000000000000000        0.0000000000000000       0.20440000000000000       0.40100000000000002       0.39460000000000001     
   62.000000000000000       0.28579198611618750        0.0000000000000000        0.0000000000000000       0.19520000000000001       0.40539999999999998       0.39939999999999998     
   63.000000000000000       0.28153967560858428        0.0000000000000000        0.0000000000000000       0.18659999999999999       0.40420000000000000       0.40920000000000001     
   64.000000000000000       0.27380492283631452        0.0000000000000000        0.0000000000000000       0.18640000000000001       0.40720000000000001       0.40639999999999998     
   65.000000000000000       0.26776213918856656        0.0000000000000000        0.0000000000000000       0.18640000000000001       0.37800000000000000       0.43559999999999999     
   66.000000000000000       0.25846706047849732        0.0000000000000000        0.0000000000000000       0.18620000000000000       0.37959999999999999       0.43419999999999997     
   67.000000000000000       0.24948869811930358        0.0000000000000000        0.0000000000000000       0.18579999999999999       0.38300000000000001       0.43120000000000003     
   68.000000000000000       0.24050071609835472        0.0000000000000000        0.0000000000000000       0.18579999999999999       0.38019999999999998       0.43400000000000000     
   69.000000000000000       0.23220923738094981        0.0000000000000000        0.0000000000000000       0.18440000000000001       0.37640000000000001       0.43919999999999998     
   70.000000000000000       0.22401288634418434        0.0000000000000000        0.0000000000000000       0.18079999999999999       0.36780000000000002       0.45140000000000002     
   71.000000000000000       0.21681606807382076        0.0000000000000000        0.0000000000000000       0.17219999999999999       0.37200000000000000       0.45579999999999998     
   72.000000000000000       0.20774562351590592        0.0000000000000000        0.0000000000000000       0.16880000000000001       0.37700000000000000       0.45419999999999999     
   73.000000000000000       0.19749890237972523        0.0000000000000000        0.0000000000000000       0.16880000000000001       0.37880000000000003       0.45240000000000002     
   74.000000000000000       0.18750533387157356        0.0000000000000000        0.0000000000000000       0.16660000000000000       0.38100000000000001       0.45240000000000002     
   75.000000000000000       0.17667543937968277        0.0000000000000000        0.0000000000000000       0.16460000000000000       0.38419999999999999       0.45119999999999999     
   76.000000000000000       0.16701137272820643        0.0000000000000000        3.7199999999999997E-002  0.12680000000000000       0.37219999999999998       0.46379999999999999     
   77.000000000000000       0.16114526187282890        0.0000000000000000        3.6200000000000003E-002  0.12680000000000000       0.37359999999999999       0.46339999999999998     
   78.000000000000000       0.15602580754643847        0.0000000000000000        3.4000000000000002E-002  0.12680000000000000       0.37459999999999999       0.46460000000000001     
   79.000000000000000       0.15085236462558416        0.0000000000000000        3.3799999999999997E-002  0.12680000000000000       0.37319999999999998       0.46620000000000000     
   80.000000000000000       0.14573139592222051        0.0000000000000000        3.3799999999999997E-002  0.12680000000000000       0.37259999999999999       0.46679999999999999     
   81.000000000000000       0.14159737347058488        0.0000000000000000        3.2800000000000003E-002  0.12680000000000000       0.37359999999999999       0.46679999999999999     
   82.000000000000000       0.13769013800242177        0.0000000000000000        3.2800000000000003E-002  0.12680000000000000       0.37359999999999999       0.46679999999999999     
   83.000000000000000       0.13538469612771697        0.0000000000000000        3.2399999999999998E-002  0.12680000000000000       0.37080000000000002       0.46999999999999997     
   84.000000000000000       0.13362148278392447        0.0000000000000000        3.2000000000000001E-002  0.12680000000000000       0.36899999999999999       0.47220000000000001     
   85.000000000000000       0.13243577446986221        0.0000000000000000        3.1800000000000002E-002  0.12680000000000000       0.36899999999999999       0.47239999999999999     
   86.000000000000000       0.13391047403413059        0.0000000000000000        3.1800000000000002E-002  0.12680000000000000       0.35659999999999997       0.48480000000000001     
   87.000000000000000       0.13760610825352651        0.0000000000000000        4.0200000000000000E-002  0.11820000000000000       0.34880000000000000       0.49280000000000002     
   88.000000000000000       0.14306696637726213        0.0000000000000000        4.0200000000000000E-002  0.11820000000000000       0.34079999999999999       0.50080000000000002     
   89.000000000000000       0.15183307799519680        0.0000000000000000        4.0200000000000000E-002  0.11820000000000000       0.34079999999999999       0.50080000000000002     
   90.000000000000000       0.16183566431148666        0.0000000000000000        4.0200000000000000E-002  0.11820000000000000       0.34079999999999999       0.50080000000000002     
   91.000000000000000       0.17706259946058356        0.0000000000000000        3.6600000000000001E-002  0.11820000000000000       0.34079999999999999       0.50439999999999996     
   92.000000000000000       0.19397461429793555        0.0000000000000000        3.3799999999999997E-002  0.11500000000000000       0.34480000000000000       0.50639999999999996     
   93.000000000000000       0.20964621454670562        0.0000000000000000        3.3399999999999999E-002  0.11520000000000000       0.34480000000000000       0.50660000000000005     
   94.000000000000000       0.22587808629613640        0.0000000000000000        3.3399999999999999E-002  0.11340000000000000       0.34480000000000000       0.50839999999999996     
   95.000000000000000       0.24223340731672094        0.0000000000000000        3.3000000000000002E-002  0.11360000000000001       0.33720000000000000       0.51619999999999999     
   96.000000000000000       0.25674453313163947        0.0000000000000000        3.3000000000000002E-002  0.11320000000000000       0.33720000000000000       0.51659999999999995     
   97.000000000000000       0.26990138889584325        0.0000000000000000        3.2199999999999999E-002  0.11380000000000000       0.33839999999999998       0.51559999999999995     
   98.000000000000000       0.28350808515940229        0.0000000000000000        2.9800000000000000E-002  0.11160000000000000       0.34399999999999997       0.51459999999999995     
   99.000000000000000       0.29419371566753499        0.0000000000000000        2.9000000000000001E-002  0.11200000000000000       0.34520000000000001       0.51380000000000003     
   100.00000000000000       0.30416128198283626        0.0000000000000000        2.8799999999999999E-002  0.10940000000000000       0.35060000000000002       0.51119999999999999     
   101.00000000000000       0.31206375093708089        0.0000000000000000        2.9000000000000001E-002  0.10700000000000000       0.35520000000000002       0.50880000000000003     
   102.00000000000000       0.31918343523400089        0.0000000000000000        2.8600000000000000E-002  0.10700000000000000       0.34160000000000001       0.52280000000000004     
   103.00000000000000       0.32361676024233910        0.0000000000000000        2.5600000000000001E-002  0.10960000000000000       0.34260000000000002       0.52220000000000000     
   104.00000000000000       0.32569732024039388        0.0000000000000000        2.4799999999999999E-002  0.11040000000000000       0.34339999999999998       0.52139999999999997     
   105.00000000000000       0.32609132573367233        0.0000000000000000        2.4600000000000000E-002  0.10879999999999999       0.34360000000000002       0.52300000000000002     
   106.00000000000000       0.32594938467966550        0.0000000000000000        2.3199999999999998E-002  0.10960000000000000       0.33620000000000000       0.53100000000000003     
   107.00000000000000       0.32341050994199144        0.0000000000000000        2.2800000000000001E-002  0.10539999999999999       0.33900000000000002       0.53280000000000005     
   108.00000000000000       0.31772200475704537        0.0000000000000000        2.2400000000000000E-002  0.10539999999999999       0.33939999999999998       0.53280000000000005     
   109.00000000000000       0.31073493442643751        5.4000000000000003E-003   1.7000000000000001E-002  0.10539999999999999       0.33920000000000000       0.53300000000000003     
   110.00000000000000       0.30275955381027742        5.4000000000000003E-003   1.7000000000000001E-002  0.10360000000000000       0.34100000000000003       0.53300000000000003     
   111.00000000000000       0.29356775245669275        5.4000000000000003E-003   1.7000000000000001E-002  0.10520000000000000       0.33860000000000001       0.53380000000000005     
   112.00000000000000       0.28377046989577320        5.4000000000000003E-003   1.7000000000000001E-002  0.11119999999999999       0.33260000000000001       0.53380000000000005     
   113.00000000000000       0.27023497817588815        5.4000000000000003E-003   1.7000000000000001E-002  0.11080000000000000       0.32960000000000000       0.53720000000000001     
   114.00000000000000       0.26920548043451287        5.4000000000000003E-003   2.0000000000000001E-004  0.12780000000000000       0.32479999999999998       0.54179999999999995     
   115.00000000000000       0.26455527097869641        5.4000000000000003E-003   2.0000000000000001E-004  0.12780000000000000       0.32479999999999998       0.54179999999999995     
   116.00000000000000       0.26104487279191746        5.4000000000000003E-003   2.0000000000000001E-004  0.13660000000000000       0.31600000000000000       0.54179999999999995     
   117.00000000000000       0.25822922784398050        5.4000000000000003E-003   2.0000000000000001E-004  0.13500000000000001       0.31600000000000000       0.54339999999999999     
   118.00000000000000       0.25420273518359632        5.1999999999999998E-003   2.0000000000000001E-004  0.13400000000000001       0.31619999999999998       0.54440000000000000     
   119.00000000000000       0.24714895081989843        5.1999999999999998E-003   2.0000000000000001E-004  0.13380000000000000       0.31640000000000001       0.54440000000000000     
   120.00000000000000       0.23643622548861445        5.1999999999999998E-003   2.0000000000000001E-004  0.13300000000000001       0.31640000000000001       0.54520000000000002     
   121.00000000000000       0.22651374919396594        5.1999999999999998E-003   2.0000000000000001E-004  0.12959999999999999       0.31659999999999999       0.54840000000000000     
   122.00000000000000       0.21804148151818553        5.1999999999999998E-003   2.0000000000000001E-004  0.31340000000000001       0.12300000000000000       0.55820000000000003     
   123.00000000000000       0.20423043361282756        5.1999999999999998E-003   0.0000000000000000       0.31340000000000001       0.12239999999999999       0.55900000000000005     
   124.00000000000000       0.19306851802270514        5.1999999999999998E-003   0.0000000000000000       0.31340000000000001       0.11799999999999999       0.56340000000000001     
   125.00000000000000       0.18014068923066745        5.1999999999999998E-003   0.0000000000000000       0.31400000000000000       0.11680000000000000       0.56399999999999995     
   126.00000000000000       0.18397880578770684        5.1999999999999998E-003   0.0000000000000000       0.29480000000000001       0.13519999999999999       0.56479999999999997     
   127.00000000000000       0.18772552073169757        5.1999999999999998E-003   0.0000000000000000       0.30059999999999998       0.12939999999999999       0.56479999999999997     
   128.00000000000000       0.19391966989664500        5.1999999999999998E-003   0.0000000000000000       0.30620000000000003       0.12200000000000000       0.56659999999999999     
   129.00000000000000       0.20043635851006839        5.1999999999999998E-003   0.0000000000000000       0.30700000000000000       0.12120000000000000       0.56659999999999999     
   130.00000000000000       0.20785803881405174        4.0000000000000002E-004   4.5999999999999999E-003  0.30520000000000003       0.12320000000000000       0.56659999999999999     
   131.00000000000000       0.21736648625262400        4.0000000000000002E-004   4.4000000000000003E-003  0.30620000000000003       0.12139999999999999       0.56759999999999999     
   132.00000000000000       0.22772307917587525        4.0000000000000002E-004   4.4000000000000003E-003  0.30740000000000001       0.12000000000000000       0.56779999999999997     
   133.00000000000000       0.24175390550323664        4.0000000000000002E-004   4.1999999999999997E-003  0.30780000000000002       0.11960000000000000       0.56799999999999995     
   134.00000000000000       0.25252794090293457        4.0000000000000002E-004   4.1999999999999997E-003  0.30840000000000001       0.11899999999999999       0.56799999999999995     
   135.00000000000000       0.24946527975027821        4.0000000000000002E-004   4.1999999999999997E-003  0.29920000000000002       0.12640000000000001       0.56979999999999997     
   136.00000000000000       0.25290243922537492        4.0000000000000002E-004   4.1999999999999997E-003  0.29420000000000002       0.12980000000000000       0.57140000000000002     
   137.00000000000000       0.29373111148387515        5.9999999999999995E-004   4.0000000000000001E-003  0.29480000000000001       0.12920000000000001       0.57140000000000002     
   138.00000000000000       0.32863724691467833        5.9999999999999995E-004   4.0000000000000001E-003  0.29480000000000001       0.12920000000000001       0.57140000000000002     
   139.00000000000000       0.36276024087350839        8.0000000000000004E-004   3.8000000000000000E-003  0.26179999999999998       0.15859999999999999       0.57499999999999996     
   140.00000000000000       0.36470449012587264        8.0000000000000004E-004   3.8000000000000000E-003  0.23019999999999999       0.18959999999999999       0.57560000000000000     
   141.00000000000000       0.37335760235202009        4.0000000000000002E-004   4.0000000000000001E-003  0.23080000000000001       0.18900000000000000       0.57579999999999998     
   142.00000000000000       0.28514190254696647        0.0000000000000000        4.0000000000000001E-003  0.13560000000000000       0.18800000000000000       0.67240000000000000     
   143.00000000000000        1.4691121093922104        0.0000000000000000        3.8000000000000000E-003   0.0000000000000000       0.34760000000000002       0.64859999999999995     
   144.00000000000000        1.0901581747470481        0.0000000000000000        3.3999999999999998E-003   0.0000000000000000       0.34399999999999997       0.65259999999999996     
   145.00000000000000        1.0859576797342849        0.0000000000000000        3.3999999999999998E-003   0.0000000000000000       0.34300000000000003       0.65359999999999996     
   146.00000000000000        1.1617007290342476        0.0000000000000000        3.3999999999999998E-003   0.0000000000000000       0.19539999999999999       0.80120000000000002     
   147.00000000000000       0.49920126126077335        0.0000000000000000        3.3999999999999998E-003   0.0000000000000000       0.19439999999999999       0.80220000000000002     
   148.00000000000000       0.50318899350024671        0.0000000000000000        3.3999999999999998E-003   0.0000000000000000       0.19460000000000000       0.80200000000000005     
   149.00000000000000       0.50447308327368678        0.0000000000000000        3.3999999999999998E-003   0.0000000000000000       0.19339999999999999       0.80320000000000003     
   150.00000000000000       0.50259369966034761        0.0000000000000000        3.3999999999999998E-003   0.0000000000000000       0.19339999999999999       0.80320000000000003     
   151.00000000000000       0.49968533167846052        0.0000000000000000        3.3999999999999998E-003   0.0000000000000000       0.19040000000000001       0.80620000000000003     
   152.00000000000000       0.49420384505188708        0.0000000000000000        3.3999999999999998E-003   0.0000000000000000       0.19020000000000001       0.80640000000000001     
   153.00000000000000       0.48840168185782290        0.0000000000000000        3.3999999999999998E-003   0.0000000000000000       0.17979999999999999       0.81679999999999997     
   154.00000000000000       0.48016976337691641        0.0000000000000000        3.3999999999999998E-003   0.0000000000000000       0.18060000000000001       0.81599999999999995     
   155.00000000000000       0.46982893977004436        0.0000000000000000        3.3999999999999998E-003   0.0000000000000000       0.18360000000000001       0.81299999999999994     
   156.00000000000000       0.45838963423187473        0.0000000000000000        3.3999999999999998E-003   0.0000000000000000       0.18260000000000001       0.81399999999999995     
   157.00000000000000       0.44600574604283205        0.0000000000000000        3.3999999999999998E-003   0.0000000000000000       0.18559999999999999       0.81100000000000005     
   158.00000000000000       0.43284577066245111        0.0000000000000000        3.3999999999999998E-003   0.0000000000000000       0.18959999999999999       0.80700000000000005     
   159.00000000000000       0.41967613119382863        0.0000000000000000        3.3999999999999998E-003   0.0000000000000000       0.18700000000000000       0.80959999999999999     
   160.00000000000000       0.40613899168770573        2.0000000000000001E-004   3.2000000000000002E-003   0.0000000000000000       0.18459999999999999       0.81200000000000006     
   161.00000000000000       0.39392759012301259        2.0000000000000001E-004   3.2000000000000002E-003   0.0000000000000000       0.14219999999999999       0.85440000000000005     
   162.00000000000000       0.37957313393005432        2.0000000000000001E-004   3.2000000000000002E-003   0.0000000000000000       0.17660000000000001       0.81999999999999995     
   163.00000000000000       0.36524147660986528        2.0000000000000001E-004   3.2000000000000002E-003   0.0000000000000000       0.20240000000000000       0.79420000000000002     
   164.00000000000000       0.35267068341142233        2.0000000000000001E-004   3.2000000000000002E-003   0.0000000000000000       0.19860000000000000       0.79800000000000004     
   165.00000000000000       0.33894320739247180        2.0000000000000001E-004   3.2000000000000002E-003   0.0000000000000000       0.22259999999999999       0.77400000000000002     
   166.00000000000000       0.32662640275572091        2.0000000000000001E-004   3.2000000000000002E-003   0.0000000000000000       0.19700000000000001       0.79959999999999998     
   167.00000000000000       0.31471840842875753        2.0000000000000001E-004   3.2000000000000002E-003   0.0000000000000000       0.16619999999999999       0.83040000000000003     
   168.00000000000000       0.30262442146908791        4.0000000000000002E-004   3.0000000000000001E-003   0.0000000000000000       0.17399999999999999       0.82260000000000000     
   169.00000000000000       0.29085455249261244        2.0000000000000001E-004   3.0000000000000001E-003   2.0000000000000001E-004  0.19800000000000001       0.79859999999999998     
   170.00000000000000       0.28096735330773831        2.0000000000000001E-004   3.0000000000000001E-003   2.0000000000000001E-004  0.20580000000000001       0.79079999999999995     
   171.00000000000000       0.27366844601884172        2.0000000000000001E-004   3.0000000000000001E-003   2.0000000000000001E-004  0.17620000000000000       0.82040000000000002     
   172.00000000000000       0.26698991039317610        2.0000000000000001E-004   3.0000000000000001E-003   2.0000000000000001E-004  0.17340000000000000       0.82320000000000004     
   173.00000000000000       0.26238968618299313        2.0000000000000001E-004   3.0000000000000001E-003   2.0000000000000001E-004  0.15840000000000001       0.83819999999999995     
   174.00000000000000       0.25925387526534782        2.0000000000000001E-004   3.0000000000000001E-003   2.0000000000000001E-004  0.15640000000000001       0.84019999999999995     
   175.00000000000000       0.25703612130431341        2.0000000000000001E-004   3.0000000000000001E-003   2.0000000000000001E-004  0.15279999999999999       0.84379999999999999     
   176.00000000000000       0.25696480407170097        2.0000000000000001E-004   3.0000000000000001E-003   2.0000000000000001E-004  0.15260000000000001       0.84399999999999997     
   177.00000000000000       0.25845745834735734        2.0000000000000001E-004   3.0000000000000001E-003   2.0000000000000001E-004  0.15279999999999999       0.84379999999999999     
   178.00000000000000       0.26068702741801048        2.0000000000000001E-004   2.8000000000000000E-003   2.0000000000000001E-004  0.15320000000000000       0.84360000000000002     
   179.00000000000000       0.26632527004573192        2.0000000000000001E-004   2.8000000000000000E-003   2.0000000000000001E-004  0.15320000000000000       0.84360000000000002     
   180.00000000000000       0.27233106649158501        2.0000000000000001E-004   2.8000000000000000E-003   2.0000000000000001E-004  0.15220000000000000       0.84460000000000002     
   181.00000000000000       0.28021434601730288        2.0000000000000001E-004   2.8000000000000000E-003   2.0000000000000001E-004  0.15340000000000001       0.84340000000000004     
   182.00000000000000       0.28935739239213587        2.0000000000000001E-004   2.8000000000000000E-003   2.0000000000000001E-004  0.15400000000000000       0.84279999999999999     
   183.00000000000000       0.29981844220297282        2.0000000000000001E-004   2.8000000000000000E-003   2.0000000000000001E-004  0.15440000000000001       0.84240000000000004     
   184.00000000000000       0.31153474118289470        2.0000000000000001E-004   2.8000000000000000E-003   2.0000000000000001E-004  0.15420000000000000       0.84260000000000002     
   185.00000000000000       0.32437320089949884        2.0000000000000001E-004   2.8000000000000000E-003   2.0000000000000001E-004  0.15420000000000000       0.84260000000000002     
   186.00000000000000       0.33790404236940719        2.0000000000000001E-004   2.8000000000000000E-003   2.0000000000000001E-004  0.15420000000000000       0.84260000000000002     
   187.00000000000000       0.35162822771954422        2.0000000000000001E-004   2.8000000000000000E-003   2.0000000000000001E-004  0.15420000000000000       0.84260000000000002     
   188.00000000000000       0.36603158909308847        2.0000000000000001E-004   2.8000000000000000E-003   2.0000000000000001E-004  0.14999999999999999       0.84680000000000000     
   189.00000000000000       0.37965006645809191        2.0000000000000001E-004   2.8000000000000000E-003   2.0000000000000001E-004  0.14740000000000000       0.84940000000000004     
   190.00000000000000       0.39237087625550221        2.0000000000000001E-004   2.8000000000000000E-003   2.0000000000000001E-004  0.14740000000000000       0.84940000000000004     
   191.00000000000000       0.40391829257612200        2.0000000000000001E-004   2.8000000000000000E-003   2.0000000000000001E-004  0.14740000000000000       0.84940000000000004     
   192.00000000000000       0.41420002827434799        2.0000000000000001E-004   2.3999999999999998E-003   4.0000000000000002E-004  0.14760000000000001       0.84940000000000004     
   193.00000000000000       0.42235669969106715        2.0000000000000001E-004   2.3999999999999998E-003   4.0000000000000002E-004  0.14660000000000001       0.85040000000000004     
   194.00000000000000       0.42909587012282857        2.0000000000000001E-004   2.3999999999999998E-003   2.0000000000000001E-004  0.14399999999999999       0.85319999999999996     
   195.00000000000000       0.43277920094925476        2.0000000000000001E-004   2.3999999999999998E-003   2.0000000000000001E-004  0.14399999999999999       0.85319999999999996     
   196.00000000000000       0.43454542484592684        2.0000000000000001E-004   2.3999999999999998E-003   2.0000000000000001E-004  0.14240000000000000       0.85480000000000000     
   197.00000000000000       0.43394345007098645        2.0000000000000001E-004   2.2000000000000001E-003   2.0000000000000001E-004  0.14219999999999999       0.85519999999999996     
   198.00000000000000       0.43083671859799177        2.0000000000000001E-004   2.2000000000000001E-003   2.0000000000000001E-004  0.14219999999999999       0.85519999999999996     
   199.00000000000000       0.42562805640399870        2.0000000000000001E-004   2.2000000000000001E-003   2.0000000000000001E-004  0.14219999999999999       0.85519999999999996     
   200.00000000000000       0.41876843353272769        2.0000000000000001E-004   2.2000000000000001E-003   2.0000000000000001E-004  0.14219999999999999       0.85519999999999996     
   201.00000000000000       0.41018905133127298        2.0000000000000001E-004   2.2000000000000001E-003   2.0000000000000001E-004  0.14219999999999999       0.85519999999999996     
   202.00000000000000       0.40074946512637066        2.0000000000000001E-004   2.0000000000000000E-003   2.0000000000000001E-004  0.14240000000000000       0.85519999999999996     
   203.00000000000000       0.39059331512546086        2.0000000000000001E-004   1.8000000000000000E-003   2.0000000000000001E-004  0.13919999999999999       0.85860000000000003     
   204.00000000000000       0.37943116792922704        2.0000000000000001E-004   1.6000000000000001E-003   2.0000000000000001E-004  0.13940000000000000       0.85860000000000003     
   205.00000000000000       0.36730373079001799        2.0000000000000001E-004   1.6000000000000001E-003   2.0000000000000001E-004  0.13940000000000000       0.85860000000000003     
   206.00000000000000       0.35573271205206153        2.0000000000000001E-004   1.6000000000000001E-003   2.0000000000000001E-004  0.13700000000000001       0.86099999999999999     
   207.00000000000000       0.34418183278822778        2.0000000000000001E-004   1.6000000000000001E-003   2.0000000000000001E-004  0.13700000000000001       0.86099999999999999     
   208.00000000000000       0.33242484262326688        2.0000000000000001E-004   1.6000000000000001E-003   2.0000000000000001E-004  0.13700000000000001       0.86099999999999999     
   209.00000000000000       0.32131452917985165        2.0000000000000001E-004   1.4000000000000000E-003   4.0000000000000002E-004  0.13700000000000001       0.86099999999999999     
   210.00000000000000       0.31089789994469819        2.0000000000000001E-004   1.4000000000000000E-003   4.0000000000000002E-004  0.13700000000000001       0.86099999999999999     
   211.00000000000000       0.30128176896142533        5.9999999999999995E-004   1.0000000000000000E-003   4.0000000000000002E-004  0.13700000000000001       0.86099999999999999     
   212.00000000000000       0.29246535598650497        5.9999999999999995E-004   1.0000000000000000E-003   4.0000000000000002E-004  0.13700000000000001       0.86099999999999999     
   213.00000000000000       0.28354881711366381        5.9999999999999995E-004   1.0000000000000000E-003   4.0000000000000002E-004  0.13660000000000000       0.86140000000000005     
   214.00000000000000       0.27640082779728958        5.9999999999999995E-004   1.0000000000000000E-003   4.0000000000000002E-004  0.13660000000000000       0.86140000000000005     
   215.00000000000000       0.27534261801810311        5.9999999999999995E-004   1.0000000000000000E-003   4.0000000000000002E-004  0.13660000000000000       0.86140000000000005     
   216.00000000000000       0.27460057731548793        5.9999999999999995E-004   1.0000000000000000E-003   4.0000000000000002E-004  0.13660000000000000       0.86140000000000005     
