#        BMIN =   404
#        BMAX =   408
#     INIBAND =   406
#      NBANDS =   540
#         NSW =  2000
#       POTIM =   1.0
#        TEMP = 300.0
#    NAMDTINI =    55
#    NAMDTIME =  1000
#       NTRAJ =  5000
#        NELM =  1000
#       LHOLE =     T
#        LSHP =     T
#      LCPTXT =     T
#      RUNDIR = ../../run/
   1.0000000000000000       -9.8041197932808744E-002   0.0000000000000000        0.0000000000000000        1.0000000000000000        0.0000000000000000        0.0000000000000000     
   2.0000000000000000       -8.8271576870924073E-002   0.0000000000000000        0.0000000000000000       0.99980000000000002        0.0000000000000000        2.0000000000000001E-004
   3.0000000000000000       -7.8521456695900577E-002   0.0000000000000000        0.0000000000000000       0.99980000000000002        0.0000000000000000        2.0000000000000001E-004
   4.0000000000000000       -6.7048498688618563E-002   0.0000000000000000        0.0000000000000000       0.99980000000000002        0.0000000000000000        2.0000000000000001E-004
   5.0000000000000000       -5.6032387121087310E-002   0.0000000000000000        0.0000000000000000       0.99980000000000002        0.0000000000000000        2.0000000000000001E-004
   6.0000000000000000       -4.5093522854997029E-002   0.0000000000000000        0.0000000000000000       0.99919999999999998        4.0000000000000002E-004   4.0000000000000002E-004
   7.0000000000000000       -3.4398652876353061E-002   0.0000000000000000        0.0000000000000000       0.99819999999999998        1.0000000000000000E-003   8.0000000000000004E-004
   8.0000000000000000       -2.5029298722741563E-002   0.0000000000000000        0.0000000000000000       0.99819999999999998        1.0000000000000000E-003   8.0000000000000004E-004
   9.0000000000000000       -1.7349422681517186E-002   0.0000000000000000        0.0000000000000000       0.99819999999999998        1.0000000000000000E-003   8.0000000000000004E-004
   10.000000000000000       -1.1879640554255074E-002   0.0000000000000000        0.0000000000000000       0.99819999999999998        8.0000000000000004E-004   1.0000000000000000E-003
   11.000000000000000       -8.1773370241629700E-003   0.0000000000000000        0.0000000000000000       0.99800000000000000        1.0000000000000000E-003   1.0000000000000000E-003
   12.000000000000000       -6.9415182756281555E-003   0.0000000000000000        0.0000000000000000       0.99800000000000000        1.0000000000000000E-003   1.0000000000000000E-003
   13.000000000000000       -7.6038838444202885E-003   0.0000000000000000        0.0000000000000000       0.99800000000000000        1.0000000000000000E-003   1.0000000000000000E-003
   14.000000000000000       -9.0810694585987967E-003   0.0000000000000000        0.0000000000000000       0.99780000000000002        1.0000000000000000E-003   1.1999999999999999E-003
   15.000000000000000       -1.0484546068320940E-002   0.0000000000000000        0.0000000000000000       0.99760000000000004        1.0000000000000000E-003   1.4000000000000000E-003
   16.000000000000000       -1.0179630249730377E-002   1.4000000000000000E-003   0.0000000000000000       0.99299999999999999        1.0000000000000000E-003   4.5999999999999999E-003
   17.000000000000000       -8.0953754696027839E-003   0.0000000000000000        0.0000000000000000       0.99439999999999995        1.0000000000000000E-003   4.5999999999999999E-003
   18.000000000000000        3.6560097889502372E-003   1.7399999999999999E-002   0.0000000000000000       0.97680000000000000        1.0000000000000000E-003   4.7999999999999996E-003
   19.000000000000000        2.3498799257952771E-002   2.1200000000000000E-002   0.0000000000000000       0.97199999999999998        1.1999999999999999E-003   5.5999999999999999E-003
   20.000000000000000        4.3932716999676276E-002   1.8400000000000000E-002   0.0000000000000000       0.97360000000000002        1.1999999999999999E-003   6.7999999999999996E-003
   21.000000000000000        6.4081628447378011E-002   1.6600000000000000E-002   0.0000000000000000       0.97519999999999996        8.0000000000000004E-004   7.4000000000000003E-003
   22.000000000000000        8.2974355498781210E-002   1.2400000000000000E-002   3.2000000000000002E-003  0.97619999999999996        2.0000000000000001E-004   8.0000000000000002E-003
   23.000000000000000       0.10013813257195306        1.2400000000000000E-002   2.2000000000000001E-003  0.97719999999999996        2.0000000000000001E-004   8.0000000000000002E-003
   24.000000000000000       0.11608305822146955        1.2400000000000000E-002   2.3999999999999998E-003  0.97580000000000000        2.0000000000000001E-004   9.1999999999999998E-003
   25.000000000000000       0.13024272957344440        1.2400000000000000E-002   2.0000000000000000E-003  0.97460000000000002        8.0000000000000004E-004   1.0200000000000001E-002
   26.000000000000000       0.14328278180519638        1.2400000000000000E-002   1.0000000000000000E-003  0.97319999999999995        8.0000000000000004E-004   1.2600000000000000E-002
   27.000000000000000       0.15380433852052278        1.2400000000000000E-002   1.4000000000000000E-003  0.97180000000000000        1.8000000000000000E-003   1.2600000000000000E-002
   28.000000000000000       0.16208195619504065        1.2400000000000000E-002   1.4000000000000000E-003  0.97140000000000004        2.2000000000000001E-003   1.2600000000000000E-002
   29.000000000000000       0.16813899069991506        1.2400000000000000E-002   8.0000000000000004E-004  0.97140000000000004        2.2000000000000001E-003   1.3200000000000000E-002
   30.000000000000000       0.17187632527924782        1.2400000000000000E-002   1.6000000000000001E-003  0.96960000000000002        3.2000000000000002E-003   1.3200000000000000E-002
   31.000000000000000       0.17111991856667472        1.2200000000000001E-002  0.24979999999999999       0.72080000000000000        3.2000000000000002E-003   1.4000000000000000E-002
   32.000000000000000       0.17501461096930526        1.2200000000000001E-002  0.26379999999999998       0.70660000000000001        3.2000000000000002E-003   1.4200000000000001E-002
   33.000000000000000       0.18069271177071314        1.2200000000000001E-002  0.24220000000000000       0.72799999999999998        3.3999999999999998E-003   1.4200000000000001E-002
   34.000000000000000       0.18440670442267812        1.2200000000000001E-002  0.24560000000000001       0.72319999999999995        4.4000000000000003E-003   1.4600000000000000E-002
   35.000000000000000       0.18546880462118104        1.2200000000000001E-002  0.24660000000000001       0.72219999999999995        4.4000000000000003E-003   1.4600000000000000E-002
   36.000000000000000       0.18623645066033012        1.1400000000000000E-002  0.23899999999999999       0.72919999999999996        5.4000000000000003E-003   1.4999999999999999E-002
   37.000000000000000       0.18176934493440619        1.1200000000000000E-002  0.23899999999999999       0.72840000000000005        6.4000000000000003E-003   1.4999999999999999E-002
   38.000000000000000       0.17754076896091525        1.0800000000000001E-002  0.23139999999999999       0.73460000000000003        6.6000000000000000E-003   1.6600000000000000E-002
   39.000000000000000       0.17224897322612698        1.0800000000000001E-002  0.23160000000000000       0.72940000000000005        7.0000000000000001E-003   2.1200000000000000E-002
   40.000000000000000       0.16188374424202451        1.0800000000000001E-002  0.22919999999999999       0.73140000000000005        7.0000000000000001E-003   2.1600000000000001E-002
   41.000000000000000       0.15264829534267671        9.1999999999999998E-003  0.22720000000000001       0.73419999999999996        7.1999999999999998E-003   2.2200000000000001E-002
   42.000000000000000       0.13862813638319113        9.1999999999999998E-003  0.22539999999999999       0.73480000000000001        7.4000000000000003E-003   2.3199999999999998E-002
   43.000000000000000       0.12408866899381661        9.1999999999999998E-003  0.22539999999999999       0.73480000000000001        7.4000000000000003E-003   2.3199999999999998E-002
   44.000000000000000       0.10942881804980494        7.7999999999999996E-003  0.22459999999999999       0.73460000000000003        9.7999999999999997E-003   2.3199999999999998E-002
   45.000000000000000        9.3928663788991798E-002   7.1999999999999998E-003  0.22459999999999999       0.73480000000000001        1.0000000000000000E-002   2.3400000000000001E-002
   46.000000000000000        7.9496993646488850E-002   7.0000000000000001E-003  0.22040000000000001       0.73619999999999997        1.2400000000000000E-002   2.4000000000000000E-002
   47.000000000000000        7.6232128768640522E-002   7.0000000000000001E-003  0.22040000000000001       0.73519999999999996        1.2400000000000000E-002   2.5000000000000001E-002
   48.000000000000000        7.4589300347981669E-002   6.7999999999999996E-003  0.22040000000000001       0.73499999999999999        1.2800000000000001E-002   2.5000000000000001E-002
   49.000000000000000        7.2964033775135828E-002   6.7999999999999996E-003  0.22040000000000001       0.73399999999999999        1.2600000000000000E-002   2.6200000000000001E-002
   50.000000000000000        7.3286054782503746E-002   6.6000000000000000E-003   3.4400000000000000E-002  0.92020000000000002        1.2600000000000000E-002   2.6200000000000001E-002
   51.000000000000000        8.1883384227092085E-002   6.6000000000000000E-003   3.4200000000000001E-002  0.92020000000000002        1.2800000000000001E-002   2.6200000000000001E-002
   52.000000000000000        9.9262084129838640E-002   6.0000000000000001E-003   3.4200000000000001E-002  0.92079999999999995        1.2800000000000001E-002   2.6200000000000001E-002
   53.000000000000000       0.11090208700524881        6.0000000000000001E-003   3.3799999999999997E-002  0.92079999999999995        1.2800000000000001E-002   2.6599999999999999E-002
   54.000000000000000       0.11604922503647636        6.0000000000000001E-003   3.3799999999999997E-002  0.92079999999999995        1.2800000000000001E-002   2.6599999999999999E-002
   55.000000000000000       0.11440546592106483        6.0000000000000001E-003   3.3799999999999997E-002  0.92079999999999995        1.2800000000000001E-002   2.6599999999999999E-002
   56.000000000000000       0.10626748664235547        6.0000000000000001E-003   3.3799999999999997E-002  0.92079999999999995        1.2800000000000001E-002   2.6599999999999999E-002
   57.000000000000000        9.1381198700956678E-002   6.0000000000000001E-003   3.3799999999999997E-002  0.92079999999999995        1.2800000000000001E-002   2.6599999999999999E-002
   58.000000000000000        6.9836626324734752E-002   6.0000000000000001E-003   3.3799999999999997E-002  0.92079999999999995        1.1599999999999999E-002   2.7799999999999998E-002
   59.000000000000000        4.4147638949801997E-002   6.0000000000000001E-003   3.3399999999999999E-002  0.92079999999999995        1.1400000000000000E-002   2.8400000000000002E-002
   60.000000000000000        1.2663029557789465E-002   6.0000000000000001E-003   5.6800000000000003E-002  0.89739999999999998        1.1400000000000000E-002   2.8400000000000002E-002
   61.000000000000000       -1.3984096165588536E-002   5.4000000000000003E-003   5.6800000000000003E-002  0.88580000000000003        1.1400000000000000E-002   4.0599999999999997E-002
   62.000000000000000       -2.0161194775765438E-002   5.4000000000000003E-003   5.6800000000000003E-002  0.88419999999999999        1.1200000000000000E-002   4.2400000000000000E-002
   63.000000000000000       -2.6301776879228474E-002   6.0000000000000001E-003   5.6200000000000000E-002  0.88319999999999999        1.1800000000000000E-002   4.2799999999999998E-002
   64.000000000000000       -3.1982152878551828E-002   6.0000000000000001E-003   5.8599999999999999E-002  0.88080000000000003        1.1800000000000000E-002   4.2799999999999998E-002
   65.000000000000000       -3.4125186316484771E-002   6.0000000000000001E-003   5.3800000000000001E-002  0.88419999999999999        1.1800000000000000E-002   4.4200000000000003E-002
   66.000000000000000       -3.6570010536690706E-002   5.4000000000000003E-003   5.1999999999999998E-002  0.88660000000000005        1.1800000000000000E-002   4.4200000000000003E-002
   67.000000000000000       -3.7654648650755532E-002   5.4000000000000003E-003   4.0200000000000000E-002  0.89720000000000000        1.1800000000000000E-002   4.5400000000000003E-002
   68.000000000000000       -3.7144615437973497E-002   5.4000000000000003E-003   3.9800000000000002E-002  0.89759999999999995        1.1800000000000000E-002   4.5400000000000003E-002
   69.000000000000000       -3.3332416505028106E-002   5.0000000000000001E-003   5.8400000000000001E-002  0.87919999999999998        1.2000000000000000E-002   4.5400000000000003E-002
   70.000000000000000       -2.6969842758481796E-002   5.0000000000000001E-003   5.8599999999999999E-002  0.87839999999999996        1.2400000000000000E-002   4.5600000000000002E-002
   71.000000000000000       -2.0777936839877498E-002   5.0000000000000001E-003   5.8400000000000001E-002  0.87839999999999996        1.2600000000000000E-002   4.5600000000000002E-002
   72.000000000000000       -1.5485658329603465E-002   5.0000000000000001E-003   5.6399999999999999E-002  0.88019999999999998        1.2999999999999999E-002   4.5400000000000003E-002
   73.000000000000000       -1.1898889722502741E-002   5.0000000000000001E-003   5.6200000000000000E-002  0.87919999999999998        1.3200000000000000E-002   4.6399999999999997E-002
   74.000000000000000       -1.0644609979850766E-002   4.1999999999999997E-003   5.7000000000000002E-002  0.87919999999999998        1.3200000000000000E-002   4.6399999999999997E-002
   75.000000000000000       -1.1480921132564981E-002   4.5999999999999999E-003   5.5199999999999999E-002  0.87880000000000003        1.4800000000000001E-002   4.6600000000000003E-002
   76.000000000000000       -1.5561343852483520E-002   4.4000000000000003E-003   5.5800000000000002E-002  0.87839999999999996        1.4200000000000001E-002   4.7199999999999999E-002
   77.000000000000000       -2.0415181670262642E-002   4.5999999999999999E-003   5.1400000000000001E-002  0.87880000000000003        1.4200000000000001E-002   5.0999999999999997E-002
   78.000000000000000       -2.9566202353336579E-002   1.8200000000000001E-002   3.7800000000000000E-002  0.87539999999999996        1.5800000000000002E-002   5.2800000000000000E-002
   79.000000000000000       -4.1348458747858252E-002   1.8400000000000000E-002   3.7800000000000000E-002  0.87519999999999998        1.5800000000000002E-002   5.2800000000000000E-002
   80.000000000000000       -5.3619863924724814E-002   1.8599999999999998E-002   2.3199999999999998E-002  0.88959999999999995        1.5599999999999999E-002   5.2999999999999999E-002
   81.000000000000000       -4.1012725254179941E-002   1.8599999999999998E-002   2.3199999999999998E-002  0.88959999999999995        1.5599999999999999E-002   5.2999999999999999E-002
   82.000000000000000        4.0227769577465752E-003   1.8400000000000000E-002   2.3400000000000001E-002  0.88959999999999995        1.5599999999999999E-002   5.2999999999999999E-002
   83.000000000000000        7.1412353072845061E-002   1.8400000000000000E-002   2.3199999999999998E-002  0.48180000000000001       0.41839999999999999        5.8200000000000002E-002
   84.000000000000000        8.6284482299644957E-002   1.9599999999999999E-002   2.1999999999999999E-002  0.47360000000000002       0.41820000000000002        6.6600000000000006E-002
   85.000000000000000        9.2530536825424892E-002   1.9599999999999999E-002   2.1999999999999999E-002  0.47760000000000002       0.48080000000000001        0.0000000000000000     
   86.000000000000000       0.10087202266870024        1.9599999999999999E-002   2.1999999999999999E-002  0.43240000000000001       0.52600000000000002        0.0000000000000000     
   87.000000000000000        8.4951867070107573E-002   1.9599999999999999E-002   2.1999999999999999E-002  0.43440000000000001       0.52400000000000002        0.0000000000000000     
   88.000000000000000        6.8406388983887553E-002   1.9599999999999999E-002   2.1999999999999999E-002  0.43600000000000000       0.52239999999999998        0.0000000000000000     
   89.000000000000000        5.5697101844387274E-002   1.9599999999999999E-002   2.1999999999999999E-002  0.40720000000000001       0.55120000000000002        0.0000000000000000     
   90.000000000000000        3.8685237479275304E-002   1.9599999999999999E-002   2.1999999999999999E-002  0.40560000000000002       0.55279999999999996        0.0000000000000000     
   91.000000000000000        2.3203394855618020E-002   1.9199999999999998E-002   2.2400000000000000E-002  0.40600000000000003       0.55240000000000000        0.0000000000000000     
   92.000000000000000        1.0071072809926005E-002   1.9199999999999998E-002   2.2400000000000000E-002  0.40639999999999998       0.55200000000000005        0.0000000000000000     
   93.000000000000000       -2.2799560574525424E-003   1.9000000000000000E-002   2.2599999999999999E-002  0.40660000000000002       0.55179999999999996        0.0000000000000000     
   94.000000000000000       -1.5626522713472764E-002   1.8800000000000001E-002   2.2800000000000001E-002  0.40660000000000002       0.55179999999999996        0.0000000000000000     
   95.000000000000000       -2.0128966115587399E-002   1.8800000000000001E-002   2.2800000000000001E-002  0.40579999999999999       0.55259999999999998        0.0000000000000000     
   96.000000000000000       -2.8625588795634233E-002   1.9400000000000001E-002   2.2200000000000001E-002  0.40620000000000001       0.55220000000000002        0.0000000000000000     
   97.000000000000000       -3.2762427689930124E-002   1.9599999999999999E-002   2.1800000000000000E-002  0.40379999999999999       0.41480000000000000       0.14000000000000001     
   98.000000000000000       -4.5708280412305367E-002   1.9599999999999999E-002   2.1800000000000000E-002  0.20820000000000000       0.61060000000000003       0.13980000000000001     
   99.000000000000000       -6.8507321407111701E-002   1.9599999999999999E-002   2.1800000000000000E-002  0.20820000000000000       0.61019999999999996       0.14019999999999999     
   100.00000000000000       -7.3166691737165293E-002   3.0599999999999999E-002   1.0400000000000000E-002  0.20820000000000000       0.52339999999999998       0.22739999999999999     
   101.00000000000000       -7.6832318289183230E-002   3.0599999999999999E-002   1.0400000000000000E-002  0.20820000000000000       0.51259999999999994       0.23820000000000000     
   102.00000000000000       -7.8508228485609649E-002   2.9200000000000000E-002   1.0400000000000000E-002  0.20820000000000000       0.51519999999999999       0.23699999999999999     
   103.00000000000000       -7.4191326898178478E-002   2.9000000000000001E-002   1.0600000000000000E-002  0.20820000000000000       0.49500000000000000       0.25719999999999998     
   104.00000000000000       -6.8101850986277926E-002   2.8600000000000000E-002   1.0000000000000000E-002  0.20720000000000000       0.49719999999999998       0.25700000000000001     
   105.00000000000000       -5.5493457166614545E-002   2.8400000000000002E-002   1.0000000000000000E-002  0.19860000000000000       0.50139999999999996       0.26160000000000000     
   106.00000000000000       -3.6838200873251903E-002   2.7600000000000000E-002   1.0000000000000000E-002  0.19880000000000000       0.49859999999999999       0.26500000000000001     
   107.00000000000000       -1.5740927747987084E-002   2.7600000000000000E-002   1.0000000000000000E-002  0.19719999999999999       0.49840000000000001       0.26679999999999998     
   108.00000000000000        5.4087110118266821E-003   2.7199999999999998E-002   1.0000000000000000E-002  0.19620000000000001       0.49919999999999998       0.26740000000000003     
   109.00000000000000        2.6384368592213093E-002   2.6800000000000001E-002   1.0000000000000000E-002  0.19660000000000000       0.49919999999999998       0.26740000000000003     
   110.00000000000000        4.8862213721453517E-002   2.6800000000000001E-002   1.0000000000000000E-002  0.19320000000000001       0.49859999999999999       0.27139999999999997     
   111.00000000000000        7.0333807005774074E-002   2.6800000000000001E-002   1.0000000000000000E-002  0.19020000000000001       0.49700000000000000       0.27600000000000002     
   112.00000000000000        9.0935096116842751E-002   2.6800000000000001E-002   1.0000000000000000E-002  0.19000000000000000       0.49580000000000002       0.27739999999999998     
   113.00000000000000       0.11217357272182622        2.5200000000000000E-002   1.0000000000000000E-002  0.18859999999999999       0.49359999999999998       0.28260000000000002     
   114.00000000000000       0.13188560674186833        2.5200000000000000E-002   1.0000000000000000E-002  0.18859999999999999       0.48259999999999997       0.29360000000000003     
   115.00000000000000       0.14952567331946837        2.4400000000000002E-002   1.0000000000000000E-002  0.18620000000000000       0.48380000000000001       0.29559999999999997     
   116.00000000000000       0.16571769689736948        2.4400000000000002E-002   1.0000000000000000E-002  0.18620000000000000       0.48459999999999998       0.29480000000000001     
   117.00000000000000       0.18195431405638757        2.4199999999999999E-002   1.0000000000000000E-002  0.18099999999999999       0.48540000000000000       0.29940000000000000     
   118.00000000000000       0.19767927330950916        2.2599999999999999E-002   1.0000000000000000E-002  0.18099999999999999       0.46800000000000003       0.31840000000000002     
   119.00000000000000       0.21041721231533095        2.2599999999999999E-002   1.0000000000000000E-002  0.17920000000000000       0.47339999999999999       0.31480000000000002     
   120.00000000000000       0.22289539809294581        2.1999999999999999E-002   1.0000000000000000E-002  0.17480000000000001       0.47820000000000001       0.31500000000000000     
   121.00000000000000       0.23462387168476584        2.1399999999999999E-002   1.0000000000000000E-002  0.17519999999999999       0.46320000000000000       0.33019999999999999     
   122.00000000000000       0.24462305274482921        2.1200000000000000E-002   1.0000000000000000E-002  0.17540000000000000       0.46520000000000000       0.32819999999999999     
   123.00000000000000       0.25357000234066501        2.0799999999999999E-002   1.0000000000000000E-002  0.17560000000000001       0.46500000000000002       0.32860000000000000     
   124.00000000000000       0.26200264896854342        2.0400000000000001E-002   1.0000000000000000E-002  0.17440000000000000       0.46479999999999999       0.33040000000000003     
   125.00000000000000       0.27065252580371635        2.0400000000000001E-002   1.0000000000000000E-002  0.16080000000000000       0.47639999999999999       0.33239999999999997     
   126.00000000000000       0.27642842312048710        2.0400000000000001E-002   1.0000000000000000E-002  0.16080000000000000       0.47680000000000000       0.33200000000000002     
   127.00000000000000       0.28140373816625724        1.4600000000000000E-002   1.5800000000000002E-002  0.16020000000000001       0.47599999999999998       0.33339999999999997     
   128.00000000000000       0.28443431843037070        1.4600000000000000E-002   1.5800000000000002E-002  0.16039999999999999       0.47580000000000000       0.33339999999999997     
   129.00000000000000       0.28767338250925356        1.4600000000000000E-002   1.5800000000000002E-002  0.14879999999999999       0.48740000000000000       0.33339999999999997     
   130.00000000000000       0.28903555474427067        1.4999999999999999E-002   1.4999999999999999E-002  0.14199999999999999       0.49380000000000002       0.33420000000000000     
   131.00000000000000       0.28883778890338196        1.4200000000000001E-002   1.4800000000000001E-002  0.14240000000000000       0.49399999999999999       0.33460000000000001     
   132.00000000000000       0.28801896386028225        1.3800000000000000E-002   1.4800000000000001E-002  0.13760000000000000       0.49859999999999999       0.33520000000000000     
   133.00000000000000       0.28579727801442251        1.3800000000000000E-002   1.4800000000000001E-002  0.13439999999999999       0.50180000000000002       0.33520000000000000     
   134.00000000000000       0.28284725177675041        1.2600000000000000E-002   1.4600000000000000E-002  0.12859999999999999       0.50600000000000001       0.33820000000000000     
   135.00000000000000       0.27867724377668784        1.2800000000000001E-002   1.4000000000000000E-002  0.12360000000000000       0.50519999999999998       0.34439999999999998     
   136.00000000000000       0.27189773349686497        1.2800000000000001E-002   1.2999999999999999E-002  0.12360000000000000       0.50819999999999999       0.34239999999999998     
   137.00000000000000       0.26588873780805111        1.0999999999999999E-002   1.4400000000000000E-002  0.12400000000000000       0.48959999999999998       0.36099999999999999     
   138.00000000000000       0.25684625892671120        1.0999999999999999E-002   1.4400000000000000E-002  0.12320000000000000       0.49280000000000002       0.35859999999999997     
   139.00000000000000       0.24806799185127898        8.2000000000000007E-003   1.7000000000000001E-002  0.12280000000000001       0.49640000000000001       0.35560000000000003     
   140.00000000000000       0.23913641406701755        5.7999999999999996E-003   1.8800000000000001E-002  0.12340000000000000       0.49380000000000002       0.35820000000000002     
   141.00000000000000       0.23060955249551862        1.1999999999999999E-003   2.3400000000000001E-002  0.12260000000000000       0.49120000000000003       0.36159999999999998     
   142.00000000000000       0.22152993463293641        2.2000000000000001E-003   2.1200000000000000E-002  0.12200000000000000       0.48680000000000001       0.36780000000000002     
   143.00000000000000       0.21350624180876476        2.2000000000000001E-003   2.1200000000000000E-002  0.11580000000000000       0.48920000000000002       0.37159999999999999     
   144.00000000000000       0.20427074460585812        5.9999999999999995E-004   2.2400000000000000E-002  0.11240000000000000       0.49500000000000000       0.36959999999999998     
   145.00000000000000       0.19383392069414279        5.9999999999999995E-004   2.2400000000000000E-002  0.11240000000000000       0.49540000000000001       0.36919999999999997     
   146.00000000000000       0.18419328208255664        5.9999999999999995E-004   2.2400000000000000E-002  0.11060000000000000       0.49719999999999998       0.36919999999999997     
   147.00000000000000       0.17347461124412605        5.9999999999999995E-004   2.2400000000000000E-002  0.11020000000000001       0.49819999999999998       0.36859999999999998     
   148.00000000000000       0.16470206665559559        4.0000000000000002E-004   5.5999999999999999E-003  0.12600000000000000       0.48599999999999999       0.38200000000000001     
   149.00000000000000       0.15744823245880352        4.0000000000000002E-004   5.5999999999999999E-003  0.12600000000000000       0.48640000000000000       0.38159999999999999     
   150.00000000000000       0.15113169334094653        4.0000000000000002E-004   5.5999999999999999E-003  0.12600000000000000       0.48420000000000002       0.38379999999999997     
   151.00000000000000       0.14528753135421604        4.0000000000000002E-004   5.5999999999999999E-003  0.12600000000000000       0.48099999999999998       0.38700000000000001     
   152.00000000000000       0.13983290623656980        4.0000000000000002E-004   5.5999999999999999E-003  0.12600000000000000       0.47739999999999999       0.39060000000000000     
   153.00000000000000       0.13555874902818787        4.0000000000000002E-004   5.0000000000000001E-003  0.12600000000000000       0.47399999999999998       0.39460000000000001     
   154.00000000000000       0.13120012380284052        4.0000000000000002E-004   5.0000000000000001E-003  0.12600000000000000       0.47320000000000001       0.39539999999999997     
   155.00000000000000       0.12791087519392816        4.0000000000000002E-004   5.0000000000000001E-003  0.12600000000000000       0.47239999999999999       0.39620000000000000     
   156.00000000000000       0.12556065427968277        4.0000000000000002E-004   5.0000000000000001E-003  0.12600000000000000       0.47080000000000000       0.39779999999999999     
   157.00000000000000       0.12401248024760045        4.0000000000000002E-004   5.0000000000000001E-003  0.12600000000000000       0.47080000000000000       0.39779999999999999     
   158.00000000000000       0.12508279780685638        4.0000000000000002E-004   5.0000000000000001E-003  0.12600000000000000       0.46060000000000001       0.40799999999999997     
   159.00000000000000       0.12652086516809927        4.0000000000000002E-004   7.4999999999999997E-002   5.6000000000000001E-002  0.45040000000000002       0.41820000000000002     
   160.00000000000000       0.13465407755570696        4.0000000000000002E-004   7.4999999999999997E-002   5.5599999999999997E-002  0.44219999999999998       0.42680000000000001     
   161.00000000000000       0.14193455922830484        4.0000000000000002E-004   7.4999999999999997E-002   5.5599999999999997E-002  0.44219999999999998       0.42680000000000001     
   162.00000000000000       0.15059556063533777        3.0000000000000001E-003   7.1999999999999995E-002   5.5599999999999997E-002  0.44259999999999999       0.42680000000000001     
   163.00000000000000       0.16720409579763168        2.5999999999999999E-003   6.6600000000000006E-002   5.5599999999999997E-002  0.44119999999999998       0.43400000000000000     
   164.00000000000000       0.18594547362169045        2.5999999999999999E-003   6.2199999999999998E-002   5.4399999999999997E-002  0.43940000000000001       0.44140000000000001     
   165.00000000000000       0.20308600124014992        2.3999999999999998E-003   6.2199999999999998E-002   5.4399999999999997E-002  0.43640000000000001       0.44460000000000000     
   166.00000000000000       0.22162239005097228        2.2000000000000001E-003   6.2199999999999998E-002   4.9799999999999997E-002  0.43619999999999998       0.44960000000000000     
   167.00000000000000       0.23858753804290017        2.0000000000000000E-003   6.2399999999999997E-002   4.8200000000000000E-002  0.43780000000000002       0.44960000000000000     
   168.00000000000000       0.25496283869548392        1.8000000000000000E-003   6.0999999999999999E-002   4.8200000000000000E-002  0.43940000000000001       0.44960000000000000     
   169.00000000000000       0.27008170318975605        1.8000000000000000E-003   5.9999999999999998E-002   4.7600000000000003E-002  0.43980000000000002       0.45079999999999998     
   170.00000000000000       0.28510171384995719        1.8000000000000000E-003   5.7599999999999998E-002   4.5199999999999997E-002  0.44319999999999998       0.45219999999999999     
   171.00000000000000       0.29675379372646232        1.4000000000000000E-003   5.7200000000000001E-002   4.5400000000000003E-002  0.44379999999999997       0.45219999999999999     
   172.00000000000000       0.30688824238526713        1.4000000000000000E-003   5.6800000000000003E-002   4.3799999999999999E-002  0.44600000000000001       0.45200000000000001     
   173.00000000000000       0.31596741154453895        1.1999999999999999E-003   5.7400000000000000E-002   3.5799999999999998E-002  0.45360000000000000       0.45200000000000001     
   174.00000000000000       0.32203312331191170        1.0000000000000000E-003   5.6599999999999998E-002   3.5400000000000001E-002  0.44600000000000001       0.46100000000000002     
   175.00000000000000       0.32496083959869781        8.0000000000000004E-004   5.5399999999999998E-002   3.5999999999999997E-002  0.44679999999999997       0.46100000000000002     
   176.00000000000000       0.32498740101404111        8.0000000000000004E-004   5.5199999999999999E-002   3.6200000000000003E-002  0.44819999999999999       0.45960000000000001     
   177.00000000000000       0.32324024014629982        8.0000000000000004E-004   5.4399999999999997E-002   3.4599999999999999E-002  0.44919999999999999       0.46100000000000002     
   178.00000000000000       0.32040058289369022        8.0000000000000004E-004   5.1799999999999999E-002   3.6400000000000002E-002  0.44319999999999998       0.46779999999999999     
   179.00000000000000       0.31439404072868110        5.9999999999999995E-004   5.1799999999999999E-002   3.4799999999999998E-002  0.44259999999999999       0.47020000000000001     
   180.00000000000000       0.30555623604406718        5.9999999999999995E-004   5.0999999999999997E-002   3.4799999999999998E-002  0.44340000000000002       0.47020000000000001     
   181.00000000000000       0.29525986357966050        4.1999999999999997E-003   4.7199999999999999E-002   3.4799999999999998E-002  0.44340000000000002       0.47039999999999998     
   182.00000000000000       0.28480901257210051        4.1999999999999997E-003   4.7199999999999999E-002   3.4799999999999998E-002  0.44340000000000002       0.47039999999999998     
   183.00000000000000       0.27426973339216432        4.1999999999999997E-003   4.7199999999999999E-002   3.4799999999999998E-002  0.44340000000000002       0.47039999999999998     
   184.00000000000000       0.26334365041865154        4.1999999999999997E-003   4.7199999999999999E-002   3.5400000000000001E-002  0.44280000000000003       0.47039999999999998     
   185.00000000000000       0.24935896025926074        4.1999999999999997E-003   4.7199999999999999E-002   3.4799999999999998E-002  0.44000000000000000       0.47380000000000000     
   186.00000000000000       0.25113134008767518        4.1999999999999997E-003   1.0000000000000000E-003   8.2000000000000003E-002  0.43559999999999999       0.47720000000000001     
   187.00000000000000       0.24700072452732227        4.1999999999999997E-003   1.1999999999999999E-003   8.2000000000000003E-002  0.43540000000000001       0.47720000000000001     
   188.00000000000000       0.24278569715463230        4.1999999999999997E-003   1.1999999999999999E-003   9.8000000000000004E-002  0.41920000000000002       0.47739999999999999     
   189.00000000000000       0.24028453619059170        4.1999999999999997E-003   1.1999999999999999E-003   9.7799999999999998E-002  0.41920000000000002       0.47760000000000002     
   190.00000000000000       0.23706521566229941        4.1999999999999997E-003   1.0000000000000000E-003   9.8000000000000004E-002  0.41920000000000002       0.47760000000000002     
   191.00000000000000       0.23053200345460037        4.0000000000000001E-003   1.0000000000000000E-003   9.8000000000000004E-002  0.41940000000000000       0.47760000000000002     
   192.00000000000000       0.22014675183020935        4.0000000000000001E-003   8.0000000000000004E-004   9.7799999999999998E-002  0.41940000000000000       0.47799999999999998     
   193.00000000000000       0.20896613322749591        4.0000000000000001E-003   8.0000000000000004E-004   9.4600000000000004E-002  0.41959999999999997       0.48099999999999998     
   194.00000000000000       0.19755420494830267        4.0000000000000001E-003   8.0000000000000004E-004  0.49040000000000000        1.4200000000000001E-002  0.49059999999999998     
   195.00000000000000       0.18110818819748575        4.0000000000000001E-003   8.0000000000000004E-004  0.49040000000000000        1.4000000000000000E-002  0.49080000000000001     
   196.00000000000000       0.16304885819899034        4.0000000000000001E-003   8.0000000000000004E-004  0.49040000000000000        1.3800000000000000E-002  0.49099999999999999     
   197.00000000000000       0.14389281280801958        4.0000000000000001E-003   1.4800000000000001E-002  0.47639999999999999        1.3599999999999999E-002  0.49120000000000003     
   198.00000000000000       0.14979125743683541        4.0000000000000001E-003   1.4800000000000001E-002  0.44840000000000002        4.0800000000000003E-002  0.49199999999999999     
   199.00000000000000       0.15501470192464203        4.0000000000000001E-003   1.4800000000000001E-002  0.45040000000000002        3.8800000000000001E-002  0.49199999999999999     
   200.00000000000000       0.16224607910482691        4.0000000000000001E-003   1.4800000000000001E-002  0.45060000000000000        3.5799999999999998E-002  0.49480000000000002     
   201.00000000000000       0.16828521572519095        4.0000000000000001E-003   1.4800000000000001E-002  0.45019999999999999        3.5400000000000001E-002  0.49559999999999998     
   202.00000000000000       0.17399947435794763        4.5999999999999999E-003   1.4000000000000000E-002  0.44819999999999999        3.7600000000000001E-002  0.49559999999999998     
   203.00000000000000       0.18209653321556113        4.5999999999999999E-003   1.4000000000000000E-002  0.44840000000000002        3.6999999999999998E-002  0.49600000000000000     
   204.00000000000000       0.19169366347151126        4.5999999999999999E-003   1.4000000000000000E-002  0.44879999999999998        3.6600000000000001E-002  0.49600000000000000     
   205.00000000000000       0.20534826530805791        4.4000000000000003E-003   1.4000000000000000E-002  0.44900000000000001        3.6600000000000001E-002  0.49600000000000000     
   206.00000000000000       0.21649294424722137        4.0000000000000001E-003   1.3800000000000000E-002  0.44960000000000000        3.6600000000000001E-002  0.49600000000000000     
   207.00000000000000       0.21323801044001006        4.0000000000000001E-003   1.3800000000000000E-002  0.44219999999999998        4.3999999999999997E-002  0.49600000000000000     
   208.00000000000000       0.21730385028715457        4.0000000000000001E-003   1.3400000000000000E-002  0.43759999999999999        4.8200000000000000E-002  0.49680000000000002     
   209.00000000000000       0.25908615983779693        4.0000000000000001E-003   1.3400000000000000E-002  0.43780000000000002        4.8000000000000001E-002  0.49680000000000002     
   210.00000000000000       0.29487137556057030        4.1999999999999997E-003   1.3200000000000000E-002  0.43740000000000001        4.8200000000000000E-002  0.49700000000000000     
   211.00000000000000       0.33130565310353727        4.1999999999999997E-003   1.2200000000000001E-002  0.39060000000000000        9.0200000000000002E-002  0.50280000000000002     
   212.00000000000000       0.33428149694488529        4.0000000000000001E-003   1.2400000000000000E-002  0.35080000000000000       0.12780000000000000       0.50500000000000000     
   213.00000000000000       0.34299365550092059        0.0000000000000000        1.6400000000000001E-002  0.35060000000000002       0.12759999999999999       0.50539999999999996     
   214.00000000000000       0.24649681959465203        0.0000000000000000        8.6000000000000000E-003  0.28580000000000000       0.13519999999999999       0.57040000000000002     
   215.00000000000000        1.4549482371163767        0.0000000000000000        0.0000000000000000        8.6000000000000000E-003  0.45140000000000002       0.54000000000000004     
   216.00000000000000       0.98654593091177367        0.0000000000000000        0.0000000000000000        8.6000000000000000E-003  0.44819999999999999       0.54320000000000002     
