#        BMIN =   404
#        BMAX =   408
#     INIBAND =   406
#      NBANDS =   540
#         NSW =  2000
#       POTIM =   1.0
#        TEMP = 300.0
#    NAMDTINI =   468
#    NAMDTIME =  1000
#       NTRAJ =  5000
#        NELM =  1000
#       LHOLE =     T
#        LSHP =     T
#      LCPTXT =     T
#      RUNDIR = ../../run/
   1.0000000000000000       -4.4246240917241875E-003   0.0000000000000000        0.0000000000000000        1.0000000000000000        0.0000000000000000        0.0000000000000000     
   2.0000000000000000        1.5897907716492188E-002   0.0000000000000000        0.0000000000000000        1.0000000000000000        0.0000000000000000        0.0000000000000000     
   3.0000000000000000        4.1277901536716080E-002   0.0000000000000000        8.0000000000000004E-004  0.99860000000000004        5.9999999999999995E-004   0.0000000000000000     
   4.0000000000000000        6.8676212653752136E-002   0.0000000000000000        8.0000000000000004E-004  0.99839999999999995        5.9999999999999995E-004   2.0000000000000001E-004
   5.0000000000000000        9.5546662203811972E-002   0.0000000000000000        1.0000000000000000E-003  0.99560000000000004        2.0000000000000000E-003   1.4000000000000000E-003
   6.0000000000000000       0.11979992529129185        2.0000000000000001E-004   8.0000000000000004E-004  0.99219999999999997        4.7999999999999996E-003   2.0000000000000000E-003
   7.0000000000000000       0.13943195263368544        2.0000000000000001E-004   8.0000000000000004E-004  0.99180000000000001        4.7999999999999996E-003   2.3999999999999998E-003
   8.0000000000000000       0.15495788788156920        2.0000000000000001E-004   8.0000000000000004E-004  0.99180000000000001        4.7999999999999996E-003   2.3999999999999998E-003
   9.0000000000000000       0.16532940636155150        2.0000000000000001E-004   8.0000000000000004E-004  0.99139999999999995        5.0000000000000001E-003   2.5999999999999999E-003
   10.000000000000000       0.17114286540824264        2.0000000000000001E-004   8.0000000000000004E-004  0.99139999999999995        4.1999999999999997E-003   3.3999999999999998E-003
   11.000000000000000       0.17475935427841469        2.0000000000000001E-004   8.0000000000000004E-004  0.98760000000000003        4.4000000000000003E-003   7.0000000000000001E-003
   12.000000000000000       0.17123996518224069        2.0000000000000001E-004   8.0000000000000004E-004  0.98740000000000006        4.4000000000000003E-003   7.1999999999999998E-003
   13.000000000000000       0.16603240188405441        2.0000000000000001E-004   8.0000000000000004E-004  0.97519999999999996        4.4000000000000003E-003   1.9400000000000001E-002
   14.000000000000000       0.15354862107216954        2.0000000000000001E-004   8.0000000000000004E-004  0.97480000000000000        4.7999999999999996E-003   1.9400000000000001E-002
   15.000000000000000       0.13637898331721776        2.0000000000000001E-004   8.0000000000000004E-004  0.97460000000000002        4.7999999999999996E-003   1.9599999999999999E-002
   16.000000000000000       0.11560100848397598        0.0000000000000000        8.0000000000000004E-004  0.97480000000000000        4.7999999999999996E-003   1.9599999999999999E-002
   17.000000000000000        9.2241728315435104E-002   0.0000000000000000        8.0000000000000004E-004  0.97480000000000000        4.7999999999999996E-003   1.9599999999999999E-002
   18.000000000000000        6.6754811323747193E-002   0.0000000000000000        8.0000000000000004E-004  0.97340000000000004        5.0000000000000001E-003   2.0799999999999999E-002
   19.000000000000000        3.7845459462423889E-002   0.0000000000000000        8.0000000000000004E-004  0.97219999999999995        5.1999999999999998E-003   2.1800000000000000E-002
   20.000000000000000        1.2761221907610198E-002   2.0000000000000001E-004   5.9999999999999995E-004  0.97199999999999998        5.4000000000000003E-003   2.1800000000000000E-002
   21.000000000000000       -1.3677787114358630E-002   2.0000000000000001E-004   0.0000000000000000       0.97240000000000004        5.4000000000000003E-003   2.1999999999999999E-002
   22.000000000000000       -3.8074957760155334E-002   2.0000000000000001E-004   0.0000000000000000       0.97240000000000004        4.7999999999999996E-003   2.2599999999999999E-002
   23.000000000000000       -5.9720485826977532E-002   2.0000000000000001E-004   1.6000000000000001E-003  0.97080000000000000        4.7999999999999996E-003   2.2599999999999999E-002
   24.000000000000000       -7.5907968738615439E-002   2.0000000000000001E-004   1.6000000000000001E-003  0.97060000000000002        4.0000000000000001E-003   2.3599999999999999E-002
   25.000000000000000       -8.7057110474030155E-002   2.0000000000000001E-004   1.6000000000000001E-003  0.96960000000000002        4.0000000000000001E-003   2.4600000000000000E-002
   26.000000000000000       -9.2716237202030968E-002   2.0000000000000001E-004   0.0000000000000000       0.97119999999999995        4.0000000000000001E-003   2.4600000000000000E-002
   27.000000000000000       -9.2503808561418280E-002   2.0000000000000001E-004   0.0000000000000000       0.97099999999999997        4.0000000000000001E-003   2.4799999999999999E-002
   28.000000000000000       -8.8766294377492436E-002   2.0000000000000001E-004   0.0000000000000000       0.97099999999999997        4.0000000000000001E-003   2.4799999999999999E-002
   29.000000000000000       -8.1607105343299402E-002   2.0000000000000001E-004   0.0000000000000000       0.97099999999999997        4.0000000000000001E-003   2.4799999999999999E-002
   30.000000000000000       -7.1350900999684636E-002   2.0000000000000001E-004   0.0000000000000000       0.97060000000000002        4.0000000000000001E-003   2.5200000000000000E-002
   31.000000000000000       -5.9749963024360843E-002   2.0000000000000001E-004   0.0000000000000000       0.96899999999999997        5.4000000000000003E-003   2.5399999999999999E-002
   32.000000000000000       -4.6161466136366638E-002   2.0000000000000001E-004   0.0000000000000000       0.96740000000000004        5.7999999999999996E-003   2.6599999999999999E-002
   33.000000000000000       -2.9948826811889834E-002   2.0000000000000001E-004   0.0000000000000000       0.96540000000000004        6.4000000000000003E-003   2.8000000000000001E-002
   34.000000000000000       -1.4314902226789158E-002   0.0000000000000000        0.0000000000000000       0.96379999999999999        7.6000000000000000E-003   2.8600000000000000E-002
   35.000000000000000        2.6187213603593110E-003   0.0000000000000000        0.0000000000000000       0.96379999999999999        6.4000000000000003E-003   2.9800000000000000E-002
   36.000000000000000        1.9979298875720728E-002   0.0000000000000000        0.0000000000000000       0.96340000000000003        6.6000000000000000E-003   2.9999999999999999E-002
   37.000000000000000        3.8299795408794600E-002   0.0000000000000000        0.0000000000000000       0.96340000000000003        6.6000000000000000E-003   2.9999999999999999E-002
   38.000000000000000        5.7236181042957773E-002   0.0000000000000000        0.0000000000000000       0.96340000000000003        6.4000000000000003E-003   3.0200000000000001E-002
   39.000000000000000        7.8592507309495935E-002   0.0000000000000000        0.0000000000000000       0.96179999999999999        6.4000000000000003E-003   3.1800000000000002E-002
   40.000000000000000        9.8663880843559940E-002   0.0000000000000000        0.0000000000000000       0.96160000000000001        6.0000000000000001E-003   3.2399999999999998E-002
   41.000000000000000       0.11957341782033860        0.0000000000000000        0.0000000000000000       0.95620000000000005        5.0000000000000001E-003   3.8800000000000001E-002
   42.000000000000000       0.14168800578656299        0.0000000000000000        0.0000000000000000       0.94779999999999998        5.0000000000000001E-003   4.7199999999999999E-002
   43.000000000000000       0.16402982531712273        0.0000000000000000        0.0000000000000000       0.94159999999999999        5.1999999999999998E-003   5.3199999999999997E-002
   44.000000000000000       0.18134931051562941        0.0000000000000000        0.0000000000000000       0.93759999999999999        7.6000000000000000E-003   5.4800000000000001E-002
   45.000000000000000       0.19727919135780239        0.0000000000000000        0.0000000000000000       0.93520000000000003        1.0000000000000000E-002   5.4800000000000001E-002
   46.000000000000000       0.21094087464965283        0.0000000000000000        0.0000000000000000       0.93279999999999996        1.0000000000000000E-002   5.7200000000000001E-002
   47.000000000000000       0.22159912616172803        0.0000000000000000        0.0000000000000000       0.93179999999999996        1.0999999999999999E-002   5.7200000000000001E-002
   48.000000000000000       0.22990325260976571        0.0000000000000000        0.0000000000000000       0.93140000000000001        1.1400000000000000E-002   5.7200000000000001E-002
   49.000000000000000       0.23711990544425043        0.0000000000000000        0.0000000000000000       0.92720000000000002        1.1400000000000000E-002   6.1400000000000003E-002
   50.000000000000000       0.24138289817060271        0.0000000000000000        0.0000000000000000       0.92459999999999998        1.2400000000000000E-002   6.3000000000000000E-002
   51.000000000000000       0.24474794521461982        0.0000000000000000        0.0000000000000000       0.92000000000000004        1.2400000000000000E-002   6.7599999999999993E-002
   52.000000000000000       0.24543857101916941        0.0000000000000000        0.0000000000000000       0.91959999999999997        1.2800000000000001E-002   6.7599999999999993E-002
   53.000000000000000       0.24618737434876800        0.0000000000000000        0.0000000000000000       0.91959999999999997        1.2800000000000001E-002   6.7599999999999993E-002
   54.000000000000000       0.25021814518174135        0.0000000000000000        0.0000000000000000       0.91959999999999997        1.2800000000000001E-002   6.7599999999999993E-002
   55.000000000000000       0.26111398911874634        0.0000000000000000        0.0000000000000000       0.91700000000000004        1.3800000000000000E-002   6.9199999999999998E-002
   56.000000000000000       0.27474813757912186        0.0000000000000000        5.9999999999999995E-004  0.91379999999999995        1.5200000000000000E-002   7.0400000000000004E-002
   57.000000000000000       0.28818203946245885        0.0000000000000000        5.9999999999999995E-004  0.91379999999999995        1.5200000000000000E-002   7.0400000000000004E-002
   58.000000000000000       0.30061440680835327        0.0000000000000000        5.9999999999999995E-004  0.91200000000000003        1.5200000000000000E-002   7.2200000000000000E-002
   59.000000000000000       0.30921943783445777        0.0000000000000000        5.9999999999999995E-004  0.91200000000000003        1.5200000000000000E-002   7.2200000000000000E-002
   60.000000000000000       0.31480136520075397        0.0000000000000000        5.9999999999999995E-004  0.91200000000000003        1.4000000000000000E-002   7.3400000000000007E-002
   61.000000000000000       0.31632624296411188        2.0000000000000001E-004   4.0000000000000002E-004  0.91200000000000003        1.4000000000000000E-002   7.3400000000000007E-002
   62.000000000000000       0.31478621444525845        2.0000000000000001E-004   4.0000000000000002E-004  0.91139999999999999        1.4400000000000000E-002   7.3599999999999999E-002
   63.000000000000000       0.30710994635314320        2.0000000000000001E-004   4.0000000000000002E-004  0.90780000000000005        1.7999999999999999E-002   7.3599999999999999E-002
   64.000000000000000       0.29739588326300737        2.0000000000000001E-004   4.0000000000000002E-004  0.90800000000000003        1.7800000000000000E-002   7.3599999999999999E-002
   65.000000000000000       0.28467002120976675        2.0000000000000001E-004   4.0000000000000002E-004  0.90739999999999998        1.8400000000000000E-002   7.3599999999999999E-002
   66.000000000000000       0.27001402921619444        2.0000000000000001E-004   4.0000000000000002E-004  0.90700000000000003        1.8800000000000001E-002   7.3599999999999999E-002
   67.000000000000000       0.25339655245660037        5.9999999999999995E-004   0.0000000000000000       0.90659999999999996        1.9199999999999998E-002   7.3599999999999999E-002
   68.000000000000000       0.23513335408893271        5.9999999999999995E-004   0.0000000000000000       0.90520000000000000        1.8800000000000001E-002   7.5399999999999995E-002
   69.000000000000000       0.21518623392939948        5.9999999999999995E-004   0.0000000000000000       0.90480000000000005        1.8599999999999998E-002   7.5999999999999998E-002
   70.000000000000000       0.19023307124298772        5.9999999999999995E-004   8.0399999999999999E-002  0.82379999999999998        1.8599999999999998E-002   7.6600000000000001E-002
   71.000000000000000       0.17676849667137770        5.9999999999999995E-004   7.9799999999999996E-002  0.82399999999999995        1.8599999999999998E-002   7.6999999999999999E-002
   72.000000000000000       0.19291213919553407        5.9999999999999995E-004   7.9799999999999996E-002  0.82399999999999995        1.8599999999999998E-002   7.6999999999999999E-002
   73.000000000000000       0.20367243157923243        5.9999999999999995E-004   7.9399999999999998E-002  0.82399999999999995        1.7200000000000000E-002   7.8799999999999995E-002
   74.000000000000000       0.20752472885491066        5.9999999999999995E-004   7.9399999999999998E-002  0.82399999999999995        1.7200000000000000E-002   7.8799999999999995E-002
   75.000000000000000       0.20462388523385414        5.9999999999999995E-004   7.9399999999999998E-002  0.82399999999999995        1.7200000000000000E-002   7.8799999999999995E-002
   76.000000000000000       0.19425304582254996        5.9999999999999995E-004   7.9399999999999998E-002  0.82399999999999995        3.3999999999999998E-003   9.2600000000000002E-002
   77.000000000000000       0.17619788268663764        5.9999999999999995E-004   7.9399999999999998E-002  0.82399999999999995        5.4000000000000003E-003   9.0600000000000000E-002
   78.000000000000000       0.15213725213426718        5.9999999999999995E-004   7.9200000000000007E-002  0.82399999999999995        8.6000000000000000E-003   8.7599999999999997E-002
   79.000000000000000       0.12403290887136727        5.9999999999999995E-004   7.9200000000000007E-002  0.82399999999999995        6.4000000000000003E-003   8.9800000000000005E-002
   80.000000000000000        9.0220087059927706E-002   5.9999999999999995E-004   7.9200000000000007E-002  0.82399999999999995        6.1999999999999998E-003   8.9999999999999997E-002
   81.000000000000000        5.0551722181557068E-002   5.9999999999999995E-004   7.9200000000000007E-002  0.82399999999999995        6.0000000000000001E-003   9.0200000000000002E-002
   82.000000000000000        8.7920273504245236E-003   5.9999999999999995E-004   7.9200000000000007E-002  0.82399999999999995        6.0000000000000001E-003   9.0200000000000002E-002
   83.000000000000000       -3.5515533950644898E-002   5.9999999999999995E-004   7.9200000000000007E-002  0.82399999999999995        6.0000000000000001E-003   9.0200000000000002E-002
   84.000000000000000       -7.9576621577770054E-002   5.9999999999999995E-004   0.0000000000000000       0.90320000000000000        6.0000000000000001E-003   9.0200000000000002E-002
   85.000000000000000      -0.10145616015307096        1.1999999999999999E-003   0.0000000000000000       0.90239999999999998        6.1999999999999998E-003   9.0200000000000002E-002
   86.000000000000000      -0.11342511679580242        1.1999999999999999E-003  0.21820000000000001       0.68059999999999998        8.6000000000000000E-003   9.1399999999999995E-002
   87.000000000000000      -0.11031780997123623        1.1999999999999999E-003  0.19300000000000000       0.70579999999999998        8.6000000000000000E-003   9.1399999999999995E-002
   88.000000000000000      -0.10136996030308201        1.1999999999999999E-003  0.19500000000000001       0.70379999999999998        8.6000000000000000E-003   9.1399999999999995E-002
   89.000000000000000       -9.0622586837148883E-002   1.1999999999999999E-003  0.19520000000000001       0.70299999999999996        8.6000000000000000E-003   9.1999999999999998E-002
   90.000000000000000       -7.8950551774295608E-002   1.1999999999999999E-003  0.19500000000000001       0.70240000000000002        8.6000000000000000E-003   9.2799999999999994E-002
   91.000000000000000       -7.1410641521630527E-002   1.1999999999999999E-003  0.19359999999999999       0.70299999999999996        8.8000000000000005E-003   9.3399999999999997E-002
   92.000000000000000       -5.5595680846537904E-002   1.1999999999999999E-003  0.19180000000000000       0.70379999999999998        9.4000000000000004E-003   9.3799999999999994E-002
   93.000000000000000       -4.1657311211114878E-002   1.1999999999999999E-003  0.19180000000000000       0.69979999999999998        1.2800000000000001E-002   9.4399999999999998E-002
   94.000000000000000       -3.1280149826997394E-002   1.1999999999999999E-003  0.18900000000000000       0.69760000000000000        1.7399999999999999E-002   9.4799999999999995E-002
   95.000000000000000       -2.1966128506561107E-002   1.1999999999999999E-003  0.18880000000000000       0.69340000000000002        2.1800000000000000E-002   9.4799999999999995E-002
   96.000000000000000       -1.3235184403178051E-002   1.1999999999999999E-003  0.18859999999999999       0.69279999999999997        2.1800000000000000E-002   9.5600000000000004E-002
   97.000000000000000       -5.2085828155114186E-003   1.1999999999999999E-003  0.18759999999999999       0.68999999999999995        2.3199999999999998E-002   9.8000000000000004E-002
   98.000000000000000        1.7418890622170058E-004   1.1999999999999999E-003  0.18740000000000001       0.68459999999999999        2.8799999999999999E-002   9.8000000000000004E-002
   99.000000000000000        3.7835409014648387E-003   1.1999999999999999E-003  0.18740000000000001       0.68359999999999999        2.8400000000000002E-002   9.9400000000000002E-002
   100.00000000000000        5.2800040889346457E-003   2.3999999999999998E-003  0.18600000000000000       0.68259999999999998        2.8400000000000002E-002  0.10059999999999999     
   101.00000000000000        1.1901658991770141E-002   2.3999999999999998E-003  0.18600000000000000       0.68279999999999996        2.8199999999999999E-002  0.10059999999999999     
   102.00000000000000        2.0285745950837035E-002   2.3999999999999998E-003  0.18600000000000000       0.67779999999999996        2.8000000000000001E-002  0.10580000000000001     
   103.00000000000000        2.5207432253209372E-002   2.3999999999999998E-003  0.18600000000000000       0.67779999999999996        2.8000000000000001E-002  0.10580000000000001     
   104.00000000000000        3.0565034511120040E-002   2.3999999999999998E-003  0.13539999999999999       0.72540000000000004        2.8199999999999999E-002  0.10860000000000000     
   105.00000000000000        4.2875763372119735E-002   2.3999999999999998E-003  0.13539999999999999       0.72540000000000004        2.8199999999999999E-002  0.10860000000000000     
   106.00000000000000        6.6661327750780042E-002   2.3999999999999998E-003  0.13539999999999999       0.72540000000000004        2.8199999999999999E-002  0.10860000000000000     
   107.00000000000000        8.5740053187178478E-002   2.3999999999999998E-003  0.13539999999999999       0.72540000000000004        2.8199999999999999E-002  0.10860000000000000     
   108.00000000000000       0.10060873970259970        2.3999999999999998E-003  0.13539999999999999       0.72540000000000004        2.8199999999999999E-002  0.10860000000000000     
   109.00000000000000       0.11032711871112716        2.3999999999999998E-003  0.13500000000000001       0.72540000000000004        2.4199999999999999E-002  0.11300000000000000     
   110.00000000000000       0.11417379865768362        8.2000000000000007E-003  0.12920000000000001       0.72540000000000004        2.4199999999999999E-002  0.11300000000000000     
   111.00000000000000       0.11365046014525215        8.3999999999999995E-003  0.12800000000000000       0.72640000000000005        2.2200000000000001E-002  0.11500000000000000     
   112.00000000000000       0.10821422770083228        8.3999999999999995E-003  0.12740000000000001       0.72699999999999998        2.2400000000000000E-002  0.11480000000000000     
   113.00000000000000        9.6686321439428291E-002   8.2000000000000007E-003  0.12659999999999999       0.72799999999999998        2.2200000000000001E-002  0.11500000000000000     
   114.00000000000000        7.9360103828224837E-002   8.0000000000000002E-003  0.12680000000000000       0.72799999999999998        2.2400000000000000E-002  0.11480000000000000     
   115.00000000000000        5.6948013416081453E-002   4.4600000000000001E-002   8.8800000000000004E-002  0.72919999999999996        2.1800000000000000E-002  0.11559999999999999     
   116.00000000000000        3.0829061376145467E-002   4.3400000000000001E-002   8.9999999999999997E-002  0.72919999999999996        2.1800000000000000E-002  0.11559999999999999     
   117.00000000000000        2.8812146391772667E-003  0.13300000000000001        0.0000000000000000       0.72919999999999996        2.1800000000000000E-002  0.11600000000000001     
   118.00000000000000       -2.7341077034115417E-002  0.13260000000000000        2.7000000000000000E-002  0.70240000000000002        2.1600000000000001E-002  0.11640000000000000     
   119.00000000000000       -3.9623830495400574E-002  0.13420000000000001        2.6800000000000001E-002  0.70099999999999996        2.1600000000000001E-002  0.11640000000000000     
   120.00000000000000       -2.6157637964139550E-002  0.13420000000000001        2.4799999999999999E-002  0.70279999999999998        2.0600000000000000E-002  0.11760000000000000     
   121.00000000000000       -1.2882582330475366E-002  0.12880000000000000        2.5000000000000001E-002  0.70760000000000001        2.0600000000000000E-002  0.11799999999999999     
   122.00000000000000        6.8080887346578661E-003  0.12520000000000001        2.8600000000000000E-002  0.70279999999999998        2.0600000000000000E-002  0.12280000000000001     
   123.00000000000000        2.8073950227262653E-002  0.12440000000000000        2.8799999999999999E-002  0.70160000000000000        2.1000000000000001E-002  0.12420000000000000     
   124.00000000000000        4.9053719683870151E-002  0.12220000000000000        2.9600000000000001E-002  0.70240000000000002        2.1399999999999999E-002  0.12440000000000000     
   125.00000000000000        7.1170207200221311E-002  0.12160000000000000        2.9600000000000001E-002  0.70040000000000002        2.3199999999999998E-002  0.12520000000000001     
   126.00000000000000        9.4294513466986737E-002  0.11660000000000000        3.0599999999999999E-002  0.70360000000000000        2.3599999999999999E-002  0.12559999999999999     
   127.00000000000000       0.11640991696545207       0.11620000000000000        3.0800000000000001E-002  0.70379999999999998        2.3599999999999999E-002  0.12559999999999999     
   128.00000000000000       0.13889248251994604       0.11580000000000000        3.0400000000000000E-002  0.69999999999999996        2.3800000000000002E-002  0.13000000000000000     
   129.00000000000000       0.16063888694465533       0.11160000000000000        3.1000000000000000E-002  0.70140000000000002        2.5999999999999999E-002  0.13000000000000000     
   130.00000000000000       0.18237798950123918       0.10539999999999999        3.7199999999999997E-002  0.69779999999999998        2.5999999999999999E-002  0.13360000000000000     
   131.00000000000000       0.20234101599812093       0.10220000000000000        4.0399999999999998E-002  0.69660000000000000        2.3800000000000002E-002  0.13700000000000001     
   132.00000000000000       0.21996568090378754       0.10199999999999999        4.0000000000000001E-002  0.69720000000000004        2.3800000000000002E-002  0.13700000000000001     
   133.00000000000000       0.23616553458661022       0.10180000000000000        4.0200000000000000E-002  0.69720000000000004        2.3800000000000002E-002  0.13700000000000001     
   134.00000000000000       0.25139795169242657       0.10160000000000000        3.9600000000000003E-002  0.69699999999999995        2.4000000000000000E-002  0.13780000000000001     
   135.00000000000000       0.26570760736859772        9.7000000000000003E-002   4.0800000000000003E-002  0.70040000000000002        2.4000000000000000E-002  0.13780000000000001     
   136.00000000000000       0.27882515835966137        8.6999999999999994E-002   4.8599999999999997E-002  0.70140000000000002        2.4000000000000000E-002  0.13900000000000001     
   137.00000000000000       0.28942875450055844        8.6999999999999994E-002   4.8399999999999999E-002  0.70060000000000000        2.4199999999999999E-002  0.13980000000000001     
   138.00000000000000       0.29824673259041529        8.7200000000000000E-002   4.6199999999999998E-002  0.70199999999999996        2.4600000000000000E-002  0.14000000000000001     
   139.00000000000000       0.30576275986735518        8.1199999999999994E-002   5.1200000000000002E-002  0.70160000000000000        2.4600000000000000E-002  0.14140000000000000     
   140.00000000000000       0.31112065744439965        8.0399999999999999E-002   5.1400000000000001E-002  0.70199999999999996        2.4600000000000000E-002  0.14160000000000000     
   141.00000000000000       0.31514657878803332        7.8600000000000003E-002   5.1799999999999999E-002  0.70060000000000000        2.6200000000000001E-002  0.14280000000000001     
   142.00000000000000       0.31700808061765157        7.8600000000000003E-002   5.1799999999999999E-002  0.69960000000000000        2.7199999999999998E-002  0.14280000000000001     
   143.00000000000000       0.31744340860914710        7.8600000000000003E-002   5.1799999999999999E-002  0.69699999999999995        2.8000000000000001E-002  0.14460000000000001     
   144.00000000000000       0.31511472779732363        7.8600000000000003E-002   5.1799999999999999E-002  0.69460000000000000        2.8400000000000002E-002  0.14660000000000001     
   145.00000000000000       0.31020402685643605        7.8600000000000003E-002   5.1799999999999999E-002  0.69359999999999999        2.9399999999999999E-002  0.14660000000000001     
   146.00000000000000       0.30305494445158532        7.8200000000000006E-002   5.0200000000000002E-002  0.69560000000000000        2.9399999999999999E-002  0.14660000000000001     
   147.00000000000000       0.29431248462077619        7.7799999999999994E-002   4.9000000000000002E-002  0.69679999999999997        2.9600000000000001E-002  0.14680000000000001     
   148.00000000000000       0.28505782184051665        7.4999999999999997E-002   4.7000000000000000E-002  0.70160000000000000        2.9600000000000001E-002  0.14680000000000001     
   149.00000000000000       0.27357512069585033        7.1400000000000005E-002   4.8599999999999997E-002  0.70320000000000005        2.9800000000000000E-002  0.14699999999999999     
   150.00000000000000       0.26118219583902291        6.8199999999999997E-002   5.0200000000000002E-002  0.70040000000000002        2.9800000000000000E-002  0.15140000000000001     
   151.00000000000000       0.24880428989849637        6.1600000000000002E-002   5.4199999999999998E-002  0.69799999999999995        2.9800000000000000E-002  0.15640000000000001     
   152.00000000000000       0.23271644207532460        6.1199999999999997E-002   5.2999999999999999E-002  0.69920000000000004        2.8199999999999999E-002  0.15840000000000001     
   153.00000000000000       0.21686033434483670        5.3600000000000002E-002   6.0600000000000001E-002  0.69720000000000004        2.7799999999999998E-002  0.16080000000000000     
   154.00000000000000       0.19987972200357390        4.5800000000000000E-002   6.8199999999999997E-002  0.69679999999999997        2.5200000000000000E-002  0.16400000000000001     
   155.00000000000000       0.18267208625885170        4.3799999999999999E-002   6.7400000000000002E-002  0.69960000000000000        1.5599999999999999E-002  0.17360000000000000     
   156.00000000000000       0.17222270253149574        4.3400000000000001E-002   7.3999999999999996E-002  0.69199999999999995        1.4800000000000001E-002  0.17580000000000001     
   157.00000000000000       0.16834806355615825        4.3600000000000000E-002   7.3200000000000001E-002  0.69240000000000002        1.4999999999999999E-002  0.17580000000000001     
   158.00000000000000       0.16719857163576818        3.6200000000000003E-002   7.2400000000000006E-002  0.69779999999999998        1.7600000000000001E-002  0.17599999999999999     
   159.00000000000000       0.16395438171363808        3.3599999999999998E-002   7.4399999999999994E-002  0.69660000000000000        1.9400000000000001E-002  0.17599999999999999     
   160.00000000000000       0.15955115737270814        3.3200000000000000E-002   7.4600000000000000E-002  0.69079999999999997        2.1000000000000001E-002  0.18040000000000000     
   161.00000000000000       0.15172937931218955        3.1600000000000003E-002   7.3400000000000007E-002  0.69220000000000004        2.5600000000000001E-002  0.17720000000000000     
   162.00000000000000       0.14252900364861448        2.9000000000000001E-002   7.4600000000000000E-002  0.68720000000000003        3.4599999999999999E-002  0.17460000000000001     
   163.00000000000000       0.13239111430208927        2.9200000000000000E-002   7.3200000000000001E-002  0.68100000000000005        3.9199999999999999E-002  0.17740000000000000     
   164.00000000000000       0.12200519014255160        2.9200000000000000E-002   6.8000000000000005E-002  0.67900000000000005        4.1399999999999999E-002  0.18240000000000001     
   165.00000000000000       0.11079081243818151        5.4399999999999997E-002   4.2400000000000000E-002  0.67700000000000005        3.5200000000000002E-002  0.19100000000000000     
   166.00000000000000       0.10061404704320473        5.3999999999999999E-002   4.2400000000000000E-002  0.67700000000000005        3.5600000000000000E-002  0.19100000000000000     
   167.00000000000000        9.1463732029615261E-002   5.3999999999999999E-002   2.8000000000000001E-002  0.69140000000000001        3.4799999999999998E-002  0.19180000000000000     
   168.00000000000000        8.4487310612678834E-002   5.1200000000000002E-002   3.0400000000000000E-002  0.69140000000000001        3.5200000000000002E-002  0.19180000000000000     
   169.00000000000000       0.11591093926023374        5.1400000000000001E-002   3.0200000000000001E-002  0.69140000000000001        3.5200000000000002E-002  0.19180000000000000     
   170.00000000000000       0.14596315319796227        4.7800000000000002E-002   3.3399999999999999E-002  0.69140000000000001        3.5600000000000000E-002  0.19180000000000000     
   171.00000000000000       0.17306680049467801        4.6600000000000003E-002   3.4200000000000001E-002  0.69140000000000001        3.5600000000000000E-002  0.19220000000000001     
   172.00000000000000       0.19525295649524457        4.6600000000000003E-002   3.4000000000000002E-002  0.69140000000000001        3.5799999999999998E-002  0.19220000000000001     
   173.00000000000000       0.21443600343668526        4.4200000000000003E-002   3.6200000000000003E-002  0.69140000000000001        3.5799999999999998E-002  0.19239999999999999     
   174.00000000000000       0.22730864060475509        4.4200000000000003E-002   3.6200000000000003E-002  0.69140000000000001        3.5799999999999998E-002  0.19239999999999999     
   175.00000000000000       0.23465390775278222        4.4200000000000003E-002   3.5999999999999997E-002  0.69140000000000001        3.5999999999999997E-002  0.19239999999999999     
   176.00000000000000       0.23576169140674041        4.4200000000000003E-002   3.5999999999999997E-002  0.69140000000000001        3.5999999999999997E-002  0.19239999999999999     
   177.00000000000000       0.22949723372537675        4.3999999999999997E-002   3.5999999999999997E-002  0.69159999999999999        3.5999999999999997E-002  0.19239999999999999     
   178.00000000000000       0.21759299797064285        4.3999999999999997E-002   3.5799999999999998E-002  0.69159999999999999        3.5799999999999998E-002  0.19280000000000000     
   179.00000000000000       0.19971317666152083        4.3999999999999997E-002   3.5799999999999998E-002  0.69159999999999999        3.5600000000000000E-002  0.19300000000000000     
   180.00000000000000       0.17688455711470891        4.3999999999999997E-002   3.5799999999999998E-002  0.69159999999999999        3.5200000000000002E-002  0.19339999999999999     
   181.00000000000000       0.14933996136602273        4.3799999999999999E-002   3.5600000000000000E-002  0.69159999999999999        3.4599999999999999E-002  0.19439999999999999     
   182.00000000000000       0.11800009387975775        4.3799999999999999E-002   2.1000000000000001E-002  0.70460000000000000        3.6200000000000003E-002  0.19439999999999999     
   183.00000000000000       0.11044055534066265        4.3400000000000001E-002   2.1000000000000001E-002  0.70379999999999998        3.5999999999999997E-002  0.19580000000000000     
   184.00000000000000       0.11395606455591664        4.3799999999999999E-002   2.0600000000000000E-002  0.70240000000000002        3.4599999999999999E-002  0.19860000000000000     
   185.00000000000000       0.11565084806630663        4.3799999999999999E-002   2.0000000000000000E-002  0.70299999999999996        3.4599999999999999E-002  0.19860000000000000     
   186.00000000000000       0.11639987265599647        4.3400000000000001E-002   2.0400000000000001E-002  0.69999999999999996        3.1199999999999999E-002  0.20499999999999999     
   187.00000000000000       0.11709287542102996        4.0399999999999998E-002   2.4199999999999999E-002  0.69860000000000000        3.0200000000000001E-002  0.20660000000000001     
   188.00000000000000       0.12237922458058671        4.0399999999999998E-002   2.5000000000000001E-002  0.69699999999999995        3.2399999999999998E-002  0.20519999999999999     
   189.00000000000000       0.13758511897936196        4.0399999999999998E-002   3.0000000000000001E-003  0.71899999999999997        4.0000000000000001E-002  0.19760000000000000     
   190.00000000000000       0.17002157221232911        4.0399999999999998E-002   1.8000000000000000E-003  0.71719999999999995        4.2200000000000001E-002  0.19839999999999999     
   191.00000000000000       0.21440316749797256        4.0000000000000001E-002   2.0000000000000000E-003  0.69299999999999995        6.2000000000000000E-002  0.20300000000000001     
   192.00000000000000       0.24507086973094361        3.7199999999999997E-002   4.7999999999999996E-003  0.64139999999999997       0.11360000000000001       0.20300000000000001     
   193.00000000000000       0.27182334625966226        2.8799999999999999E-002   1.1400000000000000E-002  0.64459999999999995       0.11219999999999999       0.20300000000000001     
   194.00000000000000       0.31181725780277103        1.6600000000000000E-002   1.2200000000000001E-002  0.63739999999999997       0.13139999999999999       0.20240000000000000     
   195.00000000000000       0.55488826422558135        1.4999999999999999E-002   1.3599999999999999E-002  0.63759999999999994       0.13100000000000001       0.20280000000000001     
   196.00000000000000       0.64393214412654742        0.0000000000000000        2.9000000000000001E-002  0.32919999999999999       0.41780000000000000       0.22400000000000000     
   197.00000000000000       0.39185583591382811        0.0000000000000000        2.7600000000000000E-002  0.32960000000000000       0.41880000000000001       0.22400000000000000     
   198.00000000000000       0.49153269345371359        0.0000000000000000        2.7600000000000000E-002  0.32960000000000000       0.41860000000000003       0.22420000000000001     
   199.00000000000000        6.9359430650453635E-002   0.0000000000000000        2.7600000000000000E-002  0.32960000000000000       0.41780000000000000       0.22500000000000001     
   200.00000000000000       0.42490527373913667        0.0000000000000000        2.7400000000000001E-002  0.32660000000000000       0.42099999999999999       0.22500000000000001     
   201.00000000000000       0.46217004002464962        0.0000000000000000        4.0000000000000002E-004  0.23180000000000001       0.54200000000000004       0.22580000000000000     
   202.00000000000000       0.81536640865138854        0.0000000000000000        4.0000000000000002E-004  0.23180000000000001       0.53920000000000001       0.22860000000000000     
   203.00000000000000       0.83146527369534451        0.0000000000000000        5.9999999999999995E-004  0.23119999999999999       0.53900000000000003       0.22919999999999999     
   204.00000000000000       0.86202727182533878        0.0000000000000000        5.9999999999999995E-004  0.23080000000000001       0.53900000000000003       0.22960000000000000     
   205.00000000000000       0.87501341431707325        0.0000000000000000        5.9999999999999995E-004  0.23080000000000001       0.53800000000000003       0.23060000000000000     
   206.00000000000000       0.87054070554185214        0.0000000000000000        5.9999999999999995E-004  0.23080000000000001       0.53759999999999997       0.23100000000000001     
   207.00000000000000       0.87024038185622743        0.0000000000000000        5.9999999999999995E-004  0.23060000000000000       0.53139999999999998       0.23740000000000000     
   208.00000000000000       0.85578608984544124        0.0000000000000000        5.9999999999999995E-004  0.22720000000000001       0.53180000000000005       0.24040000000000000     
   209.00000000000000       0.86648079455470772        0.0000000000000000        5.9999999999999995E-004  0.22720000000000001       0.53080000000000005       0.24140000000000000     
   210.00000000000000       0.85449401576477513        0.0000000000000000        5.9999999999999995E-004  0.22280000000000000       0.53480000000000005       0.24179999999999999     
   211.00000000000000       0.84369834296218393        0.0000000000000000        5.9999999999999995E-004  0.22159999999999999       0.53480000000000005       0.24299999999999999     
   212.00000000000000       0.82129775222948220        0.0000000000000000        5.9999999999999995E-004  0.22159999999999999       0.53300000000000003       0.24479999999999999     
   213.00000000000000       0.80232165177721892        0.0000000000000000        5.9999999999999995E-004  0.22120000000000001       0.53339999999999999       0.24479999999999999     
   214.00000000000000       0.84320718717513499        0.0000000000000000        5.9999999999999995E-004  0.21340000000000001       0.54039999999999999       0.24560000000000001     
   215.00000000000000       0.76321355333012453        0.0000000000000000        5.9999999999999995E-004  0.21340000000000001       0.54039999999999999       0.24560000000000001     
   216.00000000000000       0.76745199402021957        0.0000000000000000        5.9999999999999995E-004   4.1799999999999997E-002  0.66180000000000005       0.29580000000000001     
