#        BMIN =   404
#        BMAX =   408
#     INIBAND =   406
#      NBANDS =   540
#         NSW =  2000
#       POTIM =   1.0
#        TEMP = 300.0
#    NAMDTINI =   751
#    NAMDTIME =  1000
#       NTRAJ =  5000
#        NELM =  1000
#       LHOLE =     T
#        LSHP =     T
#      LCPTXT =     T
#      RUNDIR = ../../run/
   1.0000000000000000        5.8467747152824733E-002   0.0000000000000000        0.0000000000000000        1.0000000000000000        0.0000000000000000        0.0000000000000000     
   2.0000000000000000        6.1929118866308114E-002   0.0000000000000000        0.0000000000000000       0.98919999999999997        1.0800000000000001E-002   0.0000000000000000     
   3.0000000000000000        5.3333357500625206E-002   0.0000000000000000        0.0000000000000000       0.99800000000000000        1.4000000000000000E-003   5.9999999999999995E-004
   4.0000000000000000        3.5495963281345730E-002   0.0000000000000000        0.0000000000000000       0.99539999999999995        1.6000000000000001E-003   3.0000000000000001E-003
   5.0000000000000000        1.1845706310506396E-002   0.0000000000000000        0.0000000000000000       0.99460000000000004        2.3999999999999998E-003   3.0000000000000001E-003
   6.0000000000000000       -1.5292494840187305E-002   0.0000000000000000        0.0000000000000000       0.99460000000000004        2.3999999999999998E-003   3.0000000000000001E-003
   7.0000000000000000       -4.4981512106173467E-002   0.0000000000000000        0.0000000000000000       0.99280000000000002        3.2000000000000002E-003   4.0000000000000001E-003
   8.0000000000000000       -7.7359036486168625E-002   0.0000000000000000        2.2000000000000001E-003  0.99060000000000004        3.2000000000000002E-003   4.0000000000000001E-003
   9.0000000000000000      -0.10478920731186965        0.0000000000000000        1.8800000000000001E-002  0.97060000000000002        3.3999999999999998E-003   7.1999999999999998E-003
   10.000000000000000      -0.12520345318919032        0.0000000000000000        3.4799999999999998E-002  0.95460000000000000        3.3999999999999998E-003   7.1999999999999998E-003
   11.000000000000000      -0.13287229466188200        0.0000000000000000        3.3399999999999999E-002  0.95599999999999996        3.3999999999999998E-003   7.1999999999999998E-003
   12.000000000000000      -0.13636717802680837        0.0000000000000000        2.8000000000000001E-002  0.96140000000000003        3.3999999999999998E-003   7.1999999999999998E-003
   13.000000000000000      -0.13824784713822616        0.0000000000000000        2.2599999999999999E-002  0.96560000000000001        4.5999999999999999E-003   7.1999999999999998E-003
   14.000000000000000      -0.13973811004348602        0.0000000000000000        2.1200000000000000E-002  0.96699999999999997        4.5999999999999999E-003   7.1999999999999998E-003
   15.000000000000000      -0.14049851582580980        0.0000000000000000        2.1000000000000001E-002  0.96679999999999999        4.4000000000000003E-003   7.7999999999999996E-003
   16.000000000000000      -0.14073462040512627        6.6000000000000000E-003   1.4200000000000001E-002  0.96679999999999999        4.5999999999999999E-003   7.7999999999999996E-003
   17.000000000000000      -0.14521797176642562        6.6000000000000000E-003  0.16439999999999999       0.81620000000000004        5.0000000000000001E-003   7.7999999999999996E-003
   18.000000000000000      -0.12657717724871617        6.6000000000000000E-003  0.16439999999999999       0.81620000000000004        4.1999999999999997E-003   8.6000000000000000E-003
   19.000000000000000       -8.4360158377115038E-002   6.7999999999999996E-003  0.16400000000000001       0.81620000000000004        4.1999999999999997E-003   8.8000000000000005E-003
   20.000000000000000       -4.2186027808153198E-002   6.7999999999999996E-003  0.16400000000000001       0.81620000000000004        4.1999999999999997E-003   8.8000000000000005E-003
   21.000000000000000       -2.2562073196177295E-003   6.7999999999999996E-003  0.16380000000000000       0.81620000000000004        4.4000000000000003E-003   8.8000000000000005E-003
   22.000000000000000        3.5493792266750056E-002   7.1999999999999998E-003  0.16339999999999999       0.81620000000000004        4.1999999999999997E-003   8.9999999999999993E-003
   23.000000000000000        7.0074427723532312E-002   7.1999999999999998E-003  0.16259999999999999       0.79020000000000001        2.9399999999999999E-002   1.0600000000000000E-002
   24.000000000000000        8.9515526887585156E-002   8.3999999999999995E-003  0.16139999999999999       0.79059999999999997        2.9399999999999999E-002   1.0200000000000001E-002
   25.000000000000000        8.7586036368686920E-002  0.12200000000000000        4.6399999999999997E-002  0.78920000000000001        2.9399999999999999E-002   1.2999999999999999E-002
   26.000000000000000        8.9895044357339388E-002  0.11520000000000000        5.0599999999999999E-002  0.78420000000000001        2.9399999999999999E-002   2.0600000000000000E-002
   27.000000000000000        8.9449510096573717E-002  0.12479999999999999        4.1000000000000002E-002  0.78200000000000003        2.9399999999999999E-002   2.2800000000000001E-002
   28.000000000000000        8.8492217350420718E-002  0.14580000000000001        1.6600000000000000E-002  0.78500000000000003        2.9800000000000000E-002   2.2800000000000001E-002
   29.000000000000000        9.6565779665363657E-002  0.13239999999999999        2.9399999999999999E-002  0.78500000000000003        2.9999999999999999E-002   2.3199999999999998E-002
   30.000000000000000        7.8727360421642217E-002  0.15479999999999999        7.0000000000000001E-003  0.78500000000000003        2.9999999999999999E-002   2.3199999999999998E-002
   31.000000000000000        8.3068549017676477E-002  0.15479999999999999        7.0000000000000001E-003  0.78120000000000001        2.9999999999999999E-002   2.7000000000000000E-002
   32.000000000000000        6.3923272938715567E-002  0.15400000000000000        7.7999999999999996E-003  0.78120000000000001        2.9999999999999999E-002   2.7000000000000000E-002
   33.000000000000000        5.3895365705358779E-002  0.15400000000000000        7.7999999999999996E-003  0.77880000000000005        3.2399999999999998E-002   2.7000000000000000E-002
   34.000000000000000        2.4851446683225840E-002  0.15340000000000001        7.7999999999999996E-003  0.77880000000000005        3.3000000000000002E-002   2.7000000000000000E-002
   35.000000000000000       -1.0962707022284950E-002  0.15340000000000001        7.7999999999999996E-003  0.77880000000000005        3.3000000000000002E-002   2.7000000000000000E-002
   36.000000000000000       -4.8467110603827794E-002  0.15120000000000000        9.5999999999999992E-003  0.77880000000000005        3.3000000000000002E-002   2.7400000000000001E-002
   37.000000000000000       -8.6548580568359290E-002  0.14660000000000001        8.6000000000000000E-003  0.78439999999999999        3.2800000000000003E-002   2.7600000000000000E-002
   38.000000000000000      -0.12157923023391555       0.14440000000000000        8.6000000000000000E-003  0.78600000000000003        3.3399999999999999E-002   2.7600000000000000E-002
   39.000000000000000      -0.12025504512083482       0.14440000000000000        8.6000000000000000E-003  0.78600000000000003        3.3399999999999999E-002   2.7600000000000000E-002
   40.000000000000000      -0.11943767602659004       0.14219999999999999        8.8000000000000005E-003  0.78659999999999997        3.4799999999999998E-002   2.7600000000000000E-002
   41.000000000000000      -0.11878638469485828       0.14219999999999999        8.3999999999999995E-003  0.78700000000000003        3.4799999999999998E-002   2.7600000000000000E-002
   42.000000000000000      -0.11945290585743899       0.14219999999999999        8.3999999999999995E-003  0.78480000000000005        3.5799999999999998E-002   2.8799999999999999E-002
   43.000000000000000      -0.11887784052366415       0.14119999999999999        8.3999999999999995E-003  0.78480000000000005        3.6400000000000002E-002   2.9200000000000000E-002
   44.000000000000000      -0.11634580294261145       0.14119999999999999        8.0000000000000002E-003  0.78480000000000005        3.6400000000000002E-002   2.9600000000000001E-002
   45.000000000000000      -0.11273323631081224       0.14119999999999999        8.0000000000000002E-003  0.78480000000000005        3.6400000000000002E-002   2.9600000000000001E-002
   46.000000000000000      -0.10841460876148548       0.14119999999999999        8.0000000000000002E-003  0.78480000000000005        3.6400000000000002E-002   2.9600000000000001E-002
   47.000000000000000      -0.10345085302709271       0.14000000000000001        8.6000000000000000E-003  0.78400000000000003        3.6400000000000002E-002   3.1000000000000000E-002
   48.000000000000000       -9.7465750911942317E-002   4.8000000000000001E-002  0.10040000000000000       0.78400000000000003        3.6600000000000001E-002   3.1000000000000000E-002
   49.000000000000000       -9.0747683489294781E-002   4.7600000000000003E-002  0.10059999999999999       0.78400000000000003        3.6799999999999999E-002   3.1000000000000000E-002
   50.000000000000000       -8.2475134560728011E-002   4.7399999999999998E-002  0.10059999999999999       0.78300000000000003        3.6400000000000002E-002   3.2599999999999997E-002
   51.000000000000000       -7.3960063457079089E-002   4.7199999999999999E-002  0.10059999999999999       0.78200000000000003        3.5600000000000000E-002   3.4599999999999999E-002
   52.000000000000000       -6.6042413515815301E-002   4.6800000000000001E-002  0.10059999999999999       0.78220000000000001        3.5400000000000001E-002   3.5000000000000003E-002
   53.000000000000000       -5.7871780464415254E-002   4.6199999999999998E-002  0.10059999999999999       0.78200000000000003        3.5999999999999997E-002   3.5200000000000002E-002
   54.000000000000000       -4.9233420391447902E-002   4.6199999999999998E-002  0.10059999999999999       0.77600000000000002        4.2000000000000003E-002   3.5200000000000002E-002
   55.000000000000000       -3.9823984964268588E-002   4.4600000000000001E-002  0.10059999999999999       0.77559999999999996        4.2799999999999998E-002   3.6400000000000002E-002
   56.000000000000000       -2.9923072648525745E-002   4.2200000000000001E-002  0.10600000000000000       0.77200000000000002        4.2799999999999998E-002   3.6999999999999998E-002
   57.000000000000000       -1.6263234984513538E-002   4.2200000000000001E-002  0.10520000000000000       0.77200000000000002        4.2000000000000003E-002   3.8600000000000002E-002
   58.000000000000000        2.2391620922169522E-003   4.2000000000000003E-002  0.10539999999999999       0.77200000000000002        4.2000000000000003E-002   3.8600000000000002E-002
   59.000000000000000        1.7360081735911779E-002   4.2000000000000003E-002  0.10539999999999999       0.77200000000000002        4.2000000000000003E-002   3.8600000000000002E-002
   60.000000000000000        2.9104684625057622E-002   4.1799999999999997E-002  0.10539999999999999       0.77200000000000002        4.2200000000000001E-002   3.8600000000000002E-002
   61.000000000000000        3.6962155753994586E-002   4.1799999999999997E-002   9.4000000000000000E-002  0.78300000000000003        4.2200000000000001E-002   3.9000000000000000E-002
   62.000000000000000        4.5991569231788029E-002   4.1799999999999997E-002   9.4000000000000000E-002  0.78300000000000003        4.1399999999999999E-002   3.9800000000000002E-002
   63.000000000000000        5.9118573765470243E-002   4.1799999999999997E-002   9.4000000000000000E-002  0.78280000000000005        4.1399999999999999E-002   4.0000000000000001E-002
   64.000000000000000        7.2194044065955004E-002   4.1799999999999997E-002   9.4000000000000000E-002  0.77859999999999996        4.2599999999999999E-002   4.2999999999999997E-002
   65.000000000000000        8.2676872410978347E-002   4.1599999999999998E-002   9.4000000000000000E-002  0.77859999999999996        4.2400000000000000E-002   4.3400000000000001E-002
   66.000000000000000        9.1436400904487680E-002   4.1200000000000001E-002   9.4000000000000000E-002  0.77839999999999998        4.2200000000000001E-002   4.4200000000000003E-002
   67.000000000000000        9.7589982436063580E-002   4.0000000000000001E-002   9.4200000000000006E-002  0.77900000000000003        4.2400000000000000E-002   4.4400000000000002E-002
   68.000000000000000       0.10162938205400859        4.0000000000000001E-002   9.4200000000000006E-002  0.77820000000000000        4.0800000000000003E-002   4.6800000000000001E-002
   69.000000000000000       0.10473861005236110        4.0000000000000001E-002   9.2200000000000004E-002  0.77500000000000002        4.2799999999999998E-002   5.0000000000000003E-002
   70.000000000000000       0.10323635283335574        4.0000000000000001E-002   9.1999999999999998E-002  0.77500000000000002        3.8399999999999997E-002   5.4600000000000003E-002
   71.000000000000000        9.8891284205258487E-002   4.0000000000000001E-002   9.1800000000000007E-002  0.77280000000000004        4.0800000000000003E-002   5.4600000000000003E-002
   72.000000000000000        9.3069860102917346E-002   4.0000000000000001E-002   9.0999999999999998E-002  0.76900000000000002        3.6999999999999998E-002   6.3000000000000000E-002
   73.000000000000000        8.2879031456995322E-002   4.0000000000000001E-002   9.0800000000000006E-002  0.76780000000000004        3.6200000000000003E-002   6.5199999999999994E-002
   74.000000000000000        6.9732908995736864E-002   4.0000000000000001E-002   8.9999999999999997E-002  0.76780000000000004        3.6200000000000003E-002   6.6000000000000003E-002
   75.000000000000000        5.4042158706325734E-002   3.9800000000000002E-002   9.0200000000000002E-002  0.76780000000000004        3.6200000000000003E-002   6.6000000000000003E-002
   76.000000000000000        3.7266144846463345E-002   3.8800000000000001E-002   8.9999999999999997E-002  0.76680000000000004        3.7999999999999999E-002   6.6400000000000001E-002
   77.000000000000000        1.8615648787135917E-002   3.8800000000000001E-002   8.9999999999999997E-002  0.76680000000000004        3.7600000000000001E-002   6.6799999999999998E-002
   78.000000000000000       -1.5442351776422392E-003   3.8800000000000001E-002   8.9999999999999997E-002  0.76680000000000004        3.7400000000000003E-002   6.7000000000000004E-002
   79.000000000000000       -2.0685825651116353E-002   3.8800000000000001E-002   8.9999999999999997E-002  0.76680000000000004        3.7400000000000003E-002   6.7000000000000004E-002
   80.000000000000000       -3.9561537708393206E-002   3.8800000000000001E-002   8.9999999999999997E-002  0.76639999999999997        3.7400000000000003E-002   6.7400000000000002E-002
   81.000000000000000       -5.9590749616869131E-002  0.10400000000000000        2.4600000000000000E-002  0.76639999999999997        3.7600000000000001E-002   6.7400000000000002E-002
   82.000000000000000       -7.4128521838617539E-002  0.10400000000000000        2.4600000000000000E-002  0.76600000000000001        3.7600000000000001E-002   6.7799999999999999E-002
   83.000000000000000       -8.8604932932577610E-002  0.10420000000000000        2.4600000000000000E-002  0.76419999999999999        3.8800000000000001E-002   6.8199999999999997E-002
   84.000000000000000      -0.10134466136412561       0.10400000000000000        2.3599999999999999E-002  0.76500000000000001        3.8800000000000001E-002   6.8599999999999994E-002
   85.000000000000000       -9.8149353897327707E-002  0.10400000000000000        2.3599999999999999E-002  0.76500000000000001        3.8800000000000001E-002   6.8599999999999994E-002
   86.000000000000000       -7.5201038425322664E-002  0.10400000000000000        2.3599999999999999E-002  0.76500000000000001        3.8800000000000001E-002   6.8599999999999994E-002
   87.000000000000000       -4.9831151587348070E-002  0.10400000000000000        2.3599999999999999E-002  0.76500000000000001        3.8399999999999997E-002   6.9000000000000006E-002
   88.000000000000000       -2.9024166566147661E-002  0.10400000000000000        2.3599999999999999E-002  0.76500000000000001        3.7999999999999999E-002   6.9400000000000003E-002
   89.000000000000000       -1.2886311020411954E-002  0.10340000000000001        2.4000000000000000E-002  0.76500000000000001        3.7999999999999999E-002   6.9599999999999995E-002
   90.000000000000000        9.1631246199113808E-003  0.10280000000000000        2.4600000000000000E-002  0.76500000000000001        3.7999999999999999E-002   6.9599999999999995E-002
   91.000000000000000        2.5006324234593924E-002  0.10500000000000000        2.2400000000000000E-002  0.76280000000000003        3.8399999999999997E-002   7.1400000000000005E-002
   92.000000000000000        1.7408717281066799E-002  0.10180000000000000        2.4600000000000000E-002  0.76319999999999999        3.8600000000000002E-002   7.1800000000000003E-002
   93.000000000000000        7.7452199836136361E-003   8.6800000000000002E-002   3.7800000000000000E-002  0.76500000000000001        3.8600000000000002E-002   7.1800000000000003E-002
   94.000000000000000       -6.8710983069488960E-004   8.6800000000000002E-002   3.7600000000000001E-002  0.76139999999999997        3.8600000000000002E-002   7.5600000000000001E-002
   95.000000000000000       -8.9008805121362361E-003   8.6800000000000002E-002   3.5999999999999997E-002  0.76300000000000001        3.8600000000000002E-002   7.5600000000000001E-002
   96.000000000000000       -1.3700884491741474E-002   8.6800000000000002E-002   2.9000000000000001E-002  0.76280000000000003        3.8600000000000002E-002   8.2799999999999999E-002
   97.000000000000000       -1.9988491001094975E-002   8.6800000000000002E-002   2.8400000000000002E-002  0.76319999999999999        3.8600000000000002E-002   8.3000000000000004E-002
   98.000000000000000       -2.2710798226026858E-002   8.6599999999999996E-002   2.0400000000000001E-002  0.76900000000000002        3.8800000000000001E-002   8.5199999999999998E-002
   99.000000000000000       -2.5236674802549521E-002   8.6599999999999996E-002   2.0000000000000000E-002  0.74080000000000001        6.7199999999999996E-002   8.5400000000000004E-002
   100.00000000000000       -5.0386802271608230E-002   8.5800000000000001E-002   2.0000000000000000E-002  0.74080000000000001        6.8000000000000005E-002   8.5400000000000004E-002
   101.00000000000000       -7.7610800049985620E-002   8.5400000000000004E-002   1.9199999999999998E-002  0.74080000000000001        6.8000000000000005E-002   8.6599999999999996E-002
   102.00000000000000      -0.10631933706657606        8.5199999999999998E-002   1.9199999999999998E-002  0.74080000000000001        6.8000000000000005E-002   8.6800000000000002E-002
   103.00000000000000      -0.13578927229972004        8.4800000000000000E-002   1.9199999999999998E-002  0.74080000000000001        6.7799999999999999E-002   8.7400000000000005E-002
   104.00000000000000      -0.16460138221789528        8.4599999999999995E-002   1.9400000000000001E-002  0.74080000000000001        6.9599999999999995E-002   8.5599999999999996E-002
   105.00000000000000      -0.19255497090325396        8.4400000000000003E-002  0.16580000000000000       0.59240000000000004        7.0999999999999994E-002   8.6400000000000005E-002
   106.00000000000000      -0.19974334440318492       0.12080000000000000       0.11780000000000000       0.60360000000000003        7.1400000000000005E-002   8.6400000000000005E-002
   107.00000000000000      -0.19853784095886903       0.12080000000000000        9.1999999999999998E-002  0.62900000000000000        7.1199999999999999E-002   8.6999999999999994E-002
   108.00000000000000      -0.19420252250020578       0.12180000000000001        9.4600000000000004E-002  0.62339999999999995        7.2400000000000006E-002   8.7800000000000003E-002
   109.00000000000000      -0.18511148230939392       0.11440000000000000       0.28620000000000001       0.43900000000000000        7.2599999999999998E-002   8.7800000000000003E-002
   110.00000000000000      -0.16856423687560920       0.11000000000000000       0.30380000000000001       0.42559999999999998        7.2800000000000004E-002   8.7800000000000003E-002
   111.00000000000000      -0.15094796525931989       0.10900000000000000       0.30719999999999997       0.42259999999999998        7.2999999999999995E-002   8.8200000000000001E-002
   112.00000000000000      -0.13273849800718845       0.10740000000000000       0.30580000000000002       0.42540000000000000        7.2999999999999995E-002   8.8400000000000006E-002
   113.00000000000000      -0.11435523509870212       0.10740000000000000       0.30840000000000001       0.42280000000000001        7.2999999999999995E-002   8.8400000000000006E-002
   114.00000000000000       -9.2941486377516522E-002  0.10740000000000000       0.29859999999999998       0.43240000000000001        7.3200000000000001E-002   8.8400000000000006E-002
   115.00000000000000       -7.0600893307840668E-002  0.10740000000000000       0.29360000000000003       0.43640000000000001        7.4200000000000002E-002   8.8400000000000006E-002
   116.00000000000000       -4.7984085701748516E-002  0.10740000000000000       0.29299999999999998       0.43580000000000002        7.4200000000000002E-002   8.9599999999999999E-002
   117.00000000000000       -2.4910476129242101E-002  0.10740000000000000       0.28999999999999998       0.43800000000000000        7.4399999999999994E-002   9.0200000000000002E-002
   118.00000000000000       -2.2123862904118025E-003  0.10740000000000000       0.29020000000000001       0.43740000000000001        7.4200000000000002E-002   9.0800000000000006E-002
   119.00000000000000        2.0605813860572836E-002  0.10740000000000000       0.28520000000000001       0.44059999999999999        7.4999999999999997E-002   9.1800000000000007E-002
   120.00000000000000        4.3240648647195845E-002   8.3199999999999996E-002  0.30640000000000001       0.43719999999999998        8.0199999999999994E-002   9.2999999999999999E-002
   121.00000000000000        6.9700335012732414E-002   8.3000000000000004E-002  0.30640000000000001       0.43719999999999998        8.0199999999999994E-002   9.3200000000000005E-002
   122.00000000000000        9.2047527018157493E-002   8.1799999999999998E-002  0.47360000000000002       0.26360000000000000        8.6800000000000002E-002   9.4200000000000006E-002
   123.00000000000000       0.12290372734354746        7.0599999999999996E-002  0.48480000000000001       0.26360000000000000        8.6800000000000002E-002   9.4200000000000006E-002
   124.00000000000000       0.14354371499391674        6.7599999999999993E-002  0.48780000000000001       0.26360000000000000        8.6800000000000002E-002   9.4200000000000006E-002
   125.00000000000000       0.16126627374289138        6.4399999999999999E-002  0.48859999999999998       0.26360000000000000        8.9200000000000002E-002   9.4200000000000006E-002
   126.00000000000000       0.17860265337927783        5.3999999999999999E-002  0.49840000000000001       0.26360000000000000        8.9200000000000002E-002   9.4799999999999995E-002
   127.00000000000000       0.19110229522303679        5.4600000000000003E-002  0.49780000000000002       0.26360000000000000        8.9200000000000002E-002   9.4799999999999995E-002
   128.00000000000000       0.20096947996765527        5.7200000000000001E-002  0.49500000000000000       0.26360000000000000        8.9399999999999993E-002   9.4799999999999995E-002
   129.00000000000000       0.21070775508257469        5.4600000000000003E-002  0.49399999999999999       0.26360000000000000        9.2799999999999994E-002   9.5000000000000001E-002
   130.00000000000000       0.21635187100584860        5.7000000000000002E-002  0.49059999999999998       0.26360000000000000        9.3200000000000005E-002   9.5600000000000004E-002
   131.00000000000000       0.22066993492853393        6.0999999999999999E-002  0.48599999999999999       0.26360000000000000        9.1399999999999995E-002   9.8000000000000004E-002
   132.00000000000000       0.22265956643799384        6.0400000000000002E-002  0.52559999999999996       0.22459999999999999        8.8200000000000001E-002  0.10120000000000000     
   133.00000000000000       0.22031440955498402        5.9999999999999998E-002  0.52559999999999996       0.22500000000000001        8.8200000000000001E-002  0.10120000000000000     
   134.00000000000000       0.20733735311769924        6.5400000000000000E-002  0.51700000000000002       0.22459999999999999        9.1999999999999998E-002  0.10100000000000001     
   135.00000000000000       0.20404890881092136        6.5400000000000000E-002  0.51759999999999995       0.22239999999999999        9.2200000000000004E-002  0.10240000000000000     
   136.00000000000000       0.21116205576154207        6.5400000000000000E-002  0.51819999999999999       0.22180000000000000        9.0200000000000002E-002  0.10440000000000001     
   137.00000000000000       0.22003071785263226        6.4600000000000005E-002  0.51539999999999997       0.22420000000000001        8.9399999999999993E-002  0.10639999999999999     
   138.00000000000000       0.23257745795642071        6.4399999999999999E-002  0.51559999999999995       0.22420000000000001        8.9399999999999993E-002  0.10639999999999999     
   139.00000000000000       0.24607092162871955        6.4199999999999993E-002  0.51060000000000005       0.22939999999999999        8.8599999999999998E-002  0.10720000000000000     
   140.00000000000000       0.26251543493916407        6.4199999999999993E-002  0.50019999999999998       0.23560000000000000        9.2200000000000004E-002  0.10780000000000001     
   141.00000000000000       0.28608803391487170        6.4199999999999993E-002  0.49700000000000000       0.23540000000000000        9.5000000000000001E-002  0.10840000000000000     
   142.00000000000000       0.29040944486003040        6.4000000000000001E-002  0.49859999999999999       0.23300000000000001        9.6000000000000002E-002  0.10840000000000000     
   143.00000000000000       0.32180646407510083        6.4000000000000001E-002  0.50139999999999996       0.22620000000000001        9.9400000000000002E-002  0.10900000000000000     
   144.00000000000000       0.32070656620463617        6.2000000000000000E-002  0.50260000000000005       0.22680000000000000        9.9599999999999994E-002  0.10900000000000000     
   145.00000000000000       0.34026746418655329        6.1800000000000001E-002  0.50260000000000005       0.22680000000000000        9.9599999999999994E-002  0.10920000000000001     
   146.00000000000000       0.36685455003481626        6.0999999999999999E-002  0.46279999999999999       0.26679999999999998       0.10000000000000001       0.10940000000000000     
   147.00000000000000       0.38328734512012674        6.0999999999999999E-002  0.46999999999999997       0.25700000000000001       0.10240000000000000       0.10960000000000000     
   148.00000000000000       0.29500123888139734        5.7200000000000001E-002  0.47799999999999998       0.25019999999999998       0.10420000000000000       0.11040000000000000     
   149.00000000000000       0.38407348394974489        5.7000000000000002E-002  0.47599999999999998       0.25019999999999998       0.10539999999999999       0.11140000000000000     
   150.00000000000000       0.19578015076038524        5.6000000000000001E-002  0.47560000000000002       0.24940000000000001       0.10660000000000000       0.11240000000000000     
   151.00000000000000       0.41543032547456199        5.5399999999999998E-002  0.47620000000000001       0.24679999999999999       0.10920000000000001       0.11240000000000000     
   152.00000000000000       0.42006431537994920        5.5199999999999999E-002  0.47580000000000000       0.24660000000000001       0.10960000000000000       0.11280000000000000     
   153.00000000000000       0.40585394038978340        5.4800000000000001E-002  0.47520000000000001       0.24679999999999999       0.11000000000000000       0.11320000000000000     
   154.00000000000000       0.38420898563603156        5.3999999999999999E-002  0.47339999999999999       0.24859999999999999       0.11060000000000000       0.11340000000000000     
   155.00000000000000       0.49094668184649215        5.3800000000000001E-002  0.47260000000000002       0.24779999999999999       0.11080000000000000       0.11500000000000000     
   156.00000000000000       0.39731460683204278        5.0599999999999999E-002  0.47320000000000001       0.24979999999999999       0.11119999999999999       0.11520000000000000     
   157.00000000000000       0.39176429620276410        5.0000000000000003E-002  0.47299999999999998       0.25000000000000000       0.11160000000000000       0.11540000000000000     
   158.00000000000000       0.37189784595186742        0.0000000000000000       0.52259999999999995       0.24820000000000000       0.11380000000000000       0.11540000000000000     
   159.00000000000000       0.24198624510532118        0.0000000000000000       0.52159999999999995       0.24759999999999999       0.11360000000000001       0.11720000000000000     
   160.00000000000000       0.53081695032605769        0.0000000000000000       0.51539999999999997       0.24079999999999999        7.8799999999999995E-002  0.16500000000000001     
   161.00000000000000       0.59748847372931213        0.0000000000000000       0.51180000000000003       0.23840000000000000        7.6200000000000004E-002  0.17360000000000000     
   162.00000000000000       0.52913627791454099        0.0000000000000000       0.50980000000000003       0.23840000000000000        7.6200000000000004E-002  0.17560000000000001     
   163.00000000000000       0.51706595678040335        0.0000000000000000       0.50680000000000003       0.17660000000000001       0.14099999999999999       0.17560000000000001     
   164.00000000000000       0.35354729982321287        0.0000000000000000       0.50560000000000005       0.17640000000000000       0.14140000000000000       0.17660000000000001     
   165.00000000000000       0.33713940992893054        0.0000000000000000       0.50119999999999998       0.17899999999999999       0.14119999999999999       0.17860000000000001     
   166.00000000000000       0.31812283422857679        0.0000000000000000       0.50119999999999998       0.17879999999999999       0.14140000000000000       0.17860000000000001     
   167.00000000000000       0.29818308786597619        0.0000000000000000       0.50119999999999998       0.17879999999999999       0.14140000000000000       0.17860000000000001     
   168.00000000000000       0.27975037239932793        0.0000000000000000       0.49780000000000002       0.17480000000000001       0.14140000000000000       0.18600000000000000     
   169.00000000000000       0.25862215447752462        0.0000000000000000       0.49719999999999998       0.17340000000000000       0.13919999999999999       0.19020000000000001     
   170.00000000000000       0.23653945072604390        7.1999999999999998E-003  0.48999999999999999       0.17219999999999999       0.14060000000000000       0.19000000000000000     
   171.00000000000000       0.21531598274250563        3.0000000000000001E-003  0.48920000000000002       0.17460000000000001       0.14399999999999999       0.18920000000000001     
   172.00000000000000       0.19559979025075525        0.0000000000000000       0.48340000000000000       0.18140000000000001       0.14440000000000000       0.19080000000000000     
   173.00000000000000       0.17728572828448619        0.0000000000000000       0.47799999999999998       0.18179999999999999       0.14440000000000000       0.19580000000000000     
   174.00000000000000       0.15846220671922320        0.0000000000000000       0.47639999999999999       0.18160000000000001       0.13639999999999999       0.20560000000000000     
   175.00000000000000       0.13906348693857989        0.0000000000000000       0.48120000000000002       0.17280000000000001       0.14040000000000000       0.20560000000000000     
   176.00000000000000       0.11936313975616297        0.0000000000000000       0.48080000000000001       0.16919999999999999       0.14080000000000001       0.20920000000000000     
   177.00000000000000       0.10273215559508485        0.0000000000000000       0.47939999999999999       0.15559999999999999       0.15200000000000000       0.21299999999999999     
   178.00000000000000        8.2475182952591972E-002   0.0000000000000000       0.47539999999999999       0.15600000000000000       0.15200000000000000       0.21659999999999999     
   179.00000000000000        6.2443513119198144E-002   0.0000000000000000       0.47380000000000000       0.15400000000000000       0.15200000000000000       0.22020000000000001     
   180.00000000000000        4.3431198230723903E-002   0.0000000000000000       0.47360000000000002       0.15060000000000001       0.15340000000000001       0.22239999999999999     
   181.00000000000000        2.4774433729100806E-002   0.0000000000000000       0.47399999999999998       0.14960000000000001       0.15260000000000001       0.22380000000000000     
   182.00000000000000        8.4184626144639674E-003   0.0000000000000000       0.47120000000000001       0.14999999999999999       0.15500000000000000       0.22380000000000000     
   183.00000000000000       -6.5021732730970588E-003   0.0000000000000000       0.46899999999999997       0.15200000000000000       0.15300000000000000       0.22600000000000001     
   184.00000000000000       -2.0246487581232264E-002   6.4000000000000003E-003  0.45820000000000000       0.15620000000000001       0.15300000000000000       0.22620000000000001     
   185.00000000000000       -1.8948239921554054E-002   2.8000000000000000E-003  0.27079999999999999       0.34720000000000001       0.15100000000000000       0.22819999999999999     
   186.00000000000000       -1.6984173131823793E-002   1.1999999999999999E-003  0.27239999999999998       0.34720000000000001       0.15100000000000000       0.22819999999999999     
   187.00000000000000       -1.0462244188345432E-002   1.1999999999999999E-003  0.27239999999999998       0.34720000000000001       0.14979999999999999       0.22939999999999999     
   188.00000000000000       -1.9227195794575269E-003   1.1999999999999999E-003  0.27220000000000000       0.34720000000000001       0.14960000000000001       0.22980000000000000     
   189.00000000000000        8.6251406170194042E-003   1.1999999999999999E-003  0.27160000000000001       0.34720000000000001       0.14999999999999999       0.23000000000000001     
   190.00000000000000        1.9002316889326132E-002   1.1999999999999999E-003  0.27160000000000001       0.34720000000000001       0.14999999999999999       0.23000000000000001     
   191.00000000000000        3.0586149087832040E-002   1.1999999999999999E-003  0.27060000000000001       0.34720000000000001       0.15020000000000000       0.23080000000000001     
   192.00000000000000        4.1806695476151665E-002   1.1999999999999999E-003  0.27039999999999997       0.34720000000000001       0.15020000000000000       0.23100000000000001     
   193.00000000000000        5.3102863100962489E-002   1.1999999999999999E-003  0.26919999999999999       0.34720000000000001       0.15020000000000000       0.23219999999999999     
   194.00000000000000        6.3268533175843258E-002   1.1999999999999999E-003  0.26919999999999999       0.34720000000000001       0.15020000000000000       0.23219999999999999     
   195.00000000000000        6.2897902999788466E-002   1.1999999999999999E-003  0.61499999999999999        0.0000000000000000       0.15020000000000000       0.23360000000000000     
   196.00000000000000        7.7780320193979291E-002   1.1999999999999999E-003  0.61499999999999999        0.0000000000000000       0.14979999999999999       0.23400000000000001     
   197.00000000000000        7.3205420014664041E-002   1.1999999999999999E-003  0.61499999999999999        0.0000000000000000       0.14979999999999999       0.23400000000000001     
   198.00000000000000        6.5600050132350582E-002   1.1999999999999999E-003  0.61499999999999999        0.0000000000000000       0.14920000000000000       0.23460000000000000     
   199.00000000000000        5.6856903607167900E-002  0.23540000000000000       0.37400000000000000        6.1999999999999998E-003  0.14540000000000000       0.23899999999999999     
   200.00000000000000        6.7677984857878515E-002  0.23540000000000000       0.37319999999999998        6.0000000000000001E-003  0.14380000000000001       0.24160000000000001     
   201.00000000000000        8.0322164461837584E-002  0.22720000000000001       0.37400000000000000        1.2000000000000000E-002  0.14019999999999999       0.24660000000000001     
   202.00000000000000       0.10378531936159215       0.22580000000000000       0.37400000000000000        1.2600000000000000E-002  0.13139999999999999       0.25619999999999998     
   203.00000000000000       0.12696226339510092       0.22580000000000000       0.36040000000000000        2.6200000000000001E-002  0.13139999999999999       0.25619999999999998     
   204.00000000000000       0.15138115187741452       0.20720000000000000       0.37600000000000000        2.6800000000000001E-002  0.13200000000000001       0.25800000000000001     
   205.00000000000000       0.17342554802750121       0.20580000000000001       0.35880000000000001        4.2400000000000000E-002  0.13339999999999999       0.25960000000000000     
   206.00000000000000       0.19063028501775536       0.20440000000000000       0.35880000000000001        4.3799999999999999E-002  0.13339999999999999       0.25960000000000000     
   207.00000000000000       0.20707239706777555       0.20219999999999999       0.35880000000000001        4.3799999999999999E-002  0.13380000000000000       0.26140000000000002     
   208.00000000000000       0.22107190735407195       0.20060000000000000       0.35560000000000003        4.4400000000000002E-002  0.13660000000000000       0.26279999999999998     
   209.00000000000000       0.23038494966765219       0.19719999999999999       0.35239999999999999        4.9399999999999999E-002  0.13819999999999999       0.26279999999999998     
   210.00000000000000       0.24866402726819925       0.19159999999999999       0.35539999999999999        4.9200000000000001E-002  0.13980000000000001       0.26400000000000001     
   211.00000000000000       0.24906953537524468       0.19159999999999999       0.35239999999999999        5.1799999999999999E-002  0.14019999999999999       0.26400000000000001     
   212.00000000000000       0.24895516191326730       0.18659999999999999       0.35460000000000003        5.0999999999999997E-002  0.14240000000000000       0.26540000000000002     
   213.00000000000000       0.25066020313123077       0.18420000000000000       0.35260000000000002        5.3199999999999997E-002  0.14360000000000001       0.26640000000000003     
   214.00000000000000       0.25113584742039397       0.18020000000000000       0.35120000000000001        5.6000000000000001E-002  0.14360000000000001       0.26900000000000002     
   215.00000000000000       0.23959028225709519       0.17519999999999999       0.35620000000000002        5.6000000000000001E-002  0.14119999999999999       0.27139999999999997     
   216.00000000000000       0.23433320485827186       0.17100000000000001       0.35220000000000001        6.3600000000000004E-002  0.14119999999999999       0.27200000000000002     
