#        BMIN =   404
#        BMAX =   408
#     INIBAND =   406
#      NBANDS =   540
#         NSW =  2000
#       POTIM =   1.0
#        TEMP = 300.0
#    NAMDTINI =   161
#    NAMDTIME =  1000
#       NTRAJ =  5000
#        NELM =  1000
#       LHOLE =     T
#        LSHP =     T
#      LCPTXT =     T
#      RUNDIR = ../../run/
   1.0000000000000000      -0.20409345555225256        0.0000000000000000        0.0000000000000000        1.0000000000000000        0.0000000000000000        0.0000000000000000     
   2.0000000000000000      -0.17804409488540654        0.0000000000000000        0.0000000000000000        1.0000000000000000        0.0000000000000000        0.0000000000000000     
   3.0000000000000000      -0.15287730918666509        0.0000000000000000        0.0000000000000000        1.0000000000000000        0.0000000000000000        0.0000000000000000     
   4.0000000000000000      -0.12778821357011838        0.0000000000000000        0.0000000000000000       0.99900000000000000        1.0000000000000000E-003   0.0000000000000000     
   5.0000000000000000      -0.10429794353230841        0.0000000000000000        0.0000000000000000       0.99900000000000000        1.0000000000000000E-003   0.0000000000000000     
   6.0000000000000000       -8.0613208529619618E-002   0.0000000000000000        0.0000000000000000       0.99900000000000000        1.0000000000000000E-003   0.0000000000000000     
   7.0000000000000000       -5.7116582702285569E-002   0.0000000000000000        0.0000000000000000       0.99839999999999995        1.4000000000000000E-003   2.0000000000000001E-004
   8.0000000000000000       -3.4656884926807373E-002   0.0000000000000000        0.0000000000000000       0.99839999999999995        1.4000000000000000E-003   2.0000000000000001E-004
   9.0000000000000000       -1.3487044769193633E-002   0.0000000000000000        0.0000000000000000       0.99839999999999995        1.0000000000000000E-003   5.9999999999999995E-004
   10.000000000000000        7.6607557830941017E-003   0.0000000000000000        0.0000000000000000       0.99839999999999995        8.0000000000000004E-004   8.0000000000000004E-004
   11.000000000000000        2.7833267022324606E-002   0.0000000000000000        0.0000000000000000       0.99819999999999998        5.9999999999999995E-004   1.1999999999999999E-003
   12.000000000000000        4.7167466366938200E-002   0.0000000000000000        0.0000000000000000       0.99819999999999998        5.9999999999999995E-004   1.1999999999999999E-003
   13.000000000000000        6.5720683626046522E-002   0.0000000000000000        0.0000000000000000       0.99819999999999998        5.9999999999999995E-004   1.1999999999999999E-003
   14.000000000000000        8.3132240837287402E-002   0.0000000000000000        0.0000000000000000       0.99819999999999998        5.9999999999999995E-004   1.1999999999999999E-003
   15.000000000000000        9.9274048327591721E-002   0.0000000000000000        0.0000000000000000       0.99800000000000000        5.9999999999999995E-004   1.4000000000000000E-003
   16.000000000000000       0.11452660616525477        0.0000000000000000        0.0000000000000000       0.99800000000000000        5.9999999999999995E-004   1.4000000000000000E-003
   17.000000000000000       0.12778807451374677        0.0000000000000000        0.0000000000000000       0.99819999999999998        4.0000000000000002E-004   1.4000000000000000E-003
   18.000000000000000       0.13966513743055764        0.0000000000000000        0.0000000000000000       0.99680000000000002        1.8000000000000000E-003   1.4000000000000000E-003
   19.000000000000000       0.14934769619783886        0.0000000000000000        0.0000000000000000       0.99680000000000002        1.8000000000000000E-003   1.4000000000000000E-003
   20.000000000000000       0.15717584800892137        0.0000000000000000        0.0000000000000000       0.99680000000000002        1.8000000000000000E-003   1.4000000000000000E-003
   21.000000000000000       0.16290589909859557        0.0000000000000000        0.0000000000000000       0.99680000000000002        1.8000000000000000E-003   1.4000000000000000E-003
   22.000000000000000       0.16670095664315610        0.0000000000000000        0.0000000000000000       0.99419999999999997        4.4000000000000003E-003   1.4000000000000000E-003
   23.000000000000000       0.16803218742218543        0.0000000000000000        0.0000000000000000       0.99439999999999995        4.1999999999999997E-003   1.4000000000000000E-003
   24.000000000000000       0.16704067301938424        0.0000000000000000        0.0000000000000000       0.99439999999999995        4.1999999999999997E-003   1.4000000000000000E-003
   25.000000000000000       0.16410218923091385        0.0000000000000000        0.0000000000000000       0.99380000000000002        4.5999999999999999E-003   1.6000000000000001E-003
   26.000000000000000       0.15883051342128363        0.0000000000000000        0.0000000000000000       0.99360000000000004        4.4000000000000003E-003   2.0000000000000000E-003
   27.000000000000000       0.15175508656538586        0.0000000000000000        0.0000000000000000       0.99319999999999997        4.7999999999999996E-003   2.0000000000000000E-003
   28.000000000000000       0.14232900841653925        0.0000000000000000        0.0000000000000000       0.99139999999999995        5.1999999999999998E-003   3.3999999999999998E-003
   29.000000000000000       0.13204738295516302        0.0000000000000000        0.0000000000000000       0.98719999999999997        5.1999999999999998E-003   7.6000000000000000E-003
   30.000000000000000       0.11886286003195098        0.0000000000000000        0.0000000000000000       0.98719999999999997        5.1999999999999998E-003   7.6000000000000000E-003
   31.000000000000000       0.10553718391687643        0.0000000000000000        0.0000000000000000       0.98719999999999997        4.4000000000000003E-003   8.3999999999999995E-003
   32.000000000000000        9.0896562540039416E-002   0.0000000000000000        0.0000000000000000       0.98480000000000001        4.4000000000000003E-003   1.0800000000000001E-002
   33.000000000000000        7.6275295869788498E-002   0.0000000000000000        0.0000000000000000       0.98460000000000003        4.1999999999999997E-003   1.1200000000000000E-002
   34.000000000000000        6.1688659234636817E-002   0.0000000000000000        0.0000000000000000       0.98460000000000003        4.1999999999999997E-003   1.1200000000000000E-002
   35.000000000000000        4.8121376233988482E-002   0.0000000000000000        0.0000000000000000       0.98299999999999998        4.5999999999999999E-003   1.2400000000000000E-002
   36.000000000000000        3.4458498942219605E-002   0.0000000000000000        0.0000000000000000       0.97999999999999998        5.5999999999999999E-003   1.4400000000000000E-002
   37.000000000000000        2.1532084989976656E-002   0.0000000000000000        0.0000000000000000       0.97719999999999996        5.5999999999999999E-003   1.7200000000000000E-002
   38.000000000000000        7.6899354529454955E-003   0.0000000000000000        0.0000000000000000       0.97719999999999996        5.0000000000000001E-003   1.7800000000000000E-002
   39.000000000000000       -6.5119959195094109E-003   0.0000000000000000        0.0000000000000000       0.97719999999999996        4.1999999999999997E-003   1.8599999999999998E-002
   40.000000000000000       -2.0623379636189081E-002   0.0000000000000000        0.0000000000000000       0.97580000000000000        4.5999999999999999E-003   1.9599999999999999E-002
   41.000000000000000       -3.5266242394510580E-002   0.0000000000000000        0.0000000000000000       0.97399999999999998        4.5999999999999999E-003   2.1399999999999999E-002
   42.000000000000000       -5.2270588945959914E-002   0.0000000000000000       0.28660000000000002       0.68659999999999999        5.4000000000000003E-003   2.1399999999999999E-002
   43.000000000000000       -4.1498470450071337E-002   0.0000000000000000       0.28660000000000002       0.68659999999999999        5.0000000000000001E-003   2.1800000000000000E-002
   44.000000000000000       -3.0278774097025313E-002   0.0000000000000000       0.28660000000000002       0.68659999999999999        5.0000000000000001E-003   2.1800000000000000E-002
   45.000000000000000       -2.2243974431905837E-002   0.0000000000000000       0.28620000000000001       0.68659999999999999        5.4000000000000003E-003   2.1800000000000000E-002
   46.000000000000000       -1.7848950284219518E-002   0.0000000000000000       0.28560000000000002       0.68659999999999999        5.7999999999999996E-003   2.1999999999999999E-002
   47.000000000000000       -1.7582224788425495E-002   0.0000000000000000       0.28560000000000002       0.68659999999999999        5.7999999999999996E-003   2.1999999999999999E-002
   48.000000000000000       -2.1263190786795810E-002   0.0000000000000000       0.28560000000000002       0.68659999999999999        5.7999999999999996E-003   2.1999999999999999E-002
   49.000000000000000       -2.8929208056855671E-002   0.0000000000000000       0.28539999999999999       0.68659999999999999        5.7999999999999996E-003   2.2200000000000001E-002
   50.000000000000000       -4.0398359997525474E-002   0.0000000000000000       0.28520000000000001       0.68659999999999999        6.0000000000000001E-003   2.2200000000000001E-002
   51.000000000000000       -5.5224977507783171E-002   0.0000000000000000       0.28520000000000001       0.68659999999999999        6.0000000000000001E-003   2.2200000000000001E-002
   52.000000000000000       -7.4073760479089576E-002   0.0000000000000000       0.28520000000000001       0.68659999999999999        6.0000000000000001E-003   2.2200000000000001E-002
   53.000000000000000       -9.5740339476180991E-002   0.0000000000000000       0.31700000000000000       0.65459999999999996        6.1999999999999998E-003   2.2200000000000001E-002
   54.000000000000000      -0.11516138082016707        0.0000000000000000       0.31700000000000000       0.65420000000000000        6.6000000000000000E-003   2.2200000000000001E-002
   55.000000000000000      -0.12029225888455788        0.0000000000000000       0.31700000000000000       0.65400000000000003        6.6000000000000000E-003   2.2400000000000000E-002
   56.000000000000000      -0.12488834529549990        0.0000000000000000       0.31680000000000003       0.65420000000000000        6.1999999999999998E-003   2.2800000000000001E-002
   57.000000000000000      -0.11559013217993576        0.0000000000000000       0.31680000000000003       0.65420000000000000        6.1999999999999998E-003   2.2800000000000001E-002
   58.000000000000000       -9.8294178475351393E-002   0.0000000000000000       0.31640000000000001       0.65239999999999998        7.4000000000000003E-003   2.3800000000000002E-002
   59.000000000000000       -8.0452287315767465E-002   0.0000000000000000       0.31300000000000000       0.65580000000000005        7.4000000000000003E-003   2.3800000000000002E-002
   60.000000000000000       -6.2967307236149767E-002   0.0000000000000000       0.31319999999999998       0.65559999999999996        7.1999999999999998E-003   2.4000000000000000E-002
   61.000000000000000       -4.4958502220839774E-002   0.0000000000000000       0.30759999999999998       0.66080000000000005        7.1999999999999998E-003   2.4400000000000002E-002
   62.000000000000000       -2.8532093089202959E-002   0.0000000000000000       0.30700000000000000       0.66080000000000005        6.7999999999999996E-003   2.5399999999999999E-002
   63.000000000000000       -1.3135186464612243E-002   0.0000000000000000       0.30080000000000001       0.66639999999999999        7.0000000000000001E-003   2.5800000000000000E-002
   64.000000000000000        1.6350433835028363E-003   0.0000000000000000       0.29959999999999998       0.66339999999999999        7.1999999999999998E-003   2.9800000000000000E-002
   65.000000000000000        1.3124317802133259E-002   0.0000000000000000       0.29459999999999997       0.66839999999999999        7.1999999999999998E-003   2.9800000000000000E-002
   66.000000000000000        2.2427891972634527E-002   0.0000000000000000       0.29499999999999998       0.66739999999999999        7.1999999999999998E-003   3.0400000000000000E-002
   67.000000000000000        2.9529697808417264E-002   0.0000000000000000       0.29580000000000001       0.66500000000000004        8.8000000000000005E-003   3.0400000000000000E-002
   68.000000000000000        3.4473083306527277E-002   0.0000000000000000       0.29559999999999997       0.66500000000000004        8.8000000000000005E-003   3.0599999999999999E-002
   69.000000000000000        4.1042175876115097E-002   0.0000000000000000       0.26740000000000003       0.69220000000000004        8.8000000000000005E-003   3.1600000000000003E-002
   70.000000000000000        4.3720878529924428E-002   0.0000000000000000       0.26179999999999998       0.69779999999999998        8.8000000000000005E-003   3.1600000000000003E-002
   71.000000000000000        4.5416023364474228E-002   0.0000000000000000       0.26179999999999998       0.69579999999999997        8.8000000000000005E-003   3.3599999999999998E-002
   72.000000000000000        4.8190486799839595E-002   0.0000000000000000       0.25259999999999999       0.70379999999999998        7.7999999999999996E-003   3.5799999999999998E-002
   73.000000000000000        4.8626286506275873E-002   0.0000000000000000       0.25240000000000001       0.70379999999999998        7.4000000000000003E-003   3.6400000000000002E-002
   74.000000000000000        4.8514247990985540E-002   0.0000000000000000       0.24979999999999999       0.70599999999999996        7.7999999999999996E-003   3.6400000000000002E-002
   75.000000000000000        4.6074163984486327E-002   5.1999999999999998E-002  0.19780000000000000       0.70540000000000003        8.2000000000000007E-003   3.6600000000000001E-002
   76.000000000000000        5.4127996957930247E-002   4.9799999999999997E-002  0.19780000000000000       0.70760000000000001        8.2000000000000007E-003   3.6600000000000001E-002
   77.000000000000000        6.5477859110650197E-002   4.9799999999999997E-002  0.19780000000000000       0.70440000000000003        1.1400000000000000E-002   3.6600000000000001E-002
   78.000000000000000        7.6583698244355125E-002   4.9200000000000001E-002  0.19839999999999999       0.69540000000000002        2.0400000000000001E-002   3.6600000000000001E-002
   79.000000000000000        8.1685082820481744E-002   4.9200000000000001E-002  0.19839999999999999       0.69560000000000000        2.0000000000000000E-002   3.6799999999999999E-002
   80.000000000000000        8.2358701104461862E-002   4.9000000000000002E-002   2.0000000000000001E-004  0.89459999999999995        1.9400000000000001E-002   3.6799999999999999E-002
   81.000000000000000        8.0459045072359361E-002   4.9000000000000002E-002   4.0000000000000002E-004  0.89459999999999995        1.9199999999999998E-002   3.6799999999999999E-002
   82.000000000000000        9.8501999988743497E-002   4.9000000000000002E-002   4.0000000000000002E-004  0.88000000000000000        3.3799999999999997E-002   3.6799999999999999E-002
   83.000000000000000       0.10227401423996145        4.9000000000000002E-002   4.0000000000000002E-004  0.87919999999999998        3.3799999999999997E-002   3.7600000000000001E-002
   84.000000000000000        9.6653234769749019E-002   4.9000000000000002E-002   4.0000000000000002E-004  0.87880000000000003        3.3799999999999997E-002   3.7999999999999999E-002
   85.000000000000000        8.8077211808124764E-002   4.9000000000000002E-002   4.0000000000000002E-004  0.87900000000000000        3.3599999999999998E-002   3.7999999999999999E-002
   86.000000000000000        7.4000877461369130E-002   4.9000000000000002E-002   4.0000000000000002E-004  0.87860000000000005        3.4000000000000002E-002   3.7999999999999999E-002
   87.000000000000000        6.2092370618333968E-002   4.9000000000000002E-002   4.0000000000000002E-004  0.87919999999999998        3.3399999999999999E-002   3.7999999999999999E-002
   88.000000000000000        5.3436710552164604E-002   4.9000000000000002E-002   4.0000000000000002E-004   0.0000000000000000       0.91259999999999997        3.7999999999999999E-002
   89.000000000000000        3.5723343717980943E-002   4.9000000000000002E-002   4.0000000000000002E-004   0.0000000000000000       0.91120000000000001        3.9399999999999998E-002
   90.000000000000000        2.6409430720311294E-002   4.9000000000000002E-002   4.0000000000000002E-004   0.0000000000000000       0.90739999999999998        4.3200000000000002E-002
   91.000000000000000        1.5720123425185178E-002   4.9000000000000002E-002   4.0000000000000002E-004   2.8000000000000000E-003  0.90439999999999998        4.3400000000000001E-002
   92.000000000000000        6.5144209917760171E-003   4.8800000000000003E-002   4.0000000000000002E-004   5.9999999999999995E-004  0.90639999999999998        4.3799999999999999E-002
   93.000000000000000        1.7071661355899832E-004   4.8399999999999999E-002   4.0000000000000002E-004   2.3199999999999998E-002  0.88339999999999996        4.4600000000000001E-002
   94.000000000000000        3.6230327815734570E-004   4.8399999999999999E-002   4.0000000000000002E-004   7.0599999999999996E-002  0.83599999999999997        4.4600000000000001E-002
   95.000000000000000        9.1817538543577382E-003   4.8399999999999999E-002   4.0000000000000002E-004   7.7799999999999994E-002  0.82879999999999998        4.4600000000000001E-002
   96.000000000000000        2.4424314432832300E-002   1.2400000000000000E-002   3.5200000000000002E-002   7.3200000000000001E-002  0.83440000000000003        4.4800000000000000E-002
   97.000000000000000        3.9346068325162312E-002   1.2400000000000000E-002   3.5200000000000002E-002   8.3599999999999994E-002  0.82399999999999995        4.4800000000000000E-002
   98.000000000000000        5.6058750654793564E-002   1.0999999999999999E-002   3.5999999999999997E-002   8.8599999999999998E-002  0.81940000000000002        4.4999999999999998E-002
   99.000000000000000        7.5194340126483530E-002   1.0999999999999999E-002   3.5799999999999998E-002   9.1999999999999998E-002  0.81620000000000004        4.4999999999999998E-002
   100.00000000000000        9.0639075822417481E-002   1.0800000000000001E-002   3.5200000000000002E-002   9.4200000000000006E-002  0.81479999999999997        4.4999999999999998E-002
   101.00000000000000        9.1341293898223777E-002   1.0600000000000000E-002   3.5400000000000001E-002   8.6199999999999999E-002  0.81979999999999997        4.8000000000000001E-002
   102.00000000000000        9.7412832454169707E-002   1.0600000000000000E-002   3.5000000000000003E-002   8.2400000000000001E-002  0.82120000000000004        5.0799999999999998E-002
   103.00000000000000       0.14075979208120420        1.0800000000000001E-002   3.4799999999999998E-002   8.3400000000000002E-002  0.82020000000000004        5.0799999999999998E-002
   104.00000000000000       0.17863826132965771        1.0800000000000001E-002   3.4599999999999999E-002   8.3599999999999994E-002  0.82020000000000004        5.0799999999999998E-002
   105.00000000000000       0.21530670203584340        1.0800000000000001E-002   3.4599999999999999E-002   7.3400000000000007E-002  0.83040000000000003        5.0799999999999998E-002
   106.00000000000000       0.22084863827522250        9.7999999999999997E-003   3.4799999999999998E-002   7.0400000000000004E-002  0.83399999999999996        5.0999999999999997E-002
   107.00000000000000       0.23768376781585168        9.7999999999999997E-003   3.4799999999999998E-002   7.0400000000000004E-002  0.83399999999999996        5.0999999999999997E-002
   108.00000000000000       0.14220397937427826        2.0000000000000001E-004   8.0000000000000002E-003   7.0599999999999996E-002  0.85599999999999998        6.5199999999999994E-002
   109.00000000000000        1.3444122032546408        2.0000000000000001E-004   7.4000000000000003E-003   6.8400000000000002E-002  0.83479999999999999        8.9200000000000002E-002
   110.00000000000000       0.54963723484476823        2.0000000000000001E-004   6.7999999999999996E-003   6.8400000000000002E-002  0.83099999999999996        9.3600000000000003E-002
   111.00000000000000       0.54997876000191148        2.0000000000000001E-004   6.7999999999999996E-003   6.3200000000000006E-002  0.83620000000000005        9.3600000000000003E-002
   112.00000000000000       0.60576615891738228        4.0000000000000002E-004   6.6000000000000000E-003   0.0000000000000000       0.78159999999999996       0.21140000000000000     
   113.00000000000000       0.40659528254778410        4.0000000000000002E-004   6.6000000000000000E-003   0.0000000000000000       0.77759999999999996       0.21540000000000001     
   114.00000000000000       0.42022054090557198        4.0000000000000002E-004   6.6000000000000000E-003   0.0000000000000000       0.77759999999999996       0.21540000000000001     
   115.00000000000000       0.43205748092806034        4.0000000000000002E-004   6.6000000000000000E-003   0.0000000000000000       0.76459999999999995       0.22839999999999999     
   116.00000000000000       0.43909895026950041        4.0000000000000002E-004   6.6000000000000000E-003   0.0000000000000000       0.75760000000000005       0.23540000000000000     
   117.00000000000000       0.44327425751854066        4.0000000000000002E-004   6.6000000000000000E-003   0.0000000000000000       0.75800000000000001       0.23499999999999999     
   118.00000000000000       0.44456434605759598        4.0000000000000002E-004   6.6000000000000000E-003   0.0000000000000000       0.75800000000000001       0.23499999999999999     
   119.00000000000000       0.44402603543379981        4.0000000000000002E-004   6.6000000000000000E-003   0.0000000000000000       0.75900000000000001       0.23400000000000001     
   120.00000000000000       0.44167518603566136        4.0000000000000002E-004   6.6000000000000000E-003   0.0000000000000000       0.75639999999999996       0.23660000000000000     
   121.00000000000000       0.43662712097842260        4.0000000000000002E-004   6.6000000000000000E-003   0.0000000000000000       0.75560000000000005       0.23740000000000000     
   122.00000000000000       0.42967759426254226        4.0000000000000002E-004   6.6000000000000000E-003   0.0000000000000000       0.75560000000000005       0.23740000000000000     
   123.00000000000000       0.42135505268240486        4.0000000000000002E-004   6.6000000000000000E-003   0.0000000000000000       0.75539999999999996       0.23760000000000001     
   124.00000000000000       0.41157644154738027        4.0000000000000002E-004   6.6000000000000000E-003   0.0000000000000000       0.75539999999999996       0.23760000000000001     
   125.00000000000000       0.40070918700597524        4.0000000000000002E-004   6.6000000000000000E-003   0.0000000000000000       0.75519999999999998       0.23780000000000001     
   126.00000000000000       0.38850087925498694        4.0000000000000002E-004   6.6000000000000000E-003   0.0000000000000000       0.75460000000000005       0.23840000000000000     
   127.00000000000000       0.37631962831306009        4.0000000000000002E-004   6.6000000000000000E-003   0.0000000000000000       0.72819999999999996       0.26479999999999998     
   128.00000000000000       0.36237697450943990        4.0000000000000002E-004   6.6000000000000000E-003   0.0000000000000000       0.73799999999999999       0.25500000000000000     
   129.00000000000000       0.34798588771682348        4.0000000000000002E-004   6.6000000000000000E-003   0.0000000000000000       0.74380000000000002       0.24920000000000000     
   130.00000000000000       0.33482697736140632        4.0000000000000002E-004   6.4000000000000003E-003   0.0000000000000000       0.74099999999999999       0.25219999999999998     
   131.00000000000000       0.32121057513632567        4.0000000000000002E-004   6.1999999999999998E-003   0.0000000000000000       0.74800000000000000       0.24540000000000001     
   132.00000000000000       0.30851918222098634        4.0000000000000002E-004   6.0000000000000001E-003   0.0000000000000000       0.72919999999999996       0.26440000000000002     
   133.00000000000000       0.29651825452098024        4.0000000000000002E-004   6.0000000000000001E-003   0.0000000000000000       0.70299999999999996       0.29060000000000002     
   134.00000000000000       0.28458874817939939        1.6000000000000001E-003   4.7999999999999996E-003   0.0000000000000000       0.70679999999999998       0.28680000000000000     
   135.00000000000000       0.27298299297426554        1.6000000000000001E-003   4.7999999999999996E-003   0.0000000000000000       0.71940000000000004       0.27420000000000000     
   136.00000000000000       0.26269211428460632        1.6000000000000001E-003   4.7999999999999996E-003   0.0000000000000000       0.72280000000000000       0.27079999999999999     
   137.00000000000000       0.25452061517071850        1.6000000000000001E-003   4.0000000000000001E-003   8.0000000000000004E-004  0.69220000000000004       0.30140000000000000     
   138.00000000000000       0.24635430824019489        1.6000000000000001E-003   3.8000000000000000E-003   8.0000000000000004E-004  0.68940000000000001       0.30440000000000000     
   139.00000000000000       0.24007665079853008        1.6000000000000001E-003   3.8000000000000000E-003   8.0000000000000004E-004  0.67300000000000004       0.32079999999999997     
   140.00000000000000       0.23410278055693828        1.6000000000000001E-003   3.8000000000000000E-003   8.0000000000000004E-004  0.67159999999999997       0.32219999999999999     
   141.00000000000000       0.22921606308576847        1.6000000000000001E-003   3.5999999999999999E-003   8.0000000000000004E-004  0.66539999999999999       0.32860000000000000     
   142.00000000000000       0.22625631585085032        1.6000000000000001E-003   3.5999999999999999E-003   8.0000000000000004E-004  0.66539999999999999       0.32860000000000000     
   143.00000000000000       0.22469149886623729        1.6000000000000001E-003   3.5999999999999999E-003   8.0000000000000004E-004  0.66600000000000004       0.32800000000000001     
   144.00000000000000       0.22407474658927043        1.6000000000000001E-003   3.3999999999999998E-003   8.0000000000000004E-004  0.66620000000000001       0.32800000000000001     
   145.00000000000000       0.22670201025109887        1.6000000000000001E-003   3.3999999999999998E-003   8.0000000000000004E-004  0.66679999999999995       0.32740000000000002     
   146.00000000000000       0.23006673410809372        1.4000000000000000E-003   3.3999999999999998E-003   8.0000000000000004E-004  0.66479999999999995       0.32960000000000000     
   147.00000000000000       0.23518458254331512        1.4000000000000000E-003   3.3999999999999998E-003   8.0000000000000004E-004  0.66600000000000004       0.32840000000000003     
   148.00000000000000       0.24159490628262517        1.4000000000000000E-003   3.2000000000000002E-003   8.0000000000000004E-004  0.66659999999999997       0.32800000000000001     
   149.00000000000000       0.24919690524602139        1.4000000000000000E-003   3.2000000000000002E-003   8.0000000000000004E-004  0.66739999999999999       0.32719999999999999     
   150.00000000000000       0.25809883933836275        1.4000000000000000E-003   3.2000000000000002E-003   8.0000000000000004E-004  0.66600000000000004       0.32860000000000000     
   151.00000000000000       0.26787037981679596        1.4000000000000000E-003   3.2000000000000002E-003   8.0000000000000004E-004  0.66639999999999999       0.32819999999999999     
   152.00000000000000       0.27822881871669375        1.1999999999999999E-003   3.2000000000000002E-003   1.0000000000000000E-003  0.66659999999999997       0.32800000000000001     
   153.00000000000000       0.28875990716430855        1.1999999999999999E-003   3.2000000000000002E-003   1.0000000000000000E-003  0.66579999999999995       0.32879999999999998     
   154.00000000000000       0.29927539040991125        1.4000000000000000E-003   3.0000000000000001E-003   1.0000000000000000E-003  0.66579999999999995       0.32879999999999998     
   155.00000000000000       0.30920229511860881        1.4000000000000000E-003   2.8000000000000000E-003   1.0000000000000000E-003  0.66600000000000004       0.32879999999999998     
   156.00000000000000       0.31867262684795228        1.4000000000000000E-003   2.5999999999999999E-003   8.0000000000000004E-004  0.66639999999999999       0.32879999999999998     
   157.00000000000000       0.32693019399144652        1.4000000000000000E-003   2.5999999999999999E-003   8.0000000000000004E-004  0.66659999999999997       0.32860000000000000     
   158.00000000000000       0.33416051664223700        1.4000000000000000E-003   2.5999999999999999E-003   8.0000000000000004E-004  0.66659999999999997       0.32860000000000000     
   159.00000000000000       0.33987787741238640        1.4000000000000000E-003   2.5999999999999999E-003   5.9999999999999995E-004  0.66459999999999997       0.33079999999999998     
   160.00000000000000       0.34430612838257824        1.4000000000000000E-003   2.5999999999999999E-003   5.9999999999999995E-004  0.66100000000000003       0.33439999999999998     
   161.00000000000000       0.34603086659884086        1.4000000000000000E-003   2.5999999999999999E-003   5.9999999999999995E-004  0.66100000000000003       0.33439999999999998     
   162.00000000000000       0.34652432841554531        1.4000000000000000E-003   2.5999999999999999E-003   5.9999999999999995E-004  0.65759999999999996       0.33779999999999999     
   163.00000000000000       0.34491108331792353        1.4000000000000000E-003   2.5999999999999999E-003   5.9999999999999995E-004  0.65580000000000005       0.33960000000000001     
   164.00000000000000       0.34124371985211527        1.4000000000000000E-003   2.5999999999999999E-003   5.9999999999999995E-004  0.65500000000000003       0.34039999999999998     
   165.00000000000000       0.33576238124142477        5.9999999999999995E-004   3.3999999999999998E-003   5.9999999999999995E-004  0.65500000000000003       0.34039999999999998     
   166.00000000000000       0.32910237999458158        5.9999999999999995E-004   3.2000000000000002E-003   1.0000000000000000E-003  0.65480000000000005       0.34039999999999998     
   167.00000000000000       0.32124977819133715        5.9999999999999995E-004   3.2000000000000002E-003   1.0000000000000000E-003  0.65480000000000005       0.34039999999999998     
   168.00000000000000       0.31300699650088115        5.9999999999999995E-004   3.2000000000000002E-003   1.0000000000000000E-003  0.65480000000000005       0.34039999999999998     
   169.00000000000000       0.30431239274304145        5.9999999999999995E-004   3.2000000000000002E-003   1.0000000000000000E-003  0.65300000000000002       0.34220000000000000     
   170.00000000000000       0.29540318409670729        5.9999999999999995E-004   3.2000000000000002E-003   1.0000000000000000E-003  0.65320000000000000       0.34200000000000003     
   171.00000000000000       0.28574029941083090        5.9999999999999995E-004   3.2000000000000002E-003   1.0000000000000000E-003  0.65320000000000000       0.34200000000000003     
   172.00000000000000       0.27693708252090971        5.9999999999999995E-004   3.2000000000000002E-003   1.0000000000000000E-003  0.65000000000000002       0.34520000000000001     
   173.00000000000000       0.26799866492085767        5.9999999999999995E-004   3.2000000000000002E-003   1.0000000000000000E-003  0.65020000000000000       0.34499999999999997     
   174.00000000000000       0.25846527321856921        5.9999999999999995E-004   3.0000000000000001E-003   1.0000000000000000E-003  0.65039999999999998       0.34499999999999997     
   175.00000000000000       0.24916352993755958        5.9999999999999995E-004   3.2000000000000002E-003   8.0000000000000004E-004  0.65039999999999998       0.34499999999999997     
   176.00000000000000       0.23986239140170529        5.9999999999999995E-004   3.2000000000000002E-003   8.0000000000000004E-004  0.65080000000000005       0.34460000000000002     
   177.00000000000000       0.23076529068837787        5.9999999999999995E-004   3.2000000000000002E-003   8.0000000000000004E-004  0.65080000000000005       0.34460000000000002     
   178.00000000000000       0.22173879482516753        5.9999999999999995E-004   3.2000000000000002E-003   8.0000000000000004E-004  0.65100000000000002       0.34439999999999998     
   179.00000000000000       0.21241799786769455        5.9999999999999995E-004   3.2000000000000002E-003   8.0000000000000004E-004  0.64780000000000004       0.34760000000000002     
   180.00000000000000       0.20432871696656751        5.9999999999999995E-004   3.2000000000000002E-003   8.0000000000000004E-004  0.64400000000000002       0.35139999999999999     
   181.00000000000000       0.20685969389115710        5.9999999999999995E-004   3.2000000000000002E-003   1.0000000000000000E-003  0.64400000000000002       0.35120000000000001     
   182.00000000000000       0.21149026456652403        5.9999999999999995E-004   3.2000000000000002E-003   1.0000000000000000E-003  0.64400000000000002       0.35120000000000001     
   183.00000000000000       0.21157992642049522        5.9999999999999995E-004   3.2000000000000002E-003   1.0000000000000000E-003  0.64400000000000002       0.35120000000000001     
   184.00000000000000       0.20616262619158238        5.9999999999999995E-004   3.2000000000000002E-003   1.0000000000000000E-003  0.64400000000000002       0.35120000000000001     
   185.00000000000000       0.19663797358929930        5.9999999999999995E-004   3.2000000000000002E-003   8.0000000000000004E-004  0.64400000000000002       0.35139999999999999     
   186.00000000000000       0.18300143288921961        5.9999999999999995E-004   3.0000000000000001E-003   0.0000000000000000       0.64480000000000004       0.35160000000000002     
   187.00000000000000       0.17836511465287397        5.9999999999999995E-004   3.0000000000000001E-003   0.0000000000000000       0.63880000000000003       0.35759999999999997     
   188.00000000000000       0.17429773326864401        5.9999999999999995E-004   3.0000000000000001E-003   0.0000000000000000       0.63880000000000003       0.35759999999999997     
   189.00000000000000       0.17583931604060390        5.9999999999999995E-004   3.0000000000000001E-003   0.0000000000000000       0.63500000000000001       0.36140000000000000     
   190.00000000000000       0.17722130599274302        5.9999999999999995E-004   3.0000000000000001E-003   0.0000000000000000       0.63339999999999996       0.36299999999999999     
   191.00000000000000       0.18020588008354299        1.1999999999999999E-003   2.3999999999999998E-003   0.0000000000000000       0.63280000000000003       0.36359999999999998     
   192.00000000000000       0.18419829216842332        1.1999999999999999E-003   2.3999999999999998E-003   0.0000000000000000       0.63280000000000003       0.36359999999999998     
   193.00000000000000       0.18986391779723436        1.1999999999999999E-003   2.3999999999999998E-003   2.0000000000000001E-004  0.63260000000000005       0.36359999999999998     
   194.00000000000000       0.19657355154078954        1.1999999999999999E-003   2.3999999999999998E-003   2.2000000000000001E-003  0.63060000000000005       0.36359999999999998     
   195.00000000000000       0.20509062520817953        1.1999999999999999E-003   2.3999999999999998E-003   3.2000000000000002E-003  0.62900000000000000       0.36420000000000002     
   196.00000000000000       0.21452005739409799        1.1999999999999999E-003   2.3999999999999998E-003   2.0000000000000000E-003  0.62919999999999998       0.36520000000000002     
   197.00000000000000       0.22591916532911344        1.1999999999999999E-003   2.3999999999999998E-003   2.3999999999999998E-003  0.62500000000000000       0.36899999999999999     
   198.00000000000000       0.23729493600404025        1.1999999999999999E-003   2.3999999999999998E-003   2.3999999999999998E-003  0.62500000000000000       0.36899999999999999     
   199.00000000000000       0.24972274542106593        1.1999999999999999E-003   2.3999999999999998E-003   2.5999999999999999E-003  0.62239999999999995       0.37140000000000001     
   200.00000000000000       0.26183908093728492        1.1999999999999999E-003   2.3999999999999998E-003   2.3999999999999998E-003  0.62239999999999995       0.37159999999999999     
   201.00000000000000       0.27400909996703071        1.1999999999999999E-003   2.3999999999999998E-003   2.3999999999999998E-003  0.62219999999999998       0.37180000000000002     
   202.00000000000000       0.28594669270532319        1.1999999999999999E-003   2.3999999999999998E-003   2.3999999999999998E-003  0.62019999999999997       0.37380000000000002     
   203.00000000000000       0.29734841965875941        1.0000000000000000E-003   2.3999999999999998E-003   2.3999999999999998E-003  0.61860000000000004       0.37559999999999999     
   204.00000000000000       0.30749036080847864        1.0000000000000000E-003   2.3999999999999998E-003   2.3999999999999998E-003  0.61860000000000004       0.37559999999999999     
   205.00000000000000       0.31767215238775959        1.0000000000000000E-003   2.3999999999999998E-003   2.3999999999999998E-003  0.61739999999999995       0.37680000000000002     
   206.00000000000000       0.32594281083916687        1.0000000000000000E-003   2.3999999999999998E-003   2.3999999999999998E-003  0.61739999999999995       0.37680000000000002     
   207.00000000000000       0.33370431234408537        1.0000000000000000E-003   2.3999999999999998E-003   2.3999999999999998E-003  0.61739999999999995       0.37680000000000002     
   208.00000000000000       0.34075927671492173        1.0000000000000000E-003   3.2000000000000002E-003   1.6000000000000001E-003  0.61739999999999995       0.37680000000000002     
   209.00000000000000       0.34621306095325666        1.0000000000000000E-003   3.2000000000000002E-003   1.6000000000000001E-003  0.61660000000000004       0.37759999999999999     
   210.00000000000000       0.35072722068515394        1.0000000000000000E-003   3.2000000000000002E-003   1.6000000000000001E-003  0.61140000000000005       0.38279999999999997     
   211.00000000000000       0.35421136445582191        1.0000000000000000E-003   3.2000000000000002E-003   1.6000000000000001E-003  0.60460000000000003       0.38960000000000000     
   212.00000000000000       0.35348105437809829        1.4000000000000000E-003   2.5999999999999999E-003   1.6000000000000001E-003  0.70460000000000000       0.28980000000000000     
   213.00000000000000       0.35490573343389126        1.4000000000000000E-003   2.5999999999999999E-003   1.6000000000000001E-003  0.70460000000000000       0.28980000000000000     
   214.00000000000000       0.35227808062317084        1.4000000000000000E-003   2.5999999999999999E-003   1.6000000000000001E-003  0.70740000000000003       0.28699999999999998     
   215.00000000000000       0.34696458000866071        1.4000000000000000E-003   2.3999999999999998E-003   1.6000000000000001E-003  0.70599999999999996       0.28860000000000002     
   216.00000000000000       0.34022463267009795        1.4000000000000000E-003   2.3999999999999998E-003   1.6000000000000001E-003  0.70660000000000001       0.28799999999999998     
