#        BMIN =   404
#        BMAX =   408
#     INIBAND =   406
#      NBANDS =   540
#         NSW =  2000
#       POTIM =   1.0
#        TEMP = 300.0
#    NAMDTINI =   998
#    NAMDTIME =  1000
#       NTRAJ =  5000
#        NELM =  1000
#       LHOLE =     T
#        LSHP =     T
#      LCPTXT =     T
#      RUNDIR = ../../run/
   1.0000000000000000       -8.1277751746519009E-002   0.0000000000000000        0.0000000000000000        1.0000000000000000        0.0000000000000000        0.0000000000000000     
   2.0000000000000000       -8.7197272891226408E-003   0.0000000000000000        0.0000000000000000       0.99980000000000002        0.0000000000000000        2.0000000000000001E-004
   3.0000000000000000       -4.7543264499126138E-002   0.0000000000000000        0.0000000000000000       0.99739999999999995        2.3999999999999998E-003   2.0000000000000001E-004
   4.0000000000000000        6.9258031843602783E-002   0.0000000000000000        0.0000000000000000       0.99600000000000000        3.0000000000000001E-003   1.0000000000000000E-003
   5.0000000000000000       -4.0402998446757224E-002   0.0000000000000000        0.0000000000000000       0.99600000000000000        3.0000000000000001E-003   1.0000000000000000E-003
   6.0000000000000000       -5.7908598158482198E-002   0.0000000000000000        0.0000000000000000       0.99580000000000002        2.5999999999999999E-003   1.6000000000000001E-003
   7.0000000000000000       -5.9703430848337860E-002   0.0000000000000000        0.0000000000000000       0.99560000000000004        2.5999999999999999E-003   1.8000000000000000E-003
   8.0000000000000000       -6.9917774670142374E-002   0.0000000000000000       0.21840000000000001       0.77720000000000000        2.5999999999999999E-003   1.8000000000000000E-003
   9.0000000000000000       -5.5758376856317342E-002   0.0000000000000000       0.21820000000000001       0.77720000000000000        2.8000000000000000E-003   1.8000000000000000E-003
   10.000000000000000       -2.6128439873164183E-002   0.0000000000000000       0.21820000000000001       0.77720000000000000        2.8000000000000000E-003   1.8000000000000000E-003
   11.000000000000000        9.7990915466316915E-004   0.0000000000000000       0.21820000000000001       0.77720000000000000        2.8000000000000000E-003   1.8000000000000000E-003
   12.000000000000000        2.4495961754463464E-002   0.0000000000000000       0.21820000000000001       0.77720000000000000        2.8000000000000000E-003   1.8000000000000000E-003
   13.000000000000000        4.3994427789670380E-002   0.0000000000000000       0.21759999999999999       0.77720000000000000        3.0000000000000001E-003   2.2000000000000001E-003
   14.000000000000000        6.0555244889862685E-002   0.0000000000000000       0.21759999999999999       0.77720000000000000        3.0000000000000001E-003   2.2000000000000001E-003
   15.000000000000000        6.9693835923037351E-002   0.0000000000000000       0.21740000000000001       0.77720000000000000        3.0000000000000001E-003   2.3999999999999998E-003
   16.000000000000000        7.2921914782224845E-002   0.0000000000000000       0.21740000000000001       0.77720000000000000        3.0000000000000001E-003   2.3999999999999998E-003
   17.000000000000000        7.2219682057332590E-002   0.0000000000000000       0.21700000000000000       0.77720000000000000        3.3999999999999998E-003   2.3999999999999998E-003
   18.000000000000000        6.6223881315227079E-002   0.0000000000000000       0.21700000000000000       0.77720000000000000        3.3999999999999998E-003   2.3999999999999998E-003
   19.000000000000000        5.5712153367289449E-002   0.0000000000000000       0.21700000000000000       0.77720000000000000        3.3999999999999998E-003   2.3999999999999998E-003
   20.000000000000000        4.1129181724410525E-002   0.0000000000000000       0.21700000000000000       0.77720000000000000        3.3999999999999998E-003   2.3999999999999998E-003
   21.000000000000000        2.2762886560942615E-002   0.0000000000000000       0.21700000000000000       0.77720000000000000        3.3999999999999998E-003   2.3999999999999998E-003
   22.000000000000000        2.1279429110806491E-003   0.0000000000000000       0.21640000000000001       0.77720000000000000        4.0000000000000001E-003   2.3999999999999998E-003
   23.000000000000000       -2.0472948597760613E-002   2.0000000000000001E-004  0.21579999999999999       0.77720000000000000        4.4000000000000003E-003   2.3999999999999998E-003
   24.000000000000000       -4.4278730167267397E-002   2.0000000000000001E-004  0.21579999999999999       0.77720000000000000        4.4000000000000003E-003   2.3999999999999998E-003
   25.000000000000000       -6.8525400685454665E-002   8.0000000000000004E-004  0.23180000000000001       0.76039999999999996        4.4000000000000003E-003   2.5999999999999999E-003
   26.000000000000000       -8.4031445886898246E-002   1.6000000000000001E-003  0.23180000000000001       0.75960000000000005        4.1999999999999997E-003   2.8000000000000000E-003
   27.000000000000000       -9.1598221296340321E-002   2.0000000000000000E-003  0.23180000000000001       0.75900000000000001        4.4000000000000003E-003   2.8000000000000000E-003
   28.000000000000000       -9.9326813703986716E-002   3.7600000000000001E-002  0.19259999999999999       0.76259999999999994        4.4000000000000003E-003   2.8000000000000000E-003
   29.000000000000000      -0.10484976826079209        3.7600000000000001E-002  0.18179999999999999       0.77339999999999998        4.1999999999999997E-003   3.0000000000000001E-003
   30.000000000000000      -0.10996262325687567        3.7600000000000001E-002  0.17720000000000000       0.77720000000000000        4.7999999999999996E-003   3.2000000000000002E-003
   31.000000000000000      -0.11743292524776254        3.7600000000000001E-002  0.17080000000000001       0.78280000000000005        5.1999999999999998E-003   3.5999999999999999E-003
   32.000000000000000      -0.12142575827505389        3.7600000000000001E-002  0.17000000000000001       0.78339999999999999        5.4000000000000003E-003   3.5999999999999999E-003
   33.000000000000000      -0.12944471701107010       0.20720000000000000        2.0000000000000001E-004  0.78320000000000001        5.7999999999999996E-003   3.5999999999999999E-003
   34.000000000000000      -0.13372624856946597       0.20540000000000000        2.0000000000000001E-004  0.78500000000000003        5.7999999999999996E-003   3.5999999999999999E-003
   35.000000000000000      -0.14018124967130122       0.20019999999999999        2.0000000000000001E-004  0.79000000000000004        6.0000000000000001E-003   3.5999999999999999E-003
   36.000000000000000      -0.14632838188787750       0.19719999999999999        0.0000000000000000       0.79320000000000002        6.0000000000000001E-003   3.5999999999999999E-003
   37.000000000000000      -0.14565744833512068       0.19560000000000000        0.0000000000000000       0.79320000000000002        7.6000000000000000E-003   3.5999999999999999E-003
   38.000000000000000      -0.12568813144656146       0.19280000000000000        1.6000000000000001E-003  0.79320000000000002        8.8000000000000005E-003   3.5999999999999999E-003
   39.000000000000000      -0.10489952446849546       0.19259999999999999        1.6000000000000001E-003  0.79320000000000002        8.8000000000000005E-003   3.8000000000000000E-003
   40.000000000000000       -8.2953359179014710E-002  0.19080000000000000        3.3999999999999998E-003  0.79320000000000002        8.8000000000000005E-003   3.8000000000000000E-003
   41.000000000000000       -6.1061781896867472E-002  0.19040000000000001        3.3999999999999998E-003  0.79320000000000002        8.8000000000000005E-003   4.1999999999999997E-003
   42.000000000000000       -4.0270914170119236E-002  0.19040000000000001        3.3999999999999998E-003  0.79320000000000002        8.9999999999999993E-003   4.0000000000000001E-003
   43.000000000000000       -2.2008114136248369E-002  0.18980000000000000        4.0000000000000001E-003  0.79320000000000002        8.9999999999999993E-003   4.0000000000000001E-003
   44.000000000000000       -6.4802763456341629E-003  0.18980000000000000        4.0000000000000001E-003  0.79320000000000002        8.8000000000000005E-003   4.1999999999999997E-003
   45.000000000000000        9.9221438071593511E-003  0.18920000000000001        4.4000000000000003E-003  0.79320000000000002        1.3200000000000000E-002   0.0000000000000000     
   46.000000000000000        1.7586790238331571E-002  0.18920000000000001        4.4000000000000003E-003  0.79320000000000002        1.3200000000000000E-002   0.0000000000000000     
   47.000000000000000        1.8831227102891951E-002  0.18900000000000000        4.5999999999999999E-003  0.79320000000000002        1.3200000000000000E-002   0.0000000000000000     
   48.000000000000000        1.7571448323277790E-002  0.18900000000000000        4.5999999999999999E-003  0.79320000000000002        1.3200000000000000E-002   0.0000000000000000     
   49.000000000000000        1.1327936375902360E-002  0.18900000000000000        4.5999999999999999E-003  0.79320000000000002        1.3200000000000000E-002   0.0000000000000000     
   50.000000000000000       -4.5399292311496062E-004  0.18880000000000000        1.2400000000000000E-002  0.78559999999999997        1.3200000000000000E-002   0.0000000000000000     
   51.000000000000000       -1.1047798314253407E-002  0.18800000000000000        1.2400000000000000E-002  0.78459999999999996        1.4999999999999999E-002   0.0000000000000000     
   52.000000000000000        7.2646481447436132E-003  0.18759999999999999        1.2400000000000000E-002  0.77959999999999996        2.0400000000000001E-002   0.0000000000000000     
   53.000000000000000        2.5052603881669789E-002  0.14240000000000000        5.7599999999999998E-002  0.77820000000000000        2.1800000000000000E-002   0.0000000000000000     
   54.000000000000000        3.5810539031871855E-002  0.14240000000000000        5.7200000000000001E-002  0.77820000000000000        2.2200000000000001E-002   0.0000000000000000     
   55.000000000000000        4.1697911120218777E-002  0.14240000000000000        5.7200000000000001E-002  0.77820000000000000        2.2200000000000001E-002   0.0000000000000000     
   56.000000000000000        4.6746531683614416E-002  0.14240000000000000        5.7200000000000001E-002  0.77780000000000005        2.2200000000000001E-002   4.0000000000000002E-004
   57.000000000000000        4.7389795827893447E-002  0.14240000000000000        5.6200000000000000E-002  0.77859999999999996        2.2400000000000000E-002   4.0000000000000002E-004
   58.000000000000000        5.3816113728734551E-002  0.12839999999999999        6.9400000000000003E-002  0.77880000000000005        2.3000000000000000E-002   4.0000000000000002E-004
   59.000000000000000        6.0284030944204398E-002  0.11500000000000000        8.2000000000000003E-002  0.77420000000000000        2.8400000000000002E-002   4.0000000000000002E-004
   60.000000000000000        6.2017245261337582E-002  0.10440000000000001        9.2200000000000004E-002  0.77420000000000000        2.8600000000000000E-002   5.9999999999999995E-004
   61.000000000000000        5.9923807341831517E-002  0.10420000000000000        9.1399999999999995E-002  0.77100000000000002        3.2800000000000003E-002   5.9999999999999995E-004
   62.000000000000000        5.3261482484796112E-002  0.10420000000000000        9.1399999999999995E-002  0.77080000000000004        3.2800000000000003E-002   8.0000000000000004E-004
   63.000000000000000        4.4591372905717179E-002  0.10420000000000000        9.1399999999999995E-002  0.76800000000000002        3.5600000000000000E-002   8.0000000000000004E-004
   64.000000000000000        3.2290435717123214E-002  0.10400000000000000        9.0800000000000006E-002  0.76839999999999997        3.5799999999999998E-002   1.0000000000000000E-003
   65.000000000000000        1.7253091768097670E-002  0.10400000000000000        9.1399999999999995E-002  0.76780000000000004        3.5999999999999997E-002   8.0000000000000004E-004
   66.000000000000000        1.4303299340096213E-003  0.10220000000000000        8.8200000000000001E-002  0.77259999999999995        3.6200000000000003E-002   8.0000000000000004E-004
   67.000000000000000       -1.6999083052286038E-002  0.10220000000000000        8.8400000000000006E-002  0.77239999999999998        3.6200000000000003E-002   8.0000000000000004E-004
   68.000000000000000       -3.3907696720909354E-002  0.10220000000000000        8.9200000000000002E-002  0.77139999999999997        3.5799999999999998E-002   1.4000000000000000E-003
   69.000000000000000       -4.9755181635292689E-002  0.10220000000000000        8.9200000000000002E-002  0.77139999999999997        3.5799999999999998E-002   1.4000000000000000E-003
   70.000000000000000       -6.6192699711063049E-002  0.10220000000000000        8.9200000000000002E-002  0.76959999999999995        3.7600000000000001E-002   1.4000000000000000E-003
   71.000000000000000       -8.0483327426290122E-002   0.0000000000000000       0.19180000000000000       0.76919999999999999        3.7400000000000003E-002   1.6000000000000001E-003
   72.000000000000000       -9.6529238214964619E-002   0.0000000000000000       0.14240000000000000       0.81859999999999999        3.7400000000000003E-002   1.6000000000000001E-003
   73.000000000000000       -8.2833286557949928E-002   2.5999999999999999E-003  0.13919999999999999       0.81920000000000004        3.7400000000000003E-002   1.6000000000000001E-003
   74.000000000000000       -4.8988531615952347E-002   2.5999999999999999E-003  0.13919999999999999       0.81920000000000004        3.7400000000000003E-002   1.6000000000000001E-003
   75.000000000000000       -8.0593547866225357E-003   2.5999999999999999E-003  0.13919999999999999       0.81920000000000004        3.7400000000000003E-002   1.6000000000000001E-003
   76.000000000000000        3.2967655373465792E-002   2.8000000000000000E-003  0.13880000000000001       0.41439999999999999       0.44240000000000002        1.6000000000000001E-003
   77.000000000000000        4.8391627625709380E-002   2.8000000000000000E-003  0.13880000000000001       0.41439999999999999       0.44240000000000002        1.6000000000000001E-003
   78.000000000000000        6.2765276351458801E-002   3.0000000000000001E-003  0.13739999999999999       0.41439999999999999       0.44359999999999999        1.6000000000000001E-003
   79.000000000000000        7.2711213056083232E-002   3.2000000000000002E-003  0.13719999999999999       0.41420000000000001       0.44359999999999999        1.8000000000000000E-003
   80.000000000000000        8.4811172700122631E-002   3.2000000000000002E-003  0.13719999999999999       0.41420000000000001       0.44359999999999999        1.8000000000000000E-003
   81.000000000000000        9.1996096984799630E-002   3.3999999999999998E-003  0.13700000000000001       0.41420000000000001       0.44359999999999999        1.8000000000000000E-003
   82.000000000000000        9.5985786904840512E-002   3.3999999999999998E-003  0.13700000000000001       0.41420000000000001       0.44359999999999999        1.8000000000000000E-003
   83.000000000000000        9.7075866585094608E-002   3.5999999999999999E-003  0.13680000000000000       0.41420000000000001       0.44359999999999999        1.8000000000000000E-003
   84.000000000000000        9.4301537557443665E-002   4.4000000000000003E-003  0.13600000000000001       0.41420000000000001       0.44359999999999999        1.8000000000000000E-003
   85.000000000000000        8.8397007946938250E-002   4.0000000000000001E-003  0.13639999999999999       0.41420000000000001       0.44359999999999999        1.8000000000000000E-003
   86.000000000000000        7.9482901555802676E-002   4.4000000000000003E-003  0.13600000000000001       0.40100000000000002       0.45679999999999998        1.8000000000000000E-003
   87.000000000000000        6.7841456598471295E-002   2.1800000000000000E-002  0.11740000000000000       0.40100000000000002       0.45800000000000002        1.8000000000000000E-003
   88.000000000000000        5.6121368136625542E-002   1.8599999999999998E-002  0.12000000000000000       0.40100000000000002       0.45860000000000001        1.8000000000000000E-003
   89.000000000000000        5.0443769995448411E-002   1.5400000000000000E-002  0.12000000000000000       0.40100000000000002       0.46179999999999999        1.8000000000000000E-003
   90.000000000000000        5.0848217811859678E-002   1.3599999999999999E-002   0.0000000000000000       0.52280000000000004       0.46139999999999998        2.2000000000000001E-003
   91.000000000000000        4.5203281269390792E-002   1.7200000000000000E-002   2.8000000000000000E-003  0.51019999999999999       0.46660000000000001        3.2000000000000002E-003
   92.000000000000000        6.5990825132127395E-002   1.6799999999999999E-002   3.8000000000000000E-003  0.50900000000000001       0.46720000000000000        3.2000000000000002E-003
   93.000000000000000        8.9597144230933581E-002   1.6000000000000000E-002   4.5999999999999999E-003  0.49399999999999999       0.48180000000000001        3.5999999999999999E-003
   94.000000000000000       0.10888824065524950        1.5599999999999999E-002   4.5999999999999999E-003  0.49359999999999998       0.48060000000000003        5.5999999999999999E-003
   95.000000000000000       0.12619784073750628        1.4999999999999999E-002   4.4000000000000003E-003  0.49359999999999998       0.48039999999999999        6.6000000000000000E-003
   96.000000000000000       0.14131091167423576        1.4999999999999999E-002   4.4000000000000003E-003  0.49220000000000003       0.47920000000000001        9.1999999999999998E-003
   97.000000000000000       0.15215632293863077        1.4800000000000001E-002   4.5999999999999999E-003  0.49040000000000000       0.48060000000000003        9.5999999999999992E-003
   98.000000000000000       0.19609581425737002        1.4800000000000001E-002   4.7999999999999996E-003  0.49020000000000002       0.47320000000000001        1.7000000000000001E-002
   99.000000000000000       0.16599025086636557        1.4800000000000001E-002   4.5999999999999999E-003  0.49040000000000000       0.47339999999999999        1.6799999999999999E-002
   100.00000000000000       0.17428374918604478        1.4800000000000001E-002   2.8000000000000000E-003  0.48559999999999998       0.47480000000000000        2.1999999999999999E-002
   101.00000000000000       0.17550317442106830        1.4600000000000000E-002   2.4000000000000000E-002  0.46439999999999998       0.47220000000000001        2.4799999999999999E-002
   102.00000000000000       0.17413372504107580        1.3800000000000000E-002   1.7399999999999999E-002  0.46320000000000000       0.48080000000000001        2.4799999999999999E-002
   103.00000000000000       0.17372828375560520        1.2999999999999999E-002   2.1000000000000001E-002  0.46039999999999998       0.48080000000000001        2.4799999999999999E-002
   104.00000000000000       0.17641174203299201        1.2800000000000001E-002   3.2399999999999998E-002  0.44879999999999998       0.47980000000000000        2.6200000000000001E-002
   105.00000000000000       0.17878828357436094        1.2800000000000001E-002   3.0599999999999999E-002  0.45000000000000001       0.48020000000000002        2.6400000000000000E-002
   106.00000000000000       0.18155120301023892        1.2800000000000001E-002   2.9999999999999999E-002  0.45000000000000001       0.47999999999999998        2.7199999999999998E-002
   107.00000000000000       0.18488145577997092        1.2000000000000000E-002   3.0800000000000001E-002  0.44579999999999997       0.48320000000000002        2.8199999999999999E-002
   108.00000000000000       0.19061236633437575        5.1999999999999998E-003   3.6600000000000001E-002  0.43659999999999999       0.49199999999999999        2.9600000000000001E-002
   109.00000000000000       0.19382086628054587        3.0000000000000001E-003   3.8399999999999997E-002  0.43640000000000001       0.49059999999999998        3.1600000000000003E-002
   110.00000000000000       0.19715486217263031        2.8000000000000000E-003   3.8600000000000002E-002  0.43500000000000000       0.49159999999999998        3.2000000000000001E-002
   111.00000000000000       0.20036825293284874        2.8000000000000000E-003   3.8600000000000002E-002  0.43500000000000000       0.49120000000000003        3.2399999999999998E-002
   112.00000000000000       0.20729129803114316        1.8000000000000000E-003   3.8800000000000001E-002  0.41299999999999998       0.51400000000000001        3.2399999999999998E-002
   113.00000000000000       0.21102763178964287        1.6000000000000001E-003   3.8800000000000001E-002  0.41320000000000001       0.51239999999999997        3.4000000000000002E-002
   114.00000000000000       0.21456483964767081        1.8000000000000000E-003   3.8800000000000001E-002  0.40899999999999997       0.51580000000000004        3.4599999999999999E-002
   115.00000000000000       0.21693145533572228        1.6000000000000001E-003   3.7800000000000000E-002  0.40860000000000002       0.51559999999999995        3.6400000000000002E-002
   116.00000000000000       0.22536465880594991        1.6000000000000001E-003   3.7800000000000000E-002  0.40860000000000002       0.51380000000000003        3.8199999999999998E-002
   117.00000000000000       0.23022764784877198        1.6000000000000001E-003   3.7800000000000000E-002  0.40860000000000002       0.51380000000000003        3.8199999999999998E-002
   118.00000000000000       0.23130606243469123        1.6000000000000001E-003   3.7400000000000003E-002  0.40860000000000002       0.51419999999999999        3.8199999999999998E-002
   119.00000000000000       0.22718056797779687        1.6000000000000001E-003   3.6200000000000003E-002  0.40860000000000002       0.51539999999999997        3.8199999999999998E-002
   120.00000000000000       0.22181688941916580        1.6000000000000001E-003   3.6200000000000003E-002  0.40860000000000002       0.51539999999999997        3.8199999999999998E-002
   121.00000000000000       0.21157862915232972        1.4000000000000000E-003   3.6200000000000003E-002  0.40860000000000002       0.51559999999999995        3.8199999999999998E-002
   122.00000000000000       0.19802659926623989        1.4000000000000000E-003   3.6200000000000003E-002  0.40860000000000002       0.51480000000000004        3.9000000000000000E-002
   123.00000000000000       0.18156466596799503        1.4000000000000000E-003   3.6200000000000003E-002  0.40860000000000002       0.51480000000000004        3.9000000000000000E-002
   124.00000000000000       0.16296647890960991        1.4000000000000000E-003   3.5999999999999997E-002  0.40860000000000002       0.51519999999999999        3.8800000000000001E-002
   125.00000000000000       0.14121246642962934        1.4000000000000000E-003   8.5199999999999998E-002  0.35899999999999999       0.51559999999999995        3.8800000000000001E-002
   126.00000000000000       0.12119630319046125        1.4000000000000000E-003   8.5199999999999998E-002  0.35720000000000002       0.51519999999999999        4.1000000000000002E-002
   127.00000000000000       0.10090546436568849        8.2600000000000007E-002   3.6600000000000001E-002  0.32260000000000000       0.51719999999999999        4.1000000000000002E-002
   128.00000000000000        8.4406501198176581E-002   8.2600000000000007E-002   3.6799999999999999E-002  0.31480000000000002       0.52339999999999998        4.2400000000000000E-002
   129.00000000000000        7.0045321507350072E-002   8.2600000000000007E-002   3.5799999999999998E-002  0.31580000000000003       0.52200000000000002        4.3799999999999999E-002
   130.00000000000000        5.6231637018401566E-002   8.2600000000000007E-002   3.5000000000000003E-002  0.31640000000000001       0.52220000000000000        4.3799999999999999E-002
   131.00000000000000        4.3759096110841333E-002   4.2599999999999999E-002   7.4600000000000000E-002  0.31619999999999998       0.52220000000000000        4.4400000000000002E-002
   132.00000000000000        3.2401312088529213E-002   4.2400000000000000E-002   7.4600000000000000E-002  0.31600000000000000       0.52220000000000000        4.4800000000000000E-002
   133.00000000000000        2.2627534404952618E-002   4.2400000000000000E-002   7.4600000000000000E-002  0.31400000000000000       0.52339999999999998        4.5600000000000002E-002
   134.00000000000000        1.4529192681665888E-002   4.2000000000000003E-002   7.4600000000000000E-002  0.31380000000000002       0.52380000000000004        4.5800000000000000E-002
   135.00000000000000        9.1531167345381553E-003   4.2000000000000003E-002   7.4600000000000000E-002  0.31140000000000001       0.52280000000000004        4.9200000000000001E-002
   136.00000000000000        4.9574196205488964E-003   4.0599999999999997E-002   7.5800000000000006E-002  0.31059999999999999       0.52280000000000004        5.0200000000000002E-002
   137.00000000000000        4.5443495689350133E-003   3.9399999999999998E-002   7.6999999999999999E-002  0.31059999999999999       0.52080000000000004        5.2200000000000003E-002
   138.00000000000000        1.0275292438933223E-002   3.9399999999999998E-002   7.6999999999999999E-002  0.31059999999999999       0.52080000000000004        5.2200000000000003E-002
   139.00000000000000        1.8217699116218997E-002   3.9399999999999998E-002   7.6799999999999993E-002  0.31059999999999999       0.51980000000000004        5.3400000000000003E-002
   140.00000000000000        2.8286919047436077E-002   3.9399999999999998E-002   7.6799999999999993E-002  0.31059999999999999       0.51419999999999999        5.8999999999999997E-002
   141.00000000000000        3.9053069624091163E-002   3.9399999999999998E-002   7.6799999999999993E-002  0.31059999999999999       0.51439999999999997        5.8799999999999998E-002
   142.00000000000000        5.1034994961534144E-002   3.9399999999999998E-002   7.6799999999999993E-002  0.31059999999999999       0.51439999999999997        5.8799999999999998E-002
   143.00000000000000        6.3604700532566311E-002   3.9199999999999999E-002   7.6799999999999993E-002  0.31059999999999999       0.51459999999999995        5.8799999999999998E-002
   144.00000000000000        7.5822953741110033E-002   3.9199999999999999E-002   7.6600000000000001E-002  0.31059999999999999       0.51419999999999999        5.9400000000000001E-002
   145.00000000000000        8.7725665138286710E-002   3.9000000000000000E-002   7.6399999999999996E-002  0.31059999999999999       0.51419999999999999        5.9799999999999999E-002
   146.00000000000000       0.10021219251247657        3.9000000000000000E-002   7.5399999999999995E-002  0.31059999999999999       0.51539999999999997        5.9600000000000000E-002
   147.00000000000000       0.11185139459430243        3.7199999999999997E-002   7.7200000000000005E-002  0.31059999999999999       0.51419999999999999        6.0800000000000000E-002
   148.00000000000000       0.12187082105863514        3.6600000000000001E-002   7.5999999999999998E-002  0.31059999999999999       0.51600000000000001        6.0800000000000000E-002
   149.00000000000000       0.12986701334251724        3.6600000000000001E-002   7.5600000000000001E-002  0.31059999999999999       0.51619999999999999        6.0999999999999999E-002
   150.00000000000000       0.13641840678885797        3.5799999999999998E-002   7.6200000000000004E-002  0.31059999999999999       0.51639999999999997        6.0999999999999999E-002
   151.00000000000000       0.14166212448406360        3.5000000000000003E-002   8.4199999999999997E-002  0.30240000000000000       0.51700000000000002        6.1400000000000003E-002
   152.00000000000000       0.14898877823266410        3.4799999999999998E-002   8.4199999999999997E-002  0.30240000000000000       0.51700000000000002        6.1600000000000002E-002
   153.00000000000000       0.16355522041677079        9.6199999999999994E-002   2.3000000000000000E-002  0.30180000000000001       0.51739999999999997        6.1600000000000002E-002
   154.00000000000000       0.17788289762702780        9.6000000000000002E-002   2.1600000000000001E-002  0.30340000000000000       0.51739999999999997        6.1600000000000002E-002
   155.00000000000000       0.19628455778172857        9.4600000000000004E-002   2.2400000000000000E-002  0.30320000000000003       0.51819999999999999        6.1600000000000002E-002
   156.00000000000000       0.21583975573298178        9.4200000000000006E-002   2.2400000000000000E-002  0.30299999999999999       0.51619999999999999        6.4199999999999993E-002
   157.00000000000000       0.23511121291500481        9.3200000000000005E-002   2.2599999999999999E-002  0.30280000000000001       0.51239999999999997        6.9000000000000006E-002
   158.00000000000000       0.25504199961220236        9.3200000000000005E-002   2.2400000000000000E-002  0.30299999999999999       0.52000000000000002        6.1400000000000003E-002
   159.00000000000000       0.27271937661325468        9.0399999999999994E-002   2.2800000000000001E-002  0.30140000000000000       0.27839999999999998       0.30700000000000000     
   160.00000000000000       0.27567020383867574        8.6599999999999996E-002   2.2599999999999999E-002  0.30420000000000003       0.25140000000000001       0.33520000000000000     
   161.00000000000000       0.40119817975322303        8.4800000000000000E-002   3.1000000000000000E-002  0.17879999999999999       0.20999999999999999       0.49540000000000001     
   162.00000000000000       0.98841275317214605        7.2800000000000004E-002   1.9000000000000000E-002   8.8999999999999996E-002  0.24540000000000001       0.57379999999999998     
   163.00000000000000       0.39000264367863180        7.2999999999999995E-002   1.8200000000000001E-002   8.6199999999999999E-002  0.25140000000000001       0.57120000000000004     
   164.00000000000000       0.39853152954609450        7.2999999999999995E-002   1.4600000000000000E-002   8.7599999999999997E-002  0.24920000000000000       0.57560000000000000     
   165.00000000000000       0.40583459202375055        7.3599999999999999E-002   1.2600000000000000E-002   8.5199999999999998E-002  0.25400000000000000       0.57460000000000000     
   166.00000000000000       0.40986244257782001        7.3599999999999999E-002   1.1800000000000000E-002   8.5800000000000001E-002  0.25340000000000001       0.57540000000000002     
   167.00000000000000       0.41227224213348068        7.2599999999999998E-002   1.1800000000000000E-002   8.5999999999999993E-002  0.25340000000000001       0.57620000000000005     
   168.00000000000000       0.41515194846663739        7.0599999999999996E-002   1.2999999999999999E-002   8.3199999999999996E-002  0.25300000000000000       0.58020000000000005     
   169.00000000000000       0.41370735040968076        7.0000000000000007E-002   1.0200000000000001E-002   8.3799999999999999E-002  0.25580000000000003       0.58020000000000005     
   170.00000000000000       0.41114576766631061        6.9000000000000006E-002   1.0600000000000000E-002   8.2400000000000001E-002  0.25719999999999998       0.58079999999999998     
   171.00000000000000       0.40932474746150943        6.9000000000000006E-002   9.4000000000000004E-003   7.7600000000000002E-002  0.26240000000000002       0.58160000000000001     
   172.00000000000000       0.40313458892984588        6.7799999999999999E-002   1.0000000000000000E-002   7.6999999999999999E-002  0.26140000000000002       0.58379999999999999     
   173.00000000000000       0.39690352064005940        6.7000000000000004E-002   1.0000000000000000E-002   7.6999999999999999E-002  0.25259999999999999       0.59340000000000004     
   174.00000000000000       0.38996303821281070        6.7000000000000004E-002   9.1999999999999998E-003   7.6799999999999993E-002  0.25359999999999999       0.59340000000000004     
   175.00000000000000       0.38525568136924737        5.8599999999999999E-002   1.7600000000000001E-002   7.6799999999999993E-002  0.25280000000000002       0.59419999999999995     
   176.00000000000000       0.37628356605110613        6.0600000000000001E-002   9.2399999999999996E-002   0.0000000000000000       0.24920000000000000       0.59780000000000000     
   177.00000000000000       0.37043579764935869        6.2199999999999998E-002   9.0399999999999994E-002   0.0000000000000000       0.25000000000000000       0.59740000000000004     
   178.00000000000000       0.36314023223802316        6.2199999999999998E-002   8.9599999999999999E-002   0.0000000000000000       0.23899999999999999       0.60919999999999996     
   179.00000000000000       0.35580297397558414        4.7199999999999999E-002  0.10299999999999999        0.0000000000000000       0.24060000000000001       0.60919999999999996     
   180.00000000000000       0.35026159250945132        4.5800000000000000E-002  0.10440000000000001        0.0000000000000000       0.21859999999999999       0.63119999999999998     
   181.00000000000000       0.34451690918387634        4.3999999999999997E-002  0.10539999999999999        0.0000000000000000       0.21879999999999999       0.63180000000000003     
   182.00000000000000       0.34215717794198053        4.4600000000000001E-002  0.10080000000000000        0.0000000000000000       0.21600000000000000       0.63859999999999995     
   183.00000000000000       0.33941078766072885        4.2000000000000003E-002  0.10280000000000000        0.0000000000000000       0.21260000000000001       0.64259999999999995     
   184.00000000000000       0.33839382485620406        4.2000000000000003E-002  0.10180000000000000        0.0000000000000000       0.21320000000000000       0.64300000000000002     
   185.00000000000000       0.34021552705782282        3.9399999999999998E-002  0.10400000000000000        0.0000000000000000       0.21360000000000001       0.64300000000000002     
   186.00000000000000       0.34487746065082409        3.7999999999999999E-002   8.4000000000000005E-002   2.1000000000000001E-002  0.21240000000000001       0.64459999999999995     
   187.00000000000000       0.35131630564513705        3.7999999999999999E-002   6.0400000000000002E-002   4.2400000000000000E-002  0.21220000000000000       0.64700000000000002     
   188.00000000000000       0.36012949049017390        3.7999999999999999E-002   5.9400000000000001E-002   4.2200000000000001E-002  0.21099999999999999       0.64939999999999998     
   189.00000000000000       0.37197350264350293        3.7999999999999999E-002   5.5599999999999997E-002   4.2000000000000003E-002  0.21500000000000000       0.64939999999999998     
   190.00000000000000       0.38760010981138970        3.7600000000000001E-002   5.5599999999999997E-002   3.7999999999999999E-002  0.21679999999999999       0.65200000000000002     
   191.00000000000000       0.40616270324834647        3.6200000000000003E-002   5.5000000000000000E-002   3.7600000000000001E-002  0.21700000000000000       0.65420000000000000     
   192.00000000000000       0.42640255468951216        3.5000000000000003E-002   5.6000000000000001E-002   3.7600000000000001E-002  0.21720000000000000       0.65420000000000000     
   193.00000000000000       0.45125735163381403        3.4599999999999999E-002   5.4399999999999997E-002   3.8600000000000002E-002  0.20760000000000001       0.66479999999999995     
   194.00000000000000       0.47455339796927187        3.3399999999999999E-002   5.3800000000000001E-002   3.9199999999999999E-002  0.20820000000000000       0.66539999999999999     
   195.00000000000000       0.49778753823857563        3.2199999999999999E-002   5.2200000000000003E-002   4.0200000000000000E-002  0.20920000000000000       0.66620000000000001     
   196.00000000000000       0.52066619823220872        3.1199999999999999E-002   5.2200000000000003E-002   4.0399999999999998E-002  0.20860000000000001       0.66759999999999997     
   197.00000000000000       0.54371381087961390        3.0800000000000001E-002   5.0200000000000002E-002   4.0399999999999998E-002  0.20999999999999999       0.66859999999999997     
   198.00000000000000       0.56166928392987203        2.9999999999999999E-002   5.0799999999999998E-002   4.0599999999999997E-002  0.20960000000000001       0.66900000000000004     
   199.00000000000000       0.57893617992246560        2.9999999999999999E-002   4.9200000000000001E-002   4.2200000000000001E-002  0.20960000000000001       0.66900000000000004     
   200.00000000000000       0.59322629551642114        2.8799999999999999E-002   5.0200000000000002E-002   4.1799999999999997E-002  0.20979999999999999       0.66940000000000000     
   201.00000000000000       0.60502884961951964        2.7400000000000001E-002   5.1200000000000002E-002   4.1799999999999997E-002  0.20960000000000001       0.67000000000000004     
   202.00000000000000       0.61382644339785675        2.6599999999999999E-002   5.1200000000000002E-002   4.1799999999999997E-002  0.20899999999999999       0.67140000000000000     
   203.00000000000000       0.62089478274690535        2.6400000000000000E-002   5.1400000000000001E-002   4.1599999999999998E-002  0.20899999999999999       0.67159999999999997     
   204.00000000000000       0.61305517831725287        2.5800000000000000E-002   5.0999999999999997E-002   4.1200000000000001E-002  0.20799999999999999       0.67400000000000004     
   205.00000000000000       0.62553252046161811        2.4799999999999999E-002   5.0799999999999998E-002   4.0599999999999997E-002  0.20480000000000001       0.67900000000000005     
   206.00000000000000       0.62113496112118638        2.4199999999999999E-002   5.0599999999999999E-002   3.9199999999999999E-002  0.20699999999999999       0.67900000000000005     
   207.00000000000000       0.61667850759318221        2.4199999999999999E-002   4.9599999999999998E-002   4.0000000000000001E-002  0.20680000000000001       0.67940000000000000     
   208.00000000000000       0.60995599863017680        2.1600000000000001E-002   4.9799999999999997E-002   3.9000000000000000E-002  0.20760000000000001       0.68200000000000005     
   209.00000000000000       0.59876651008091997        2.1600000000000001E-002   4.9799999999999997E-002   4.7600000000000003E-002  0.19900000000000001       0.68200000000000005     
   210.00000000000000       0.58698755445960482        2.1399999999999999E-002   4.9200000000000001E-002   4.7000000000000000E-002  0.20019999999999999       0.68220000000000003     
   211.00000000000000       0.57398944096076221        2.1399999999999999E-002   4.9000000000000002E-002   4.7000000000000000E-002  0.19960000000000000       0.68300000000000005     
   212.00000000000000       0.56095016817532917        2.0799999999999999E-002   4.9000000000000002E-002   4.3400000000000001E-002  0.20280000000000001       0.68400000000000005     
   213.00000000000000       0.54927495887129285        2.0799999999999999E-002   4.5999999999999999E-002   4.4800000000000000E-002  0.19800000000000001       0.69040000000000001     
   214.00000000000000       0.53616694100727158        2.0000000000000000E-002   4.5400000000000003E-002   4.2599999999999999E-002  0.20039999999999999       0.69159999999999999     
   215.00000000000000       0.52623123773088032        1.7999999999999999E-002   4.5999999999999999E-002   4.3799999999999999E-002  0.18459999999999999       0.70760000000000001     
   216.00000000000000       0.51368340271755419        1.1200000000000000E-002   4.8599999999999997E-002   4.7600000000000003E-002  0.18459999999999999       0.70799999999999996     
