#        BMIN =   404
#        BMAX =   408
#     INIBAND =   406
#      NBANDS =   540
#         NSW =  2000
#       POTIM =   1.0
#        TEMP = 300.0
#    NAMDTINI =   991
#    NAMDTIME =  1000
#       NTRAJ =  5000
#        NELM =  1000
#       LHOLE =     T
#        LSHP =     T
#      LCPTXT =     T
#      RUNDIR = ../../run/
   1.0000000000000000        3.8027656617035824E-004   0.0000000000000000        0.0000000000000000        1.0000000000000000        0.0000000000000000        0.0000000000000000     
   2.0000000000000000       -6.9178220727751328E-003   0.0000000000000000        0.0000000000000000       0.99980000000000002        0.0000000000000000        2.0000000000000001E-004
   3.0000000000000000       -1.3490779621662268E-002   0.0000000000000000        0.0000000000000000       0.99980000000000002        0.0000000000000000        2.0000000000000001E-004
   4.0000000000000000       -1.8443854035833287E-002   0.0000000000000000        0.0000000000000000       0.99980000000000002        0.0000000000000000        2.0000000000000001E-004
   5.0000000000000000       -2.5369308255207397E-002   0.0000000000000000        0.0000000000000000       0.99900000000000000        0.0000000000000000        1.0000000000000000E-003
   6.0000000000000000       -2.3843932892458113E-002   0.0000000000000000        0.0000000000000000       0.99900000000000000        0.0000000000000000        1.0000000000000000E-003
   7.0000000000000000       -3.6019074239806881E-002   0.0000000000000000        0.0000000000000000       0.99900000000000000        0.0000000000000000        1.0000000000000000E-003
   8.0000000000000000       -8.0911085204024638E-002   0.0000000000000000        0.0000000000000000       0.99900000000000000        0.0000000000000000        1.0000000000000000E-003
   9.0000000000000000       -8.3427189146458684E-003   0.0000000000000000        0.0000000000000000       0.99880000000000002        0.0000000000000000        1.1999999999999999E-003
   10.000000000000000       -4.7269541567378351E-002   0.0000000000000000        0.0000000000000000       0.99680000000000002        2.0000000000000000E-003   1.1999999999999999E-003
   11.000000000000000        6.9168775348353195E-002   0.0000000000000000        0.0000000000000000       0.99639999999999995        2.3999999999999998E-003   1.1999999999999999E-003
   12.000000000000000       -4.0501982556087848E-002   0.0000000000000000        0.0000000000000000       0.99639999999999995        2.3999999999999998E-003   1.1999999999999999E-003
   13.000000000000000       -5.8052750469612537E-002   0.0000000000000000        0.0000000000000000       0.99619999999999997        2.3999999999999998E-003   1.4000000000000000E-003
   14.000000000000000       -5.9871714469118972E-002   0.0000000000000000        0.0000000000000000       0.99600000000000000        2.5999999999999999E-003   1.4000000000000000E-003
   15.000000000000000       -6.9919016638358575E-002   0.0000000000000000       0.21279999999999999       0.78320000000000001        2.5999999999999999E-003   1.4000000000000000E-003
   16.000000000000000       -5.5917884271850078E-002   0.0000000000000000       0.21279999999999999       0.78320000000000001        2.5999999999999999E-003   1.4000000000000000E-003
   17.000000000000000       -2.6043254885726102E-002   0.0000000000000000       0.21279999999999999       0.78320000000000001        2.5999999999999999E-003   1.4000000000000000E-003
   18.000000000000000        1.2870853657070110E-003   0.0000000000000000       0.21279999999999999       0.78320000000000001        2.5999999999999999E-003   1.4000000000000000E-003
   19.000000000000000        2.4996670284881447E-002   0.0000000000000000       0.21279999999999999       0.78320000000000001        2.5999999999999999E-003   1.4000000000000000E-003
   20.000000000000000        4.4437119619597246E-002   0.0000000000000000       0.21279999999999999       0.78320000000000001        2.3999999999999998E-003   1.6000000000000001E-003
   21.000000000000000        6.1159620811713875E-002   0.0000000000000000       0.21279999999999999       0.78320000000000001        2.3999999999999998E-003   1.6000000000000001E-003
   22.000000000000000        7.0376975960072252E-002   0.0000000000000000       0.21260000000000001       0.78320000000000001        2.3999999999999998E-003   1.8000000000000000E-003
   23.000000000000000        7.3811592400026674E-002   0.0000000000000000       0.21199999999999999       0.78320000000000001        3.0000000000000001E-003   1.8000000000000000E-003
   24.000000000000000        7.3173618601229090E-002   0.0000000000000000       0.21140000000000000       0.78320000000000001        3.5999999999999999E-003   1.8000000000000000E-003
   25.000000000000000        6.7144663060242152E-002   0.0000000000000000       0.21140000000000000       0.78320000000000001        3.5999999999999999E-003   1.8000000000000000E-003
   26.000000000000000        5.6530128173021707E-002   5.9999999999999995E-004  0.21079999999999999       0.78320000000000001        3.5999999999999999E-003   1.8000000000000000E-003
   27.000000000000000        4.1839227351936598E-002   8.0000000000000004E-004  0.21060000000000001       0.78320000000000001        3.5999999999999999E-003   1.8000000000000000E-003
   28.000000000000000        2.3441428439169718E-002   2.0000000000000001E-004  0.21099999999999999       0.78320000000000001        3.5999999999999999E-003   2.0000000000000000E-003
   29.000000000000000        2.4925380954644080E-003   0.0000000000000000       0.21120000000000000       0.78320000000000001        3.5999999999999999E-003   2.0000000000000000E-003
   30.000000000000000       -2.0323740356100798E-002   0.0000000000000000       0.21099999999999999       0.78320000000000001        3.8000000000000000E-003   2.0000000000000000E-003
   31.000000000000000       -4.4324119782894245E-002   4.0000000000000002E-004  0.21060000000000001       0.78320000000000001        3.8000000000000000E-003   2.0000000000000000E-003
   32.000000000000000       -6.8753819789831944E-002   8.0000000000000004E-004  0.22320000000000001       0.77020000000000000        3.8000000000000000E-003   2.0000000000000000E-003
   33.000000000000000       -8.4210775224732998E-002   2.0000000000000000E-003  0.22320000000000001       0.76859999999999995        4.1999999999999997E-003   2.0000000000000000E-003
   34.000000000000000       -9.1585028119044051E-002   2.2000000000000001E-003  0.22320000000000001       0.76839999999999997        4.1999999999999997E-003   2.0000000000000000E-003
   35.000000000000000       -9.9264362992237148E-002   4.1200000000000001E-002  0.18260000000000001       0.77000000000000002        4.1999999999999997E-003   2.0000000000000000E-003
   36.000000000000000      -0.10479753398002065        4.1200000000000001E-002  0.17280000000000001       0.77980000000000005        4.0000000000000001E-003   2.2000000000000001E-003
   37.000000000000000      -0.11015474881053379        4.1200000000000001E-002  0.16980000000000001       0.78239999999999998        4.4000000000000003E-003   2.2000000000000001E-003
   38.000000000000000      -0.11776178250738960        4.1200000000000001E-002  0.16560000000000000       0.78559999999999997        5.4000000000000003E-003   2.2000000000000001E-003
   39.000000000000000      -0.12178318477715025        4.1200000000000001E-002  0.16480000000000000       0.78620000000000001        5.7999999999999996E-003   2.0000000000000000E-003
   40.000000000000000      -0.12960155243581797       0.20599999999999999        0.0000000000000000       0.78520000000000001        6.7999999999999996E-003   2.0000000000000000E-003
   41.000000000000000      -0.13381999952227785       0.20399999999999999        0.0000000000000000       0.78700000000000003        6.7999999999999996E-003   2.2000000000000001E-003
   42.000000000000000      -0.14034517805910118       0.19900000000000001        0.0000000000000000       0.79200000000000004        6.7999999999999996E-003   2.2000000000000001E-003
   43.000000000000000      -0.14655252589927803       0.19680000000000000        0.0000000000000000       0.79420000000000002        6.7999999999999996E-003   2.2000000000000001E-003
   44.000000000000000      -0.14605679786894313       0.19560000000000000        2.0000000000000001E-004  0.79420000000000002        7.7999999999999996E-003   2.2000000000000001E-003
   45.000000000000000      -0.12607098902770147       0.19200000000000000        2.8000000000000000E-003  0.79420000000000002        8.8000000000000005E-003   2.2000000000000001E-003
   46.000000000000000      -0.10534323461706960       0.19200000000000000        2.8000000000000000E-003  0.79420000000000002        8.9999999999999993E-003   2.0000000000000000E-003
   47.000000000000000       -8.3400488987334528E-002  0.19080000000000000        4.0000000000000001E-003  0.79420000000000002        8.9999999999999993E-003   2.0000000000000000E-003
   48.000000000000000       -6.1636783400202490E-002  0.19080000000000000        4.0000000000000001E-003  0.79420000000000002        8.9999999999999993E-003   2.0000000000000000E-003
   49.000000000000000       -4.0814228706576049E-002  0.19080000000000000        4.0000000000000001E-003  0.79420000000000002        8.9999999999999993E-003   2.0000000000000000E-003
   50.000000000000000       -2.2533402211781819E-002  0.19020000000000001        4.5999999999999999E-003  0.79420000000000002        8.9999999999999993E-003   2.0000000000000000E-003
   51.000000000000000       -6.9909126682774596E-003  0.19020000000000001        4.5999999999999999E-003  0.79420000000000002        8.8000000000000005E-003   2.2000000000000001E-003
   52.000000000000000        9.4589208955325309E-003  0.18959999999999999        5.0000000000000001E-003  0.79420000000000002        1.0200000000000001E-002   1.0000000000000000E-003
   53.000000000000000        1.7113471759158411E-002  0.18959999999999999        5.0000000000000001E-003  0.79420000000000002        1.0200000000000001E-002   1.0000000000000000E-003
   54.000000000000000        1.8418987612515002E-002  0.18859999999999999        6.0000000000000001E-003  0.79420000000000002        1.0200000000000001E-002   1.0000000000000000E-003
   55.000000000000000        1.7159868680041535E-002  0.18859999999999999        6.0000000000000001E-003  0.79420000000000002        1.0200000000000001E-002   1.0000000000000000E-003
   56.000000000000000        1.0911216740485584E-002  0.18859999999999999        6.0000000000000001E-003  0.79420000000000002        1.0200000000000001E-002   1.0000000000000000E-003
   57.000000000000000       -9.4314422403218184E-004  0.18859999999999999        1.4600000000000000E-002  0.78559999999999997        1.0200000000000001E-002   1.0000000000000000E-003
   58.000000000000000       -1.1196350525507640E-002  0.18759999999999999        1.4600000000000000E-002  0.78359999999999996        1.3200000000000000E-002   1.0000000000000000E-003
   59.000000000000000        6.4312201600723908E-003  0.18759999999999999        1.4600000000000000E-002  0.78039999999999998        1.6199999999999999E-002   1.1999999999999999E-003
   60.000000000000000        2.4589886980153162E-002  0.14480000000000001        5.7400000000000000E-002  0.77680000000000005        1.9800000000000002E-002   1.1999999999999999E-003
   61.000000000000000        3.5355891862287062E-002  0.14480000000000001        5.7000000000000002E-002  0.77659999999999996        2.0400000000000001E-002   1.1999999999999999E-003
   62.000000000000000        4.1226948789217982E-002  0.14480000000000001        5.7000000000000002E-002  0.77620000000000000        2.0400000000000001E-002   1.6000000000000001E-003
   63.000000000000000        4.6145609134200599E-002  0.14480000000000001        5.7000000000000002E-002  0.77580000000000005        2.0600000000000000E-002   1.8000000000000000E-003
   64.000000000000000        4.6588739228737339E-002  0.14480000000000001        5.6599999999999998E-002  0.77600000000000002        2.0799999999999999E-002   1.8000000000000000E-003
   65.000000000000000        5.2779800965406222E-002  0.13220000000000001        6.8000000000000005E-002  0.77700000000000002        2.1000000000000001E-002   1.8000000000000000E-003
   66.000000000000000        5.8706489349636556E-002  0.12280000000000001        7.5200000000000003E-002  0.77520000000000000        2.5000000000000001E-002   1.8000000000000000E-003
   67.000000000000000        6.0923862475985004E-002  0.10860000000000000        8.8800000000000004E-002  0.77559999999999996        2.5000000000000001E-002   2.0000000000000000E-003
   68.000000000000000        5.8942557683264313E-002  0.10840000000000000        8.8599999999999998E-002  0.77080000000000004        3.0400000000000000E-002   1.8000000000000000E-003
   69.000000000000000        5.2653744764780228E-002  0.10760000000000000        8.8599999999999998E-002  0.77059999999999995        3.1199999999999999E-002   2.0000000000000000E-003
   70.000000000000000        4.4297558251225104E-002  0.10760000000000000        8.8599999999999998E-002  0.76619999999999999        3.5600000000000000E-002   2.0000000000000000E-003
   71.000000000000000        3.2182986827195295E-002  0.10740000000000000        8.5999999999999993E-002  0.76859999999999995        3.5799999999999998E-002   2.2000000000000001E-003
   72.000000000000000        1.7109249694504929E-002  0.10740000000000000        8.6199999999999999E-002  0.76839999999999997        3.5999999999999997E-002   2.0000000000000000E-003
   73.000000000000000        1.6150923853975969E-003  0.10420000000000000        8.3400000000000002E-002  0.77420000000000000        3.6200000000000003E-002   2.0000000000000000E-003
   74.000000000000000       -1.6836037101107006E-002  0.10400000000000000        8.4199999999999997E-002  0.77359999999999995        3.6200000000000003E-002   2.0000000000000000E-003
   75.000000000000000       -3.3846386421362035E-002  0.10400000000000000        8.5599999999999996E-002  0.77220000000000000        3.6200000000000003E-002   2.0000000000000000E-003
   76.000000000000000       -4.9605882781631389E-002  0.10400000000000000        8.6400000000000005E-002  0.77120000000000000        3.6200000000000003E-002   2.2000000000000001E-003
   77.000000000000000       -6.5743789360281524E-002  0.10400000000000000        8.6599999999999996E-002  0.76839999999999997        3.8600000000000002E-002   2.3999999999999998E-003
   78.000000000000000       -7.9862923767682559E-002   0.0000000000000000       0.19080000000000000       0.76819999999999999        3.8600000000000002E-002   2.3999999999999998E-003
   79.000000000000000       -9.5841531473565514E-002   0.0000000000000000       0.14060000000000000       0.81820000000000004        3.8600000000000002E-002   2.5999999999999999E-003
   80.000000000000000       -8.2248175104502969E-002   3.2000000000000002E-003  0.13719999999999999       0.81840000000000002        3.8600000000000002E-002   2.5999999999999999E-003
   81.000000000000000       -4.8405260876059779E-002   3.2000000000000002E-003  0.13719999999999999       0.81840000000000002        3.8600000000000002E-002   2.5999999999999999E-003
   82.000000000000000       -7.5992902806749753E-003   3.0000000000000001E-003  0.13739999999999999       0.81840000000000002        3.8600000000000002E-002   2.5999999999999999E-003
   83.000000000000000        3.3341709405277559E-002   3.2000000000000002E-003  0.13700000000000001       0.41120000000000001       0.44600000000000001        2.5999999999999999E-003
   84.000000000000000        4.8852204686966834E-002   3.2000000000000002E-003  0.13700000000000001       0.41120000000000001       0.44600000000000001        2.5999999999999999E-003
   85.000000000000000        6.3278262960107565E-002   3.3999999999999998E-003  0.13600000000000001       0.41120000000000001       0.44679999999999997        2.5999999999999999E-003
   86.000000000000000        7.3214763849875811E-002   3.3999999999999998E-003  0.13600000000000001       0.41120000000000001       0.44679999999999997        2.5999999999999999E-003
   87.000000000000000        8.5428231930706297E-002   3.3999999999999998E-003  0.13600000000000001       0.41120000000000001       0.44679999999999997        2.5999999999999999E-003
   88.000000000000000        9.2674488944730266E-002   3.5999999999999999E-003  0.13560000000000000       0.41120000000000001       0.44700000000000001        2.5999999999999999E-003
   89.000000000000000        9.6713423142393160E-002   3.5999999999999999E-003  0.13560000000000000       0.41099999999999998       0.44700000000000001        2.8000000000000000E-003
   90.000000000000000        9.7782368583335222E-002   3.8000000000000000E-003  0.13539999999999999       0.41099999999999998       0.44700000000000001        2.8000000000000000E-003
   91.000000000000000        9.5004218059173140E-002   4.0000000000000001E-003  0.13500000000000001       0.41099999999999998       0.44719999999999999        2.8000000000000000E-003
   92.000000000000000        8.9010628079854451E-002   4.0000000000000001E-003  0.13500000000000001       0.41099999999999998       0.44719999999999999        2.8000000000000000E-003
   93.000000000000000        7.9972089899973481E-002   4.1999999999999997E-003  0.13480000000000000       0.40179999999999999       0.45600000000000002        3.2000000000000002E-003
   94.000000000000000        6.8454887925107566E-002   2.4799999999999999E-002  0.11240000000000000       0.40179999999999999       0.45779999999999998        3.2000000000000002E-003
   95.000000000000000        5.6995554199040274E-002   2.1600000000000001E-002  0.11440000000000000       0.40200000000000002       0.45879999999999999        3.2000000000000002E-003
   96.000000000000000        5.0929865604422142E-002   1.6400000000000001E-002  0.11740000000000000       0.40200000000000002       0.46100000000000002        3.2000000000000002E-003
   97.000000000000000        5.1188227274896782E-002   1.4200000000000001E-002   2.0000000000000001E-004  0.52100000000000002       0.46120000000000000        3.3999999999999998E-003
   98.000000000000000        4.4856611860929235E-002   1.6199999999999999E-002   3.2000000000000002E-003  0.51239999999999997       0.46479999999999999        3.3999999999999998E-003
   99.000000000000000        6.5554949246937735E-002   1.4800000000000001E-002   4.7999999999999996E-003  0.51219999999999999       0.46479999999999999        3.3999999999999998E-003
   100.00000000000000        8.9343398340783933E-002   1.4800000000000001E-002   5.4000000000000003E-003  0.49580000000000002       0.48039999999999999        3.5999999999999999E-003
   101.00000000000000       0.10839899174489714        1.4000000000000000E-002   5.4000000000000003E-003  0.49659999999999999       0.47920000000000001        4.7999999999999996E-003
   102.00000000000000       0.12572276918745315        1.3800000000000000E-002   5.4000000000000003E-003  0.49580000000000002       0.47899999999999998        6.0000000000000001E-003
   103.00000000000000       0.14082126383020790        1.3800000000000000E-002   5.1999999999999998E-003  0.49459999999999998       0.47820000000000001        8.2000000000000007E-003
   104.00000000000000       0.15219848226548813        1.3800000000000000E-002   5.1999999999999998E-003  0.49099999999999999       0.48080000000000001        9.1999999999999998E-003
   105.00000000000000       0.19594371259720919        1.3800000000000000E-002   5.1999999999999998E-003  0.49099999999999999       0.47580000000000000        1.4200000000000001E-002
   106.00000000000000       0.16581352911778596        1.3800000000000000E-002   5.1999999999999998E-003  0.49099999999999999       0.47599999999999998        1.4000000000000000E-002
   107.00000000000000       0.17395765306671090        1.3800000000000000E-002   3.8000000000000000E-003  0.48680000000000001       0.47480000000000000        2.0799999999999999E-002
   108.00000000000000       0.17527174638549600        1.2800000000000001E-002   2.8199999999999999E-002  0.46260000000000001       0.47360000000000002        2.2800000000000001E-002
   109.00000000000000       0.17394077465865634        1.2200000000000001E-002   2.0600000000000000E-002  0.46200000000000002       0.48240000000000000        2.2800000000000001E-002
   110.00000000000000       0.17353616174258840        1.1400000000000000E-002   2.2599999999999999E-002  0.46079999999999999       0.48240000000000000        2.2800000000000001E-002
   111.00000000000000       0.17598192971603727        1.0800000000000001E-002   3.5400000000000001E-002  0.44840000000000002       0.48220000000000002        2.3199999999999998E-002
   112.00000000000000       0.17837702804028061        1.0600000000000000E-002   3.3200000000000000E-002  0.45000000000000001       0.48280000000000001        2.3400000000000001E-002
   113.00000000000000       0.18100085282025050        1.1599999999999999E-002   3.2199999999999999E-002  0.44919999999999999       0.48280000000000001        2.4199999999999999E-002
   114.00000000000000       0.18436630410736318        1.0999999999999999E-002   3.3200000000000000E-002  0.44400000000000001       0.48659999999999998        2.5200000000000000E-002
   115.00000000000000       0.18948073257757742        3.8000000000000000E-003   4.0800000000000003E-002  0.43440000000000001       0.49580000000000002        2.5200000000000000E-002
   116.00000000000000       0.19245932821881878        1.1999999999999999E-003   4.4400000000000002E-002  0.43300000000000000       0.49459999999999998        2.6800000000000001E-002
   117.00000000000000       0.19555865716891757        1.1999999999999999E-003   4.5199999999999997E-002  0.43140000000000001       0.49540000000000001        2.6800000000000001E-002
   118.00000000000000       0.19882439590046042        1.1999999999999999E-003   4.5199999999999997E-002  0.43140000000000001       0.49480000000000002        2.7400000000000001E-002
   119.00000000000000       0.20555203816549500        8.0000000000000004E-004   4.5400000000000003E-002  0.40920000000000001       0.51739999999999997        2.7199999999999998E-002
   120.00000000000000       0.20957270613015455        5.9999999999999995E-004   4.5400000000000003E-002  0.40920000000000001       0.51559999999999995        2.9200000000000000E-002
   121.00000000000000       0.21326313268594840        8.0000000000000004E-004   4.5400000000000003E-002  0.40520000000000000       0.51900000000000002        2.9600000000000001E-002
   122.00000000000000       0.21575306159646715        5.9999999999999995E-004   4.4800000000000000E-002  0.40439999999999998       0.51919999999999999        3.1000000000000000E-002
   123.00000000000000       0.22427950498115812        4.0000000000000002E-004   4.5199999999999997E-002  0.40439999999999998       0.51619999999999999        3.3799999999999997E-002
   124.00000000000000       0.22911607375492096        2.0000000000000001E-004   4.5400000000000003E-002  0.40439999999999998       0.51619999999999999        3.3799999999999997E-002
   125.00000000000000       0.23012688337488574        2.0000000000000001E-004   4.5199999999999997E-002  0.40439999999999998       0.51639999999999997        3.3799999999999997E-002
   126.00000000000000       0.22601904528152506        2.0000000000000001E-004   4.3600000000000000E-002  0.40439999999999998       0.51800000000000002        3.3799999999999997E-002
   127.00000000000000       0.22069090355567728        2.0000000000000001E-004   4.3600000000000000E-002  0.40439999999999998       0.51800000000000002        3.3799999999999997E-002
   128.00000000000000       0.21047384039106765        2.0000000000000001E-004   4.3400000000000001E-002  0.40439999999999998       0.51800000000000002        3.4000000000000002E-002
   129.00000000000000       0.19706591587382230        2.0000000000000001E-004   4.2799999999999998E-002  0.40439999999999998       0.51780000000000004        3.4799999999999998E-002
   130.00000000000000       0.18063149832681749        2.0000000000000001E-004   4.2799999999999998E-002  0.40439999999999998       0.51780000000000004        3.4799999999999998E-002
   131.00000000000000       0.16217985730018117        2.0000000000000001E-004   4.2200000000000001E-002  0.40439999999999998       0.51839999999999997        3.4799999999999998E-002
   132.00000000000000       0.14052423771928430        2.0000000000000001E-004   8.1199999999999994E-002  0.36499999999999999       0.51880000000000004        3.4799999999999998E-002
   133.00000000000000       0.12078763224593853        2.0000000000000001E-004   8.1199999999999994E-002  0.36220000000000002       0.51880000000000004        3.7600000000000001E-002
   134.00000000000000       0.10036156071328661        7.5800000000000006E-002   3.2399999999999998E-002  0.33439999999999998       0.51980000000000004        3.7600000000000001E-002
   135.00000000000000        8.3411874462242186E-002   7.5800000000000006E-002   3.2399999999999998E-002  0.32840000000000003       0.52480000000000004        3.8600000000000002E-002
   136.00000000000000        6.9427642925210711E-002   7.5800000000000006E-002   3.2199999999999999E-002  0.32860000000000000       0.52239999999999998        4.1000000000000002E-002
   137.00000000000000        5.5795434099652971E-002   7.5800000000000006E-002   3.2000000000000001E-002  0.32860000000000000       0.52259999999999995        4.1000000000000002E-002
   138.00000000000000        4.3442189265293779E-002   4.3600000000000000E-002   6.3600000000000004E-002  0.32840000000000003       0.52320000000000000        4.1200000000000001E-002
   139.00000000000000        3.2132302921769683E-002   4.3400000000000001E-002   6.3600000000000004E-002  0.32840000000000003       0.52320000000000000        4.1399999999999999E-002
   140.00000000000000        2.2413854498484823E-002   4.3400000000000001E-002   6.3600000000000004E-002  0.32600000000000001       0.52480000000000004        4.2200000000000001E-002
   141.00000000000000        1.4339229298856133E-002   4.2400000000000000E-002   6.3600000000000004E-002  0.32600000000000001       0.52580000000000005        4.2200000000000001E-002
   142.00000000000000        8.3526177042892238E-003   4.2200000000000001E-002   6.3600000000000004E-002  0.32479999999999998       0.52580000000000005        4.3600000000000000E-002
   143.00000000000000        3.6226159380042203E-003   4.1399999999999999E-002   6.5000000000000002E-002  0.32379999999999998       0.52580000000000005        4.3999999999999997E-002
   144.00000000000000        3.2865143428632750E-003   4.0200000000000000E-002   6.5799999999999997E-002  0.32379999999999998       0.52339999999999998        4.6800000000000001E-002
   145.00000000000000        9.3319985878031388E-003   4.0200000000000000E-002   6.5799999999999997E-002  0.32379999999999998       0.52380000000000004        4.6399999999999997E-002
   146.00000000000000        1.7681721584547824E-002   4.0200000000000000E-002   6.5400000000000000E-002  0.32379999999999998       0.52300000000000002        4.7600000000000003E-002
   147.00000000000000        2.7887501254792363E-002   4.0200000000000000E-002   6.5400000000000000E-002  0.32379999999999998       0.51939999999999997        5.1200000000000002E-002
   148.00000000000000        3.8984910495067138E-002   4.0200000000000000E-002   6.5400000000000000E-002  0.32379999999999998       0.51939999999999997        5.1200000000000002E-002
   149.00000000000000        5.1192691223954673E-002   4.0200000000000000E-002   6.5400000000000000E-002  0.32379999999999998       0.51959999999999995        5.0999999999999997E-002
   150.00000000000000        6.3894288285276685E-002   4.0200000000000000E-002   6.5199999999999994E-002  0.32379999999999998       0.52020000000000000        5.0599999999999999E-002
   151.00000000000000        7.6205879500330892E-002   4.0200000000000000E-002   6.5199999999999994E-002  0.32379999999999998       0.51980000000000004        5.0999999999999997E-002
   152.00000000000000        8.8061242940943002E-002   3.9600000000000003E-002   6.5799999999999997E-002  0.32379999999999998       0.52000000000000002        5.0799999999999998E-002
   153.00000000000000       0.10050102645329820        3.9600000000000003E-002   6.4799999999999996E-002  0.32379999999999998       0.52100000000000002        5.0799999999999998E-002
   154.00000000000000       0.11176226823565660        3.9000000000000000E-002   6.5400000000000000E-002  0.32379999999999998       0.52059999999999995        5.1200000000000002E-002
   155.00000000000000       0.12098710041076993        3.9000000000000000E-002   6.5199999999999994E-002  0.32379999999999998       0.52080000000000004        5.1200000000000002E-002
   156.00000000000000       0.12880470572118877        3.9000000000000000E-002   6.4399999999999999E-002  0.32379999999999998       0.52159999999999995        5.1200000000000002E-002
   157.00000000000000       0.13507947795737443        3.7199999999999997E-002   6.6000000000000003E-002  0.32379999999999998       0.52159999999999995        5.1400000000000001E-002
   158.00000000000000       0.13993063406555012        3.6200000000000003E-002   7.8200000000000006E-002  0.31080000000000002       0.52339999999999998        5.1400000000000001E-002
   159.00000000000000       0.14704898351485787        3.6200000000000003E-002   7.8200000000000006E-002  0.31080000000000002       0.52339999999999998        5.1400000000000001E-002
   160.00000000000000       0.16209241066364244        9.2600000000000002E-002   2.1600000000000001E-002  0.31059999999999999       0.52380000000000004        5.1400000000000001E-002
   161.00000000000000       0.17685706122504410        9.1999999999999998E-002   2.0600000000000000E-002  0.31180000000000002       0.52439999999999998        5.1200000000000002E-002
   162.00000000000000       0.19523123872332171        9.0800000000000006E-002   2.1000000000000001E-002  0.31240000000000001       0.52439999999999998        5.1400000000000001E-002
   163.00000000000000       0.21468073917941155        9.0800000000000006E-002   2.1000000000000001E-002  0.31200000000000000       0.52439999999999998        5.1799999999999999E-002
   164.00000000000000       0.23386600617941178        9.0200000000000002E-002   2.1000000000000001E-002  0.31200000000000000       0.52059999999999995        5.6200000000000000E-002
   165.00000000000000       0.25385106113446909        9.0200000000000002E-002   2.1000000000000001E-002  0.31200000000000000       0.52939999999999998        4.7399999999999998E-002
   166.00000000000000       0.27116889074049255        8.7999999999999995E-002   2.0799999999999999E-002  0.31159999999999999       0.28720000000000001       0.29239999999999999     
   167.00000000000000       0.27399343277400656        8.5599999999999996E-002   2.0799999999999999E-002  0.31280000000000002       0.25979999999999998       0.32100000000000001     
   168.00000000000000       0.39869087628712829        8.1199999999999994E-002   3.2000000000000001E-002  0.18980000000000000       0.22180000000000000       0.47520000000000001     
   169.00000000000000       0.98194029995215648        7.1199999999999999E-002   1.9599999999999999E-002   9.5200000000000007E-002  0.26660000000000000       0.54740000000000000     
   170.00000000000000       0.38811040661701546        7.1400000000000005E-002   1.8800000000000001E-002   9.1399999999999995E-002  0.27479999999999999       0.54359999999999997     
   171.00000000000000       0.39723166419227590        7.0800000000000002E-002   1.4600000000000000E-002   9.1600000000000001E-002  0.27339999999999998       0.54959999999999998     
   172.00000000000000       0.40368185954866087        7.1199999999999999E-002   1.4200000000000001E-002   8.9399999999999993E-002  0.27660000000000001       0.54859999999999998     
   173.00000000000000       0.40778926420210071        7.1199999999999999E-002   1.2999999999999999E-002   8.9399999999999993E-002  0.27620000000000000       0.55020000000000002     
   174.00000000000000       0.40986166342565855        7.0000000000000007E-002   1.3400000000000000E-002   8.9599999999999999E-002  0.27620000000000000       0.55079999999999996     
   175.00000000000000       0.41253106773381898        6.7000000000000004E-002   1.5400000000000000E-002   8.7400000000000005E-002  0.27439999999999998       0.55579999999999996     
   176.00000000000000       0.41114629998064423        6.6400000000000001E-002   1.2000000000000000E-002   8.7999999999999995E-002  0.27779999999999999       0.55579999999999996     
   177.00000000000000       0.40823951978337841        6.6000000000000003E-002   1.2600000000000000E-002   8.6599999999999996E-002  0.27800000000000002       0.55679999999999996     
   178.00000000000000       0.40549557933979197        6.5799999999999997E-002   1.2200000000000001E-002   8.4000000000000005E-002  0.28039999999999998       0.55759999999999998     
   179.00000000000000       0.39977508964026259        6.4799999999999996E-002   1.2000000000000000E-002   8.2799999999999999E-002  0.27979999999999999       0.56059999999999999     
   180.00000000000000       0.39380099659937662        6.4000000000000001E-002   1.1800000000000000E-002   8.2400000000000001E-002  0.27160000000000001       0.57020000000000004     
   181.00000000000000       0.38659966545497082        6.4000000000000001E-002   1.1599999999999999E-002   8.2400000000000001E-002  0.27200000000000002       0.56999999999999995     
   182.00000000000000       0.38190863339137504        5.3600000000000002E-002   2.1999999999999999E-002   8.2400000000000001E-002  0.27039999999999997       0.57160000000000000     
   183.00000000000000       0.37286976144761258        5.4600000000000003E-002  0.10299999999999999        0.0000000000000000       0.26860000000000001       0.57379999999999998     
   184.00000000000000       0.36739210585646548        5.6399999999999999E-002  0.10080000000000000        0.0000000000000000       0.26900000000000002       0.57379999999999998     
   185.00000000000000       0.36061910516889006        5.6399999999999999E-002   9.9599999999999994E-002   0.0000000000000000       0.25319999999999998       0.59079999999999999     
   186.00000000000000       0.35370461068769160        4.0599999999999997E-002  0.11260000000000001        0.0000000000000000       0.25559999999999999       0.59119999999999995     
   187.00000000000000       0.34839702708898823        3.9000000000000000E-002  0.11380000000000000        0.0000000000000000       0.23219999999999999       0.61499999999999999     
   188.00000000000000       0.34216967694117967        3.7800000000000000E-002  0.11500000000000000        0.0000000000000000       0.23319999999999999       0.61399999999999999     
   189.00000000000000       0.33950643857412155        3.8199999999999998E-002  0.11060000000000000        0.0000000000000000       0.23280000000000001       0.61839999999999995     
   190.00000000000000       0.33660550588161353        3.5799999999999998E-002  0.11219999999999999        0.0000000000000000       0.23060000000000000       0.62139999999999995     
   191.00000000000000       0.33563738429191542        3.5999999999999997E-002  0.11000000000000000        0.0000000000000000       0.23219999999999999       0.62180000000000002     
   192.00000000000000       0.33709844996660343        3.4599999999999999E-002  0.11100000000000000        0.0000000000000000       0.23240000000000000       0.62200000000000000     
   193.00000000000000       0.34122501423490093        3.9199999999999999E-002   8.9200000000000002E-002   1.7200000000000000E-002  0.23019999999999999       0.62419999999999998     
   194.00000000000000       0.34742732257380071        3.9199999999999999E-002   6.4399999999999999E-002   3.9800000000000002E-002  0.22960000000000000       0.62700000000000000     
   195.00000000000000       0.35590694315233368        3.9199999999999999E-002   6.3799999999999996E-002   3.9399999999999998E-002  0.22720000000000001       0.63039999999999996     
   196.00000000000000       0.36678054419032152        3.9199999999999999E-002   6.1600000000000002E-002   3.9399999999999998E-002  0.22939999999999999       0.63039999999999996     
   197.00000000000000       0.38196296821581277        3.8600000000000002E-002   6.1600000000000002E-002   3.6799999999999999E-002  0.22900000000000001       0.63400000000000001     
   198.00000000000000       0.40103349504739277        3.6400000000000002E-002   6.0199999999999997E-002   3.6600000000000001E-002  0.22900000000000001       0.63780000000000003     
   199.00000000000000       0.42092346173385548        3.5000000000000003E-002   6.1400000000000003E-002   3.6799999999999999E-002  0.22900000000000001       0.63780000000000003     
   200.00000000000000       0.44610233897178081        3.4400000000000000E-002   6.0600000000000001E-002   3.7400000000000003E-002  0.21620000000000000       0.65139999999999998     
   201.00000000000000       0.46900066358104897        3.3200000000000000E-002   6.0400000000000002E-002   3.7999999999999999E-002  0.21640000000000001       0.65200000000000002     
   202.00000000000000       0.49132887232139771        3.2199999999999999E-002   5.9999999999999998E-002   3.9000000000000000E-002  0.21659999999999999       0.65220000000000000     
   203.00000000000000       0.51368712440508835        3.1199999999999999E-002   6.0400000000000002E-002   3.9000000000000000E-002  0.21640000000000001       0.65300000000000002     
   204.00000000000000       0.53644690663482653        3.0800000000000001E-002   5.9400000000000001E-002   3.9000000000000000E-002  0.21579999999999999       0.65500000000000003     
   205.00000000000000       0.55436637379354381        3.0599999999999999E-002   5.8799999999999998E-002   3.9000000000000000E-002  0.21659999999999999       0.65500000000000003     
   206.00000000000000       0.57137464800468629        3.0599999999999999E-002   5.7799999999999997E-002   4.0000000000000001E-002  0.21659999999999999       0.65500000000000003     
   207.00000000000000       0.58537018038062139        3.0200000000000001E-002   5.8200000000000002E-002   4.0000000000000001E-002  0.21659999999999999       0.65500000000000003     
   208.00000000000000       0.59684387775033443        2.9200000000000000E-002   5.9200000000000003E-002   4.0000000000000001E-002  0.21659999999999999       0.65500000000000003     
   209.00000000000000       0.60595558245984393        2.8199999999999999E-002   5.9400000000000001E-002   4.0000000000000001E-002  0.21520000000000000       0.65720000000000001     
   210.00000000000000       0.61374337772528298        2.7000000000000000E-002   5.9999999999999998E-002   3.9600000000000003E-002  0.21500000000000000       0.65839999999999999     
   211.00000000000000       0.60580768045770383        2.6800000000000001E-002   5.9400000000000001E-002   3.9199999999999999E-002  0.21420000000000000       0.66039999999999999     
   212.00000000000000       0.61923977554758447        2.5399999999999999E-002   5.9200000000000003E-002   3.8600000000000002E-002  0.20920000000000000       0.66759999999999997     
   213.00000000000000       0.61494838159358145        2.5399999999999999E-002   5.8400000000000001E-002   3.7800000000000000E-002  0.21060000000000001       0.66779999999999995     
   214.00000000000000       0.61029796148772353        2.5800000000000000E-002   5.8000000000000003E-002   3.7600000000000001E-002  0.21060000000000001       0.66800000000000004     
   215.00000000000000       0.60394698213837783        2.4199999999999999E-002   5.6599999999999998E-002   3.5600000000000000E-002  0.21279999999999999       0.67079999999999995     
   216.00000000000000       0.59309904530953084        2.4000000000000000E-002   5.6399999999999999E-002   4.3600000000000000E-002  0.20519999999999999       0.67079999999999995     
