#        BMIN =   404
#        BMAX =   408
#     INIBAND =   406
#      NBANDS =   540
#         NSW =  2000
#       POTIM =   1.0
#        TEMP = 300.0
#    NAMDTINI =     7
#    NAMDTIME =  1000
#       NTRAJ =  5000
#        NELM =  1000
#       LHOLE =     T
#        LSHP =     T
#      LCPTXT =     T
#      RUNDIR = ../../run/
   1.0000000000000000       0.18455304227781691        0.0000000000000000        0.0000000000000000        1.0000000000000000        0.0000000000000000        0.0000000000000000     
   2.0000000000000000       0.19077392037349850        0.0000000000000000        0.0000000000000000       0.99960000000000004        4.0000000000000002E-004   0.0000000000000000     
   3.0000000000000000       0.19963224737248036        0.0000000000000000        0.0000000000000000       0.99639999999999995        3.5999999999999999E-003   0.0000000000000000     
   4.0000000000000000       0.20996831395449508        0.0000000000000000        0.0000000000000000       0.99139999999999995        8.6000000000000000E-003   0.0000000000000000     
   5.0000000000000000       0.24583502823027412        0.0000000000000000        0.0000000000000000       0.99139999999999995        8.6000000000000000E-003   0.0000000000000000     
   6.0000000000000000       0.24627986744455818        0.0000000000000000        3.2000000000000002E-003  0.98819999999999997        8.6000000000000000E-003   0.0000000000000000     
   7.0000000000000000       0.24830573666691622        0.0000000000000000        3.2000000000000002E-003  0.98819999999999997        8.0000000000000002E-003   5.9999999999999995E-004
   8.0000000000000000       0.25277762539443765        0.0000000000000000        3.0000000000000001E-003  0.98780000000000001        8.6000000000000000E-003   5.9999999999999995E-004
   9.0000000000000000       0.25545903874865550        0.0000000000000000       0.29280000000000000       0.69579999999999997        1.0800000000000001E-002   5.9999999999999995E-004
   10.000000000000000       0.28965044596276274        0.0000000000000000       0.39900000000000002       0.58320000000000005        1.6799999999999999E-002   1.0000000000000000E-003
   11.000000000000000       0.24524972898367720        0.0000000000000000       0.50500000000000000       0.47599999999999998        1.7999999999999999E-002   1.0000000000000000E-003
   12.000000000000000       0.28197354430088356        0.0000000000000000       0.52939999999999998       0.45119999999999999        1.8200000000000001E-002   1.1999999999999999E-003
   13.000000000000000       0.27666963027203084        0.0000000000000000       0.61919999999999997       0.35940000000000000        1.9800000000000002E-002   1.6000000000000001E-003
   14.000000000000000       0.12802292588043337        0.0000000000000000       0.40960000000000002       0.56879999999999997        1.6799999999999999E-002   4.7999999999999996E-003
   15.000000000000000       0.32734307059345052        0.0000000000000000       0.43700000000000000       0.52820000000000000        2.4000000000000000E-002   1.0800000000000001E-002
   16.000000000000000       0.20036995021182563        5.9999999999999995E-004  0.43640000000000001       0.52439999999999998        2.7799999999999998E-002   1.0800000000000001E-002
   17.000000000000000       -8.7713176120979064E-002   0.0000000000000000       0.33479999999999999       0.58860000000000001        6.5400000000000000E-002   1.1200000000000000E-002
   18.000000000000000       0.51728860823357670        2.0000000000000001E-004  0.32740000000000002       0.58760000000000001        6.4399999999999999E-002   2.0400000000000001E-002
   19.000000000000000       0.55036558244968492        0.0000000000000000       0.19420000000000001       0.71360000000000001        5.7599999999999998E-002   3.4599999999999999E-002
   20.000000000000000       0.43958910541874485        0.0000000000000000       0.19200000000000000       0.71579999999999999        5.7599999999999998E-002   3.4599999999999999E-002
   21.000000000000000       0.47617713911008708        0.0000000000000000       0.19339999999999999       0.64700000000000002        8.5599999999999996E-002   7.3999999999999996E-002
   22.000000000000000       -8.0802113581103979E-002   0.0000000000000000       0.19800000000000001       0.63560000000000005        8.5599999999999996E-002   8.0799999999999997E-002
   23.000000000000000       0.30406152840741196        0.0000000000000000       0.19700000000000001       0.63580000000000003        8.5599999999999996E-002   8.1600000000000006E-002
   24.000000000000000       0.30007406947350401        0.0000000000000000       0.19600000000000001       0.62160000000000004        8.7200000000000000E-002   9.5200000000000007E-002
   25.000000000000000       0.30304725182813924        0.0000000000000000       0.19539999999999999       0.60060000000000002       0.10660000000000000        9.7400000000000000E-002
   26.000000000000000       0.28344941646592653        0.0000000000000000       0.19539999999999999       0.59299999999999997       0.10700000000000000       0.10460000000000000     
   27.000000000000000       0.26915672218278125        0.0000000000000000       0.19280000000000000       0.59279999999999999       0.10700000000000000       0.10740000000000000     
   28.000000000000000       0.25051758986564115        0.0000000000000000       0.18959999999999999       0.58640000000000003       0.11660000000000000       0.10740000000000000     
   29.000000000000000       0.22993705690998284        0.0000000000000000       0.19159999999999999       0.57340000000000002       0.12280000000000001       0.11219999999999999     
   30.000000000000000       0.20277669336549403        5.9999999999999995E-004  0.19400000000000001       0.57020000000000004       0.12300000000000000       0.11219999999999999     
   31.000000000000000       0.17633369185562636        4.0000000000000002E-004  0.16919999999999999       0.59099999999999997       0.12700000000000000       0.11240000000000000     
   32.000000000000000       0.16514332362901285        2.0000000000000001E-004  0.16919999999999999       0.59119999999999995       0.12700000000000000       0.11240000000000000     
   33.000000000000000       0.17579082863950271        2.0000000000000001E-004  0.16900000000000001       0.59119999999999995       0.12720000000000001       0.11240000000000000     
   34.000000000000000       0.18237174347681290        2.0000000000000001E-004  0.16900000000000001       0.59119999999999995       0.12700000000000000       0.11260000000000001     
   35.000000000000000       0.18351660283127424        2.0000000000000001E-004  0.16900000000000001       0.63219999999999998        8.5599999999999996E-002  0.11300000000000000     
   36.000000000000000       0.16928380470606089        2.0000000000000001E-004  0.16900000000000001       0.63219999999999998        8.5599999999999996E-002  0.11300000000000000     
   37.000000000000000       0.15269534228196865        2.0000000000000001E-004  0.16880000000000001       0.63219999999999998        8.5599999999999996E-002  0.11320000000000000     
   38.000000000000000       0.14156332039328484        2.0000000000000001E-004  0.16819999999999999       0.63080000000000003        8.5599999999999996E-002  0.11520000000000000     
   39.000000000000000       0.12037788826790848        2.0000000000000001E-004  0.16819999999999999       0.62939999999999996        8.5599999999999996E-002  0.11660000000000000     
   40.000000000000000       0.10869103479261727        2.0000000000000001E-004  0.16819999999999999       0.60640000000000005       0.10780000000000001       0.11740000000000000     
   41.000000000000000        9.7304436084361873E-002   2.0000000000000001E-004  0.16819999999999999       0.60660000000000003       0.10760000000000000       0.11740000000000000     
   42.000000000000000        7.0640254882875231E-002   2.0000000000000001E-004  0.16800000000000001       0.60660000000000003       0.10780000000000001       0.11740000000000000     
   43.000000000000000        4.1668164805192962E-002   2.0000000000000001E-004  0.16780000000000000       0.60660000000000003       0.10800000000000000       0.11740000000000000     
   44.000000000000000        1.1848295556287324E-002   2.0000000000000001E-004  0.16760000000000000       0.60660000000000003       0.10800000000000000       0.11760000000000000     
   45.000000000000000       -1.7609258603372448E-002   2.0000000000000001E-004  0.16739999999999999       0.60660000000000003       0.10820000000000000       0.11760000000000000     
   46.000000000000000       -4.7495675956226772E-002   2.0000000000000001E-004  0.23840000000000000       0.53539999999999999       0.10800000000000000       0.11799999999999999     
   47.000000000000000       -5.8917261253580828E-002   2.0000000000000001E-004  0.23840000000000000       0.53420000000000001       0.10780000000000001       0.11940000000000001     
   48.000000000000000       -6.4062561021449249E-002   2.0000000000000001E-004  0.23840000000000000       0.53420000000000001       0.10700000000000000       0.12020000000000000     
   49.000000000000000       -6.7423754954066842E-002   2.0000000000000001E-004  0.23840000000000000       0.53420000000000001       0.10620000000000000       0.12100000000000000     
   50.000000000000000       -6.8704731087458629E-002   7.3800000000000004E-002  0.16200000000000001       0.53659999999999997       0.11440000000000000       0.11320000000000000     
   51.000000000000000       -6.2803812016021948E-002   7.1800000000000003E-002  0.16320000000000001       0.53280000000000005       0.12640000000000001       0.10580000000000001     
   52.000000000000000       -5.4187121094028026E-002   7.1999999999999995E-002  0.16200000000000001       0.53280000000000005       0.12740000000000001       0.10580000000000001     
   53.000000000000000       -4.2915171830516088E-002   7.8000000000000000E-002  0.15279999999999999       0.53139999999999998       0.12839999999999999       0.10940000000000000     
   54.000000000000000       -2.9019849297975808E-002   8.6800000000000002E-002  0.14219999999999999       0.51700000000000002       0.13660000000000000       0.11740000000000000     
   55.000000000000000       -1.8046478226858155E-002   8.6400000000000005E-002  0.14099999999999999       0.51600000000000001       0.13760000000000000       0.11899999999999999     
   56.000000000000000       -7.7990690194271323E-003   9.9000000000000005E-002  0.12720000000000001       0.51619999999999999       0.13700000000000001       0.12060000000000000     
   57.000000000000000        1.6181094534299736E-003   9.9199999999999997E-002  0.12700000000000000       0.51619999999999999       0.13700000000000001       0.12060000000000000     
   58.000000000000000        1.1009921933967746E-002   9.2600000000000002E-002  0.13260000000000000       0.51680000000000004       0.13480000000000000       0.12320000000000000     
   59.000000000000000        2.0958798909462555E-002   9.1399999999999995E-002  0.13280000000000000       0.51300000000000001       0.13860000000000000       0.12420000000000000     
   60.000000000000000        3.0335656834808013E-002   9.1399999999999995E-002  0.13139999999999999       0.51380000000000003       0.13880000000000001       0.12460000000000000     
   61.000000000000000        4.0394637007565654E-002   9.1399999999999995E-002  0.12980000000000000       0.51160000000000005       0.14299999999999999       0.12420000000000000     
   62.000000000000000        5.3653265936235005E-002   2.0799999999999999E-002  0.19880000000000000       0.50180000000000002       0.14840000000000000       0.13020000000000001     
   63.000000000000000        6.4160907797825628E-002   2.4799999999999999E-002  0.19880000000000000       0.49659999999999999       0.14599999999999999       0.13380000000000000     
   64.000000000000000        7.6186711572328564E-002   3.3599999999999998E-002  0.19880000000000000       0.48399999999999999       0.14760000000000001       0.13600000000000001     
   65.000000000000000        8.8630760743056994E-002   3.1600000000000003E-002  0.19880000000000000       0.48559999999999998       0.14740000000000000       0.13660000000000000     
   66.000000000000000       0.10339493333064390       0.10280000000000000       0.19880000000000000       0.41380000000000000       0.14799999999999999       0.13660000000000000     
   67.000000000000000       0.12308614671656035       0.11360000000000001       0.19880000000000000       0.39820000000000000       0.14680000000000001       0.14260000000000000     
   68.000000000000000       0.14181992192673709       0.11180000000000000       0.19880000000000000       0.39340000000000003       0.14920000000000000       0.14680000000000001     
   69.000000000000000       0.15785930277479238       0.11040000000000000       0.19860000000000000       0.39500000000000002       0.14920000000000000       0.14680000000000001     
   70.000000000000000       0.17171837684401980       0.20399999999999999       0.10460000000000000       0.39160000000000000       0.15200000000000000       0.14779999999999999     
   71.000000000000000       0.18615439641684778       0.20399999999999999       0.10480000000000000       0.39079999999999998       0.15279999999999999       0.14760000000000001     
   72.000000000000000       0.19775158109850521       0.20399999999999999       0.10340000000000001       0.39019999999999999       0.15279999999999999       0.14960000000000001     
   73.000000000000000       0.20656366637646201       0.20140000000000000       0.10660000000000000       0.38760000000000000       0.15279999999999999       0.15160000000000001     
   74.000000000000000       0.21551197751663093       0.20180000000000001       0.10900000000000000       0.38000000000000000       0.15740000000000001       0.15179999999999999     
   75.000000000000000       0.22588450432068222       0.20180000000000001       0.10680000000000001       0.38040000000000002       0.15780000000000000       0.15320000000000000     
   76.000000000000000       0.23438358132825279       0.20100000000000001       0.10660000000000000       0.38119999999999998       0.15640000000000001       0.15479999999999999     
   77.000000000000000       0.24384663282600325       0.20080000000000001       0.11040000000000000       0.36880000000000002       0.16059999999999999       0.15939999999999999     
   78.000000000000000       0.25077794151623911       0.19960000000000000       0.10780000000000001       0.36659999999999998       0.16660000000000000       0.15939999999999999     
   79.000000000000000       0.25072311390865770       0.19960000000000000       0.47439999999999999        0.0000000000000000       0.16680000000000000       0.15920000000000001     
   80.000000000000000       0.25443963044285822       0.19939999999999999       0.47099999999999997        3.5999999999999999E-003  0.16680000000000000       0.15920000000000001     
   81.000000000000000       0.25445670538884246       0.19900000000000001       0.46739999999999998        3.8000000000000000E-003  0.17040000000000000       0.15939999999999999     
   82.000000000000000       0.25218655109294186       0.19900000000000001       0.46379999999999999        5.5999999999999999E-003  0.16960000000000000       0.16200000000000001     
   83.000000000000000       0.24802487753634864       0.19760000000000000       0.46339999999999998        5.5999999999999999E-003  0.17040000000000000       0.16300000000000001     
   84.000000000000000       0.24255921020314480       0.19660000000000000       0.46339999999999998        5.5999999999999999E-003  0.17140000000000000       0.16300000000000001     
   85.000000000000000       0.23413565500236422       0.19580000000000000       0.45979999999999999        5.7999999999999996E-003  0.17560000000000001       0.16300000000000001     
   86.000000000000000       0.22539832282929534       0.19460000000000000       0.45920000000000000        4.7999999999999996E-003  0.17640000000000000       0.16500000000000001     
   87.000000000000000       0.21394959524945464       0.19460000000000000       0.45920000000000000        4.7999999999999996E-003  0.17640000000000000       0.16500000000000001     
   88.000000000000000       0.20063338718082691       0.19400000000000001       0.45720000000000000        4.5999999999999999E-003  0.17920000000000000       0.16500000000000001     
   89.000000000000000       0.18905808793333248       0.19100000000000000       0.45720000000000000        4.4000000000000003E-003  0.18079999999999999       0.16660000000000000     
   90.000000000000000       0.17193485388340890       0.18759999999999999       0.45800000000000002        6.0000000000000001E-003  0.18160000000000001       0.16680000000000000     
   91.000000000000000       0.15454438052080122       0.19000000000000000       0.45360000000000000        7.1999999999999998E-003  0.18160000000000001       0.16760000000000000     
   92.000000000000000       0.13639360762532632       0.18700000000000000       0.45419999999999999        7.4000000000000003E-003  0.18260000000000001       0.16880000000000001     
   93.000000000000000       0.11722399001584383       0.17519999999999999       0.46260000000000001        9.5999999999999992E-003  0.18340000000000001       0.16919999999999999     
   94.000000000000000        9.7177757048530655E-002  0.17979999999999999       0.45720000000000000        9.5999999999999992E-003  0.18279999999999999       0.17060000000000000     
   95.000000000000000       0.10074954588448479       0.17979999999999999       0.45720000000000000        9.5999999999999992E-003  0.18279999999999999       0.17060000000000000     
   96.000000000000000       0.10743002136409069       0.17940000000000000       0.45760000000000001        9.4000000000000004E-003  0.18279999999999999       0.17080000000000001     
   97.000000000000000       0.11820036824130797       0.17940000000000000       0.45760000000000001        8.2000000000000007E-003  0.18340000000000001       0.17140000000000000     
   98.000000000000000       0.12870609442792608       0.17940000000000000       0.44800000000000001        1.7800000000000000E-002  0.18340000000000001       0.17140000000000000     
   99.000000000000000       0.12765331278343561       0.17940000000000000       0.44500000000000001        1.7800000000000000E-002  0.18479999999999999       0.17299999999999999     
   100.00000000000000       0.11856970058448019       0.17940000000000000       0.44500000000000001        1.7800000000000000E-002  0.18479999999999999       0.17299999999999999     
   101.00000000000000       0.10925921311367051       0.17940000000000000       0.44359999999999999        1.7800000000000000E-002  0.18420000000000000       0.17499999999999999     
   102.00000000000000        9.9641867639181758E-002  0.17940000000000000       0.44159999999999999        1.7800000000000000E-002  0.18620000000000000       0.17499999999999999     
   103.00000000000000        8.9794438905655916E-002  0.17940000000000000       0.44159999999999999        1.7800000000000000E-002  0.18620000000000000       0.17499999999999999     
   104.00000000000000        7.9490621672911210E-002  0.17920000000000000       0.44140000000000001        1.7999999999999999E-002  0.18640000000000001       0.17499999999999999     
   105.00000000000000        6.9271205686529613E-002  0.17920000000000000       0.44140000000000001        1.7999999999999999E-002  0.18640000000000001       0.17499999999999999     
   106.00000000000000        6.0860044003045080E-002  0.17920000000000000       0.44140000000000001        1.7999999999999999E-002  0.18440000000000001       0.17699999999999999     
   107.00000000000000        5.1801917763518696E-002  0.17920000000000000       0.43740000000000001        1.8200000000000001E-002  0.18440000000000001       0.18079999999999999     
   108.00000000000000        4.7134127575628945E-002  0.17920000000000000       0.44359999999999999        1.1800000000000000E-002  0.18459999999999999       0.18079999999999999     
   109.00000000000000        4.4455187328907159E-002  0.17960000000000001       0.44359999999999999        1.0800000000000001E-002  0.18459999999999999       0.18140000000000001     
   110.00000000000000        2.9437256638488438E-002  0.17960000000000001       0.44359999999999999        1.0800000000000001E-002  0.18420000000000000       0.18179999999999999     
   111.00000000000000        1.7358996544278936E-002   7.0999999999999994E-002  0.55140000000000000        9.1999999999999998E-003  0.18600000000000000       0.18240000000000001     
   112.00000000000000        1.1902218027627851E-002   7.0999999999999994E-002  0.54759999999999998        1.2999999999999999E-002  0.18579999999999999       0.18260000000000001     
   113.00000000000000        1.8535131983217913E-002   7.0800000000000002E-002  0.54900000000000004        1.1599999999999999E-002  0.18600000000000000       0.18260000000000001     
   114.00000000000000        2.7137205955930534E-002   7.0400000000000004E-002  0.55079999999999996        9.7999999999999997E-003  0.18640000000000001       0.18260000000000001     
   115.00000000000000        3.6795339963811659E-002   7.0199999999999999E-002  0.54979999999999996        1.0200000000000001E-002  0.18700000000000000       0.18279999999999999     
   116.00000000000000        4.4052495289539875E-002   6.8800000000000000E-002  0.55020000000000002        1.0800000000000001E-002  0.18700000000000000       0.18320000000000000     
   117.00000000000000        4.7610483260676198E-002   6.8599999999999994E-002  0.54400000000000004        1.5400000000000000E-002  0.18800000000000000       0.18400000000000000     
   118.00000000000000        4.7347491058303597E-002   6.8199999999999997E-002  0.54200000000000004        1.6799999999999999E-002  0.18840000000000001       0.18459999999999999     
   119.00000000000000        4.4666549692831459E-002   6.8199999999999997E-002  0.54159999999999997        1.6600000000000000E-002  0.18900000000000000       0.18459999999999999     
   120.00000000000000        4.1191495052105863E-002   6.7000000000000004E-002  0.54120000000000001        1.6000000000000000E-002  0.19100000000000000       0.18479999999999999     
   121.00000000000000        3.5467830723199700E-002   6.7000000000000004E-002  0.54120000000000001        1.6000000000000000E-002  0.19000000000000000       0.18579999999999999     
   122.00000000000000        3.0359739551578856E-002   6.7799999999999999E-002  0.53680000000000005        1.4600000000000000E-002  0.19500000000000001       0.18579999999999999     
   123.00000000000000        2.2536496365060325E-002   6.7799999999999999E-002  0.53520000000000001        1.6199999999999999E-002  0.19500000000000001       0.18579999999999999     
   124.00000000000000        1.3384050385022002E-002   6.7799999999999999E-002  0.53539999999999999        1.6000000000000000E-002  0.19439999999999999       0.18640000000000001     
   125.00000000000000        3.3243796259329189E-003   6.7799999999999999E-002  0.53280000000000005        1.8400000000000000E-002  0.19439999999999999       0.18659999999999999     
   126.00000000000000       -8.3949083062632504E-003   9.8400000000000001E-002  0.50039999999999996        1.5800000000000002E-002  0.19860000000000000       0.18679999999999999     
   127.00000000000000       -1.1152131655650252E-002   9.8199999999999996E-002  0.50039999999999996        1.5800000000000002E-002  0.19880000000000000       0.18679999999999999     
   128.00000000000000        6.9718210095854535E-003   9.8000000000000004E-002  0.49480000000000002        2.1399999999999999E-002  0.19900000000000001       0.18679999999999999     
   129.00000000000000        8.5402920562836215E-003   9.8599999999999993E-002  0.49419999999999997        2.1399999999999999E-002  0.19800000000000001       0.18779999999999999     
   130.00000000000000       -8.5920639753374051E-003   9.7400000000000000E-002  0.49540000000000001        2.1399999999999999E-002  0.19700000000000001       0.18880000000000000     
   131.00000000000000       -2.3839892502673210E-002   9.7400000000000000E-002  0.49540000000000001        2.1999999999999999E-002  0.19560000000000000       0.18959999999999999     
   132.00000000000000       -3.8288361439105002E-002  0.16560000000000000       0.42680000000000001        2.1999999999999999E-002  0.19560000000000000       0.19000000000000000     
   133.00000000000000       -2.9594112357897145E-002  0.16600000000000001       0.42640000000000000        1.9800000000000002E-002  0.35699999999999998        3.0800000000000001E-002
   134.00000000000000       -7.5784862485038474E-003  0.16539999999999999       0.42699999999999999        2.0000000000000000E-002  0.35680000000000001        3.0800000000000001E-002
   135.00000000000000       -2.4941933214035639E-003  0.17019999999999999       0.42220000000000002        1.7000000000000001E-002  0.35980000000000001        3.0800000000000001E-002
   136.00000000000000       -8.3456243679541631E-004  0.17000000000000001       0.42220000000000002        1.3400000000000000E-002  0.36340000000000000        3.1000000000000000E-002
   137.00000000000000       -3.6316735461681812E-003  0.17019999999999999       0.42199999999999999        1.3800000000000000E-002  0.36299999999999999        3.1000000000000000E-002
   138.00000000000000       -1.0438634670858517E-002  0.17040000000000000       0.42180000000000001        1.3800000000000000E-002  0.36299999999999999        3.1000000000000000E-002
   139.00000000000000       -2.1941798173261164E-002  0.26440000000000002       0.32779999999999998        1.2200000000000001E-002  0.36459999999999998        3.1000000000000000E-002
   140.00000000000000       -3.6828405327667110E-002  0.27560000000000001       0.31659999999999999        1.2000000000000000E-002  0.36480000000000001        3.1000000000000000E-002
   141.00000000000000       -5.5751512107885037E-002  0.36020000000000002       0.23200000000000001        7.4000000000000003E-003  0.36940000000000001        3.1000000000000000E-002
   142.00000000000000       -7.8048996202860502E-002  0.40279999999999999       0.18940000000000001        8.0000000000000002E-003  0.36880000000000002        3.1000000000000000E-002
   143.00000000000000      -0.10421799201593429       0.42180000000000001       0.17040000000000000        7.7999999999999996E-003  0.36899999999999999        3.1000000000000000E-002
   144.00000000000000      -0.13118803132367032       0.41820000000000002       0.17399999999999999        8.3999999999999995E-003  0.36840000000000001        3.1000000000000000E-002
   145.00000000000000      -0.15886888636857013       0.41139999999999999       0.18079999999999999        9.1999999999999998E-003  0.32800000000000001        7.0599999999999996E-002
   146.00000000000000      -0.19205351238959545       0.41199999999999998       0.17999999999999999        1.8000000000000000E-003  0.34820000000000001        5.8000000000000003E-002
   147.00000000000000      -0.22709043163033196       0.41099999999999998       0.18060000000000001        1.8000000000000000E-003  0.34820000000000001        5.8400000000000001E-002
   148.00000000000000      -0.23607929232928326       0.11960000000000000       0.46839999999999998        1.8000000000000000E-003  0.31819999999999998        9.1999999999999998E-002
   149.00000000000000      -0.23067068140439315       0.11780000000000000       0.46980000000000000        1.8000000000000000E-003  0.31240000000000001        9.8199999999999996E-002
   150.00000000000000      -0.21739485762970412       0.11840000000000001       0.46700000000000003        1.8000000000000000E-003  0.31480000000000002        9.8000000000000004E-002
   151.00000000000000      -0.19826397094502995       0.11760000000000000       0.46420000000000000        1.8000000000000000E-003  0.30599999999999999       0.11040000000000000     
   152.00000000000000      -0.17807076376610770       0.11760000000000000       0.44919999999999999        1.2200000000000001E-002  0.31000000000000000       0.11100000000000000     
   153.00000000000000      -0.15848242000544779       0.11540000000000000       0.44919999999999999        1.2600000000000000E-002  0.30980000000000002       0.11300000000000000     
   154.00000000000000      -0.15103567335405504       0.11380000000000000       0.44919999999999999        1.2000000000000000E-002  0.31100000000000000       0.11400000000000000     
   155.00000000000000      -0.13948566859014966       0.11300000000000000       0.44919999999999999        1.2200000000000001E-002  0.31119999999999998       0.11440000000000000     
   156.00000000000000      -0.12407634338024334       0.11240000000000000       0.44919999999999999        1.2400000000000000E-002  0.31119999999999998       0.11480000000000000     
   157.00000000000000      -0.10514607392248794       0.11200000000000000       0.44919999999999999        1.2400000000000000E-002  0.31140000000000001       0.11500000000000000     
   158.00000000000000       -8.3653751271097615E-002  0.11180000000000000       0.44919999999999999        1.2600000000000000E-002  0.31140000000000001       0.11500000000000000     
   159.00000000000000       -5.9551301934686836E-002  0.11119999999999999       0.44919999999999999        1.1400000000000000E-002  0.31259999999999999       0.11559999999999999     
   160.00000000000000       -3.4306878467838156E-002  0.11060000000000000       0.44919999999999999        1.1400000000000000E-002  0.31240000000000001       0.11640000000000000     
   161.00000000000000       -7.7855390329085936E-003  0.10920000000000001       0.44919999999999999        1.1400000000000000E-002  0.31140000000000001       0.11880000000000000     
   162.00000000000000        1.7372492638646726E-002  0.10920000000000001       0.44919999999999999        1.1200000000000000E-002  0.30719999999999997       0.12320000000000000     
   163.00000000000000        4.2276177668405163E-002  0.10920000000000001       0.44919999999999999        1.0999999999999999E-002  0.30800000000000000       0.12260000000000000     
   164.00000000000000        6.5133949066992214E-002  0.10920000000000001       0.44919999999999999        1.0800000000000001E-002  0.30880000000000002       0.12200000000000000     
   165.00000000000000        8.6389716147935336E-002  0.10920000000000001       0.44919999999999999        1.0800000000000001E-002  0.30980000000000002       0.12100000000000000     
   166.00000000000000       0.10638233378281738       0.10720000000000000       0.44919999999999999        1.0600000000000000E-002  0.30359999999999998       0.12939999999999999     
   167.00000000000000       0.12196372821606223       0.10720000000000000       0.44919999999999999        1.0600000000000000E-002  0.30740000000000001       0.12559999999999999     
   168.00000000000000       0.13516668577091323       0.10639999999999999       0.44919999999999999        1.0600000000000000E-002  0.30780000000000002       0.12600000000000000     
   169.00000000000000       0.14535237638699985       0.10660000000000000       0.44919999999999999        1.0400000000000000E-002  0.30199999999999999       0.13180000000000000     
   170.00000000000000       0.15214092924410694       0.10660000000000000       0.44919999999999999        1.0400000000000000E-002  0.30280000000000001       0.13100000000000001     
   171.00000000000000       0.15574618961904277       0.10660000000000000       0.44919999999999999        1.0400000000000000E-002  0.30280000000000001       0.13100000000000001     
   172.00000000000000       0.15657297303486592       0.10600000000000000       0.44919999999999999        8.9999999999999993E-003  0.30499999999999999       0.13080000000000000     
   173.00000000000000       0.15371782513967294       0.10580000000000001       0.44919999999999999        9.4000000000000004E-003  0.30399999999999999       0.13159999999999999     
   174.00000000000000       0.14776582728693963       0.10580000000000001       0.44919999999999999        9.4000000000000004E-003  0.30420000000000003       0.13139999999999999     
   175.00000000000000       0.12981502922703678       0.39419999999999999       0.16059999999999999        8.8000000000000005E-003  0.30459999999999998       0.13180000000000000     
   176.00000000000000       0.12862362249194742       0.39400000000000002       0.15959999999999999        8.3999999999999995E-003  0.30620000000000003       0.13180000000000000     
   177.00000000000000       0.11819781998258647       0.39400000000000002       0.15659999999999999        8.3999999999999995E-003  0.30919999999999997       0.13180000000000000     
   178.00000000000000       0.10590609845381482       0.39019999999999999       0.15900000000000000        1.0000000000000000E-002  0.30859999999999999       0.13220000000000001     
   179.00000000000000        9.8419865546144625E-002  0.38979999999999998       0.15920000000000001        1.0000000000000000E-002  0.30880000000000002       0.13220000000000001     
   180.00000000000000        9.9803212443648856E-002  0.38279999999999997       0.16539999999999999        1.0000000000000000E-002  0.30959999999999999       0.13220000000000001     
   181.00000000000000        9.9658618265806728E-002  0.37940000000000002       0.16760000000000000        1.1200000000000000E-002  0.30959999999999999       0.13220000000000001     
   182.00000000000000        9.7271213837593212E-002  0.37619999999999998       0.17000000000000001        1.2000000000000000E-002  0.30980000000000002       0.13200000000000001     
   183.00000000000000        9.4736537497660436E-002  0.35659999999999997       0.18940000000000001        1.2200000000000001E-002  0.30980000000000002       0.13200000000000001     
   184.00000000000000        8.9260947458768419E-002  0.35220000000000001       0.19180000000000000        1.2400000000000000E-002  0.31159999999999999       0.13200000000000001     
   185.00000000000000        8.1931692492218530E-002  0.35959999999999998       0.18320000000000000        1.2400000000000000E-002  0.31000000000000000       0.13480000000000000     
   186.00000000000000        7.3561539052941688E-002  0.34420000000000001       0.19520000000000001        1.2999999999999999E-002  0.31480000000000002       0.13280000000000000     
   187.00000000000000        6.2378171843301182E-002  0.35039999999999999       0.18800000000000000        1.2800000000000001E-002  0.31759999999999999       0.13120000000000001     
   188.00000000000000        5.1287437897037352E-002  0.36780000000000002       0.16919999999999999        1.2800000000000001E-002  0.31840000000000002       0.13180000000000000     
   189.00000000000000        4.3077547240794281E-002  0.35840000000000000       0.17820000000000000        1.2000000000000000E-002  0.31960000000000000       0.13180000000000000     
   190.00000000000000        3.1048476535737321E-002  0.39000000000000001       0.14520000000000000        1.1200000000000000E-002  0.32160000000000000       0.13200000000000001     
   191.00000000000000        1.8822386756632802E-002  0.38979999999999998       0.14299999999999999        1.1200000000000000E-002  0.32440000000000002       0.13159999999999999     
   192.00000000000000        9.8881111433999636E-003  0.37340000000000001       0.15939999999999999        1.1200000000000000E-002  0.32700000000000001       0.12900000000000000     
   193.00000000000000        1.3102782947704873E-002  0.37319999999999998       0.15939999999999999        1.1200000000000000E-002  0.32760000000000000       0.12859999999999999     
   194.00000000000000        7.9007885098175690E-003  0.37200000000000000       0.15939999999999999        1.0999999999999999E-002  0.32919999999999999       0.12839999999999999     
   195.00000000000000        2.0424407126495361E-003  0.37040000000000001       0.15939999999999999        1.1200000000000000E-002  0.33100000000000002       0.12800000000000000     
   196.00000000000000       -2.8841356496912135E-003  0.36880000000000002        8.0600000000000005E-002   8.8400000000000006E-002  0.33320000000000000       0.12900000000000000     
   197.00000000000000       -1.2865312676227536E-002  0.36880000000000002        8.0600000000000005E-002   8.8400000000000006E-002  0.33400000000000002       0.12820000000000001     
   198.00000000000000       -1.5109717887663347E-002  0.36880000000000002        8.0600000000000005E-002   8.8400000000000006E-002  0.33379999999999999       0.12839999999999999     
   199.00000000000000       -1.6871959577250406E-002  0.36880000000000002        8.0600000000000005E-002   8.8400000000000006E-002  0.33379999999999999       0.12839999999999999     
   200.00000000000000       -2.0000043524410267E-002  0.36880000000000002        8.0600000000000005E-002   8.8400000000000006E-002  0.33279999999999998       0.12939999999999999     
   201.00000000000000       -2.4074869581347323E-002  0.36880000000000002        7.9200000000000007E-002   8.8400000000000006E-002  0.33279999999999998       0.13080000000000000     
   202.00000000000000       -2.9718958611708521E-002  0.36880000000000002        7.9200000000000007E-002   8.8400000000000006E-002  0.33119999999999999       0.13239999999999999     
   203.00000000000000       -3.6540135915130660E-002  0.36880000000000002        7.8000000000000000E-002   8.8400000000000006E-002  0.33239999999999997       0.13239999999999999     
   204.00000000000000       -4.4307494555716136E-002  0.36880000000000002        7.6399999999999996E-002   8.8400000000000006E-002  0.33379999999999999       0.13260000000000000     
   205.00000000000000       -5.2630716648184632E-002  0.36740000000000000        7.6799999999999993E-002   8.8400000000000006E-002  0.33400000000000002       0.13339999999999999     
   206.00000000000000       -6.0206638240719368E-002  0.36720000000000003        7.6999999999999999E-002   8.8400000000000006E-002  0.33420000000000000       0.13320000000000001     
   207.00000000000000       -4.9917236433199598E-002  0.35799999999999998        0.0000000000000000       0.16480000000000000       0.34360000000000002       0.13360000000000000     
   208.00000000000000       -4.3725350862554371E-002  0.34760000000000002        0.0000000000000000       0.16339999999999999       0.35460000000000003       0.13439999999999999     
   209.00000000000000       -3.2129011414356361E-002  0.34760000000000002        0.0000000000000000       0.16259999999999999       0.35539999999999999       0.13439999999999999     
   210.00000000000000       -1.8014444043477761E-002  0.32119999999999999        2.6200000000000001E-002  0.16259999999999999       0.35560000000000003       0.13439999999999999     
   211.00000000000000       -1.4647043899097781E-002  0.32319999999999999        2.2400000000000000E-002  0.16259999999999999       0.35659999999999997       0.13519999999999999     
   212.00000000000000       -5.6597362983336758E-003  0.32200000000000001        2.3400000000000001E-002  0.15659999999999999       0.36199999999999999       0.13600000000000001     
   213.00000000000000        1.1351737412430202E-002  0.32179999999999997        2.2400000000000000E-002  0.15640000000000001       0.36259999999999998       0.13680000000000000     
   214.00000000000000        2.9380689844253842E-002  0.31859999999999999        2.0799999999999999E-002  0.15800000000000000       0.36540000000000000       0.13719999999999999     
   215.00000000000000        4.6257389988278823E-002  0.31840000000000002        1.9000000000000000E-002  0.15800000000000000       0.36759999999999998       0.13700000000000001     
   216.00000000000000        6.3798392204883425E-002  0.31700000000000000        1.6600000000000000E-002  0.15600000000000000       0.37180000000000002       0.13860000000000000     
