#        BMIN =   404
#        BMAX =   408
#     INIBAND =   406
#      NBANDS =   540
#         NSW =  2000
#       POTIM =   1.0
#        TEMP = 300.0
#    NAMDTINI =   380
#    NAMDTIME =  1000
#       NTRAJ =  5000
#        NELM =  1000
#       LHOLE =     T
#        LSHP =     T
#      LCPTXT =     T
#      RUNDIR = ../../run/
   1.0000000000000000       0.10716699586309195        0.0000000000000000        0.0000000000000000        1.0000000000000000        0.0000000000000000        0.0000000000000000     
   2.0000000000000000        9.6935820562344260E-002   0.0000000000000000        0.0000000000000000        1.0000000000000000        0.0000000000000000        0.0000000000000000     
   3.0000000000000000        7.9948573346949797E-002   0.0000000000000000        0.0000000000000000        1.0000000000000000        0.0000000000000000        0.0000000000000000     
   4.0000000000000000        5.7648357995053037E-002   0.0000000000000000        0.0000000000000000        1.0000000000000000        0.0000000000000000        0.0000000000000000     
   5.0000000000000000        2.9404453176731626E-002   0.0000000000000000        0.0000000000000000        1.0000000000000000        0.0000000000000000        0.0000000000000000     
   6.0000000000000000       -1.9704396197038994E-003   2.0000000000000001E-004   3.5999999999999999E-003  0.99619999999999997        0.0000000000000000        0.0000000000000000     
   7.0000000000000000       -3.3937350635107347E-002   0.0000000000000000        3.5999999999999999E-003  0.99600000000000000        4.0000000000000002E-004   0.0000000000000000     
   8.0000000000000000       -2.9841284613227437E-002   0.0000000000000000        3.5999999999999999E-003  0.99580000000000002        4.0000000000000002E-004   2.0000000000000001E-004
   9.0000000000000000       -2.6609713923213343E-002   0.0000000000000000        3.5999999999999999E-003  0.99580000000000002        4.0000000000000002E-004   2.0000000000000001E-004
   10.000000000000000       -2.3795201263967256E-002   0.0000000000000000        3.5999999999999999E-003  0.99560000000000004        5.9999999999999995E-004   2.0000000000000001E-004
   11.000000000000000       -2.1721560990950045E-002   0.0000000000000000        3.5999999999999999E-003  0.99560000000000004        5.9999999999999995E-004   2.0000000000000001E-004
   12.000000000000000       -2.0267731254251551E-002   0.0000000000000000        3.5999999999999999E-003  0.99560000000000004        5.9999999999999995E-004   2.0000000000000001E-004
   13.000000000000000       -1.9203690560318367E-002   0.0000000000000000        3.5999999999999999E-003  0.99539999999999995        8.0000000000000004E-004   2.0000000000000001E-004
   14.000000000000000       -1.9064041619293464E-002   0.0000000000000000        3.5999999999999999E-003  0.99600000000000000        2.0000000000000001E-004   2.0000000000000001E-004
   15.000000000000000       -1.9759448182992967E-002   0.0000000000000000        3.5999999999999999E-003  0.99539999999999995        8.0000000000000004E-004   2.0000000000000001E-004
   16.000000000000000       -2.1136184685992706E-002   0.0000000000000000        3.5999999999999999E-003  0.99560000000000004        5.9999999999999995E-004   2.0000000000000001E-004
   17.000000000000000       -2.3433068787430025E-002   0.0000000000000000        3.5999999999999999E-003  0.99560000000000004        5.9999999999999995E-004   2.0000000000000001E-004
   18.000000000000000       -2.6507004065575560E-002   0.0000000000000000        3.5999999999999999E-003  0.99419999999999997        2.0000000000000000E-003   2.0000000000000001E-004
   19.000000000000000       -3.0002939981049234E-002   0.0000000000000000        3.5999999999999999E-003  0.98719999999999997        8.9999999999999993E-003   2.0000000000000001E-004
   20.000000000000000       -3.5235481568506428E-002   0.0000000000000000        3.5999999999999999E-003  0.98740000000000006        8.8000000000000005E-003   2.0000000000000001E-004
   21.000000000000000       -4.0165594439768547E-002   0.0000000000000000        3.5999999999999999E-003  0.98740000000000006        8.8000000000000005E-003   2.0000000000000001E-004
   22.000000000000000       -5.3398398027102265E-002   0.0000000000000000       0.41959999999999997       0.57060000000000000        9.5999999999999992E-003   2.0000000000000001E-004
   23.000000000000000       -3.8770664269209963E-002   0.0000000000000000       0.41860000000000003       0.57060000000000000        1.0600000000000000E-002   2.0000000000000001E-004
   24.000000000000000       -1.8110214984772440E-002   0.0000000000000000       0.41720000000000002       0.42199999999999999       0.16020000000000001        5.9999999999999995E-004
   25.000000000000000       -7.2724013426905135E-003   0.0000000000000000       0.40899999999999997       0.43040000000000000       0.16000000000000000        5.9999999999999995E-004
   26.000000000000000       -3.3564834005348743E-003   0.0000000000000000       0.40980000000000000       0.42840000000000000       0.16000000000000000        1.8000000000000000E-003
   27.000000000000000       -1.5148011567044217E-003   0.0000000000000000       0.40720000000000001       0.43059999999999998       0.16000000000000000        2.2000000000000001E-003
   28.000000000000000        2.8946693510643441E-003   0.0000000000000000       0.39720000000000000       0.43800000000000000       0.16000000000000000        4.7999999999999996E-003
   29.000000000000000        4.6757933391011648E-003   0.0000000000000000       0.39720000000000000       0.43800000000000000       0.16000000000000000        4.7999999999999996E-003
   30.000000000000000        6.9510114602393423E-003   0.0000000000000000       0.37980000000000003       0.45519999999999999       0.16000000000000000        5.0000000000000001E-003
   31.000000000000000        8.2882929145953969E-003   0.0000000000000000       0.37940000000000002       0.45500000000000002       0.16000000000000000        5.5999999999999999E-003
   32.000000000000000        6.1465338190688562E-003   0.0000000000000000       0.37900000000000000       0.61480000000000001        0.0000000000000000        6.1999999999999998E-003
   33.000000000000000       -1.8282387714248813E-003   0.0000000000000000       0.37900000000000000       0.61480000000000001        0.0000000000000000        6.1999999999999998E-003
   34.000000000000000       -2.0132804330165888E-002   0.0000000000000000       0.37859999999999999       0.61480000000000001        0.0000000000000000        6.6000000000000000E-003
   35.000000000000000       -4.1282172397936738E-002   0.0000000000000000       0.37840000000000001       0.61480000000000001        0.0000000000000000        6.7999999999999996E-003
   36.000000000000000       -6.4407174835639944E-002   1.0000000000000000E-003  0.42140000000000000       0.56899999999999995        1.6000000000000001E-003   7.0000000000000001E-003
   37.000000000000000       -8.1678782606855016E-002   2.8799999999999999E-002  0.39860000000000001       0.56100000000000005        3.8000000000000000E-003   7.7999999999999996E-003
   38.000000000000000       -7.5309118795953950E-002   2.8799999999999999E-002  0.39860000000000001       0.55520000000000003        8.2000000000000007E-003   9.1999999999999998E-003
   39.000000000000000       -6.3477229554183709E-002   2.7199999999999998E-002  0.39360000000000001       0.56079999999999997        9.1999999999999998E-003   9.1999999999999998E-003
   40.000000000000000       -4.8604614080542480E-002   2.3000000000000000E-002  0.39539999999999997       0.55600000000000005        1.4800000000000001E-002   1.0800000000000001E-002
   41.000000000000000       -3.5427097585867880E-002   2.2800000000000001E-002  0.39439999999999997       0.55459999999999998        1.6199999999999999E-002   1.2000000000000000E-002
   42.000000000000000       -2.2690402884077823E-002   2.1999999999999999E-002  0.39439999999999997       0.55520000000000003        1.6199999999999999E-002   1.2200000000000001E-002
   43.000000000000000       -1.0765695530185646E-002   2.0000000000000000E-002  0.38860000000000000       0.56220000000000003        1.6400000000000001E-002   1.2800000000000001E-002
   44.000000000000000        2.2839167652583771E-003   1.9199999999999998E-002  0.38860000000000000       0.55720000000000003        1.8800000000000001E-002   1.6199999999999999E-002
   45.000000000000000        1.3504197898902229E-002   1.9199999999999998E-002  0.38860000000000000       0.55720000000000003        1.8800000000000001E-002   1.6199999999999999E-002
   46.000000000000000        2.5933128854305230E-002   1.9000000000000000E-002  0.38740000000000002       0.55800000000000005        1.9000000000000000E-002   1.6600000000000000E-002
   47.000000000000000        4.0592983946135856E-002   1.8400000000000000E-002  0.37819999999999998       0.56779999999999997        1.9000000000000000E-002   1.6600000000000000E-002
   48.000000000000000        5.3945773793290047E-002   1.8400000000000000E-002  0.37519999999999998       0.56999999999999995        1.9400000000000001E-002   1.7000000000000001E-002
   49.000000000000000        6.7198785560234661E-002   1.8400000000000000E-002  0.36680000000000001       0.57760000000000000        2.0199999999999999E-002   1.7000000000000001E-002
   50.000000000000000        7.9810240743875702E-002   1.7600000000000001E-002  0.35420000000000001       0.58940000000000003        2.1600000000000001E-002   1.7200000000000000E-002
   51.000000000000000        8.9344808827196531E-002   1.7399999999999999E-002  0.34839999999999999       0.59499999999999997        2.1600000000000001E-002   1.7600000000000001E-002
   52.000000000000000        9.7149800760937197E-002   1.7399999999999999E-002  0.34060000000000001       0.60099999999999998        2.3000000000000000E-002   1.7999999999999999E-002
   53.000000000000000       0.10231712268392337        1.7399999999999999E-002  0.34079999999999999       0.60060000000000002        2.3000000000000000E-002   1.8200000000000001E-002
   54.000000000000000       0.10689614285978274        1.7399999999999999E-002  0.33660000000000001       0.59899999999999998        2.8600000000000000E-002   1.8400000000000000E-002
   55.000000000000000       0.10984759530515401        1.7399999999999999E-002  0.33260000000000001       0.59699999999999998        3.3799999999999997E-002   1.9199999999999998E-002
   56.000000000000000       0.10835648570621924        0.0000000000000000       0.34999999999999998       0.59519999999999995        3.5600000000000000E-002   1.9199999999999998E-002
   57.000000000000000       0.12098700810225026        0.0000000000000000       0.34999999999999998       0.59440000000000004        3.5600000000000000E-002   2.0000000000000000E-002
   58.000000000000000       0.13221743405467884        0.0000000000000000       0.34999999999999998       0.59379999999999999        3.5999999999999997E-002   2.0199999999999999E-002
   59.000000000000000       0.14079350276173769        0.0000000000000000       0.34980000000000000       0.59319999999999995        3.6600000000000001E-002   2.0400000000000001E-002
   60.000000000000000       0.14585277130875129        0.0000000000000000       0.34980000000000000       0.59160000000000001        3.8199999999999998E-002   2.0400000000000001E-002
   61.000000000000000       0.14650615357891833        0.0000000000000000       0.50719999999999998       0.43340000000000001        3.8199999999999998E-002   2.1200000000000000E-002
   62.000000000000000       0.14702210385920508        0.0000000000000000       0.50700000000000001       0.43319999999999997        3.8600000000000002E-002   2.1200000000000000E-002
   63.000000000000000       0.14270192504653798        0.0000000000000000       0.50700000000000001       0.43319999999999997        3.8600000000000002E-002   2.1200000000000000E-002
   64.000000000000000       0.13455496326004132        0.0000000000000000       0.50700000000000001       0.43319999999999997        3.8600000000000002E-002   2.1200000000000000E-002
   65.000000000000000       0.12280839373157022        0.0000000000000000       0.59199999999999997       0.34260000000000002        4.3200000000000002E-002   2.2200000000000001E-002
   66.000000000000000       0.10549096209024403        0.0000000000000000       0.59199999999999997       0.33760000000000001        4.8200000000000000E-002   2.2200000000000001E-002
   67.000000000000000        8.3934825467670948E-002   0.0000000000000000       0.59199999999999997       0.31740000000000002        6.7000000000000004E-002   2.3599999999999999E-002
   68.000000000000000        5.7103807353140572E-002   0.0000000000000000       0.59199999999999997       0.31759999999999999        6.6600000000000006E-002   2.3800000000000002E-002
   69.000000000000000        2.5768554294081911E-002   0.0000000000000000       0.59199999999999997       0.31080000000000002        7.1599999999999997E-002   2.5600000000000001E-002
   70.000000000000000       -8.2237804913411656E-003   0.0000000000000000       0.59199999999999997       0.31140000000000001        7.0800000000000002E-002   2.5800000000000000E-002
   71.000000000000000       -4.4699483051744628E-002   0.0000000000000000       0.58940000000000003       0.30620000000000003        7.8000000000000000E-002   2.6400000000000000E-002
   72.000000000000000       -6.2805826352872504E-002   0.0000000000000000       0.58199999999999996       0.30499999999999999        8.6199999999999999E-002   2.6800000000000001E-002
   73.000000000000000       -6.3416533631775671E-002   0.0000000000000000       0.58160000000000001       0.30499999999999999        8.5400000000000004E-002   2.8000000000000001E-002
   74.000000000000000       -6.4690062853851787E-002   0.0000000000000000       0.58020000000000005       0.30440000000000000        8.7400000000000005E-002   2.8000000000000001E-002
   75.000000000000000       -6.4842650284268194E-002   0.0000000000000000       0.54600000000000004       0.33860000000000001        8.7400000000000005E-002   2.8000000000000001E-002
   76.000000000000000       -6.4700899475836071E-002   0.0000000000000000       0.45360000000000000       0.42859999999999998        8.9800000000000005E-002   2.8000000000000001E-002
   77.000000000000000       -6.9216832046525553E-002   0.0000000000000000       0.39140000000000003       0.49080000000000001        8.9800000000000005E-002   2.8000000000000001E-002
   78.000000000000000       -7.4965418533474021E-002   0.0000000000000000       0.40539999999999998       0.47639999999999999        9.0200000000000002E-002   2.8000000000000001E-002
   79.000000000000000       -7.8717531974925814E-002   0.0000000000000000       0.40799999999999997       0.47080000000000000        9.1399999999999995E-002   2.9800000000000000E-002
   80.000000000000000       -8.1530509105201834E-002   0.0000000000000000       0.40739999999999998       0.46939999999999998        9.3399999999999997E-002   2.9800000000000000E-002
   81.000000000000000       -8.2705943168559198E-002   0.0000000000000000       0.40520000000000000       0.47020000000000001        9.3799999999999994E-002   3.0800000000000001E-002
   82.000000000000000       -8.2453816293400942E-002   2.0000000000000001E-004  0.40439999999999998       0.46980000000000000        9.2200000000000004E-002   3.3399999999999999E-002
   83.000000000000000       -8.0495136391314587E-002   0.0000000000000000       0.40460000000000002       0.46980000000000000        9.0800000000000006E-002   3.4799999999999998E-002
   84.000000000000000       -7.5045764066900209E-002   0.0000000000000000       0.40200000000000002       0.47080000000000000        9.2399999999999996E-002   3.4799999999999998E-002
   85.000000000000000       -6.3279025550043555E-002   5.0000000000000001E-003  0.39400000000000002       0.47080000000000000        9.4600000000000004E-002   3.5600000000000000E-002
   86.000000000000000       -4.7397378622998504E-002   6.4000000000000003E-003  0.39100000000000001       0.47239999999999999        9.4200000000000006E-002   3.5999999999999997E-002
   87.000000000000000       -2.8205065511627839E-002   6.0000000000000001E-003  0.39119999999999999       0.47239999999999999        9.4200000000000006E-002   3.6200000000000003E-002
   88.000000000000000       -6.8668523504074631E-003   4.7999999999999996E-003  0.38660000000000000       0.47239999999999999        9.9800000000000000E-002   3.6400000000000002E-002
   89.000000000000000        1.2158082883179129E-002   3.2000000000000002E-003  0.38679999999999998       0.47380000000000000        9.9599999999999994E-002   3.6600000000000001E-002
   90.000000000000000        3.2798665359945092E-002   3.0000000000000001E-003  0.38000000000000000       0.47660000000000002       0.10340000000000001        3.6999999999999998E-002
   91.000000000000000        5.6610452144075382E-002   2.5999999999999999E-003  0.33019999999999999       0.51939999999999997       0.11000000000000000        3.7800000000000000E-002
   92.000000000000000        7.6226121013863307E-002   2.5999999999999999E-003  0.32540000000000002       0.51819999999999999       0.11420000000000000        3.9600000000000003E-002
   93.000000000000000        9.4417232648751070E-002   2.5999999999999999E-003  0.31619999999999998       0.52120000000000000       0.12000000000000000        4.0000000000000001E-002
   94.000000000000000       0.10932769935542146        3.3000000000000002E-002  0.28560000000000002       0.51419999999999999       0.12720000000000001        4.0000000000000001E-002
   95.000000000000000       0.12907757971955355        3.2599999999999997E-002  0.28560000000000002       0.51419999999999999       0.12740000000000001        4.0200000000000000E-002
   96.000000000000000       0.14594446185185950        3.2599999999999997E-002  0.28560000000000002       0.51400000000000001       0.12740000000000001        4.0399999999999998E-002
   97.000000000000000       0.15832046861966020        3.2199999999999999E-002  0.28560000000000002       0.51119999999999999       0.12920000000000001        4.1799999999999997E-002
   98.000000000000000       0.16538794385260014        3.2199999999999999E-002  0.28560000000000002       0.51119999999999999       0.13020000000000001        4.0800000000000003E-002
   99.000000000000000       0.17001459492917559        3.2199999999999999E-002  0.28560000000000002       0.50760000000000005       0.12939999999999999        4.5199999999999997E-002
   100.00000000000000       0.16823127016850242        3.2199999999999999E-002  0.28560000000000002       0.50380000000000003       0.13180000000000000        4.6600000000000003E-002
   101.00000000000000       0.16268212052547346        3.1399999999999997E-002  0.28560000000000002       0.49840000000000001       0.13220000000000001        5.2400000000000002E-002
   102.00000000000000       0.15121062482034076        3.1000000000000000E-002  0.28560000000000002       0.49840000000000001       0.13220000000000001        5.2800000000000000E-002
   103.00000000000000       0.13570730223641739        2.9800000000000000E-002  0.28560000000000002       0.49959999999999999       0.12600000000000000        5.8999999999999997E-002
   104.00000000000000       0.11648277976981626        2.9800000000000000E-002  0.28560000000000002       0.49959999999999999       0.12540000000000001        5.9600000000000000E-002
   105.00000000000000        9.4567388898789087E-002   2.9399999999999999E-002  0.28560000000000002       0.49959999999999999       0.12600000000000000        5.9400000000000001E-002
   106.00000000000000        7.1340812292459560E-002   2.9000000000000001E-002  0.28560000000000002       0.49600000000000000       0.12780000000000000        6.1600000000000002E-002
   107.00000000000000        4.5883263903684017E-002   2.8799999999999999E-002  0.28560000000000002       0.49220000000000003       0.13000000000000000        6.3399999999999998E-002
   108.00000000000000        2.3067512551194019E-002   6.5000000000000002E-002  0.24260000000000001       0.49619999999999997       0.13239999999999999        6.3799999999999996E-002
   109.00000000000000        3.1415369739841992E-003   6.5000000000000002E-002  0.24279999999999999       0.49159999999999998       0.13680000000000000        6.3799999999999996E-002
   110.00000000000000       -1.3484272070794560E-002   6.5000000000000002E-002  0.24020000000000000       0.49419999999999997       0.13660000000000000        6.4000000000000001E-002
   111.00000000000000       -2.5553600176449129E-002   6.5000000000000002E-002  0.20560000000000000       0.52880000000000005       0.13660000000000000        6.4000000000000001E-002
   112.00000000000000       -3.6803213916756616E-002   6.5000000000000002E-002  0.20039999999999999       0.53359999999999996       0.13660000000000000        6.4399999999999999E-002
   113.00000000000000       -4.5537260351332216E-002   6.5000000000000002E-002  0.19680000000000000       0.53700000000000003       0.13660000000000000        6.4600000000000005E-002
   114.00000000000000       -5.0468667269644982E-002   6.5000000000000002E-002  0.20360000000000000       0.52800000000000002       0.13840000000000000        6.5000000000000002E-002
   115.00000000000000       -5.1043803807569829E-002   6.5000000000000002E-002  0.20760000000000001       0.52239999999999998       0.13819999999999999        6.6799999999999998E-002
   116.00000000000000       -4.9068699893535309E-002   6.5000000000000002E-002  0.20860000000000001       0.52000000000000002       0.13919999999999999        6.7199999999999996E-002
   117.00000000000000       -4.3901163542128044E-002   6.5000000000000002E-002  0.20860000000000001       0.51839999999999997       0.14019999999999999        6.7799999999999999E-002
   118.00000000000000       -3.6615026474766964E-002   6.5000000000000002E-002  0.20860000000000001       0.51819999999999999       0.14019999999999999        6.8000000000000005E-002
   119.00000000000000       -2.6960837988533038E-002   6.5000000000000002E-002  0.20899999999999999       0.51400000000000001       0.14399999999999999        6.8000000000000005E-002
   120.00000000000000       -1.3725755289337851E-002   6.4000000000000001E-002  0.20760000000000001       0.51119999999999999       0.14319999999999999        7.3999999999999996E-002
   121.00000000000000        2.3120524583019435E-003   6.4199999999999993E-002  0.20760000000000001       0.50560000000000005       0.14740000000000000        7.5200000000000003E-002
   122.00000000000000        2.1438298920086557E-002   6.4000000000000001E-002  0.20760000000000001       0.49800000000000000       0.15420000000000000        7.6200000000000004E-002
   123.00000000000000        4.0558884244651136E-002   5.9400000000000001E-002  0.20760000000000001       0.50260000000000005       0.14899999999999999        8.1400000000000000E-002
   124.00000000000000        6.0026228791670230E-002   5.1799999999999999E-002  0.20760000000000001       0.50980000000000003       0.14799999999999999        8.2799999999999999E-002
   125.00000000000000        7.9384484502726380E-002   4.6199999999999998E-002  0.20760000000000001       0.51539999999999997       0.14799999999999999        8.2799999999999999E-002
   126.00000000000000        9.7796427955244902E-002   4.6199999999999998E-002  0.20760000000000001       0.51539999999999997       0.14699999999999999        8.3799999999999999E-002
   127.00000000000000       0.11746818306529680        4.4999999999999998E-002  0.20760000000000001       0.51359999999999995       0.14820000000000000        8.5599999999999996E-002
   128.00000000000000       0.13638305828291086        4.0399999999999998E-002  0.20780000000000001       0.51339999999999997       0.14960000000000001        8.8800000000000004E-002
   129.00000000000000       0.15391160063112702        3.4200000000000001E-002  0.20780000000000001       0.51639999999999997       0.14499999999999999        9.6600000000000005E-002
   130.00000000000000       0.16952870898574759        3.3000000000000002E-002  0.20780000000000001       0.51419999999999999       0.14499999999999999       0.10000000000000001     
   131.00000000000000       0.18398247108180085        3.2000000000000001E-002  0.20780000000000001       0.51339999999999997       0.14440000000000000       0.10240000000000000     
   132.00000000000000       0.19476932018791968        3.2000000000000001E-002  0.20780000000000001       0.51339999999999997       0.13260000000000000       0.11420000000000000     
   133.00000000000000       0.20362734203535876        3.2000000000000001E-002  0.20780000000000001       0.51139999999999997       0.13220000000000001       0.11660000000000000     
   134.00000000000000       0.21112790532456244        2.9999999999999999E-002  0.20780000000000001       0.50800000000000001       0.13460000000000000       0.11960000000000000     
   135.00000000000000       0.21591046781848783        0.0000000000000000       0.23740000000000000       0.50760000000000005       0.13539999999999999       0.11960000000000000     
   136.00000000000000       0.22106148588395258        0.0000000000000000       0.23599999999999999       0.50719999999999998       0.13700000000000001       0.11980000000000000     
   137.00000000000000       0.23359292010819849        2.0000000000000001E-004  0.23440000000000000       0.50580000000000003       0.13700000000000001       0.12260000000000000     
   138.00000000000000       0.24609307903317421        2.0000000000000001E-004  0.22660000000000000       0.50739999999999996       0.14260000000000000       0.12320000000000000     
   139.00000000000000       0.25628882229845446        2.0000000000000001E-004  0.22639999999999999       0.50619999999999998       0.14260000000000000       0.12460000000000000     
   140.00000000000000       0.26461729735688083        2.0000000000000001E-004  0.22520000000000001       0.50700000000000001       0.14280000000000001       0.12479999999999999     
   141.00000000000000       0.27336458200784508        4.0000000000000002E-004  0.20499999999999999       0.52539999999999998       0.14340000000000000       0.12580000000000000     
   142.00000000000000       0.28070546748223835        2.0000000000000001E-004  0.21120000000000000       0.51500000000000001       0.14580000000000001       0.12780000000000000     
   143.00000000000000       0.29028346983988679        2.0000000000000001E-004  0.20740000000000000       0.51380000000000003       0.14560000000000001       0.13300000000000001     
   144.00000000000000       0.29757354526149216        2.0000000000000001E-004  0.20960000000000001       0.50839999999999996       0.14560000000000001       0.13619999999999999     
   145.00000000000000       0.30299089308472754        0.0000000000000000       0.20960000000000001       0.50700000000000001       0.14660000000000001       0.13680000000000000     
   146.00000000000000       0.30684611948033208        1.1999999999999999E-003  0.20840000000000000       0.50480000000000003       0.14680000000000001       0.13880000000000001     
   147.00000000000000       0.30839872070595059        6.7999999999999996E-003  0.20160000000000000       0.50260000000000005       0.14760000000000001       0.14140000000000000     
   148.00000000000000       0.30792907442939726        8.8000000000000005E-003  0.19780000000000000       0.50200000000000000       0.14879999999999999       0.14260000000000000     
   149.00000000000000       0.30509526806516085        4.5999999999999999E-003  0.20080000000000001       0.50200000000000000       0.14999999999999999       0.14260000000000000     
   150.00000000000000       0.30078998188052175        4.4000000000000003E-003  0.19819999999999999       0.50300000000000000       0.15140000000000001       0.14299999999999999     
   151.00000000000000       0.29178915855221088        4.4000000000000003E-003  0.19500000000000001       0.50460000000000005       0.15279999999999999       0.14319999999999999     
   152.00000000000000       0.28144317942174624        4.4000000000000003E-003  0.19480000000000000       0.50100000000000000       0.15640000000000001       0.14340000000000000     
   153.00000000000000       0.26854067725675068        4.4000000000000003E-003  0.19460000000000000       0.50100000000000000       0.15659999999999999       0.14340000000000000     
   154.00000000000000       0.25444509159262163        4.4000000000000003E-003  0.19420000000000001       0.50119999999999998       0.15679999999999999       0.14340000000000000     
   155.00000000000000       0.23976635847867012        0.0000000000000000       0.19620000000000001       0.50200000000000000       0.15759999999999999       0.14419999999999999     
   156.00000000000000       0.23527815885539255        0.0000000000000000       0.19620000000000001       0.49159999999999998       0.16400000000000001       0.14820000000000000     
   157.00000000000000       0.22897750453093157        0.0000000000000000       0.19620000000000001       0.48640000000000000       0.16860000000000000       0.14879999999999999     
   158.00000000000000       0.23011795622696507        0.0000000000000000        0.0000000000000000       0.68240000000000001       0.16819999999999999       0.14940000000000001     
   159.00000000000000       0.21463578651645909        0.0000000000000000        0.0000000000000000       0.68240000000000001       0.16560000000000000       0.15200000000000000     
   160.00000000000000       0.22704240922325172        0.0000000000000000        0.0000000000000000       0.68240000000000001       0.16280000000000000       0.15479999999999999     
   161.00000000000000       0.23439102546256663        0.0000000000000000        0.0000000000000000       0.68240000000000001       0.16280000000000000       0.15479999999999999     
   162.00000000000000       0.23651092815502206        0.0000000000000000        0.0000000000000000       0.68240000000000001       0.16280000000000000       0.15479999999999999     
   163.00000000000000       0.23330170488384219        0.0000000000000000        0.0000000000000000       0.68240000000000001       0.16280000000000000       0.15479999999999999     
   164.00000000000000       0.22401301382538291        0.0000000000000000        0.0000000000000000       0.68240000000000001       0.15820000000000001       0.15939999999999999     
   165.00000000000000       0.20880853559655188        0.0000000000000000        0.0000000000000000       0.68240000000000001       0.16059999999999999       0.15700000000000000     
   166.00000000000000       0.18828286799830141        0.0000000000000000        0.0000000000000000       0.68240000000000001       0.16259999999999999       0.15500000000000000     
   167.00000000000000       0.16391997771947214        0.0000000000000000        0.0000000000000000       0.68240000000000001       0.16080000000000000       0.15679999999999999     
   168.00000000000000       0.13496216419687995        0.0000000000000000        0.0000000000000000       0.68240000000000001       0.16020000000000001       0.15740000000000001     
   169.00000000000000       0.10146501306450273        0.0000000000000000        0.0000000000000000       0.68240000000000001       0.15939999999999999       0.15820000000000001     
   170.00000000000000        6.6317450232035988E-002   0.0000000000000000        0.0000000000000000       0.68240000000000001       0.15840000000000001       0.15920000000000001     
   171.00000000000000        2.9093551164446528E-002   0.0000000000000000        0.0000000000000000       0.68240000000000001       0.15840000000000001       0.15920000000000001     
   172.00000000000000       -1.6665874277780886E-002   0.0000000000000000       0.68240000000000001        0.0000000000000000       0.15840000000000001       0.15920000000000001     
   173.00000000000000       -4.4310043625266415E-002   1.5200000000000000E-002  0.63219999999999998        3.5000000000000003E-002  0.15840000000000001       0.15920000000000001     
   174.00000000000000       -4.4264124251097763E-002   1.5200000000000000E-002  0.61499999999999999        5.1999999999999998E-002  0.15840000000000001       0.15939999999999999     
   175.00000000000000       -4.5203391383656942E-002   1.4999999999999999E-002  0.62480000000000002        4.1200000000000001E-002  0.15959999999999999       0.15939999999999999     
   176.00000000000000       -4.8266256345593360E-002   1.1800000000000000E-002  0.62260000000000004        4.4200000000000003E-002  0.15900000000000000       0.16239999999999999     
   177.00000000000000       -4.9409187074799507E-002   1.1800000000000000E-002  0.61040000000000005        5.2200000000000003E-002  0.15939999999999999       0.16619999999999999     
   178.00000000000000       -5.0819943761869567E-002   1.1200000000000000E-002  0.60319999999999996        5.9400000000000001E-002  0.15939999999999999       0.16680000000000000     
   179.00000000000000       -5.6173691084038677E-002   1.0999999999999999E-002  0.60319999999999996        5.7200000000000001E-002  0.16159999999999999       0.16700000000000001     
   180.00000000000000       -5.3017923399789856E-002   1.0999999999999999E-002  0.60319999999999996        5.6800000000000003E-002  0.16159999999999999       0.16739999999999999     
   181.00000000000000       -5.0195588908638490E-002   1.0999999999999999E-002  0.60199999999999998        5.4600000000000003E-002  0.16360000000000000       0.16880000000000001     
   182.00000000000000       -5.0302195169432753E-002   1.0400000000000000E-002  0.59760000000000002        5.7599999999999998E-002  0.16539999999999999       0.16900000000000001     
   183.00000000000000       -5.0437177269069516E-002   1.0200000000000001E-002  0.59760000000000002        5.5800000000000002E-002  0.16700000000000001       0.16940000000000000     
   184.00000000000000       -5.0072974140460760E-002   1.0000000000000000E-002  0.59780000000000000        5.5800000000000002E-002  0.16700000000000001       0.16940000000000000     
   185.00000000000000       -4.7853539303303050E-002   8.0000000000000002E-003  0.59619999999999995        5.5599999999999997E-002  0.16739999999999999       0.17280000000000001     
   186.00000000000000       -4.7710872307285754E-002   6.7999999999999996E-003  0.59660000000000002        5.4199999999999998E-002  0.16919999999999999       0.17319999999999999     
   187.00000000000000       -4.6756953117038029E-002   5.4000000000000003E-003  0.59379999999999999        5.6599999999999998E-002  0.17000000000000001       0.17419999999999999     
   188.00000000000000       -4.6966916060611305E-002   1.6600000000000000E-002  0.58220000000000005        5.5399999999999998E-002  0.17000000000000001       0.17580000000000001     
   189.00000000000000       -2.4509839359416530E-002   1.6600000000000000E-002  0.58220000000000005        5.4399999999999997E-002  0.17000000000000001       0.17680000000000001     
   190.00000000000000        2.5333369736586717E-003   1.6600000000000000E-002  0.58220000000000005        5.4399999999999997E-002  0.17000000000000001       0.17680000000000001     
   191.00000000000000        2.8643960333409931E-002   1.6600000000000000E-002  0.58220000000000005        5.4399999999999997E-002  0.17000000000000001       0.17680000000000001     
   192.00000000000000        5.1872843511373057E-002   1.6600000000000000E-002  0.63560000000000005        0.0000000000000000       0.17019999999999999       0.17760000000000001     
   193.00000000000000        6.3228645231917624E-002   1.6600000000000000E-002  0.63439999999999996        0.0000000000000000       0.16880000000000001       0.18020000000000000     
   194.00000000000000        5.7853527544837316E-002   1.6600000000000000E-002  0.63380000000000003        0.0000000000000000       0.16739999999999999       0.18220000000000000     
   195.00000000000000        5.1244581904669698E-002   1.6600000000000000E-002  0.63380000000000003        0.0000000000000000       0.16700000000000001       0.18260000000000001     
   196.00000000000000        4.5062566125358090E-002   1.6600000000000000E-002  0.63380000000000003        0.0000000000000000       0.16700000000000001       0.18260000000000001     
   197.00000000000000        3.8466678748204156E-002   1.6600000000000000E-002  0.63280000000000003        0.0000000000000000       0.16819999999999999       0.18240000000000001     
   198.00000000000000        3.1002143646825287E-002  0.16980000000000001       0.47420000000000001        0.0000000000000000       0.17340000000000000       0.18260000000000001     
   199.00000000000000        2.9426480507627778E-002  0.17060000000000000       0.47320000000000001        0.0000000000000000       0.17319999999999999       0.18300000000000000     
   200.00000000000000        2.9763968172947429E-002  0.17060000000000000       0.47320000000000001        0.0000000000000000       0.17319999999999999       0.18300000000000000     
   201.00000000000000        2.7049112440366618E-002  0.16980000000000001       0.47399999999999998        0.0000000000000000       0.17019999999999999       0.18600000000000000     
   202.00000000000000        2.0389364400583292E-002  0.16980000000000001       0.47399999999999998        0.0000000000000000       0.17060000000000000       0.18559999999999999     
   203.00000000000000        7.5912833409873398E-003  0.42799999999999999       0.21540000000000001        4.0000000000000002E-004  0.17060000000000000       0.18559999999999999     
   204.00000000000000        5.1524170663794222E-004  0.42380000000000001       0.21900000000000000        4.0000000000000002E-004  0.17119999999999999       0.18559999999999999     
   205.00000000000000       -1.0185928249982004E-003  0.51380000000000003       0.12080000000000000        4.0000000000000002E-004  0.17620000000000000       0.18880000000000000     
   206.00000000000000        2.4340412226658004E-003  0.51319999999999999        9.2200000000000004E-002   2.8799999999999999E-002  0.17620000000000000       0.18959999999999999     
   207.00000000000000        2.7150557755176163E-003  0.45460000000000000       0.15060000000000001        2.8000000000000001E-002  0.17720000000000000       0.18959999999999999     
   208.00000000000000       -6.9573767841261611E-003  0.45460000000000000       0.15079999999999999        2.7799999999999998E-002  0.17560000000000001       0.19120000000000001     
   209.00000000000000       -1.9100349493170868E-002  0.44479999999999997       0.14180000000000001        4.6199999999999998E-002  0.17580000000000001       0.19139999999999999     
   210.00000000000000       -1.2066094154444873E-002  0.38119999999999998       0.20340000000000000        4.7600000000000003E-002  0.17640000000000000       0.19139999999999999     
   211.00000000000000       -1.3882857977358387E-003  0.38140000000000002       0.19539999999999999        5.5199999999999999E-002  0.17660000000000001       0.19139999999999999     
   212.00000000000000        1.1453334570550588E-002  0.36520000000000002       0.20860000000000001        5.5000000000000000E-002  0.17960000000000001       0.19159999999999999     
   213.00000000000000        2.7630430498871206E-002  0.35959999999999998       0.20840000000000000        5.6800000000000003E-002  0.18340000000000001       0.19180000000000000     
   214.00000000000000        4.8062925191291586E-002  0.35099999999999998       0.21120000000000000        5.4600000000000003E-002  0.19000000000000000       0.19320000000000001     
   215.00000000000000        6.7406265411020475E-002  0.34980000000000000       0.21199999999999999        5.4199999999999998E-002  0.19080000000000000       0.19320000000000001     
   216.00000000000000        8.7054369286063693E-002  0.34960000000000002       0.21060000000000001        5.1799999999999999E-002  0.19339999999999999       0.19460000000000000     
