#        BMIN =   404
#        BMAX =   408
#     INIBAND =   406
#      NBANDS =   540
#         NSW =  2000
#       POTIM =   1.0
#        TEMP = 300.0
#    NAMDTINI =   367
#    NAMDTIME =  1000
#       NTRAJ =  5000
#        NELM =  1000
#       LHOLE =     T
#        LSHP =     T
#      LCPTXT =     T
#      RUNDIR = ../../run/
   1.0000000000000000        5.5141890742631532E-002   0.0000000000000000        0.0000000000000000        1.0000000000000000        0.0000000000000000        0.0000000000000000     
   2.0000000000000000        4.5881001910137255E-002   0.0000000000000000        2.0799999999999999E-002  0.97919999999999996        0.0000000000000000        0.0000000000000000     
   3.0000000000000000        4.1772786912116444E-002   0.0000000000000000        1.1200000000000000E-002  0.98860000000000003        2.0000000000000001E-004   0.0000000000000000     
   4.0000000000000000        4.5214078203716188E-002   0.0000000000000000        1.6799999999999999E-002  0.98299999999999998        2.0000000000000001E-004   0.0000000000000000     
   5.0000000000000000        5.1640016524566158E-002   0.0000000000000000        1.7200000000000000E-002  0.98260000000000003        2.0000000000000001E-004   0.0000000000000000     
   6.0000000000000000        5.7751297657111934E-002   4.0000000000000002E-004   1.6000000000000000E-002  0.98340000000000005        2.0000000000000001E-004   0.0000000000000000     
   7.0000000000000000        6.2850997440929993E-002   4.0000000000000002E-004   1.6000000000000000E-002  0.98319999999999996        2.0000000000000001E-004   2.0000000000000001E-004
   8.0000000000000000        6.6665988485387781E-002   4.0000000000000002E-004   1.6000000000000000E-002  0.98319999999999996        2.0000000000000001E-004   2.0000000000000001E-004
   9.0000000000000000        6.8288465526164244E-002   4.0000000000000002E-004   2.3400000000000001E-002  0.97580000000000000        2.0000000000000001E-004   2.0000000000000001E-004
   10.000000000000000        7.5826107507817597E-002   4.0000000000000002E-004   2.3400000000000001E-002  0.97580000000000000        2.0000000000000001E-004   2.0000000000000001E-004
   11.000000000000000        9.4035557920052942E-002   4.0000000000000002E-004   2.3400000000000001E-002  0.97580000000000000        2.0000000000000001E-004   2.0000000000000001E-004
   12.000000000000000       0.10525319435168268        4.0000000000000002E-004   2.3400000000000001E-002  0.97580000000000000        2.0000000000000001E-004   2.0000000000000001E-004
   13.000000000000000       0.10895845697108217        4.0000000000000002E-004   2.3400000000000001E-002  0.97580000000000000        2.0000000000000001E-004   2.0000000000000001E-004
   14.000000000000000       0.10556279445076548        4.0000000000000002E-004   2.3199999999999998E-002  0.97580000000000000        4.0000000000000002E-004   2.0000000000000001E-004
   15.000000000000000        9.5325722547897077E-002   4.0000000000000002E-004   2.3000000000000000E-002  0.97580000000000000        2.0000000000000001E-004   5.9999999999999995E-004
   16.000000000000000        7.8361439668809124E-002   4.0000000000000002E-004   2.3000000000000000E-002  0.97580000000000000        2.0000000000000001E-004   5.9999999999999995E-004
   17.000000000000000        5.6163708056607059E-002   4.0000000000000002E-004   2.3000000000000000E-002  0.97580000000000000        2.0000000000000001E-004   5.9999999999999995E-004
   18.000000000000000        2.8159242179069330E-002   4.0000000000000002E-004   2.3000000000000000E-002  0.97580000000000000        2.0000000000000001E-004   5.9999999999999995E-004
   19.000000000000000       -2.3287330357503579E-003   0.0000000000000000        2.2599999999999999E-002  0.97640000000000005        2.0000000000000001E-004   8.0000000000000004E-004
   20.000000000000000       -3.3536583395716420E-002   4.0000000000000002E-004   2.2599999999999999E-002  0.97519999999999996        1.0000000000000000E-003   8.0000000000000004E-004
   21.000000000000000       -3.0278381193210628E-002   4.0000000000000002E-004   2.2599999999999999E-002  0.97519999999999996        1.0000000000000000E-003   8.0000000000000004E-004
   22.000000000000000       -2.7776596089326370E-002   4.0000000000000002E-004   2.2599999999999999E-002  0.97519999999999996        1.0000000000000000E-003   8.0000000000000004E-004
   23.000000000000000       -2.5415831761665189E-002   4.0000000000000002E-004   2.2599999999999999E-002  0.97440000000000004        1.1999999999999999E-003   1.4000000000000000E-003
   24.000000000000000       -2.3939698410705059E-002   4.0000000000000002E-004   2.2599999999999999E-002  0.97440000000000004        1.1999999999999999E-003   1.4000000000000000E-003
   25.000000000000000       -2.2921125561700086E-002   4.0000000000000002E-004   2.2599999999999999E-002  0.97399999999999998        1.6000000000000001E-003   1.4000000000000000E-003
   26.000000000000000       -2.2245102205828787E-002   4.0000000000000002E-004   2.2599999999999999E-002  0.97399999999999998        1.6000000000000001E-003   1.4000000000000000E-003
   27.000000000000000       -2.2133133676675725E-002   4.0000000000000002E-004   2.2599999999999999E-002  0.97319999999999995        2.2000000000000001E-003   1.6000000000000001E-003
   28.000000000000000       -2.2858316337369351E-002   4.0000000000000002E-004   2.2599999999999999E-002  0.97199999999999998        3.3999999999999998E-003   1.6000000000000001E-003
   29.000000000000000       -2.4061100841534164E-002   4.0000000000000002E-004   2.2599999999999999E-002  0.97180000000000000        3.3999999999999998E-003   1.8000000000000000E-003
   30.000000000000000       -2.6002678293091976E-002   4.0000000000000002E-004   2.2599999999999999E-002  0.97099999999999997        4.0000000000000001E-003   2.0000000000000000E-003
   31.000000000000000       -2.8306180086101876E-002   4.0000000000000002E-004   2.2599999999999999E-002  0.96379999999999999        1.1200000000000000E-002   2.0000000000000000E-003
   32.000000000000000       -3.0872774610580057E-002   2.0000000000000001E-004   2.2599999999999999E-002  0.95160000000000000        2.3599999999999999E-002   2.0000000000000000E-003
   33.000000000000000       -3.5522728075810341E-002   2.0000000000000001E-004   2.2599999999999999E-002  0.95260000000000000        2.2599999999999999E-002   2.0000000000000000E-003
   34.000000000000000       -3.9704441659803136E-002   2.0000000000000001E-004   2.2599999999999999E-002  0.95260000000000000        2.2599999999999999E-002   2.0000000000000000E-003
   35.000000000000000       -4.9451487023088755E-002   2.0000000000000001E-004  0.29299999999999998       0.68120000000000003        2.3599999999999999E-002   2.0000000000000000E-003
   36.000000000000000       -3.4968295231022212E-002   2.0000000000000001E-004  0.29199999999999998       0.68120000000000003        2.4600000000000000E-002   2.0000000000000000E-003
   37.000000000000000       -9.3633167251225002E-003   2.0000000000000001E-004  0.29060000000000002       0.49900000000000000       0.20799999999999999        2.2000000000000001E-003
   38.000000000000000        3.9698005664081130E-003   2.0000000000000001E-004  0.28560000000000002       0.50439999999999996       0.20760000000000001        2.2000000000000001E-003
   39.000000000000000        9.4947078558162493E-003   2.0000000000000001E-004  0.28580000000000000       0.50300000000000000       0.20760000000000001        3.3999999999999998E-003
   40.000000000000000        1.3067342301305566E-002   2.0000000000000001E-004  0.28179999999999999       0.50619999999999998       0.20760000000000001        4.1999999999999997E-003
   41.000000000000000        1.8538305301361035E-002   2.0000000000000001E-004  0.27279999999999999       0.51139999999999997       0.20760000000000001        8.0000000000000002E-003
   42.000000000000000        2.0886028696452060E-002   2.0000000000000001E-004  0.27279999999999999       0.51139999999999997       0.20760000000000001        8.0000000000000002E-003
   43.000000000000000        2.3484182806161373E-002   2.0000000000000001E-004  0.25359999999999999       0.53059999999999996       0.20760000000000001        8.0000000000000002E-003
   44.000000000000000        2.4839178828943338E-002   2.0000000000000001E-004  0.25340000000000001       0.53000000000000003       0.20760000000000001        8.8000000000000005E-003
   45.000000000000000        2.2049681416380772E-002   2.0000000000000001E-004  0.25280000000000002       0.73699999999999999        5.9999999999999995E-004   9.4000000000000004E-003
   46.000000000000000        1.2859362623617825E-002   2.0000000000000001E-004  0.25280000000000002       0.73699999999999999        5.9999999999999995E-004   9.4000000000000004E-003
   47.000000000000000       -8.5722966822070236E-003   2.0000000000000001E-004  0.25180000000000002       0.73699999999999999        1.0000000000000000E-003   1.0000000000000000E-002
   48.000000000000000       -3.3571718385100056E-002   2.0000000000000001E-004  0.25159999999999999       0.73699999999999999        1.0000000000000000E-003   1.0200000000000001E-002
   49.000000000000000       -5.9882348215710389E-002   1.8000000000000000E-003  0.22320000000000001       0.76019999999999999        4.1999999999999997E-003   1.0600000000000000E-002
   50.000000000000000       -7.5039170704207528E-002   2.3199999999999998E-002  0.21520000000000000       0.74439999999999995        5.5999999999999999E-003   1.1599999999999999E-002
   51.000000000000000       -6.7158735000272876E-002   2.3199999999999998E-002  0.20640000000000000       0.75080000000000002        7.7999999999999996E-003   1.1800000000000000E-002
   52.000000000000000       -5.4010984759179592E-002   2.3000000000000000E-002  0.20860000000000001       0.74839999999999995        8.6000000000000000E-003   1.1400000000000000E-002
   53.000000000000000       -3.6206039979011596E-002   2.1600000000000001E-002  0.20720000000000000       0.74299999999999999        1.4600000000000000E-002   1.3599999999999999E-002
   54.000000000000000       -2.0042892020878670E-002   2.1399999999999999E-002  0.20619999999999999       0.74219999999999997        1.5800000000000002E-002   1.4400000000000000E-002
   55.000000000000000       -4.1012018590000235E-003   2.0799999999999999E-002  0.20640000000000000       0.74180000000000001        1.5800000000000002E-002   1.5200000000000000E-002
   56.000000000000000        1.0187563045282025E-002   1.9599999999999999E-002  0.20340000000000000       0.74560000000000004        1.6000000000000000E-002   1.5400000000000000E-002
   57.000000000000000        2.5587233918887980E-002   1.9400000000000001E-002  0.20340000000000000       0.73980000000000001        1.9400000000000001E-002   1.7999999999999999E-002
   58.000000000000000        3.8809195864740971E-002   1.9400000000000001E-002  0.20300000000000001       0.73980000000000001        1.9400000000000001E-002   1.8400000000000000E-002
   59.000000000000000        5.2490308272670379E-002   1.1599999999999999E-002  0.20940000000000000       0.73980000000000001        2.0799999999999999E-002   1.8400000000000000E-002
   60.000000000000000        6.7133933716325270E-002   1.1400000000000000E-002  0.19960000000000000       0.74860000000000004        2.1999999999999999E-002   1.8400000000000000E-002
   61.000000000000000        7.9841814489955407E-002   1.1400000000000000E-002  0.19700000000000001       0.75019999999999998        2.2200000000000001E-002   1.9199999999999998E-002
   62.000000000000000        9.2041237534532028E-002   1.1400000000000000E-002  0.19040000000000001       0.75680000000000003        2.2200000000000001E-002   1.9199999999999998E-002
   63.000000000000000       0.10318124817083268        1.1200000000000000E-002  0.18360000000000001       0.76319999999999999        2.2800000000000001E-002   1.9199999999999998E-002
   64.000000000000000       0.11226707186619099        1.1200000000000000E-002  0.18040000000000000       0.76639999999999997        2.2800000000000001E-002   1.9199999999999998E-002
   65.000000000000000       0.12034655338534730        1.1200000000000000E-002  0.17519999999999999       0.76939999999999997        2.4799999999999999E-002   1.9400000000000001E-002
   66.000000000000000       0.12626609124410140        1.1200000000000000E-002  0.17540000000000000       0.76919999999999999        2.4799999999999999E-002   1.9400000000000001E-002
   67.000000000000000       0.13258417322668054        1.1200000000000000E-002  0.16819999999999999       0.77000000000000002        3.0800000000000001E-002   1.9800000000000002E-002
   68.000000000000000       0.13642868122442120        1.1200000000000000E-002  0.16700000000000001       0.76600000000000001        3.5799999999999998E-002   2.0000000000000000E-002
   69.000000000000000       0.13687654918194592        8.0000000000000004E-004  0.17720000000000000       0.76419999999999999        3.7800000000000000E-002   2.0000000000000000E-002
   70.000000000000000       0.14333617675648030        8.0000000000000004E-004  0.17720000000000000       0.76400000000000001        3.7800000000000000E-002   2.0199999999999999E-002
   71.000000000000000       0.14791861367471862        8.0000000000000004E-004  0.17720000000000000       0.76400000000000001        3.7800000000000000E-002   2.0199999999999999E-002
   72.000000000000000       0.15119103330221445        8.0000000000000004E-004  0.17720000000000000       0.76359999999999995        3.7600000000000001E-002   2.0799999999999999E-002
   73.000000000000000       0.15127426616644052        8.0000000000000004E-004  0.17720000000000000       0.76280000000000003        3.8199999999999998E-002   2.1000000000000001E-002
   74.000000000000000       0.14856155842744864        8.0000000000000004E-004  0.27679999999999999       0.66300000000000003        3.8399999999999997E-002   2.1000000000000001E-002
   75.000000000000000       0.14776591719114932        8.0000000000000004E-004  0.27739999999999998       0.66239999999999999        3.8399999999999997E-002   2.1000000000000001E-002
   76.000000000000000       0.14495341196677050        8.0000000000000004E-004  0.27739999999999998       0.66239999999999999        3.8399999999999997E-002   2.1000000000000001E-002
   77.000000000000000       0.13684869019939369        8.0000000000000004E-004  0.27739999999999998       0.66239999999999999        3.8399999999999997E-002   2.1000000000000001E-002
   78.000000000000000       0.12373768693393181        8.0000000000000004E-004  0.34079999999999999       0.59179999999999999        4.3999999999999997E-002   2.2599999999999999E-002
   79.000000000000000       0.10940692666285769        8.0000000000000004E-004  0.34079999999999999       0.58320000000000005        5.2600000000000001E-002   2.2599999999999999E-002
   80.000000000000000        9.4719936089624909E-002   8.0000000000000004E-004  0.34079999999999999       0.55020000000000002        8.3000000000000004E-002   2.5200000000000000E-002
   81.000000000000000        7.4195504011829505E-002   8.0000000000000004E-004  0.34079999999999999       0.55040000000000000        8.2000000000000003E-002   2.5999999999999999E-002
   82.000000000000000        5.1774428274990181E-002   8.0000000000000004E-004  0.34079999999999999       0.53280000000000005        9.7000000000000003E-002   2.8600000000000000E-002
   83.000000000000000        2.5382033662403609E-002   8.0000000000000004E-004  0.34079999999999999       0.53339999999999999        9.6000000000000002E-002   2.9000000000000001E-002
   84.000000000000000       -2.4728777973209142E-003   5.9999999999999995E-004  0.34020000000000000       0.52039999999999997       0.10920000000000001        2.9600000000000001E-002
   85.000000000000000       -2.0298602147879534E-002   5.9999999999999995E-004  0.33500000000000002       0.51959999999999995       0.11480000000000000        2.9999999999999999E-002
   86.000000000000000       -2.8497024376709826E-002   5.9999999999999995E-004  0.33439999999999998       0.51959999999999995       0.11500000000000000        3.0400000000000000E-002
   87.000000000000000       -3.6651242448412613E-002   5.9999999999999995E-004  0.33220000000000000       0.51939999999999997       0.11740000000000000        3.0400000000000000E-002
   88.000000000000000       -4.3186908784250633E-002   5.9999999999999995E-004  0.29880000000000001       0.55279999999999996       0.11740000000000000        3.0400000000000000E-002
   89.000000000000000       -4.9305330728814503E-002   5.9999999999999995E-004  0.22819999999999999       0.62239999999999995       0.11840000000000001        3.0400000000000000E-002
   90.000000000000000       -5.5889334403979168E-002   5.9999999999999995E-004  0.18220000000000000       0.66800000000000004       0.11840000000000001        3.0800000000000001E-002
   91.000000000000000       -5.8392005146544114E-002   5.9999999999999995E-004  0.19239999999999999       0.65659999999999996       0.11940000000000001        3.1000000000000000E-002
   92.000000000000000       -5.7424870641204724E-002   4.0000000000000002E-004  0.19380000000000000       0.65280000000000005       0.12120000000000000        3.1800000000000002E-002
   93.000000000000000       -5.5274719232180337E-002   2.0000000000000001E-004  0.19380000000000000       0.65159999999999996       0.12260000000000000        3.1800000000000002E-002
   94.000000000000000       -5.1235405308118806E-002   0.0000000000000000       0.19300000000000000       0.65020000000000000       0.12300000000000000        3.3799999999999997E-002
   95.000000000000000       -4.6580332713081207E-002   0.0000000000000000       0.19280000000000000       0.64939999999999998       0.12100000000000000        3.6799999999999999E-002
   96.000000000000000       -4.0790577657511033E-002   1.4000000000000000E-003  0.19139999999999999       0.64820000000000000       0.12120000000000000        3.7800000000000000E-002
   97.000000000000000       -3.3091016529588804E-002   8.0000000000000004E-004  0.19100000000000000       0.64680000000000004       0.12280000000000001        3.8600000000000002E-002
   98.000000000000000       -2.2358434468090122E-002   0.0000000000000000       0.18980000000000000       0.64700000000000002       0.12420000000000000        3.9000000000000000E-002
   99.000000000000000       -1.0023322459105088E-002   0.0000000000000000       0.18920000000000001       0.64759999999999995       0.12420000000000000        3.9000000000000000E-002
   100.00000000000000        4.8910952387677138E-003   0.0000000000000000       0.18900000000000000       0.64680000000000004       0.12420000000000000        4.0000000000000001E-002
   101.00000000000000        2.0135317824257863E-002   0.0000000000000000       0.18659999999999999       0.64720000000000000       0.12620000000000001        4.0000000000000001E-002
   102.00000000000000        3.5882627545208240E-002   0.0000000000000000       0.18659999999999999       0.64700000000000002       0.12520000000000001        4.1200000000000001E-002
   103.00000000000000        5.6446430358984813E-002   0.0000000000000000       0.17979999999999999       0.64780000000000004       0.13000000000000000        4.2400000000000000E-002
   104.00000000000000        8.2163916167867224E-002   0.0000000000000000       0.13940000000000000       0.67800000000000005       0.13900000000000001        4.3600000000000000E-002
   105.00000000000000       0.10396328821428882        0.0000000000000000       0.13639999999999999       0.67800000000000005       0.14019999999999999        4.5400000000000003E-002
   106.00000000000000       0.12481815897145576        0.0000000000000000       0.13039999999999999       0.68040000000000000       0.14280000000000001        4.6399999999999997E-002
   107.00000000000000       0.14389179960873272        9.1999999999999998E-003  0.12120000000000000       0.67020000000000002       0.15300000000000000        4.6399999999999997E-002
   108.00000000000000       0.16146901515954579        9.1999999999999998E-003  0.12120000000000000       0.67020000000000002       0.15300000000000000        4.6399999999999997E-002
   109.00000000000000       0.17602265728621008        9.1999999999999998E-003  0.12120000000000000       0.67000000000000004       0.15300000000000000        4.6600000000000003E-002
   110.00000000000000       0.18619122151869877        9.1999999999999998E-003  0.12120000000000000       0.66739999999999999       0.15500000000000000        4.7199999999999999E-002
   111.00000000000000       0.19166038832170448        9.1999999999999998E-003  0.12120000000000000       0.66739999999999999       0.15600000000000000        4.6199999999999998E-002
   112.00000000000000       0.19549804207362598        9.1999999999999998E-003  0.12120000000000000       0.66339999999999999       0.15440000000000001        5.1799999999999999E-002
   113.00000000000000       0.19331819646109813        8.8000000000000005E-003  0.12120000000000000       0.65900000000000003       0.15759999999999999        5.3400000000000003E-002
   114.00000000000000       0.18835428963540735        8.0000000000000002E-003  0.12120000000000000       0.65020000000000000       0.15840000000000001        6.2199999999999998E-002
   115.00000000000000       0.17693857188908466        8.0000000000000002E-003  0.12120000000000000       0.65020000000000000       0.15840000000000001        6.2199999999999998E-002
   116.00000000000000       0.16206071064543470        8.0000000000000002E-003  0.12120000000000000       0.65020000000000000       0.15040000000000001        7.0199999999999999E-002
   117.00000000000000       0.14365075484682149        8.0000000000000002E-003  0.12120000000000000       0.65020000000000000       0.15020000000000000        7.0400000000000004E-002
   118.00000000000000       0.12299600660449723        8.0000000000000002E-003  0.12120000000000000       0.65020000000000000       0.15020000000000000        7.0400000000000004E-002
   119.00000000000000       0.10218651847274553        7.7999999999999996E-003  0.12120000000000000       0.64300000000000002       0.15479999999999999        7.3200000000000001E-002
   120.00000000000000        7.8631767182333209E-002   7.4000000000000003E-003  0.12120000000000000       0.63739999999999997       0.15900000000000000        7.4999999999999997E-002
   121.00000000000000        5.7144768464856485E-002   5.5800000000000002E-002   6.9199999999999998E-002  0.63959999999999995       0.16039999999999999        7.4999999999999997E-002
   122.00000000000000        3.7218709987956095E-002   5.5800000000000002E-002   6.9400000000000003E-002  0.63500000000000001       0.16460000000000000        7.5200000000000003E-002
   123.00000000000000        1.8336150882590205E-002   5.5800000000000002E-002   6.8000000000000005E-002  0.63619999999999999       0.16460000000000000        7.5399999999999995E-002
   124.00000000000000        3.0032383796416186E-003   5.5800000000000002E-002   5.0400000000000000E-002  0.65380000000000005       0.16439999999999999        7.5600000000000001E-002
   125.00000000000000       -9.6469492649309992E-003   5.5800000000000002E-002   4.8200000000000000E-002  0.65580000000000005       0.16439999999999999        7.5800000000000006E-002
   126.00000000000000       -1.8597459678719411E-002   5.5800000000000002E-002   4.6199999999999998E-002  0.65700000000000003       0.16439999999999999        7.6600000000000001E-002
   127.00000000000000       -2.3010121705007155E-002   5.5800000000000002E-002   4.8000000000000001E-002  0.65339999999999998       0.16580000000000000        7.6999999999999999E-002
   128.00000000000000       -2.2234552767015477E-002   5.5800000000000002E-002   5.0799999999999998E-002  0.64859999999999995       0.16400000000000001        8.0799999999999997E-002
   129.00000000000000       -1.9729908135479961E-002   5.5800000000000002E-002   5.3400000000000003E-002  0.64559999999999995       0.16460000000000000        8.0600000000000005E-002
   130.00000000000000       -1.3546872656399353E-002   5.5800000000000002E-002   5.3600000000000002E-002  0.64380000000000004       0.16580000000000000        8.1000000000000003E-002
   131.00000000000000       -5.3993975759284718E-003   5.5800000000000002E-002   5.3800000000000001E-002  0.64339999999999997       0.16619999999999999        8.0799999999999997E-002
   132.00000000000000        4.5398357183992107E-003   5.5800000000000002E-002   5.3800000000000001E-002  0.64100000000000001       0.16860000000000000        8.0799999999999997E-002
   133.00000000000000        1.8362880458207886E-002   5.4399999999999997E-002   5.3600000000000002E-002  0.63680000000000003       0.16800000000000001        8.7200000000000000E-002
   134.00000000000000        3.3482470294786987E-002   5.4399999999999997E-002   5.3600000000000002E-002  0.63200000000000001       0.17100000000000001        8.8999999999999996E-002
   135.00000000000000        4.9201065627600293E-002   5.3999999999999999E-002   5.3600000000000002E-002  0.62339999999999995       0.17899999999999999        8.9999999999999997E-002
   136.00000000000000        6.4868193240720601E-002   4.8800000000000003E-002   5.3600000000000002E-002  0.62860000000000005       0.17299999999999999        9.6000000000000002E-002
   137.00000000000000        8.0692785704731429E-002   4.1000000000000002E-002   5.3600000000000002E-002  0.63619999999999999       0.17260000000000000        9.6600000000000005E-002
   138.00000000000000        9.7136562538929966E-002   3.4400000000000000E-002   5.3600000000000002E-002  0.64280000000000004       0.17260000000000000        9.6600000000000005E-002
   139.00000000000000       0.11321322817288001        3.4400000000000000E-002   5.3600000000000002E-002  0.64280000000000004       0.17019999999999999        9.9000000000000005E-002
   140.00000000000000       0.13167094839141619        3.3799999999999997E-002   5.3600000000000002E-002  0.64000000000000001       0.17100000000000001       0.10160000000000000     
   141.00000000000000       0.14931936812030697        3.1399999999999997E-002   5.3600000000000002E-002  0.63859999999999995       0.17260000000000000       0.10380000000000000     
   142.00000000000000       0.16704301009550240        2.6200000000000001E-002   5.3600000000000002E-002  0.63939999999999997       0.16980000000000001       0.11100000000000000     
   143.00000000000000       0.18414094716119533        2.5399999999999999E-002   5.3600000000000002E-002  0.63639999999999997       0.16980000000000001       0.11480000000000000     
   144.00000000000000       0.20173204863496352        2.4799999999999999E-002   5.3600000000000002E-002  0.63480000000000003       0.16839999999999999       0.11840000000000001     
   145.00000000000000       0.21577839310726371        2.4799999999999999E-002   5.3600000000000002E-002  0.63439999999999996       0.15540000000000001       0.13180000000000000     
   146.00000000000000       0.22900465420565183        2.4799999999999999E-002   5.3600000000000002E-002  0.63200000000000001       0.15479999999999999       0.13480000000000000     
   147.00000000000000       0.24199652417659379        2.2599999999999999E-002   5.3600000000000002E-002  0.62560000000000004       0.15980000000000000       0.13840000000000000     
   148.00000000000000       0.25161342148342752        6.4000000000000003E-003   6.9400000000000003E-002  0.62600000000000000       0.15980000000000000       0.13840000000000000     
   149.00000000000000       0.26017048916417707        5.4000000000000003E-003   6.8400000000000002E-002  0.62680000000000002       0.16100000000000000       0.13840000000000000     
   150.00000000000000       0.27003436931848013        5.0000000000000001E-003   6.7799999999999999E-002  0.62539999999999996       0.16080000000000000       0.14099999999999999     
   151.00000000000000       0.27944997781942793        5.0000000000000001E-003   6.2000000000000000E-002  0.62339999999999995       0.16760000000000000       0.14199999999999999     
   152.00000000000000       0.28621275917405448        5.0000000000000001E-003   6.2199999999999998E-002  0.62080000000000002       0.16760000000000000       0.14440000000000000     
   153.00000000000000       0.29074453889472224        4.7999999999999996E-003   6.2000000000000000E-002  0.62119999999999997       0.16739999999999999       0.14460000000000001     
   154.00000000000000       0.29525032962947739        4.7999999999999996E-003   5.4199999999999998E-002  0.62839999999999996       0.16739999999999999       0.14520000000000000     
   155.00000000000000       0.30075565306697621        4.7999999999999996E-003   5.7200000000000001E-002  0.62300000000000000       0.16860000000000000       0.14640000000000000     
   156.00000000000000       0.31034061041713434        4.7999999999999996E-003   5.5800000000000002E-002  0.62119999999999997       0.16760000000000000       0.15060000000000001     
   157.00000000000000       0.31969851611233091        4.5999999999999999E-003   5.7799999999999997E-002  0.61739999999999995       0.16760000000000000       0.15260000000000001     
   158.00000000000000       0.32846701959731278        3.2000000000000002E-003   5.8999999999999997E-002  0.61539999999999995       0.16919999999999999       0.15320000000000000     
   159.00000000000000       0.33549780726741829        3.3999999999999998E-003   5.8999999999999997E-002  0.61339999999999995       0.16940000000000000       0.15479999999999999     
   160.00000000000000       0.33945363173657206        5.5999999999999999E-003   5.6800000000000003E-002  0.61099999999999999       0.17119999999999999       0.15540000000000001     
   161.00000000000000       0.34132600881020042        6.6000000000000000E-003   5.5599999999999997E-002  0.60619999999999996       0.17480000000000001       0.15679999999999999     
   162.00000000000000       0.33997474727162724        4.1999999999999997E-003   5.7000000000000002E-002  0.60619999999999996       0.17580000000000001       0.15679999999999999     
   163.00000000000000       0.33665825289468909        3.8000000000000000E-003   5.5800000000000002E-002  0.60599999999999998       0.17699999999999999       0.15740000000000001     
   164.00000000000000       0.32786216695227810        3.8000000000000000E-003   5.4399999999999997E-002  0.60719999999999996       0.17720000000000000       0.15740000000000001     
   165.00000000000000       0.31779317991425504        3.8000000000000000E-003   5.4399999999999997E-002  0.60599999999999998       0.17840000000000000       0.15740000000000001     
   166.00000000000000       0.30519789152714510        3.5999999999999999E-003   5.4600000000000003E-002  0.60599999999999998       0.17840000000000000       0.15740000000000001     
   167.00000000000000       0.29126367556443700        3.5999999999999999E-003   5.4399999999999997E-002  0.60599999999999998       0.17860000000000001       0.15740000000000001     
   168.00000000000000       0.27613490325850926        0.0000000000000000        5.7000000000000002E-002  0.60660000000000003       0.17860000000000001       0.15780000000000000     
   169.00000000000000       0.26324706714699841        0.0000000000000000        5.7000000000000002E-002  0.59719999999999995       0.18559999999999999       0.16020000000000001     
   170.00000000000000       0.24863500834355182        0.0000000000000000        5.7000000000000002E-002  0.59360000000000002       0.18900000000000000       0.16039999999999999     
   171.00000000000000       0.23543489578335780        0.0000000000000000        0.0000000000000000       0.65059999999999996       0.18859999999999999       0.16080000000000000     
   172.00000000000000       0.21989084433997186        0.0000000000000000        0.0000000000000000       0.65059999999999996       0.18720000000000001       0.16220000000000001     
   173.00000000000000       0.23109132975504276        0.0000000000000000        0.0000000000000000       0.65059999999999996       0.18500000000000000       0.16439999999999999     
   174.00000000000000       0.23753274164977653        0.0000000000000000        0.0000000000000000       0.65059999999999996       0.18500000000000000       0.16439999999999999     
   175.00000000000000       0.23903431721885426        0.0000000000000000        0.0000000000000000       0.65059999999999996       0.18500000000000000       0.16439999999999999     
   176.00000000000000       0.23551329839121385        0.0000000000000000        0.0000000000000000       0.65059999999999996       0.18500000000000000       0.16439999999999999     
   177.00000000000000       0.22654622553220241        0.0000000000000000        0.0000000000000000       0.65059999999999996       0.17640000000000000       0.17299999999999999     
   178.00000000000000       0.21158055846505519        0.0000000000000000        0.0000000000000000       0.65059999999999996       0.18020000000000000       0.16919999999999999     
   179.00000000000000       0.19146541524851107        0.0000000000000000        0.0000000000000000       0.65059999999999996       0.18559999999999999       0.16380000000000000     
   180.00000000000000       0.16798512071933136        0.0000000000000000        0.0000000000000000       0.65059999999999996       0.17879999999999999       0.17060000000000000     
   181.00000000000000       0.14004069343258008        0.0000000000000000        0.0000000000000000       0.65059999999999996       0.17780000000000001       0.17160000000000000     
   182.00000000000000       0.10784060429596229        0.0000000000000000        0.0000000000000000       0.65059999999999996       0.17699999999999999       0.17240000000000000     
   183.00000000000000        7.4100199996706195E-002   0.0000000000000000        0.0000000000000000       0.65059999999999996       0.17580000000000001       0.17360000000000000     
   184.00000000000000        3.8393309020967548E-002   0.0000000000000000        0.0000000000000000       0.65059999999999996       0.17580000000000001       0.17360000000000000     
   185.00000000000000       -3.9956962816856401E-003   2.0000000000000001E-004  0.56299999999999994        8.5999999999999993E-002  0.17720000000000000       0.17360000000000000     
   186.00000000000000       -2.8631485421277213E-002   2.3400000000000001E-002  0.49559999999999998       0.13000000000000000       0.17720000000000000       0.17380000000000001     
   187.00000000000000       -3.0865093267817674E-002   2.3400000000000001E-002  0.52220000000000000       0.10280000000000000       0.17720000000000000       0.17440000000000000     
   188.00000000000000       -3.1874257024986086E-002   2.3199999999999998E-002  0.52459999999999996        9.9400000000000002E-002  0.17840000000000000       0.17440000000000000     
   189.00000000000000       -3.3328197655281125E-002   1.6199999999999999E-002  0.52759999999999996       0.10140000000000000       0.17840000000000000       0.17640000000000000     
   190.00000000000000       -3.3919746247752416E-002   1.6400000000000001E-002  0.52200000000000002       0.10360000000000000       0.17940000000000000       0.17860000000000001     
   191.00000000000000       -3.3931841500503622E-002   1.4200000000000001E-002  0.51719999999999999       0.10960000000000000       0.18040000000000000       0.17860000000000001     
   192.00000000000000       -3.7739935640998749E-002   1.3599999999999999E-002  0.51719999999999999       0.10639999999999999       0.18420000000000000       0.17860000000000001     
   193.00000000000000       -3.3269444831755660E-002   1.3599999999999999E-002  0.51719999999999999       0.10500000000000000       0.18500000000000000       0.17920000000000000     
   194.00000000000000       -2.9137623538115831E-002   1.3599999999999999E-002  0.51580000000000004       0.10140000000000000       0.18840000000000001       0.18079999999999999     
   195.00000000000000       -2.8279877171811393E-002   1.4400000000000000E-002  0.50839999999999996       0.10620000000000000       0.19000000000000000       0.18099999999999999     
   196.00000000000000       -2.7265915048941561E-002   1.3800000000000000E-002  0.50760000000000005       0.10480000000000000       0.19220000000000001       0.18160000000000001     
   197.00000000000000       -2.6287547210032819E-002   1.3800000000000000E-002  0.50760000000000005       0.10480000000000000       0.19220000000000001       0.18160000000000001     
   198.00000000000000       -2.2658646924764492E-002   1.1599999999999999E-002  0.50539999999999996       0.10360000000000000       0.19220000000000001       0.18720000000000001     
   199.00000000000000       -2.2471704617393104E-002   1.0999999999999999E-002  0.50560000000000005       0.10360000000000000       0.19220000000000001       0.18759999999999999     
   200.00000000000000       -2.1313618563435152E-002   8.2000000000000007E-003  0.50580000000000003       0.10260000000000000       0.19439999999999999       0.18900000000000000     
   201.00000000000000       -2.1375565080041944E-002   1.6799999999999999E-002  0.49680000000000002       0.10100000000000001       0.19520000000000001       0.19020000000000001     
   202.00000000000000       -2.4575088055002470E-003   1.6799999999999999E-002  0.49680000000000002        9.9599999999999994E-002  0.19620000000000001       0.19059999999999999     
   203.00000000000000        2.0348141180392826E-002   1.6799999999999999E-002  0.49680000000000002        9.9199999999999997E-002  0.19660000000000000       0.19059999999999999     
   204.00000000000000        4.2163154320219512E-002   1.6799999999999999E-002  0.49680000000000002        9.9199999999999997E-002  0.19660000000000000       0.19059999999999999     
   205.00000000000000        6.1949165813837692E-002   1.6799999999999999E-002  0.53180000000000005        6.2600000000000003E-002  0.19660000000000000       0.19220000000000001     
   206.00000000000000        7.2243844897346782E-002   1.6799999999999999E-002  0.53120000000000001        6.2600000000000003E-002  0.19420000000000001       0.19520000000000001     
   207.00000000000000        6.9779338578732281E-002   1.6799999999999999E-002  0.53080000000000005        6.2600000000000003E-002  0.19320000000000001       0.19660000000000000     
   208.00000000000000        6.5919743230576699E-002   1.6799999999999999E-002  0.53080000000000005        6.2600000000000003E-002  0.19300000000000000       0.19680000000000000     
   209.00000000000000        6.2144884680335279E-002   1.6799999999999999E-002  0.53080000000000005        6.2600000000000003E-002  0.19280000000000000       0.19700000000000001     
   210.00000000000000        5.7476192996488810E-002   1.6799999999999999E-002  0.53020000000000000        6.2600000000000003E-002  0.19339999999999999       0.19700000000000001     
   211.00000000000000        5.0910456447114644E-002  0.19400000000000001       0.34939999999999999        6.2600000000000003E-002  0.19680000000000000       0.19719999999999999     
   212.00000000000000        4.9962414948386234E-002  0.19539999999999999       0.34799999999999998        6.2600000000000003E-002  0.19460000000000000       0.19939999999999999     
   213.00000000000000        4.9671960107371960E-002  0.19560000000000000       0.34660000000000002        6.3799999999999996E-002  0.19500000000000001       0.19900000000000001     
   214.00000000000000        4.6501263420118885E-002  0.19500000000000001       0.34699999999999998        6.4000000000000001E-002  0.19159999999999999       0.20240000000000000     
   215.00000000000000        3.9483413028221989E-002  0.19460000000000000       0.34739999999999999        6.4000000000000001E-002  0.19239999999999999       0.20160000000000000     
   216.00000000000000        2.6820943284718585E-002  0.44800000000000001        9.2999999999999999E-002   6.4799999999999996E-002  0.19180000000000000       0.20240000000000000     
