#        BMIN =   404
#        BMAX =   408
#     INIBAND =   406
#      NBANDS =   540
#         NSW =  2000
#       POTIM =   1.0
#        TEMP = 300.0
#    NAMDTINI =   596
#    NAMDTIME =  1000
#       NTRAJ =  5000
#        NELM =  1000
#       LHOLE =     T
#        LSHP =     T
#      LCPTXT =     T
#      RUNDIR = ../../run/
   1.0000000000000000       0.15310996103111768        0.0000000000000000        0.0000000000000000        1.0000000000000000        0.0000000000000000        0.0000000000000000     
   2.0000000000000000       0.17341811502751855        0.0000000000000000        0.0000000000000000       0.99919999999999998        0.0000000000000000        8.0000000000000004E-004
   3.0000000000000000       0.19235749532977661        0.0000000000000000        0.0000000000000000       0.99919999999999998        0.0000000000000000        8.0000000000000004E-004
   4.0000000000000000       0.20997679915093548        0.0000000000000000        0.0000000000000000       0.99919999999999998        0.0000000000000000        8.0000000000000004E-004
   5.0000000000000000       0.22645110025363507        0.0000000000000000        0.0000000000000000       0.99919999999999998        0.0000000000000000        8.0000000000000004E-004
   6.0000000000000000       0.24168078188841954        0.0000000000000000        0.0000000000000000       0.99919999999999998        0.0000000000000000        8.0000000000000004E-004
   7.0000000000000000       0.25561781346163076        0.0000000000000000        0.0000000000000000       0.99839999999999995        8.0000000000000004E-004   8.0000000000000004E-004
   8.0000000000000000       0.26793819621480836        0.0000000000000000        0.0000000000000000       0.99760000000000004        1.4000000000000000E-003   1.0000000000000000E-003
   9.0000000000000000       0.27933000990875317        0.0000000000000000        0.0000000000000000       0.99619999999999997        2.3999999999999998E-003   1.4000000000000000E-003
   10.000000000000000       0.28879366173130655        0.0000000000000000        0.0000000000000000       0.99439999999999995        4.1999999999999997E-003   1.4000000000000000E-003
   11.000000000000000       0.29614288800389749        0.0000000000000000        0.0000000000000000       0.99419999999999997        4.4000000000000003E-003   1.4000000000000000E-003
   12.000000000000000       0.30225889410606049        0.0000000000000000        0.0000000000000000       0.99419999999999997        4.4000000000000003E-003   1.4000000000000000E-003
   13.000000000000000       0.30644848152266613        0.0000000000000000        0.0000000000000000       0.99260000000000004        5.7999999999999996E-003   1.6000000000000001E-003
   14.000000000000000       0.30832630113113707        0.0000000000000000        0.0000000000000000       0.99199999999999999        6.4000000000000003E-003   1.6000000000000001E-003
   15.000000000000000       0.30838877761680905        0.0000000000000000        0.0000000000000000       0.99180000000000001        6.4000000000000003E-003   1.8000000000000000E-003
   16.000000000000000       0.30564909204639346        0.0000000000000000        0.0000000000000000       0.99180000000000001        6.4000000000000003E-003   1.8000000000000000E-003
   17.000000000000000       0.30106931921165292        0.0000000000000000        0.0000000000000000       0.99039999999999995        7.0000000000000001E-003   2.5999999999999999E-003
   18.000000000000000       0.29355999242733849        0.0000000000000000        0.0000000000000000       0.99039999999999995        7.0000000000000001E-003   2.5999999999999999E-003
   19.000000000000000       0.28332802855144079        0.0000000000000000        0.0000000000000000       0.99039999999999995        7.0000000000000001E-003   2.5999999999999999E-003
   20.000000000000000       0.27089531006909767        0.0000000000000000        4.0000000000000002E-004  0.98960000000000004        7.4000000000000003E-003   2.5999999999999999E-003
   21.000000000000000       0.25647896074361759        0.0000000000000000        0.0000000000000000       0.98860000000000003        7.4000000000000003E-003   4.0000000000000001E-003
   22.000000000000000       0.23917621069262415        0.0000000000000000        0.0000000000000000       0.98760000000000003        8.3999999999999995E-003   4.0000000000000001E-003
   23.000000000000000       0.22037760048088034        0.0000000000000000        0.0000000000000000       0.98740000000000006        8.6000000000000000E-003   4.0000000000000001E-003
   24.000000000000000       0.19966562390153167        0.0000000000000000        5.9999999999999995E-004  0.98660000000000003        8.8000000000000005E-003   4.0000000000000001E-003
   25.000000000000000       0.17843799098911345        0.0000000000000000        5.9999999999999995E-004  0.98299999999999998        1.2400000000000000E-002   4.0000000000000001E-003
   26.000000000000000       0.15545453071815743        0.0000000000000000        5.9999999999999995E-004  0.98299999999999998        1.2400000000000000E-002   4.0000000000000001E-003
   27.000000000000000       0.13324359821551024        0.0000000000000000        0.0000000000000000       0.98340000000000005        1.2400000000000000E-002   4.1999999999999997E-003
   28.000000000000000       0.12175423921312463        0.0000000000000000        3.6799999999999999E-002  0.94579999999999997        1.3200000000000000E-002   4.1999999999999997E-003
   29.000000000000000       0.12165093047780105        0.0000000000000000        2.8400000000000002E-002  0.95379999999999998        1.3599999999999999E-002   4.1999999999999997E-003
   30.000000000000000       0.12336938036695026        0.0000000000000000        2.2800000000000001E-002  0.95899999999999996        1.4200000000000001E-002   4.0000000000000001E-003
   31.000000000000000       0.12641911490658198        0.0000000000000000        2.2599999999999999E-002  0.94640000000000002        2.7000000000000000E-002   4.0000000000000001E-003
   32.000000000000000       0.12623370895199862        0.0000000000000000        2.2599999999999999E-002  0.93279999999999996        4.1000000000000002E-002   3.5999999999999999E-003
   33.000000000000000       0.11894489935092449        0.0000000000000000        2.2400000000000000E-002  0.93279999999999996        4.0000000000000001E-002   4.7999999999999996E-003
   34.000000000000000       0.10866747481472880        0.0000000000000000        2.2400000000000000E-002  0.92740000000000000        3.9800000000000002E-002   1.0400000000000000E-002
   35.000000000000000        9.3827448685666573E-002   0.0000000000000000        2.2200000000000001E-002  0.92659999999999998        4.0800000000000003E-002   1.0400000000000000E-002
   36.000000000000000        7.6267563340848027E-002   0.0000000000000000        2.1800000000000000E-002  0.92640000000000000        4.1200000000000001E-002   1.0600000000000000E-002
   37.000000000000000        5.8138578071215904E-002   2.3999999999999998E-003   1.9400000000000001E-002  0.92320000000000002        4.3400000000000001E-002   1.1599999999999999E-002
   38.000000000000000        3.9776279197188034E-002   2.3999999999999998E-003   1.9400000000000001E-002  0.92259999999999998        4.2999999999999997E-002   1.2600000000000000E-002
   39.000000000000000        2.2157204985226657E-002   2.3999999999999998E-003   1.9400000000000001E-002  0.92179999999999995        4.2999999999999997E-002   1.3400000000000000E-002
   40.000000000000000        8.8899503730067685E-003   2.0000000000000000E-003   1.9599999999999999E-002  0.92179999999999995        4.2799999999999998E-002   1.3800000000000000E-002
   41.000000000000000        4.8337070435483534E-002   2.0000000000000000E-003   1.9599999999999999E-002  0.92179999999999995        4.2799999999999998E-002   1.3800000000000000E-002
   42.000000000000000        8.5365193712581153E-002   1.1999999999999999E-003   2.0400000000000001E-002  0.92179999999999995        4.2799999999999998E-002   1.3800000000000000E-002
   43.000000000000000       0.11891023345465453        1.1999999999999999E-003   2.0400000000000001E-002  0.92179999999999995        4.2799999999999998E-002   1.3800000000000000E-002
   44.000000000000000       0.14716341034661784        1.1999999999999999E-003   1.9000000000000000E-002  0.92179999999999995        4.3999999999999997E-002   1.4000000000000000E-002
   45.000000000000000       0.17090913251123452        1.1999999999999999E-003   1.9000000000000000E-002  0.92179999999999995        4.3999999999999997E-002   1.4000000000000000E-002
   46.000000000000000       0.18651210017053288        1.1999999999999999E-003   1.9000000000000000E-002  0.92179999999999995        4.3600000000000000E-002   1.4400000000000000E-002
   47.000000000000000       0.19532923980726810        1.1999999999999999E-003   1.9000000000000000E-002  0.92179999999999995        4.3400000000000001E-002   1.4600000000000000E-002
   48.000000000000000       0.19669443912224838        1.1999999999999999E-003   1.9000000000000000E-002  0.92179999999999995        4.3400000000000001E-002   1.4600000000000000E-002
   49.000000000000000       0.18868547242536440        1.1999999999999999E-003   1.9000000000000000E-002  0.92179999999999995        4.3400000000000001E-002   1.4600000000000000E-002
   50.000000000000000       0.17355723314810914        1.1999999999999999E-003   1.9000000000000000E-002  0.92179999999999995        4.3400000000000001E-002   1.4600000000000000E-002
   51.000000000000000       0.15033092829870146        1.1999999999999999E-003   1.9000000000000000E-002  0.92179999999999995        4.2999999999999997E-002   1.4999999999999999E-002
   52.000000000000000       0.12098069798083676        1.1999999999999999E-003   1.8599999999999998E-002  0.92179999999999995        4.3400000000000001E-002   1.4999999999999999E-002
   53.000000000000000        8.5235899205743870E-002   1.0000000000000000E-003   1.8800000000000001E-002  0.92179999999999995        4.3400000000000001E-002   1.4999999999999999E-002
   54.000000000000000        4.4542489833309537E-002   1.0000000000000000E-003   3.4599999999999999E-002  0.90420000000000000        4.4200000000000003E-002   1.6000000000000000E-002
   55.000000000000000        3.6081657752408861E-002   1.0000000000000000E-003   3.4599999999999999E-002  0.90280000000000005        4.5600000000000002E-002   1.6000000000000000E-002
   56.000000000000000        4.1223348393787808E-002   1.0000000000000000E-003   3.4400000000000000E-002  0.90280000000000005        4.5600000000000002E-002   1.6199999999999999E-002
   57.000000000000000        4.5515819909096540E-002   1.0000000000000000E-003   3.4000000000000002E-002  0.90300000000000002        4.5400000000000003E-002   1.6600000000000000E-002
   58.000000000000000        5.1456261647047238E-002   1.0000000000000000E-003   3.3799999999999997E-002  0.90259999999999996        4.6199999999999998E-002   1.6400000000000001E-002
   59.000000000000000        5.6074014121233910E-002   1.0000000000000000E-003   3.4200000000000001E-002  0.90220000000000000        4.6199999999999998E-002   1.6400000000000001E-002
   60.000000000000000        6.4791831835397162E-002   1.0000000000000000E-003   3.4400000000000000E-002  0.90100000000000002        4.7000000000000000E-002   1.6600000000000000E-002
   61.000000000000000        8.3490776607801298E-002   8.0000000000000004E-004   3.5999999999999997E-002  0.89920000000000000        4.6600000000000003E-002   1.7399999999999999E-002
   62.000000000000000       0.12043200528893491        5.9999999999999995E-004   3.6200000000000003E-002  0.89920000000000000        4.4999999999999998E-002   1.9000000000000000E-002
   63.000000000000000       0.16909670671186025        5.9999999999999995E-004   3.6200000000000003E-002  0.87780000000000002        6.5400000000000000E-002   2.0000000000000000E-002
   64.000000000000000       0.20442752487946564        5.9999999999999995E-004   3.2399999999999998E-002  0.83120000000000005       0.11580000000000000        2.0000000000000000E-002
   65.000000000000000       0.23693333275472350        4.0000000000000002E-004   3.2199999999999999E-002  0.81540000000000001       0.11440000000000000        3.7600000000000001E-002
   66.000000000000000       0.28596989536040163        5.9999999999999995E-004   2.7600000000000000E-002  0.75360000000000005       0.12620000000000001        9.1999999999999998E-002
   67.000000000000000       0.44770137552978806        5.9999999999999995E-004   2.7600000000000000E-002  0.75360000000000005       0.12620000000000001        9.1999999999999998E-002
   68.000000000000000       0.58889827929011296        5.9999999999999995E-004   2.9200000000000000E-002  0.24379999999999999       0.58799999999999997       0.13840000000000000     
   69.000000000000000       0.38562616943836914        5.9999999999999995E-004   2.8000000000000001E-002  0.24160000000000001       0.59140000000000004       0.13840000000000000     
   70.000000000000000       0.48299260660150750        4.0000000000000002E-004   2.8000000000000001E-002  0.23920000000000000       0.59160000000000001       0.14080000000000001     
   71.000000000000000        7.9009009244952605E-002   2.0000000000000001E-004   2.7799999999999998E-002  0.23540000000000000       0.59199999999999997       0.14460000000000001     
   72.000000000000000       0.41436312932914404        2.0000000000000001E-004   2.7799999999999998E-002  0.23440000000000000       0.57760000000000000       0.16000000000000000     
   73.000000000000000       0.45963858395453772        4.0000000000000002E-004   2.1999999999999999E-002  0.15600000000000000       0.60419999999999996       0.21740000000000001     
   74.000000000000000       0.82473828882190459        4.0000000000000002E-004   2.2200000000000001E-002  0.15579999999999999       0.60419999999999996       0.21740000000000001     
   75.000000000000000       0.84980722501620076        4.0000000000000002E-004   2.1600000000000001E-002  0.15379999999999999       0.59680000000000000       0.22739999999999999     
   76.000000000000000       0.88297359902909900        4.0000000000000002E-004   2.1399999999999999E-002  0.15179999999999999       0.59699999999999998       0.22939999999999999     
   77.000000000000000       0.89685642130910948        4.0000000000000002E-004   2.1399999999999999E-002  0.15100000000000000       0.59699999999999998       0.23019999999999999     
   78.000000000000000       0.89288896104322735        4.0000000000000002E-004   2.1399999999999999E-002  0.15100000000000000       0.59699999999999998       0.23019999999999999     
   79.000000000000000       0.90620424489384832        4.0000000000000002E-004   2.1000000000000001E-002  0.15140000000000001       0.56640000000000001       0.26079999999999998     
   80.000000000000000       0.88815841931017081        4.0000000000000002E-004   2.0799999999999999E-002  0.14779999999999999       0.57020000000000004       0.26079999999999998     
   81.000000000000000       0.89969014754360344        4.0000000000000002E-004   2.0799999999999999E-002  0.14760000000000001       0.57020000000000004       0.26100000000000001     
   82.000000000000000       0.88852626541028612        4.0000000000000002E-004   2.0600000000000000E-002  0.14380000000000001       0.56979999999999997       0.26540000000000002     
   83.000000000000000       0.87595137516393351        4.0000000000000002E-004   2.0000000000000000E-002  0.14440000000000000       0.56979999999999997       0.26540000000000002     
   84.000000000000000       0.85049480291271884        4.0000000000000002E-004   2.0000000000000000E-002  0.14440000000000000       0.56979999999999997       0.26540000000000002     
   85.000000000000000       0.82801285349796205        4.0000000000000002E-004   2.0000000000000000E-002  0.14419999999999999       0.56999999999999995       0.26540000000000002     
   86.000000000000000       0.86878951412739913        4.0000000000000002E-004   2.0000000000000000E-002  0.14019999999999999       0.57399999999999995       0.26540000000000002     
   87.000000000000000       0.78672371658322870        4.0000000000000002E-004   1.9199999999999998E-002  0.14099999999999999       0.56799999999999995       0.27139999999999997     
   88.000000000000000       0.74361603107953522        4.0000000000000002E-004   1.9199999999999998E-002   4.1000000000000002E-002  0.66800000000000004       0.27139999999999997     
   89.000000000000000       0.63932480829560401        4.0000000000000002E-004   1.6600000000000000E-002   8.6000000000000000E-003  0.30440000000000000       0.67000000000000004     
   90.000000000000000       0.90600079512455656        4.0000000000000002E-004   1.4600000000000000E-002   8.8000000000000005E-003  0.30599999999999999       0.67020000000000002     
   91.000000000000000        1.1278358903126398        4.0000000000000002E-004   1.3800000000000000E-002   8.0000000000000002E-003  0.30759999999999998       0.67020000000000002     
   92.000000000000000       0.90893174658306952        4.0000000000000002E-004   1.3599999999999999E-002   7.1999999999999998E-003  0.30759999999999998       0.67120000000000002     
   93.000000000000000       0.88477022203799804        4.0000000000000002E-004   1.3599999999999999E-002   0.0000000000000000       0.31140000000000001       0.67459999999999998     
   94.000000000000000       0.97686583046681930        4.0000000000000002E-004   1.3400000000000000E-002   8.0000000000000004E-004  0.24900000000000000       0.73640000000000005     
   95.000000000000000       0.89225994471259851        4.0000000000000002E-004   1.3400000000000000E-002   6.7999999999999996E-003  0.24240000000000000       0.73699999999999999     
   96.000000000000000       0.88675014503951188        4.0000000000000002E-004   1.3200000000000000E-002   0.0000000000000000       0.24940000000000001       0.73699999999999999     
   97.000000000000000       0.87955015795746661        1.1999999999999999E-003   1.1400000000000000E-002   5.0000000000000001E-003  0.24540000000000001       0.73699999999999999     
   98.000000000000000       0.29368041972698578        1.1999999999999999E-003   1.1400000000000000E-002   4.7999999999999996E-003  0.24500000000000000       0.73760000000000003     
   99.000000000000000       0.27202899492513155        1.1999999999999999E-003   1.1400000000000000E-002   4.5999999999999999E-003  0.24520000000000000       0.73760000000000003     
   100.00000000000000       0.25255143988265427        1.1999999999999999E-003   1.1200000000000000E-002   4.0000000000000001E-003  0.24520000000000000       0.73839999999999995     
   101.00000000000000       0.23498162383716498        1.1999999999999999E-003   1.0999999999999999E-002   3.5999999999999999E-003  0.24579999999999999       0.73839999999999995     
   102.00000000000000       0.21958568247776039        1.1999999999999999E-003   1.0600000000000000E-002   3.5999999999999999E-003  0.24600000000000000       0.73860000000000003     
   103.00000000000000       0.20736366437875361        1.1999999999999999E-003   1.0400000000000000E-002   3.8000000000000000E-003  0.24420000000000000       0.74039999999999995     
   104.00000000000000       0.19774664870216235        1.1999999999999999E-003   1.0400000000000000E-002   3.8000000000000000E-003  0.24420000000000000       0.74039999999999995     
   105.00000000000000       0.19185951635046733        1.1999999999999999E-003   1.0400000000000000E-002   3.8000000000000000E-003  0.24240000000000000       0.74219999999999997     
   106.00000000000000       0.18965780476004351        1.1999999999999999E-003   1.0400000000000000E-002   3.5999999999999999E-003  0.24260000000000001       0.74219999999999997     
   107.00000000000000       0.19167725139342040        8.6000000000000000E-003   3.0000000000000001E-003   3.0000000000000001E-003  0.24220000000000000       0.74319999999999997     
   108.00000000000000       0.19714646056516794        8.6000000000000000E-003   3.0000000000000001E-003   3.0000000000000001E-003  0.24220000000000000       0.74319999999999997     
   109.00000000000000       0.20647799150320612        8.3999999999999995E-003   3.0000000000000001E-003   2.8000000000000000E-003  0.24120000000000000       0.74460000000000004     
   110.00000000000000       0.21809485489853739        8.3999999999999995E-003   3.0000000000000001E-003   2.8000000000000000E-003  0.24120000000000000       0.74460000000000004     
   111.00000000000000       0.23457024240548335        8.0000000000000002E-003   3.0000000000000001E-003   2.8000000000000000E-003  0.23400000000000001       0.75219999999999998     
   112.00000000000000       0.25068981350156511        8.0000000000000002E-003   3.0000000000000001E-003   2.8000000000000000E-003  0.23400000000000001       0.75219999999999998     
   113.00000000000000       0.26791739846615242        8.0000000000000002E-003   3.0000000000000001E-003   2.8000000000000000E-003  0.23400000000000001       0.75219999999999998     
   114.00000000000000       0.28495479820683717        8.0000000000000002E-003   3.0000000000000001E-003   2.2000000000000001E-003  0.23060000000000000       0.75619999999999998     
   115.00000000000000       0.30714953909630516        8.0000000000000002E-003   3.0000000000000001E-003   2.2000000000000001E-003  0.22939999999999999       0.75739999999999996     
   116.00000000000000       0.32466748863405953        8.0000000000000002E-003   3.0000000000000001E-003   2.2000000000000001E-003  0.22919999999999999       0.75760000000000005     
   117.00000000000000       0.34281241030485715        8.0000000000000002E-003   3.0000000000000001E-003   2.2000000000000001E-003  0.22520000000000001       0.76160000000000005     
   118.00000000000000       0.36321295032777728        8.0000000000000002E-003   3.0000000000000001E-003   2.2000000000000001E-003  0.22520000000000001       0.76160000000000005     
   119.00000000000000       0.38161984343805472        8.0000000000000002E-003   3.0000000000000001E-003   1.8000000000000000E-003  0.22559999999999999       0.76160000000000005     
   120.00000000000000       0.39800548494385884        8.0000000000000002E-003   3.0000000000000001E-003   1.8000000000000000E-003  0.22559999999999999       0.76160000000000005     
   121.00000000000000       0.41450073851003766        8.0000000000000002E-003   3.0000000000000001E-003   1.8000000000000000E-003  0.22559999999999999       0.76160000000000005     
   122.00000000000000       0.42777788327007066        8.0000000000000002E-003   3.0000000000000001E-003   1.8000000000000000E-003  0.22559999999999999       0.76160000000000005     
   123.00000000000000       0.44005381764612622        7.0000000000000001E-003   3.8000000000000000E-003   1.8000000000000000E-003  0.22559999999999999       0.76180000000000003     
   124.00000000000000       0.44823390995246853        7.0000000000000001E-003   3.8000000000000000E-003   1.8000000000000000E-003  0.22559999999999999       0.76180000000000003     
   125.00000000000000       0.46253691655810708        7.0000000000000001E-003   3.8000000000000000E-003   1.8000000000000000E-003  0.22559999999999999       0.76180000000000003     
   126.00000000000000       0.47118769257455217        7.0000000000000001E-003   3.8000000000000000E-003   1.8000000000000000E-003  0.22559999999999999       0.76180000000000003     
   127.00000000000000       0.47846756366975962        7.0000000000000001E-003   3.8000000000000000E-003   1.8000000000000000E-003  0.22559999999999999       0.76180000000000003     
   128.00000000000000       0.48442272486615862        7.0000000000000001E-003   3.8000000000000000E-003   4.0000000000000002E-004  0.22700000000000001       0.76180000000000003     
   129.00000000000000       0.49078506430624996        7.0000000000000001E-003   3.8000000000000000E-003   4.0000000000000002E-004  0.22380000000000000       0.76500000000000001     
   130.00000000000000       0.49525170680457486        7.0000000000000001E-003   3.8000000000000000E-003   4.0000000000000002E-004  0.22159999999999999       0.76719999999999999     
   131.00000000000000       0.49796894483105758        7.0000000000000001E-003   3.8000000000000000E-003   4.0000000000000002E-004  0.22159999999999999       0.76719999999999999     
   132.00000000000000       0.49978170920886289        7.0000000000000001E-003   3.5999999999999999E-003   4.0000000000000002E-004  0.22180000000000000       0.76719999999999999     
   133.00000000000000       0.50068708666338568        7.0000000000000001E-003   3.5999999999999999E-003   2.0000000000000001E-004  0.22159999999999999       0.76759999999999995     
   134.00000000000000       0.50070433647201540        7.0000000000000001E-003   3.3999999999999998E-003   4.0000000000000002E-004  0.22159999999999999       0.76759999999999995     
   135.00000000000000       0.50015343278691604        7.0000000000000001E-003   3.3999999999999998E-003   2.0000000000000001E-004  0.21940000000000001       0.77000000000000002     
   136.00000000000000       0.49974254943943514        5.1999999999999998E-003   5.1999999999999998E-003   2.0000000000000001E-004  0.21940000000000001       0.77000000000000002     
   137.00000000000000       0.49879380859474109        5.1999999999999998E-003   5.1999999999999998E-003   2.0000000000000001E-004  0.21940000000000001       0.77000000000000002     
   138.00000000000000       0.49828016881493647        5.1999999999999998E-003   5.1999999999999998E-003   2.0000000000000001E-004  0.21940000000000001       0.77000000000000002     
   139.00000000000000       0.50156910392652709        5.0000000000000001E-003   5.1999999999999998E-003   2.0000000000000001E-004  0.21659999999999999       0.77300000000000002     
   140.00000000000000       0.50833423196603089        5.0000000000000001E-003   5.1999999999999998E-003   2.0000000000000001E-004  0.21500000000000000       0.77459999999999996     
   141.00000000000000       0.51797297215924498        5.0000000000000001E-003   5.1999999999999998E-003   2.0000000000000001E-004  0.21420000000000000       0.77539999999999998     
   142.00000000000000       0.52941838438240352        5.0000000000000001E-003   3.0000000000000001E-003   2.3999999999999998E-003  0.21420000000000000       0.77539999999999998     
   143.00000000000000       0.54025288314094866        5.0000000000000001E-003   3.0000000000000001E-003   2.3999999999999998E-003  0.21320000000000000       0.77639999999999998     
   144.00000000000000       0.55085448241817203        4.7999999999999996E-003   2.3999999999999998E-003   2.2000000000000001E-003  0.21379999999999999       0.77680000000000005     
   145.00000000000000        1.1056509453965528        4.1999999999999997E-003   2.8000000000000000E-003   2.0000000000000000E-003  0.17820000000000000       0.81279999999999997     
   146.00000000000000        1.7159625617953893        4.1999999999999997E-003   2.3999999999999998E-003   2.0000000000000000E-003  0.17660000000000001       0.81479999999999997     
   147.00000000000000        1.5819160039844178        4.1999999999999997E-003   2.3999999999999998E-003   1.6000000000000001E-003  0.17680000000000001       0.81499999999999995     
   148.00000000000000        1.7004590812916014        4.1999999999999997E-003   2.3999999999999998E-003   1.6000000000000001E-003  0.17460000000000001       0.81720000000000004     
   149.00000000000000        1.4042768687251090        4.1999999999999997E-003   2.3999999999999998E-003   1.1999999999999999E-003  0.17499999999999999       0.81720000000000004     
   150.00000000000000        1.6698772796192012        4.1999999999999997E-003   2.3999999999999998E-003   5.9999999999999995E-004  0.17560000000000001       0.81720000000000004     
   151.00000000000000        1.0794601925322733        4.1999999999999997E-003   1.8000000000000000E-003   1.1999999999999999E-003  0.17199999999999999       0.82079999999999997     
   152.00000000000000       0.52050853149987764        4.0000000000000001E-003   2.0000000000000000E-003   1.1999999999999999E-003  0.17199999999999999       0.82079999999999997     
   153.00000000000000       0.49516022370066459        4.0000000000000001E-003   2.0000000000000000E-003   1.1999999999999999E-003  0.17199999999999999       0.82079999999999997     
   154.00000000000000       0.46550472756588379        4.0000000000000001E-003   1.0000000000000000E-003   2.3999999999999998E-003  0.17180000000000001       0.82079999999999997     
   155.00000000000000       0.43253950692685661        4.0000000000000001E-003   1.0000000000000000E-003   2.3999999999999998E-003  0.17180000000000001       0.82079999999999997     
   156.00000000000000       0.39622693152392163        4.0000000000000001E-003   1.0000000000000000E-003   2.3999999999999998E-003  0.17180000000000001       0.82079999999999997     
   157.00000000000000       0.35664537211799230        4.0000000000000001E-003   1.0000000000000000E-003   4.0000000000000001E-003  0.17019999999999999       0.82079999999999997     
   158.00000000000000       0.31932385670962438        0.0000000000000000        5.0000000000000001E-003   3.3999999999999998E-003  0.17040000000000000       0.82120000000000004     
   159.00000000000000       0.28369636931718389        0.0000000000000000        5.0000000000000001E-003   3.3999999999999998E-003  0.17040000000000000       0.82120000000000004     
   160.00000000000000       0.25003580146523507        0.0000000000000000        4.7999999999999996E-003   3.2000000000000002E-003  0.17060000000000000       0.82140000000000002     
   161.00000000000000       0.22098514180099874        0.0000000000000000        4.7999999999999996E-003   3.2000000000000002E-003  0.17060000000000000       0.82140000000000002     
   162.00000000000000       0.19853886131208467        0.0000000000000000        4.7999999999999996E-003   3.2000000000000002E-003  0.17060000000000000       0.82140000000000002     
   163.00000000000000       0.18345965312008683        0.0000000000000000        5.0000000000000001E-003   3.0000000000000001E-003  0.17060000000000000       0.82140000000000002     
   164.00000000000000       0.17925011001633506        0.0000000000000000        5.0000000000000001E-003   3.0000000000000001E-003  0.17000000000000001       0.82199999999999995     
   165.00000000000000       0.17898788432142587        0.0000000000000000        4.7999999999999996E-003   3.0000000000000001E-003  0.19320000000000001       0.79900000000000004     
   166.00000000000000       0.18476153007414634        0.0000000000000000        4.7999999999999996E-003   3.0000000000000001E-003  0.19300000000000000       0.79920000000000002     
   167.00000000000000       0.19189965520027857        0.0000000000000000        4.7999999999999996E-003   3.0000000000000001E-003  0.19420000000000001       0.79800000000000004     
   168.00000000000000       0.19862543231764362        0.0000000000000000        4.7999999999999996E-003   2.8000000000000000E-003  0.19480000000000000       0.79759999999999998     
   169.00000000000000       0.20471042157244429        0.0000000000000000        4.7999999999999996E-003   2.8000000000000000E-003  0.19439999999999999       0.79800000000000004     
   170.00000000000000       0.20939399045479573        0.0000000000000000        4.7999999999999996E-003   2.8000000000000000E-003  0.19639999999999999       0.79600000000000004     
   171.00000000000000       0.21341488338271355        2.0000000000000001E-004   4.5999999999999999E-003   2.5999999999999999E-003  0.19560000000000000       0.79700000000000004     
   172.00000000000000       0.21604440232290176        2.0000000000000001E-004   4.0000000000000001E-003   3.2000000000000002E-003  0.19580000000000000       0.79679999999999995     
   173.00000000000000       0.21682926391908472        2.0000000000000001E-004   4.0000000000000001E-003   3.2000000000000002E-003  0.19939999999999999       0.79320000000000002     
   174.00000000000000       0.21689096966506305        2.0000000000000001E-004   4.0000000000000001E-003   3.2000000000000002E-003  0.19919999999999999       0.79339999999999999     
   175.00000000000000       0.21629275483476496        2.0000000000000001E-004   4.0000000000000001E-003   3.2000000000000002E-003  0.19919999999999999       0.79339999999999999     
   176.00000000000000       0.21472426508088627        2.0000000000000001E-004   4.0000000000000001E-003   3.2000000000000002E-003  0.19839999999999999       0.79420000000000002     
   177.00000000000000       0.21105042216013159        2.0000000000000001E-004   4.0000000000000001E-003   3.2000000000000002E-003  0.20019999999999999       0.79239999999999999     
   178.00000000000000       0.20685077007267227        2.0000000000000001E-004   4.0000000000000001E-003   1.7000000000000001E-002  0.18640000000000001       0.79239999999999999     
   179.00000000000000       0.20498931482606500        2.0000000000000001E-004   4.0000000000000001E-003   1.8599999999999998E-002  0.18640000000000001       0.79079999999999995     
   180.00000000000000       0.20595279046639725        2.5999999999999999E-003   1.6000000000000001E-003   1.8200000000000001E-002  0.18640000000000001       0.79120000000000001     
   181.00000000000000       0.20654870838070738        2.5999999999999999E-003   1.6000000000000001E-003   1.7999999999999999E-002  0.18640000000000001       0.79139999999999999     
   182.00000000000000       0.20611217207681909        3.0000000000000001E-003   1.1999999999999999E-003   1.7999999999999999E-002  0.18640000000000001       0.79139999999999999     
   183.00000000000000       0.20557306378445669        3.2000000000000002E-003   1.0000000000000000E-003   1.8800000000000001E-002  0.18640000000000001       0.79059999999999997     
   184.00000000000000       0.21634286690514939        2.8000000000000000E-003   1.4000000000000000E-003   1.8800000000000001E-002  0.18640000000000001       0.79059999999999997     
   185.00000000000000       0.20339346088030424        3.5999999999999999E-003   5.9999999999999995E-004   1.9400000000000001E-002  0.18640000000000001       0.79000000000000004     
   186.00000000000000       0.21258936513110430        3.5999999999999999E-003   5.9999999999999995E-004   1.9000000000000000E-002  0.18640000000000001       0.79039999999999999     
   187.00000000000000       0.19899004216967800        3.5999999999999999E-003   5.9999999999999995E-004   2.0000000000000000E-002  0.18640000000000001       0.78939999999999999     
   188.00000000000000       0.19555292719312314        3.5999999999999999E-003   5.9999999999999995E-004   2.1999999999999999E-002  0.18400000000000000       0.78979999999999995     
   189.00000000000000       0.19694639136676784        3.3999999999999998E-003   8.0000000000000004E-004   2.1999999999999999E-002  0.18260000000000001       0.79120000000000001     
   190.00000000000000       0.19757213695368453        3.3999999999999998E-003   8.0000000000000004E-004   2.1999999999999999E-002  0.18260000000000001       0.79120000000000001     
   191.00000000000000       0.19712097303412626        3.3999999999999998E-003   8.0000000000000004E-004   2.1999999999999999E-002  0.18240000000000001       0.79139999999999999     
   192.00000000000000       0.19637823567157858        3.3999999999999998E-003   1.1999999999999999E-003   2.1399999999999999E-002  0.18260000000000001       0.79139999999999999     
   193.00000000000000       0.19461209505197435        3.3999999999999998E-003   1.1999999999999999E-003   2.1399999999999999E-002  0.18240000000000001       0.79159999999999997     
   194.00000000000000       0.19329378014274251        3.3999999999999998E-003   1.1999999999999999E-003   2.1399999999999999E-002  0.18240000000000001       0.79159999999999997     
   195.00000000000000       0.19000737267732862        3.3999999999999998E-003   1.1999999999999999E-003   2.1399999999999999E-002  0.18220000000000000       0.79179999999999995     
   196.00000000000000       0.18655906201557662        3.3999999999999998E-003   1.1999999999999999E-003   2.1000000000000001E-002  0.18160000000000001       0.79279999999999995     
   197.00000000000000       0.18193039461710284        3.3999999999999998E-003   1.1999999999999999E-003   2.1000000000000001E-002  0.18179999999999999       0.79259999999999997     
   198.00000000000000       0.17718388558270992        3.3999999999999998E-003   1.1999999999999999E-003   2.1000000000000001E-002  0.18160000000000001       0.79279999999999995     
   199.00000000000000       0.17187471252794065        3.5999999999999999E-003   1.0000000000000000E-003   2.1000000000000001E-002  0.18160000000000001       0.79279999999999995     
   200.00000000000000       0.16675864654659434        3.5999999999999999E-003   1.0000000000000000E-003   2.1000000000000001E-002  0.18160000000000001       0.79279999999999995     
   201.00000000000000       0.16262632307952554        3.5999999999999999E-003   1.0000000000000000E-003   2.1000000000000001E-002  0.18160000000000001       0.79279999999999995     
   202.00000000000000       0.15939085908885572        4.0000000000000001E-003   5.9999999999999995E-004   2.1000000000000001E-002  0.18140000000000001       0.79300000000000004     
   203.00000000000000       0.15781670150815280        0.0000000000000000        4.5999999999999999E-003   2.1000000000000001E-002  0.18020000000000000       0.79420000000000002     
   204.00000000000000       0.15919341690506914        0.0000000000000000        4.5999999999999999E-003   2.1000000000000001E-002  0.17240000000000000       0.80200000000000005     
   205.00000000000000       0.16164251117968184        0.0000000000000000        4.5999999999999999E-003   2.1200000000000000E-002  0.17160000000000000       0.80259999999999998     
   206.00000000000000       0.16626603020938277        0.0000000000000000        4.5999999999999999E-003   2.0799999999999999E-002  0.17160000000000000       0.80300000000000005     
   207.00000000000000       0.17307470164013833        0.0000000000000000        4.5999999999999999E-003   2.0799999999999999E-002  0.17000000000000001       0.80459999999999998     
   208.00000000000000       0.18203493054133851        0.0000000000000000        4.5999999999999999E-003   2.0600000000000000E-002  0.17000000000000001       0.80479999999999996     
   209.00000000000000       0.19292475103760109        0.0000000000000000        4.5999999999999999E-003   2.0799999999999999E-002  0.16980000000000001       0.80479999999999996     
   210.00000000000000       0.20597686240460952        0.0000000000000000        4.5999999999999999E-003   2.0400000000000001E-002  0.16800000000000001       0.80700000000000005     
   211.00000000000000       0.22047741473221624        0.0000000000000000        4.5999999999999999E-003   2.0400000000000001E-002  0.16380000000000000       0.81120000000000003     
   212.00000000000000       0.23506075763389161        0.0000000000000000        4.5999999999999999E-003   2.0400000000000001E-002  0.16380000000000000       0.81120000000000003     
   213.00000000000000       0.25007807626805745        0.0000000000000000        4.4000000000000003E-003   2.0400000000000001E-002  0.16380000000000000       0.81140000000000001     
   214.00000000000000       0.26538108451382980        0.0000000000000000        4.4000000000000003E-003   2.0400000000000001E-002  0.16380000000000000       0.81140000000000001     
   215.00000000000000       0.28074945425720693        0.0000000000000000        4.4000000000000003E-003   2.0400000000000001E-002  0.16320000000000001       0.81200000000000006     
   216.00000000000000       0.29549146044001773        0.0000000000000000        3.5999999999999999E-003   2.0799999999999999E-002  0.16360000000000000       0.81200000000000006     
