#        BMIN =   404
#        BMAX =   408
#     INIBAND =   406
#      NBANDS =   540
#         NSW =  2000
#       POTIM =   1.0
#        TEMP = 300.0
#    NAMDTINI =   227
#    NAMDTIME =  1000
#       NTRAJ =  5000
#        NELM =  1000
#       LHOLE =     T
#        LSHP =     T
#      LCPTXT =     T
#      RUNDIR = ../../run/
   1.0000000000000000        4.8452819092198396E-002   0.0000000000000000        0.0000000000000000        1.0000000000000000        0.0000000000000000        0.0000000000000000     
   2.0000000000000000        5.3036205819656110E-002   0.0000000000000000        0.0000000000000000        1.0000000000000000        0.0000000000000000        0.0000000000000000     
   3.0000000000000000        5.6575044655169035E-002   0.0000000000000000        0.0000000000000000        1.0000000000000000        0.0000000000000000        0.0000000000000000     
   4.0000000000000000        5.9980110841951484E-002   0.0000000000000000        0.0000000000000000       0.99980000000000002        2.0000000000000001E-004   0.0000000000000000     
   5.0000000000000000        6.3579145063954873E-002   0.0000000000000000        0.0000000000000000       0.99980000000000002        2.0000000000000001E-004   0.0000000000000000     
   6.0000000000000000        6.8740724255937927E-002   0.0000000000000000        0.0000000000000000       0.99960000000000004        4.0000000000000002E-004   0.0000000000000000     
   7.0000000000000000        7.4667347200346484E-002   0.0000000000000000        0.0000000000000000       0.99939999999999996        4.0000000000000002E-004   2.0000000000000001E-004
   8.0000000000000000        8.1001996855914596E-002   0.0000000000000000        0.0000000000000000       0.99939999999999996        4.0000000000000002E-004   2.0000000000000001E-004
   9.0000000000000000        8.8170907541920807E-002   0.0000000000000000        0.0000000000000000       0.99900000000000000        8.0000000000000004E-004   2.0000000000000001E-004
   10.000000000000000        9.4099914598655493E-002   0.0000000000000000        0.0000000000000000       0.99900000000000000        8.0000000000000004E-004   2.0000000000000001E-004
   11.000000000000000        9.9261953069307879E-002   0.0000000000000000        0.0000000000000000       0.99700000000000000        2.8000000000000000E-003   2.0000000000000001E-004
   12.000000000000000       0.10357415068346512        0.0000000000000000        0.0000000000000000       0.98899999999999999        1.0800000000000001E-002   2.0000000000000001E-004
   13.000000000000000        9.7418567727083238E-002   0.0000000000000000        0.0000000000000000       0.98939999999999995        1.0400000000000000E-002   2.0000000000000001E-004
   14.000000000000000        7.3127802456027569E-002   0.0000000000000000       0.24900000000000000       0.74039999999999995        1.0400000000000000E-002   2.0000000000000001E-004
   15.000000000000000        7.2211236760356429E-002   0.0000000000000000       0.24940000000000001       0.74039999999999995        1.0000000000000000E-002   2.0000000000000001E-004
   16.000000000000000        8.1583554314263076E-002   0.0000000000000000       0.24079999999999999       0.73880000000000001        1.9400000000000001E-002   1.0000000000000000E-003
   17.000000000000000        7.9132843893741825E-002   0.0000000000000000       0.24079999999999999       0.73880000000000001        1.9400000000000001E-002   1.0000000000000000E-003
   18.000000000000000        6.9700983146106538E-002   0.0000000000000000       0.24140000000000000       0.73819999999999997        1.9400000000000001E-002   1.0000000000000000E-003
   19.000000000000000        5.9169645508820402E-002   0.0000000000000000       0.24140000000000000       0.73680000000000001        1.9400000000000001E-002   2.3999999999999998E-003
   20.000000000000000        4.3764928700132051E-002   0.0000000000000000       0.24140000000000000       0.73680000000000001        1.9400000000000001E-002   2.3999999999999998E-003
   21.000000000000000        3.2674501289729173E-002   0.0000000000000000       0.24160000000000001       0.73619999999999997        1.9199999999999998E-002   3.0000000000000001E-003
   22.000000000000000        2.6226299580657978E-002   0.0000000000000000       0.23960000000000001        1.6000000000000001E-003  0.75580000000000003        3.0000000000000001E-003
   23.000000000000000        1.1761610045474137E-002   0.0000000000000000       0.23780000000000001        1.6000000000000001E-003  0.75760000000000005        3.0000000000000001E-003
   24.000000000000000        5.1217967206369508E-003   0.0000000000000000       0.23719999999999999        1.6000000000000001E-003  0.75819999999999999        3.0000000000000001E-003
   25.000000000000000       -7.1742486255764503E-004   0.0000000000000000       0.23740000000000000        2.2000000000000001E-003  0.75739999999999996        3.0000000000000001E-003
   26.000000000000000       -1.6426175154252619E-002   0.0000000000000000       0.23740000000000000        8.0000000000000004E-004  0.75819999999999999        3.5999999999999999E-003
   27.000000000000000       -3.0975969710460065E-002   0.0000000000000000       0.23740000000000000        2.1800000000000000E-002  0.73719999999999997        3.5999999999999999E-003
   28.000000000000000       -4.0989591865403588E-002   0.0000000000000000       0.23740000000000000        6.3000000000000000E-002  0.69599999999999995        3.5999999999999999E-003
   29.000000000000000       -4.3148692626712754E-002   0.0000000000000000       0.23740000000000000        6.7599999999999993E-002  0.69140000000000001        3.5999999999999999E-003
   30.000000000000000       -4.1470815943724579E-002   3.3399999999999999E-002  0.20399999999999999        6.4000000000000001E-002  0.69499999999999995        3.5999999999999999E-003
   31.000000000000000       -3.0167419654416980E-002   3.3399999999999999E-002  0.20180000000000001        7.3599999999999999E-002  0.68759999999999999        3.5999999999999999E-003
   32.000000000000000       -1.2930186969511372E-002   3.3599999999999998E-002  0.19960000000000000        8.0000000000000002E-002  0.68240000000000001        4.4000000000000003E-003
   33.000000000000000        7.6216393036988928E-003   2.9800000000000000E-002  0.20080000000000001        8.4000000000000005E-002  0.68059999999999998        4.7999999999999996E-003
   34.000000000000000        2.4212567884916623E-002   2.9000000000000001E-002  0.20060000000000000        8.6800000000000002E-002  0.67879999999999996        4.7999999999999996E-003
   35.000000000000000        2.4867100847357548E-002   2.9200000000000000E-002  0.20019999999999999        8.2199999999999995E-002  0.68359999999999999        4.7999999999999996E-003
   36.000000000000000        3.1204923157952050E-002   2.9200000000000000E-002  0.19939999999999999        7.9600000000000004E-002  0.68700000000000006        4.7999999999999996E-003
   37.000000000000000        7.6383796653977390E-002   2.5000000000000001E-002  0.20180000000000001        8.2199999999999995E-002  0.68620000000000003        4.7999999999999996E-003
   38.000000000000000       0.11572150824050684        2.2599999999999999E-002  0.20200000000000001        8.4400000000000003E-002  0.68620000000000003        4.7999999999999996E-003
   39.000000000000000       0.15343520558065432        2.0000000000000000E-002  0.20460000000000000        7.3599999999999999E-002  0.69640000000000002        5.4000000000000003E-003
   40.000000000000000       0.15908398777538169        2.0199999999999999E-002  0.20440000000000000        6.8800000000000000E-002  0.70060000000000000        6.0000000000000001E-003
   41.000000000000000       0.17592705814748291        2.2599999999999999E-002  0.20019999999999999        7.0599999999999996E-002  0.70060000000000000        6.0000000000000001E-003
   42.000000000000000       0.10190928635619761        4.0000000000000001E-003  0.18579999999999999        8.8400000000000006E-002  0.69020000000000004        3.1600000000000003E-002
   43.000000000000000        1.1368021458584316        4.0000000000000001E-003  0.18379999999999999        8.5199999999999998E-002  0.40539999999999998       0.32160000000000000     
   44.000000000000000       0.70607618589960219        3.8000000000000000E-003  0.18320000000000000        8.5400000000000004E-002  0.40600000000000003       0.32160000000000000     
   45.000000000000000       0.70564801961098533        3.8000000000000000E-003  0.18260000000000001        8.4599999999999995E-002  0.40739999999999998       0.32160000000000000     
   46.000000000000000       0.68688654206394439        3.2000000000000002E-003  0.18279999999999999        6.7799999999999999E-002  0.38360000000000000       0.36259999999999998     
   47.000000000000000       0.36130192559373697        3.2000000000000002E-003  0.18279999999999999        6.7599999999999993E-002  0.38100000000000001       0.36540000000000000     
   48.000000000000000       0.37324066698874186        3.2000000000000002E-003  0.18279999999999999        6.7599999999999993E-002  0.38100000000000001       0.36540000000000000     
   49.000000000000000       0.38436150954014259        3.0000000000000001E-003  0.18279999999999999        6.7400000000000002E-002  0.36199999999999999       0.38479999999999998     
   50.000000000000000       0.39021110117371510        3.0000000000000001E-003  0.18279999999999999        6.5799999999999997E-002  0.35360000000000003       0.39479999999999998     
   51.000000000000000       0.39236772048009250        3.0000000000000001E-003  0.18279999999999999        6.4600000000000005E-002  0.35439999999999999       0.39520000000000000     
   52.000000000000000       0.39121382408321725        3.0000000000000001E-003  0.18279999999999999        6.4199999999999993E-002  0.35480000000000000       0.39520000000000000     
   53.000000000000000       0.38717632124988666        3.0000000000000001E-003  0.18279999999999999        6.3799999999999996E-002  0.35780000000000001       0.39260000000000000     
   54.000000000000000       0.38147380430236189        3.0000000000000001E-003  0.18279999999999999        6.3799999999999996E-002  0.34680000000000000       0.40360000000000001     
   55.000000000000000       0.37228920459675086        3.0000000000000001E-003  0.18279999999999999        6.3799999999999996E-002  0.34220000000000000       0.40820000000000001     
   56.000000000000000       0.36078139108709012        3.0000000000000001E-003  0.18279999999999999        6.3000000000000000E-002  0.34260000000000002       0.40860000000000002     
   57.000000000000000       0.34756325541296590        3.0000000000000001E-003  0.18279999999999999        6.2399999999999997E-002  0.34039999999999998       0.41139999999999999     
   58.000000000000000       0.33322835709990917        3.0000000000000001E-003  0.18279999999999999        6.0400000000000002E-002  0.33979999999999999       0.41399999999999998     
   59.000000000000000       0.31715857560385974        3.0000000000000001E-003  0.18279999999999999        6.0400000000000002E-002  0.34079999999999999       0.41299999999999998     
   60.000000000000000       0.30043853754062289        2.5399999999999999E-002  0.15980000000000000        6.0400000000000002E-002  0.34220000000000000       0.41220000000000001     
   61.000000000000000       0.28583167331519099        2.5399999999999999E-002  0.15840000000000001        6.0400000000000002E-002  0.35360000000000003       0.40220000000000000     
   62.000000000000000       0.27127121071960503        2.5399999999999999E-002  0.15820000000000001        5.9999999999999998E-002  0.34039999999999998       0.41599999999999998     
   63.000000000000000       0.25614104780129143        2.5399999999999999E-002  0.15780000000000000        5.9999999999999998E-002  0.33460000000000001       0.42220000000000002     
   64.000000000000000       0.24175920809000112        2.5399999999999999E-002  0.15740000000000001        5.9999999999999998E-002  0.33479999999999999       0.42240000000000000     
   65.000000000000000       0.22801066187601998        2.5399999999999999E-002  0.15600000000000000        5.9400000000000001E-002  0.33320000000000000       0.42599999999999999     
   66.000000000000000       0.21373277474780919        2.5399999999999999E-002  0.15559999999999999        5.9200000000000003E-002  0.33439999999999998       0.42540000000000000     
   67.000000000000000       0.19981769155965251        2.5399999999999999E-002  0.15559999999999999        5.9200000000000003E-002  0.33500000000000002       0.42480000000000001     
   68.000000000000000       0.18786354924501109        0.0000000000000000       0.18099999999999999        5.8000000000000003E-002  0.33500000000000002       0.42599999999999999     
   69.000000000000000       0.17875838221268009        0.0000000000000000       0.18099999999999999        5.7200000000000001E-002  0.33539999999999998       0.42640000000000000     
   70.000000000000000       0.17241995947244659        0.0000000000000000       0.18099999999999999        5.7200000000000001E-002  0.33539999999999998       0.42640000000000000     
   71.000000000000000       0.16888324783425551        0.0000000000000000       0.16560000000000000        7.2200000000000000E-002  0.32779999999999998       0.43440000000000001     
   72.000000000000000       0.16528330267004976        0.0000000000000000       0.16439999999999999        7.2200000000000000E-002  0.32740000000000002       0.43600000000000000     
   73.000000000000000       0.16075049555463147        0.0000000000000000       0.16439999999999999        7.2200000000000000E-002  0.32240000000000002       0.44100000000000000     
   74.000000000000000       0.15887259756812072        0.0000000000000000       0.16439999999999999        7.2200000000000000E-002  0.32179999999999997       0.44159999999999999     
   75.000000000000000       0.15820190759116770        0.0000000000000000       0.16439999999999999        7.2200000000000000E-002  0.31940000000000002       0.44400000000000001     
   76.000000000000000       0.15988581404467994        0.0000000000000000       0.16439999999999999        7.2200000000000000E-002  0.31919999999999998       0.44419999999999998     
   77.000000000000000       0.16288123673096111        0.0000000000000000       0.16439999999999999        7.2200000000000000E-002  0.31960000000000000       0.44379999999999997     
   78.000000000000000       0.16687941962807318        0.0000000000000000       0.16339999999999999        7.2200000000000000E-002  0.32079999999999997       0.44359999999999999     
   79.000000000000000       0.17292755060529391        0.0000000000000000       0.16339999999999999        7.2200000000000000E-002  0.32100000000000001       0.44340000000000002     
   80.000000000000000       0.17950999395631198        0.0000000000000000       0.16259999999999999        7.2200000000000000E-002  0.31919999999999998       0.44600000000000001     
   81.000000000000000       0.18766576416582945        2.0000000000000001E-004  0.16039999999999999        7.2200000000000000E-002  0.32019999999999998       0.44700000000000001     
   82.000000000000000       0.19555382897652956        2.0000000000000001E-004  0.16039999999999999        7.2200000000000000E-002  0.32100000000000001       0.44619999999999999     
   83.000000000000000       0.20412430640270729        2.0000000000000001E-004  0.16039999999999999        7.2200000000000000E-002  0.32119999999999999       0.44600000000000001     
   84.000000000000000       0.21354424733658156        2.0000000000000001E-004  0.16039999999999999        7.2200000000000000E-002  0.31759999999999999       0.44960000000000000     
   85.000000000000000       0.22311358822786706        2.0000000000000001E-004  0.16039999999999999        7.2200000000000000E-002  0.31759999999999999       0.44960000000000000     
   86.000000000000000       0.23349897673182762        0.0000000000000000       0.15820000000000001        7.1800000000000003E-002  0.32140000000000002       0.44860000000000000     
   87.000000000000000       0.24224901008079441        0.0000000000000000       0.15820000000000001        7.1800000000000003E-002  0.31960000000000000       0.45040000000000002     
   88.000000000000000       0.24791792157633019        1.0000000000000000E-003  0.15420000000000000        7.3599999999999999E-002  0.31960000000000000       0.45160000000000000     
   89.000000000000000       0.25458083744338827        1.0000000000000000E-003  0.15400000000000000        7.3200000000000001E-002  0.32000000000000001       0.45179999999999998     
   90.000000000000000       0.26655599220357840        1.0000000000000000E-003  0.15379999999999999        7.0999999999999994E-002  0.31840000000000002       0.45579999999999998     
   91.000000000000000       0.27660020304672162        1.0000000000000000E-003  0.15340000000000001        7.0999999999999994E-002  0.31719999999999998       0.45739999999999997     
   92.000000000000000       0.28519751977174795        1.0000000000000000E-003  0.15320000000000000        7.0800000000000002E-002  0.31759999999999999       0.45739999999999997     
   93.000000000000000       0.29278151350539100        1.0000000000000000E-003  0.14899999999999999        7.3200000000000001E-002  0.31840000000000002       0.45839999999999997     
   94.000000000000000       0.29782729272192227        1.0000000000000000E-003  0.14899999999999999        7.3200000000000001E-002  0.31759999999999999       0.45920000000000000     
   95.000000000000000       0.30047186773546514        8.0000000000000004E-004  0.14920000000000000        7.3200000000000001E-002  0.31759999999999999       0.45920000000000000     
   96.000000000000000       0.30221793287360460        8.0000000000000004E-004  0.14599999999999999        7.5399999999999995E-002  0.31680000000000003       0.46100000000000002     
   97.000000000000000       0.30211928489594725        8.0000000000000004E-004  0.14319999999999999        7.6799999999999993E-002  0.31600000000000000       0.46320000000000000     
   98.000000000000000       0.29907394457330083        1.0000000000000000E-003  0.14240000000000000        7.7399999999999997E-002  0.31540000000000001       0.46379999999999999     
   99.000000000000000       0.29410032141731379        1.4000000000000000E-002  0.12859999999999999        7.7600000000000002E-002  0.31559999999999999       0.46420000000000000     
   100.00000000000000       0.28859404719494275        2.2200000000000001E-002  0.11960000000000000        7.8000000000000000E-002  0.31559999999999999       0.46460000000000001     
   101.00000000000000       0.28340918616147903        1.9000000000000000E-002  0.12280000000000001        7.5800000000000006E-002  0.31440000000000001       0.46800000000000003     
   102.00000000000000       0.27800926638050449        1.9400000000000001E-002  0.11860000000000000        7.7799999999999994E-002  0.31400000000000000       0.47020000000000001     
   103.00000000000000       0.27060710870416232        1.9400000000000001E-002  0.11680000000000000        7.7799999999999994E-002  0.31519999999999998       0.47080000000000000     
   104.00000000000000       0.26350340979916276        1.9400000000000001E-002  0.11400000000000000        7.9799999999999996E-002  0.31019999999999998       0.47660000000000002     
   105.00000000000000       0.25419451624290262        1.8200000000000001E-002  0.11340000000000000        8.0399999999999999E-002  0.31080000000000002       0.47720000000000001     
   106.00000000000000       0.24510752041463962        1.7999999999999999E-002  0.11119999999999999        7.9600000000000004E-002  0.31340000000000001       0.47780000000000000     
   107.00000000000000       0.23670036560994767        1.7999999999999999E-002  0.10620000000000000        8.3599999999999994E-002  0.31340000000000001       0.47880000000000000     
   108.00000000000000       0.22724227791426305        2.5999999999999999E-003  0.11840000000000001        8.6400000000000005E-002  0.31380000000000002       0.47880000000000000     
   109.00000000000000       0.22335771309006464        2.0000000000000000E-003   5.9400000000000001E-002  0.14560000000000001       0.31419999999999998       0.47880000000000000     
   110.00000000000000       0.21860581581442073        2.5999999999999999E-003   5.8799999999999998E-002  0.14560000000000001       0.31440000000000001       0.47860000000000003     
   111.00000000000000       0.21555948814140868        1.7800000000000000E-002   4.3200000000000002E-002  0.14560000000000001       0.31480000000000002       0.47860000000000003     
   112.00000000000000       0.21424019659660287        1.9199999999999998E-002   4.1799999999999997E-002  0.14560000000000001       0.31480000000000002       0.47860000000000003     
   113.00000000000000       0.21379455770491437        1.9199999999999998E-002   4.1799999999999997E-002  0.14560000000000001       0.30740000000000001       0.48599999999999999     
   114.00000000000000       0.21376488373875857        1.9199999999999998E-002   4.1799999999999997E-002  0.14199999999999999       0.30120000000000002       0.49580000000000002     
   115.00000000000000       0.21520163254536290        2.0000000000000000E-002   4.1000000000000002E-002  0.14219999999999999       0.30120000000000002       0.49559999999999998     
   116.00000000000000       0.21584720771772134        2.0199999999999999E-002   4.0800000000000003E-002  0.14219999999999999       0.30120000000000002       0.49559999999999998     
   117.00000000000000       0.21299404781351236        2.0199999999999999E-002   4.0800000000000003E-002  0.14199999999999999       0.30120000000000002       0.49580000000000002     
   118.00000000000000       0.21054357083388092        2.0199999999999999E-002   4.0800000000000003E-002  0.14199999999999999       0.30120000000000002       0.49580000000000002     
   119.00000000000000       0.20402014116511724        2.4600000000000000E-002   3.6400000000000002E-002  0.14219999999999999       0.30120000000000002       0.49559999999999998     
   120.00000000000000       0.19677065301523156        2.4600000000000000E-002   3.4200000000000001E-002  0.13320000000000001       0.31200000000000000       0.49600000000000000     
   121.00000000000000       0.19359485618702690        2.4600000000000000E-002   3.3799999999999997E-002  0.13320000000000001       0.31240000000000001       0.49600000000000000     
   122.00000000000000       0.18751665642547749        2.4600000000000000E-002   3.2800000000000003E-002  0.13320000000000001       0.31319999999999998       0.49619999999999997     
   123.00000000000000       0.18605611183279644        2.4600000000000000E-002   8.2000000000000007E-003  0.15600000000000000       0.31040000000000001       0.50080000000000002     
   124.00000000000000       0.18813177233320144        2.4600000000000000E-002   8.2000000000000007E-003  0.15600000000000000       0.30819999999999997       0.50300000000000000     
   125.00000000000000       0.19450645724374119        2.4600000000000000E-002   7.7999999999999996E-003  0.15620000000000001       0.30780000000000002       0.50360000000000005     
   126.00000000000000       0.20140792864243667        2.4600000000000000E-002   7.7999999999999996E-003  0.15440000000000001       0.30959999999999999       0.50360000000000005     
   127.00000000000000       0.20861626134908226        2.4199999999999999E-002   8.2000000000000007E-003  0.15479999999999999       0.30919999999999997       0.50360000000000005     
   128.00000000000000       0.21688453961333687        2.4199999999999999E-002   7.1999999999999998E-003  0.16139999999999999       0.30240000000000000       0.50480000000000003     
   129.00000000000000       0.22666965999484018        2.4199999999999999E-002   7.0000000000000001E-003  0.16520000000000001       0.29880000000000001       0.50480000000000003     
   130.00000000000000       0.23679037837488234        2.4000000000000000E-002   7.1999999999999998E-003  0.16120000000000001       0.30199999999999999       0.50560000000000005     
   131.00000000000000       0.24784385286699606        2.3199999999999998E-002   6.7999999999999996E-003  0.16120000000000001       0.30020000000000002       0.50860000000000005     
   132.00000000000000       0.25779081169641338        2.3000000000000000E-002   7.0000000000000001E-003  0.16100000000000000       0.30020000000000002       0.50880000000000003     
   133.00000000000000       0.26843826709259472        2.2599999999999999E-002   7.4000000000000003E-003  0.16120000000000001       0.29499999999999998       0.51380000000000003     
   134.00000000000000       0.27720499243574254        2.1999999999999999E-002   7.7999999999999996E-003  0.16100000000000000       0.29520000000000002       0.51400000000000001     
   135.00000000000000       0.28517527484655047        2.1999999999999999E-002   7.1999999999999998E-003  0.16139999999999999       0.29540000000000000       0.51400000000000001     
   136.00000000000000       0.29176253510535810        2.1999999999999999E-002   7.1999999999999998E-003  0.16100000000000000       0.29540000000000000       0.51439999999999997     
   137.00000000000000       0.29738996553096747        2.1800000000000000E-002   7.4000000000000003E-003  0.16000000000000000       0.29540000000000000       0.51539999999999997     
   138.00000000000000       0.30130154662308772        2.1600000000000001E-002   7.6000000000000000E-003  0.16000000000000000       0.29540000000000000       0.51539999999999997     
   139.00000000000000       0.30478089560440802        2.1399999999999999E-002   7.6000000000000000E-003  0.15980000000000000       0.29499999999999998       0.51619999999999999     
   140.00000000000000       0.30605442833161134        2.1200000000000000E-002   7.4000000000000003E-003  0.16000000000000000       0.29520000000000002       0.51619999999999999     
   141.00000000000000       0.30673461420729559        2.1200000000000000E-002   6.6000000000000000E-003  0.16039999999999999       0.29520000000000002       0.51659999999999995     
   142.00000000000000       0.30685651633961941        2.0600000000000000E-002   7.7999999999999996E-003  0.15920000000000001       0.29580000000000001       0.51659999999999995     
   143.00000000000000       0.30673320378820290        1.9199999999999998E-002   6.0000000000000001E-003  0.16100000000000000       0.29559999999999997       0.51819999999999999     
   144.00000000000000       0.30720406716454041        1.7800000000000000E-002   6.6000000000000000E-003  0.16100000000000000       0.28899999999999998       0.52559999999999996     
   145.00000000000000       0.30720947884440075        1.7200000000000000E-002   7.1999999999999998E-003  0.16100000000000000       0.27820000000000000       0.53639999999999999     
   146.00000000000000       0.30204639812867617        1.9599999999999999E-002   4.5999999999999999E-003  0.16120000000000001       0.42199999999999999       0.39260000000000000     
   147.00000000000000       0.30234793572088048        1.9199999999999998E-002   4.5999999999999999E-003  0.16139999999999999       0.42199999999999999       0.39279999999999998     
   148.00000000000000       0.30048759696368277        1.9199999999999998E-002   4.5999999999999999E-003  0.16100000000000000       0.45879999999999999       0.35639999999999999     
   149.00000000000000       0.29824261950619224        1.9000000000000000E-002   3.5999999999999999E-003  0.16200000000000001       0.43840000000000001       0.37700000000000000     
   150.00000000000000       0.29537398487692035        1.9000000000000000E-002   3.3999999999999998E-003  0.16200000000000001       0.44159999999999999       0.37400000000000000     
   151.00000000000000       0.29377232156531774        1.8800000000000001E-002   3.3999999999999998E-003  0.16200000000000001       0.44500000000000001       0.37080000000000002     
   152.00000000000000       0.29055820271862609        1.8599999999999998E-002   3.3999999999999998E-003  0.16200000000000001       0.44200000000000000       0.37400000000000000     
   153.00000000000000       0.28560002196810519        1.8599999999999998E-002   3.3999999999999998E-003  0.16200000000000001       0.43840000000000001       0.37759999999999999     
   154.00000000000000       0.27877323226187695        1.8599999999999998E-002   3.3999999999999998E-003  0.16200000000000001       0.44000000000000000       0.37600000000000000     
   155.00000000000000       0.27133719075189322        1.8599999999999998E-002   3.3999999999999998E-003  0.16200000000000001       0.43219999999999997       0.38379999999999997     
   156.00000000000000       0.26269330558667497        1.8599999999999998E-002   3.0000000000000001E-003  0.16200000000000001       0.42359999999999998       0.39279999999999998     
   157.00000000000000       0.25183320681914467        1.9000000000000000E-002   2.2000000000000001E-003  0.16200000000000001       0.42440000000000000       0.39240000000000003     
   158.00000000000000       0.24005645921581253        1.7999999999999999E-002   3.2000000000000002E-003  0.16200000000000001       0.42459999999999998       0.39219999999999999     
   159.00000000000000       0.22780307230644775        1.5800000000000002E-002   6.1999999999999998E-003  0.16080000000000000       0.42240000000000000       0.39479999999999998     
   160.00000000000000       0.21452203874107456        1.7200000000000000E-002   6.1999999999999998E-003  0.15939999999999999       0.42240000000000000       0.39479999999999998     
   161.00000000000000       0.20787465871923638        1.7200000000000000E-002   6.1999999999999998E-003  0.15620000000000001       0.42440000000000000       0.39600000000000002     
   162.00000000000000       0.20016442871039131        1.7200000000000000E-002   6.1999999999999998E-003  0.15579999999999999       0.42480000000000001       0.39600000000000002     
   163.00000000000000       0.19270878410089332        1.7200000000000000E-002   6.1999999999999998E-003  0.15520000000000000       0.42540000000000000       0.39600000000000002     
   164.00000000000000       0.18573896896300823        1.7200000000000000E-002   6.1999999999999998E-003  0.15420000000000000       0.42459999999999998       0.39779999999999999     
   165.00000000000000       0.17868188222468401        1.7200000000000000E-002   6.1999999999999998E-003  0.15420000000000000       0.42340000000000000       0.39900000000000002     
   166.00000000000000       0.17196554927154420        1.6799999999999999E-002   6.4000000000000003E-003  0.15320000000000000       0.42459999999999998       0.39900000000000002     
   167.00000000000000       0.16521121735706956        1.6600000000000000E-002   6.4000000000000003E-003  0.15359999999999999       0.42420000000000002       0.39920000000000000     
   168.00000000000000       0.15861945877400341        1.6400000000000001E-002   6.4000000000000003E-003  0.15300000000000000       0.42420000000000002       0.40000000000000002     
   169.00000000000000       0.15281425943441118        1.5800000000000002E-002   6.4000000000000003E-003  0.15220000000000000       0.42559999999999998       0.40000000000000002     
   170.00000000000000       0.14708199516716403        1.5200000000000000E-002   6.4000000000000003E-003  0.15320000000000000       0.42520000000000002       0.40000000000000002     
   171.00000000000000       0.14158305766975990        1.5200000000000000E-002   6.4000000000000003E-003  0.15720000000000001       0.42120000000000002       0.40000000000000002     
   172.00000000000000       0.13649000762660618        1.4400000000000000E-002   6.4000000000000003E-003  0.16400000000000001       0.41499999999999998       0.40020000000000000     
   173.00000000000000       0.13132948697030550        1.4400000000000000E-002   6.4000000000000003E-003  0.16320000000000001       0.41580000000000000       0.40020000000000000     
   174.00000000000000       0.12753369930664737        1.4400000000000000E-002   6.4000000000000003E-003  0.16159999999999999       0.41660000000000003       0.40100000000000002     
   175.00000000000000       0.12001120281938507        1.4400000000000000E-002  0.12920000000000001        4.0200000000000000E-002  0.41499999999999998       0.40120000000000000     
   176.00000000000000       0.11974341211563441        1.4200000000000001E-002  0.13039999999999999        4.0200000000000000E-002  0.41360000000000002       0.40160000000000001     
   177.00000000000000       0.11808087092648349        1.4000000000000000E-002  0.13039999999999999        4.0000000000000002E-004  0.45360000000000000       0.40160000000000001     
   178.00000000000000       0.11429225044491204        1.4000000000000000E-002  0.13000000000000000        8.0000000000000004E-004  0.45360000000000000       0.40160000000000001     
   179.00000000000000       0.12112550639673006        1.4000000000000000E-002  0.13000000000000000        8.0000000000000004E-004  0.45360000000000000       0.40160000000000001     
   180.00000000000000       0.12586773788818842        1.2999999999999999E-002  0.13100000000000001        8.0000000000000004E-004  0.45360000000000000       0.40160000000000001     
   181.00000000000000       0.12823635289489538        1.2999999999999999E-002  0.13100000000000001        8.0000000000000004E-004  0.45360000000000000       0.40160000000000001     
   182.00000000000000       0.12818485574955546        1.2800000000000001E-002  0.13059999999999999        5.9999999999999995E-004  0.45360000000000000       0.40239999999999998     
   183.00000000000000       0.12431583618805035        1.2800000000000001E-002  0.13000000000000000        1.1999999999999999E-003  0.45360000000000000       0.40239999999999998     
   184.00000000000000       0.11886585206724085        1.2800000000000001E-002  0.13000000000000000        1.1999999999999999E-003  0.45360000000000000       0.40239999999999998     
   185.00000000000000       0.10904819374383500        1.2600000000000000E-002  0.13020000000000001        9.1999999999999998E-002  0.36280000000000001       0.40239999999999998     
   186.00000000000000       0.10635803956073799        1.1400000000000000E-002  0.13120000000000001        9.1999999999999998E-002  0.36099999999999999       0.40439999999999998     
   187.00000000000000       0.10694230646737690        1.1400000000000000E-002  0.13120000000000001        9.1999999999999998E-002  0.36099999999999999       0.40439999999999998     
   188.00000000000000       0.10864259200604123        1.1400000000000000E-002  0.13120000000000001        9.1999999999999998E-002  0.36099999999999999       0.40439999999999998     
   189.00000000000000       0.11308350072011342        1.3800000000000000E-002  0.14520000000000000        7.2400000000000006E-002  0.36220000000000002       0.40639999999999998     
   190.00000000000000       0.11708879576193226        2.9800000000000000E-002  0.14680000000000001        5.1799999999999999E-002  0.36540000000000000       0.40620000000000001     
   191.00000000000000       0.13075014790853828        2.9800000000000000E-002  0.14280000000000001        4.3400000000000001E-002  0.37380000000000002       0.41020000000000001     
   192.00000000000000       0.14482713467445049        2.9800000000000000E-002  0.14860000000000001        3.5400000000000001E-002  0.36240000000000000       0.42380000000000001     
   193.00000000000000       0.16222278638224868        2.9000000000000001E-002  0.14699999999999999        3.1800000000000002E-002  0.35599999999999998       0.43619999999999998     
   194.00000000000000       0.18045424181231656        2.9000000000000001E-002  0.14660000000000001        3.0200000000000001E-002  0.34580000000000000       0.44840000000000002     
   195.00000000000000       0.20210255967558005        2.8400000000000002E-002  0.14699999999999999        3.0200000000000001E-002  0.31819999999999998       0.47620000000000001     
   196.00000000000000       0.22204731973377734        2.8400000000000002E-002  0.14699999999999999        2.9200000000000000E-002  0.31979999999999997       0.47560000000000002     
   197.00000000000000       0.24384989617928249        2.8799999999999999E-002  0.14560000000000001        2.8600000000000000E-002  0.32040000000000002       0.47660000000000002     
   198.00000000000000       0.26491407766322506        2.8799999999999999E-002  0.14560000000000001        2.8600000000000000E-002  0.32040000000000002       0.47660000000000002     
   199.00000000000000       0.28678509246102590        2.0000000000000000E-002  0.15300000000000000        2.8600000000000000E-002  0.32079999999999997       0.47760000000000002     
   200.00000000000000       0.30765294202458682        1.9800000000000002E-002  0.15220000000000000        2.9000000000000001E-002  0.32079999999999997       0.47820000000000001     
   201.00000000000000       0.32659908027797280        1.9800000000000002E-002  0.15200000000000000        2.8400000000000002E-002  0.32100000000000001       0.47880000000000000     
   202.00000000000000       0.34417029144463007        1.9800000000000002E-002  0.15079999999999999        2.8600000000000000E-002  0.32060000000000000       0.48020000000000002     
   203.00000000000000       0.35863804364851282        1.9800000000000002E-002  0.15020000000000000        2.9000000000000001E-002  0.32079999999999997       0.48020000000000002     
   204.00000000000000       0.37079839627370903        1.9800000000000002E-002  0.14979999999999999        2.9399999999999999E-002  0.31819999999999998       0.48280000000000001     
   205.00000000000000       0.37929911460054222        1.9400000000000001E-002  0.14960000000000001        2.9000000000000001E-002  0.31919999999999998       0.48280000000000001     
   206.00000000000000       0.38616106616522383        1.9400000000000001E-002  0.14960000000000001        2.9000000000000001E-002  0.31600000000000000       0.48599999999999999     
   207.00000000000000       0.39151777009140659        1.9400000000000001E-002  0.14860000000000001        2.7600000000000000E-002  0.31259999999999999       0.49180000000000001     
   208.00000000000000       0.39249763209800248        1.9400000000000001E-002  0.14840000000000000        2.7199999999999998E-002  0.31319999999999998       0.49180000000000001     
   209.00000000000000       0.39009902579515737        1.2400000000000000E-002  0.15520000000000000        2.7000000000000000E-002  0.31340000000000001       0.49199999999999999     
   210.00000000000000       0.39206758196124813        1.2000000000000000E-002  0.15520000000000000        2.7000000000000000E-002  0.31300000000000000       0.49280000000000002     
   211.00000000000000       0.39147938273857374        1.2000000000000000E-002  0.15520000000000000        2.6599999999999999E-002  0.31240000000000001       0.49380000000000002     
   212.00000000000000       0.38856863954941101        1.2000000000000000E-002  0.15520000000000000        2.6200000000000001E-002  0.31280000000000002       0.49380000000000002     
   213.00000000000000       0.38210792234997798        1.1599999999999999E-002  0.15520000000000000        2.5399999999999999E-002  0.31400000000000000       0.49380000000000002     
   214.00000000000000       0.37379168042944522        1.1599999999999999E-002  0.14940000000000001        3.1199999999999999E-002  0.31300000000000000       0.49480000000000002     
   215.00000000000000       0.36284002691054795        1.1599999999999999E-002  0.14940000000000001        3.1199999999999999E-002  0.30919999999999997       0.49859999999999999     
   216.00000000000000       0.34774716329474231        1.1599999999999999E-002  0.14940000000000001        3.1199999999999999E-002  0.30919999999999997       0.49859999999999999     
