#        BMIN =   404
#        BMAX =   408
#     INIBAND =   406
#      NBANDS =   540
#         NSW =  2000
#       POTIM =   1.0
#        TEMP = 300.0
#    NAMDTINI =   656
#    NAMDTIME =  1000
#       NTRAJ =  5000
#        NELM =  1000
#       LHOLE =     T
#        LSHP =     T
#      LCPTXT =     T
#      RUNDIR = ../../run/
   1.0000000000000000        6.5820526472038787E-002   0.0000000000000000        0.0000000000000000        1.0000000000000000        0.0000000000000000        0.0000000000000000     
   2.0000000000000000       0.10682501244942459        0.0000000000000000        2.0000000000000001E-004  0.99939999999999996        0.0000000000000000        4.0000000000000002E-004
   3.0000000000000000       0.15735863342883985        0.0000000000000000        2.0000000000000001E-004  0.99339999999999995        3.0000000000000001E-003   3.3999999999999998E-003
   4.0000000000000000       0.19326812821050030        0.0000000000000000        0.0000000000000000       0.96879999999999999        2.7799999999999998E-002   3.3999999999999998E-003
   5.0000000000000000       0.22794626573350785        0.0000000000000000        0.0000000000000000       0.95940000000000003        2.7400000000000001E-002   1.3200000000000000E-002
   6.0000000000000000       0.27861308262715845        0.0000000000000000        0.0000000000000000       0.82540000000000002       0.15060000000000001        2.4000000000000000E-002
   7.0000000000000000       0.38882997022120741        0.0000000000000000        0.0000000000000000       0.82540000000000002       0.15060000000000001        2.4000000000000000E-002
   8.0000000000000000       0.53726861109236645        0.0000000000000000        1.6000000000000001E-003  0.29160000000000003       0.63360000000000005        7.3200000000000001E-002
   9.0000000000000000       0.37440743690828776        0.0000000000000000        1.6000000000000001E-003  0.29039999999999999       0.63480000000000003        7.3200000000000001E-002
   10.000000000000000       0.46830058990143952        0.0000000000000000        1.6000000000000001E-003  0.28999999999999998       0.63480000000000003        7.3599999999999999E-002
   11.000000000000000        6.9445018124222740E-002   0.0000000000000000        1.6000000000000001E-003  0.28999999999999998       0.63500000000000001        7.3400000000000007E-002
   12.000000000000000       0.38936262268937782        0.0000000000000000        1.6000000000000001E-003  0.28760000000000002       0.63300000000000001        7.7799999999999994E-002
   13.000000000000000       0.40759759874728863        0.0000000000000000        1.0000000000000000E-003  0.24020000000000000       0.67479999999999996        8.4000000000000005E-002
   14.000000000000000       0.71897308480368149        0.0000000000000000        1.0000000000000000E-003  0.23820000000000000       0.67679999999999996        8.4000000000000005E-002
   15.000000000000000       0.74472384544959336        0.0000000000000000        1.0000000000000000E-003  0.23400000000000001       0.67279999999999995        9.2200000000000004E-002
   16.000000000000000       0.77809967303971783        0.0000000000000000        1.0000000000000000E-003  0.23360000000000000       0.67279999999999995        9.2600000000000002E-002
   17.000000000000000       0.79278396920841754        0.0000000000000000        1.0000000000000000E-003  0.23340000000000000       0.67279999999999995        9.2799999999999994E-002
   18.000000000000000       0.78941988479400527        0.0000000000000000        1.0000000000000000E-003  0.23340000000000000       0.67279999999999995        9.2799999999999994E-002
   19.000000000000000       0.79829493206218871        0.0000000000000000        1.0000000000000000E-003  0.23319999999999999       0.65080000000000005       0.11500000000000000     
   20.000000000000000       0.78617023692096522        0.0000000000000000        1.0000000000000000E-003  0.22639999999999999       0.65759999999999996       0.11500000000000000     
   21.000000000000000       0.79464727251765988        0.0000000000000000        1.0000000000000000E-003  0.22559999999999999       0.65759999999999996       0.11580000000000000     
   22.000000000000000       0.78355382140858820        0.0000000000000000        1.0000000000000000E-003  0.22120000000000001       0.65839999999999999       0.11940000000000001     
   23.000000000000000       0.77050021733143526        0.0000000000000000        1.0000000000000000E-003  0.22120000000000001       0.65839999999999999       0.11940000000000001     
   24.000000000000000       0.74620019559969875        0.0000000000000000        1.0000000000000000E-003  0.21959999999999999       0.66000000000000003       0.11940000000000001     
   25.000000000000000       0.71167291092341300        0.0000000000000000        1.0000000000000000E-003  0.21740000000000001       0.66180000000000005       0.11980000000000000     
   26.000000000000000       0.76027056656446379        0.0000000000000000        1.0000000000000000E-003  0.20319999999999999       0.67600000000000005       0.11980000000000000     
   27.000000000000000       0.69377491697036453        0.0000000000000000        1.0000000000000000E-003  0.20200000000000001       0.67140000000000000       0.12559999999999999     
   28.000000000000000       0.66782110298733921        0.0000000000000000        1.0000000000000000E-003   1.4200000000000001E-002  0.85919999999999996       0.12559999999999999     
   29.000000000000000       0.58512521176517307        0.0000000000000000        1.0000000000000000E-003   6.6000000000000000E-003  0.55459999999999998       0.43780000000000002     
   30.000000000000000       0.76460152139284765        0.0000000000000000        5.9999999999999995E-004   6.7999999999999996E-003  0.55479999999999996       0.43780000000000002     
   31.000000000000000       0.90332368075777314        2.0000000000000001E-004   4.0000000000000002E-004   6.0000000000000001E-003  0.55559999999999998       0.43780000000000002     
   32.000000000000000       0.73699337025448264        2.0000000000000001E-004   4.0000000000000002E-004   6.0000000000000001E-003  0.55559999999999998       0.43780000000000002     
   33.000000000000000       0.70450988234717526        2.0000000000000001E-004   4.0000000000000002E-004   6.0000000000000001E-003  0.55320000000000003       0.44019999999999998     
   34.000000000000000       0.80085704794339729        2.0000000000000001E-004   4.0000000000000002E-004   4.7999999999999996E-003  0.47399999999999998       0.52059999999999995     
   35.000000000000000       0.71664532829211880        2.0000000000000001E-004   4.0000000000000002E-004   4.1999999999999997E-003  0.47120000000000001       0.52400000000000002     
   36.000000000000000       0.70670000746698125        2.0000000000000001E-004   4.0000000000000002E-004   7.6000000000000000E-003  0.46779999999999999       0.52400000000000002     
   37.000000000000000       0.69700989730508811        0.0000000000000000        4.0000000000000002E-004   0.0000000000000000       0.47520000000000001       0.52439999999999998     
   38.000000000000000       0.26653826914811501        0.0000000000000000        4.0000000000000002E-004   0.0000000000000000       0.47360000000000002       0.52600000000000002     
   39.000000000000000       0.24236336329255304        0.0000000000000000        4.0000000000000002E-004   0.0000000000000000       0.47360000000000002       0.52600000000000002     
   40.000000000000000       0.22055493714621405        0.0000000000000000        4.0000000000000002E-004   0.0000000000000000       0.47360000000000002       0.52600000000000002     
   41.000000000000000       0.20139273398055252        0.0000000000000000        4.0000000000000002E-004   0.0000000000000000       0.47360000000000002       0.52600000000000002     
   42.000000000000000       0.18481292291055107        0.0000000000000000        4.0000000000000002E-004   0.0000000000000000       0.47360000000000002       0.52600000000000002     
   43.000000000000000       0.17206578264034103        0.0000000000000000        4.0000000000000002E-004   0.0000000000000000       0.47099999999999997       0.52859999999999996     
   44.000000000000000       0.16202009755071603        0.0000000000000000        4.0000000000000002E-004   0.0000000000000000       0.47099999999999997       0.52859999999999996     
   45.000000000000000       0.15553597668766236        0.0000000000000000        4.0000000000000002E-004   0.0000000000000000       0.46980000000000000       0.52980000000000005     
   46.000000000000000       0.15266709233993084        0.0000000000000000        4.0000000000000002E-004   0.0000000000000000       0.46980000000000000       0.52980000000000005     
   47.000000000000000       0.15361793657982892        0.0000000000000000        4.0000000000000002E-004   0.0000000000000000       0.46899999999999997       0.53059999999999996     
   48.000000000000000       0.15718039312311691        0.0000000000000000        4.0000000000000002E-004   0.0000000000000000       0.46899999999999997       0.53059999999999996     
   49.000000000000000       0.16382645275654412        0.0000000000000000        4.0000000000000002E-004   2.0000000000000001E-004  0.46839999999999998       0.53100000000000003     
   50.000000000000000       0.17237385018654219        0.0000000000000000        4.0000000000000002E-004   2.0000000000000001E-004  0.46779999999999999       0.53159999999999996     
   51.000000000000000       0.18595865185714996        0.0000000000000000        4.0000000000000002E-004   2.0000000000000001E-004  0.46000000000000002       0.53939999999999999     
   52.000000000000000       0.19880515493722672        0.0000000000000000        4.0000000000000002E-004   2.0000000000000001E-004  0.46000000000000002       0.53939999999999999     
   53.000000000000000       0.21280381905121404        0.0000000000000000        4.0000000000000002E-004   2.0000000000000001E-004  0.46000000000000002       0.53939999999999999     
   54.000000000000000       0.22653132660024058        0.0000000000000000        4.0000000000000002E-004   2.0000000000000001E-004  0.45519999999999999       0.54420000000000002     
   55.000000000000000       0.24715403924137230        0.0000000000000000        4.0000000000000002E-004   2.0000000000000001E-004  0.45119999999999999       0.54820000000000002     
   56.000000000000000       0.26205512425572153        0.0000000000000000        4.0000000000000002E-004   2.0000000000000001E-004  0.45100000000000001       0.54840000000000000     
   57.000000000000000       0.27770725819587944        0.0000000000000000        4.0000000000000002E-004   2.0000000000000001E-004  0.44660000000000000       0.55279999999999996     
   58.000000000000000       0.29607848177139984        0.0000000000000000        4.0000000000000002E-004   2.0000000000000001E-004  0.44660000000000000       0.55279999999999996     
   59.000000000000000       0.31228419394227158        0.0000000000000000        4.0000000000000002E-004   2.0000000000000001E-004  0.44660000000000000       0.55279999999999996     
   60.000000000000000       0.32663182426344878        0.0000000000000000        4.0000000000000002E-004   2.0000000000000001E-004  0.44660000000000000       0.55279999999999996     
   61.000000000000000       0.34183141283586371        0.0000000000000000        4.0000000000000002E-004   2.0000000000000001E-004  0.44660000000000000       0.55279999999999996     
   62.000000000000000       0.35258248804034559        0.0000000000000000        4.0000000000000002E-004   2.0000000000000001E-004  0.44660000000000000       0.55279999999999996     
   63.000000000000000       0.36292103266771214        0.0000000000000000        4.0000000000000002E-004   2.0000000000000001E-004  0.44660000000000000       0.55279999999999996     
   64.000000000000000       0.36891725471581660        0.0000000000000000        4.0000000000000002E-004   2.0000000000000001E-004  0.44660000000000000       0.55279999999999996     
   65.000000000000000       0.38257480869463301        0.0000000000000000        4.0000000000000002E-004   2.0000000000000001E-004  0.44660000000000000       0.55279999999999996     
   66.000000000000000       0.39019639961526015        0.0000000000000000        4.0000000000000002E-004   2.0000000000000001E-004  0.44660000000000000       0.55279999999999996     
   67.000000000000000       0.39691645564017397        0.0000000000000000        4.0000000000000002E-004   2.0000000000000001E-004  0.44660000000000000       0.55279999999999996     
   68.000000000000000       0.40283127318953349        0.0000000000000000        4.0000000000000002E-004   0.0000000000000000       0.44679999999999997       0.55279999999999996     
   69.000000000000000       0.40981334481460857        0.0000000000000000        4.0000000000000002E-004   8.0000000000000004E-004  0.44259999999999999       0.55620000000000003     
   70.000000000000000       0.41678510891679826        0.0000000000000000        4.0000000000000002E-004   8.0000000000000004E-004  0.44000000000000000       0.55879999999999996     
   71.000000000000000       0.42273053198237809        0.0000000000000000        4.0000000000000002E-004   8.0000000000000004E-004  0.44000000000000000       0.55879999999999996     
   72.000000000000000       0.42883333456902462        0.0000000000000000        4.0000000000000002E-004   8.0000000000000004E-004  0.44000000000000000       0.55879999999999996     
   73.000000000000000       0.43497467640516740        0.0000000000000000        4.0000000000000002E-004   8.0000000000000004E-004  0.43980000000000002       0.55900000000000005     
   74.000000000000000       0.44126271213841223        0.0000000000000000        4.0000000000000002E-004   8.0000000000000004E-004  0.43980000000000002       0.55900000000000005     
   75.000000000000000       0.44742470760983133        0.0000000000000000        4.0000000000000002E-004   8.0000000000000004E-004  0.43759999999999999       0.56120000000000003     
   76.000000000000000       0.45427690162335033        0.0000000000000000        4.0000000000000002E-004   8.0000000000000004E-004  0.43759999999999999       0.56120000000000003     
   77.000000000000000       0.46026782546367595        0.0000000000000000        4.0000000000000002E-004   8.0000000000000004E-004  0.43759999999999999       0.56120000000000003     
   78.000000000000000       0.46553157549133545        0.0000000000000000        4.0000000000000002E-004   5.9999999999999995E-004  0.43780000000000002       0.56120000000000003     
   79.000000000000000       0.47230220526446232        0.0000000000000000        4.0000000000000002E-004   5.9999999999999995E-004  0.43440000000000001       0.56459999999999999     
   80.000000000000000       0.47928690442329941        0.0000000000000000        4.0000000000000002E-004   5.9999999999999995E-004  0.43240000000000001       0.56659999999999999     
   81.000000000000000       0.48588347066356552        0.0000000000000000        4.0000000000000002E-004   5.9999999999999995E-004  0.43040000000000000       0.56859999999999999     
   82.000000000000000       0.49156648877902864        0.0000000000000000        4.0000000000000002E-004   5.9999999999999995E-004  0.43040000000000000       0.56859999999999999     
   83.000000000000000       0.49556372132229409        0.0000000000000000        4.0000000000000002E-004   5.9999999999999995E-004  0.42959999999999998       0.56940000000000002     
   84.000000000000000       0.50318031082752346        0.0000000000000000        4.0000000000000002E-004   4.0000000000000002E-004  0.41360000000000002       0.58560000000000001     
   85.000000000000000       0.97887102675560622        0.0000000000000000        2.0000000000000001E-004   0.0000000000000000       0.39079999999999998       0.60899999999999999     
   86.000000000000000        1.6069551605993913        0.0000000000000000        2.0000000000000001E-004   0.0000000000000000       0.38400000000000001       0.61580000000000001     
   87.000000000000000        1.5043134051103904        0.0000000000000000        2.0000000000000001E-004   0.0000000000000000       0.38400000000000001       0.61580000000000001     
   88.000000000000000        1.5888596418917036        0.0000000000000000        2.0000000000000001E-004   0.0000000000000000       0.38400000000000001       0.61580000000000001     
   89.000000000000000        1.3646577781804416        0.0000000000000000        2.0000000000000001E-004   0.0000000000000000       0.38400000000000001       0.61580000000000001     
   90.000000000000000        1.5630162603388122        0.0000000000000000        2.0000000000000001E-004   0.0000000000000000       0.38400000000000001       0.61580000000000001     
   91.000000000000000       0.95760604888470247        0.0000000000000000        2.0000000000000001E-004   0.0000000000000000       0.37300000000000000       0.62680000000000002     
   92.000000000000000       0.44424733089852209        0.0000000000000000        2.0000000000000001E-004   0.0000000000000000       0.37300000000000000       0.62680000000000002     
   93.000000000000000       0.41983411021656508        0.0000000000000000        4.0000000000000002E-004   0.0000000000000000       0.37280000000000002       0.62680000000000002     
   94.000000000000000       0.39230818475383322        0.0000000000000000        2.0000000000000001E-004   2.0000000000000001E-004  0.37280000000000002       0.62680000000000002     
   95.000000000000000       0.36240697560494400        0.0000000000000000        2.0000000000000001E-004   2.0000000000000001E-004  0.37280000000000002       0.62680000000000002     
   96.000000000000000       0.33015520351478661        0.0000000000000000        2.0000000000000001E-004   2.0000000000000001E-004  0.37280000000000002       0.62680000000000002     
   97.000000000000000       0.29601385236366473        0.0000000000000000        2.0000000000000001E-004   4.5999999999999999E-003  0.36840000000000001       0.62680000000000002     
   98.000000000000000       0.26677044544005324        0.0000000000000000        2.0000000000000001E-004   1.8000000000000000E-003  0.37119999999999997       0.62680000000000002     
   99.000000000000000       0.24148399856516395        0.0000000000000000        2.0000000000000001E-004   1.8000000000000000E-003  0.37119999999999997       0.62680000000000002     
   100.00000000000000       0.21827713180556554        0.0000000000000000        2.0000000000000001E-004   1.4000000000000000E-003  0.37119999999999997       0.62719999999999998     
   101.00000000000000       0.19917465033756560        0.0000000000000000        2.0000000000000001E-004   1.4000000000000000E-003  0.36840000000000001       0.63000000000000000     
   102.00000000000000       0.18458579431375211        0.0000000000000000        2.0000000000000001E-004   1.4000000000000000E-003  0.36880000000000002       0.62960000000000005     
   103.00000000000000       0.17516943558701722        0.0000000000000000        5.9999999999999995E-004   1.0000000000000000E-003  0.36859999999999998       0.62980000000000003     
   104.00000000000000       0.17360869719975483        0.0000000000000000        5.9999999999999995E-004   1.0000000000000000E-003  0.35959999999999998       0.63880000000000003     
   105.00000000000000       0.17262057766892366        0.0000000000000000        5.9999999999999995E-004   1.0000000000000000E-003  0.38140000000000002       0.61699999999999999     
   106.00000000000000       0.17648982898886056        0.0000000000000000        5.9999999999999995E-004   1.0000000000000000E-003  0.38019999999999998       0.61819999999999997     
   107.00000000000000       0.18163038772418214        0.0000000000000000        5.9999999999999995E-004   1.0000000000000000E-003  0.38080000000000003       0.61760000000000004     
   108.00000000000000       0.18653464228275171        0.0000000000000000        5.9999999999999995E-004   1.0000000000000000E-003  0.38100000000000001       0.61739999999999995     
   109.00000000000000       0.19122961787780146        0.0000000000000000        5.9999999999999995E-004   1.0000000000000000E-003  0.37919999999999998       0.61919999999999997     
   110.00000000000000       0.19494362412493332        0.0000000000000000        4.0000000000000002E-004   1.0000000000000000E-003  0.37980000000000003       0.61880000000000002     
   111.00000000000000       0.19812495737970767        0.0000000000000000        4.0000000000000002E-004   1.0000000000000000E-003  0.37800000000000000       0.62060000000000004     
   112.00000000000000       0.20012913422113449        0.0000000000000000        0.0000000000000000        1.4000000000000000E-003  0.37800000000000000       0.62060000000000004     
   113.00000000000000       0.20073269466147248        0.0000000000000000        0.0000000000000000        1.4000000000000000E-003  0.37900000000000000       0.61960000000000004     
   114.00000000000000       0.20070526691910073        0.0000000000000000        0.0000000000000000        1.4000000000000000E-003  0.37880000000000003       0.61980000000000002     
   115.00000000000000       0.20028227353062861        0.0000000000000000        0.0000000000000000        1.4000000000000000E-003  0.37859999999999999       0.62000000000000000     
   116.00000000000000       0.19906361286149604        0.0000000000000000        0.0000000000000000        1.4000000000000000E-003  0.37780000000000002       0.62080000000000002     
   117.00000000000000       0.19608290698655692        0.0000000000000000        0.0000000000000000        1.4000000000000000E-003  0.37780000000000002       0.62080000000000002     
   118.00000000000000       0.19258130020400754        0.0000000000000000        0.0000000000000000        1.1400000000000000E-002  0.36780000000000002       0.62080000000000002     
   119.00000000000000       0.19299155930229175        0.0000000000000000        0.0000000000000000        1.2800000000000001E-002  0.36780000000000002       0.61939999999999995     
   120.00000000000000       0.19996606231500547        0.0000000000000000        0.0000000000000000        1.2400000000000000E-002  0.36780000000000002       0.61980000000000002     
   121.00000000000000       0.20467297897280162        0.0000000000000000        0.0000000000000000        1.2400000000000000E-002  0.36780000000000002       0.61980000000000002     
   122.00000000000000       0.20679426386533450        0.0000000000000000        0.0000000000000000        1.2400000000000000E-002  0.36799999999999999       0.61960000000000004     
   123.00000000000000       0.20695807149965673        0.0000000000000000        0.0000000000000000        1.2400000000000000E-002  0.36799999999999999       0.61960000000000004     
   124.00000000000000       0.21078534022760687        0.0000000000000000        0.0000000000000000        1.2400000000000000E-002  0.36799999999999999       0.61960000000000004     
   125.00000000000000       0.20083684263731275        0.0000000000000000        0.0000000000000000        1.2600000000000000E-002  0.36799999999999999       0.61939999999999995     
   126.00000000000000       0.19996328922737783        0.0000000000000000        0.0000000000000000        1.2400000000000000E-002  0.36799999999999999       0.61960000000000004     
   127.00000000000000       0.18600901110799278        0.0000000000000000        0.0000000000000000        1.2600000000000000E-002  0.36799999999999999       0.61939999999999995     
   128.00000000000000       0.17531914023415621        0.0000000000000000        0.0000000000000000        4.5999999999999999E-002  0.33379999999999999       0.62019999999999997     
   129.00000000000000       0.17346162080345898        0.0000000000000000        0.0000000000000000        4.5999999999999999E-002  0.33000000000000002       0.62400000000000000     
   130.00000000000000       0.17131764416405484        0.0000000000000000        0.0000000000000000        4.5999999999999999E-002  0.33000000000000002       0.62400000000000000     
   131.00000000000000       0.16839174915762500        0.0000000000000000        0.0000000000000000        4.5999999999999999E-002  0.32860000000000000       0.62539999999999996     
   132.00000000000000       0.16496347334347897        2.0000000000000001E-004   3.2000000000000002E-003   4.2400000000000000E-002  0.32879999999999998       0.62539999999999996     
   133.00000000000000       0.16139496805652456        2.0000000000000001E-004   3.2000000000000002E-003   4.2400000000000000E-002  0.32719999999999999       0.62700000000000000     
   134.00000000000000       0.15935655926680983        2.0000000000000001E-004   3.2000000000000002E-003   4.1799999999999997E-002  0.32719999999999999       0.62760000000000005     
   135.00000000000000       0.15537176921634727        2.0000000000000001E-004   3.2000000000000002E-003   4.1799999999999997E-002  0.32719999999999999       0.62760000000000005     
   136.00000000000000       0.15153932140410861        2.0000000000000001E-004   3.2000000000000002E-003   4.0800000000000003E-002  0.32760000000000000       0.62819999999999998     
   137.00000000000000       0.14728896174407183        2.0000000000000001E-004   3.2000000000000002E-003   4.0800000000000003E-002  0.32560000000000000       0.63019999999999998     
   138.00000000000000       0.14292807035058117        2.0000000000000001E-004   3.2000000000000002E-003   4.0800000000000003E-002  0.32419999999999999       0.63160000000000005     
   139.00000000000000       0.13801880079407097        5.9999999999999995E-004   2.8000000000000000E-003   4.0200000000000000E-002  0.32460000000000000       0.63180000000000003     
   140.00000000000000       0.13332096658598394        5.9999999999999995E-004   2.8000000000000000E-003   4.0200000000000000E-002  0.32460000000000000       0.63180000000000003     
   141.00000000000000       0.12975691181653928        5.9999999999999995E-004   2.8000000000000000E-003   4.0200000000000000E-002  0.32419999999999999       0.63219999999999998     
   142.00000000000000       0.12716612022234747        1.0000000000000000E-003   2.0000000000000000E-003   4.0399999999999998E-002  0.32379999999999998       0.63280000000000003     
   143.00000000000000       0.12625959670801526        0.0000000000000000        3.0000000000000001E-003   4.0000000000000001E-002  0.32140000000000002       0.63560000000000005     
   144.00000000000000       0.12889461158338855        0.0000000000000000        3.0000000000000001E-003   4.0000000000000001E-002  0.30780000000000002       0.64920000000000000     
   145.00000000000000       0.13149592454140974        0.0000000000000000        3.0000000000000001E-003   3.9399999999999998E-002  0.30700000000000000       0.65059999999999996     
   146.00000000000000       0.13584753338715530        0.0000000000000000        3.0000000000000001E-003   3.8800000000000001E-002  0.30740000000000001       0.65080000000000005     
   147.00000000000000       0.14201247975419612        0.0000000000000000        3.0000000000000001E-003   3.8399999999999997E-002  0.30780000000000002       0.65080000000000005     
   148.00000000000000       0.15061694769882483        0.0000000000000000        3.0000000000000001E-003   3.8199999999999998E-002  0.30759999999999998       0.65120000000000000     
   149.00000000000000       0.16114255581927928        0.0000000000000000        3.0000000000000001E-003   3.8600000000000002E-002  0.30719999999999997       0.65120000000000000     
   150.00000000000000       0.17485030928099204        0.0000000000000000        3.0000000000000001E-003   3.8399999999999997E-002  0.30059999999999998       0.65800000000000003     
   151.00000000000000       0.18970260795215729        0.0000000000000000        3.0000000000000001E-003   3.8199999999999998E-002  0.29440000000000000       0.66439999999999999     
   152.00000000000000       0.20444952821524742        0.0000000000000000        2.8000000000000000E-003   3.8199999999999998E-002  0.29459999999999997       0.66439999999999999     
   153.00000000000000       0.21988793999847256        0.0000000000000000        2.8000000000000000E-003   3.8199999999999998E-002  0.29459999999999997       0.66439999999999999     
   154.00000000000000       0.23578890214015608        0.0000000000000000        2.8000000000000000E-003   3.8199999999999998E-002  0.29459999999999997       0.66439999999999999     
   155.00000000000000       0.25259270571507597        0.0000000000000000        2.8000000000000000E-003   3.8199999999999998E-002  0.29039999999999999       0.66859999999999997     
   156.00000000000000       0.26837130526797021        0.0000000000000000        2.8000000000000000E-003   3.7999999999999999E-002  0.28999999999999998       0.66920000000000002     
   157.00000000000000       0.28432171469351525        0.0000000000000000        2.8000000000000000E-003   3.7999999999999999E-002  0.28999999999999998       0.66920000000000002     
   158.00000000000000       0.30055517856797154        0.0000000000000000        2.8000000000000000E-003   3.7600000000000001E-002  0.29039999999999999       0.66920000000000002     
   159.00000000000000       0.31703244267664754        0.0000000000000000        2.8000000000000000E-003   3.7400000000000003E-002  0.28739999999999999       0.67240000000000000     
   160.00000000000000       0.33264281457530281        0.0000000000000000        2.8000000000000000E-003   3.7400000000000003E-002  0.28799999999999998       0.67179999999999995     
   161.00000000000000       0.34846867795876929        0.0000000000000000        2.8000000000000000E-003   3.5799999999999998E-002  0.29039999999999999       0.67100000000000004     
   162.00000000000000       0.36416837038954719        0.0000000000000000        2.8000000000000000E-003   3.5799999999999998E-002  0.28660000000000002       0.67479999999999996     
   163.00000000000000       0.37949434521326431        0.0000000000000000        2.5999999999999999E-003   3.5799999999999998E-002  0.29080000000000000       0.67079999999999995     
   164.00000000000000       0.39497137639812829        0.0000000000000000        2.5999999999999999E-003   3.4799999999999998E-002  0.29659999999999997       0.66600000000000004     
   165.00000000000000       0.40976511488896572        0.0000000000000000        2.5999999999999999E-003   3.4799999999999998E-002  0.30159999999999998       0.66100000000000003     
   166.00000000000000       0.42472487047895963        0.0000000000000000        2.5999999999999999E-003   3.4799999999999998E-002  0.29859999999999998       0.66400000000000003     
   167.00000000000000       0.43842488906210358        0.0000000000000000        2.5999999999999999E-003   3.1000000000000000E-002  0.30340000000000000       0.66300000000000003     
   168.00000000000000       0.44925008021525231        0.0000000000000000        2.5999999999999999E-003   3.1000000000000000E-002  0.30399999999999999       0.66239999999999999     
   169.00000000000000       0.45774385398633355        0.0000000000000000        2.5999999999999999E-003   3.1000000000000000E-002  0.30399999999999999       0.66239999999999999     
   170.00000000000000       0.46390086712561884        0.0000000000000000        2.5999999999999999E-003   3.1000000000000000E-002  0.30380000000000001       0.66259999999999997     
   171.00000000000000       0.46699620554843213        0.0000000000000000        2.5999999999999999E-003   3.1000000000000000E-002  0.30380000000000001       0.66259999999999997     
   172.00000000000000       0.46790881855433464        0.0000000000000000        2.5999999999999999E-003   3.0800000000000001E-002  0.30399999999999999       0.66259999999999997     
   173.00000000000000       0.46647085844534319        0.0000000000000000        2.5999999999999999E-003   3.0599999999999999E-002  0.30420000000000003       0.66259999999999997     
   174.00000000000000       0.46173524543398731        0.0000000000000000        2.3999999999999998E-003   3.0400000000000000E-002  0.30459999999999998       0.66259999999999997     
   175.00000000000000       0.45516477422333040        0.0000000000000000        2.3999999999999998E-003   2.9999999999999999E-002  0.30499999999999999       0.66259999999999997     
   176.00000000000000       0.44584748679158148        0.0000000000000000        2.3999999999999998E-003   2.9999999999999999E-002  0.30499999999999999       0.66259999999999997     
   177.00000000000000       0.43489044829854262        0.0000000000000000        2.3999999999999998E-003   2.9999999999999999E-002  0.30499999999999999       0.66259999999999997     
   178.00000000000000       0.42194174416666541        0.0000000000000000        2.3999999999999998E-003   2.9999999999999999E-002  0.30480000000000002       0.66279999999999994     
   179.00000000000000       0.40718391694588124        0.0000000000000000        2.5999999999999999E-003   2.9200000000000000E-002  0.30540000000000000       0.66279999999999994     
   180.00000000000000       0.39090276626842213        0.0000000000000000        2.5999999999999999E-003   2.9200000000000000E-002  0.30540000000000000       0.66279999999999994     
   181.00000000000000       0.37365690216401559        0.0000000000000000        2.5999999999999999E-003   2.9200000000000000E-002  0.30520000000000003       0.66300000000000003     
   182.00000000000000       0.35136296977581383        0.0000000000000000        2.5999999999999999E-003   2.9200000000000000E-002  0.30520000000000003       0.66300000000000003     
   183.00000000000000       0.33388615151906320        0.0000000000000000        2.5999999999999999E-003   2.9200000000000000E-002  0.30520000000000003       0.66300000000000003     
   184.00000000000000       0.31995887594225514        2.0000000000000001E-004   2.3999999999999998E-003   2.9200000000000000E-002  0.30520000000000003       0.66300000000000003     
   185.00000000000000       0.28850035065983815        2.0000000000000001E-004   2.3999999999999998E-003   2.9200000000000000E-002  0.30440000000000000       0.66379999999999995     
   186.00000000000000       0.26317407163117729        2.0000000000000001E-004   2.3999999999999998E-003   2.7799999999999998E-002  0.30540000000000000       0.66420000000000001     
   187.00000000000000       0.24441972956468078        2.0000000000000001E-004   2.3999999999999998E-003   2.7600000000000000E-002  0.30540000000000000       0.66439999999999999     
   188.00000000000000       0.22470681980518462        0.0000000000000000        2.3999999999999998E-003   2.7199999999999998E-002  0.30559999999999998       0.66479999999999995     
   189.00000000000000       0.20212886422602799        0.0000000000000000        2.3999999999999998E-003   2.7199999999999998E-002  0.30559999999999998       0.66479999999999995     
   190.00000000000000       0.17765693327059370        0.0000000000000000        2.3999999999999998E-003   2.7199999999999998E-002  0.30559999999999998       0.66479999999999995     
   191.00000000000000       0.15170266420691053        0.0000000000000000        2.3999999999999998E-003   2.7000000000000000E-002  0.30559999999999998       0.66500000000000004     
   192.00000000000000       0.12490863907180576        0.0000000000000000        2.3999999999999998E-003   2.7000000000000000E-002  0.30559999999999998       0.66500000000000004     
   193.00000000000000        9.8388973205623925E-002   0.0000000000000000        2.3999999999999998E-003   2.7000000000000000E-002  0.30559999999999998       0.66500000000000004     
   194.00000000000000        7.2882825053008110E-002   0.0000000000000000        2.3999999999999998E-003   2.4600000000000000E-002  0.30800000000000000       0.66500000000000004     
   195.00000000000000        5.9003855994038311E-002   0.0000000000000000        2.3999999999999998E-003   2.4600000000000000E-002  0.30780000000000002       0.66520000000000001     
   196.00000000000000        5.0070023642409540E-002   0.0000000000000000        2.3999999999999998E-003   2.4600000000000000E-002  0.31000000000000000       0.66300000000000003     
   197.00000000000000        4.5518941527125899E-002   0.0000000000000000        2.3999999999999998E-003   2.4600000000000000E-002  0.30880000000000002       0.66420000000000001     
   198.00000000000000        4.5021180493672951E-002   0.0000000000000000        2.3999999999999998E-003   2.4600000000000000E-002  0.30759999999999998       0.66539999999999999     
   199.00000000000000        4.5614085142017868E-002   0.0000000000000000        2.3999999999999998E-003   2.4600000000000000E-002  0.44500000000000001       0.52800000000000002     
   200.00000000000000        5.3721928530743257E-002   0.0000000000000000        1.8000000000000000E-003   2.4799999999999999E-002  0.43600000000000000       0.53739999999999999     
   201.00000000000000        6.4713070981968476E-002   0.0000000000000000        2.8000000000000000E-003   2.3400000000000001E-002  0.43459999999999999       0.53920000000000001     
   202.00000000000000        7.7086540142378007E-002   0.0000000000000000        4.0000000000000001E-003   2.1999999999999999E-002  0.43640000000000001       0.53759999999999997     
   203.00000000000000        9.0989143962819971E-002   0.0000000000000000        4.0000000000000001E-003   2.1999999999999999E-002  0.43680000000000002       0.53720000000000001     
   204.00000000000000       0.10590360521930303        0.0000000000000000        2.2000000000000001E-003   2.3800000000000002E-002  0.43719999999999998       0.53680000000000005     
   205.00000000000000       0.12166622385203560        0.0000000000000000        2.2000000000000001E-003   2.3800000000000002E-002  0.43700000000000000       0.53700000000000003     
   206.00000000000000       0.13801989923438035        0.0000000000000000        2.2000000000000001E-003   2.3800000000000002E-002  0.43640000000000001       0.53759999999999997     
   207.00000000000000       0.15444852160690728        0.0000000000000000        2.2000000000000001E-003   2.3800000000000002E-002  0.43480000000000002       0.53920000000000001     
   208.00000000000000       0.17110502813918754        0.0000000000000000        2.2000000000000001E-003   2.3800000000000002E-002  0.43519999999999998       0.53879999999999995     
   209.00000000000000       0.18765648240479385        0.0000000000000000        2.2000000000000001E-003   2.3599999999999999E-002  0.43340000000000001       0.54079999999999995     
   210.00000000000000       0.20385959297004858        0.0000000000000000        2.2000000000000001E-003   2.3599999999999999E-002  0.43340000000000001       0.54079999999999995     
   211.00000000000000       0.21999939940274388        0.0000000000000000        2.2000000000000001E-003   2.3599999999999999E-002  0.43159999999999998       0.54259999999999997     
   212.00000000000000       0.23574699976787714        0.0000000000000000        2.2000000000000001E-003   2.3599999999999999E-002  0.43159999999999998       0.54259999999999997     
   213.00000000000000       0.25126288113672746        0.0000000000000000        2.2000000000000001E-003   2.3599999999999999E-002  0.43159999999999998       0.54259999999999997     
   214.00000000000000       0.26657806677314155        0.0000000000000000        2.2000000000000001E-003   2.3599999999999999E-002  0.42999999999999999       0.54420000000000002     
   215.00000000000000       0.28154172183517018        2.0000000000000001E-004   2.0000000000000000E-003   2.2800000000000001E-002  0.43080000000000002       0.54420000000000002     
   216.00000000000000       0.29736018805019815        2.0000000000000001E-004   2.0000000000000000E-003   2.2800000000000001E-002  0.43080000000000002       0.54420000000000002     
